0.489043015826, 0.0, 0.0, 0.0137817277317, 0.239421096295, 0.0560088507141, 0.175199928198, 0.487690706526, 0.278775953415, 0.0, 0.675558957008, 0.931232335812, 0.465677660185, 0.594796521354, 0.49016804193, 0.497047212992, 0.0, 0.557216173097, 0.285269623597, 0.101047820882, 1.0, 0.0, 1.0, 0.369115676756, 0.489043015826, 0.0, 0.0, 0.0137817277317, 28.4557745948
0.0, 0.0, 0.0, 0.0, 0.0, 0.0, 0.0204721233221, 0.0735693517919, 0.412908315153, 0.176401607459, 0.054149565871, 0.094174351404, 0.0, 0.163094510555, 0.0, 0.453203723246, 0.455418286633, 0.556898605702, 0.68078064456, 0.0290980575216, 0.106949690023, 0.0, 0.452428737025, 0.12788177716, 0.0, 0.0, 0.0, 0.0, 18.6792160317
0.525947221245, 0.0, 0.0, 0.0, 0.0, 0.333516483462, 0.0, 0.810996771601, 0.0, 0.0724114912504, 0.263222661099, 1.0, 0.160517475544, 0.308592924454, 0.258547852783, 0.37167407109, 0.510545385627, 0.558877748281, 0.084307315296, 0.0844543900957, 0.442248323616, 1.0, 0.027015063091, 0.423633356605, 0.525947221245, 0.0, 0.0, 0.0, 25.0958557781
0.0, 0.0, 0.0, 0.104909530946, 0.0456401512707, 0.0, 0.0, 0.0, 0.0, 0.0, 0.629437195443, 0.0, 0.0, 0.0, 0.930742465765, 0.744558286987, 0.316682217645, 0.25991310512, 0.0, 0.335370914394, 0.0, 0.379595809952, 0.0, 0.817327235377, 0.0, 0.0, 0.0, 0.104909530946, 20.0036875843
0.0281381362261, 0.0, 0.135042485548, 0.0, 0.0933827693869, 0.0301059564978, 0.0, 0.0, 0.0773457045981, 0.0, 0.0, 0.0, 0.0, 0.358602949778, 0.281013651856, 0.0, 0.398789889227, 0.028079269478, 0.702658938925, 0.0, 0.564610071891, 0.701317484642, 0.0, 0.125964303958, 0.0281381362261, 0.0, 0.135042485548, 0.0, 17.5229519778
0.0, 0.0, 0.0, 0.0, 0.19359612046, 0.266171978743, 0.0728320381157, 0.017011271547, 0.0, 0.031699752194, 0.465901842977, 0.0, 0.852052990089, 0.186373452256, 0.737009611683, 0.999720682945, 0.777057967867, 0.0, 0.0, 0.497273620182, 0.352635251868, 0.0, 0.301025847637, 0.0, 0.0, 0.0, 0.0, 0.0, 22.9383154643
0.182012805695, 0.0, 0.0, 0.0, 1.0, 0.776314852161, 0.0, 0.0486379110541, 0.0, 0.145371421209, 0.369699190053, 1.0, 0.0533645562053, 0.254931413824, 0.10687940905, 0.381313139271, 0.882695834282, 1.0, 0.0, 0.0, 0.0, 0.0, 0.476835965046, 0.158423343657, 0.182012805695, 0.0, 0.0, 0.0, 24.9055506215
0.0, 0.0213390709666, 0.233434571725, 0.0, 0.72985914152, 0.0872791935762, 0.0, 0.0, 0.340347443064, 0.0, 0.0, 0.0, 0.0, 0.596796798398, 0.960655818338, 0.587090042479, 0.663512162918, 0.430602685843, 0.940645016623, 0.353357027902, 0.0, 0.0109974626585, 0.694657324324, 0.0, 0.0, 0.0213390709666, 0.233434571725, 0.0, 24.309286647
0.156472453035, 0.445197997666, 0.188873183861, 0.0, 0.509968850793, 0.21177401447, 0.134180523159, 0.0, 0.544280307528, 0.39446515016, 0.159417235914, 1.0, 0.64843824221, 0.0990867845847, 0.0, 0.927296045875, 0.0, 0.0, 0.0, 0.0, 0.703170406136, 0.672157710919, 0.248979120215, 0.0211444583862, 0.156472453035, 0.445197997666, 0.188873183861, 0.0, 23.9835334838
0.0, 0.103207568244, 0.0, 0.104909530946, 0.0, 0.971749860818, 0.0, 1.0, 0.633024506632, 0.236286629937, 0.0, 0.032040874748, 0.0, 0.0, 0.713093018547, 0.657117460377, 0.895275889409, 0.0, 0.0, 0.377036927387, 0.314182178035, 0.379595809952, 0.0, 0.0, 0.0, 0.103207568244, 0.0, 0.104909530946, 23.9029777088
0.493885572627, 0.195209503383, 0.0, 0.0, 0.403001805232, 0.270406558324, 0.619805771304, 0.176411536319, 0.21604878446, 0.0724114912504, 0.317947772038, 0.369717103645, 0.0, 0.95613024063, 0.537368450531, 0.946701676684, 0.615617564644, 0.60635357966, 0.265108307918, 0.604808407322, 0.0, 0.0, 0.112031621333, 0.304070501643, 0.493885572627, 0.195209503383, 0.0, 0.0, 26.5614668404
0.0, 0.030295006776, 0.0266131926726, 0.0, 0.141631022275, 0.361266825296, 0.0, 0.967504530239, 1.0, 0.0, 1.0, 0.0, 0.0, 0.0, 1.0, 0.0, 0.518972965983, 0.595187045619, 0.0, 0.838581442776, 0.0, 0.0, 0.222938384537, 1.0, 0.0, 0.030295006776, 0.0266131926726, 0.0, 27.189400159
0.0, 0.291411345009, 0.0, 0.0, 0.0, 0.0506778456368, 0.559576077501, 0.0, 0.288626567574, 0.343196579587, 0.737454940282, 0.82590797475, 0.0, 0.211205541848, 0.255790565774, 0.0623947615442, 0.378651265712, 0.182553209361, 0.0, 0.0103747120898, 0.666238499551, 0.0, 0.422807181137, 0.0, 0.0, 0.291411345009, 0.0, 0.0, 21.1744606602
0.0, 0.0, 0.0, 0.166290894242, 0.227349968056, 0.0, 0.997539670334, 0.0425069976131, 0.0, 0.0, 0.478376104038, 0.224049333193, 0.0, 0.316040731718, 1.0, 0.744443338863, 0.717309642815, 0.132509372189, 0.166530621499, 0.00509026296146, 1.0, 0.0, 1.0, 0.12788177716, 0.0, 0.0, 0.0, 0.166290894242, 26.0902764045
0.0458912594596, 0.0, 0.0, 0.0, 0.0, 0.837822497195, 0.212083269098, 0.0, 0.384555435016, 0.942082723757, 0.115788053473, 0.0222729815703, 0.995181562707, 0.246845965618, 1.0, 0.528267571765, 0.170677675487, 0.167343440333, 0.75, 0.0, 0.0, 0.0630703452158, 0.223800575127, 1.0, 0.0458912594596, 0.0, 0.0, 0.0, 27.221607636
0.0, 0.0, 0.0199598945044, 0.107255497636, 0.0592166735635, 0.0, 0.199777754818, 0.0, 0.0, 0.0503280764384, 1.0, 0.348320447982, 0.0, 1.0, 0.0, 0.0, 1.0, 0.595187045619, 0.356110350154, 0.181175034149, 0.136075239222, 0.0, 0.501997469635, 0.0632551996896, 0.0, 0.0, 0.0199598945044, 0.107255497636, 22.3182798124
0.0680885805183, 0.0, 0.144328052103, 0.0, 0.0, 0.00202549331525, 1.0, 0.0, 0.553008491526, 0.629458130943, 0.277539834534, 0.0, 0.0190296201693, 0.163094510555, 0.649081585602, 0.309448920351, 0.854127912217, 1.0, 0.106874811612, 0.402818047233, 0.388500034826, 0.0, 0.0, 0.452626051315, 0.0680885805183, 0.0, 0.144328052103, 0.0, 25.243401081
0.0, 0.0, 0.122940120863, 0.041610418231, 0.0, 0.297316332538, 1.0, 1.0, 0.22263793753, 0.632551419697, 0.908593011069, 0.0, 0.0, 0.0, 0.0, 0.759011986814, 1.0, 0.131204477069, 0.256153400723, 0.265212811668, 0.0, 0.455432187238, 0.633027814678, 0.75, 0.0, 0.0, 0.122940120863, 0.041610418231, 28.6394191319
0.0, 0.0, 0.0, 0.0, 0.0, 0.621773028907, 0.0, 0.0, 0.0, 0.0, 0.110258338425, 1.0, 0.0, 0.0295062237998, 0.0, 0.510599304215, 0.555795950294, 0.468210328244, 0.479418946132, 0.223235533227, 0.218450487162, 0.0, 0.58576244492, 0.159417139949, 0.0, 0.0, 0.0, 0.0, 21.1654623819
0.0, 0.277335899287, 0.0, 0.17438360853, 1.0, 0.576772565036, 0.0, 0.308865490108, 0.0, 0.0402248472802, 0.481291688187, 0.465327777218, 0.0377511060899, 0.247895935463, 1.0, 0.0, 0.0, 0.137630514872, 0.85230034868, 0.00181698067704, 0.0, 0.0425203072817, 0.929500848928, 0.0, 0.0, 0.277335899287, 0.0, 0.17438360853, 23.638261216
0.0, 0.0611101917131, 0.0, 0.139879374595, 0.633256608855, 0.237065589427, 0.178907364213, 0.0, 0.0423713682222, 0.617142566561, 0.90503384642, 0.870117125278, 0.0, 0.049037243769, 0.0, 1.0, 0.0, 0.295377079158, 0.494212848109, 0.0, 0.281460045633, 0.530054043049, 0.0118042283829, 0.0, 0.0, 0.0611101917131, 0.0, 0.139879374595, 23.7623116306
0.0, 0.0, 0.0, 0.0, 0.794105083895, 0.127678532756, 0.356179631984, 0.0, 0.499072080992, 0.0, 0.357651312374, 0.493956971387, 0.0, 0.0, 0.150805114334, 0.0, 0.471514210342, 0.0, 0.317076677356, 0.613975904973, 0.626644591201, 0.0, 0.0483434284564, 0.0, 0.0, 0.0, 0.0, 0.0, 20.9282579651
0.0, 0.0794429391167, 0.0, 0.238885432616, 0.0, 0.0738464180053, 0.365938295189, 1.0, 0.829232156225, 0.0, 0.70722160925, 0.266785873404, 0.0735378337445, 0.0, 0.831970908939, 0.49418034116, 0.129605411576, 0.0, 0.404714965681, 0.272366995711, 0.18065191091, 0.0, 0.00867241553709, 0.574248032771, 0.0, 0.0794429391167, 0.0, 0.238885432616, 23.8793097826
0.10059244581, 0.195531192847, 0.0, 0.0, 0.0, 0.0, 0.858152993887, 0.604382973658, 0.756744602117, 0.0, 0.0, 0.0, 0.284120801993, 0.929271742904, 0.0, 0.89897374663, 0.980327990852, 0.944205805208, 0.205950796163, 0.086740523134, 0.0, 0.52769742594, 0.897120481525, 0.00742295932622, 0.10059244581, 0.195531192847, 0.0, 0.0, 27.8427670495
0.0, 0.0766324553926, 0.188873183861, 0.0, 0.390608537572, 0.0, 0.361154667513, 0.318615426509, 0.14802175444, 0.0, 0.249774091684, 0.271588632298, 0.0, 0.0276658010799, 0.194238360331, 0.0, 0.392228907412, 0.0, 0.229937997936, 0.0206640654718, 0.261288062683, 0.781872013323, 0.579940779429, 0.0211444583862, 0.0, 0.0766324553926, 0.188873183861, 0.0, 19.4840494144
0.0, 0.0, 0.243441391112, 0.0, 1.0, 0.0, 0.0, 1.0, 0.0, 0.0, 0.746882507901, 0.661615346115, 0.276573569108, 0.0908597283397, 0.337247502415, 0.488208942375, 0.743236836862, 0.0759152573129, 0.582162646294, 0.381401303766, 1.0, 0.0, 0.804268188363, 0.446755434018, 0.0, 0.0, 0.243441391112, 0.0, 29.3391454701
0.0669679571318, 0.575458463139, 0.0, 0.0, 0.159147084296, 0.0, 0.615821778914, 0.384419241936, 0.377909514126, 1.0, 0.41406024282, 0.593039752199, 0.229476219127, 0.98458966931, 0.171471525843, 0.559546706884, 0.139807597559, 0.148099343628, 0.230444468571, 0.29390366269, 0.36755557071, 0.428299971606, 0.0, 0.0, 0.0669679571318, 0.575458463139, 0.0, 0.0, 25.9226017507
0.0, 0.0771008779676, 0.150503437995, 0.0, 0.200907135141, 0.673487931514, 0.0, 0.0, 0.0, 0.236286629937, 0.0, 0.473797380791, 0.433668609593, 0.0, 0.133465624565, 0.253744030275, 1.0, 0.00221543357908, 0.497673457295, 0.0, 1.0, 0.515156319157, 0.0, 0.0, 0.0, 0.0771008779676, 0.150503437995, 0.0, 22.1241128894
0.0532788413012, 0.0213390709666, 0.141654887896, 0.104909530946, 1.0, 0.497516470903, 0.285145671522, 0.0826547545529, 0.167276365901, 1.0, 0.729895535688, 0.0723507898203, 0.0, 0.0, 0.372179551035, 0.576411272006, 0.740930756614, 0.0, 0.0, 0.0, 0.564547366608, 0.133714093141, 0.118029957747, 0.605132702934, 0.0532788413012, 0.0213390709666, 0.141654887896, 0.104909530946, 25.5190899652
0.0, 0.0144527056183, 0.0, 0.0, 0.0, 0.0, 0.74678523071, 0.0226816953961, 0.161512332042, 0.0, 0.368792181383, 0.0724518986854, 0.68834561563, 0.308592924454, 0.590838497365, 0.0, 0.479665580294, 0.0, 0.084307315296, 1.0, 0.0, 0.675427509807, 0.0, 0.423633356605, 0.0, 0.0144527056183, 0.0, 0.0, 22.6490237121
0.0, 0.0, 0.0, 0.0869391295025, 0.218325942584, 0.430619804517, 0.0183382660819, 0.159627763891, 0.0161402111885, 0.882586068066, 0.0, 0.971487064497, 0.118123178729, 0.234757204891, 0.639894725378, 0.0, 0.478857497902, 0.51275543251, 0.0, 0.226402173197, 0.169804868025, 0.97979459654, 0.94537619764, 1.0, 0.0, 0.0, 0.0, 0.0869391295025, 27.9759694201
0.0, 0.0, 0.0, 0.0, 0.499979432312, 0.712978779302, 0.745223678894, 0.0, 0.397445345796, 0.0, 0.32300880512, 0.024030656061, 0.273008395262, 0.0, 0.0, 0.537831240137, 0.652628838644, 0.0, 0.603511248498, 0.0, 0.241277569986, 0.498548303599, 0.0, 0.0, 0.0, 0.0, 0.0, 0.0, 22.3963126606
0.0, 0.0485892662584, 0.0, 0.0, 0.0, 0.0, 0.319595221215, 0.652960872478, 0.337752915363, 0.475327685886, 0.709500640674, 0.0, 0.0, 0.158833573337, 0.0131595739153, 0.421083005728, 0.0, 0.407575576505, 0.154195658975, 1.0, 0.229847529093, 0.0497465870639, 0.7412407938, 0.553498973404, 0.0, 0.0485892662584, 0.0, 0.0, 23.9921648522
0.0281381362261, 0.0, 0.0, 0.0, 0.168786820646, 0.359101023284, 0.220712949319, 0.0, 0.82289861408, 0.0, 0.0, 0.318263316494, 0.0, 0.545163877573, 0.0, 0.346076608835, 0.442589856473, 0.0, 0.701924857717, 1.0, 0.482061477985, 0.0, 0.0, 0.0, 0.0281381362261, 0.0, 0.0, 0.0, 22.1610974014
0.0975241753692, 0.0787364232739, 0.0, 0.0649004204779, 0.0, 0.260271415883, 0.562997064547, 0.571884211041, 0.407113918653, 1.0, 0.0, 1.0, 0.0, 0.0727474544781, 0.0, 0.90816091963, 0.0793191222717, 0.820116812801, 0.0, 0.167426649921, 0.941390793524, 0.414105808313, 0.474716970732, 0.119562854962, 0.0975241753692, 0.0787364232739, 0.0, 0.0649004204779, 27.4676274016
0.0, 0.165004514252, 0.0, 0.0786821482096, 0.0491052561544, 0.492331323159, 0.0670483943894, 0.176749986415, 0.443717289521, 0.0340494627915, 0.823051254873, 0.589487448448, 0.392843661567, 0.434571691907, 0.044214872789, 0.44378170916, 0.136952801292, 0.87955979558, 0.0, 1.0, 0.0, 0.0535731167926, 0.0322643597369, 0.0, 0.0, 0.165004514252, 0.0, 0.0786821482096, 23.6280395591
0.263766897249, 0.159534925007, 0.0, 0.241456628292, 0.73517495368, 0.215265915524, 0.617788141809, 0.0, 0.360809758241, 0.16411542987, 0.0, 0.0, 0.268007921735, 0.189548422131, 0.0, 0.395973743889, 1.0, 0.606163894457, 0.0, 0.0, 0.0633398563884, 0.0352148006798, 0.42391176893, 0.532760672438, 0.263766897249, 0.159534925007, 0.0, 0.241456628292, 22.4188532017
0.0, 0.33389849825, 0.0409619958254, 0.260232943558, 0.633398923921, 0.356078130791, 0.696844659141, 0.306926179121, 0.0586496106628, 0.0, 0.34283423076, 0.355516055089, 0.372390010843, 0.0, 0.710082056445, 0.0, 0.279347780043, 0.065773663027, 0.0, 0.0, 0.148667729518, 0.0707839806133, 0.661221553739, 0.267097124735, 0.0, 0.33389849825, 0.0409619958254, 0.260232943558, 21.8470194745
0.0, 0.00451354682245, 0.137888354435, 0.0, 0.0973089917592, 0.0, 1.0, 0.490818288097, 0.0, 0.0, 0.66037888813, 0.0, 0.335793778366, 1.0, 0.0, 0.0, 0.559304486535, 0.0, 0.473556356712, 0.491464928312, 0.388453891511, 1.0, 0.345382330698, 1.0, 0.0, 0.00451354682245, 0.137888354435, 0.0, 27.5902181113
0.0, 0.0, 0.030721496869, 0.0649004204779, 1.0, 1.0, 0.287602280395, 0.0670399817079, 0.696687225578, 0.0, 0.581936227033, 0.408948073244, 0.226432915172, 1.0, 0.0, 0.289882430144, 0.209510835032, 0.328356153726, 0.518997464672, 0.0, 0.126529344616, 0.629363531032, 0.632955960976, 0.332113249131, 0.0, 0.0, 0.030721496869, 0.0649004204779, 28.7274414577
0.0, 0.395161426922, 0.0, 0.123253946922, 0.489873766485, 0.330429026429, 0.0, 0.0, 0.326741796152, 0.0, 0.0, 0.967249387167, 0.0, 0.396577689069, 0.0, 0.944787049919, 0.609229521941, 1.0, 0.430766919256, 0.0, 0.197332456793, 0.0, 0.721372221857, 0.230092357883, 0.0, 0.395161426922, 0.0, 0.123253946922, 24.8734681803
0.0754443343572, 0.00712675757176, 0.0, 0.0, 0.763120581153, 0.0, 0.580791860499, 0.0, 0.0, 0.588626654061, 0.0, 0.185689925543, 0.0, 0.475819407467, 0.75, 0.681402027107, 0.974952939253, 0.566152541301, 0.0, 0.858246572414, 0.0, 0.0, 0.114963926281, 0.855458268005, 0.0754443343572, 0.00712675757176, 0.0, 0.0, 26.6134649587
0.0, 0.0, 0.0775621993695, 0.0, 0.0, 0.0213050767639, 0.0, 0.0, 0.359096857798, 0.384789717053, 0.0, 0.0, 0.0, 0.521482468604, 0.221008693355, 0.422998960332, 0.013079121198, 0.0, 0.0, 0.580369790077, 0.387482772661, 0.112800673772, 1.0, 0.423633356605, 0.0, 0.0, 0.0775621993695, 0.0, 19.9882009128
0.0, 0.0, 0.0, 0.315965028341, 0.0, 0.683251600106, 0.51064014853, 0.329444951011, 0.0113523667176, 0.0, 0.0, 0.435281280969, 0.251518349727, 0.0, 0.368384212057, 0.528101261132, 0.189224560412, 0.262705284785, 0.8290740809, 0.0, 0.178102831783, 0.232596537894, 0.182621435699, 0.417566713123, 0.0, 0.0, 0.0, 0.315965028341, 22.1105561178
0.0, 0.00730123943516, 0.231163481775, 0.0, 0.910888524897, 0.0, 0.150288395693, 0.0, 0.0, 0.0, 0.275816812672, 0.869430981063, 0.414361876205, 0.0, 0.0, 0.0, 0.15617552972, 0.913911864743, 0.79418136156, 0.810342806105, 0.931783390861, 0.0, 0.487770198048, 0.0, 0.0, 0.00730123943516, 0.231163481775, 0.0, 25.0289676866
0.0515281410394, 0.0, 0.0, 0.0, 0.405128659095, 0.0, 1.0, 0.75, 0.601763522799, 0.205257361855, 0.670204829621, 0.0, 0.0551533753084, 0.0675064724847, 0.0, 0.19172182568, 0.762397360723, 0.0, 0.232360662813, 0.0, 0.0382808730323, 0.162473954165, 0.0, 0.0, 0.0515281410394, 0.0, 0.0, 0.0, 21.5576691316
0.0572371677592, 0.291411345009, 0.0, 0.0, 0.0, 0.212472827154, 0.0, 0.391118129998, 0.216393292937, 0.269649556194, 0.51064501406, 0.706783699473, 0.0225090229993, 0.25722577881, 0.268535345004, 0.272703019229, 0.879094653068, 0.036827686563, 0.366945572085, 0.0, 0.88663538637, 0.0, 0.0, 0.866225541956, 0.0572371677592, 0.291411345009, 0.0, 0.0, 23.7810658836
0.0, 0.0765352528682, 0.0, 0.108282773901, 0.687881817188, 0.201851999093, 1.0, 1.0, 0.253314686522, 0.743891276393, 0.454277945721, 0.608014486114, 0.0, 0.0350780700684, 1.0, 0.352180994872, 0.146507780876, 0.0, 0.169147197892, 0.822473246475, 1.0, 0.0, 0.263746195268, 0.252833699212, 0.0, 0.0765352528682, 0.0, 0.108282773901, 30.1595632015
0.0, 0.0, 0.0, 0.106397050675, 0.0976529125118, 0.0, 0.0, 0.740339721432, 0.0, 0.0980626978576, 0.230779139386, 0.594113648005, 0.363002563285, 0.479496464454, 0.487050130944, 0.247690250885, 0.421910913286, 0.457005981849, 0.0, 0.345358074126, 0.432501097019, 0.0, 0.20224313307, 0.154661747001, 0.0, 0.0, 0.0, 0.106397050675, 22.0089714768
0.0, 0.145659888439, 0.0, 0.0488149720732, 0.150680351355, 0.280985599889, 0.212083269098, 0.956024862297, 0.435854150863, 0.0, 0.460131455887, 1.0, 0.0, 0.163094510555, 0.0, 0.0, 0.0, 0.558560180886, 0.542322291135, 0.471142703869, 0.0, 0.0640287822134, 0.538454764707, 0.104413353208, 0.0, 0.145659888439, 0.0, 0.0488149720732, 23.2971187673
0.00241056278219, 0.0, 0.0, 0.0, 0.262249293113, 0.303477754517, 0.0, 0.598026595811, 0.37170127122, 0.0, 1.0, 0.592381595948, 0.0, 0.381604795867, 0.442292543427, 0.534300230735, 0.299330509888, 0.0, 0.0, 0.350976664047, 0.312419056335, 0.195351468507, 1.0, 0.0, 0.00241056278219, 0.0, 0.0, 0.0, 24.9487957177
0.0, 0.0, 0.0, 0.138689785439, 0.428635204799, 1.0, 0.313374951947, 0.340937714545, 0.773141285051, 0.844840010737, 0.788805368916, 0.0, 0.313662366345, 0.0, 0.913782916254, 0.936944917786, 0.0, 0.0, 0.259360880672, 0.840520897585, 0.370764089087, 0.334281713382, 0.568878095415, 0.0703214807484, 0.0, 0.0, 0.0, 0.138689785439, 30.4119371923
0.0, 0.0, 0.0, 0.127884802528, 0.585731267448, 0.387947981319, 0.0, 0.405238913033, 0.0, 0.0, 1.0, 0.0724518986854, 0.551555229281, 0.0, 0.0, 0.0, 0.265132805976, 0.38724785226, 0.136356136885, 0.404645359267, 0.169804868025, 0.97979459654, 0.398092008273, 0.316327744578, 0.0, 0.0, 0.0, 0.127884802528, 23.5919919688
0.110394211679, 0.0, 0.0266131926726, 0.192502709157, 0.10733476218, 0.0258931071383, 0.0, 0.0, 0.620290301954, 0.841600764075, 0.190524050477, 0.0, 0.0, 0.0, 0.0, 0.267353514083, 0.670587438315, 0.0919836042997, 1.0, 0.761806987064, 0.0, 0.954546487687, 0.114348249103, 0.0, 0.110394211679, 0.0, 0.0266131926726, 0.192502709157, 22.5983445066
0.0, 0.0, 0.0, 0.120133436742, 0.191760558221, 0.0, 0.12140312035, 0.605329366192, 0.0466635959247, 0.0, 0.47289616075, 0.297219070649, 0.487710122759, 0.0, 0.495031187358, 0.0, 0.430286770924, 0.240177891378, 0.0, 0.12757535116, 0.930117309686, 0.426474710109, 0.656055570199, 0.237245808433, 0.0, 0.0, 0.0, 0.120133436742, 22.9338339296
0.0, 0.239584344474, 0.0, 0.0, 0.0595749502386, 0.564374930631, 0.619805771304, 0.205612158774, 0.0, 0.0, 0.889124548101, 0.159013957747, 0.0, 0.196025578988, 0.316067446709, 0.534300230735, 0.43927035453, 1.0, 1.0, 0.0, 0.738340669187, 0.0040133416084, 0.0, 0.807793363989, 0.0, 0.239584344474, 0.0, 0.0, 26.866371969
0.00786189402081, 0.227331999315, 0.0, 0.0, 0.0466927478477, 0.380786741207, 0.530282792179, 0.737908459874, 0.348861718103, 0.0, 0.0, 0.0, 0.0, 0.0721416430421, 0.360671291106, 0.157728139999, 0.616147874801, 0.0919836042997, 0.0961234907317, 0.0, 0.868433040594, 0.302798699841, 0.612027159561, 0.0, 0.00786189402081, 0.227331999315, 0.0, 0.0, 21.6803360523
0.0, 0.0, 0.0, 0.0, 0.271336738166, 0.160525013715, 1.0, 0.0, 1.0, 0.0, 0.0184943051815, 1.0, 0.0, 0.649454388514, 0.164327848332, 0.0, 0.0322960844916, 0.0, 0.45973691247, 0.105027877823, 0.863152997509, 0.573525289891, 1.0, 0.482027086109, 0.0, 0.0, 0.0, 0.0, 27.50478522
0.156472453035, 0.0, 0.0, 0.0, 0.0, 0.0656618117172, 0.0, 0.228663188068, 0.0236663546288, 0.15724718501, 0.8579530029, 1.0, 0.0, 0.0, 0.0, 0.741294659651, 0.0, 0.272967826446, 0.274550584259, 0.0, 0.45659463032, 0.5909218527, 0.802142149192, 0.0, 0.156472453035, 0.0, 0.0, 0.0, 22.2585930422
0.0, 0.0, 0.0, 0.56739822304, 0.0, 0.715124532722, 0.51612293081, 0.0, 0.231918163316, 0.0, 0.0, 0.148499929932, 0.0, 0.0, 0.592355605751, 0.0, 0.198550126854, 0.511595065031, 0.0, 0.817412802706, 0.120266314921, 0.0, 0.0, 0.0, 0.0, 0.0, 0.0, 0.56739822304, 18.6505960246
0.0, 0.0, 0.0421137699852, 0.0, 0.0, 0.0, 0.0, 0.540398375895, 0.183008279103, 0.632764006589, 0.0, 0.530458265253, 0.664237089479, 0.00956177835557, 0.0, 0.751998151702, 0.0621617280655, 1.0, 0.0, 0.250760480575, 0.0, 0.568632946812, 0.0, 0.280320878542, 0.0, 0.0, 0.0421137699852, 0.0, 22.3073305051
0.0, 0.134872172876, 0.0, 0.0, 0.316665810518, 0.0, 0.0, 0.0, 0.0, 0.365544439035, 0.0, 0.147838919977, 0.560753008564, 0.238824244955, 0.0, 0.0, 0.0527284393704, 0.71861576543, 0.0, 0.569655223202, 0.432104516198, 0.426474710109, 0.775351119817, 0.0, 0.0, 0.134872172876, 0.0, 0.0, 20.3190602507
0.0614376551418, 0.0, 0.0, 0.0, 0.113010263517, 0.726037785576, 0.554126280973, 1.0, 0.0, 0.0, 0.1440816914, 0.100717621605, 0.0, 0.334236630301, 0.0726994649444, 0.0, 0.443520116723, 0.400369178998, 1.0, 0.693727942292, 0.216526538154, 0.0710209980976, 0.313826412208, 0.115996310251, 0.0614376551418, 0.0, 0.0, 0.0, 24.1576419291
0.076316223679, 0.0, 0.0, 0.0, 0.903398986548, 0.680691111428, 0.0455099746865, 0.572807984561, 0.100246517436, 0.564687228542, 1.0, 0.151658596365, 0.0, 0.095241735376, 0.0, 0.198632353747, 0.212017767889, 0.00756144941584, 0.0845137838264, 0.0719681684407, 0.46483835448, 0.115171195254, 0.081784141849, 0.0, 0.076316223679, 0.0, 0.0, 0.0, 22.0180104811
0.0, 0.197902432413, 0.0821560816269, 0.0, 0.675631158415, 0.411702408485, 0.216474550829, 0.424941550265, 0.903840423097, 0.177214972453, 0.0, 0.0887109942767, 0.0, 0.237030548788, 0.0, 0.0, 0.775522200499, 1.0, 0.43067789707, 1.0, 0.0, 1.0, 0.0, 0.0, 0.0, 0.197902432413, 0.0821560816269, 0.0, 26.4165808126
0.0211036021695, 0.0, 0.0863119432824, 0.0, 0.237499357889, 0.0550984717331, 0.0, 0.0, 0.503997249307, 0.787211530506, 0.0, 0.369717103645, 0.0, 0.0, 0.242651711851, 0.0, 0.456185239209, 0.0, 0.0961234907317, 0.101047820882, 0.202010214652, 0.152350421144, 0.134124758237, 0.417177487552, 0.0211036021695, 0.0, 0.0863119432824, 0.0, 18.4241527897
0.0, 0.00338516011683, 0.0, 0.0431865589513, 0.352017771287, 0.275380847238, 0.554126280973, 1.0, 0.387463007824, 0.068994970303, 1.0, 0.379693141719, 0.0, 0.192878500325, 0.715578882037, 0.699648570915, 0.235033035531, 0.0, 0.0239965717388, 0.0, 0.415620352699, 0.70707707385, 0.0, 0.0597586576579, 0.0, 0.00338516011683, 0.0, 0.0431865589513, 25.889197158
0.0, 0.00688685012153, 0.0, 0.176556207814, 0.219263590789, 0.0, 0.178904294781, 0.358945232729, 0.0, 0.584769133343, 0.849513929841, 0.499995221037, 1.0, 0.0, 0.0, 0.131837997735, 0.890119164343, 0.254051110927, 0.0, 0.435277342557, 1.0, 0.143732978855, 0.226102122479, 0.465027009625, 0.0, 0.00688685012153, 0.0, 0.176556207814, 26.2150935403
0.10026041564, 0.0, 0.125007627851, 0.0, 0.0, 0.298840464996, 0.0, 0.0705724389226, 0.454217174093, 0.0, 0.481363690081, 0.304046060471, 0.232662668292, 0.0, 0.469543441962, 0.500784402009, 0.666846962721, 0.0, 0.0, 0.167426649921, 0.742912663902, 0.488745218648, 0.0, 0.0312912319361, 0.10026041564, 0.0, 0.125007627851, 0.0, 20.9780433996
0.0, 0.0, 0.0, 0.0, 0.265715985492, 0.0, 0.676392827923, 0.793027730234, 0.0, 0.316301526226, 0.529491050272, 0.0, 0.724424145545, 0.833686979862, 0.342778420911, 0.514135746154, 0.194208808894, 0.807944755503, 1.0, 0.0, 0.232969696321, 0.0694305100763, 0.0178278016068, 0.598025385128, 0.0, 0.0, 0.0, 0.0, 27.8118130828
0.0, 0.0, 0.0230411226518, 0.155072366033, 0.829487523958, 0.576772565036, 0.0, 0.40216200275, 0.405321038684, 0.0, 0.357060640185, 0.771976710461, 0.532827249664, 0.481126170758, 0.216546662614, 0.196701676684, 0.133051097892, 0.300987149856, 0.403035940313, 0.0, 0.53054541589, 0.0, 0.217939734131, 0.403746683849, 0.0, 0.0, 0.0230411226518, 0.155072366033, 25.1455259536
0.330611833608, 0.348414889473, 0.0, 0.0, 0.0, 0.429711377154, 0.465836635018, 0.0, 0.0473558088902, 0.0, 0.378496822705, 0.499995221037, 0.0, 0.0127490378074, 0.0, 0.211311983365, 0.668129019033, 0.254051110927, 0.0, 0.381584862771, 0.895065713622, 0.0, 0.973800575127, 1.0, 0.330611833608, 0.348414889473, 0.0, 0.0, 23.876439467
0.0, 0.0, 0.0, 0.0, 0.0, 0.496547265871, 0.0, 0.0, 0.178352096923, 0.0754150501334, 0.641802413168, 0.529964648064, 0.0, 0.0, 0.0, 0.402723324753, 0.0, 1.0, 0.0961234907317, 0.256796943346, 0.603012915934, 0.393921569487, 1.0, 0.0, 0.0, 0.0, 0.0, 0.0, 22.7679843664
0.0, 0.0, 0.243441391112, 0.0, 1.0, 0.0, 0.161870827133, 0.238920202876, 0.100246517436, 0.564687228542, 0.451025097253, 0.396292094198, 0.0718172726622, 0.0, 0.748810126613, 0.0, 0.0, 0.0, 0.0, 0.0, 0.320285427921, 0.115171195254, 0.174363387908, 0.0885628912399, 0.0, 0.0, 0.243441391112, 0.0, 19.9066740787
0.0, 0.66135403203, 0.0, 0.0, 1.0, 0.0, 0.653034625352, 0.132300344581, 0.0, 0.0, 0.663308503893, 0.924706513991, 0.0, 0.579428922543, 0.434885419528, 0.0, 0.589590145289, 0.422945261384, 0.0, 0.0287155559719, 0.913369836804, 0.0, 0.0, 0.654677317186, 0.0, 0.66135403203, 0.0, 0.0, 25.6240196422
0.0, 0.0527943767829, 0.103416265826, 0.104017339079, 0.416695329376, 0.0630884433839, 0.764009763154, 0.255703285908, 0.785957648289, 0.674383256603, 0.591604026687, 0.464427263975, 1.0, 0.0343402541703, 0.216570581774, 0.563998613776, 0.319196312317, 0.0, 0.363821330794, 0.115654030845, 0.594896000634, 0.0, 0.20224313307, 0.0, 0.0, 0.0527943767829, 0.103416265826, 0.104017339079, 26.6204586408
0.0680885805183, 0.06808806478, 0.0, 0.0545942307009, 0.880639686778, 0.867230834161, 0.0, 0.101464748102, 0.0508226834537, 0.0, 0.0912894542817, 0.18624989268, 0.0, 0.170815053092, 0.0, 0.841172343022, 0.846944682638, 0.0, 0.0192816991141, 0.0, 0.0, 0.0630703452158, 0.548720106829, 0.605132702934, 0.0680885805183, 0.06808806478, 0.0, 0.0545942307009, 21.8142760269
0.0614376551418, 0.211535560911, 0.0, 0.0, 0.0, 0.0, 0.0249011104418, 0.866173785444, 0.822395906107, 0.754169696821, 0.0, 0.0, 0.159299409348, 0.21398409194, 0.359820900045, 0.0553263182216, 1.0, 0.45843531665, 0.0, 0.49296624701, 0.0, 0.0229994114376, 0.0, 0.542283233163, 0.0614376551418, 0.211535560911, 0.0, 0.0, 22.9023560481
0.0, 0.125095545443, 0.0, 0.0, 0.0, 0.0, 0.0, 0.490824746615, 0.669096379952, 0.0, 0.521704631031, 0.0103143133601, 0.0, 0.227321471125, 0.181029737067, 0.0, 0.466166896968, 0.260158732297, 0.409342898928, 0.355956164183, 0.267930744612, 0.520695883654, 0.0, 0.0909105232357, 0.0, 0.125095545443, 0.0, 0.0, 20.023641772
0.0469849783487, 0.06808806478, 0.00696417491684, 0.0545942307009, 0.575152702261, 0.844651366787, 0.0, 0.580216710873, 0.551005065492, 0.0, 0.265244427115, 0.070630763553, 0.0, 0.0, 0.558063927423, 0.215950925274, 0.258236887951, 0.417673954276, 0.0, 0.0886924035303, 0.0, 0.957788358886, 0.45109478529, 0.00143810490105, 0.0469849783487, 0.06808806478, 0.00696417491684, 0.0545942307009, 23.0846258238
0.0, 0.0, 0.103416265826, 0.0312031199133, 0.0, 0.70574075434, 0.579760197117, 0.0, 0.563426096355, 0.571719033846, 0.397326283796, 0.0, 0.384815107952, 0.0, 0.581111253917, 0.0, 0.0, 0.0, 0.0, 0.0, 0.959654175921, 0.0, 1.0, 0.0, 0.0, 0.0, 0.103416265826, 0.0312031199133, 22.883460351
0.0, 0.0, 0.0, 0.0, 0.549679539491, 0.25, 0.13521397288, 0.145019285326, 0.0, 0.631200573056, 0.193275046711, 0.0, 0.364011193682, 0.0, 0.0, 0.0534931860999, 0.401237075356, 0.0, 1.0, 0.0, 0.328964937924, 0.556465143559, 0.0, 0.0312912319361, 0.0, 0.0, 0.0, 0.0, 20.4396651685
0.0, 0.391109346078, 0.0, 0.0, 0.0968922946054, 0.0374366053706, 0.124283335626, 0.542496337413, 0.786219592526, 0.0, 0.0, 1.0, 0.1228990129, 0.268879502917, 0.250414554285, 0.115674673579, 0.0, 0.679762811496, 0.480573662954, 0.352640613106, 0.724596188611, 0.0, 0.243994519853, 0.0, 0.0, 0.391109346078, 0.0, 0.0, 23.0774898166
0.0, 0.0840377401077, 0.0, 0.0, 0.0, 0.467261098143, 0.0629762871555, 0.361724930411, 0.0, 0.0, 0.0, 0.759601506507, 1.0, 0.57771368608, 0.519571154017, 0.0, 0.0, 0.0, 0.205140087309, 0.207537263341, 0.966128251481, 0.144690904233, 0.0, 0.0, 0.0, 0.0840377401077, 0.0, 0.0, 21.8389256168
0.0, 0.0, 0.0, 0.0554805576413, 0.316833606327, 0.0714426396887, 0.203396445518, 0.542536634491, 0.0480648386405, 0.0, 0.936449891118, 0.22134936321, 0.0, 0.34296770508, 0.480140366163, 0.66996824324, 0.0, 1.0, 0.662212053401, 0.25, 0.0133541556157, 0.0, 0.317162957613, 0.619628100233, 0.0, 0.0, 0.0, 0.0554805576413, 25.0494532101
0.0, 0.0, 0.0, 0.0, 0.0, 0.263132797751, 0.474906175978, 0.0, 0.665429441323, 0.0, 0.702602240844, 0.0, 0.741647443103, 0.0, 0.250414554285, 0.356471352111, 0.0, 0.0, 0.238623239548, 0.755090262961, 0.0809913523422, 0.283457283921, 0.650220349528, 0.138068672564, 0.0, 0.0, 0.0, 0.0, 22.6023741241
0.0, 0.0, 0.0, 0.0, 0.439298450586, 0.21403335162, 0.083842333462, 0.595151722094, 0.343272968392, 0.0, 0.72935004407, 0.51147140304, 0.574183897505, 0.382629676596, 0.230095069103, 0.0416500404877, 0.208298225834, 0.155923658835, 0.0, 0.101749762468, 0.0, 1.0, 0.0, 0.654677317186, 0.0, 0.0, 0.0, 0.0, 24.0976628229
0.0, 0.0, 0.0, 0.0727923076012, 0.932485611324, 0.0, 0.0, 0.0, 0.0, 0.0, 1.0, 0.0, 0.310759501351, 0.23458966931, 0.0, 0.992591118484, 0.300927806517, 0.0, 0.136356136885, 0.470381564537, 0.293101614292, 0.161112885905, 0.525659775397, 0.0, 0.0, 0.0, 0.0, 0.0727923076012, 22.0355636565
0.0, 0.279497114905, 0.0, 0.0, 0.0464333533531, 0.0346816743654, 0.0744823717272, 0.0, 0.0, 0.161330300532, 0.212741009375, 1.0, 0.335793778366, 0.562755147692, 0.0, 0.0, 0.441530846015, 0.691983045231, 0.202186178199, 0.190806654143, 0.0782523037527, 0.346319157831, 0.307456494757, 0.0, 0.0, 0.279497114905, 0.0, 0.0, 20.4798320076
0.10026041564, 0.0, 0.0, 0.0, 0.203502553624, 0.387947981319, 0.0, 0.334868267909, 0.524989644824, 0.0, 0.361340905663, 0.553885154852, 0.0, 0.512143820441, 0.626515656475, 0.148106922272, 0.695892188984, 0.0, 0.0, 0.292048268457, 0.169804868025, 0.612470878374, 0.699117855909, 0.0, 0.10026041564, 0.0, 0.0, 0.0, 23.7436677168
0.0, 0.445197997666, 0.053057166601, 0.0114179293472, 0.0, 1.0, 0.0, 0.453997024644, 0.0, 0.0579354267529, 0.161061492542, 0.222914302987, 0.0, 0.521482468604, 0.552757208762, 0.0, 0.0, 0.102981376865, 0.274550584259, 0.0, 0.352382732099, 0.0, 0.596518108835, 0.200550419204, 0.0, 0.445197997666, 0.053057166601, 0.0114179293472, 20.0954739177
0.0, 0.0105565842918, 0.0, 0.0, 0.0, 0.0302529511056, 0.390854938129, 0.316755362632, 0.609194030866, 0.172068531685, 0.268022534021, 0.712371109408, 0.0, 0.00275779274055, 0.0, 0.324103942089, 0.145510895162, 0.262705284785, 0.26848226457, 0.349613928539, 0.0, 0.0, 0.302874363304, 0.649669156467, 0.0, 0.0105565842918, 0.0, 0.0, 20.8099370938
