0.0901491828187, 0.0810817870567, 0.00153878188299, 0.136215377643, 0.0691988416454, 0.162078621106, 0.695030814227, 0.258768226424, 0.385822199181, 0.58019421083, 0.336516704859, 7.43191299376
0.0887976005244, 0.770465680519, 0.761351375148, 0.191145064834, 0.509474071464, 0.0364103425514, 0.773920008252, 0.523816318137, 0.221012519063, 0.923774919949, 0.320958628519, 8.64351244181
0.578172485522, 0.0810817870567, 0.0304761588702, 0.191113534294, 0.676128428761, 0.0432024242888, 0.109366522932, 0.393911845396, 0.257540938737, 0.0877709638335, 0.903780654679, 6.96140262579
0.0901491828187, 0.0810817870567, 0.00153878188299, 0.136215377643, 0.0691988416454, 0.162078621106, 0.695030814227, 0.258768226424, 0.385822199181, 0.58019421083, 0.336516704859, 7.43191299376
0.0887976005244, 0.770465680519, 0.761351375148, 0.191145064834, 0.509474071464, 0.0364103425514, 0.773920008252, 0.523816318137, 0.221012519063, 0.923774919949, 0.320958628519, 8.64351244181
0.578172485522, 0.0810817870567, 0.0304761588702, 0.191113534294, 0.676128428761, 0.0432024242888, 0.109366522932, 0.393911845396, 0.257540938737, 0.0877709638335, 0.903780654679, 6.96140262579
0.0887976005244, 0.770465680519, 0.761351375148, 0.191145064834, 0.509474071464, 0.233539793975, 0.773920008252, 0.523816318137, 0.760876908588, 0.923774919949, 0.320958628519, 8.92715757573
0.0887976005244, 0.770465680519, 0.761351375148, 0.191145064834, 0.509474071464, 0.233539793975, 0.773920008252, 0.523816318137, 0.760876908588, 0.923774919949, 0.320958628519, 8.92715757573
0.578172485522, 0.0810817870567, 0.0290913921322, 0.191113534294, 0.676128428761, 0.0432024242888, 0.310132513048, 0.110463981336, 0.4463633672, 0.0877709638335, 0.903780654679, 7.04609336875
0.578172485522, 0.0810817870567, 0.0290913921322, 0.191113534294, 0.676128428761, 0.0432024242888, 0.310132513048, 0.110463981336, 0.4463633672, 0.0877709638335, 0.903780654679, 7.04609336875
0.578172485522, 0.0810817870567, 0.0290913921322, 0.191113534294, 0.269884696483, 0.0432024242888, 0.128317263785, 0.690027105434, 0.532382916301, 0.0877709638335, 0.903780654679, 7.10660483556
0.578172485522, 0.0810817870567, 0.0290913921322, 0.191113534294, 0.269884696483, 0.0432024242888, 0.128317263785, 0.690027105434, 0.532382916301, 0.0877709638335, 0.903780654679, 7.10660483556
0.0901491828187, 0.586976785337, 0.00153878188299, 0.758585983679, 0.0691988416454, 0.162078621106, 0.128676723498, 0.0932137661916, 0.385822199181, 0.58019421083, 0.336516704859, 7.68655051306
0.416394961599, 0.00480403933742, 0.155680422988, 0.758585983679, 0.732784855807, 0.125779661045, 0.00691280242727, 0.444107751543, 0.378709041505, 0.212175460711, 0.810933889984, 7.64823959315
0.0901491828187, 0.586976785337, 0.00153878188299, 0.758585983679, 0.0691988416454, 0.162078621106, 0.128676723498, 0.0932137661916, 0.385822199181, 0.58019421083, 0.336516704859, 7.68655051306
0.416394961599, 0.00480403933742, 0.155680422988, 0.758585983679, 0.732784855807, 0.125779661045, 0.00691280242727, 0.444107751543, 0.378709041505, 0.212175460711, 0.810933889984, 7.64823959315
0.102635158553, 0.40578638988, 0.312045741728, 0.297044043143, 0.0977867839089, 0.0364103425514, 0.0699330573193, 0.701417738169, 0.732947032682, 0.212175460711, 0.55813143485, 7.72043664968
0.0901491828187, 0.586976785337, 0.00153878188299, 0.758585983679, 0.0691988416454, 0.162078621106, 0.695030814227, 0.0932137661916, 0.385822199181, 0.58019421083, 0.336516704859, 8.00655789276
0.102635158553, 0.40578638988, 0.312045741728, 0.297044043143, 0.0977867839089, 0.0364103425514, 0.0699330573193, 0.701417738169, 0.732947032682, 0.212175460711, 0.55813143485, 7.72043664968
0.0901491828187, 0.586976785337, 0.00153878188299, 0.758585983679, 0.0691988416454, 0.162078621106, 0.695030814227, 0.0932137661916, 0.385822199181, 0.58019421083, 0.336516704859, 8.00655789276
0.901839787893, 0.24449360972, 0.878030199629, 0.150414428097, 0.639857921301, 0.148760187751, 0.128317263785, 0.110463981336, 0.532382916301, 0.0345899624879, 0.978609365655, 7.63823073787
0.901839787893, 0.24449360972, 0.878030199629, 0.150414428097, 0.639857921301, 0.148760187751, 0.128317263785, 0.110463981336, 0.532382916301, 0.0345899624879, 0.978609365655, 7.63823073787
0.86911047131, 0.123208404262, 0.0975632615072, 0.831984327347, 0.0134194687653, 0.623931556769, 0.190558277387, 0.0951816012796, 0.503018128289, 0.23158172956, 0.99816750389, 7.5372303022
0.901839787893, 0.24449360972, 0.878030199629, 0.150414428097, 0.639857921301, 0.148760187751, 0.128317263785, 0.110463981336, 0.532382916301, 0.0345899624879, 0.978609365655, 7.63823073787
0.901839787893, 0.24449360972, 0.878030199629, 0.150414428097, 0.639857921301, 0.148760187751, 0.128317263785, 0.110463981336, 0.532382916301, 0.0345899624879, 0.978609365655, 7.63823073787
0.86911047131, 0.123208404262, 0.0975632615072, 0.831984327347, 0.0134194687653, 0.623931556769, 0.190558277387, 0.0951816012796, 0.503018128289, 0.23158172956, 0.99816750389, 7.5372303022
0.0901491828187, 0.586976785337, 0.00153878188299, 0.385029908188, 0.0336137148096, 0.162078621106, 0.695030814227, 0.690027105434, 0.385822199181, 0.58019421083, 0.336516704859, 8.10354453072
0.0901491828187, 0.586976785337, 0.00153878188299, 0.385029908188, 0.0336137148096, 0.162078621106, 0.695030814227, 0.690027105434, 0.385822199181, 0.58019421083, 0.336516704859, 8.10354453072
0.102635158553, 0.705350024352, 0.155680422988, 0.297044043143, 0.0977867839089, 0.233539793975, 0.0699330573193, 0.526580482677, 0.760876908588, 0.212175460711, 0.55813143485, 7.83230760189
0.0544096174837, 0.371932246737, 0.0150349198011, 0.674964335512, 0.503710697298, 0.803038818157, 0.390102725355, 0.174627753828, 0.120360370538, 0.00427342018157, 0.68569545501, 7.81162973087
0.102635158553, 0.705350024352, 0.155680422988, 0.297044043143, 0.0977867839089, 0.233539793975, 0.0699330573193, 0.526580482677, 0.760876908588, 0.212175460711, 0.55813143485, 7.83230760189
0.0544096174837, 0.371932246737, 0.0150349198011, 0.674964335512, 0.503710697298, 0.803038818157, 0.390102725355, 0.174627753828, 0.120360370538, 0.00427342018157, 0.68569545501, 7.81162973087
0.18389209046, 0.123208404262, 0.392335533249, 0.243811435976, 0.0890370354876, 0.345842661328, 0.0883693498636, 0.953395159549, 0.240520871259, 0.331056498012, 0.999494843862, 7.59682261797
0.17260364012, 0.122941306838, 0.0183866071392, 0.55242841383, 0.273926702783, 0.39135561182, 0.35203295291, 0.256293628052, 0.0786377382524, 0.760873434186, 0.999999027448, 7.59626548826
0.18389209046, 0.123208404262, 0.392335533249, 0.243811435976, 0.0890370354876, 0.345842661328, 0.0883693498636, 0.953395159549, 0.240520871259, 0.331056498012, 0.999494843862, 7.59682261797
0.17260364012, 0.122941306838, 0.0183866071392, 0.55242841383, 0.273926702783, 0.39135561182, 0.35203295291, 0.256293628052, 0.0786377382524, 0.760873434186, 0.999999027448, 7.59626548826
0.0950048589734, 0.467030623599, 0.690154351382, 0.00970479214739, 0.375188539848, 0.143000673646, 0.691874292424, 0.691854661664, 0.0150310561478, 0.463906536371, 0.409278250225, 8.11072076581
0.0917637657854, 0.841706563237, 0.369391544123, 0.207243711586, 0.532809508804, 0.0667445139184, 0.242646774034, 0.460492348869, 0.765194364215, 0.514463391299, 0.357978280036, 8.33343801094
0.0714233404509, 0.499108893078, 0.798492682803, 0.248451655956, 0.421575347537, 0.117255280752, 0.930477031795, 0.38078806993, 0.321771642857, 0.852075090361, 0.35478965894, 8.58268592108
0.0950048589734, 0.467030623599, 0.690154351382, 0.00970479214739, 0.375188539848, 0.143000673646, 0.691874292424, 0.691854661664, 0.0150310561478, 0.463906536371, 0.409278250225, 8.11072076581
0.0917637657854, 0.841706563237, 0.369391544123, 0.207243711586, 0.532809508804, 0.0667445139184, 0.242646774034, 0.460492348869, 0.765194364215, 0.514463391299, 0.357978280036, 8.33343801094
0.0714233404509, 0.499108893078, 0.798492682803, 0.248451655956, 0.421575347537, 0.117255280752, 0.930477031795, 0.38078806993, 0.321771642857, 0.852075090361, 0.35478965894, 8.58268592108
0.578172485522, 0.586976785337, 0.0304761588702, 0.191113534294, 0.676128428761, 0.0432024242888, 0.310132513048, 0.690027105434, 0.257540938737, 0.0877709638335, 0.903780654679, 7.65999582884
0.578172485522, 0.586976785337, 0.0304761588702, 0.191113534294, 0.676128428761, 0.0432024242888, 0.310132513048, 0.690027105434, 0.257540938737, 0.0877709638335, 0.903780654679, 7.65999582884
0.0917637657854, 0.841706563237, 0.830349501184, 0.207243711586, 0.375188539848, 0.0667445139184, 0.242646774034, 0.460492348869, 0.765194364215, 0.463906536371, 0.357978280036, 8.44707209507
0.0941036856438, 0.766712727455, 0.32627255519, 0.0606816252731, 0.522700129495, 0.0388106416326, 0.636508273461, 0.825573579616, 0.121101350399, 0.951651049239, 0.394027386271, 8.44234684438
0.0917637657854, 0.841706563237, 0.830349501184, 0.207243711586, 0.375188539848, 0.0667445139184, 0.242646774034, 0.460492348869, 0.765194364215, 0.463906536371, 0.357978280036, 8.44707209507
0.0941036856438, 0.766712727455, 0.32627255519, 0.0606816252731, 0.522700129495, 0.0388106416326, 0.636508273461, 0.825573579616, 0.121101350399, 0.951651049239, 0.394027386271, 8.44234684438
0.0950048589734, 0.467030623599, 0.690154351382, 0.00970479214739, 0.532809508804, 0.143000673646, 0.691874292424, 0.691854661664, 0.0150310561478, 0.514463391299, 0.409278250225, 8.21336521876
0.0950048589734, 0.467030623599, 0.690154351382, 0.00970479214739, 0.532809508804, 0.143000673646, 0.691874292424, 0.691854661664, 0.0150310561478, 0.514463391299, 0.409278250225, 8.21336521876
0.254021089308, 0.0569008809901, 0.117470608049, 0.310637748655, 0.405793243777, 0.427562385172, 0.215057737547, 0.363574504492, 0.554937329468, 0.634182496374, 0.644181984477, 7.83446363575
0.254021089308, 0.0569008809901, 0.117470608049, 0.310637748655, 0.405793243777, 0.427562385172, 0.215057737547, 0.363574504492, 0.554937329468, 0.634182496374, 0.644181984477, 7.83446363575
0.0941036856438, 0.766712727455, 0.32627255519, 0.199274301418, 0.421802859376, 0.0388106416326, 0.636508273461, 0.825573579616, 0.121101350399, 0.951651049239, 0.394027386271, 8.45887092698
0.0941036856438, 0.766712727455, 0.32627255519, 0.199274301418, 0.421802859376, 0.0388106416326, 0.636508273461, 0.825573579616, 0.121101350399, 0.951651049239, 0.394027386271, 8.45887092698
0.09572468444, 0.0877346528851, 0.379887909576, 0.170551747021, 0.532809508804, 0.509393194752, 0.48156214416, 0.669154939507, 0.310936016038, 0.778920825378, 0.421938953891, 8.29047241923
0.0980874828242, 0.0680287959453, 0.752096023627, 0.299883455077, 0.796759053118, 0.582179425854, 0.154779635322, 0.238973204661, 0.310936016038, 0.70143015619, 0.466042128664, 8.2783203748
0.09572468444, 0.0877346528851, 0.379887909576, 0.170551747021, 0.532809508804, 0.509393194752, 0.48156214416, 0.669154939507, 0.310936016038, 0.778920825378, 0.421938953891, 8.29047241923
0.0980874828242, 0.0680287959453, 0.752096023627, 0.299883455077, 0.796759053118, 0.582179425854, 0.154779635322, 0.238973204661, 0.310936016038, 0.70143015619, 0.466042128664, 8.2783203748
0.0941036856438, 0.766712727455, 0.32627255519, 0.199274301418, 0.796759053118, 0.108307313934, 0.154779635322, 0.902480269074, 0.305936368947, 0.951651049239, 0.394027386271, 8.55507110204
0.0941036856438, 0.766712727455, 0.32627255519, 0.199274301418, 0.796759053118, 0.108307313934, 0.154779635322, 0.902480269074, 0.305936368947, 0.951651049239, 0.394027386271, 8.55507110204
0.09572468444, 0.0171474708543, 0.379887909576, 0.170551747021, 0.532809508804, 0.509393194752, 0.48156214416, 0.493853853448, 0.642796792707, 0.778920825378, 0.421938953891, 8.33032991186
0.09572468444, 0.0171474708543, 0.379887909576, 0.170551747021, 0.532809508804, 0.509393194752, 0.48156214416, 0.493853853448, 0.642796792707, 0.778920825378, 0.421938953891, 8.33032991186
0.0941036856438, 0.766712727455, 0.32627255519, 0.199274301418, 0.796759053118, 0.108307313934, 0.154779635322, 0.902480269074, 0.310936016038, 0.951651049239, 0.394027386271, 8.55717249723
0.0941036856438, 0.766712727455, 0.32627255519, 0.199274301418, 0.796759053118, 0.108307313934, 0.154779635322, 0.902480269074, 0.310936016038, 0.951651049239, 0.394027386271, 8.55717249723
0.254021089308, 0.0569008809901, 0.117470608049, 0.551652751156, 0.405793243777, 0.427562385172, 0.215057737547, 0.363574504492, 0.554937329468, 0.634182496374, 0.644181984477, 7.96601784446
0.254021089308, 0.0569008809901, 0.117470608049, 0.551652751156, 0.405793243777, 0.427562385172, 0.215057737547, 0.363574504492, 0.554937329468, 0.634182496374, 0.644181984477, 7.96601784446
0.252560408506, 0.649797879375, 0.310412332898, 0.580702335951, 0.517946974108, 0.409432819053, 0.568253706038, 0.162853961409, 0.0164278740524, 0.37473408759, 0.638405613096, 8.10275005989
0.252560408506, 0.649797879375, 0.310412332898, 0.580702335951, 0.517946974108, 0.409432819053, 0.568253706038, 0.162853961409, 0.0164278740524, 0.37473408759, 0.638405613096, 8.10275005989
0.18389209046, 0.123208404262, 0.392335533249, 0.243811435976, 0.0552546216871, 0.462658366494, 0.0883693498636, 0.981786035177, 0.240520871259, 0.331056498012, 0.999494843862, 7.66367794277
0.18389209046, 0.123208404262, 0.392335533249, 0.243811435976, 0.0552546216871, 0.462658366494, 0.0883693498636, 0.981786035177, 0.240520871259, 0.331056498012, 0.999494843862, 7.66367794277
0.09572468444, 0.0877346528851, 0.379887909576, 0.170551747021, 0.707280903152, 0.950827005387, 0.48156214416, 0.493853853448, 0.642796792707, 0.778920825378, 0.421938953891, 8.62752397706
0.09572468444, 0.0877346528851, 0.379887909576, 0.170551747021, 0.707280903152, 0.950827005387, 0.48156214416, 0.493853853448, 0.642796792707, 0.778920825378, 0.421938953891, 8.62752397706
0.09572468444, 0.0877346528851, 0.379887909576, 0.170551747021, 0.707280903152, 0.950827005387, 0.48156214416, 0.493853853448, 0.642796792707, 0.778920825378, 0.421938953891, 8.62752397706
0.09572468444, 0.0877346528851, 0.379887909576, 0.170551747021, 0.707280903152, 0.950827005387, 0.48156214416, 0.493853853448, 0.642796792707, 0.778920825378, 0.421938953891, 8.62752397706
0.416394961599, 0.00480403933742, 0.155680422988, 0.758585983679, 0.732784855807, 0.132884953005, 0.00691280242727, 0.498466921479, 0.854227015901, 0.212175460711, 0.810933889984, 7.95135933676
0.416502885229, 0.0263917930093, 0.0183866071392, 0.55242841383, 0.273926702783, 0.39135561182, 0.35203295291, 0.256293628052, 0.636186049882, 0.760873434186, 0.811006023256, 7.90395914012
0.10772161778, 0.642707418066, 0.116438550642, 0.684091268596, 0.405098402546, 0.281827598862, 0.425508166172, 0.174627753828, 0.754878042299, 0.026164693308, 0.663298133243, 8.05872679653
0.416394961599, 0.00480403933742, 0.155680422988, 0.758585983679, 0.732784855807, 0.132884953005, 0.00691280242727, 0.498466921479, 0.854227015901, 0.212175460711, 0.810933889984, 7.95135933676
0.416502885229, 0.0263917930093, 0.0183866071392, 0.55242841383, 0.273926702783, 0.39135561182, 0.35203295291, 0.256293628052, 0.636186049882, 0.760873434186, 0.811006023256, 7.90395914012
0.10772161778, 0.642707418066, 0.116438550642, 0.684091268596, 0.405098402546, 0.281827598862, 0.425508166172, 0.174627753828, 0.754878042299, 0.026164693308, 0.663298133243, 8.05872679653
0.252560408506, 0.649797879375, 0.310412332898, 0.580702335951, 0.517946974108, 0.409432819053, 0.116731461722, 0.162853961409, 0.498394618941, 0.37473408759, 0.638405613096, 8.11795667676
0.252560408506, 0.649797879375, 0.310412332898, 0.580702335951, 0.517946974108, 0.409432819053, 0.116731461722, 0.162853961409, 0.498394618941, 0.37473408759, 0.638405613096, 8.11795667676
0.0980874828242, 0.0680287959453, 0.752096023627, 0.299883455077, 0.796759053118, 0.915417193714, 0.500456989264, 0.238973204661, 0.642796792707, 0.70143015619, 0.466042128664, 8.71229719808
0.0980874828242, 0.0680287959453, 0.752096023627, 0.299883455077, 0.796759053118, 0.915417193714, 0.500456989264, 0.238973204661, 0.642796792707, 0.70143015619, 0.466042128664, 8.71229719808
0.10772161778, 0.642707418066, 0.0150349198011, 0.684091268596, 0.503710697298, 0.281827598862, 0.425508166172, 0.0645032115599, 0.950038605571, 0.00427342018157, 0.663298133243, 8.0892985981
0.10772161778, 0.642707418066, 0.0150349198011, 0.684091268596, 0.503710697298, 0.281827598862, 0.425508166172, 0.0645032115599, 0.950038605571, 0.00427342018157, 0.663298133243, 8.0892985981
0.416394961599, 0.00480403933742, 0.775752920663, 0.385029908188, 0.732784855807, 0.107161544965, 0.00691280242727, 0.983846588408, 0.402783551303, 0.0116667747248, 0.810933889984, 7.97987885834
0.416394961599, 0.00480403933742, 0.775752920663, 0.385029908188, 0.732784855807, 0.107161544965, 0.00691280242727, 0.983846588408, 0.402783551303, 0.0116667747248, 0.810933889984, 7.97987885834
0.105469824754, 0.382359996198, 0.798492682803, 0.201345951486, 0.421575347537, 0.270076908693, 0.930477031795, 0.38078806993, 0.321771642857, 0.852075090361, 0.617147174687, 8.54841290598
0.252820165659, 0.357033384222, 0.275940668363, 0.404943406736, 0.865522560491, 0.370296184519, 0.377011728379, 0.140768468986, 0.528655066936, 0.940125365887, 0.639319319949, 8.41692344161
0.105469824754, 0.382359996198, 0.798492682803, 0.201345951486, 0.421575347537, 0.270076908693, 0.930477031795, 0.38078806993, 0.321771642857, 0.852075090361, 0.617147174687, 8.54841290598
0.252820165659, 0.357033384222, 0.275940668363, 0.404943406736, 0.865522560491, 0.370296184519, 0.377011728379, 0.140768468986, 0.528655066936, 0.940125365887, 0.639319319949, 8.41692344161
0.86911047131, 0.354826283102, 0.0975632615072, 0.831984327347, 0.0329721281507, 0.396353872116, 0.190558277387, 0.402085480196, 0.503018128289, 0.23158172956, 0.99816750389, 7.73500281495
0.86911047131, 0.354826283102, 0.0975632615072, 0.831984327347, 0.0329721281507, 0.396353872116, 0.190558277387, 0.402085480196, 0.503018128289, 0.23158172956, 0.99816750389, 7.73500281495
0.86911047131, 0.354826283102, 0.0975632615072, 0.831984327347, 0.0329721281507, 0.396353872116, 0.190558277387, 0.402085480196, 0.503018128289, 0.23158172956, 0.99816750389, 7.73500281495
0.86911047131, 0.354826283102, 0.0975632615072, 0.831984327347, 0.0329721281507, 0.396353872116, 0.190558277387, 0.402085480196, 0.503018128289, 0.23158172956, 0.99816750389, 7.73500281495
0.254021089308, 0.0835791039179, 0.377249295987, 0.60204895867, 0.405793243777, 0.593911327879, 0.215057737547, 0.363574504492, 0.554937329468, 0.634182496374, 0.644181984477, 8.21909186632
0.254021089308, 0.0835791039179, 0.377249295987, 0.60204895867, 0.405793243777, 0.593911327879, 0.215057737547, 0.363574504492, 0.554937329468, 0.634182496374, 0.644181984477, 8.21909186632
0.254021089308, 0.0835791039179, 0.377249295987, 0.60204895867, 0.405793243777, 0.593911327879, 0.215057737547, 0.363574504492, 0.554937329468, 0.634182496374, 0.644181984477, 8.21909186632
0.254021089308, 0.0835791039179, 0.377249295987, 0.60204895867, 0.405793243777, 0.593911327879, 0.215057737547, 0.363574504492, 0.554937329468, 0.634182496374, 0.644181984477, 8.21909186632
