0.0769797860659, 0.0666795491457, 0.245590229611, 0.04081613745, 0.0977867839089, 0.0364103425514, 0.0174972036831, 0.798187053979, 0.221012519063, 0.84792171573, 0.296052064193, 7.43669342681
0.0769797860659, 0.0666795491457, 0.245590229611, 0.04081613745, 0.0977867839089, 0.0364103425514, 0.0174972036831, 0.798187053979, 0.221012519063, 0.84792171573, 0.296052064193, 7.43669342681
0.0817410403019, 0.106577944106, 0.535153759069, 0.317798485693, 0.255902730932, 0.686248173075, 0.224901783645, 0.297989494042, 0.0602822626039, 0.385907906844, 0.280836890277, 7.75349235109
0.0817410403019, 0.106577944106, 0.535153759069, 0.317798485693, 0.255902730932, 0.686248173075, 0.224901783645, 0.297989494042, 0.0602822626039, 0.385907906844, 0.280836890277, 7.75349235109
0.886208504264, 0.012300115962, 0.0975632615072, 0.0577589954238, 0.0329721281507, 0.658955575149, 0.162954365474, 0.202054500075, 0.305616745862, 0.085628428373, 0.989880783156, 6.71552989452
0.886208504264, 0.012300115962, 0.0975632615072, 0.0577589954238, 0.0329721281507, 0.658955575149, 0.162954365474, 0.202054500075, 0.305616745862, 0.085628428373, 0.989880783156, 6.71552989452
0.271021520265, 0.0382188690663, 0.139078540749, 0.248451655956, 0.0328379974875, 0.311850889418, 0.224901783645, 0.112312500711, 0.624485273207, 0.256615655207, 0.791535765805, 7.08322112552
0.271021520265, 0.0382188690663, 0.139078540749, 0.248451655956, 0.0328379974875, 0.311850889418, 0.224901783645, 0.112312500711, 0.624485273207, 0.256615655207, 0.791535765805, 7.08322112552
0.0879743696449, 0.0382188690663, 0.535153759069, 0.404135250816, 0.525106925151, 0.311850889418, 0.123203049407, 0.174327688933, 0.0602822626039, 0.183840335142, 0.312632260846, 7.42456573119
0.0879743696449, 0.0382188690663, 0.535153759069, 0.404135250816, 0.525106925151, 0.311850889418, 0.123203049407, 0.174327688933, 0.0602822626039, 0.183840335142, 0.312632260846, 7.42456573119
0.0879743696449, 0.0382188690663, 0.535153759069, 0.404135250816, 0.525106925151, 0.311850889418, 0.123203049407, 0.174327688933, 0.0602822626039, 0.183840335142, 0.312632260846, 7.42456573119
0.0879743696449, 0.0382188690663, 0.535153759069, 0.404135250816, 0.525106925151, 0.311850889418, 0.123203049407, 0.174327688933, 0.0602822626039, 0.183840335142, 0.312632260846, 7.42456573119
0.107996237575, 0.153510155696, 0.0975632615072, 0.0178342177728, 0.0158501895348, 0.68765936232, 0.0430955739562, 0.584388238085, 0.303006302847, 0.127368462539, 0.668833131932, 7.14044702165
0.107996237575, 0.153510155696, 0.0975632615072, 0.0178342177728, 0.0158501895348, 0.68765936232, 0.0430955739562, 0.584388238085, 0.303006302847, 0.127368462539, 0.668833131932, 7.14044702165
0.0823411763739, 0.505766863528, 0.842772101902, 0.304534376405, 0.0273588279531, 0.00799708856565, 0.0119543069417, 0.987663682931, 0.113296320129, 0.00185439965534, 0.281373860551, 7.71324799092
0.0823411763739, 0.505766863528, 0.842772101902, 0.304534376405, 0.0273588279531, 0.00799708856565, 0.0119543069417, 0.987663682931, 0.113296320129, 0.00185439965534, 0.281373860551, 7.71324799092
0.578172485522, 0.20033019581, 0.0304761588702, 0.0325774163979, 0.265805621247, 0.0432024242888, 0.775661705963, 0.0505837018951, 0.310936016038, 0.104063211711, 0.903780654679, 6.91383951182
0.578172485522, 0.20033019581, 0.0304761588702, 0.0325774163979, 0.265805621247, 0.0432024242888, 0.775661705963, 0.0505837018951, 0.310936016038, 0.104063211711, 0.903780654679, 6.91383951182
0.0769797860659, 0.59687804631, 0.493720652608, 0.0080503547321, 0.0977867839089, 0.0364103425514, 0.0174972036831, 0.701417738169, 0.221012519063, 0.375204889816, 0.296052064193, 7.55335501303
0.0769797860659, 0.59687804631, 0.493720652608, 0.0080503547321, 0.0977867839089, 0.0364103425514, 0.0174972036831, 0.701417738169, 0.221012519063, 0.375204889816, 0.296052064193, 7.55335501303
0.0769797860659, 0.59687804631, 0.493720652608, 0.0080503547321, 0.0977867839089, 0.0364103425514, 0.0174972036831, 0.701417738169, 0.221012519063, 0.375204889816, 0.296052064193, 7.55335501303
0.0769797860659, 0.59687804631, 0.493720652608, 0.0080503547321, 0.0977867839089, 0.0364103425514, 0.0174972036831, 0.701417738169, 0.221012519063, 0.375204889816, 0.296052064193, 7.55335501303
0.0817410403019, 0.106577944106, 0.535153759069, 0.317798485693, 0.623672364108, 0.453567298013, 0.224901783645, 0.183119538171, 0.0602822626039, 0.385907906844, 0.280836890277, 7.76538565617
0.0817410403019, 0.106577944106, 0.535153759069, 0.317798485693, 0.623672364108, 0.453567298013, 0.224901783645, 0.183119538171, 0.0602822626039, 0.385907906844, 0.280836890277, 7.76538565617
0.0817410403019, 0.106577944106, 0.535153759069, 0.317798485693, 0.623672364108, 0.453567298013, 0.224901783645, 0.183119538171, 0.0602822626039, 0.385907906844, 0.280836890277, 7.76538565617
0.0817410403019, 0.106577944106, 0.535153759069, 0.317798485693, 0.623672364108, 0.453567298013, 0.224901783645, 0.183119538171, 0.0602822626039, 0.385907906844, 0.280836890277, 7.76538565617
0.416502885229, 0.122941306838, 0.00197512057851, 0.55242841383, 0.173049286218, 0.0804337627204, 0.102926782352, 0.476953355894, 0.365556913077, 0.119598330697, 0.811006023256, 7.08444799455
0.416502885229, 0.122941306838, 0.00197512057851, 0.55242841383, 0.173049286218, 0.0804337627204, 0.102926782352, 0.476953355894, 0.365556913077, 0.119598330697, 0.811006023256, 7.08444799455
0.271021520265, 0.0382188690663, 0.139078540749, 0.248451655956, 0.0328379974875, 0.311850889418, 0.224901783645, 0.183119538171, 0.624485273207, 0.256615655207, 0.791535765805, 7.13808228932
0.271021520265, 0.0382188690663, 0.139078540749, 0.248451655956, 0.0328379974875, 0.311850889418, 0.224901783645, 0.183119538171, 0.624485273207, 0.256615655207, 0.791535765805, 7.13808228932
0.0879743696449, 0.0382188690663, 0.535153759069, 0.468393256781, 0.525106925151, 0.311850889418, 0.123203049407, 0.183119538171, 0.0602822626039, 0.190040057117, 0.312632260846, 7.4781239007
0.0879743696449, 0.0382188690663, 0.535153759069, 0.468393256781, 0.525106925151, 0.311850889418, 0.123203049407, 0.183119538171, 0.0602822626039, 0.190040057117, 0.312632260846, 7.4781239007
0.107996237575, 0.364479130586, 0.0975632615072, 0.0178342177728, 0.0158501895348, 0.658955575149, 0.0430955739562, 0.584388238085, 0.303006302847, 0.117775550111, 0.668833131932, 7.26940133619
0.107996237575, 0.364479130586, 0.0975632615072, 0.0178342177728, 0.0158501895348, 0.658955575149, 0.0430955739562, 0.584388238085, 0.303006302847, 0.117775550111, 0.668833131932, 7.26940133619
0.0823411763739, 0.505766863528, 0.0158825033733, 0.707252908415, 0.366748635931, 0.0542221720828, 0.082033781003, 0.987663682931, 0.0216993573514, 0.129932645526, 0.281373860551, 7.7537129626
0.0823411763739, 0.505766863528, 0.0158825033733, 0.707252908415, 0.366748635931, 0.0542221720828, 0.082033781003, 0.987663682931, 0.0216993573514, 0.129932645526, 0.281373860551, 7.7537129626
0.578172485522, 0.20033019581, 0.0219201947382, 0.0325774163979, 0.265805621247, 0.0432024242888, 0.268271834579, 0.0505837018951, 0.310936016038, 0.721195973692, 0.903780654679, 6.99758840453
0.578172485522, 0.20033019581, 0.0219201947382, 0.0325774163979, 0.265805621247, 0.0432024242888, 0.268271834579, 0.0505837018951, 0.310936016038, 0.721195973692, 0.903780654679, 6.99758840453
0.0102492925921, 0.0382188690663, 0.139078540749, 0.248451655956, 0.0328379974875, 0.333854090006, 0.224901783645, 0.183119538171, 0.624485273207, 0.0331375795571, 0.999951923222, 6.92514465435
0.0102492925921, 0.0382188690663, 0.139078540749, 0.248451655956, 0.0328379974875, 0.333854090006, 0.224901783645, 0.183119538171, 0.624485273207, 0.0331375795571, 0.999951923222, 6.92514465435
0.0769797860659, 0.0666795491457, 0.493720652608, 0.04081613745, 0.0977867839089, 0.0364103425514, 0.0174972036831, 0.798187053979, 0.221012519063, 0.84792171573, 0.296052064193, 7.59935265593
0.0769797860659, 0.0666795491457, 0.493720652608, 0.04081613745, 0.0977867839089, 0.0364103425514, 0.0174972036831, 0.798187053979, 0.221012519063, 0.84792171573, 0.296052064193, 7.59935265593
0.0769797860659, 0.0666795491457, 0.493720652608, 0.04081613745, 0.0977867839089, 0.0364103425514, 0.0174972036831, 0.798187053979, 0.221012519063, 0.84792171573, 0.296052064193, 7.59935265593
0.0769797860659, 0.0666795491457, 0.493720652608, 0.04081613745, 0.0977867839089, 0.0364103425514, 0.0174972036831, 0.798187053979, 0.221012519063, 0.84792171573, 0.296052064193, 7.59935265593
0.0817410403019, 0.0983731817821, 0.535153759069, 0.317798485693, 0.644241401471, 0.686248173075, 0.224901783645, 0.183119538171, 0.0602822626039, 0.385907906844, 0.280836890277, 7.90479039976
0.0817410403019, 0.0983731817821, 0.535153759069, 0.317798485693, 0.644241401471, 0.686248173075, 0.224901783645, 0.183119538171, 0.0602822626039, 0.385907906844, 0.280836890277, 7.90479039976
0.115069059017, 0.0382188690663, 0.0562839778866, 0.404135250816, 0.525106925151, 0.311850889418, 0.340098271538, 0.183119538171, 0.0602822626039, 0.190040057117, 0.799052291727, 7.1740052417
0.115069059017, 0.0382188690663, 0.0562839778866, 0.404135250816, 0.525106925151, 0.311850889418, 0.340098271538, 0.183119538171, 0.0602822626039, 0.190040057117, 0.799052291727, 7.1740052417
0.104473054014, 0.204348942139, 0.369391544123, 0.156390348107, 0.596490882003, 0.0302493490518, 0.242646774034, 0.487691581621, 0.401220510861, 0.167956837847, 0.596429604346, 7.58708309942
0.104473054014, 0.204348942139, 0.369391544123, 0.156390348107, 0.596490882003, 0.0302493490518, 0.242646774034, 0.487691581621, 0.401220510861, 0.167956837847, 0.596429604346, 7.58708309942
0.104473054014, 0.204348942139, 0.369391544123, 0.156390348107, 0.596490882003, 0.0302493490518, 0.242646774034, 0.487691581621, 0.401220510861, 0.167956837847, 0.596429604346, 7.58708309942
0.104473054014, 0.204348942139, 0.369391544123, 0.156390348107, 0.596490882003, 0.0302493490518, 0.242646774034, 0.487691581621, 0.401220510861, 0.167956837847, 0.596429604346, 7.58708309942
0.107996237575, 0.0719932902155, 0.0975632615072, 0.0178342177728, 0.00718854545995, 0.658955575149, 0.162954365474, 0.584388238085, 0.303006302847, 0.30430069154, 0.668833131932, 7.27319114602
0.107996237575, 0.0719932902155, 0.0975632615072, 0.0178342177728, 0.00718854545995, 0.658955575149, 0.162954365474, 0.584388238085, 0.303006302847, 0.30430069154, 0.668833131932, 7.27319114602
0.0823411763739, 0.579609790641, 0.0158825033733, 0.707252908415, 0.366748635931, 0.0542221720828, 0.082033781003, 0.987663682931, 0.113296320129, 0.129932645526, 0.281373860551, 7.84923431229
0.0823411763739, 0.579609790641, 0.0158825033733, 0.707252908415, 0.366748635931, 0.0542221720828, 0.082033781003, 0.987663682931, 0.113296320129, 0.129932645526, 0.281373860551, 7.84923431229
0.578172485522, 0.0851022353919, 0.0186089405858, 0.0325774163979, 0.265805621247, 0.0432024242888, 0.268271834579, 0.0505837018951, 0.310936016038, 0.971484573575, 0.903780654679, 7.10175304838
0.578172485522, 0.0851022353919, 0.0186089405858, 0.0325774163979, 0.265805621247, 0.0432024242888, 0.268271834579, 0.0505837018951, 0.310936016038, 0.971484573575, 0.903780654679, 7.10175304838
0.886208504264, 0.354826283102, 0.0975632615072, 0.0219905198233, 0.0329721281507, 0.602789660191, 0.162954365474, 0.402085480196, 0.303006302847, 0.085628428373, 0.989880783156, 7.0924502403
0.886208504264, 0.354826283102, 0.0975632615072, 0.0219905198233, 0.0329721281507, 0.602789660191, 0.162954365474, 0.402085480196, 0.303006302847, 0.085628428373, 0.989880783156, 7.0924502403
0.982667464821, 0.354826283102, 0.0255220609862, 0.0577589954238, 0.00166998869647, 0.658955575149, 0.162954365474, 0.402085480196, 0.303006302847, 0.085628428373, 0.999978551917, 7.08087991246
0.982667464821, 0.354826283102, 0.0255220609862, 0.0577589954238, 0.00166998869647, 0.658955575149, 0.162954365474, 0.402085480196, 0.303006302847, 0.085628428373, 0.999978551917, 7.08087991246
0.655212220954, 0.122941306838, 0.00197512057851, 0.55242841383, 0.173049286218, 0.0804337627204, 0.102926782352, 0.476953355894, 0.365556913077, 0.119598330697, 0.999992966789, 7.03675426287
0.655212220954, 0.122941306838, 0.00197512057851, 0.55242841383, 0.173049286218, 0.0804337627204, 0.102926782352, 0.476953355894, 0.365556913077, 0.119598330697, 0.999992966789, 7.03675426287
0.0769797860659, 0.0666795491457, 0.675847150793, 0.04081613745, 0.0977867839089, 0.0364103425514, 0.0174972036831, 0.764137973849, 0.15254093245, 0.84792171573, 0.296052064193, 7.64908047632
0.0769797860659, 0.0666795491457, 0.675847150793, 0.04081613745, 0.0977867839089, 0.0364103425514, 0.0174972036831, 0.764137973849, 0.15254093245, 0.84792171573, 0.296052064193, 7.64908047632
0.0817410403019, 0.106577944106, 0.535153759069, 0.317798485693, 0.0501589951695, 0.740139395653, 0.224901783645, 0.727356638752, 0.0698242282225, 0.385907906844, 0.280836890277, 7.91678716109
0.0817410403019, 0.106577944106, 0.535153759069, 0.317798485693, 0.0501589951695, 0.740139395653, 0.224901783645, 0.727356638752, 0.0698242282225, 0.385907906844, 0.280836890277, 7.91678716109
0.104473054014, 0.0710246941139, 0.506637481837, 0.206977489947, 0.596490882003, 0.0640060791063, 0.242646774034, 0.627420656899, 0.22792801713, 0.167956837847, 0.596429604346, 7.62117980953
0.104473054014, 0.0710246941139, 0.506637481837, 0.206977489947, 0.596490882003, 0.0640060791063, 0.242646774034, 0.627420656899, 0.22792801713, 0.167956837847, 0.596429604346, 7.62117980953
0.104473054014, 0.0710246941139, 0.506637481837, 0.206977489947, 0.596490882003, 0.0640060791063, 0.242646774034, 0.627420656899, 0.22792801713, 0.167956837847, 0.596429604346, 7.62117980953
0.104473054014, 0.0710246941139, 0.506637481837, 0.206977489947, 0.596490882003, 0.0640060791063, 0.242646774034, 0.627420656899, 0.22792801713, 0.167956837847, 0.596429604346, 7.62117980953
0.10772161778, 0.783525417195, 0.116438550642, 0.644657990371, 0.277980218444, 0.281827598862, 0.00719805774443, 0.0295060114523, 0.43343635534, 0.139920030691, 0.663298133243, 7.61229971736
0.10772161778, 0.783525417195, 0.116438550642, 0.644657990371, 0.277980218444, 0.281827598862, 0.00719805774443, 0.0295060114523, 0.43343635534, 0.139920030691, 0.663298133243, 7.61229971736
0.107996237575, 0.0719932902155, 0.0975632615072, 0.0178342177728, 0.0158501895348, 0.658955575149, 0.162954365474, 0.584388238085, 0.303006302847, 0.30430069154, 0.668833131932, 7.27944505636
0.107996237575, 0.0719932902155, 0.0975632615072, 0.0178342177728, 0.0158501895348, 0.658955575149, 0.162954365474, 0.584388238085, 0.303006302847, 0.30430069154, 0.668833131932, 7.27944505636
0.107996237575, 0.0719932902155, 0.0975632615072, 0.0178342177728, 0.0158501895348, 0.658955575149, 0.162954365474, 0.584388238085, 0.303006302847, 0.30430069154, 0.668833131932, 7.27944505636
0.107996237575, 0.0719932902155, 0.0975632615072, 0.0178342177728, 0.0158501895348, 0.658955575149, 0.162954365474, 0.584388238085, 0.303006302847, 0.30430069154, 0.668833131932, 7.27944505636
0.578172485522, 0.190417042379, 0.0304761588702, 0.0325774163979, 0.265805621247, 0.0432024242888, 0.268271834579, 0.0505837018951, 0.310936016038, 0.971484573575, 0.903780654679, 7.19021851032
0.578172485522, 0.190417042379, 0.0304761588702, 0.0325774163979, 0.265805621247, 0.0432024242888, 0.268271834579, 0.0505837018951, 0.310936016038, 0.971484573575, 0.903780654679, 7.19021851032
0.886208504264, 0.354826283102, 0.0490377377041, 0.0577589954238, 0.0329721281507, 0.681920812534, 0.147387259766, 0.254797328389, 0.303006302847, 0.23158172956, 0.989880783156, 7.13013286722
0.886208504264, 0.354826283102, 0.0490377377041, 0.0577589954238, 0.0329721281507, 0.681920812534, 0.147387259766, 0.254797328389, 0.303006302847, 0.23158172956, 0.989880783156, 7.13013286722
0.67785664621, 0.0416489580025, 0.0304761588702, 0.191113534294, 0.26671460272, 0.0115041118459, 0.794276494174, 0.183119538171, 0.307289448218, 0.251202812987, 0.999994404042, 7.10004242244
0.67785664621, 0.0416489580025, 0.0304761588702, 0.191113534294, 0.26671460272, 0.0115041118459, 0.794276494174, 0.183119538171, 0.307289448218, 0.251202812987, 0.999994404042, 7.10004242244
0.0817410403019, 0.106577944106, 0.535153759069, 0.317798485693, 0.525106925151, 0.214610260581, 0.224901783645, 0.263272456652, 0.85258946516, 0.385907906844, 0.280836890277, 8.05952179434
0.0817410403019, 0.106577944106, 0.535153759069, 0.317798485693, 0.525106925151, 0.214610260581, 0.224901783645, 0.263272456652, 0.85258946516, 0.385907906844, 0.280836890277, 8.05952179434
0.886208504264, 0.354826283102, 0.0490377377041, 0.0577589954238, 0.0329721281507, 0.658955575149, 0.162954365474, 0.338503315214, 0.303006302847, 0.23158172956, 0.989880783156, 7.18696606494
0.886208504264, 0.354826283102, 0.0490377377041, 0.0577589954238, 0.0329721281507, 0.658955575149, 0.162954365474, 0.338503315214, 0.303006302847, 0.23158172956, 0.989880783156, 7.18696606494
0.10772161778, 0.783525417195, 0.116438550642, 0.733516112287, 0.277980218444, 0.281827598862, 0.00719805774443, 0.0489311866803, 0.43343635534, 0.153711072627, 0.663298133243, 7.68659967004
0.0769797860659, 0.0666795491457, 0.675847150793, 0.04081613745, 0.0977867839089, 0.0364103425514, 0.0174972036831, 0.764137973849, 0.221012519063, 0.84792171573, 0.296052064193, 7.69097989507
0.107996237575, 0.364479130586, 0.0975632615072, 0.0178342177728, 0.0158501895348, 0.658955575149, 0.0430955739562, 0.584388238085, 0.303006302847, 0.191377823828, 0.668833131932, 7.32205933418
0.578172485522, 0.0660938907501, 0.0304761588702, 0.191113534294, 0.84133113661, 0.0763482100809, 0.310132513048, 0.690027105434, 0.114268828171, 0.023607869922, 0.903780654679, 7.31905029407
0.0823411763739, 0.505766863528, 0.0158825033733, 0.707252908415, 0.653881000541, 0.0542221720828, 0.00296014269026, 0.993382056325, 0.113296320129, 0.129932645526, 0.281373860551, 7.92702537857
0.577385538562, 0.0719932902155, 0.0668911851995, 0.00350489986232, 0.0158501895348, 0.658955575149, 0.162954365474, 0.583606602152, 0.303006302847, 0.30430069154, 0.90437582213, 7.19546735868
0.0823411763739, 0.505766863528, 0.0158825033733, 0.707252908415, 0.653881000541, 0.0542221720828, 0.00296014269026, 0.993382056325, 0.113296320129, 0.129932645526, 0.281373860551, 7.92702537857
0.204469950908, 0.153510155696, 0.0975632615072, 0.0178342177728, 0.0158501895348, 0.658955575149, 0.162954365474, 0.584388238085, 0.303006302847, 0.191377823828, 0.965532724311, 7.19041559147
0.204469950908, 0.153510155696, 0.0975632615072, 0.0178342177728, 0.0158501895348, 0.658955575149, 0.162954365474, 0.584388238085, 0.303006302847, 0.191377823828, 0.965532724311, 7.19041559147
0.0769797860659, 0.0666795491457, 0.675847150793, 0.04081613745, 0.0977867839089, 0.0364103425514, 0.0174972036831, 0.764137973849, 0.221012519063, 0.84792171573, 0.296052064193, 7.69097989507
0.10772161778, 0.783525417195, 0.116438550642, 0.733516112287, 0.277980218444, 0.281827598862, 0.00719805774443, 0.0489311866803, 0.43343635534, 0.153711072627, 0.663298133243, 7.68659967004
0.107996237575, 0.364479130586, 0.0975632615072, 0.0178342177728, 0.0158501895348, 0.658955575149, 0.0430955739562, 0.584388238085, 0.303006302847, 0.191377823828, 0.668833131932, 7.32205933418
