0.0, 0.0312294832067, 0.196178611877, 0.0, 1.0, 0.0, 0.0141961973954, 0.0948265885459, 0.128162532823, 0.0, 0.00338662809883, 0.168376001219, 0.195592593592, 1.0, 0.0739745788759, 0.101432207982, 0.911639234208, 0.655462921224, 0.0, 0.547717239654, 0.510790055794, 0.214764689661, 0.33513740705, 0.817717502035, 1.0, 0.0, 0.391665836324, 0.624916421793, 25.0, 1.0, 5.1454616368
0.0, 0.221109672571, 0.0, 0.0, 0.0, 0.0, 0.298470701736, 0.242187931795, 0.0, 0.180315372949, 0.437843499806, 0.157034953028, 0.339709916649, 0.0, 0.463046059296, 0.1124193811, 0.0, 0.405321054205, 0.24881117257, 0.0, 0.886869319305, 0.170374173223, 0.0, 0.371461712229, 0.0, 0.0422066559027, 0.0148284056755, 0.687941128615, 41.0, 0.0, 1.26042081448
1.0, 1.0, 0.0424126423493, 0.0459856643926, 0.547567143308, 0.783862091612, 1.0, 0.0, 0.545602564726, 0.527352581424, 0.00015217088911, 0.977705857785, 0.0, 1.0, 1.0, 0.870728236583, 0.0, 0.605592966389, 1.0, 0.979783473525, 1.0, 0.0643199731237, 0.441261584272, 1.0, 0.0, 0.0, 0.0, 1.0, 9.0, 1.0, 12.5939432995
0.0, 0.221109672571, 0.0, 0.0, 0.0, 1.0, 0.047458684748, 0.0, 0.0, 0.180315372949, 0.511830729373, 0.157034953028, 0.339709916649, 0.0, 0.0, 0.353541824202, 0.0, 0.405321054205, 0.0, 0.0, 0.886869319305, 0.0, 0.0, 0.0, 0.0, 0.0109126289909, 0.0, 0.705648542385, 36.0, 1.0, 2.5672786009
1.0, 1.0, 0.240533684193, 0.0459856643926, 0.547567143308, 1.0, 0.19814482263, 0.964358720467, 0.0, 0.0, 0.0545415411417, 1.0, 0.0349131097321, 1.0, 1.0, 0.934189667336, 0.0, 0.0, 0.879884568595, 0.979783473525, 1.0, 0.0, 0.372581582816, 1.0, 0.8198190578, 0.0, 0.0, 1.0, 9.0, 0.0, 12.6443093292
0.535431723013, 0.0186830750963, 0.0, 0.286779438706, 1.0, 0.863731986785, 0.0, 0.0, 0.446787635216, 0.0, 0.0, 0.858934496004, 1.0, 1.0, 1.0, 0.657967314645, 0.0304694959643, 1.0, 0.977988097695, 1.0, 1.0, 0.173819079199, 0.910472652886, 0.23621387633, 0.540049066154, 0.0282319193919, 1.0, 0.0, 11.0, 0.0, 11.6682312678
0.41404983259, 0.0, 0.0, 0.0, 0.0, 0.0156804319716, 0.0, 0.0123302644045, 0.0665687174399, 0.0, 0.0, 0.0, 0.0630956023378, 0.0, 0.822059331206, 0.33160422119, 0.01588439595, 0.373126369543, 1.0, 0.657160674486, 0.82600067063, 0.291270298643, 0.0, 1.0, 0.0, 0.165529849808, 1.0, 0.00909914248948, 28.0, 0.0, 3.5890787417
0.91645485351, 0.390421988435, 0.0, 0.0, 0.966157339772, 0.790964785869, 0.0, 0.456948545161, 0.665518709367, 0.0, 0.0, 1.0, 0.250680079234, 1.0, 1.0, 1.0, 0.178893662404, 1.0, 0.0, 0.997631385758, 1.0, 0.0, 0.0, 0.775230324364, 0.0, 0.0, 1.0, 0.0, 13.0, 0.0, 9.94944744861
1.0, 0.0, 0.210950881188, 1.0, 0.0, 1.0, 0.103246956238, 0.623716648982, 0.717300860496, 0.0, 0.0, 1.0, 0.0, 0.549499746099, 1.0, 0.616245336107, 1.0, 1.0, 0.394730145637, 0.752082221744, 0.95432567731, 0.0903542265465, 1.0, 0.55426538423, 0.542144184726, 0.0, 0.598937203103, 0.0, 5.0, 0.0, 15.4152400827
0.0, 0.0, 0.0424126423493, 0.0, 0.0, 0.0, 0.118079853236, 0.0349254951086, 0.356550215371, 0.0, 0.426197536158, 0.0, 0.158050617176, 0.0, 0.018393561596, 0.457910224378, 0.0, 0.566664604649, 0.353450824364, 0.493387927228, 0.651102294321, 0.0653577938068, 0.478758898895, 0.186745265201, 1.0, 0.165529849808, 0.0501554465702, 0.0, 37.0, 0.0, 2.334736277
0.0, 0.0, 0.217463916906, 0.0804016376902, 0.0, 0.640232784379, 0.0, 0.0, 0.220286666108, 0.0, 0.0, 0.4492105139, 0.0, 1.0, 0.267950863785, 0.402802785965, 0.0, 0.0, 0.0, 0.170003858017, 0.754978012893, 0.000759796246061, 0.0, 0.0267186175981, 0.0, 0.125552107262, 0.0, 0.0, 40.0, 0.0, 1.74014946165
0.0, 0.0, 0.0, 0.328121209345, 0.963141697353, 0.0, 0.0, 0.0, 1.0, 0.0, 0.0, 0.632588502583, 0.189524614493, 0.0, 1.0, 0.120247108532, 0.94014051109, 0.566664604649, 0.0, 0.555874859542, 1.0, 0.0783571888281, 0.275633464562, 0.51450033362, 1.0, 0.0, 0.799664299271, 0.0, 20.0, 1.0, 6.97127217194
0.810690052283, 1.0, 0.263642029453, 0.0459856643926, 0.547567143308, 1.0, 1.0, 0.964358720467, 0.0, 0.261098475553, 0.0545415411417, 1.0, 0.607770073598, 1.0, 1.0, 0.870728236583, 0.0, 0.0, 0.879884568595, 0.979783473525, 1.0, 0.127024420168, 0.586600743888, 1.0, 0.0, 0.0, 0.0, 1.0, 7.0, 0.0, 14.3509513837
0.283405632203, 0.0, 0.240533684193, 0.0, 0.531027843141, 1.0, 0.0, 0.348566465919, 0.0, 0.0, 0.0, 0.0, 0.611563470521, 0.256832233115, 0.0, 0.405708207347, 0.39845130299, 0.72835229248, 0.0, 0.65798932661, 0.979574770161, 0.0365911239706, 0.0, 0.999045826125, 0.431790493057, 0.843454679295, 0.0, 0.0, 26.0, 1.0, 4.78421403822
0.41404983259, 0.0, 0.0, 0.0, 0.0, 0.0, 0.0, 0.0, 0.0665687174399, 0.0, 0.0, 0.208043834809, 0.0630956023378, 0.0, 0.570446169925, 1.0, 0.0237339549665, 0.968727530796, 1.0, 0.657160674486, 0.82600067063, 0.0189101062861, 0.0, 1.0, 0.0, 0.195145217586, 1.0, 0.0, 23.0, 0.0, 5.79064512381
0.0, 0.408849532536, 0.0, 0.0, 0.991770701877, 0.532992137129, 0.0, 0.0, 0.955438591554, 0.0549715959063, 0.0, 0.632588502583, 0.250680079234, 0.992160737816, 0.894043699072, 0.222861536805, 1.0, 1.0, 0.0, 0.66549582821, 1.0, 0.0223464096134, 0.0, 0.770002649125, 1.0, 0.0, 0.690798926435, 0.0, 18.0, 0.0, 8.07730617802
0.0, 0.0312294832067, 0.0, 0.263611630778, 1.0, 0.0711321114123, 0.0, 0.0, 0.822666946686, 0.0235012821862, 0.0779356228901, 1.0, 0.379570556451, 1.0, 0.947806918085, 0.076378290203, 0.0, 0.673120280431, 0.0, 1.0, 0.757714422687, 0.0365911239706, 0.0, 0.0, 0.821757180511, 0.0, 0.741609949407, 0.0, 21.0, 0.0, 6.76336256264
0.0, 0.0312294832067, 0.0860717713609, 0.263611630778, 1.0, 0.176069210397, 0.298470701736, 0.376491334374, 0.74686289553, 0.0, 0.0, 1.0, 0.254108820111, 1.0, 0.997050685791, 0.616245336107, 0.0, 0.988472430463, 0.0, 1.0, 1.0, 0.0303475278789, 0.33513740705, 0.0, 0.542144184726, 0.0, 0.598937203103, 0.0, 17.0, 0.0, 8.36702093569
0.0451146475744, 0.0, 0.240533684193, 0.0, 0.0, 0.0, 0.0, 0.0, 0.0554269702348, 0.0, 0.0, 0.0, 0.0, 0.833518182367, 1.0, 0.0599665297399, 0.0, 0.591158627777, 0.234607927325, 1.0, 0.699249827291, 0.0783571888281, 0.0, 0.186745265201, 0.780792436927, 0.0, 0.0, 0.0, 31.0, 0.0, 3.51964395652
0.0, 0.0, 0.0, 0.328121209345, 0.963141697353, 0.0, 0.0, 0.189363725293, 1.0, 0.0, 0.0301545356216, 0.754134651716, 0.139878637677, 1.0, 1.0, 0.346633596772, 0.948041999743, 0.566664604649, 0.0678227175085, 0.555874859542, 1.0, 0.0185464614333, 0.0, 0.480505114839, 1.0, 0.0, 0.799664299271, 0.0, 20.0, 0.0, 7.59344883287
0.0, 0.0, 0.270768935509, 0.0, 0.96953203959, 0.0, 0.0, 0.23856807536, 0.00477876976653, 0.0, 0.0, 1.0, 0.379498580733, 1.0, 1.0, 0.94804241417, 0.925221586662, 1.0, 0.0, 0.979783473525, 0.886869319305, 0.096989109659, 0.0, 0.639410927925, 0.80194833634, 0.0, 1.0, 0.0, 16.0, 0.0, 8.44149734164
0.0, 0.221109672571, 0.0, 0.0, 0.0, 0.0, 0.298470701736, 0.242187931795, 0.0, 0.180315372949, 0.437843499806, 0.0289218054464, 0.339709916649, 0.0, 0.16213779937, 0.209981161379, 0.0, 0.405321054205, 0.24881117257, 0.0, 0.886869319305, 0.170374173223, 0.0, 0.371461712229, 0.0, 0.0422066559027, 0.0148284056755, 0.687941128615, 41.0, 0.0, 1.26042081448
0.707952017846, 1.0, 0.0424126423493, 0.0459856643926, 0.547567143308, 1.0, 0.887793780455, 0.0, 0.545602564726, 0.766004438791, 0.0545415411417, 1.0, 0.357733218374, 1.0, 1.0, 0.870728236583, 0.0, 0.605592966389, 1.0, 0.979783473525, 1.0, 0.197706848128, 0.441261584272, 1.0, 0.825830732303, 0.0, 0.0, 0.930891676236, 8.0, 1.0, 13.0053950456
0.0, 0.221109672571, 0.0, 0.0, 0.0, 0.783862091612, 0.047458684748, 0.0, 0.0, 0.180315372949, 0.511830729373, 0.157034953028, 0.339709916649, 0.0, 0.0, 0.353541824202, 0.0, 0.405321054205, 0.0, 0.0, 0.886869319305, 0.0, 0.0, 0.154667300793, 0.0, 0.0109126289909, 0.0, 0.546399458839, 36.0, 1.0, 2.5672786009
1.0, 0.636160830274, 0.632673998899, 1.0, 0.0, 1.0, 0.250839612411, 1.0, 0.696704645974, 1.0, 0.0, 1.0, 0.0, 1.0, 1.0, 0.616245336107, 0.178893662404, 1.0, 1.0, 0.631786199614, 0.95432567731, 0.096989109659, 1.0, 0.804997550515, 1.0, 0.0, 0.925073403125, 0.0, 2.0, 0.0, 17.6790810616
1.0, 1.0, 0.117936888608, 0.0459856643926, 0.564619729499, 1.0, 1.0, 0.964358720467, 0.0, 0.0, 0.0545415411417, 1.0, 0.402451995222, 1.0, 1.0, 0.934189667336, 0.0, 0.0, 0.353450824364, 0.989060316477, 1.0, 0.0, 0.372581582816, 1.0, 0.0, 0.0, 0.0, 1.0, 10.0, 0.0, 12.2723566888
0.0, 0.0, 0.0424126423493, 0.0, 0.0, 0.0, 0.19814482263, 0.0349254951086, 0.00316189733422, 0.0, 0.0, 0.0, 0.158050617176, 1.0, 0.018393561596, 0.457910224378, 0.0, 0.591158627777, 0.879884568595, 1.0, 0.99408424251, 0.0653577938068, 0.0, 0.186745265201, 0.0, 0.165529849808, 0.0, 0.0, 35.0, 0.0, 3.22033542227
0.0, 0.0, 0.240533684193, 0.0, 0.0, 0.0, 0.0, 0.0, 0.289549316817, 0.0, 0.0, 0.0, 0.0, 1.0, 0.0096987981723, 0.469211398201, 0.0, 0.719097120743, 1.0, 1.0, 0.699249827291, 0.0156342442225, 0.0, 0.186745265201, 0.987984159087, 0.165529849808, 0.0582110732355, 0.620978534643, 27.0, 0.0, 4.72755583601
0.41404983259, 0.0, 0.0393671152819, 0.0, 0.0, 0.0, 0.0, 0.0, 0.0665687174399, 0.0, 0.0, 0.0, 0.0630956023378, 0.0, 0.775734914752, 0.33160422119, 0.0237339549665, 0.373126369543, 1.0, 0.657160674486, 0.82600067063, 0.0189101062861, 0.0, 1.0, 0.0, 0.0887183828495, 1.0, 0.00909914248948, 28.0, 0.0, 3.5890787417
1.0, 0.390421988435, 1.0, 0.754326062, 0.0, 1.0, 0.0, 1.0, 0.823189049016, 1.0, 0.212815486706, 1.0, 0.0, 1.0, 1.0, 1.0, 0.240321298144, 1.0, 0.846621486794, 1.0, 0.95432567731, 0.489414007483, 1.0, 0.766906158107, 1.0, 0.156545719925, 1.0, 0.0, 3.0, 0.0, 16.8227932489
0.91645485351, 0.349992518321, 0.0, 0.0, 0.936944798051, 0.393806859101, 0.0, 0.0, 0.665518709367, 0.0, 0.0, 1.0, 0.510240045296, 1.0, 1.0, 1.0, 0.178893662404, 1.0, 0.624643366313, 0.979783473525, 1.0, 0.0, 0.0, 0.775230324364, 0.0, 0.0, 1.0, 0.0913691936287, 12.0, 0.0, 11.0849102734
0.0, 0.145109091086, 0.0, 0.328121209345, 0.963141697353, 0.0, 0.0, 0.157687410408, 1.0, 0.0, 0.0, 0.754134651716, 0.173375337621, 0.799509158658, 1.0, 0.0119530517143, 0.94014051109, 0.591158627777, 0.0, 0.555874859542, 0.962310356394, 0.0185464614333, 0.0, 0.206290096761, 1.0, 0.0, 0.799664299271, 0.0, 20.0, 0.0, 7.59344883287
0.0, 0.0, 0.217463916906, 0.323208382766, 0.0, 0.950314924393, 0.0, 0.0, 0.356550215371, 0.0, 0.0, 0.4492105139, 0.0, 0.0, 0.267950863785, 0.402802785965, 0.0, 0.0, 0.0, 0.170003858017, 0.754978012893, 0.21277580661, 0.0, 0.0267186175981, 0.0, 0.165529849808, 0.0, 0.0, 44.0, 0.0, 0.87210031825
0.129911598852, 0.0, 0.240533684193, 0.0, 0.0, 0.0, 0.0, 0.0, 0.21160115323, 0.0, 0.0, 0.0, 0.0, 1.0, 0.42930293586, 0.209981161379, 0.0, 0.71883366027, 0.30363675715, 1.0, 1.0, 0.0783571888281, 0.0, 0.55426538423, 0.0, 0.165529849808, 0.0889841529526, 0.0, 32.0, 1.0, 2.82913906979
0.324552316747, 0.221109672571, 0.0, 0.0, 0.0, 0.0, 0.00288447671512, 0.0, 0.0, 0.180315372949, 0.437843499806, 0.157034953028, 0.339709916649, 0.0, 0.382643666039, 0.0257338354591, 0.122398119435, 0.405321054205, 0.24881117257, 0.0, 0.886869319305, 0.214764689661, 0.0, 0.677981086133, 0.0, 0.0422066559027, 0.0148284056755, 0.687941128615, 37.0, 1.0, 1.49966439823
0.0, 0.00623589046147, 0.235626355683, 0.292011089062, 0.0, 0.0, 0.0154058910799, 0.0, 0.822666946686, 0.0, 0.45664286973, 1.0, 0.205639684483, 1.0, 0.161376286037, 0.718511890504, 0.425675389176, 0.78381322856, 0.0, 0.988171157594, 1.0, 0.0328377467181, 0.0, 0.507791088902, 0.911134755875, 0.0, 1.0, 0.0, 18.0, 1.0, 7.877534707
0.41404983259, 0.0, 0.0, 0.0, 0.0, 0.0, 0.0, 0.0, 0.0665687174399, 0.0, 0.0, 0.0, 0.0630956023378, 0.0, 0.822059331206, 1.0, 0.0237339549665, 0.438690468702, 1.0, 0.657160674486, 0.82600067063, 0.0189101062861, 0.0, 1.0, 0.0, 0.195145217586, 1.0, 0.0, 24.0, 0.0, 5.19273711475
0.0, 0.408849532536, 0.0, 0.0, 0.769465082579, 0.0, 0.0, 0.0, 1.0, 0.0549715959063, 0.0, 0.632588502583, 0.250680079234, 1.0, 0.570446169925, 0.222861536805, 1.0, 1.0, 0.0, 0.66549582821, 1.0, 0.0783571888281, 0.0, 0.770002649125, 1.0, 0.0, 0.690798926435, 0.0, 19.0, 0.0, 7.60127521161
0.0, 0.0312294832067, 0.0, 0.263611630778, 1.0, 0.0711321114123, 0.0, 0.0, 0.822666946686, 0.0235012821862, 0.0779356228901, 1.0, 0.379570556451, 0.992160737816, 0.947806918085, 0.076378290203, 0.0, 0.673120280431, 0.0, 1.0, 0.757714422687, 0.0365911239706, 0.0, 0.0, 0.821757180511, 0.0, 0.741609949407, 0.251002477094, 21.0, 0.0, 6.76336256264
0.923603715369, 0.381247676713, 1.0, 0.821389605045, 0.0, 0.566410190929, 0.0, 1.0, 0.0, 0.00269054704503, 0.0, 0.739628804544, 0.0, 1.0, 0.342018094593, 0.577496692716, 0.36995386749, 1.0, 1.0, 0.522396032801, 0.760862982597, 0.317382935059, 0.835080653972, 0.55830178516, 1.0, 0.0, 1.0, 0.0, 6.0, 1.0, 15.0784686241
0.0, 0.0, 0.0, 0.328121209345, 0.963141697353, 0.0, 0.0, 0.0, 1.0, 0.0, 0.0, 0.754134651716, 0.139878637677, 1.0, 0.580900120456, 0.169009216294, 0.94014051109, 0.566664604649, 0.0, 0.555874859542, 1.0, 0.0185464614333, 0.0, 0.51450033362, 1.0, 0.0, 0.799664299271, 0.483143912549, 19.0, 0.0, 7.60127521161
0.0, 0.0, 0.270768935509, 0.0, 0.96953203959, 0.0, 0.0, 0.0, 0.538535062713, 0.0, 0.0301545356216, 1.0, 0.379498580733, 1.0, 1.0, 0.94804241417, 0.733322501185, 0.85034936624, 0.0, 0.979783473525, 0.984220731419, 0.096989109659, 0.0, 0.639410927925, 0.80194833634, 0.0, 1.0, 0.0, 15.0, 0.0, 9.20493358465
0.0, 0.0, 0.213128807695, 0.323208382766, 0.0, 0.640232784379, 0.0, 0.0349254951086, 0.356550215371, 0.0, 0.0, 0.0, 0.0, 0.0, 0.267950863785, 0.317033063159, 0.0, 0.316009216064, 0.0, 0.170003858017, 0.754978012893, 0.000759796246061, 0.0, 0.0267186175981, 0.0, 0.165529849808, 0.0, 0.0, 44.0, 0.0, 0.87210031825
0.0, 0.0312294832067, 0.196178611877, 0.0, 1.0, 0.0, 0.0141961973954, 0.0948265885459, 0.128162532823, 0.0, 0.00338662809883, 0.168376001219, 0.195592593592, 1.0, 0.0739745788759, 0.101432207982, 0.911639234208, 0.655462921224, 0.0, 0.547717239654, 0.510790055794, 0.214764689661, 0.33513740705, 0.817717502035, 1.0, 0.0, 0.391665836324, 0.624916421793, 25.0, 1.0, 5.1454616368
0.0, 0.221109672571, 0.0, 0.0, 0.0, 0.0, 0.298470701736, 0.242187931795, 0.0, 0.180315372949, 0.437843499806, 0.157034953028, 0.339709916649, 0.0, 0.463046059296, 0.1124193811, 0.0, 0.405321054205, 0.24881117257, 0.0, 0.886869319305, 0.170374173223, 0.0, 0.371461712229, 0.0, 0.0422066559027, 0.0148284056755, 0.687941128615, 41.0, 0.0, 1.26042081448
1.0, 1.0, 0.0424126423493, 0.0459856643926, 0.547567143308, 0.783862091612, 1.0, 0.0, 0.545602564726, 0.527352581424, 0.00015217088911, 0.977705857785, 0.0, 1.0, 1.0, 0.870728236583, 0.0, 0.605592966389, 1.0, 0.979783473525, 1.0, 0.0643199731237, 0.441261584272, 1.0, 0.0, 0.0, 0.0, 1.0, 9.0, 1.0, 12.5939432995
0.0, 0.221109672571, 0.0, 0.0, 0.0, 1.0, 0.047458684748, 0.0, 0.0, 0.180315372949, 0.511830729373, 0.157034953028, 0.339709916649, 0.0, 0.0, 0.353541824202, 0.0, 0.405321054205, 0.0, 0.0, 0.886869319305, 0.0, 0.0, 0.0, 0.0, 0.0109126289909, 0.0, 0.705648542385, 36.0, 1.0, 2.5672786009
1.0, 1.0, 0.240533684193, 0.0459856643926, 0.547567143308, 1.0, 0.19814482263, 0.964358720467, 0.0, 0.0, 0.0545415411417, 1.0, 0.0349131097321, 1.0, 1.0, 0.934189667336, 0.0, 0.0, 0.879884568595, 0.979783473525, 1.0, 0.0, 0.372581582816, 1.0, 0.8198190578, 0.0, 0.0, 1.0, 9.0, 0.0, 12.6443093292
0.535431723013, 0.0186830750963, 0.0, 0.286779438706, 1.0, 0.863731986785, 0.0, 0.0, 0.446787635216, 0.0, 0.0, 0.858934496004, 1.0, 1.0, 1.0, 0.657967314645, 0.0304694959643, 1.0, 0.977988097695, 1.0, 1.0, 0.173819079199, 0.910472652886, 0.23621387633, 0.540049066154, 0.0282319193919, 1.0, 0.0, 11.0, 0.0, 11.6682312678
0.41404983259, 0.0, 0.0, 0.0, 0.0, 0.0156804319716, 0.0, 0.0123302644045, 0.0665687174399, 0.0, 0.0, 0.0, 0.0630956023378, 0.0, 0.822059331206, 0.33160422119, 0.01588439595, 0.373126369543, 1.0, 0.657160674486, 0.82600067063, 0.291270298643, 0.0, 1.0, 0.0, 0.165529849808, 1.0, 0.00909914248948, 28.0, 0.0, 3.5890787417
0.91645485351, 0.390421988435, 0.0, 0.0, 0.966157339772, 0.790964785869, 0.0, 0.456948545161, 0.665518709367, 0.0, 0.0, 1.0, 0.250680079234, 1.0, 1.0, 1.0, 0.178893662404, 1.0, 0.0, 0.997631385758, 1.0, 0.0, 0.0, 0.775230324364, 0.0, 0.0, 1.0, 0.0, 13.0, 0.0, 9.94944744861
1.0, 0.0, 0.210950881188, 1.0, 0.0, 1.0, 0.103246956238, 0.623716648982, 0.717300860496, 0.0, 0.0, 1.0, 0.0, 0.549499746099, 1.0, 0.616245336107, 1.0, 1.0, 0.394730145637, 0.752082221744, 0.95432567731, 0.0903542265465, 1.0, 0.55426538423, 0.542144184726, 0.0, 0.598937203103, 0.0, 5.0, 0.0, 15.4152400827
0.0, 0.145109091086, 0.0, 0.328121209345, 0.963141697353, 0.0, 0.0, 0.157687410408, 1.0, 0.368597954831, 0.0, 0.754134651716, 0.139878637677, 1.0, 1.0, 0.169009216294, 0.399448102368, 0.591158627777, 0.0, 0.555874859542, 0.962310356394, 0.096989109659, 0.0, 0.206290096761, 1.0, 0.0, 0.799664299271, 0.0, 21.0, 0.0, 6.76336256264
0.0, 0.0, 0.0424126423493, 0.0, 0.0, 0.0, 0.118079853236, 0.0349254951086, 0.356550215371, 0.0, 0.426197536158, 0.0, 0.158050617176, 0.0, 0.018393561596, 0.457910224378, 0.0, 0.566664604649, 0.353450824364, 0.493387927228, 0.651102294321, 0.0653577938068, 0.478758898895, 0.186745265201, 1.0, 0.165529849808, 0.0501554465702, 0.0, 37.0, 0.0, 2.334736277
0.0, 0.0, 0.217463916906, 0.0804016376902, 0.0, 0.640232784379, 0.0, 0.0, 0.220286666108, 0.0, 0.0, 0.4492105139, 0.0, 1.0, 0.267950863785, 0.402802785965, 0.0, 0.0, 0.0, 0.170003858017, 0.754978012893, 0.000759796246061, 0.0, 0.0267186175981, 0.0, 0.125552107262, 0.0, 0.0, 40.0, 0.0, 1.74014946165
0.0, 0.0399119920442, 0.0975430075574, 0.0, 0.0, 0.0, 0.384065873037, 0.0, 0.0, 0.0, 0.0, 0.0, 0.0, 0.578509846363, 0.018393561596, 0.457910224378, 0.0, 0.662845405592, 0.353450824364, 0.726480862608, 0.699249827291, 0.0156342442225, 0.0, 0.186745265201, 1.0, 0.165529849808, 0.0, 0.0, 32.0, 0.0, 3.23276443713
0.0, 0.0, 0.0, 0.328121209345, 0.963141697353, 0.0, 0.0, 0.0, 1.0, 0.0, 0.0, 0.632588502583, 0.189524614493, 0.0, 1.0, 0.120247108532, 0.94014051109, 0.566664604649, 0.0, 0.555874859542, 1.0, 0.0783571888281, 0.275633464562, 0.51450033362, 1.0, 0.0, 0.799664299271, 0.0, 20.0, 1.0, 6.97127217194
0.810690052283, 1.0, 0.263642029453, 0.0459856643926, 0.547567143308, 1.0, 1.0, 0.964358720467, 0.0, 0.261098475553, 0.0545415411417, 1.0, 0.607770073598, 1.0, 1.0, 0.870728236583, 0.0, 0.0, 0.879884568595, 0.979783473525, 1.0, 0.127024420168, 0.586600743888, 1.0, 0.0, 0.0, 0.0, 1.0, 7.0, 0.0, 14.3509513837
0.283405632203, 0.0, 0.240533684193, 0.0, 0.531027843141, 1.0, 0.0, 0.348566465919, 0.0, 0.0, 0.0, 0.0, 0.611563470521, 0.256832233115, 0.0, 0.405708207347, 0.39845130299, 0.72835229248, 0.0, 0.65798932661, 0.979574770161, 0.0365911239706, 0.0, 0.999045826125, 0.431790493057, 0.843454679295, 0.0, 0.0, 26.0, 1.0, 4.78421403822
0.41404983259, 0.0, 0.0, 0.0, 0.0, 0.0, 0.0, 0.0, 0.0665687174399, 0.0, 0.0, 0.208043834809, 0.0630956023378, 0.0, 0.570446169925, 1.0, 0.0237339549665, 0.968727530796, 1.0, 0.657160674486, 0.82600067063, 0.0189101062861, 0.0, 1.0, 0.0, 0.195145217586, 1.0, 0.0, 23.0, 0.0, 5.79064512381
0.0, 0.408849532536, 0.0, 0.0, 0.991770701877, 0.532992137129, 0.0, 0.0, 0.955438591554, 0.0549715959063, 0.0, 0.632588502583, 0.250680079234, 0.992160737816, 0.894043699072, 0.222861536805, 1.0, 1.0, 0.0, 0.66549582821, 1.0, 0.0223464096134, 0.0, 0.770002649125, 1.0, 0.0, 0.690798926435, 0.0, 18.0, 0.0, 8.07730617802
0.0, 0.0312294832067, 0.0, 0.263611630778, 1.0, 0.0711321114123, 0.0, 0.0, 0.822666946686, 0.0235012821862, 0.0779356228901, 1.0, 0.379570556451, 1.0, 0.947806918085, 0.076378290203, 0.0, 0.673120280431, 0.0, 1.0, 0.757714422687, 0.0365911239706, 0.0, 0.0, 0.821757180511, 0.0, 0.741609949407, 0.0, 21.0, 0.0, 6.76336256264
0.0, 0.0312294832067, 0.0860717713609, 0.263611630778, 1.0, 0.176069210397, 0.298470701736, 0.376491334374, 0.74686289553, 0.0, 0.0, 1.0, 0.254108820111, 1.0, 0.997050685791, 0.616245336107, 0.0, 0.988472430463, 0.0, 1.0, 1.0, 0.0303475278789, 0.33513740705, 0.0, 0.542144184726, 0.0, 0.598937203103, 0.0, 17.0, 0.0, 8.36702093569
0.0451146475744, 0.0, 0.240533684193, 0.0, 0.0, 0.0, 0.0, 0.0, 0.0554269702348, 0.0, 0.0, 0.0, 0.0, 0.833518182367, 1.0, 0.0599665297399, 0.0, 0.591158627777, 0.234607927325, 1.0, 0.699249827291, 0.0783571888281, 0.0, 0.186745265201, 0.780792436927, 0.0, 0.0, 0.0, 31.0, 0.0, 3.51964395652
0.0, 0.0, 0.0, 0.328121209345, 0.963141697353, 0.0, 0.0, 0.189363725293, 1.0, 0.0, 0.0301545356216, 0.754134651716, 0.139878637677, 1.0, 1.0, 0.346633596772, 0.948041999743, 0.566664604649, 0.0678227175085, 0.555874859542, 1.0, 0.0185464614333, 0.0, 0.480505114839, 1.0, 0.0, 0.799664299271, 0.0, 20.0, 0.0, 7.59344883287
0.0, 0.0, 0.270768935509, 0.0, 0.96953203959, 0.0, 0.0, 0.23856807536, 0.00477876976653, 0.0, 0.0, 1.0, 0.379498580733, 1.0, 1.0, 0.94804241417, 0.925221586662, 1.0, 0.0, 0.979783473525, 0.886869319305, 0.096989109659, 0.0, 0.639410927925, 0.80194833634, 0.0, 1.0, 0.0, 16.0, 0.0, 8.44149734164
0.0, 0.0, 0.237443853684, 0.323208382766, 0.0, 0.640232784379, 0.0, 0.0, 0.356550215371, 0.0, 0.0, 0.0, 0.0, 0.0, 0.246282168102, 0.317033063159, 0.0, 0.316009216064, 0.0, 0.170003858017, 0.754978012893, 0.000759796246061, 0.0, 0.0267186175981, 0.0, 0.165529849808, 0.0, 0.0, 44.0, 0.0, 0.87210031825
0.0, 0.221109672571, 0.0, 0.0, 0.0, 0.0, 0.298470701736, 0.242187931795, 0.0, 0.180315372949, 0.437843499806, 0.0289218054464, 0.339709916649, 0.0, 0.16213779937, 0.209981161379, 0.0, 0.405321054205, 0.24881117257, 0.0, 0.886869319305, 0.170374173223, 0.0, 0.371461712229, 0.0, 0.0422066559027, 0.0148284056755, 0.687941128615, 41.0, 0.0, 1.26042081448
0.707952017846, 1.0, 0.0424126423493, 0.0459856643926, 0.547567143308, 1.0, 0.887793780455, 0.0, 0.545602564726, 0.766004438791, 0.0545415411417, 1.0, 0.357733218374, 1.0, 1.0, 0.870728236583, 0.0, 0.605592966389, 1.0, 0.979783473525, 1.0, 0.197706848128, 0.441261584272, 1.0, 0.825830732303, 0.0, 0.0, 0.930891676236, 8.0, 1.0, 13.0053950456
0.0, 0.221109672571, 0.0, 0.0, 0.0, 0.783862091612, 0.047458684748, 0.0, 0.0, 0.180315372949, 0.511830729373, 0.157034953028, 0.339709916649, 0.0, 0.0, 0.353541824202, 0.0, 0.405321054205, 0.0, 0.0, 0.886869319305, 0.0, 0.0, 0.154667300793, 0.0, 0.0109126289909, 0.0, 0.546399458839, 36.0, 1.0, 2.5672786009
1.0, 0.636160830274, 0.632673998899, 1.0, 0.0, 1.0, 0.250839612411, 1.0, 0.696704645974, 1.0, 0.0, 1.0, 0.0, 1.0, 1.0, 0.616245336107, 0.178893662404, 1.0, 1.0, 0.631786199614, 0.95432567731, 0.096989109659, 1.0, 0.804997550515, 1.0, 0.0, 0.925073403125, 0.0, 2.0, 0.0, 17.6790810616
1.0, 1.0, 0.117936888608, 0.0459856643926, 0.564619729499, 1.0, 1.0, 0.964358720467, 0.0, 0.0, 0.0545415411417, 1.0, 0.402451995222, 1.0, 1.0, 0.934189667336, 0.0, 0.0, 0.353450824364, 0.989060316477, 1.0, 0.0, 0.372581582816, 1.0, 0.0, 0.0, 0.0, 1.0, 10.0, 0.0, 12.2723566888
0.0, 0.0, 0.0424126423493, 0.0, 0.0, 0.0, 0.19814482263, 0.0349254951086, 0.00316189733422, 0.0, 0.0, 0.0, 0.158050617176, 1.0, 0.018393561596, 0.457910224378, 0.0, 0.591158627777, 0.879884568595, 1.0, 0.99408424251, 0.0653577938068, 0.0, 0.186745265201, 0.0, 0.165529849808, 0.0, 0.0, 35.0, 0.0, 3.22033542227
0.0, 0.0, 0.240533684193, 0.0, 0.0, 0.0, 0.0, 0.0, 0.289549316817, 0.0, 0.0, 0.0, 0.0, 1.0, 0.0096987981723, 0.469211398201, 0.0, 0.719097120743, 1.0, 1.0, 0.699249827291, 0.0156342442225, 0.0, 0.186745265201, 0.987984159087, 0.165529849808, 0.0582110732355, 0.620978534643, 27.0, 0.0, 4.72755583601
0.41404983259, 0.0, 0.0393671152819, 0.0, 0.0, 0.0, 0.0, 0.0, 0.0665687174399, 0.0, 0.0, 0.0, 0.0630956023378, 0.0, 0.775734914752, 0.33160422119, 0.0237339549665, 0.373126369543, 1.0, 0.657160674486, 0.82600067063, 0.0189101062861, 0.0, 1.0, 0.0, 0.0887183828495, 1.0, 0.00909914248948, 28.0, 0.0, 3.5890787417
1.0, 0.390421988435, 1.0, 0.754326062, 0.0, 1.0, 0.0, 1.0, 0.823189049016, 1.0, 0.212815486706, 1.0, 0.0, 1.0, 1.0, 1.0, 0.240321298144, 1.0, 0.846621486794, 1.0, 0.95432567731, 0.489414007483, 1.0, 0.766906158107, 1.0, 0.156545719925, 1.0, 0.0, 3.0, 0.0, 16.8227932489
0.91645485351, 0.349992518321, 0.0, 0.0, 0.936944798051, 0.393806859101, 0.0, 0.0, 0.665518709367, 0.0, 0.0, 1.0, 0.510240045296, 1.0, 1.0, 1.0, 0.178893662404, 1.0, 0.624643366313, 0.979783473525, 1.0, 0.0, 0.0, 0.775230324364, 0.0, 0.0, 1.0, 0.0913691936287, 12.0, 0.0, 11.0849102734
0.0, 0.145109091086, 0.0, 0.328121209345, 0.963141697353, 0.0, 0.0, 0.157687410408, 1.0, 0.0, 0.0, 0.754134651716, 0.173375337621, 0.799509158658, 1.0, 0.0119530517143, 0.94014051109, 0.591158627777, 0.0, 0.555874859542, 0.962310356394, 0.0185464614333, 0.0, 0.206290096761, 1.0, 0.0, 0.799664299271, 0.0, 20.0, 0.0, 7.59344883287
0.0, 0.0, 0.217463916906, 0.323208382766, 0.0, 0.950314924393, 0.0, 0.0, 0.356550215371, 0.0, 0.0, 0.4492105139, 0.0, 0.0, 0.267950863785, 0.402802785965, 0.0, 0.0, 0.0, 0.170003858017, 0.754978012893, 0.21277580661, 0.0, 0.0267186175981, 0.0, 0.165529849808, 0.0, 0.0, 44.0, 0.0, 0.87210031825
0.0, 0.0399119920442, 0.240533684193, 0.0, 0.0, 0.0, 0.0, 0.0, 0.0, 0.0, 0.0, 0.0, 0.0, 1.0, 0.018393561596, 0.457910224378, 0.0, 0.662845405592, 0.353450824364, 0.726480862608, 0.699249827291, 0.0156342442225, 0.0, 0.186745265201, 1.0, 0.125552107262, 0.0, 0.0, 32.0, 0.0, 3.23276443713
0.129911598852, 0.0, 0.240533684193, 0.0, 0.0, 0.0, 0.0, 0.0, 0.21160115323, 0.0, 0.0, 0.0, 0.0, 1.0, 0.42930293586, 0.209981161379, 0.0, 0.71883366027, 0.30363675715, 1.0, 1.0, 0.0783571888281, 0.0, 0.55426538423, 0.0, 0.165529849808, 0.0889841529526, 0.0, 32.0, 1.0, 2.82913906979
0.324552316747, 0.221109672571, 0.0, 0.0, 0.0, 0.0, 0.00288447671512, 0.0, 0.0, 0.180315372949, 0.437843499806, 0.157034953028, 0.339709916649, 0.0, 0.382643666039, 0.0257338354591, 0.122398119435, 0.405321054205, 0.24881117257, 0.0, 0.886869319305, 0.214764689661, 0.0, 0.677981086133, 0.0, 0.0422066559027, 0.0148284056755, 0.687941128615, 37.0, 1.0, 1.49966439823
0.0, 0.00623589046147, 0.235626355683, 0.292011089062, 0.0, 0.0, 0.0154058910799, 0.0, 0.822666946686, 0.0, 0.45664286973, 1.0, 0.205639684483, 1.0, 0.161376286037, 0.718511890504, 0.425675389176, 0.78381322856, 0.0, 0.988171157594, 1.0, 0.0328377467181, 0.0, 0.507791088902, 0.911134755875, 0.0, 1.0, 0.0, 18.0, 1.0, 7.877534707
0.41404983259, 0.0, 0.0, 0.0, 0.0, 0.0, 0.0, 0.0, 0.0665687174399, 0.0, 0.0, 0.0, 0.0630956023378, 0.0, 0.822059331206, 1.0, 0.0237339549665, 0.438690468702, 1.0, 0.657160674486, 0.82600067063, 0.0189101062861, 0.0, 1.0, 0.0, 0.195145217586, 1.0, 0.0, 24.0, 0.0, 5.19273711475
0.0, 0.408849532536, 0.0, 0.0, 0.769465082579, 0.0, 0.0, 0.0, 1.0, 0.0549715959063, 0.0, 0.632588502583, 0.250680079234, 1.0, 0.570446169925, 0.222861536805, 1.0, 1.0, 0.0, 0.66549582821, 1.0, 0.0783571888281, 0.0, 0.770002649125, 1.0, 0.0, 0.690798926435, 0.0, 19.0, 0.0, 7.60127521161
0.0, 0.0312294832067, 0.0, 0.263611630778, 1.0, 0.0711321114123, 0.0, 0.0, 0.822666946686, 0.0235012821862, 0.0779356228901, 1.0, 0.379570556451, 0.992160737816, 0.947806918085, 0.076378290203, 0.0, 0.673120280431, 0.0, 1.0, 0.757714422687, 0.0365911239706, 0.0, 0.0, 0.821757180511, 0.0, 0.741609949407, 0.251002477094, 21.0, 0.0, 6.76336256264
0.923603715369, 0.381247676713, 1.0, 0.821389605045, 0.0, 0.566410190929, 0.0, 1.0, 0.0, 0.00269054704503, 0.0, 0.739628804544, 0.0, 1.0, 0.342018094593, 0.577496692716, 0.36995386749, 1.0, 1.0, 0.522396032801, 0.760862982597, 0.317382935059, 0.835080653972, 0.55830178516, 1.0, 0.0, 1.0, 0.0, 6.0, 1.0, 15.0784686241
0.0451146475744, 0.0, 0.240533684193, 0.0, 0.0, 0.0, 0.0, 0.0, 0.21160115323, 0.0, 0.0, 0.0, 0.0, 1.0, 0.277896542097, 0.0599665297399, 0.0, 0.591158627777, 0.234607927325, 1.0, 0.699249827291, 0.0783571888281, 0.0, 0.186745265201, 0.780792436927, 0.0, 0.0, 0.0, 32.0, 0.0, 3.23276443713
0.0, 0.0, 0.0, 0.328121209345, 0.963141697353, 0.0, 0.0, 0.0, 1.0, 0.0, 0.0, 0.754134651716, 0.139878637677, 1.0, 0.580900120456, 0.169009216294, 0.94014051109, 0.566664604649, 0.0, 0.555874859542, 1.0, 0.0185464614333, 0.0, 0.51450033362, 1.0, 0.0, 0.799664299271, 0.483143912549, 19.0, 0.0, 7.60127521161
0.0, 0.0, 0.270768935509, 0.0, 0.96953203959, 0.0, 0.0, 0.0, 0.538535062713, 0.0, 0.0301545356216, 1.0, 0.379498580733, 1.0, 1.0, 0.94804241417, 0.733322501185, 0.85034936624, 0.0, 0.979783473525, 0.984220731419, 0.096989109659, 0.0, 0.639410927925, 0.80194833634, 0.0, 1.0, 0.0, 15.0, 0.0, 9.20493358465
0.0, 0.0, 0.0424126423493, 0.0, 0.0, 0.0, 0.0, 0.0, 0.00477876976653, 0.0, 0.0, 0.0520524859406, 0.158050617176, 1.0, 0.018393561596, 0.457910224378, 0.495450225297, 0.591158627777, 0.353450824364, 1.0, 0.962310356394, 0.0653577938068, 0.478758898895, 0.186745265201, 1.0, 0.125552107262, 0.0501554465702, 0.0, 32.0, 0.0, 3.23276443713
0.0, 0.0, 0.213128807695, 0.323208382766, 0.0, 0.640232784379, 0.0, 0.0349254951086, 0.356550215371, 0.0, 0.0, 0.0, 0.0, 0.0, 0.267950863785, 0.317033063159, 0.0, 0.316009216064, 0.0, 0.170003858017, 0.754978012893, 0.000759796246061, 0.0, 0.0267186175981, 0.0, 0.165529849808, 0.0, 0.0, 44.0, 0.0, 0.87210031825
