0.270240034753, 0.855035706472, 86.0203962831, 0.453312005748, 74.8496249969, 2.57572938691, 0.975989004989, 3.18678227865, 1.00027036076, 2079.3778267, 0.0186928215675, 0.0
0.178635101586, 0.829332025221, 86.0203962831, 0.483519977483, 1.93120816747, 2.57572938691, 0.975989004989, 2.00404860561, 1.00170538413, 1797.68112471, 0.0744522614206, 0.71186440678
0.215634285567, 0.838138073578, 80.0975930318, 0.582202446795, 17.2792961359, 1.36026029623, 0.0276323863837, 1.79102275739, 6.04277546129, 1928.22354002, 0.0303793950733, 0.2
0.339943275494, 0.828332361716, 92.4972766013, 0.544200015477, 87.5847253892, 1.31788450047, 0.084093610269, 4.91779929809, 5.65520895963, 2630.54225586, 0.0142134545657, 0.0526315789474
0.395617184823, 0.838951090183, 86.0203962831, 0.531143623415, 66.3358496776, 1.94456858772, 0.975989004989, 1.97381269498, 1.00002932435, 1897.16790349, 0.0591483388568, 0.6
0.215634285567, 0.840684607095, 80.0109583736, 0.615934577211, 1.93120816747, 1.36026029623, 0.803223561258, 4.14797944337, 6.04277546129, 1977.40862268, 0.017505365676, 0.111111111111
0.215634285567, 0.872321251172, 80.0129228682, 0.448088936681, 74.8496249969, 2.57572938691, 0.803223561258, 4.14797944337, 1.00170538413, 1996.04646565, 0.0265991125962, 0.0
0.748954761689, 0.865155761217, 84.8776136368, 0.617221687364, 43.9919127136, 3.5244210324, 0.316649440651, 3.91046094414, 13.1196836196, 1218.16972246, 0.0880469180724, 0.0
0.215634285567, 0.877311013961, 80.0975930318, 0.482305002165, 1.93120816747, 1.36026029623, 0.0957549690988, 4.94532574866, 6.04277546129, 2746.97675865, 0.00727417511455, 0.0833333333333
0.215634285567, 0.877311013961, 80.0975930318, 0.482305002165, 1.93120816747, 1.36026029623, 0.321090855797, 4.14797944337, 6.04277546129, 2585.7114564, 0.0126997235261, 0.0909090909091
0.270240034753, 0.838951090183, 84.0014342771, 0.411882834465, 74.8496249969, 2.57572938691, 0.975989004989, 3.85125746284, 1.00027036076, 2545.7491795, 0.00814867005496, 0.5
0.270240034753, 0.855035706472, 86.0203962831, 0.453312005748, 74.8496249969, 2.57572938691, 0.975989004989, 3.18678227865, 1.00027036076, 2079.3778267, 0.0186928215675, 0.0
0.178635101586, 0.829332025221, 86.0203962831, 0.483519977483, 1.93120816747, 2.57572938691, 0.975989004989, 2.00404860561, 1.00170538413, 1797.68112471, 0.0744522614206, 0.71186440678
0.215634285567, 0.838138073578, 80.0975930318, 0.582202446795, 17.2792961359, 1.36026029623, 0.0276323863837, 1.79102275739, 6.04277546129, 1928.22354002, 0.0303793950733, 0.2
0.339943275494, 0.828332361716, 92.4972766013, 0.544200015477, 87.5847253892, 1.31788450047, 0.084093610269, 4.91779929809, 5.65520895963, 2630.54225586, 0.0142134545657, 0.0526315789474
0.395617184823, 0.838951090183, 86.0203962831, 0.531143623415, 66.3358496776, 1.94456858772, 0.975989004989, 1.97381269498, 1.00002932435, 1897.16790349, 0.0591483388568, 0.6
0.215634285567, 0.840684607095, 80.0109583736, 0.615934577211, 1.93120816747, 1.36026029623, 0.803223561258, 4.14797944337, 6.04277546129, 1977.40862268, 0.017505365676, 0.111111111111
0.215634285567, 0.872321251172, 80.0129228682, 0.448088936681, 74.8496249969, 2.57572938691, 0.803223561258, 4.14797944337, 1.00170538413, 1996.04646565, 0.0265991125962, 0.0
0.748954761689, 0.865155761217, 84.8776136368, 0.617221687364, 43.9919127136, 3.5244210324, 0.316649440651, 3.91046094414, 13.1196836196, 1218.16972246, 0.0880469180724, 0.0
0.215634285567, 0.877311013961, 80.0975930318, 0.482305002165, 1.93120816747, 1.36026029623, 0.0957549690988, 4.94532574866, 6.04277546129, 2746.97675865, 0.00727417511455, 0.0833333333333
0.215634285567, 0.877311013961, 80.0975930318, 0.482305002165, 1.93120816747, 1.36026029623, 0.321090855797, 4.14797944337, 6.04277546129, 2585.7114564, 0.0126997235261, 0.0909090909091
0.270240034753, 0.838951090183, 84.0014342771, 0.411882834465, 74.8496249969, 2.57572938691, 0.975989004989, 3.85125746284, 1.00027036076, 2545.7491795, 0.00814867005496, 0.5
0.175579565395, 0.855035706472, 89.7507581046, 0.439837758556, 74.1836330799, 5.37778000205, 0.353991116496, 4.38755462588, 11.1464337756, 1635.24665001, 0.131805089921, 0.421052631579
0.631966525013, 0.828645044198, 80.1336259303, 0.400847875844, 66.9564407459, 4.14455320658, 0.243745813726, 1.70967204748, 11.5131091821, 1721.34262809, 0.17976400865, 0.352941176471
0.215634285567, 0.863580668046, 80.0975930318, 0.482305002165, 7.3124605651, 15.2300847843, 0.694488150082, 4.91779929809, 5.65520895963, 1230.94689377, 0.221916921701, 0.0
0.175579565395, 0.855035706472, 89.7507581046, 0.439837758556, 74.1836330799, 5.37778000205, 0.353991116496, 4.38755462588, 11.1464337756, 1635.24665001, 0.131805089921, 0.421052631579
0.631966525013, 0.828645044198, 80.1336259303, 0.400847875844, 66.9564407459, 4.14455320658, 0.243745813726, 1.70967204748, 11.5131091821, 1721.34262809, 0.17976400865, 0.352941176471
0.215634285567, 0.863580668046, 80.0975930318, 0.482305002165, 7.3124605651, 15.2300847843, 0.694488150082, 4.91779929809, 5.65520895963, 1230.94689377, 0.221916921701, 0.0
0.215634285567, 0.838138073578, 86.5467759615, 0.482305002165, 1.27078092484, 1.36026029623, 0.975989004989, 4.14797944337, 6.04277546129, 2051.58310657, 0.0271272374998, 0.1
0.215634285567, 0.838138073578, 86.5467759615, 0.482305002165, 1.27078092484, 1.36026029623, 0.975989004989, 4.14797944337, 6.04277546129, 2051.58310657, 0.0271272374998, 0.1
0.302625247599, 0.83838336414, 80.1336259303, 0.555816099235, 66.9564407459, 36.8546964445, 0.000581197217481, 2.11731440804, 7.33846730913, 1873.95277197, 0.41988880329, 0.0
0.357928338887, 0.834181525788, 83.6444585898, 0.601956209724, 58.5741518269, 41.8330155595, 0.747201819201, 0.837158636721, 14.8540224755, 1771.60290089, 0.534535928889, 0.1
0.302625247599, 0.83838336414, 80.1336259303, 0.555816099235, 66.9564407459, 36.8546964445, 0.000581197217481, 2.11731440804, 7.33846730913, 1873.95277197, 0.41988880329, 0.0
0.357928338887, 0.834181525788, 83.6444585898, 0.601956209724, 58.5741518269, 41.8330155595, 0.747201819201, 0.837158636721, 14.8540224755, 1771.60290089, 0.534535928889, 0.1
0.229397318899, 0.865155761217, 82.4339603442, 0.471410618232, 68.2499123936, 13.9931743398, 0.666822152936, 3.32196249844, 6.56130748067, 1794.07848209, 0.220568986474, 0.578947368421
0.229397318899, 0.865155761217, 82.4339603442, 0.471410618232, 68.2499123936, 13.9931743398, 0.666822152936, 3.32196249844, 6.56130748067, 1794.07848209, 0.220568986474, 0.578947368421
0.342977792867, 0.822991473519, 80.0975930318, 0.591090077192, 58.5741518269, 48.6273373611, 0.694488150082, 2.54223418263, 15.3409089128, 1995.77193247, 0.514776929912, 0.0
0.342977792867, 0.822991473519, 80.0975930318, 0.591090077192, 58.5741518269, 48.6273373611, 0.694488150082, 2.54223418263, 15.3409089128, 1995.77193247, 0.514776929912, 0.0
0.136619149857, 1.15953960141, 84.3484178208, 0.625548803858, 57.5504877876, 1.34617922745, 0.362658047968, 0.593377260356, 14.3638166287, 11387.6754778, 0.0142428256077, 0.47619047619
0.215634285567, 1.02290887654, 80.0975930318, 0.476250310986, 25.9027689248, 1.36026029623, 0.394402704214, 4.14797944337, 6.04277546129, 4724.1385496, 0.0159203827674, 0.333333333333
0.136619149857, 1.15953960141, 84.3484178208, 0.625548803858, 57.5504877876, 1.34617922745, 0.362658047968, 0.593377260356, 14.3638166287, 11387.6754778, 0.0142428256077, 0.47619047619
0.215634285567, 1.02290887654, 80.0975930318, 0.476250310986, 25.9027689248, 1.36026029623, 0.394402704214, 4.14797944337, 6.04277546129, 4724.1385496, 0.0159203827674, 0.333333333333
0.229397318899, 0.829927734676, 88.031772366, 0.471410618232, 95.4738018494, 33.0194932639, 0.20596993115, 4.61836728304, 1.04248349858, 1975.6311457, 0.317142961673, 0.30303030303
0.229397318899, 0.829927734676, 88.031772366, 0.471410618232, 95.4738018494, 33.0194932639, 0.20596993115, 4.61836728304, 1.04248349858, 1975.6311457, 0.317142961673, 0.30303030303
0.200518817308, 0.863580668046, 92.4972766013, 0.482305002165, 87.5847253892, 1.31788450047, 0.975989004989, 4.91779929809, 5.65520895963, 2774.05347571, 0.0161850481077, 0.5
0.200518817308, 0.863580668046, 92.4972766013, 0.482305002165, 87.5847253892, 1.31788450047, 0.975989004989, 4.91779929809, 5.65520895963, 2774.05347571, 0.0161850481077, 0.5
0.215634285567, 0.877311013961, 80.0975930318, 0.476250310986, 25.9027689248, 1.36026029623, 0.394402704214, 4.14797944337, 6.04277546129, 2276.45693005, 0.0207366079398, 0.222222222222
0.215634285567, 0.877311013961, 80.0975930318, 0.476250310986, 25.9027689248, 1.36026029623, 0.394402704214, 4.14797944337, 6.04277546129, 2276.45693005, 0.0207366079398, 0.222222222222
0.395617184823, 0.838951090183, 86.0203962831, 0.483519977483, 74.8496249969, 1.94456858772, 0.975989004989, 1.97381269498, 11.4276449704, 2301.30724446, 0.0532038505196, 0.0952380952381
0.109380159819, 0.969569470048, 85.9403087419, 0.614407559806, 90.2963176292, 10.5719836787, 0.550410585709, 3.38655550366, 9.28212082981, 4174.58536648, 0.0300529379662, 0.0
0.395617184823, 0.838951090183, 86.0203962831, 0.483519977483, 74.8496249969, 1.94456858772, 0.975989004989, 1.97381269498, 11.4276449704, 2301.30724446, 0.0532038505196, 0.0952380952381
0.109380159819, 0.969569470048, 85.9403087419, 0.614407559806, 90.2963176292, 10.5719836787, 0.550410585709, 3.38655550366, 9.28212082981, 4174.58536648, 0.0300529379662, 0.0
0.200518817308, 0.863580668046, 80.0975930318, 0.482305002165, 1.27078092484, 1.31788450047, 0.694488150082, 4.91779929809, 7.10585130855, 2378.34749463, 0.0239331566191, 0.37037037037
0.200518817308, 0.863580668046, 80.0975930318, 0.482305002165, 1.27078092484, 1.31788450047, 0.694488150082, 4.91779929809, 7.10585130855, 2378.34749463, 0.0239331566191, 0.37037037037
0.215634285567, 1.05862189317, 80.0975930318, 0.482305002165, 1.93120816747, 2.57572938691, 0.694488150082, 4.91779929809, 5.65520895963, 4946.34990204, 0.0196967767971, 0.1
0.215634285567, 1.05862189317, 80.0975930318, 0.482305002165, 1.93120816747, 2.57572938691, 0.694488150082, 4.91779929809, 5.65520895963, 4946.34990204, 0.0196967767971, 0.1
0.407118786111, 0.820963973123, 83.3174571846, 0.53796333699, 62.0309132457, 6.45682806876, 1.36086058004, 3.18636308233, 17.118952511, 4116.01006035, 0.130397231691, 0.0
0.407118786111, 0.820963973123, 83.3174571846, 0.53796333699, 62.0309132457, 6.45682806876, 1.36086058004, 3.18636308233, 17.118952511, 4116.01006035, 0.130397231691, 0.0
0.395617184823, 0.822991473519, 80.0975930318, 0.591090077192, 29.8627344956, 49.2908259956, 0.694488150082, 2.54223418263, 15.3409089128, 2596.77474376, 0.359870240989, 0.0416666666667
0.302625247599, 0.882864959103, 80.1336259303, 0.686830958334, 66.9564407459, 24.5445820887, 0.000581197217481, 0.765846990792, 15.3409089128, 2232.0673883, 0.39066782836, 0.037037037037
0.302625247599, 0.960940781673, 83.3174571846, 0.603236102119, 66.9564407459, 36.8546964445, 0.41965475301, 0.964677186496, 17.118952511, 4029.26903992, 0.39856259649, 0.0
0.395617184823, 0.822991473519, 80.0975930318, 0.591090077192, 29.8627344956, 49.2908259956, 0.694488150082, 2.54223418263, 15.3409089128, 2596.77474376, 0.359870240989, 0.0416666666667
0.302625247599, 0.882864959103, 80.1336259303, 0.686830958334, 66.9564407459, 24.5445820887, 0.000581197217481, 0.765846990792, 15.3409089128, 2232.0673883, 0.39066782836, 0.037037037037
0.302625247599, 0.960940781673, 83.3174571846, 0.603236102119, 66.9564407459, 36.8546964445, 0.41965475301, 0.964677186496, 17.118952511, 4029.26903992, 0.39856259649, 0.0
0.342977792867, 0.822991473519, 88.8849976874, 0.580750598634, 29.8627344956, 44.2277767281, 0.0998284600412, 4.77274028695, 15.3409089128, 2525.4236125, 0.453278185422, 0.0
0.342977792867, 0.822991473519, 88.8849976874, 0.580750598634, 29.8627344956, 44.2277767281, 0.0998284600412, 4.77274028695, 15.3409089128, 2525.4236125, 0.453278185422, 0.0
0.395617184823, 0.822991473519, 88.8849976874, 0.637620408707, 29.8627344956, 44.2277767281, 0.0998284600412, 3.96236968604, 15.3409089128, 2097.27406943, 0.630371010797, 0.0
0.395617184823, 0.822991473519, 88.8849976874, 0.637620408707, 29.8627344956, 44.2277767281, 0.0998284600412, 3.96236968604, 15.3409089128, 2097.27406943, 0.630371010797, 0.0
0.280568537081, 0.882864959103, 81.6128737691, 0.681694778898, 3.85077062657, 47.4110534666, 0.237637146314, 0.409325864287, 3.61922164759, 4247.79041428, 0.346827391943, 0.0
0.280568537081, 0.882864959103, 81.6128737691, 0.681694778898, 3.85077062657, 47.4110534666, 0.237637146314, 0.409325864287, 3.61922164759, 4247.79041428, 0.346827391943, 0.0
0.357928338887, 0.834181525788, 81.867316674, 0.687482862644, 58.5741518269, 41.8330155595, 0.416631117175, 0.627083513416, 16.1712994877, 1998.61132139, 0.486594135915, 0.416666666667
0.357928338887, 0.834181525788, 81.867316674, 0.687482862644, 58.5741518269, 41.8330155595, 0.416631117175, 0.627083513416, 16.1712994877, 1998.61132139, 0.486594135915, 0.416666666667
0.215634285567, 0.877311013961, 80.048350313, 0.482305002165, 1.93120816747, 1.36026029623, 0.694488150082, 4.14797944337, 6.04277546129, 2777.36652133, 0.0211195027214, 0.3125
0.215634285567, 0.877311013961, 80.048350313, 0.482305002165, 1.93120816747, 1.36026029623, 0.694488150082, 4.14797944337, 6.04277546129, 2777.36652133, 0.0211195027214, 0.3125
0.200518817308, 0.863580668046, 80.0975930318, 0.482305002165, 74.8496249969, 1.31788450047, 0.138439279753, 4.91779929809, 5.65520895963, 2669.47192437, 0.0247550431273, 0.541666666667
0.200518817308, 0.863580668046, 80.0975930318, 0.482305002165, 74.8496249969, 1.31788450047, 0.138439279753, 4.91779929809, 5.65520895963, 2669.47192437, 0.0247550431273, 0.541666666667
0.395617184823, 0.838951090183, 91.2425512692, 0.483519977483, 74.8496249969, 1.94456858772, 0.975989004989, 1.97381269498, 13.2778332386, 2236.98471502, 0.0690149171055, 0.322580645161
0.395617184823, 0.838951090183, 91.2425512692, 0.483519977483, 74.8496249969, 1.94456858772, 0.975989004989, 1.97381269498, 13.2778332386, 2236.98471502, 0.0690149171055, 0.322580645161
0.178635101586, 0.821593177087, 86.0203962831, 0.483519977483, 74.8496249969, 15.2300847843, 0.975989004989, 2.00404860561, 1.00170538413, 2089.27186517, 0.0777705385794, 0.666666666667
0.178635101586, 0.821593177087, 86.0203962831, 0.483519977483, 74.8496249969, 15.2300847843, 0.975989004989, 2.00404860561, 1.00170538413, 2089.27186517, 0.0777705385794, 0.666666666667
0.631966525013, 0.828645044198, 88.0387034064, 0.400847875844, 81.0492619885, 4.14455320658, 0.929361395098, 1.70967204748, 11.5131091821, 2104.24619933, 0.0951989951902, 0.142857142857
0.631966525013, 0.828645044198, 88.0387034064, 0.400847875844, 81.0492619885, 4.14455320658, 0.929361395098, 1.70967204748, 11.5131091821, 2104.24619933, 0.0951989951902, 0.142857142857
0.270240034753, 0.838951090183, 86.0203962831, 0.437351984105, 87.218156114, 2.57572938691, 0.975989004989, 3.18678227865, 1.00027036076, 2863.96299604, 0.0233999293283, 0.461538461538
0.270240034753, 0.838951090183, 86.0203962831, 0.437351984105, 87.218156114, 2.57572938691, 0.975989004989, 3.18678227865, 1.00027036076, 2863.96299604, 0.0233999293283, 0.461538461538
0.215634285567, 1.19021710945, 80.0975930318, 0.482305002165, 1.93120816747, 1.36026029623, 0.321090855797, 4.14797944337, 6.04277546129, 10884.0965839, 0.0267148948523, 0.151515151515
0.215634285567, 1.19021710945, 80.0975930318, 0.482305002165, 1.93120816747, 1.36026029623, 0.321090855797, 4.14797944337, 6.04277546129, 10884.0965839, 0.0267148948523, 0.151515151515
0.302625247599, 0.882864959103, 85.4353061501, 0.687482862644, 19.1244596858, 36.8546964445, 0.000581197217481, 2.11731440804, 7.33846730913, 2094.91861634, 0.372119519865, 0.157894736842
0.302625247599, 0.882864959103, 85.4353061501, 0.687482862644, 19.1244596858, 36.8546964445, 0.000581197217481, 2.11731440804, 7.33846730913, 2094.91861634, 0.372119519865, 0.157894736842
0.215634285567, 0.838138073578, 80.0975930318, 0.483519977483, 1.27078092484, 1.36026029623, 0.0276323863837, 1.79102275739, 1.0014059414, 2363.41075628, 0.0347137036134, 0.611111111111
0.215634285567, 0.872321251172, 91.9493518844, 0.448088936681, 1.93120816747, 1.36026029623, 0.803223561258, 4.72250990281, 6.04277546129, 2500.69755192, 0.0490370076015, 0.357142857143
0.215634285567, 0.838138073578, 80.0975930318, 0.483519977483, 1.27078092484, 1.36026029623, 0.0276323863837, 1.79102275739, 1.0014059414, 2363.41075628, 0.0347137036134, 0.611111111111
0.215634285567, 0.872321251172, 91.9493518844, 0.448088936681, 1.93120816747, 1.36026029623, 0.803223561258, 4.72250990281, 6.04277546129, 2500.69755192, 0.0490370076015, 0.357142857143
