0.814213611143, 0.992316813507, 0.996925120914, 0.313554629901, 0.435960150208, 0.382150358074, 0.905095978584, 0.909810374788, 0.560703385581, 57.8618144708, 126.673220107, 0.569173056765, 1.43320170378, 42.5639060724
0.981474754171, 0.599647212869, 0.937909199284, 0.989417120775, 0.299133498604, 0.695788642762, 0.808955550289, 0.692763658551, 0.688515774763, 21.7949459816, 0.23312036572, 1.45828645115, 15.6805978593, 0.739272595888
0.993602079998, 0.79301071206, 0.0228224620018, 0.21989260806, 0.504549686595, 0.336127079257, 0.599599588279, 0.0925422626099, 0.334525975783, 0.710950617697, 2.52222135643, 138.433050271, 36.9772942808, 1.15030649657
0.814213611143, 0.597973800491, 0.994022582619, 0.30888278798, 0.492799907415, 0.678904947236, 0.901143297184, 0.795122586195, 0.969020456847, 20.8077965165, 46.5569040308, 0.405088313827, 45.5625825664, 25.8600590065
0.999983040504, 0.993405631475, 0.31329555083, 0.416116106687, 0.0746812082183, 0.481890187128, 0.792393305896, 0.905855681986, 0.70063773211, 14.6469249904, 20.5522051442, 77.1520668147, 0.745803298694, 0.00191810067448
0.999729109293, 0.774010812069, 0.968475065734, 0.375622432244, 0.706515112645, 0.493686496405, 0.875902035786, 0.914472887649, 0.481290630255, 34.7710964727, 57.7981791826, 3.01323227963, 27.9073793438, 0.0334613272706
0.994837394617, 0.530493315538, 0.965758449402, 0.0259785968029, 0.890501097174, 0.423958161345, 0.785163957436, 0.687041254261, 0.471435432556, 2.20621684012, 82.7181867703, 3.01104615246, 77.8262048845, 0.860202898694
0.999983040504, 0.669217944303, 0.321408909316, 0.000625894544495, 0.105733310595, 0.481890187128, 0.791748658781, 0.905855681986, 0.218914165086, 0.0132232075107, 21.1136704953, 44.6052409408, 32.4901787345, 0.00166582920084
0.984460728855, 0.988388392312, 0.974521878198, 0.989417120775, 0.281902618976, 0.695788642762, 0.808735282983, 0.479395929501, 0.688453553511, 92.306056421, 0.987312455336, 2.43908307109, 1.12466686545, 1.52884618701
0.996131681638, 0.745712225198, 0.741841522992, 0.00379549161816, 0.506812929411, 0.689547302116, 0.594761420339, 0.789437440322, 0.212441885333, 0.112518270214, 29.5327244371, 10.3164496333, 13.6269320514, 0.208102867855
0.994897297888, 0.98614032233, 0.587081788314, 0.214948229995, 0.501975363541, 0.335672354798, 0.807469907104, 0.915596293889, 0.221383072392, 20.6559993131, 75.441555496, 67.5892716638, 2.30053127574, 0.851328114769
0.564804005071, 0.999833467346, 0.0040181975866, 0.926730633667, 0.897785531224, 0.701514914699, 0.799029636778, 0.591933592911, 0.702854465575, 0.0531668540885, 0.00420348865946, 14.2202607372, 0.00237808782664, 11.0031138972
0.548992444933, 0.224526521877, 0.671977915329, 0.381674543473, 0.205384714017, 0.48212201619, 0.986731101712, 0.109702363879, 0.798919871813, 2.70301124906, 4.37896813699, 3.45702676951, 36.3997967416, 38.561103942
0.99899124336, 0.599214803901, 0.0922937685835, 0.0111739150599, 0.502280922951, 0.104214131137, 0.0896816764359, 0.921122881786, 0.226482328263, 0.082938244649, 7.33954923663, 72.9999245102, 53.7905805247, 0.135524959112
0.98675199226, 0.997872377757, 0.412004471432, 0.912514020049, 0.488816649833, 0.495863539303, 0.794468123406, 0.798104337548, 0.528369903893, 32.0960816282, 3.07716604033, 50.1977861611, 0.18202459007, 1.1486245673
0.999682026937, 0.60192023387, 0.321408909316, 0.988521847883, 0.0746812082183, 0.481890187128, 0.808118454713, 0.902106057589, 0.689789316216, 23.1257781532, 0.268523351344, 49.3924222809, 48.1374779438, 0.0384628689384
0.966231475966, 0.997874369015, 0.684363046922, 0.886474496951, 0.410289156689, 0.693323827759, 0.697647299992, 0.798277170871, 0.972467781905, 54.7024414431, 7.00541550172, 28.4604495153, 0.192072822017, 3.15797685688
0.961092739722, 0.217928001133, 0.840278099844, 0.381674543473, 0.205384714017, 0.48212201619, 0.298067085168, 0.115378202332, 0.798919871813, 4.83793164706, 7.8376101982, 2.4093947342, 54.1348814385, 2.80217856687
0.791390025737, 0.233736532242, 0.318162832373, 0.0331693822677, 0.900069881785, 0.690795069961, 0.798759149043, 0.906400683956, 0.418848369295, 0.130397979829, 3.80087751926, 8.4248990728, 40.507511106, 13.9348383857
0.973917994453, 0.745339985198, 0.963350953571, 0.00389775734922, 0.506812929411, 0.689547302116, 0.594761420339, 0.789437440322, 0.212441885333, 0.146633093599, 37.4732289096, 1.43118358277, 13.3425551351, 1.40312653879
0.562762559627, 0.501362701952, 0.495959515355, 0.995690523819, 0.895568827254, 0.108395304488, 0.799029636778, 0.592791643279, 0.697275703373, 5.21452780697, 0.022569144569, 5.3224281496, 10.5021236016, 16.3638131416
0.813771757688, 0.981935633318, 0.964680687921, 0.952858078037, 0.904898314761, 0.309190214658, 0.98922718233, 0.909748553954, 0.405085295007, 47.3244402651, 2.34134035419, 1.81838532407, 0.947138305574, 11.9986833411
0.124390515249, 0.152502033856, 0.430995680092, 0.416364011074, 0.717281979664, 0.482298235842, 0.798316593534, 0.692555424591, 0.799006496684, 0.251761306863, 0.352905043174, 0.798285878878, 7.79661182567, 64.7575542688
0.543316053405, 0.998962678187, 0.495929594783, 0.995522351356, 0.409482023707, 0.701514914699, 0.799029636778, 0.591933592911, 0.697275703373, 6.89445746458, 0.0310098091474, 7.03915058046, 0.0145008447572, 11.7501389059
0.849383697913, 0.548488274066, 0.765368190222, 0.383681604919, 0.502932140958, 0.109980601235, 0.79668115812, 0.915630622056, 0.799003570054, 8.1252645106, 13.0518375616, 6.49206728022, 22.7770674419, 8.94533961369
0.562762559627, 0.9650533963, 0.915483824623, 0.995690523819, 0.895568827254, 0.677494006526, 0.99009332389, 0.592791643279, 0.691344603349, 44.5172205671, 0.192676235314, 4.1275546084, 1.76850635075, 39.3182152238
0.676612457205, 0.991542129888, 0.977202841174, 0.221680364053, 0.90694771719, 0.306424350583, 0.994183383763, 0.811509593367, 0.30004178741, 7.88283176874, 27.6766179932, 0.82956617586, 0.31039888375, 17.5405188817
0.994382503375, 0.745712225198, 0.736620656595, 0.605403984998, 0.997245234416, 0.304421949431, 0.594761420339, 0.789437440322, 0.198480021984, 13.2763762136, 8.65340380536, 7.84101153112, 10.1518361663, 0.225532152573
0.952756175029, 0.811081349669, 0.41974737483, 0.240695449735, 0.40553492212, 0.7113792048, 0.899178912635, 0.501418555668, 0.507396197912, 2.49488005153, 7.8704178977, 14.3288361199, 5.751805884, 1.50970699106
0.994382503375, 0.961903361799, 0.581673537784, 0.80114211923, 0.692984352489, 0.295475027172, 0.562872444561, 0.107363103424, 0.324317390636, 70.5683792507, 17.5163407469, 63.3485398566, 5.99758597531, 0.889363240153
0.531541699841, 0.768946078811, 0.128546413607, 0.959264068715, 0.895456066537, 0.108395304488, 0.799029636778, 0.592791643279, 0.697275703373, 1.89098984622, 0.0803024265665, 13.3639646004, 4.60795799684, 17.5763529758
0.999863435666, 0.821587066306, 0.294601572335, 0.416116106687, 0.891870641762, 0.478699768205, 0.706608187867, 0.905855681986, 0.808774645582, 8.37895247015, 11.7571401624, 48.2141625034, 14.8426990122, 0.0113627421326
0.217849216801, 0.81256083906, 0.993185169671, 0.301634376558, 0.393228928273, 0.678904947236, 0.900083663883, 0.908411431956, 0.536833448912, 8.06378190776, 18.6698483892, 0.183435234544, 6.20915005458, 118.934076723
0.997443759212, 0.854116669653, 0.416532310632, 0.878542741652, 0.404754346634, 0.0784598068582, 0.795483188868, 0.415702178081, 0.791219199328, 28.7042296767, 3.96831807291, 45.7668599882, 13.3974695001, 0.235358805207
0.999733924218, 0.00353614136764, 0.293040482212, 0.356825037448, 0.0896346814477, 0.68269158188, 0.110650140095, 0.904414434493, 0.229672188576, 0.0532903923951, 0.0960556085926, 0.360296898384, 143.614374323, 0.0383581166907
0.960037127887, 0.815620447156, 0.995163203065, 0.990086169148, 0.911497453614, 0.730734115546, 0.920151216377, 0.591806067182, 0.302942044961, 112.076901545, 1.12223711329, 0.550182367267, 25.7142265379, 5.80536289052
0.814024592145, 0.235793176253, 0.975237655743, 0.339247486392, 0.898583025742, 0.698931419694, 0.819966079712, 0.188764371205, 0.416226640516, 5.79509895111, 11.2871173764, 0.433736042579, 56.7692862805, 16.9715112896
0.815172061074, 0.981935633318, 0.964690435451, 0.0281631536168, 0.919554910789, 0.68674064235, 0.98922718233, 0.90974747423, 0.410331464962, 2.42886165842, 83.8136696814, 3.15664602377, 1.64464906474, 20.6428110018
0.840166830188, 0.999833937434, 0.000480671756907, 0.926848875561, 0.508234981455, 0.39730218733, 0.800028144513, 0.807392223849, 0.195752693606, 0.0109327028015, 0.000862858578318, 24.5279474344, 0.00407580953578, 4.6692111828
0.998991716632, 0.997589001947, 0.98463253082, 0.0131590660641, 0.504273906025, 0.0582195323972, 0.803205200154, 0.918257094439, 0.410264869893, 2.06311299795, 154.719517919, 2.44695576593, 0.38483004798, 0.1610989952
0.00142045034742, 0.00981677614813, 0.435554405104, 0.925884973656, 0.724152169307, 0.482134440429, 0.294513862038, 0.877592541097, 0.794206638559, 0.00078935988185, 6.31864973542e-05, 0.00110483568194, 0.197434152554, 140.172663693
0.965697089336, 0.43459408215, 0.0888989204663, 0.0317979214705, 0.892686633858, 0.702975772516, 0.790944297956, 0.801280259668, 0.221383072392, 0.0898726193997, 2.73649511923, 28.9666813086, 41.3626848963, 2.59859394189
0.998957300497, 0.205317547175, 0.195308270221, 0.306641816462, 0.0739950276723, 0.476157925082, 0.896300379387, 0.68742243245, 0.79262987731, 1.77426275193, 4.01184552386, 23.8394076803, 114.66568742, 0.150609406423
0.812889504355, 0.610371561686, 0.987792183402, 0.0306857391434, 0.903828844611, 0.332058453045, 0.991904330606, 0.904222409664, 0.469016028753, 2.70277902319, 85.3765405124, 1.08854493593, 56.9199778671, 33.6264257826
0.999365472996, 0.991542129888, 0.327860747576, 0.221680364053, 0.0474283908517, 0.48065533581, 0.791123212601, 0.811509593367, 0.30004178741, 12.5238172696, 43.9711155275, 115.818871813, 1.46983948939, 0.110340428999
0.993344012243, 0.997959622192, 0.113052084881, 0.984218091839, 0.898515522439, 0.894851065641, 0.97272841345, 0.908252349013, 0.336790883927, 20.6612940346, 0.331303242293, 164.697010297, 0.379651587061, 1.24677321816
0.999020029037, 0.99225220233, 0.594651085858, 0.00848031843858, 0.806790286429, 0.0664201575148, 0.041386944919, 0.918210006804, 0.298922719066, 1.19131609873, 139.288797633, 95.7594510694, 1.8446281555, 0.23354446275
0.995627738988, 0.975821506331, 0.840278099844, 0.375895955755, 0.205384714017, 0.482173718762, 0.288471954362, 0.115378202332, 0.798837276586, 25.8614477985, 42.9380362143, 13.0775564879, 2.0287147727, 0.368468904711
0.998103635743, 0.978305626034, 0.521687178159, 0.418654466592, 0.50430287897, 0.691710363846, 0.991904330606, 0.803852567764, 0.469016028753, 22.1143890026, 30.7081431029, 48.4307367441, 2.24533747047, 0.196643966263
0.786557388613, 0.598095773843, 0.990959404708, 0.979384742001, 0.409932441581, 0.679070605028, 0.808042662185, 0.90797853377, 0.484924210418, 43.6337706364, 0.918455639116, 0.406453226221, 30.2110198474, 20.3982788268
0.995383398449, 0.98711022285, 0.736620656595, 0.533214802506, 0.995325100111, 0.48917877379, 0.594761420339, 0.355341450926, 0.815019159864, 59.0636447828, 51.7053070639, 39.6055331138, 1.96360401839, 0.706546099704
0.98770737139, 0.998372139425, 0.00764997999145, 0.993697174748, 0.89554582213, 0.108395304488, 0.780942886807, 0.588040037235, 0.816216569756, 0.772681128886, 0.00490096405066, 100.86740179, 0.165733653231, 1.26709729571
0.811281049426, 0.00955702941784, 0.998928022054, 0.998145743127, 0.720881103511, 0.7021316386, 0.997277932199, 0.909504609184, 0.423167042991, 0.906944058736, 0.00168483136436, 0.000975075390632, 94.2668285558, 22.1397954229
0.994837394617, 0.43459408215, 0.949203122157, 0.432851583068, 0.707609552493, 0.494244863733, 0.785619248193, 0.587807870755, 0.336636216253, 23.7515792107, 31.1207607316, 2.93650904, 75.2091817656, 0.690283261659
0.984407489158, 0.999663774231, 0.949083869877, 0.341796098779, 0.707445526865, 0.711429086565, 0.798219987667, 0.484762981583, 0.668667832338, 38.1121179064, 73.39330314, 5.9820050763, 0.0395155863385, 1.86156661035
0.676815887513, 0.993592623215, 0.954706286038, 0.00293763067044, 0.907663110995, 0.287479965958, 0.0774491531542, 0.803745028389, 0.461519700939, 0.332381726076, 112.813811027, 5.36794547751, 0.764261650382, 56.9562336164
0.130848839318, 0.992056643626, 0.926737738259, 0.830575654422, 0.282342157891, 0.579871120305, 0.808925472987, 0.694838507664, 0.805811712581, 9.06987171194, 1.85011090934, 0.86326755886, 0.0943479951684, 78.8958334977
0.815206169286, 0.997580663122, 0.984632775934, 0.635332650287, 0.731042402788, 0.7021316386, 0.795373375217, 0.599243323706, 0.411460230589, 47.8223674166, 27.4490158423, 1.17476509068, 0.185397524945, 17.371111075
0.814213611143, 0.810770047629, 0.996925120914, 0.346311133063, 0.409720664516, 0.687901337264, 0.902053278553, 0.909771944768, 0.469016028753, 27.3287957342, 51.5852013196, 0.24339942292, 18.4749676051, 22.2776481627
0.998205768653, 0.436263205355, 0.320930392436, 0.416116106687, 0.892953836463, 0.481890187128, 0.792188585759, 0.588225327278, 0.705114337625, 4.09273479461, 5.74282486973, 20.811458805, 39.6019002869, 0.126269368552
0.984407489158, 0.986550307016, 0.949083869877, 0.616107913513, 0.694140760508, 0.696374410084, 0.799980511172, 0.79274508487, 0.668667832338, 53.1757754698, 33.1334153448, 4.63028624742, 1.23978274387, 1.46007230109
0.676612457205, 0.992505801396, 0.977202841174, 0.377854670838, 0.208756996181, 0.306424350583, 0.994183383763, 0.811509593367, 0.30004178741, 13.1149447208, 21.594020744, 0.809725233136, 0.26819402152, 17.1043742847
0.562336203841, 0.545044545818, 0.880188307116, 0.993697174748, 0.895567676301, 0.108395304488, 0.799061466418, 0.592791643279, 0.696713758353, 10.1176273964, 0.0641741156783, 1.385952149, 9.65574770192, 16.5181578402
0.66669937788, 0.967737932229, 0.971476689339, 0.00284807443733, 0.494484749759, 0.67956194141, 0.785808802853, 0.763404529779, 0.567137696846, 0.400441804318, 140.200449475, 4.12815144743, 4.82492008359, 74.7659747392
0.813518054374, 0.735647586808, 0.999133096841, 0.474080678278, 0.735442896538, 0.749315803058, 0.81764489559, 0.903512417959, 0.481613886072, 73.355644669, 81.3767627674, 0.134254398319, 55.6507987156, 48.2567109858
0.994358097556, 0.00353614136764, 0.293040482212, 0.356825037448, 0.0896346814477, 0.68269158188, 0.122135158189, 0.904414434493, 0.608708371256, 0.0418242826005, 0.075388015336, 0.282774410561, 112.713904087, 0.641798501481
0.996112356082, 0.99225220233, 0.967148291879, 0.00378635997554, 0.80285323424, 0.696392164066, 0.041386944919, 0.918210006804, 0.212215881635, 0.610538188453, 160.636198096, 5.47716493983, 1.30182936399, 0.655773623894
0.812675019166, 0.235793176253, 0.313787994527, 0.339247486392, 0.898539081362, 0.690366541511, 0.819966079712, 0.188764371205, 0.413231063882, 1.88462162549, 3.67067856416, 12.1486919533, 57.3787240929, 17.306879193
0.9987691895, 0.712228857857, 0.194474335252, 0.605403984998, 0.0773745216042, 0.299049405477, 0.894187692187, 0.688025817405, 0.789908917024, 7.90256646611, 5.15081055475, 54.0679580591, 27.1199110301, 0.116136056753
0.9944143429, 0.741525050434, 0.953028431062, 0.0154282849284, 0.19877754028, 0.362756588958, 0.306992197063, 0.107363103424, 0.264853411651, 2.09261800379, 133.542549061, 6.68500161437, 49.6088411309, 1.07807137327
0.80279338472, 0.999918177836, 0.964172723285, 0.331063759231, 0.48223719666, 0.702918285385, 0.989880924384, 0.288717428067, 0.468586087013, 35.1443130796, 71.0114110057, 3.9445945834, 0.00900938349803, 27.0484140867
0.955050319602, 0.987075047724, 0.918523032644, 0.998337459281, 0.20123043626, 0.48212201619, 0.303434342813, 0.810730199719, 0.798911816038, 49.2190483513, 0.0819649420879, 4.37321319984, 0.702820740414, 2.55926922799
0.840166830188, 0.986995082177, 0.000249487678633, 0.996573878374, 0.196982504475, 0.463792832595, 0.418344406396, 0.810774414999, 0.796240907774, 0.028881701347, 9.92924094448e-05, 116.13304318, 1.53058268057, 22.3898179993
0.562762559627, 0.501362701952, 0.635964942397, 0.965248720435, 0.89503122818, 0.108362107041, 0.799651937923, 0.595431815832, 0.697275703373, 6.02936607875, 0.217071705731, 3.57554668048, 9.76859223077, 15.2208661777
0.838393095722, 0.999386772556, 0.992842951183, 0.0335562497004, 0.722625663041, 0.333977842132, 0.781598302763, 0.62558258019, 0.480400376233, 6.79662839304, 195.747709956, 1.46006950581, 0.125177864187, 39.3475931374
0.973449612607, 0.999167395316, 0.00851249178185, 0.00697956961971, 0.894711865432, 0.690341384152, 0.187850621532, 0.590267908073, 0.464839921117, 0.00750286433815, 1.0674723486, 125.207110043, 0.105230671234, 3.44715551377
0.215930414192, 0.221901780596, 0.0830925386517, 0.502015282613, 0.176923084191, 0.304446831632, 0.81824401635, 0.19216551613, 0.801117686854, 0.206559887355, 0.204901465534, 4.54038341639, 17.3636353317, 81.0302212653
0.999863435666, 0.821587066306, 0.429606301015, 0.41611479253, 0.890474816177, 0.478632330287, 0.706608187867, 0.686958806012, 0.808774645582, 13.4658881213, 18.8951054388, 42.9660989049, 16.3577642644, 0.0125225915482
0.999983040504, 0.659169190419, 0.309349129421, 0.834851820751, 0.105733310595, 0.496073224929, 0.791744524529, 0.925819047202, 0.218914165086, 20.5577111435, 4.06667204947, 54.9762390523, 41.1583928941, 0.00204804679064
0.814213611143, 0.60040077487, 0.988360934509, 0.0277595478573, 0.410224077215, 0.681087312096, 0.901143297184, 0.874200143793, 0.469016028753, 2.41348352671, 84.5289817872, 1.02384565437, 58.5463429958, 33.4311003025
0.814213611143, 0.601383114544, 0.988360934509, 0.126789792261, 0.402406029311, 0.681087312096, 0.816137170718, 0.903053404607, 0.469016028753, 8.62380754865, 59.3927685091, 0.800971948181, 45.6145774423, 26.1109996999
0.130848839318, 0.994273788185, 0.926737738259, 0.903584653186, 0.502793312872, 0.31584690928, 0.7878265733, 0.928346793396, 0.805811712581, 13.227987548, 1.41146820345, 1.15730653316, 0.0909765578774, 105.532817315
0.815206169286, 0.998475409102, 0.984632775934, 0.635332650287, 0.580120866739, 0.701551997884, 0.799963312546, 0.599243323706, 0.426853389153, 50.1059213982, 28.7597269761, 1.23086100657, 0.122300867928, 18.1842849082
0.128987154432, 0.429773599242, 0.926737738259, 0.900995002963, 0.502793312872, 0.315742559021, 0.7878265733, 0.928346793396, 0.805811712581, 5.60765884331, 0.616192371034, 0.492019907985, 8.91066139195, 105.521442128
0.786379626076, 0.00147035443489, 0.00510466286295, 0.416116106687, 0.906618548483, 0.482380796944, 0.792144320164, 0.692226486405, 0.221383072392, 0.000248610548905, 0.000348844211701, 0.116443528483, 79.4834828541, 21.6235175771
0.815206169286, 0.99746774293, 0.99862670784, 0.949495499584, 0.731042402788, 0.7021316386, 0.795373375217, 0.909504609184, 0.411410872428, 85.1129366878, 4.52723193342, 0.123271428467, 0.227881159392, 20.3995524124
0.973449612607, 0.738916974878, 0.00764997999145, 0.993697174748, 0.89554582213, 0.108395304488, 0.780942886807, 0.590267908073, 0.818432263738, 0.573720530098, 0.00363899620169, 74.8946713737, 26.6666849043, 2.7857861746
0.564804005071, 0.999641258536, 0.495959515355, 0.995522351356, 0.897785531224, 0.701514914699, 0.799029636778, 0.591933592911, 0.697275703373, 6.99707424709, 0.0314713576967, 7.14306596265, 0.00508576916068, 10.9235094773
0.994750656049, 0.599647212869, 0.937909199284, 0.989417120775, 0.281902618976, 0.695788642762, 0.808955550289, 0.692763658551, 0.688515774763, 38.2947508178, 0.409603507315, 2.56227826006, 27.5515520067, 0.363156655206
0.114444170056, 0.994278762726, 0.964680687921, 0.346211406406, 0.898179388363, 0.687945640439, 0.993273057079, 0.909802974591, 0.471262894352, 4.56100481845, 8.61304067529, 0.482333926612, 0.0785809673323, 106.279544335
0.988839847542, 2.7331455172e-05, 0.297765918204, 0.0837387569457, 0.0896346814477, 0.680420492085, 0.108461606792, 0.904414434493, 0.605310960853, 5.52915933419e-05, 0.000604995176591, 0.00155718248885, 81.1302815078, 0.915670075563
0.993602079998, 0.999734007236, 0.0164475495728, 0.21989260806, 0.528967261498, 0.3399079974, 0.599599588279, 0.0925422626099, 0.337525620596, 0.917453370917, 3.25482590219, 249.499506584, 0.0674928120276, 1.633856892
