0.0805262592081, 0.000252356448819, 0.0687849948402, 0.00188032065426, 0.0977867839089, 0.00951023877147, 0.0367206075073, 0.233486582083, 0.0150310561478, 0.0345899624879, 0.281441408701, 5.35038027988
0.0826228456472, 0.123208404262, 0.146601113954, 0.0636540430154, 0.00214963568055, 0.0698420771845, 0.0367206075073, 0.0104265834844, 0.000950581468294, 0.0345899624879, 0.281815993273, 5.32842467104
0.0805262592081, 0.000252356448819, 0.0687849948402, 0.00188032065426, 0.0977867839089, 0.00951023877147, 0.0367206075073, 0.233486582083, 0.0150310561478, 0.0345899624879, 0.281441408701, 5.35038027988
0.0826228456472, 0.123208404262, 0.146601113954, 0.0636540430154, 0.00214963568055, 0.0698420771845, 0.0367206075073, 0.0104265834844, 0.000950581468294, 0.0345899624879, 0.281815993273, 5.32842467104
0.0805262592081, 0.069330166998, 0.0687849948402, 0.000326771121038, 0.0977867839089, 0.0239645203779, 0.0367206075073, 0.295859587181, 0.0150310561478, 0.0345899624879, 0.281441408701, 5.63790638699
0.0805262592081, 0.069330166998, 0.0687849948402, 0.000326771121038, 0.0977867839089, 0.0239645203779, 0.0367206075073, 0.295859587181, 0.0150310561478, 0.0345899624879, 0.281441408701, 5.63790638699
0.102635158553, 0.123208404262, 0.146601113954, 0.105836103823, 0.019059603611, 0.032850871733, 0.00481285692, 0.0888830184352, 0.000950581468294, 0.0345899624879, 0.55813143485, 5.43178478567
0.063999203995, 0.031770044923, 0.0687849948402, 0.000326771121038, 0.0977867839089, 0.0239645203779, 0.0367206075073, 0.295859587181, 0.0150310561478, 0.0345899624879, 0.485001584071, 5.54024150323
0.0329054444305, 0.0586844808118, 0.146601113954, 0.060249387164, 0.0341968774306, 0.0168596502697, 0.0367206075073, 0.211313187936, 0.0109738740458, 0.0345899624879, 0.966195452354, 5.42556132279
0.063999203995, 0.031770044923, 0.0687849948402, 0.000326771121038, 0.0977867839089, 0.0239645203779, 0.0367206075073, 0.295859587181, 0.0150310561478, 0.0345899624879, 0.485001584071, 5.54024150323
0.102635158553, 0.123208404262, 0.146601113954, 0.105836103823, 0.019059603611, 0.032850871733, 0.00481285692, 0.0888830184352, 0.000950581468294, 0.0345899624879, 0.55813143485, 5.43178478567
0.0329054444305, 0.0586844808118, 0.146601113954, 0.060249387164, 0.0341968774306, 0.0168596502697, 0.0367206075073, 0.211313187936, 0.0109738740458, 0.0345899624879, 0.966195452354, 5.42556132279
0.291183009647, 0.0499908854176, 0.0304761588702, 0.297044043143, 0.0726320972039, 0.0443096243253, 0.00242445156089, 0.08664159744, 0.0212274044868, 0.0158891714141, 0.958826850406, 5.44820044376
0.291183009647, 0.0499908854176, 0.0304761588702, 0.297044043143, 0.0726320972039, 0.0443096243253, 0.00242445156089, 0.08664159744, 0.0212274044868, 0.0158891714141, 0.958826850406, 5.44820044376
0.0826228456472, 0.123208404262, 0.146601113954, 0.0329966797725, 0.00214963568055, 0.0782391268421, 0.0367206075073, 0.233486582083, 3.98716653804e-06, 0.0345899624879, 0.281815993273, 5.71851184584
0.0826228456472, 0.123208404262, 0.146601113954, 0.0329966797725, 0.00214963568055, 0.0782391268421, 0.0367206075073, 0.233486582083, 3.98716653804e-06, 0.0345899624879, 0.281815993273, 5.71851184584
0.937975052871, 0.123208404262, 0.10689149637, 0.105776923254, 0.0007557827505, 0.0782391268421, 0.0367206075073, 0.218687896997, 3.98716653804e-06, 0.000605746974379, 0.985728330054, 5.53228535117
0.937975052871, 0.123208404262, 0.10689149637, 0.105776923254, 0.0007557827505, 0.0782391268421, 0.0367206075073, 0.218687896997, 3.98716653804e-06, 0.000605746974379, 0.985728330054, 5.53228535117
0.291183009647, 0.123208404262, 0.114667791385, 0.105776923254, 0.00181017060767, 0.0782391268421, 0.0367206075073, 0.218687896997, 0.00267855586544, 0.00147908456115, 0.958826850406, 5.56360898995
0.291183009647, 0.123208404262, 0.114667791385, 0.105776923254, 0.00181017060767, 0.0782391268421, 0.0367206075073, 0.218687896997, 0.00267855586544, 0.00147908456115, 0.958826850406, 5.56360898995
0.0826228456472, 0.00125886357128, 0.0702280846897, 0.105836103823, 0.0441928208157, 0.0782391268421, 0.00416603143352, 0.08664159744, 0.000950581468294, 0.442306735723, 0.281815993273, 5.95203738271
0.0826228456472, 0.00125886357128, 0.0702280846897, 0.105836103823, 0.0441928208157, 0.0782391268421, 0.00416603143352, 0.08664159744, 0.000950581468294, 0.442306735723, 0.281815993273, 5.95203738271
0.113454669508, 0.069330166998, 0.0687849948402, 0.00188032065426, 0.260229696033, 0.00951023877147, 0.0367206075073, 0.233486582083, 0.0150310561478, 0.0345899624879, 0.771869033412, 5.69960158044
0.755316600301, 0.0639948899223, 0.146601113954, 0.0502050879015, 0.0977867839089, 0.0934688937258, 0.0216943113193, 0.228752016471, 0.0145752238505, 0.0345899624879, 0.952709527999, 5.68278448386
0.113454669508, 0.069330166998, 0.0687849948402, 0.00188032065426, 0.260229696033, 0.00951023877147, 0.0367206075073, 0.233486582083, 0.0150310561478, 0.0345899624879, 0.771869033412, 5.69960158044
0.755316600301, 0.0639948899223, 0.146601113954, 0.0502050879015, 0.0977867839089, 0.0934688937258, 0.0216943113193, 0.228752016471, 0.0145752238505, 0.0345899624879, 0.952709527999, 5.68278448386
0.937975052871, 0.0926921444617, 0.0279118844687, 0.27592197609, 0.0977867839089, 0.0443096243253, 0.00242445156089, 0.08664159744, 0.0212274044868, 0.0345899624879, 0.985728330054, 5.55489260601
0.937975052871, 0.0926921444617, 0.0279118844687, 0.27592197609, 0.0977867839089, 0.0443096243253, 0.00242445156089, 0.08664159744, 0.0212274044868, 0.0345899624879, 0.985728330054, 5.55489260601
0.0826228456472, 0.123208404262, 0.146601113954, 0.0329966797725, 0.00214963568055, 0.0782391268421, 0.0367206075073, 0.233486582083, 0.252808668718, 0.000342012054473, 0.281815993273, 6.05717569625
0.0826228456472, 0.123208404262, 0.146601113954, 0.0329966797725, 0.00214963568055, 0.0782391268421, 0.0367206075073, 0.233486582083, 0.252808668718, 0.000342012054473, 0.281815993273, 6.05717569625
0.937975052871, 0.0926921444617, 0.0279118844687, 0.297044043143, 0.0977867839089, 0.0443096243253, 0.00242445156089, 0.08664159744, 0.0212274044868, 0.0345899624879, 0.985728330054, 5.59204103688
0.937975052871, 0.0926921444617, 0.0279118844687, 0.297044043143, 0.0977867839089, 0.0443096243253, 0.00242445156089, 0.08664159744, 0.0212274044868, 0.0345899624879, 0.985728330054, 5.59204103688
0.291183009647, 0.123208404262, 0.114667791385, 0.105776923254, 0.00181017060767, 0.0782391268421, 0.0367206075073, 0.218687896997, 0.00267855586544, 0.0587724732171, 0.958826850406, 5.66232346
0.291183009647, 0.123208404262, 0.114667791385, 0.105776923254, 0.00181017060767, 0.0782391268421, 0.0367206075073, 0.218687896997, 0.00267855586544, 0.0587724732171, 0.958826850406, 5.66232346
0.0826228456472, 0.00125886357128, 0.0702280846897, 0.182636649905, 0.0441109940768, 0.0782391268421, 0.00242445156089, 0.08664159744, 0.000950581468294, 0.442306735723, 0.281815993273, 6.06031751351
0.0826228456472, 0.00125886357128, 0.0702280846897, 0.182636649905, 0.0441109940768, 0.0782391268421, 0.00242445156089, 0.08664159744, 0.000950581468294, 0.442306735723, 0.281815993273, 6.06031751351
0.102635158553, 0.0610106818842, 0.146601113954, 0.0223352526492, 0.0977867839089, 0.0629744525097, 0.0367206075073, 0.125861528839, 0.217269745387, 0.00104445570863, 0.55813143485, 5.81695013637
0.102635158553, 0.0610106818842, 0.146601113954, 0.0223352526492, 0.0977867839089, 0.0629744525097, 0.0367206075073, 0.125861528839, 0.217269745387, 0.00104445570863, 0.55813143485, 5.81695013637
0.0826228456472, 0.00125886357128, 0.0702280846897, 0.182636649905, 0.0441928208157, 0.0782391268421, 0.00242445156089, 0.08664159744, 0.000950581468294, 0.442306735723, 0.281815993273, 6.06043195575
0.0826228456472, 0.00125886357128, 0.0702280846897, 0.182636649905, 0.0441928208157, 0.0782391268421, 0.00242445156089, 0.08664159744, 0.000950581468294, 0.442306735723, 0.281815993273, 6.06043195575
0.102635158553, 0.123208404262, 0.146601113954, 0.199293495691, 0.019059603611, 0.032850871733, 0.00481285692, 0.233486582083, 0.000950581468294, 0.0345899624879, 0.55813143485, 5.8535527768
0.102635158553, 0.123208404262, 0.146601113954, 0.199293495691, 0.019059603611, 0.032850871733, 0.00481285692, 0.233486582083, 0.000950581468294, 0.0345899624879, 0.55813143485, 5.8535527768
0.0559623401963, 0.00125886357128, 0.0702280846897, 0.105836103823, 0.0441928208157, 0.0782391268421, 0.00416603143352, 0.08664159744, 0.000950581468294, 0.442306735723, 0.653741037635, 5.89370768985
0.0559623401963, 0.00125886357128, 0.0702280846897, 0.105836103823, 0.0441928208157, 0.0782391268421, 0.00416603143352, 0.08664159744, 0.000950581468294, 0.442306735723, 0.653741037635, 5.89370768985
0.0826228456472, 0.123208404262, 0.146601113954, 0.0636540430154, 0.00214963568055, 0.369032798326, 0.0367206075073, 0.233486582083, 0.000950581468294, 0.0345899624879, 0.281815993273, 6.19681205319
0.0826228456472, 0.123208404262, 0.146601113954, 0.0636540430154, 0.00214963568055, 0.369032798326, 0.0367206075073, 0.233486582083, 0.000950581468294, 0.0345899624879, 0.281815993273, 6.19681205319
0.0826228456472, 0.123208404262, 0.177975757812, 0.349537895742, 0.0977867839089, 0.00573431565028, 0.0168596915245, 0.0173398714568, 0.217269745387, 0.0094773725334, 0.281815993273, 6.2029959765
0.0826228456472, 0.123208404262, 0.177975757812, 0.349537895742, 0.0977867839089, 0.00573431565028, 0.0168596915245, 0.0173398714568, 0.217269745387, 0.0094773725334, 0.281815993273, 6.2029959765
0.102635158553, 0.069330166998, 0.146601113954, 0.402147035619, 0.0795603877657, 0.0216063282868, 0.0278026544318, 0.114649861894, 0.00977159492788, 0.0345899624879, 0.55813143485, 6.01824535394
0.102635158553, 0.069330166998, 0.146601113954, 0.402147035619, 0.0795603877657, 0.0216063282868, 0.0278026544318, 0.114649861894, 0.00977159492788, 0.0345899624879, 0.55813143485, 6.01824535394
0.0826228456472, 0.0926921444617, 0.146601113954, 0.16044324562, 0.0977867839089, 0.000701795689412, 0.0167544156325, 0.284043073122, 0.217269745387, 0.00104445570863, 0.281815993273, 6.20575704818
0.0826228456472, 0.0926921444617, 0.146601113954, 0.16044324562, 0.0977867839089, 0.000701795689412, 0.0167544156325, 0.284043073122, 0.217269745387, 0.00104445570863, 0.281815993273, 6.20575704818
0.102635158553, 0.069330166998, 0.146601113954, 0.402147035619, 0.0795603877657, 0.0216063282868, 0.0278026544318, 0.141886935954, 0.00977159492788, 0.0345899624879, 0.55813143485, 6.0562389917
0.102635158553, 0.069330166998, 0.146601113954, 0.402147035619, 0.0795603877657, 0.0216063282868, 0.0278026544318, 0.141886935954, 0.00977159492788, 0.0345899624879, 0.55813143485, 6.0562389917
0.102635158553, 0.069330166998, 0.146601113954, 0.402147035619, 0.0795603877657, 0.0216063282868, 0.0278026544318, 0.141886935954, 0.00977159492788, 0.0345899624879, 0.55813143485, 6.0562389917
0.102635158553, 0.069330166998, 0.146601113954, 0.402147035619, 0.0795603877657, 0.0216063282868, 0.0278026544318, 0.141886935954, 0.00977159492788, 0.0345899624879, 0.55813143485, 6.0562389917
0.0826228456472, 0.123208404262, 0.177975757812, 0.349537895742, 0.0977867839089, 0.00573431565028, 0.0367206075073, 0.00821613902777, 0.217269745387, 0.0094773725334, 0.281815993273, 6.21676098079
0.0826228456472, 0.123208404262, 0.177975757812, 0.349537895742, 0.0977867839089, 0.00573431565028, 0.0367206075073, 0.00821613902777, 0.217269745387, 0.0094773725334, 0.281815993273, 6.21676098079
0.0456644298864, 0.069330166998, 0.0687849948402, 0.402147035619, 0.00720227989667, 0.16939108726, 0.0367206075073, 0.114649861894, 0.0145752238505, 0.0345899624879, 0.841570003551, 5.96896171776
0.0456644298864, 0.069330166998, 0.0687849948402, 0.402147035619, 0.00720227989667, 0.16939108726, 0.0367206075073, 0.114649861894, 0.0145752238505, 0.0345899624879, 0.841570003551, 5.96896171776
0.0456644298864, 0.069330166998, 0.0687849948402, 0.402147035619, 0.01692677944, 0.16939108726, 0.0367206075073, 0.114649861894, 0.0145752238505, 0.0345899624879, 0.841570003551, 5.98264101365
0.0456644298864, 0.069330166998, 0.0687849948402, 0.402147035619, 0.01692677944, 0.16939108726, 0.0367206075073, 0.114649861894, 0.0145752238505, 0.0345899624879, 0.841570003551, 5.98264101365
0.0826228456472, 0.0674097787449, 0.107495332655, 0.331260812001, 0.0977867839089, 2.3678626514e-05, 0.0367206075073, 0.177248843004, 0.217269745387, 0.00104445570863, 0.281815993273, 6.2299060796
0.0826228456472, 0.0674097787449, 0.107495332655, 0.331260812001, 0.0977867839089, 2.3678626514e-05, 0.0367206075073, 0.177248843004, 0.217269745387, 0.00104445570863, 0.281815993273, 6.2299060796
0.0177533596922, 0.0926921444617, 0.0304761588702, 0.275865467098, 0.0510629903894, 0.0443096243253, 0.0367206075073, 0.233486582083, 0.0212274044868, 0.0345899624879, 0.998830954004, 5.77748998668
0.0177533596922, 0.0926921444617, 0.0304761588702, 0.275865467098, 0.0510629903894, 0.0443096243253, 0.0367206075073, 0.233486582083, 0.0212274044868, 0.0345899624879, 0.998830954004, 5.77748998668
0.211175393128, 0.424226782956, 0.0162849830721, 0.105836103823, 0.0441928208157, 0.108474095615, 0.00115042039445, 0.233486582083, 0.000950581468294, 0.0345899624879, 0.927149762966, 6.01601635264
0.211175393128, 0.424226782956, 0.0162849830721, 0.105836103823, 0.0441928208157, 0.108474095615, 0.00115042039445, 0.233486582083, 0.000950581468294, 0.0345899624879, 0.927149762966, 6.01601635264
0.320104846181, 0.123208404262, 0.00130109919135, 0.248451655956, 0.0441928208157, 0.00712564019738, 0.0207440564218, 0.350673912183, 0.000950581468294, 0.0345899624879, 0.999937233216, 5.79378098655
0.320104846181, 0.123208404262, 0.00130109919135, 0.248451655956, 0.0441928208157, 0.00712564019738, 0.0207440564218, 0.350673912183, 0.000950581468294, 0.0345899624879, 0.999937233216, 5.79378098655
0.169985206623, 0.00125886357128, 0.0702280846897, 0.105836103823, 0.0441928208157, 0.0782391268421, 0.00242445156089, 0.08664159744, 0.000285709435048, 0.442306735723, 0.999999969766, 5.79402895531
0.169985206623, 0.00125886357128, 0.0702280846897, 0.105836103823, 0.0441928208157, 0.0782391268421, 0.00242445156089, 0.08664159744, 0.000285709435048, 0.442306735723, 0.999999969766, 5.79402895531
0.0826228456472, 0.123208404262, 0.177975757812, 0.349537895742, 0.0977867839089, 0.00384010458746, 0.0367206075073, 0.0332326918394, 0.217269745387, 0.0094773725334, 0.281815993273, 6.24604036174
0.0826228456472, 0.123208404262, 0.177975757812, 0.349537895742, 0.0977867839089, 0.00384010458746, 0.0367206075073, 0.0332326918394, 0.217269745387, 0.0094773725334, 0.281815993273, 6.24604036174
0.937975052871, 0.123208404262, 0.146601113954, 0.105776923254, 0.0007557827505, 0.0782391268421, 0.0367206075073, 0.356301608262, 0.00267855586544, 0.000605746974379, 0.985728330054, 5.82836948815
0.937975052871, 0.123208404262, 0.146601113954, 0.105776923254, 0.0007557827505, 0.0782391268421, 0.0367206075073, 0.356301608262, 0.00267855586544, 0.000605746974379, 0.985728330054, 5.82836948815
0.0826228456472, 0.123208404262, 0.146601113954, 0.0636540430154, 0.00214963568055, 0.413964632025, 0.0367206075073, 0.233486582083, 0.000950581468294, 0.0345899624879, 0.281815993273, 6.25390408332
0.0826228456472, 0.123208404262, 0.146601113954, 0.0636540430154, 0.00214963568055, 0.413964632025, 0.0367206075073, 0.233486582083, 0.000950581468294, 0.0345899624879, 0.281815993273, 6.25390408332
0.755316600301, 0.0639948899223, 0.146601113954, 0.297044043143, 0.0977867839089, 0.0934688937258, 0.0216943113193, 0.228752016471, 0.0145752238505, 0.0345899624879, 0.952709527999, 6.0476793519
0.755316600301, 0.0639948899223, 0.146601113954, 0.297044043143, 0.0977867839089, 0.0934688937258, 0.0216943113193, 0.228752016471, 0.0145752238505, 0.0345899624879, 0.952709527999, 6.0476793519
0.524007843887, 0.0926921444617, 0.0304761588702, 0.297044043143, 0.0977867839089, 0.025741280451, 0.0367206075073, 0.233486582083, 0.0212274044868, 0.0345899624879, 0.999140835046, 5.85213746483
0.524007843887, 0.0926921444617, 0.0304761588702, 0.297044043143, 0.0977867839089, 0.025741280451, 0.0367206075073, 0.233486582083, 0.0212274044868, 0.0345899624879, 0.999140835046, 5.85213746483
0.0826228456472, 0.123208404262, 0.177975757812, 0.379183989253, 0.0977867839089, 0.000222226436147, 0.0319487290379, 0.0332326918394, 0.217269745387, 0.0094773725334, 0.281815993273, 6.27253240879
0.0826228456472, 0.123208404262, 0.177975757812, 0.379183989253, 0.0977867839089, 0.000222226436147, 0.0319487290379, 0.0332326918394, 0.217269745387, 0.0094773725334, 0.281815993273, 6.27253240879
0.000850599215961, 0.0586844808118, 0.0304761588702, 0.060249387164, 0.0977867839089, 0.0443096243253, 0.00242445156089, 0.00819376093803, 0.0212274044868, 0.533636124847, 0.999999999983, 5.8328078124
0.000850599215961, 0.0586844808118, 0.0304761588702, 0.060249387164, 0.0977867839089, 0.0443096243253, 0.00242445156089, 0.00819376093803, 0.0212274044868, 0.533636124847, 0.999999999983, 5.8328078124
0.000752290946337, 0.00372139244295, 0.0181785499942, 0.060249387164, 0.0977867839089, 0.0443096243253, 0.00242445156089, 0.08664159744, 0.0212274044868, 0.533636124847, 0.999999999992, 5.84949427463
0.000752290946337, 0.00372139244295, 0.0181785499942, 0.060249387164, 0.0977867839089, 0.0443096243253, 0.00242445156089, 0.08664159744, 0.0212274044868, 0.533636124847, 0.999999999992, 5.84949427463
0.0826228456472, 0.123208404262, 0.146601113954, 0.132548207365, 0.00214963568055, 0.369032798326, 0.0367206075073, 0.233486582083, 0.000950581468294, 0.0345899624879, 0.281815993273, 6.28360838139
0.0826228456472, 0.123208404262, 0.146601113954, 0.132548207365, 0.00214963568055, 0.369032798326, 0.0367206075073, 0.233486582083, 0.000950581468294, 0.0345899624879, 0.281815993273, 6.28360838139
0.0177533596922, 0.0926921444617, 0.0209413637292, 0.297044043143, 0.0977867839089, 0.0443096243253, 0.0367206075073, 0.233486582083, 0.0212274044868, 0.0345899624879, 0.998830954004, 5.86557620291
0.0177533596922, 0.0926921444617, 0.0209413637292, 0.297044043143, 0.0977867839089, 0.0443096243253, 0.0367206075073, 0.233486582083, 0.0212274044868, 0.0345899624879, 0.998830954004, 5.86557620291
0.770871174831, 0.0926921444617, 0.0304761588702, 0.297044043143, 0.0977867839089, 0.0443096243253, 0.00242445156089, 0.08664159744, 0.261440558968, 0.0345899624879, 0.971569727808, 5.97236180818
0.905771280562, 0.0926921444617, 0.0304761588702, 0.297044043143, 0.0977867839089, 0.0443096243253, 0.00242445156089, 0.08664159744, 0.261440558968, 0.0345899624879, 0.976494461292, 5.97079585835
0.770871174831, 0.0926921444617, 0.0304761588702, 0.297044043143, 0.0977867839089, 0.0443096243253, 0.00242445156089, 0.08664159744, 0.261440558968, 0.0345899624879, 0.971569727808, 5.97236180818
0.905771280562, 0.0926921444617, 0.0304761588702, 0.297044043143, 0.0977867839089, 0.0443096243253, 0.00242445156089, 0.08664159744, 0.261440558968, 0.0345899624879, 0.976494461292, 5.97079585835
0.0177533596922, 0.0926921444617, 0.0304761588702, 0.297044043143, 0.0977867839089, 0.0443096243253, 0.0367206075073, 0.233486582083, 0.0212274044868, 0.0345899624879, 0.998830954004, 5.87953932189
0.0177533596922, 0.0926921444617, 0.0304761588702, 0.297044043143, 0.0977867839089, 0.0443096243253, 0.0367206075073, 0.233486582083, 0.0212274044868, 0.0345899624879, 0.998830954004, 5.87953932189
0.102635158553, 0.069330166998, 0.146601113954, 0.402147035619, 0.0795603877657, 0.00363356258487, 0.0904856171865, 0.114649861894, 0.00977159492788, 0.0345899624879, 0.55813143485, 6.08017486433
0.102635158553, 0.069330166998, 0.146601113954, 0.402147035619, 0.0795603877657, 0.00363356258487, 0.0904856171865, 0.114649861894, 0.00977159492788, 0.0345899624879, 0.55813143485, 6.08017486433
