0.578172485522, 0.0810817870567, 0.0304761588702, 0.501214178369, 0.0846338009205, 0.0615042282925, 0.780663146118, 0.690027105434, 0.257540938737, 0.0444020977176, 0.903780654679, 7.44620284657
0.578172485522, 0.0810817870567, 0.0304761588702, 0.501214178369, 0.0846338009205, 0.0615042282925, 0.780663146118, 0.690027105434, 0.257540938737, 0.0444020977176, 0.903780654679, 7.44620284657
0.0854758683952, 0.766712727455, 0.32627255519, 0.537958110698, 0.796759053118, 0.0388106416326, 0.0312782443325, 0.825573579616, 0.121101350399, 0.951651049239, 0.293051777409, 8.51393216696
0.0854758683952, 0.766712727455, 0.32627255519, 0.537958110698, 0.796759053118, 0.0388106416326, 0.0312782443325, 0.825573579616, 0.121101350399, 0.951651049239, 0.293051777409, 8.51393216696
0.0854758683952, 0.766712727455, 0.32627255519, 0.537958110698, 0.796759053118, 0.0388106416326, 0.0312782443325, 0.825573579616, 0.121101350399, 0.951651049239, 0.293051777409, 8.51393216696
0.0854758683952, 0.766712727455, 0.32627255519, 0.537958110698, 0.796759053118, 0.0388106416326, 0.0312782443325, 0.825573579616, 0.121101350399, 0.951651049239, 0.293051777409, 8.51393216696
0.254021089308, 0.0926921444617, 0.0717540585446, 0.60204895867, 0.405793243777, 0.593911327879, 0.215057737547, 0.363574504492, 0.0244875675913, 0.634182496374, 0.644181984477, 7.7875896106
0.254021089308, 0.0926921444617, 0.0717540585446, 0.60204895867, 0.405793243777, 0.593911327879, 0.215057737547, 0.363574504492, 0.0244875675913, 0.634182496374, 0.644181984477, 7.7875896106
0.0950048589734, 0.122893598388, 0.379887909576, 0.212849490892, 0.353779279695, 0.950827005387, 0.691874292424, 0.45088419234, 0.0150310561478, 0.573616219467, 0.409278250225, 8.21129833073
0.0950048589734, 0.122893598388, 0.379887909576, 0.212849490892, 0.353779279695, 0.950827005387, 0.691874292424, 0.45088419234, 0.0150310561478, 0.573616219467, 0.409278250225, 8.21129833073
0.187414009508, 0.0810817870567, 0.0304761588702, 0.501214178369, 0.0846338009205, 0.0615042282925, 0.98383906477, 0.690027105434, 0.257540938737, 0.0877709638335, 0.998550406364, 7.57903843641
0.187414009508, 0.0810817870567, 0.0304761588702, 0.501214178369, 0.0846338009205, 0.0615042282925, 0.98383906477, 0.690027105434, 0.257540938737, 0.0877709638335, 0.998550406364, 7.57903843641
0.901839787893, 0.24449360972, 0.878030199629, 0.602644908149, 0.269884696483, 0.148760187751, 0.128317263785, 0.0410130425669, 0.532382916301, 0.0345899624879, 0.978609365655, 7.64588770968
0.901839787893, 0.24449360972, 0.878030199629, 0.602644908149, 0.269884696483, 0.148760187751, 0.128317263785, 0.0410130425669, 0.532382916301, 0.0345899624879, 0.978609365655, 7.64588770968
0.0700393159912, 0.971258807583, 0.925690036153, 0.781624529052, 0.17092991151, 0.114292035852, 0.75285746785, 0.148041170705, 0.0672471688639, 0.604218794961, 0.375336983126, 8.56681235305
0.0700393159912, 0.971258807583, 0.925690036153, 0.781624529052, 0.17092991151, 0.114292035852, 0.75285746785, 0.148041170705, 0.0672471688639, 0.604218794961, 0.375336983126, 8.56681235305
0.0887976005244, 0.770465680519, 0.793917936953, 0.243756570975, 0.115693772339, 0.233539793975, 0.691727495214, 0.487220234287, 0.760876908588, 0.923774919949, 0.320958628519, 8.76646033783
0.0887976005244, 0.770465680519, 0.793917936953, 0.243756570975, 0.115693772339, 0.233539793975, 0.691727495214, 0.487220234287, 0.760876908588, 0.923774919949, 0.320958628519, 8.76646033783
0.0544096174837, 0.331129784788, 0.628745851391, 0.31120473681, 0.685749343053, 0.617984191574, 0.390102725355, 0.559678479123, 0.0284351796636, 0.0663695410834, 0.68569545501, 8.10948963147
0.0544096174837, 0.331129784788, 0.628745851391, 0.31120473681, 0.685749343053, 0.617984191574, 0.390102725355, 0.559678479123, 0.0284351796636, 0.0663695410834, 0.68569545501, 8.10948963147
0.131386867187, 0.106577944106, 0.535153759069, 0.248451655956, 0.525106925151, 0.544917788132, 0.224901783645, 0.183119538171, 0.0602822626039, 0.775956566916, 0.967360254526, 7.8345011856
0.131386867187, 0.106577944106, 0.535153759069, 0.248451655956, 0.525106925151, 0.544917788132, 0.224901783645, 0.183119538171, 0.0602822626039, 0.775956566916, 0.967360254526, 7.8345011856
0.42529133498, 0.000122086368399, 0.0503263757258, 0.761704593871, 0.245223679669, 0.995195979443, 0.508707935824, 0.264563139403, 0.53990604309, 0.00832319562977, 0.831497590772, 7.95642903151
0.42529133498, 0.000122086368399, 0.0503263757258, 0.761704593871, 0.245223679669, 0.995195979443, 0.508707935824, 0.264563139403, 0.53990604309, 0.00832319562977, 0.831497590772, 7.95642903151
0.254021089308, 0.0926921444617, 0.117470608049, 0.60204895867, 0.405793243777, 0.76210304734, 0.215057737547, 0.363574504492, 0.809505315531, 0.634182496374, 0.644181984477, 8.29988459798
0.254021089308, 0.0926921444617, 0.117470608049, 0.60204895867, 0.405793243777, 0.76210304734, 0.215057737547, 0.363574504492, 0.809505315531, 0.634182496374, 0.644181984477, 8.29988459798
0.102635158553, 0.904650807805, 0.493720652608, 0.146035298287, 0.0977867839089, 0.577396888758, 0.880865139982, 0.323803243044, 0.221012519063, 0.84792171573, 0.55813143485, 8.52883481651
0.102635158553, 0.904650807805, 0.493720652608, 0.146035298287, 0.0977867839089, 0.577396888758, 0.880865139982, 0.323803243044, 0.221012519063, 0.84792171573, 0.55813143485, 8.52883481651
0.32349328197, 0.24449360972, 0.878030199629, 0.66434723534, 0.269884696483, 0.148760187751, 0.128317263785, 0.0410130425669, 0.532382916301, 0.0345899624879, 0.999989213829, 7.67700309845
0.32349328197, 0.24449360972, 0.878030199629, 0.66434723534, 0.269884696483, 0.148760187751, 0.128317263785, 0.0410130425669, 0.532382916301, 0.0345899624879, 0.999989213829, 7.67700309845
0.86911047131, 0.354826283102, 0.0975632615072, 0.451640874434, 0.144144578754, 0.658955575149, 0.190558277387, 0.402085480196, 0.503018128289, 0.23158172956, 0.99816750389, 7.7312341708
0.86911047131, 0.354826283102, 0.0975632615072, 0.451640874434, 0.144144578754, 0.658955575149, 0.190558277387, 0.402085480196, 0.503018128289, 0.23158172956, 0.99816750389, 7.7312341708
0.0887976005244, 0.770465680519, 0.793917936953, 0.191145064834, 0.509474071464, 0.233539793975, 0.691727495214, 0.487220234287, 0.494806007803, 0.923774919949, 0.320958628519, 8.79542146265
0.0887976005244, 0.770465680519, 0.793917936953, 0.191145064834, 0.509474071464, 0.233539793975, 0.691727495214, 0.487220234287, 0.494806007803, 0.923774919949, 0.320958628519, 8.79542146265
0.0544096174837, 0.331129784788, 0.628745851391, 0.528193113732, 0.685749343053, 0.617984191574, 0.390102725355, 0.559678479123, 0.0284351796636, 0.0663695410834, 0.68569545501, 8.21530608373
0.0544096174837, 0.331129784788, 0.628745851391, 0.528193113732, 0.685749343053, 0.617984191574, 0.390102725355, 0.559678479123, 0.0284351796636, 0.0663695410834, 0.68569545501, 8.21530608373
0.131386867187, 0.0135308954802, 0.818714925972, 0.248451655956, 0.79467160141, 0.544917788132, 0.129564973449, 0.220315977102, 0.0602822626039, 0.775956566916, 0.967360254526, 8.045947879
0.131386867187, 0.0135308954802, 0.818714925972, 0.248451655956, 0.79467160141, 0.544917788132, 0.129564973449, 0.220315977102, 0.0602822626039, 0.775956566916, 0.967360254526, 8.045947879
0.42529133498, 0.000122086368399, 0.214300836957, 0.761704593871, 0.245223679669, 0.997456747368, 0.508707935824, 0.295107785908, 0.53990604309, 0.00832319562977, 0.831497590772, 8.05799813973
0.42529133498, 0.000122086368399, 0.214300836957, 0.761704593871, 0.245223679669, 0.997456747368, 0.508707935824, 0.295107785908, 0.53990604309, 0.00832319562977, 0.831497590772, 8.05799813973
0.10772161778, 0.642707418066, 0.606963236765, 0.684091268596, 0.503710697298, 0.281827598862, 0.425508166172, 0.0337080098329, 0.950038605571, 0.0109782506712, 0.663298133243, 8.3594286549
0.10772161778, 0.642707418066, 0.606963236765, 0.684091268596, 0.503710697298, 0.281827598862, 0.425508166172, 0.0337080098329, 0.950038605571, 0.0109782506712, 0.663298133243, 8.3594286549
0.10772161778, 0.642707418066, 0.606963236765, 0.684091268596, 0.503710697298, 0.281827598862, 0.425508166172, 0.0337080098329, 0.950038605571, 0.0109782506712, 0.663298133243, 8.3594286549
0.10772161778, 0.642707418066, 0.606963236765, 0.684091268596, 0.503710697298, 0.281827598862, 0.425508166172, 0.0337080098329, 0.950038605571, 0.0109782506712, 0.663298133243, 8.3594286549
0.102635158553, 0.904650807805, 0.493720652608, 0.766138374792, 0.0977867839089, 0.577396888758, 0.309186484411, 0.323803243044, 0.221012519063, 0.84792171573, 0.55813143485, 8.54922204117
0.102635158553, 0.904650807805, 0.493720652608, 0.766138374792, 0.0977867839089, 0.577396888758, 0.309186484411, 0.323803243044, 0.221012519063, 0.84792171573, 0.55813143485, 8.54922204117
0.86911047131, 0.354826283102, 0.0975632615072, 0.451640874434, 0.144144578754, 0.658955575149, 0.190558277387, 0.262851704354, 0.717245826383, 0.23158172956, 0.99816750389, 7.77389455859
0.86911047131, 0.354826283102, 0.0975632615072, 0.451640874434, 0.144144578754, 0.658955575149, 0.190558277387, 0.262851704354, 0.717245826383, 0.23158172956, 0.99816750389, 7.77389455859
0.223485027266, 0.555694255316, 0.326478908774, 0.714640116576, 0.408807656897, 0.059388767733, 0.638161181076, 0.0098179455366, 0.884222967049, 0.472344030507, 0.813024049003, 8.30133127287
0.223485027266, 0.555694255316, 0.326478908774, 0.714640116576, 0.408807656897, 0.059388767733, 0.638161181076, 0.0098179455366, 0.884222967049, 0.472344030507, 0.813024049003, 8.30133127287
0.708029475533, 0.28795928081, 0.218160057295, 0.726515995931, 0.609732254289, 0.229641591078, 0.0357094428878, 0.657111546848, 0.534982278189, 0.348908253803, 0.992889072109, 8.06103655717
0.708029475533, 0.28795928081, 0.218160057295, 0.726515995931, 0.609732254289, 0.229641591078, 0.0357094428878, 0.657111546848, 0.534982278189, 0.348908253803, 0.992889072109, 8.06103655717
0.580939916722, 0.624859445065, 0.108110899067, 0.017159179901, 0.352163511869, 0.990727259521, 0.730369742525, 0.684578821598, 0.0413037509859, 0.310359282659, 0.902691388178, 8.18476009202
0.580939916722, 0.624859445065, 0.108110899067, 0.017159179901, 0.352163511869, 0.990727259521, 0.730369742525, 0.684578821598, 0.0413037509859, 0.310359282659, 0.902691388178, 8.18476009202
0.105469824754, 0.499108893078, 0.793872145891, 0.947039162921, 0.421575347537, 0.117255280752, 0.930477031795, 0.245251624059, 0.105984795317, 0.696177672798, 0.617147174687, 8.6298682906
0.105469824754, 0.499108893078, 0.793872145891, 0.947039162921, 0.421575347537, 0.117255280752, 0.930477031795, 0.245251624059, 0.105984795317, 0.696177672798, 0.617147174687, 8.6298682906
0.252560408506, 0.649797879375, 0.405608364858, 0.00925807033017, 0.960008193761, 0.527047941712, 0.834327445032, 0.162853961409, 0.75038064139, 0.37473408759, 0.638405613096, 8.59302458942
0.252560408506, 0.649797879375, 0.405608364858, 0.00925807033017, 0.960008193761, 0.527047941712, 0.834327445032, 0.162853961409, 0.75038064139, 0.37473408759, 0.638405613096, 8.59302458942
0.145784779011, 0.886287822366, 0.155680422988, 0.385029908188, 0.897912127252, 0.125779661045, 0.00691280242727, 0.325239791255, 0.650975240045, 0.102303446611, 0.998223627645, 8.00283958012
0.145784779011, 0.886287822366, 0.155680422988, 0.385029908188, 0.897912127252, 0.125779661045, 0.00691280242727, 0.325239791255, 0.650975240045, 0.102303446611, 0.998223627645, 8.00283958012
0.146525206836, 0.123208404262, 0.507599227434, 0.235949726155, 0.321845164453, 0.462658366494, 0.357551212702, 0.953395159549, 0.240520871259, 0.331056498012, 0.998558185633, 8.00156219965
0.146525206836, 0.123208404262, 0.507599227434, 0.235949726155, 0.321845164453, 0.462658366494, 0.357551212702, 0.953395159549, 0.240520871259, 0.331056498012, 0.998558185633, 8.00156219965
0.18389209046, 0.00185507541173, 0.507599227434, 0.235949726155, 0.226940717601, 0.462658366494, 0.357551212702, 0.953395159549, 0.240520871259, 0.331056498012, 0.999494843862, 7.88802800846
0.18389209046, 0.00185507541173, 0.507599227434, 0.235949726155, 0.226940717601, 0.462658366494, 0.357551212702, 0.953395159549, 0.240520871259, 0.331056498012, 0.999494843862, 7.88802800846
0.670630506627, 0.184310860179, 0.679872686249, 0.00854454243591, 0.0890370354876, 0.234160453737, 0.579411503313, 0.863274030631, 0.0391114091149, 0.590664642816, 0.999999988168, 7.86138009053
0.670630506627, 0.184310860179, 0.679872686249, 0.00854454243591, 0.0890370354876, 0.234160453737, 0.579411503313, 0.863274030631, 0.0391114091149, 0.590664642816, 0.999999988168, 7.86138009053
0.401653404847, 0.775846291153, 0.991269954453, 0.619018278712, 0.611304093905, 0.081974785629, 0.22259463863, 0.386522660561, 0.429651802323, 0.175369899933, 0.84278583414, 8.39596961989
0.401653404847, 0.775846291153, 0.991269954453, 0.619018278712, 0.611304093905, 0.081974785629, 0.22259463863, 0.386522660561, 0.429651802323, 0.175369899933, 0.84278583414, 8.39596961989
0.401653404847, 0.775846291153, 0.991269954453, 0.619018278712, 0.611304093905, 0.081974785629, 0.22259463863, 0.386522660561, 0.429651802323, 0.175369899933, 0.84278583414, 8.39596961989
0.401653404847, 0.775846291153, 0.991269954453, 0.619018278712, 0.611304093905, 0.081974785629, 0.22259463863, 0.386522660561, 0.429651802323, 0.175369899933, 0.84278583414, 8.39596961989
0.223485027266, 0.555694255316, 0.326478908774, 0.97185952733, 0.408807656897, 0.059388767733, 0.638161181076, 0.267973507647, 0.884222967049, 0.472344030507, 0.813024049003, 8.52669685444
0.223485027266, 0.555694255316, 0.326478908774, 0.97185952733, 0.408807656897, 0.059388767733, 0.638161181076, 0.267973507647, 0.884222967049, 0.472344030507, 0.813024049003, 8.52669685444
0.359755853729, 0.732514896533, 0.162276777012, 0.1083153753, 0.234627718798, 0.38884493458, 0.590412842507, 0.793571123095, 0.456904578973, 0.184394301503, 0.997181243251, 8.06156095877
0.359755853729, 0.732514896533, 0.162276777012, 0.1083153753, 0.234627718798, 0.38884493458, 0.590412842507, 0.793571123095, 0.456904578973, 0.184394301503, 0.997181243251, 8.06156095877
0.470317831829, 0.122893598388, 0.379887909576, 0.212849490892, 0.353779279695, 0.953401617131, 0.779888239502, 0.45088419234, 0.0150310561478, 0.573616219467, 0.996593113142, 8.15488720264
0.470317831829, 0.122893598388, 0.379887909576, 0.212849490892, 0.353779279695, 0.953401617131, 0.779888239502, 0.45088419234, 0.0150310561478, 0.573616219467, 0.996593113142, 8.15488720264
0.89760011853, 0.974828513732, 0.104619717732, 0.509856878574, 0.955932594253, 0.253122850102, 0.0149563237059, 0.728801807289, 0.109062877653, 0.346327760479, 0.981436125157, 8.23193276506
0.89760011853, 0.974828513732, 0.104619717732, 0.509856878574, 0.955932594253, 0.253122850102, 0.0149563237059, 0.728801807289, 0.109062877653, 0.346327760479, 0.981436125157, 8.23193276506
0.283695873981, 0.0152162561138, 0.0183866071392, 0.655762132328, 0.892082688699, 0.256622273522, 0.35203295291, 0.969840596126, 0.757731728118, 0.232664586946, 0.912524836239, 8.31762877607
0.283695873981, 0.0152162561138, 0.0183866071392, 0.655762132328, 0.892082688699, 0.256622273522, 0.35203295291, 0.969840596126, 0.757731728118, 0.232664586946, 0.912524836239, 8.31762877607
0.787126998781, 0.730388521543, 0.0318149534105, 0.555998081075, 0.0924134837104, 0.3403452997, 0.387382240091, 0.6507480406, 0.245852933509, 0.917528353309, 0.991401354775, 8.20850122692
0.787126998781, 0.730388521543, 0.0318149534105, 0.555998081075, 0.0924134837104, 0.3403452997, 0.387382240091, 0.6507480406, 0.245852933509, 0.917528353309, 0.991401354775, 8.20850122692
0.787126998781, 0.730388521543, 0.0318149534105, 0.555998081075, 0.0924134837104, 0.3403452997, 0.387382240091, 0.6507480406, 0.245852933509, 0.917528353309, 0.991401354775, 8.20850122692
0.787126998781, 0.730388521543, 0.0318149534105, 0.555998081075, 0.0924134837104, 0.3403452997, 0.387382240091, 0.6507480406, 0.245852933509, 0.917528353309, 0.991401354775, 8.20850122692
0.533962157074, 0.00688302659016, 0.203403662767, 0.674964335512, 0.641234454244, 0.803038818157, 0.963211384411, 0.482269334437, 0.129035390145, 0.00427342018157, 0.994633241936, 8.18688658522
0.533962157074, 0.00688302659016, 0.203403662767, 0.674964335512, 0.641234454244, 0.803038818157, 0.963211384411, 0.482269334437, 0.129035390145, 0.00427342018157, 0.994633241936, 8.18688658522
0.594107764609, 0.29051145126, 0.275940668363, 0.404943406736, 0.750046463627, 0.370296184519, 0.377011728379, 0.140768468986, 0.528655066936, 0.940125365887, 0.917999651682, 8.28365561364
0.594107764609, 0.29051145126, 0.275940668363, 0.404943406736, 0.750046463627, 0.370296184519, 0.377011728379, 0.140768468986, 0.528655066936, 0.940125365887, 0.917999651682, 8.28365561364
0.594107764609, 0.29051145126, 0.275940668363, 0.404943406736, 0.750046463627, 0.370296184519, 0.377011728379, 0.140768468986, 0.528655066936, 0.940125365887, 0.917999651682, 8.28365561364
0.594107764609, 0.29051145126, 0.275940668363, 0.404943406736, 0.750046463627, 0.370296184519, 0.377011728379, 0.140768468986, 0.528655066936, 0.940125365887, 0.917999651682, 8.28365561364
0.105469824754, 0.499108893078, 0.903473272616, 0.947039162921, 0.421575347537, 0.117255280752, 0.930477031795, 0.391153989204, 0.105984795317, 0.696177672798, 0.617147174687, 8.73140823709
0.105469824754, 0.499108893078, 0.903473272616, 0.947039162921, 0.421575347537, 0.117255280752, 0.930477031795, 0.391153989204, 0.105984795317, 0.696177672798, 0.617147174687, 8.73140823709
0.416502885229, 0.122941306838, 0.708567078934, 0.782855940605, 0.273926702783, 0.318481435955, 0.947339046045, 0.419250620608, 0.680086437627, 0.760873434186, 0.811006023256, 8.70066857525
0.416502885229, 0.122941306838, 0.708567078934, 0.782855940605, 0.273926702783, 0.318481435955, 0.947339046045, 0.419250620608, 0.680086437627, 0.760873434186, 0.811006023256, 8.70066857525
0.670630506627, 0.184310860179, 0.679872686249, 0.00854454243591, 0.0890370354876, 0.396353872116, 0.579411503313, 0.863274030631, 0.0391114091149, 0.55884394678, 0.999999988168, 7.93110069271
0.670630506627, 0.184310860179, 0.679872686249, 0.00854454243591, 0.0890370354876, 0.396353872116, 0.579411503313, 0.863274030631, 0.0391114091149, 0.55884394678, 0.999999988168, 7.93110069271
0.252560408506, 0.649797879375, 0.637836245222, 0.580702335951, 0.517946974108, 0.527047941712, 0.834327445032, 0.162853961409, 0.75038064139, 0.37473408759, 0.638405613096, 8.73746584845
0.252560408506, 0.649797879375, 0.637836245222, 0.580702335951, 0.517946974108, 0.527047941712, 0.834327445032, 0.162853961409, 0.75038064139, 0.37473408759, 0.638405613096, 8.73746584845
0.404779849674, 0.754266880758, 0.133618028668, 0.752460374917, 0.0449473479709, 0.191380289663, 0.940083274742, 0.999005928816, 0.459395134169, 0.633824472053, 0.829838452943, 8.65561449193
0.425950882461, 0.758422250265, 0.545640699815, 0.432615598382, 0.472299986367, 0.811160688639, 0.296086353412, 0.981338441023, 0.232341675242, 0.163274410164, 0.834064295711, 8.5675722653
