0.0854758683952, 0.766712727455, 0.32627255519, 0.537958110698, 0.459799468368, 0.0388106416326, 0.0312782443325, 0.825573579616, 0.0764619130298, 0.951651049239, 0.293051777409, 8.34484948328
0.0854758683952, 0.766712727455, 0.32627255519, 0.537958110698, 0.459799468368, 0.0388106416326, 0.0312782443325, 0.825573579616, 0.0764619130298, 0.951651049239, 0.293051777409, 8.34484948328
0.578172485522, 0.0810817870567, 0.0304761588702, 0.501214178369, 0.0846338009205, 0.0615042282925, 0.780663146118, 0.690027105434, 0.257540938737, 0.0365881639232, 0.903780654679, 7.44106676352
0.578172485522, 0.0810817870567, 0.0304761588702, 0.501214178369, 0.0846338009205, 0.0615042282925, 0.780663146118, 0.690027105434, 0.257540938737, 0.0365881639232, 0.903780654679, 7.44106676352
0.0848961128137, 0.766712727455, 0.32627255519, 0.537958110698, 0.796759053118, 0.0388106416326, 0.0312782443325, 0.825573579616, 0.00353132201958, 0.951651049239, 0.28978539636, 8.46327826246
0.0848961128137, 0.766712727455, 0.32627255519, 0.537958110698, 0.796759053118, 0.0388106416326, 0.0312782443325, 0.825573579616, 0.00353132201958, 0.951651049239, 0.28978539636, 8.46327826246
0.0950048589734, 0.122893598388, 0.379887909576, 0.272752224548, 0.353779279695, 0.950827005387, 0.691874292424, 0.45088419234, 0.0150310561478, 0.465641085676, 0.409278250225, 8.18796243919
0.0950048589734, 0.122893598388, 0.379887909576, 0.272752224548, 0.353779279695, 0.950827005387, 0.691874292424, 0.45088419234, 0.0150310561478, 0.465641085676, 0.409278250225, 8.18796243919
0.254021089308, 0.0926921444617, 0.0717540585446, 0.60204895867, 0.236940397251, 0.593911327879, 0.215057737547, 0.350163705204, 0.0244875675913, 0.634182496374, 0.644181984477, 7.68063688463
0.254021089308, 0.0926921444617, 0.0717540585446, 0.60204895867, 0.236940397251, 0.593911327879, 0.215057737547, 0.350163705204, 0.0244875675913, 0.634182496374, 0.644181984477, 7.68063688463
0.0891439805132, 0.000122086368399, 0.317277172898, 0.761704593871, 0.715594422179, 0.997456747368, 0.508707935824, 0.295107785908, 0.53990604309, 0.00832319562977, 0.324726399747, 8.40128772982
0.0891439805132, 0.000122086368399, 0.317277172898, 0.761704593871, 0.715594422179, 0.997456747368, 0.508707935824, 0.295107785908, 0.53990604309, 0.00832319562977, 0.324726399747, 8.40128772982
0.578172485522, 0.0810817870567, 0.0304761588702, 0.501214178369, 0.0846338009205, 0.141961108107, 0.780663146118, 0.690027105434, 0.257540938737, 0.0444020977176, 0.903780654679, 7.49840213258
0.578172485522, 0.0810817870567, 0.0304761588702, 0.501214178369, 0.0846338009205, 0.141961108107, 0.780663146118, 0.690027105434, 0.257540938737, 0.0444020977176, 0.903780654679, 7.49840213258
0.32349328197, 0.0433632818824, 0.878030199629, 0.66434723534, 0.141856773987, 0.148760187751, 0.128317263785, 0.0410130425669, 0.532382916301, 0.00851364622267, 0.999989213829, 7.45791303878
0.32349328197, 0.0433632818824, 0.878030199629, 0.66434723534, 0.141856773987, 0.148760187751, 0.128317263785, 0.0410130425669, 0.532382916301, 0.00851364622267, 0.999989213829, 7.45791303878
0.0851724631524, 0.971258807583, 0.925690036153, 0.781624529052, 0.117948881868, 0.114292035852, 0.75285746785, 0.148041170705, 0.383612277529, 0.088048373593, 0.291280835645, 8.46528478866
0.0851724631524, 0.971258807583, 0.925690036153, 0.781624529052, 0.117948881868, 0.114292035852, 0.75285746785, 0.148041170705, 0.383612277529, 0.088048373593, 0.291280835645, 8.46528478866
0.0596281573835, 0.0926921444617, 0.117470608049, 0.70840331073, 0.405793243777, 0.0855638958972, 0.634096984504, 0.363574504492, 0.809505315531, 0.597396451119, 0.576224345789, 8.22155883074
0.0596281573835, 0.0926921444617, 0.117470608049, 0.70840331073, 0.405793243777, 0.0855638958972, 0.634096984504, 0.363574504492, 0.809505315531, 0.597396451119, 0.576224345789, 8.22155883074
0.0950048589734, 0.122893598388, 0.379887909576, 0.272752224548, 0.353779279695, 0.950827005387, 0.691874292424, 0.45088419234, 0.0150310561478, 0.573616219467, 0.409278250225, 8.24006481916
0.0950048589734, 0.122893598388, 0.379887909576, 0.272752224548, 0.353779279695, 0.950827005387, 0.691874292424, 0.45088419234, 0.0150310561478, 0.573616219467, 0.409278250225, 8.24006481916
0.254021089308, 0.0926921444617, 0.0717540585446, 0.60204895867, 0.236940397251, 0.593911327879, 0.215057737547, 0.363574504492, 0.0244875675913, 0.634182496374, 0.644181984477, 7.68868090665
0.254021089308, 0.0926921444617, 0.0717540585446, 0.60204895867, 0.236940397251, 0.593911327879, 0.215057737547, 0.363574504492, 0.0244875675913, 0.634182496374, 0.644181984477, 7.68868090665
0.901839787893, 0.24449360972, 0.878030199629, 0.602644908149, 0.269884696483, 0.148760187751, 0.128317263785, 0.0410130425669, 0.31126691247, 0.0192310688385, 0.978609365655, 7.50012658517
0.901839787893, 0.24449360972, 0.878030199629, 0.602644908149, 0.269884696483, 0.148760187751, 0.128317263785, 0.0410130425669, 0.31126691247, 0.0192310688385, 0.978609365655, 7.50012658517
0.912199978892, 0.148158043732, 0.0975632615072, 0.451640874434, 0.144144578754, 0.658955575149, 0.190558277387, 0.402085480196, 0.503018128289, 0.23158172956, 0.97452586165, 7.61541667751
0.912199978892, 0.148158043732, 0.0975632615072, 0.451640874434, 0.144144578754, 0.658955575149, 0.190558277387, 0.402085480196, 0.503018128289, 0.23158172956, 0.97452586165, 7.61541667751
0.154238591255, 0.24449360972, 0.878030199629, 0.3742611219, 0.269884696483, 0.148760187751, 0.128317263785, 0.0410130425669, 0.532382916301, 0.0345899624879, 0.999915586379, 7.49974944201
0.154238591255, 0.24449360972, 0.878030199629, 0.3742611219, 0.269884696483, 0.148760187751, 0.128317263785, 0.0410130425669, 0.532382916301, 0.0345899624879, 0.999915586379, 7.49974944201
0.334548234801, 0.000122086368399, 0.214300836957, 0.761704593871, 0.245223679669, 0.0544885357311, 0.508707935824, 0.295107785908, 0.53990604309, 0.00832319562977, 0.999999999962, 7.48451093171
0.334548234801, 0.000122086368399, 0.214300836957, 0.761704593871, 0.245223679669, 0.0544885357311, 0.508707935824, 0.295107785908, 0.53990604309, 0.00832319562977, 0.999999999962, 7.48451093171
0.0854758683952, 0.766712727455, 0.32627255519, 0.537958110698, 0.796759053118, 0.0388106416326, 0.0312782443325, 0.825573579616, 0.121101350399, 0.88964050931, 0.293051777409, 8.48722607912
0.0854758683952, 0.766712727455, 0.32627255519, 0.537958110698, 0.796759053118, 0.0388106416326, 0.0312782443325, 0.825573579616, 0.121101350399, 0.88964050931, 0.293051777409, 8.48722607912
0.0950048589734, 0.122893598388, 0.379887909576, 0.212849490892, 0.353779279695, 0.950827005387, 0.791256193604, 0.45088419234, 0.0150310561478, 0.573616219467, 0.409278250225, 8.25883837241
0.0950048589734, 0.122893598388, 0.379887909576, 0.212849490892, 0.353779279695, 0.950827005387, 0.791256193604, 0.45088419234, 0.0150310561478, 0.573616219467, 0.409278250225, 8.25883837241
0.131386867187, 0.106577944106, 0.535153759069, 0.248451655956, 0.525106925151, 0.544917788132, 0.224901783645, 0.183119538171, 0.0602822626039, 0.553010388144, 0.967360254526, 7.70842267771
0.131386867187, 0.106577944106, 0.535153759069, 0.248451655956, 0.525106925151, 0.544917788132, 0.224901783645, 0.183119538171, 0.0602822626039, 0.553010388144, 0.967360254526, 7.70842267771
0.254021089308, 0.0870428015606, 0.0717540585446, 0.60204895867, 0.589814879172, 0.593911327879, 0.215057737547, 0.170180734484, 0.0244875675913, 0.634182496374, 0.644181984477, 7.77896271158
0.254021089308, 0.0870428015606, 0.0717540585446, 0.60204895867, 0.589814879172, 0.593911327879, 0.215057737547, 0.170180734484, 0.0244875675913, 0.634182496374, 0.644181984477, 7.77896271158
0.685207621624, 0.24449360972, 0.878030199629, 0.602644908149, 0.269884696483, 0.148760187751, 0.128317263785, 0.300180639437, 0.31126691247, 0.0345899624879, 0.999896005985, 7.66308257562
0.685207621624, 0.24449360972, 0.878030199629, 0.602644908149, 0.269884696483, 0.148760187751, 0.128317263785, 0.300180639437, 0.31126691247, 0.0345899624879, 0.999896005985, 7.66308257562
0.154238591255, 0.24449360972, 0.878030199629, 0.602644908149, 0.269884696483, 0.148760187751, 0.128317263785, 0.0410130425669, 0.532382916301, 0.0345899624879, 0.999915586379, 7.64046177935
0.154238591255, 0.24449360972, 0.878030199629, 0.602644908149, 0.269884696483, 0.148760187751, 0.128317263785, 0.0410130425669, 0.532382916301, 0.0345899624879, 0.999915586379, 7.64046177935
0.32349328197, 0.122249250801, 0.878030199629, 0.66434723534, 0.141856773987, 0.148760187751, 0.128317263785, 0.0410130425669, 0.532382916301, 0.0799010215652, 0.999989213829, 7.55321280738
0.32349328197, 0.122249250801, 0.878030199629, 0.66434723534, 0.141856773987, 0.148760187751, 0.128317263785, 0.0410130425669, 0.532382916301, 0.0799010215652, 0.999989213829, 7.55321280738
0.0887976005244, 0.417284090592, 0.793917936953, 0.21634327571, 0.115693772339, 0.233539793975, 0.794670044547, 0.487220234287, 0.403457488234, 0.923774919949, 0.320958628519, 8.50754083401
0.0887976005244, 0.417284090592, 0.793917936953, 0.21634327571, 0.115693772339, 0.233539793975, 0.794670044547, 0.487220234287, 0.403457488234, 0.923774919949, 0.320958628519, 8.50754083401
0.0854758683952, 0.766712727455, 0.32627255519, 0.537958110698, 0.796759053118, 0.0388106416326, 0.0312782443325, 0.825573579616, 0.121101350399, 0.951651049239, 0.293051777409, 8.51393216696
0.0854758683952, 0.766712727455, 0.32627255519, 0.537958110698, 0.796759053118, 0.0388106416326, 0.0312782443325, 0.825573579616, 0.121101350399, 0.951651049239, 0.293051777409, 8.51393216696
0.0764254288669, 0.766712727455, 0.311975596524, 0.537958110698, 0.796759053118, 0.0388106416326, 0.0312782443325, 0.825573579616, 0.135787053655, 0.951651049239, 0.3000250728, 8.51361352014
0.0764254288669, 0.766712727455, 0.311975596524, 0.537958110698, 0.796759053118, 0.0388106416326, 0.0312782443325, 0.825573579616, 0.135787053655, 0.951651049239, 0.3000250728, 8.51361352014
0.0700393159912, 0.971258807583, 0.925690036153, 0.781624529052, 0.17092991151, 0.114292035852, 0.567048760365, 0.148041170705, 0.0672471688639, 0.604218794961, 0.375336983126, 8.48778255128
0.0700393159912, 0.971258807583, 0.925690036153, 0.781624529052, 0.17092991151, 0.114292035852, 0.567048760365, 0.148041170705, 0.0672471688639, 0.604218794961, 0.375336983126, 8.48778255128
0.0950048589734, 0.122893598388, 0.379887909576, 0.212849490892, 0.57965296009, 0.999607684358, 0.791256193604, 0.45088419234, 0.0150310561478, 0.573616219467, 0.409278250225, 8.38559482555
0.0950048589734, 0.122893598388, 0.379887909576, 0.212849490892, 0.57965296009, 0.999607684358, 0.791256193604, 0.45088419234, 0.0150310561478, 0.573616219467, 0.409278250225, 8.38559482555
0.86911047131, 0.354826283102, 0.0975632615072, 0.451640874434, 0.144144578754, 0.658955575149, 0.190558277387, 0.378115888997, 0.503018128289, 0.23158172956, 0.99816750389, 7.71743081366
0.86911047131, 0.354826283102, 0.0975632615072, 0.451640874434, 0.144144578754, 0.658955575149, 0.190558277387, 0.378115888997, 0.503018128289, 0.23158172956, 0.99816750389, 7.71743081366
0.912199978892, 0.354826283102, 0.0975632615072, 0.451640874434, 0.144144578754, 0.658955575149, 0.190558277387, 0.402085480196, 0.503018128289, 0.23158172956, 0.97452586165, 7.73716921188
0.912199978892, 0.354826283102, 0.0975632615072, 0.451640874434, 0.144144578754, 0.658955575149, 0.190558277387, 0.402085480196, 0.503018128289, 0.23158172956, 0.97452586165, 7.73716921188
0.254021089308, 0.0870428015606, 0.0717540585446, 0.60204895867, 0.589814879172, 0.593911327879, 0.0600535636313, 0.363574504492, 0.0244875675913, 0.634182496374, 0.644181984477, 7.80094567038
0.254021089308, 0.0870428015606, 0.0717540585446, 0.60204895867, 0.589814879172, 0.593911327879, 0.0600535636313, 0.363574504492, 0.0244875675913, 0.634182496374, 0.644181984477, 7.80094567038
0.334548234801, 0.000122086368399, 0.214300836957, 0.761704593871, 0.245223679669, 0.255377158106, 0.508707935824, 0.295107785908, 0.53990604309, 0.00832319562977, 0.999999999962, 7.60956288157
0.334548234801, 0.000122086368399, 0.214300836957, 0.761704593871, 0.245223679669, 0.255377158106, 0.508707935824, 0.295107785908, 0.53990604309, 0.00832319562977, 0.999999999962, 7.60956288157
0.0854758683952, 0.766712727455, 0.32627255519, 0.934607624283, 0.796759053118, 0.0388106416326, 0.222268769104, 0.825573579616, 0.121101350399, 0.951651049239, 0.293051777409, 8.7539427802
0.0854758683952, 0.766712727455, 0.32627255519, 0.934607624283, 0.796759053118, 0.0388106416326, 0.222268769104, 0.825573579616, 0.121101350399, 0.951651049239, 0.293051777409, 8.7539427802
0.0764254288669, 0.766712727455, 0.32627255519, 0.537958110698, 0.796759053118, 0.0388106416326, 0.0312782443325, 0.825573579616, 0.121101350399, 0.966659388473, 0.3000250728, 8.51986845671
0.0764254288669, 0.766712727455, 0.32627255519, 0.537958110698, 0.796759053118, 0.0388106416326, 0.0312782443325, 0.825573579616, 0.121101350399, 0.966659388473, 0.3000250728, 8.51986845671
0.0700393159912, 0.971258807583, 0.925690036153, 0.708368725069, 0.17092991151, 0.114292035852, 0.75285746785, 0.148041170705, 0.196414123731, 0.397413864462, 0.375336983126, 8.50282368223
0.0700393159912, 0.971258807583, 0.925690036153, 0.708368725069, 0.17092991151, 0.114292035852, 0.75285746785, 0.148041170705, 0.196414123731, 0.397413864462, 0.375336983126, 8.50282368223
0.252560408506, 0.649797879375, 0.637836245222, 0.580702335951, 0.517946974108, 0.527047941712, 0.680121998977, 0.162853961409, 0.104785242495, 0.37473408759, 0.638405613096, 8.40625740265
0.252560408506, 0.649797879375, 0.637836245222, 0.580702335951, 0.517946974108, 0.527047941712, 0.680121998977, 0.162853961409, 0.104785242495, 0.37473408759, 0.638405613096, 8.40625740265
0.86911047131, 0.354826283102, 0.0975632615072, 0.451640874434, 0.144144578754, 0.658955575149, 0.190558277387, 0.164404472827, 0.717245826383, 0.23158172956, 0.99816750389, 7.7177289998
0.86911047131, 0.354826283102, 0.0975632615072, 0.451640874434, 0.144144578754, 0.658955575149, 0.190558277387, 0.164404472827, 0.717245826383, 0.23158172956, 0.99816750389, 7.7177289998
0.254021089308, 0.0926921444617, 0.117470608049, 0.70840331073, 0.405793243777, 0.0855638958972, 0.215057737547, 0.363574504492, 0.809505315531, 0.597396451119, 0.644181984477, 8.00200232516
0.254021089308, 0.0926921444617, 0.117470608049, 0.70840331073, 0.405793243777, 0.0855638958972, 0.215057737547, 0.363574504492, 0.809505315531, 0.597396451119, 0.644181984477, 8.00200232516
0.131386867187, 0.106577944106, 0.535153759069, 0.248451655956, 0.525106925151, 0.544917788132, 0.224901783645, 0.183119538171, 0.0602822626039, 0.775956566916, 0.967360254526, 7.8345011856
0.131386867187, 0.106577944106, 0.535153759069, 0.248451655956, 0.525106925151, 0.544917788132, 0.224901783645, 0.183119538171, 0.0602822626039, 0.775956566916, 0.967360254526, 7.8345011856
0.578172485522, 0.0810817870567, 0.0304761588702, 0.501214178369, 0.0846338009205, 0.0379666528782, 0.780663146118, 0.773810263965, 0.257540938737, 0.665224495992, 0.903780654679, 7.85393089536
0.578172485522, 0.0810817870567, 0.0304761588702, 0.501214178369, 0.0846338009205, 0.0379666528782, 0.780663146118, 0.773810263965, 0.257540938737, 0.665224495992, 0.903780654679, 7.85393089536
0.578172485522, 0.0810817870567, 0.0304761588702, 0.501214178369, 0.0846338009205, 0.0379666528782, 0.780663146118, 0.773810263965, 0.257540938737, 0.665224495992, 0.903780654679, 7.85393089536
0.578172485522, 0.0810817870567, 0.0304761588702, 0.501214178369, 0.0846338009205, 0.0379666528782, 0.780663146118, 0.773810263965, 0.257540938737, 0.665224495992, 0.903780654679, 7.85393089536
0.0887976005244, 0.770465680519, 0.793917936953, 0.243756570975, 0.115693772339, 0.280574011381, 0.691727495214, 0.487220234287, 0.269574449486, 0.923774919949, 0.320958628519, 8.58813586043
0.0887976005244, 0.770465680519, 0.793917936953, 0.243756570975, 0.115693772339, 0.280574011381, 0.691727495214, 0.487220234287, 0.269574449486, 0.923774919949, 0.320958628519, 8.58813586043
0.86911047131, 0.354826283102, 0.0975632615072, 0.451640874434, 0.144144578754, 0.658955575149, 0.190558277387, 0.402085480196, 0.503018128289, 0.23158172956, 0.99816750389, 7.7312341708
0.86911047131, 0.354826283102, 0.0975632615072, 0.451640874434, 0.144144578754, 0.658955575149, 0.190558277387, 0.402085480196, 0.503018128289, 0.23158172956, 0.99816750389, 7.7312341708
0.594107764609, 0.29051145126, 0.239787434355, 0.315491604724, 0.750046463627, 0.0215181920189, 0.377011728379, 0.140768468986, 0.528655066936, 0.940125365887, 0.917999651682, 8.0560993366
0.102635158553, 0.904650807805, 0.493720652608, 0.146035298287, 0.0977867839089, 0.577396888758, 0.880865139982, 0.323803243044, 0.221012519063, 0.84792171573, 0.55813143485, 8.52883481651
0.0544096174837, 0.331129784788, 0.628745851391, 0.31120473681, 0.685749343053, 0.515686709794, 0.390102725355, 0.559678479123, 0.0284351796636, 0.0663695410834, 0.68569545501, 8.05793892747
0.10772161778, 0.642707418066, 0.227579945361, 0.684091268596, 0.532532346169, 0.281827598862, 0.326326972307, 0.0337080098329, 0.89044630605, 0.0109782506712, 0.663298133243, 8.11856396878
0.254021089308, 0.0926921444617, 0.117470608049, 0.60204895867, 0.405793243777, 0.835863467711, 0.215057737547, 0.363574504492, 0.904887951782, 0.634182496374, 0.644181984477, 8.37678301404
0.131386867187, 0.106577944106, 0.535153759069, 0.248451655956, 0.525106925151, 0.705757659054, 0.224901783645, 0.183119538171, 0.0602822626039, 0.775956566916, 0.967360254526, 7.92139607994
0.131386867187, 0.106577944106, 0.535153759069, 0.248451655956, 0.525106925151, 0.705757659054, 0.224901783645, 0.183119538171, 0.0602822626039, 0.775956566916, 0.967360254526, 7.92139607994
0.252560408506, 0.649797879375, 0.405608364858, 0.00925807033017, 0.707086775366, 0.318551663784, 0.941244768124, 0.162853961409, 0.75038064139, 0.37473408759, 0.638405613096, 8.44301569292
0.102635158553, 0.904650807805, 0.493720652608, 0.146035298287, 0.0977867839089, 0.577396888758, 0.880865139982, 0.323803243044, 0.221012519063, 0.84792171573, 0.55813143485, 8.52883481651
0.252560408506, 0.649797879375, 0.405608364858, 0.00925807033017, 0.707086775366, 0.318551663784, 0.941244768124, 0.162853961409, 0.75038064139, 0.37473408759, 0.638405613096, 8.44301569292
0.254021089308, 0.0926921444617, 0.117470608049, 0.60204895867, 0.405793243777, 0.835863467711, 0.215057737547, 0.363574504492, 0.904887951782, 0.634182496374, 0.644181984477, 8.37678301404
0.10772161778, 0.642707418066, 0.227579945361, 0.684091268596, 0.532532346169, 0.281827598862, 0.326326972307, 0.0337080098329, 0.89044630605, 0.0109782506712, 0.663298133243, 8.11856396878
0.594107764609, 0.29051145126, 0.239787434355, 0.315491604724, 0.750046463627, 0.0215181920189, 0.377011728379, 0.140768468986, 0.528655066936, 0.940125365887, 0.917999651682, 8.0560993366
0.0544096174837, 0.331129784788, 0.628745851391, 0.31120473681, 0.685749343053, 0.515686709794, 0.390102725355, 0.559678479123, 0.0284351796636, 0.0663695410834, 0.68569545501, 8.05793892747
