0.864308466651, 0.128419074545, 0.260798738724, 0.012272219355, 0.773645277827, 0.692658870197, 0.292073343041, 0.28574575389, 0.195623450823, 0.395636280293, 0.97790812725, 0.416847984637, 0.598070760357, 0.717194454187, 80.4372872928, 1.55079432361, 34.9346983385, 17.9367747914, 413.64169914
0.0733741978872, 0.517852172923, 0.718286719786, 0.0118012701852, 0.787455803194, 0.699207999324, 0.292073343041, 0.311245594416, 0.193704177663, 0.289059930045, 0.0976774228551, 0.611355368245, 0.0905822267547, 0.593820680198, 63.125379039, 1.1703139441, 133.239383663, 155.951231482, 24.8457916528
0.0733938767045, 0.134637092755, 0.718328025881, 0.0119154280291, 0.790442185454, 0.69920686519, 0.292072515292, 0.311715153724, 0.193270191709, 0.288009484152, 0.113105766569, 0.597682866703, 0.621773501421, 0.593611435572, 110.548043199, 2.06933737556, 233.374795002, 55.4440384027, 30.5859736002
0.0733938767045, 0.134637092755, 0.718328025881, 0.0119154280291, 0.790442185454, 0.69920686519, 0.292072515292, 0.311715153724, 0.193270191709, 0.288009484152, 0.113105766569, 0.597682866703, 0.621773501421, 0.593611435572, 110.548043199, 2.06933737556, 233.374795002, 55.4440384027, 30.5859736002
0.0733938767045, 0.135529776715, 0.360293907849, 0.0118982847377, 0.790442185454, 0.699206869077, 0.292072515292, 0.311715153724, 0.193318089682, 0.288009484152, 0.113102173966, 0.597682866703, 0.621773501421, 0.593611435572, 217.756555253, 4.07029647828, 138.357737261, 55.7762305004, 30.5696044233
0.0733938767045, 0.135529776715, 0.360293907849, 0.0118982847377, 0.790442185454, 0.699206869077, 0.292072515292, 0.311715153724, 0.193318089682, 0.288009484152, 0.113102173966, 0.597682866703, 0.621773501421, 0.593611435572, 217.756555253, 4.07029647828, 138.357737261, 55.7762305004, 30.5696044233
0.0733938767045, 0.135529776715, 0.360293907849, 0.0118982847377, 0.790442185454, 0.699206869077, 0.292072515292, 0.311715153724, 0.193318089682, 0.288009484152, 0.113102173966, 0.597682866703, 0.621773501421, 0.593611435572, 217.756555253, 4.07029647828, 138.357737261, 55.7762305004, 30.5696044233
0.0734227302866, 0.128417339916, 0.260201494187, 0.0120171629867, 0.79067301543, 0.699206869077, 0.292072528713, 0.311715153724, 0.193318089682, 0.288298433218, 0.994786117685, 0.597869949323, 0.597473798438, 0.527976094248, 247.391555108, 4.67044526106, 107.167954877, 55.1424133786, 31.8840484722
0.0734227302866, 0.128417339916, 0.260201494187, 0.0120171629867, 0.79067301543, 0.699206869077, 0.292072528713, 0.311715153724, 0.193318089682, 0.288298433218, 0.994786117685, 0.597869949323, 0.597473798438, 0.527976094248, 247.391555108, 4.67044526106, 107.167954877, 55.1424133786, 31.8840484722
0.863291920628, 0.118873720254, 0.360182520263, 0.0413195823846, 0.798962915687, 0.699208219803, 0.292073343041, 0.311753372346, 0.194876013082, 0.38166515401, 0.00486788458897, 0.611355368245, 0.598070760357, 0.594952092578, 34.9012147538, 2.26843731126, 22.2097873373, 7.82741779135, 193.320102742
0.0734220995942, 0.128417339916, 0.15878550396, 0.0118991029438, 0.790445309895, 0.699206869077, 0.271479766883, 0.311715153724, 0.193318089682, 0.288298433218, 0.994786117685, 0.597684413472, 0.597473798438, 0.59079184798, 270.745240084, 5.06110686522, 68.9773218982, 57.1450333681, 33.0417025966
0.0734220995942, 0.128417339916, 0.15878550396, 0.0118991029438, 0.790445309895, 0.699206869077, 0.271479766883, 0.311715153724, 0.193318089682, 0.288298433218, 0.994786117685, 0.597684413472, 0.597473798438, 0.59079184798, 270.745240084, 5.06110686522, 68.9773218982, 57.1450333681, 33.0417025966
0.0734220995942, 0.128417339916, 0.15878550396, 0.0118991029438, 0.790445309895, 0.699206869077, 0.271479766883, 0.311715153724, 0.193318089682, 0.288298433218, 0.994786117685, 0.597684413472, 0.597473798438, 0.59079184798, 270.745240084, 5.06110686522, 68.9773218982, 57.1450333681, 33.0417025966
0.0734220995942, 0.128417339916, 0.15878550396, 0.0118991029438, 0.790445309895, 0.699206869077, 0.271479766883, 0.311715153724, 0.193318089682, 0.288298433218, 0.994786117685, 0.597684413472, 0.597473798438, 0.59079184798, 270.745240084, 5.06110686522, 68.9773218982, 57.1450333681, 33.0417025966
0.0733739974665, 0.134637092755, 0.718328025881, 0.0119142852628, 0.787343732125, 0.699206882175, 0.197123047542, 0.311250650734, 0.193273873715, 0.288009484152, 0.113216435324, 0.597867805467, 0.621773501421, 0.593611435572, 112.654270158, 2.10856132871, 237.821182178, 56.5003892452, 31.1601971815
0.0733739974665, 0.134637092755, 0.718328025881, 0.0119142852628, 0.787343732125, 0.699206882175, 0.197123047542, 0.311250650734, 0.193273873715, 0.288009484152, 0.113216435324, 0.597867805467, 0.621773501421, 0.593611435572, 112.654270158, 2.10856132871, 237.821182178, 56.5003892452, 31.1601971815
0.859060249666, 0.118873720254, 0.360182520263, 0.0122296731262, 0.798962915687, 0.699208219803, 0.29207253008, 0.311753372346, 0.194876013082, 0.386423981164, 0.00728062323322, 0.597042255003, 0.598070760357, 0.525646564382, 46.132835958, 0.886335833546, 29.3007508841, 10.3264932387, 247.139904529
0.859060249666, 0.118873720254, 0.360182520263, 0.0122296731262, 0.798962915687, 0.699208219803, 0.29207253008, 0.311753372346, 0.194876013082, 0.386423981164, 0.00728062323322, 0.597042255003, 0.598070760357, 0.525646564382, 46.132835958, 0.886335833546, 29.3007508841, 10.3264932387, 247.139904529
0.0733741978872, 0.512246764178, 0.718286719786, 0.012274232193, 0.787455803194, 0.699207999332, 0.292073343041, 0.311245594416, 0.193704177663, 0.289059930045, 0.0976774228551, 0.611355368245, 0.0905822267547, 0.593820680198, 63.7099260885, 1.22849991593, 134.475082408, 154.646989591, 24.8457916525
0.0733741978872, 0.512246764178, 0.718286719786, 0.012274232193, 0.787455803194, 0.699207999332, 0.292073343041, 0.311245594416, 0.193704177663, 0.289059930045, 0.0976774228551, 0.611355368245, 0.0905822267547, 0.593820680198, 63.7099260885, 1.22849991593, 134.475082408, 154.646989591, 24.8457916525
0.0733741978872, 0.512246764178, 0.718286719786, 0.012274232193, 0.787455803194, 0.699207999332, 0.292073343041, 0.311245594416, 0.193704177663, 0.289059930045, 0.0976774228551, 0.611355368245, 0.0905822267547, 0.593820680198, 63.7099260885, 1.22849991593, 134.475082408, 154.646989591, 24.8457916525
0.0733741978872, 0.512246764178, 0.718286719786, 0.012274232193, 0.787455803194, 0.699207999332, 0.292073343041, 0.311245594416, 0.193704177663, 0.289059930045, 0.0976774228551, 0.611355368245, 0.0905822267547, 0.593820680198, 63.7099260885, 1.22849991593, 134.475082408, 154.646989591, 24.8457916525
0.864308466651, 0.128419074545, 0.355246167894, 0.0122722184459, 0.787044328341, 0.693206899786, 0.292073343041, 0.311252399011, 0.195623450823, 0.398433184199, 0.97790812725, 0.612992002086, 0.598070760357, 0.593822264358, 45.5775275131, 0.878713940923, 28.4544975129, 10.9894456377, 253.42866926
0.0734227302866, 0.128417339916, 0.260201494187, 0.0120171629867, 0.79067301543, 0.699206869077, 0.292072528713, 0.311715153724, 0.193318089682, 0.288298433218, 0.994786117685, 0.597869949323, 0.597473798438, 0.573393230911, 240.202272077, 4.53472052767, 104.05361753, 53.5399560247, 30.9574871411
0.021934313094, 0.135489538884, 0.731890887151, 0.0119154280291, 0.790442185454, 0.699206865049, 0.292072515292, 0.311715153724, 0.193270191709, 0.288009484152, 0.113105766569, 0.597682866703, 0.621773501421, 0.593611435572, 106.163940179, 1.98727180503, 237.042973542, 56.1292644405, 9.15931628763
0.021934313094, 0.135489538884, 0.731890887151, 0.0119154280291, 0.790442185454, 0.699206865049, 0.292072515292, 0.311715153724, 0.193270191709, 0.288009484152, 0.113105766569, 0.597682866703, 0.621773501421, 0.593611435572, 106.163940179, 1.98727180503, 237.042973542, 56.1292644405, 9.15931628763
0.073253245904, 0.517758604872, 0.360594679949, 0.00878533978016, 0.816532603999, 0.699208250173, 0.292073343041, 0.311245594416, 0.193708327424, 0.290427332579, 0.202311562321, 0.611355368245, 0.0991544660801, 0.593820680198, 119.4862306, 1.6490122079, 75.9921629399, 149.743431855, 23.8204138173
0.864308466651, 0.512427712211, 0.355246167894, 0.00881543574682, 0.787044328341, 0.699204955791, 0.292073343041, 0.311252399011, 0.195623450823, 0.398433184199, 0.97790812725, 0.611347288336, 0.598070760357, 0.593820684216, 30.2851663271, 0.419393199356, 18.9056259755, 37.1261307916, 237.990756855
0.864308466651, 0.512427712211, 0.355246167894, 0.00881543574682, 0.787044328341, 0.699204955791, 0.292073343041, 0.311252399011, 0.195623450823, 0.398433184199, 0.97790812725, 0.611347288336, 0.598070760357, 0.593820684216, 30.2851663271, 0.419393199356, 18.9056259755, 37.1261307916, 237.990756855
0.864308466651, 0.512427712211, 0.355246167894, 0.00881543574682, 0.787044328341, 0.699204955791, 0.292073343041, 0.311252399011, 0.195623450823, 0.398433184199, 0.97790812725, 0.611347288336, 0.598070760357, 0.593820684216, 30.2851663271, 0.419393199356, 18.9056259755, 37.1261307916, 237.990756855
0.843010428757, 0.128419074545, 0.711618943832, 0.0119198186986, 0.786941245625, 0.693211762303, 0.292073343041, 0.311252399011, 0.19329750864, 0.400385215917, 0.990793444769, 0.612625454062, 0.597672282337, 0.593822264358, 20.7965401473, 0.389431762788, 42.7331851513, 9.71925331797, 192.713333329
0.843010428757, 0.128419074545, 0.711618943832, 0.0119198186986, 0.786941245625, 0.693211762303, 0.292073343041, 0.311252399011, 0.19329750864, 0.400385215917, 0.990793444769, 0.612625454062, 0.597672282337, 0.593822264358, 20.7965401473, 0.389431762788, 42.7331851513, 9.71925331797, 192.713333329
0.0565806324066, 0.517852283332, 0.360594679949, 0.00855525816657, 0.787455803194, 0.69920822161, 0.292073343041, 0.311245594416, 0.193708327424, 0.290427332579, 0.202311562321, 0.611355368245, 0.0991544660801, 0.593820680198, 107.350794164, 1.44272780917, 68.2737989506, 134.573968022, 16.5031192497
0.0565806324066, 0.517852283332, 0.360594679949, 0.00879303121014, 0.856217281809, 0.699208250607, 0.292073343041, 0.311245594416, 0.193708327424, 0.290427332579, 0.202311562321, 0.611355368245, 0.0991544660801, 0.593820680198, 204.005394962, 2.81791418159, 129.745609371, 255.740587968, 31.3620641663
0.0565806324066, 0.517852283332, 0.169624513173, 0.00855525816657, 0.787455803194, 0.689273142015, 0.292073343041, 0.311245594416, 0.193708327424, 0.290427332579, 0.202311562321, 0.611355368245, 0.0991544660801, 0.593820680198, 136.826829472, 1.83886736431, 37.3482291451, 150.031486857, 18.3987107997
0.0565806324066, 0.512091864865, 0.360753435352, 0.00855525816657, 0.787455803194, 0.69920822161, 0.292073343041, 0.311245270793, 0.193708327424, 0.291743150843, 0.202311562321, 0.611347293169, 0.606586564509, 0.593820680198, 101.880901906, 1.3692158642, 64.830703687, 125.443822612, 15.5168433141
0.0565806324066, 0.512091864865, 0.360753435352, 0.00855525816657, 0.787455803194, 0.69920822161, 0.292073343041, 0.311245270793, 0.193708327424, 0.291743150843, 0.202311562321, 0.611347293169, 0.606586564509, 0.593820680198, 101.880901906, 1.3692158642, 64.830703687, 125.443822612, 15.5168433141
0.0733938767045, 0.134637092755, 0.737039620704, 0.0119154280291, 0.790674836047, 0.699206869289, 0.292072515286, 0.311715153724, 0.193270191709, 0.288009484152, 0.113105766569, 0.597682866703, 0.621773501421, 0.593611435572, 103.329842308, 1.93422062039, 235.808435284, 55.2764563635, 30.4935261528
0.0733725237199, 0.156333845937, 0.260201494187, 0.0122774933709, 0.790470671123, 0.699206877426, 0.292072528713, 0.311715153724, 0.193314387406, 0.288232406992, 0.102603752029, 0.597869949323, 0.597473798438, 0.527976094248, 234.608696259, 4.52509330183, 101.631320309, 64.0893019146, 30.5188862161
0.0733725237199, 0.156333845937, 0.260201494187, 0.0122774933709, 0.790470671123, 0.699206877426, 0.292072528713, 0.311715153724, 0.193314387406, 0.288232406992, 0.102603752029, 0.597869949323, 0.597473798438, 0.527976094248, 234.608696259, 4.52509330183, 101.631320309, 64.0893019146, 30.5188862161
0.71881650751, 0.512091864865, 0.360753435352, 0.00855525816657, 0.787455803194, 0.69920822161, 0.292073343041, 0.311245270793, 0.193567762469, 0.288124635936, 0.185371175786, 0.611347293169, 0.600347171915, 0.593820680198, 54.9031324208, 0.737863902836, 34.9369572006, 67.6010780763, 198.455447074
0.71881650751, 0.512091864865, 0.360753435352, 0.00855525816657, 0.787455803194, 0.69920822161, 0.292073343041, 0.311245270793, 0.193567762469, 0.288124635936, 0.185371175786, 0.611347293169, 0.600347171915, 0.593820680198, 54.9031324208, 0.737863902836, 34.9369572006, 67.6010780763, 198.455447074
0.71881650751, 0.512091864865, 0.360753435352, 0.00855525816657, 0.787455803194, 0.69920822161, 0.292073343041, 0.311245270793, 0.193567762469, 0.288124635936, 0.185371175786, 0.611347293169, 0.600347171915, 0.593820680198, 54.9031324208, 0.737863902836, 34.9369572006, 67.6010780763, 198.455447074
0.0733741978872, 0.512246764178, 0.718286719786, 0.0198347277757, 0.787455803194, 0.699208221229, 0.292073343041, 0.311245594416, 0.193704097301, 0.290410147244, 0.0976774228551, 0.611355368245, 0.0905822267547, 0.593820680198, 62.1710829078, 1.93764901007, 131.266300931, 150.956875506, 24.252933001
0.0733741978872, 0.512246764178, 0.718286719786, 0.0198347277757, 0.787455803194, 0.699208221229, 0.292073343041, 0.311245594416, 0.193704097301, 0.290410147244, 0.0976774228551, 0.611355368245, 0.0905822267547, 0.593820680198, 62.1710829078, 1.93764901007, 131.266300931, 150.956875506, 24.252933001
0.0565806324066, 0.512091864865, 0.360753435352, 0.00855525816657, 0.787455803194, 0.69920822161, 0.292073343041, 0.311245270793, 0.193708327424, 0.291743150843, 0.304530886548, 0.611347293169, 0.606586564509, 0.593820680198, 100.675160851, 1.35301145542, 64.0634446657, 123.959218881, 15.333204431
0.843010428757, 0.127400621426, 0.711618943832, 0.0119198186986, 0.787479202409, 0.69302061604, 0.292073343041, 0.311252399011, 0.19329750864, 0.400385215917, 0.991839389563, 0.612625454062, 0.597672282337, 0.593822264358, 20.2575862105, 0.379339421457, 41.6257308245, 9.39023956761, 187.657906192
0.843010428757, 0.127400621426, 0.711618943832, 0.0119198186986, 0.787479202409, 0.69302061604, 0.292073343041, 0.311252399011, 0.19329750864, 0.400385215917, 0.991839389563, 0.612625454062, 0.597672282337, 0.593822264358, 20.2575862105, 0.379339421457, 41.6257308245, 9.39023956761, 187.657906192
0.843010428757, 0.127400621426, 0.711618943832, 0.0119198186986, 0.787479202409, 0.69302061604, 0.292073343041, 0.311252399011, 0.19329750864, 0.400385215917, 0.991839389563, 0.612625454062, 0.597672282337, 0.593822264358, 20.2575862105, 0.379339421457, 41.6257308245, 9.39023956761, 187.657906192
0.843010428757, 0.127400621426, 0.711618943832, 0.0119198186986, 0.787479202409, 0.69302061604, 0.292073343041, 0.311252399011, 0.19329750864, 0.400385215917, 0.991839389563, 0.612625454062, 0.597672282337, 0.593822264358, 20.2575862105, 0.379339421457, 41.6257308245, 9.39023956761, 187.657906192
0.843010428757, 0.127400621426, 0.711618943832, 0.0119198186986, 0.787479202409, 0.69302061604, 0.292073343041, 0.311252399011, 0.19329750864, 0.400385215917, 0.991839389563, 0.612625454062, 0.597672282337, 0.593822264358, 20.2575862105, 0.379339421457, 41.6257308245, 9.39023956761, 187.657906192
0.86733344011, 0.122991979447, 0.360182520263, 0.0413195823846, 0.79899473664, 0.699208219803, 0.292073343041, 0.311229238007, 0.194868124795, 0.38166515401, 0.296911938291, 0.611347280043, 0.606535025771, 0.594952092578, 30.8341145002, 2.00409230124, 19.6216415564, 7.16081184893, 176.375401935
0.86733344011, 0.122991979447, 0.360182520263, 0.0413195823846, 0.79899473664, 0.699208219803, 0.292073343041, 0.311229238007, 0.194868124795, 0.38166515401, 0.296911938291, 0.611347280043, 0.606535025771, 0.594952092578, 30.8341145002, 2.00409230124, 19.6216415564, 7.16081184893, 176.375401935
0.86733344011, 0.122991979447, 0.360182520263, 0.0413195823846, 0.79899473664, 0.699208219803, 0.292073343041, 0.311229238007, 0.194868124795, 0.38166515401, 0.296911938291, 0.611347280043, 0.606535025771, 0.594952092578, 30.8341145002, 2.00409230124, 19.6216415564, 7.16081184893, 176.375401935
0.86733344011, 0.122991979447, 0.360182520263, 0.0413195823846, 0.79899473664, 0.699208219803, 0.292073343041, 0.311229238007, 0.194868124795, 0.38166515401, 0.296911938291, 0.611347280043, 0.606535025771, 0.594952092578, 30.8341145002, 2.00409230124, 19.6216415564, 7.16081184893, 176.375401935
0.0733741978872, 0.517852172923, 0.718286719786, 0.0198096330051, 0.787455803194, 0.699207999324, 0.292073343041, 0.331056590719, 0.193704177663, 0.289059930045, 0.0976774228551, 0.611355368245, 0.0905822267547, 0.593820680198, 95.9636803495, 2.98705627203, 202.614805601, 237.15231624, 37.7825617872
0.0729900131428, 0.517930397672, 0.721053215188, 0.0119828266987, 0.787455803194, 0.699208221165, 0.292073343041, 0.311245270793, 0.193708327424, 0.291743150843, 0.304530886548, 0.611347293169, 0.606586564509, 0.593820680198, 50.0075766122, 0.941382796184, 106.748385614, 124.719719943, 19.7628046172
0.0729900131428, 0.517930397672, 0.721053215188, 0.0119828266987, 0.787455803194, 0.699208221165, 0.292073343041, 0.311245270793, 0.193708327424, 0.291743150843, 0.304530886548, 0.611347293169, 0.606586564509, 0.593820680198, 50.0075766122, 0.941382796184, 106.748385614, 124.719719943, 19.7628046172
0.0729900131428, 0.517930397672, 0.721053215188, 0.0119828266987, 0.787455803194, 0.699208221165, 0.292073343041, 0.311245270793, 0.193708327424, 0.291743150843, 0.304530886548, 0.611347293169, 0.606586564509, 0.593820680198, 50.0075766122, 0.941382796184, 106.748385614, 124.719719943, 19.7628046172
0.0729900131428, 0.517930397672, 0.721053215188, 0.0119828266987, 0.787455803194, 0.699208221165, 0.292073343041, 0.311245270793, 0.193708327424, 0.291743150843, 0.304530886548, 0.611347293169, 0.606586564509, 0.593820680198, 50.0075766122, 0.941382796184, 106.748385614, 124.719719943, 19.7628046172
0.0729900131428, 0.517930397672, 0.721053215188, 0.0119828266987, 0.787455803194, 0.699208221165, 0.292073343041, 0.311245270793, 0.193708327424, 0.291743150843, 0.304530886548, 0.611347293169, 0.606586564509, 0.593820680198, 50.0075766122, 0.941382796184, 106.748385614, 124.719719943, 19.7628046172
0.0729900131428, 0.517930397672, 0.721053215188, 0.0119828266987, 0.787455803194, 0.699208221165, 0.292073343041, 0.311245270793, 0.193708327424, 0.291743150843, 0.304530886548, 0.611347293169, 0.606586564509, 0.593820680198, 50.0075766122, 0.941382796184, 106.748385614, 124.719719943, 19.7628046172
0.0729900131428, 0.517930397672, 0.721053215188, 0.0119828266987, 0.787455803194, 0.699208221165, 0.292073343041, 0.311245270793, 0.193708327424, 0.291743150843, 0.304530886548, 0.611347293169, 0.606586564509, 0.593820680198, 50.0075766122, 0.941382796184, 106.748385614, 124.719719943, 19.7628046172
0.0729900131428, 0.517930397672, 0.361132978882, 0.00839126542643, 0.787455803194, 0.699208221596, 0.292073343041, 0.311245270793, 0.193708327424, 0.291743150843, 0.304530886548, 0.611347293169, 0.606586564509, 0.593820680198, 99.412347245, 1.31042694938, 63.342953269, 124.719719859, 19.7628046038
0.0729900131428, 0.517930397672, 0.361132978882, 0.00839126542643, 0.787455803194, 0.699208221596, 0.292073343041, 0.311245270793, 0.193708327424, 0.291743150843, 0.304530886548, 0.611347293169, 0.606586564509, 0.593820680198, 99.412347245, 1.31042694938, 63.342953269, 124.719719859, 19.7628046038
0.0729900131428, 0.517930397672, 0.361132978882, 0.00839126542643, 0.787455803194, 0.699208221596, 0.292073343041, 0.311245270793, 0.193708327424, 0.291743150843, 0.304530886548, 0.611347293169, 0.606586564509, 0.593820680198, 99.412347245, 1.31042694938, 63.342953269, 124.719719859, 19.7628046038
0.0729900131428, 0.517930397672, 0.361132978882, 0.00839126542643, 0.787455803194, 0.699208221596, 0.292073343041, 0.311245270793, 0.193708327424, 0.291743150843, 0.304530886548, 0.611347293169, 0.606586564509, 0.593820680198, 99.412347245, 1.31042694938, 63.342953269, 124.719719859, 19.7628046038
0.0729900131428, 0.517930397672, 0.361132978882, 0.00839126542643, 0.787455803194, 0.699208221596, 0.292073343041, 0.311245270793, 0.193708327424, 0.291743150843, 0.304530886548, 0.611347293169, 0.606586564509, 0.593820680198, 99.412347245, 1.31042694938, 63.342953269, 124.719719859, 19.7628046038
0.0729900131428, 0.517930397672, 0.361132978882, 0.00839126542643, 0.787455803194, 0.699208221596, 0.292073343041, 0.311245270793, 0.193708327424, 0.291743150843, 0.304530886548, 0.611347293169, 0.606586564509, 0.593820680198, 99.412347245, 1.31042694938, 63.342953269, 124.719719859, 19.7628046038
0.0729900131428, 0.517930397672, 0.361132978882, 0.00839126542643, 0.787455803194, 0.699208221596, 0.292073343041, 0.311245270793, 0.193708327424, 0.291743150843, 0.304530886548, 0.611347293169, 0.606586564509, 0.593820680198, 99.412347245, 1.31042694938, 63.342953269, 124.719719859, 19.7628046038
0.0729900131428, 0.517930397672, 0.361132978882, 0.00839126542643, 0.787455803194, 0.699208221596, 0.292073343041, 0.311245270793, 0.193708327424, 0.291743150843, 0.304530886548, 0.611347293169, 0.606586564509, 0.593820680198, 99.412347245, 1.31042694938, 63.342953269, 124.719719859, 19.7628046038
0.0729900131428, 0.517930397672, 0.361132978882, 0.00839126542643, 0.787455803194, 0.699208221596, 0.292073343041, 0.311245270793, 0.193708327424, 0.291743150843, 0.304530886548, 0.611347293169, 0.606586564509, 0.593820680198, 99.412347245, 1.31042694938, 63.342953269, 124.719719859, 19.7628046038
0.0729900131428, 0.517930397672, 0.361132978882, 0.00839126542643, 0.787455803194, 0.699208221596, 0.292073343041, 0.311245270793, 0.193708327424, 0.291743150843, 0.304530886548, 0.611347293169, 0.606586564509, 0.593820680198, 99.412347245, 1.31042694938, 63.342953269, 124.719719859, 19.7628046038
0.0729900131428, 0.517930397672, 0.361132978882, 0.00839126542643, 0.787455803194, 0.699208221596, 0.292073343041, 0.311245270793, 0.193708327424, 0.291743150843, 0.304530886548, 0.611347293169, 0.606586564509, 0.593820680198, 99.412347245, 1.31042694938, 63.342953269, 124.719719859, 19.7628046038
0.0729900131428, 0.517930397672, 0.361132978882, 0.00839126542643, 0.787455803194, 0.699208221596, 0.292073343041, 0.311245270793, 0.193708327424, 0.291743150843, 0.304530886548, 0.611347293169, 0.606586564509, 0.593820680198, 99.412347245, 1.31042694938, 63.342953269, 124.719719859, 19.7628046038
0.0729900131428, 0.517930397672, 0.361132978882, 0.00839126542643, 0.787455803194, 0.699208221596, 0.292073343041, 0.311245270793, 0.193708327424, 0.291743150843, 0.304530886548, 0.611347293169, 0.606586564509, 0.593820680198, 99.412347245, 1.31042694938, 63.342953269, 124.719719859, 19.7628046038
0.86733344011, 0.122991979447, 0.360182520263, 0.0413195823846, 0.79899473664, 0.699208219803, 0.292073343041, 0.311229238007, 0.194868124795, 0.38166515401, 0.296911938291, 0.611347280043, 0.606535025771, 0.594952092578, 30.8341145002, 2.00409230124, 19.6216415564, 7.16081184893, 176.375401935
0.0565806324066, 0.507870876637, 0.64825699403, 0.0201888756978, 0.787455803194, 0.699208221618, 0.292073343041, 0.311245270793, 0.193708415988, 0.29038921228, 0.304530886548, 0.611355326, 0.095606162005, 0.593820680198, 68.5684874063, 2.17521506808, 111.264944193, 133.987226539, 16.6804634722
0.0565806324066, 0.507870876637, 0.64825699403, 0.0201888756978, 0.787455803194, 0.699208221618, 0.292073343041, 0.311245270793, 0.193708415988, 0.29038921228, 0.304530886548, 0.611355326, 0.095606162005, 0.593820680198, 68.5684874063, 2.17521506808, 111.264944193, 133.987226539, 16.6804634722
0.71881650751, 0.512091864865, 0.361142721742, 0.00855525816657, 0.787455803194, 0.699208221611, 0.292073343041, 0.311245270793, 0.193704300333, 0.291755484874, 0.304720419476, 0.611347293169, 0.600347171915, 0.593820680198, 41.1277598435, 0.552731475509, 26.2065101059, 50.6594700859, 148.72022859
0.71881650751, 0.512091864865, 0.361142721742, 0.00855525816657, 0.787455803194, 0.699208221611, 0.292073343041, 0.311245270793, 0.193704300333, 0.291755484874, 0.304720419476, 0.611347293169, 0.600347171915, 0.593820680198, 41.1277598435, 0.552731475509, 26.2065101059, 50.6594700859, 148.72022859
0.71881650751, 0.512091864865, 0.361142721742, 0.00855525816657, 0.787455803194, 0.699208221611, 0.292073343041, 0.311245270793, 0.193704300333, 0.291755484874, 0.304720419476, 0.611347293169, 0.600347171915, 0.593820680198, 41.1277598435, 0.552731475509, 26.2065101059, 50.6594700859, 148.72022859
0.71881650751, 0.512091864865, 0.361142721742, 0.00855525816657, 0.787455803194, 0.699208221611, 0.292073343041, 0.311245270793, 0.193704300333, 0.291755484874, 0.304720419476, 0.611347293169, 0.600347171915, 0.593820680198, 41.1277598435, 0.552731475509, 26.2065101059, 50.6594700859, 148.72022859
0.0565806324066, 0.512091864865, 0.361574977736, 0.00855525816657, 0.787455803194, 0.69920822161, 0.292073343041, 0.311245270793, 0.193708326402, 0.291693050234, 0.304530886548, 0.611347293169, 0.601891038809, 0.593820680198, 96.1225820031, 1.29182763132, 61.3408875638, 118.451083166, 14.6518725243
0.0565806324066, 0.512091864865, 0.361574977736, 0.00855525816657, 0.787455803194, 0.69920822161, 0.292073343041, 0.311245270793, 0.193708326402, 0.291693050234, 0.304530886548, 0.611347293169, 0.601891038809, 0.593820680198, 96.1225820031, 1.29182763132, 61.3408875638, 118.451083166, 14.6518725243
0.0565806324066, 0.512091864865, 0.361574977736, 0.00855525816657, 0.787455803194, 0.69920822161, 0.292073343041, 0.311245270793, 0.193708326402, 0.291693050234, 0.304530886548, 0.611347293169, 0.601891038809, 0.593820680198, 96.1225820031, 1.29182763132, 61.3408875638, 118.451083166, 14.6518725243
0.0565806324066, 0.512091864865, 0.361574977736, 0.00855525816657, 0.787455803194, 0.69920822161, 0.292073343041, 0.311245270793, 0.193708326402, 0.291693050234, 0.304530886548, 0.611347293169, 0.601891038809, 0.593820680198, 96.1225820031, 1.29182763132, 61.3408875638, 118.451083166, 14.6518725243
0.0565806324066, 0.512091864865, 0.361574977736, 0.00855525816657, 0.787455803194, 0.69920822161, 0.292073343041, 0.311245270793, 0.193708326402, 0.291693050234, 0.304530886548, 0.611347293169, 0.601891038809, 0.593820680198, 96.1225820031, 1.29182763132, 61.3408875638, 118.451083166, 14.6518725243
0.0565806324066, 0.512091864865, 0.361574977736, 0.00855525816657, 0.787455803194, 0.69920822161, 0.292073343041, 0.311245270793, 0.193708326402, 0.291693050234, 0.304530886548, 0.611347293169, 0.601891038809, 0.593820680198, 96.1225820031, 1.29182763132, 61.3408875638, 118.451083166, 14.6518725243
0.0565806324066, 0.512091864865, 0.361574977736, 0.00855525816657, 0.787455803194, 0.69920822161, 0.292073343041, 0.311245270793, 0.193708326402, 0.291693050234, 0.304530886548, 0.611347293169, 0.601891038809, 0.593820680198, 96.1225820031, 1.29182763132, 61.3408875638, 118.451083166, 14.6518725243
0.0565806324066, 0.512091864865, 0.361574977736, 0.00855525816657, 0.787455803194, 0.69920822161, 0.292073343041, 0.311245270793, 0.193708326402, 0.291693050234, 0.304530886548, 0.611347293169, 0.601891038809, 0.593820680198, 96.1225820031, 1.29182763132, 61.3408875638, 118.451083166, 14.6518725243
0.0565806324066, 0.512091864865, 0.361574977736, 0.00855525816657, 0.787455803194, 0.69920822161, 0.292073343041, 0.311245270793, 0.193708326402, 0.291693050234, 0.304530886548, 0.611347293169, 0.601891038809, 0.593820680198, 96.1225820031, 1.29182763132, 61.3408875638, 118.451083166, 14.6518725243
