0.163384365881,0.313841579693,0.153493795577,0.248123694706,0.0870313099856,0.168804707146,0.652753008027,0.202755080878,0.0126313573756,0.379423825422,0.510804163699,0.389727039206,0.0490212454236,0.0939244053608,0.302755133952,0.113681913289,0.883903462857,0.960405338121,0.382888221935,0.143511540859,0.259031074383,0.28544505256,0.0543673650631,0.741087069093,0.506543126411,0.308660053272,0.984864570976,0.715885281719,0.620985053337,0.984929839056,0.163384365881,3.70813419476
0.0201760474843,0.408979619453,0.181662423037,0.188737014366,0.165549102144,0.175603425029,0.953245513147,0.0314902938244,0.782057923174,0.731143262249,0.941049488016,0.0671108707358,0.366672713292,0.142391609958,0.901677562839,0.0576596616642,0.789998612465,0.620902337151,0.0599328877787,0.172637513279,0.291088699549,0.530345271899,0.593732753089,0.833341444917,0.33188420104,0.294936415246,0.827676004162,0.247733001611,0.172566399057,0.225925637023,0.0201760474843,4.44174625562
0.330673534095,0.264941000456,0.0169456583955,0.204578908881,0.129396919337,0.244994657877,0.0123085259873,0.060466472679,0.00901338824704,0.720958172369,0.21737769991,0.219782804877,0.0629701514277,0.585248883185,0.353144641304,0.0134465752968,0.267011094518,0.551792364334,0.27899561654,0.494887468154,0.237577553602,0.0865402542955,0.276548875805,0.147270782019,0.0589123657329,0.34640520163,0.138351256222,0.696276496845,0.984527846628,0.732091368828,0.330673534095,2.51814754785
0.00775820369893,0.087896270203,0.967775424517,0.50801566825,0.451552176624,0.96913796116,0.981729907064,0.106615200986,0.968433839573,0.466197679674,0.116769694694,0.171745930585,0.778715910169,0.255887699942,0.712453905899,0.0936833089346,0.340168361596,0.0333997198738,0.207900596554,0.0977010394232,0.985544929949,0.303985900792,0.287135614139,0.334224027558,0.165201737939,0.0845124737864,0.0476040696502,0.72588340632,0.421074958921,0.0688457589287,0.00775820369893,4.4535833518
0.896339110944,0.865175800859,0.432371189612,0.0201702640584,0.560227801385,0.342059370469,0.35860693421,0.124746450308,0.708549745676,0.275085544189,0.692064093565,0.997814427441,0.257503524139,0.450736999116,0.00499759073081,0.554849771171,0.250071207615,0.671456078327,0.265298443761,0.259904187791,0.493757186636,0.0806884303505,0.0912545612414,0.139925225909,0.379111878203,0.0430675430052,0.207976165542,0.150950826515,0.199244361099,0.569890720331,0.896339110944,2.29232460322
0.0302024871109,0.15916662567,0.646637477272,0.451064162192,0.981957437662,0.08012054289,0.545083283179,0.204819207499,0.442215577512,0.0813081546658,0.338516656538,0.171774761449,0.282154630768,0.278344733873,0.0491733714064,0.807742253481,0.232828869462,0.0212010407376,0.430404934877,0.932133790177,0.80907958503,0.620446760321,0.323522420505,0.294685446775,0.0531978260644,0.238715331843,0.968010774296,0.669917328843,0.606278142893,0.560031032222,0.0302024871109,4.43000389223
0.00101296156987,0.145764186044,0.278346295421,0.879645533776,0.160880813804,0.093435639469,0.709455038037,0.750193825342,0.440654762673,0.170145541336,0.293691673102,0.829203416653,0.777686692118,0.0176222893157,0.397918422685,0.170106533429,0.560875139779,0.891454713758,0.59195274235,0.2435850848,0.504250025496,0.376200678092,0.364625704093,0.792214605863,0.445724600577,0.305519018318,0.884991189256,0.455822129646,0.466126661984,0.494890631687,0.00101296156987,5.11498824892
0.22279347248,0.359254348812,0.418590650569,0.419852458683,0.22094067299,0.0998137329988,0.00255425994384,0.703559776188,0.0640059596387,0.0933003609082,0.87634853152,0.0303673536121,0.419971587521,0.662619622527,0.320440786964,0.701718135507,0.821731241339,0.116251831623,0.788553537646,0.218301573047,0.354256621582,0.0849108499634,0.377372196573,0.67208101344,0.236081084251,0.0859905298273,0.0318070054521,0.126680659186,0.323661803304,0.678539969267,0.22279347248,3.23224083409
0.0921275659249,0.471781677023,0.249040981157,0.507375053136,0.617207439599,0.989112225548,0.706597812709,0.306777583539,0.0877360663183,0.510472310889,0.984739968502,0.536743703082,0.21907532458,0.0509864344647,0.316555713269,0.670482308862,0.0760834590481,0.299897967508,0.363126699211,0.671178525099,0.322074857798,0.101153038309,0.236703532462,0.153878388613,0.199835289956,0.0332061416784,0.323673510833,0.128218656391,0.606256937755,0.542147408533,0.0921275659249,3.85737665385
0.0724901052062,0.213238524284,0.323152011457,0.389976830827,0.846420356064,0.266328254639,0.121068778955,0.326620281196,0.439494198289,0.930148673181,0.84101989367,0.831835426332,0.46434126807,0.441163302012,0.0316646750938,0.523786235931,0.475357533689,0.333757604744,0.590668220614,0.0738507588193,0.401581116903,0.319757695803,0.300034736067,0.228130959722,0.40747895704,0.00251630397918,0.454436825247,0.329876354598,0.27723479161,0.668536430168,0.0724901052062,4.09629345442
0.0377124623423,0.41373673929,0.0548676852935,0.650060505071,0.126526025955,0.720796133872,0.960556323491,0.466563654535,0.0011030660901,0.490194621774,0.234401551231,0.0489146732714,0.844123204658,0.307031737286,0.814743591391,0.00887669200558,0.194238171823,0.37119072771,0.152429400074,0.313740973852,0.885494030107,0.212959076316,0.0227206244839,0.857936429657,0.940419314059,0.644718651167,0.123338808709,0.303596316847,0.58140730112,0.26339524327,0.0377124623423,4.30503815272
0.0726903852946,0.338711918806,0.0941107713354,0.92390429995,0.12432237038,0.0344402430565,0.544761290219,0.563658066379,0.15633891855,0.158433678917,0.810879933147,0.441350351637,0.221784122078,0.487274942982,0.968212887047,0.441239673488,0.603425164672,0.054999553886,0.132296402682,0.658842462848,0.0593223725462,0.533710431594,0.00653220976071,0.373146590645,0.0196954234409,0.60387908154,0.380757421823,0.286003260679,0.952092485728,0.676708007644,0.0726903852946,4.0365330913
0.570728069439,0.749522539652,0.396999972294,0.350848987266,0.0827715570221,0.390266711026,0.120882516003,0.0274680626226,0.5025186759,0.242535784794,0.281834521123,0.120103210539,0.920066910644,0.436226168193,0.161756751218,0.613852035603,0.875002015114,0.889574988377,0.519935468091,0.967607495866,0.752485429714,0.653425821199,0.479871146774,0.287835675779,0.043481295833,0.732664564124,0.252548069856,0.14439211304,0.177160161831,0.338188533975,0.570728069439,3.2135934673
0.755422947127,0.434085023292,0.0158348588461,0.310950753066,0.10716755843,0.224169126067,0.185422883014,0.28321473324,0.121902349958,0.479374352591,0.0706180863244,0.94334218368,0.446167984917,0.342542758605,0.200261794848,0.845575779426,0.0920403405668,0.803799040032,0.218581490339,0.124960950765,0.929820108837,0.975137847344,0.47313714384,0.261731697224,0.0143566896497,0.0693263414361,0.307011177958,0.786973462005,0.371259190954,0.455371640257,0.755422947127,2.56174650309
0.600743935574,0.587657955629,0.67789458468,0.100684906526,0.122841386923,0.613061717023,0.0174014625477,0.15869647176,0.493054785048,0.879441718024,0.895218762703,0.170112359745,0.663339431672,0.113007411757,0.198186848302,0.413908890994,0.0725635643995,0.289622343133,0.733635658577,0.17740233173,0.715359724608,0.893765248675,0.0314133990794,0.836169818114,0.732001286114,0.516693790344,0.516172669069,0.367511042265,0.0383122545087,0.428177793237,0.600743935574,3.15528483638
0.655034896141,0.834901049733,0.499818368671,0.90600646544,0.158511760012,0.734530825915,0.048810237153,0.631096116993,0.333097608161,0.130673014527,0.221125249274,0.826037698617,0.10125100668,0.0820989814985,0.52750472126,0.203093264782,0.335626972138,0.187637027404,0.0931724547186,0.0274507393202,0.389946083539,0.136541910792,0.078923364847,0.210908352116,0.55708432875,0.636212264243,0.54297783947,0.845378748232,0.522548643229,0.496712521086,0.655034896141,2.78862626081
0.0141240098109,0.86044777773,0.936679140827,0.504906786239,0.110624354967,0.493172620828,0.425128445117,0.553605284029,0.470026879659,0.651665987739,0.133172345513,0.575158269134,0.109003982191,0.188121216003,0.507275848687,0.156662009214,0.0844444037624,0.227799276426,0.764482461335,0.914787908931,0.14084333907,0.200515879791,0.294035837199,0.20254631096,0.205375353013,0.504302473702,0.566831163521,0.953770076223,0.967583025625,0.709257444176,0.0141240098109,4.8923890118
0.0181117155642,0.588205130949,0.221851705452,0.147172778765,0.384520868876,0.995569238927,0.846885935556,0.577180991326,0.170430662613,0.211429723708,0.282399313785,0.351923408208,0.10455996738,0.95979258848,0.323281718978,0.452268119774,0.352242854174,0.263506153761,0.298785895937,0.590474953956,0.135392825502,0.90158408312,0.539708704906,0.0486398619528,0.597009460596,0.173657130817,0.902795857537,0.378132975823,0.0926425091097,0.948476612531,0.0181117155642,4.68451212017
0.0109911932677,0.755393680334,0.707360946039,0.608009326238,0.128756501037,0.205353263506,0.80036651577,0.105440336388,0.579191359536,0.0531637770971,0.717758181711,0.896318952158,0.531582829762,0.796106116306,0.192320235528,0.281807518197,0.130874388658,0.307605475526,0.278945828333,0.253032975476,0.0783296812991,0.895385332873,0.745341733662,0.639269395108,0.674806443912,0.0404429060886,0.745782943752,0.231767653501,0.495002670755,0.583644335013,0.0109911932677,4.93844137058
0.0321807403325,0.128850170163,0.338170149756,0.932455921611,0.226155660907,0.96448232233,0.846350037114,0.383203376635,0.780502206191,0.0512032709349,0.656420168731,0.241429349672,0.225255860818,0.504801045458,0.243892766741,0.00201724227692,0.067231604565,0.000128998777386,0.631665741446,0.699368038856,0.306373799675,0.695391052916,0.10119722888,0.202709666648,0.962983804742,0.495036815208,0.873600055625,0.407120933853,0.158892091714,0.672040626443,0.0321807403325,4.57207513818
0.352233256409,0.0785549952029,0.393113214809,0.561486859932,0.814242740404,0.0153234300837,0.481222142583,0.175521271184,0.487283190935,0.0728378929879,0.309982436533,0.11520883241,0.703300704204,0.320114583866,0.869984663418,0.277916537307,0.213747444294,0.344192137224,0.16727152278,0.467521790185,0.0531906014925,0.579541846767,0.21810959697,0.863537457575,0.139544561155,0.987371368375,0.982784818661,0.00929363920323,0.180300951862,0.433258146944,0.352233256409,3.25115201178
0.237816436075,0.180431266669,0.476309983661,0.0557714537591,0.364633161743,0.607612853855,0.796669072008,0.732940025624,0.877064976358,0.730017245852,0.0401187057633,0.384270809592,0.535087158366,0.939527151784,0.0928915813745,0.200524219888,0.0849822270486,0.79715774208,0.196033616122,0.407691129325,0.596900774069,0.137214852902,0.48642581198,0.831789234077,0.413863823113,0.733195205315,0.184971695607,0.174370422469,0.0202112873932,0.151030913941,0.237816436075,3.72751696545
0.297572129361,0.778387295135,0.355558240462,0.119140368855,0.0962295708184,0.549254380133,0.24593305247,0.190420407165,0.285832793812,0.5422808108,0.938899943283,0.554031642453,0.14609013354,0.0411419635327,0.422047497931,0.615954599953,0.934151056233,0.230813820742,0.443867697682,0.109779697877,0.284641341765,0.929377662802,0.12401691953,0.928941147228,0.292629361283,0.10939135889,0.760854943935,0.740077252783,0.0807668832699,0.089157744055,0.297572129361,3.52211411599
0.344226907123,0.102164616324,0.294151484605,0.191996799076,0.859115109835,0.226951563575,0.305768802677,0.49466334229,0.754756587447,0.85144439222,0.0127554146329,0.335254045465,0.0450011879095,0.682925664871,0.479832515856,0.812384465093,0.355637853751,0.579030854719,0.0478509137814,0.162862496233,0.908453596306,0.194969113704,0.640061647622,0.474405650722,0.643688088338,0.214547042841,0.17926685968,0.0856203495122,0.179650411504,0.489178780426,0.344226907123,3.34282636442
0.063126923449,0.0278216320392,0.0170010830618,0.53693805996,0.1716565157,0.409071192775,0.760738403232,0.272816155218,0.437416649497,0.097255358528,0.547492089084,0.726076985102,0.163356752665,0.404789731917,0.919795861903,0.352694044574,0.199535427414,0.499448090512,0.315397974421,0.448819998865,0.178353978055,0.296135660668,0.798814621289,0.18902448079,0.601973675514,0.523065752697,0.996858379585,0.47649497925,0.587746419847,0.592498542449,0.063126923449,4.33868721605
0.0893135510588,0.987203101786,0.698872124244,0.146065885721,0.645055599974,0.291693885093,0.397727045608,0.590217243216,0.759882335162,0.0547610714705,0.127768241979,0.258362186847,0.726294208433,0.0317974262239,0.280904076397,0.451755517904,0.0754660703721,0.388854692125,0.485380075323,0.450382409621,0.308316323725,0.693914259974,0.942005358892,0.137461058557,0.604562589601,0.28902836247,0.0674045569959,0.197558257225,0.281941200275,0.787834582577,0.0893135510588,4.12038481771
0.138577779861,0.944003321332,0.0546651472627,0.242147117124,0.102562222822,0.174221083467,0.84491834543,0.20624975724,0.401936861596,0.305882579555,0.332421777949,0.425951861207,0.618788037646,0.223885152511,0.349208092813,0.269317890236,0.922168527095,0.0312243160123,0.137386747071,0.935745758243,0.116292226054,0.96612520334,0.103879723468,0.781742123024,0.602713134585,0.991976743416,0.587950364872,0.308399876219,0.408377889061,0.0691452980234,0.138577779861,4.04544877139
0.993358727059,0.817012098648,0.478372711326,0.284812063245,0.898814251568,0.812680336872,0.87948694129,0.279833565877,0.0782210903853,0.0294631488267,0.938942112934,0.387914252503,0.532345974349,0.727572247207,0.272841788715,0.219801152636,0.0450271774292,0.0587699736738,0.459944450882,0.262420146661,0.289872004187,0.327548329957,0.287118640259,0.906494437968,0.360023198222,0.880813819756,0.941392431162,0.343109801737,0.138643502032,0.0742823777222,0.993358727059,2.80145779744
0.677150183569,0.63164954154,0.180053131621,0.698598603856,0.206011214862,0.926658847461,0.185104699606,0.443209086986,0.940844477742,0.0115905680095,0.717549549613,0.00450421305657,0.00509375905846,0.578724105008,0.155792105629,0.688372691603,0.0359440542004,0.746256737354,0.250858530719,0.193705441168,0.0417539279441,0.042006141006,0.126907347619,0.629909619325,0.257585525122,0.29134227187,0.990344009961,0.644335801605,0.941552898283,0.103499440885,0.677150183569,2.8525955622
0.0112759862048,0.0226250848708,0.673726772365,0.293875990296,0.277060655945,0.811807881667,0.703283132891,0.87095277478,0.742390782948,0.949359589416,0.57519038559,0.490407561011,0.824557100581,0.504184437463,0.855819892551,0.975213122399,0.190633922288,0.693183199376,0.978526340902,0.395764665923,0.290979209902,0.966537126401,0.360139822307,0.288134390008,0.673748330602,0.836179767399,0.235485608805,0.801321810168,0.656081310311,0.486917268457,0.0112759862048,6.13868083829
0.0322131771899,0.509884828206,0.342916368713,0.127553086602,0.461385209247,0.676439970933,0.922540319777,0.370483280835,0.868668252517,0.148849596992,0.808260595163,0.177217654934,0.29482106533,0.530174032933,0.868716630858,0.16478006251,0.304679853769,0.455828483764,0.349322055106,0.175981731859,0.710817099716,0.0281761025274,0.490972358355,0.393922302001,0.767348516849,0.693940835095,0.851053886062,0.585392220422,0.500696520878,0.169616168846,0.0322131771899,4.8554565769
0.0527581290674,0.0972732433812,0.839128662553,0.354849321866,0.155249332719,0.775754534772,0.432435189518,0.291152580727,0.588018661896,0.515980793583,0.00172190575889,0.195567761168,0.92246992057,0.932415816644,0.180516636856,0.844433029028,0.67116351931,0.823121144004,0.423327057361,0.148325312357,0.575574926352,0.995297263063,0.507140264115,0.145880553156,0.13628333603,0.228188690837,0.232946663006,0.500765172661,0.590216104105,0.531815478143,0.0527581290674,4.70678147408
0.242279276964,0.206917541455,0.758223838397,0.279118294287,0.281885225201,0.360101423113,0.361593573768,0.0686066718195,0.735690803709,0.811617442473,0.842333840082,0.199651048638,0.408381349379,0.38131179634,0.770642738615,0.0154910501103,0.527010108833,0.229783672961,0.187559723321,0.876769984968,0.157022573154,0.101610258321,0.242057450201,0.594520137969,0.422994021129,0.968373802772,0.0592274004977,0.843931843938,0.485300362468,0.366062543941,0.242279276964,3.80411751783
0.273867188882,0.901382010009,0.628959777973,0.0721655932553,0.711667787872,0.699394045466,0.772298001353,0.366239901643,0.159805731027,0.887403120849,0.301856223475,0.0135745082014,0.361988927275,0.144739984323,0.137819711611,0.62132170537,0.293169425261,0.919417622759,0.841530235138,0.290767993958,0.699718589753,0.0324604257391,0.230420683028,0.182459170495,0.381589247375,0.807003140611,0.388846842852,0.296422319865,0.41678462878,0.063767938419,0.273867188882,3.75753338863
0.307299937444,0.441675193314,0.0042179550733,0.870691283967,0.0031687186334,0.195572682489,0.842815079554,0.617072459795,0.502204867022,0.21285922668,0.297289522224,0.314784417285,0.319677883541,0.94683218361,0.563632834857,0.373881190046,0.155027432299,0.230315347312,0.776914391289,0.134879585611,0.3651047714,0.00584825901647,0.909043614569,0.251742131845,0.348874054881,0.827277981784,0.218772170672,0.756352420659,0.119654354352,0.684892866413,0.307299937444,3.59812995263
0.555571486023,0.637907486539,0.558195172622,0.49932431419,0.291964722396,0.474035917676,0.744508435393,0.121990238286,0.364198992248,0.299310040791,0.45208884572,0.255782291607,0.157474074451,0.720239766935,0.306043569424,0.92408064743,0.446868549629,0.0512994854767,0.574695352037,0.967129008312,0.287329455901,0.58424710984,0.254925377186,0.527385286815,0.706125857834,0.0696273083198,0.69492690228,0.337952682365,0.253711803859,0.433503998307,0.555571486023,3.36124553165
0.468102591119,0.341390095308,0.50708720811,0.324671623015,0.0232875938035,0.228060155167,0.948599048785,0.135736682223,0.656178297564,0.0989664417045,0.154049257369,0.985971146412,0.260120610505,0.855284675513,0.0292990587462,0.116030281753,0.835499646628,0.970757606794,0.857778192536,0.0671143145179,0.25379390485,0.679381566415,0.440579266302,0.395764322021,0.119150318763,0.903012144229,0.689393190941,0.0171412656411,0.980777804017,0.0488721436217,0.468102591119,3.47929062357
0.497463461515,0.554626293537,0.218104980327,0.0473889723895,0.677770417128,0.283337374571,0.839043507346,0.233982194933,0.986988339948,0.68064555431,0.259752549262,0.669331349606,0.762160207069,0.388431446587,0.30229478099,0.222750536751,0.921820414327,0.00880143738051,0.238908139768,0.473585978149,0.256630486919,0.893555249568,0.51114213984,0.0416827192239,0.156721458602,0.485127722573,0.452213065618,0.307726523707,0.216578953432,0.70371459546,0.497463461515,3.39829337474
0.355776894919,0.0988914477199,0.749947959682,0.605879829302,0.47268715994,0.686150248777,0.652389346494,0.590430814466,0.0618090509713,0.503365571449,0.0465588687588,0.0910537384385,0.1485926989,0.815327469324,0.282628730931,0.954552029794,0.108475907927,0.961495104278,0.303601969675,0.0108488555471,0.226419733204,0.324137644798,0.00798562708975,0.952630660568,0.203928365627,0.823178004424,0.108415994544,0.465710843025,0.681015635465,0.581078945428,0.355776894919,3.56690856854
0.49077857787,0.480485472935,0.128762221055,0.512316565468,0.248003104171,0.597413410845,0.782530030384,0.44359382829,0.801710064398,0.0320078693506,0.994717601115,0.419059450296,0.632794390107,0.0457293530828,0.667298760697,0.659963395919,0.899336536928,0.296483226106,0.465840814045,0.86295658997,0.354399749121,0.219058583894,0.173796754173,0.543127013121,0.909180190632,0.0945528700533,0.00520494451187,0.0909984817255,0.341938365871,0.28438721861,0.49077857787,3.45936459007
0.0678894658731,0.273460499207,0.388202603397,0.604155272957,0.381017799587,0.357479532945,0.71378715932,0.252327850025,0.120527329284,0.356912175156,0.110925884044,0.570742390098,0.439918593915,0.516518335807,0.794540601652,0.489627371373,0.0641372933807,0.261284807093,0.226351015161,0.887964050391,0.635865216223,0.942550828605,0.964897006108,0.0926758311633,0.73123219712,0.124066140894,0.123027238273,0.146782965036,0.498466262741,0.935572939425,0.0678894658731,4.45132274652
0.0770860903357,0.404864843376,0.361989011848,0.362478682527,0.00420955559661,0.994242976568,0.14275298723,0.117961674763,0.235714734037,0.341847346934,0.12656341906,0.375504346129,0.551369721385,0.583440646307,0.297726342019,0.426845151901,0.966874854644,0.563151154511,0.00176205269601,0.735817818138,0.0268321829844,0.940227235308,0.512644740182,0.467708835934,0.565237873641,0.980408132998,0.746152576852,0.514566211887,0.0379309280391,0.564441228108,0.0770860903357,4.39732766073
0.137017331756,0.194432750464,0.439150832987,0.596988311106,0.118101897481,0.810823865963,0.378593792586,0.117317202785,0.822914569167,0.408186769737,0.891008533829,0.614914460939,0.860953480042,0.310752399923,0.689457903362,0.400244013168,0.238465901756,0.556186890791,0.863947899929,0.760298268077,0.0215574965244,0.222313226456,0.231008597636,0.400212375998,0.433375559457,0.166857161258,0.673627784788,0.970378602241,0.209543612582,0.162274878474,0.137017331756,4.36462220513
0.196192617272,0.230553044687,0.224653362379,0.42166596059,0.530637035407,0.985535508637,0.863633696941,0.0997806994132,0.526631678391,0.293390901167,0.0784940395856,0.98142760067,0.015867212705,0.935336302562,0.16065649408,0.993145421345,0.406945819823,0.42075176456,0.616082436501,0.177446253199,0.219877930338,0.601460222412,0.189606941717,0.777396672325,0.369111248656,0.781815136772,0.990453235732,0.0654853338379,0.947372087005,0.0959734666428,0.196192617272,4.32114142874
0.203369555072,0.973423713538,0.37839228611,0.860376735748,0.00867051732021,0.073832286942,0.191825641405,0.295180293493,0.0207555651058,0.882583078126,0.304541688602,0.0104960568651,0.430902097211,0.794611455906,0.654266191563,0.303075107631,0.701029027742,0.0752570257482,0.148553480544,0.902063896276,0.655147940101,0.42803992976,0.760718146736,0.638871042073,0.429020468488,0.155050644404,0.253519546503,0.705458397581,0.424353709405,0.712726753526,0.203369555072,4.07085949801
0.678966109441,0.34804249901,0.728439599462,0.687915304918,0.429666009471,0.74301134204,0.686927374256,0.340209813239,0.0185641508216,0.575320795955,0.0273283308327,0.503242792866,0.183592238724,0.499036357374,0.0817637506789,0.101970894155,0.829168145206,0.666069724893,0.476687659847,0.733404812874,0.00551959271956,0.77618951567,0.71408336359,0.53944540797,0.304548008296,0.61598154042,0.592389634832,0.190817505774,0.0842877244026,0.102102545287,0.678966109441,3.08082603735
0.749722439648,0.613247977342,0.121473932214,0.6211186234,0.468116642666,0.31366148745,0.0649593217732,0.325901936454,0.333379271555,0.163545302363,0.120262595644,0.256412029706,0.704574693926,0.167915327084,0.618613625528,0.756176479837,0.482091886338,0.414568575159,0.491296054867,0.759096963828,0.706094256589,0.951767538768,0.72482383636,0.401095609255,0.216404222238,0.0451542072432,0.292290972653,0.638413052539,0.0681847407931,0.345364604791,0.749722439648,2.88843558257
0.720116865937,0.952135032049,0.266896509827,0.632695068789,0.0393021177025,0.173408434288,0.194746623862,0.0850266288436,0.455637364906,0.701503593835,0.616988592636,0.482125697377,0.072746904333,0.452811762044,0.0224013708322,0.946812835855,0.815727298658,0.912015484532,0.273830459838,0.135061650251,0.0990661048426,0.510442648639,0.316321600422,0.128847156858,0.137759106565,0.451964664436,0.584187881358,0.83537597814,0.418351385974,0.695109627666,0.720116865937,2.98209705843
0.0415604230991,0.9088402922,0.864282505415,0.263247855281,0.0518308205782,0.604775442305,0.0370222324356,0.206508206538,0.318824044065,0.880461894907,0.614057965996,0.240266767776,0.78594623801,0.0519240796195,0.915699816429,0.541512275998,0.233118946256,0.249678662998,0.51882520349,0.921059786265,0.0239076075978,0.904492228156,0.362462336851,0.325734382214,0.811889496657,0.696601150818,0.580125350765,0.771500421596,0.0473184122377,0.965045384637,0.0415604230991,5.08037320659
0.0387928918343,0.253818860445,0.184652554517,0.423979854221,0.917713707519,0.52862762441,0.789711798124,0.660554030835,0.25278435887,0.501059344396,0.575327584193,0.538242976995,0.642374627004,0.933001036637,0.959453193909,0.250054855579,0.381238287528,0.604981733635,0.388713070107,0.460123413943,0.950364630519,0.348084886724,0.927459629308,0.716804162415,0.972702152595,0.379999826287,0.162929715571,0.993115920232,0.295275702785,0.557035983913,0.0387928918343,5.64836751233
0.293118086665,0.733505553004,0.0303241984509,0.0659359087606,0.099934662329,0.502600485069,0.141927147857,0.248690032519,0.622670231321,0.22032841119,0.701116063927,0.877157006156,0.657188486324,0.377386470249,0.946519440951,0.402173009192,0.944067983578,0.453665706224,0.196333872487,0.456113828523,0.0376868105013,0.0305461419393,0.232032249136,0.637033475153,0.007884335329,0.479492758576,0.884655223012,0.999286517727,0.319337619056,0.738306490078,0.293118086665,3.831681249
0.315550217725,0.287201019761,0.602591889389,0.800300115484,0.557411250846,0.271105186789,0.0127922303664,0.287221715397,0.984427601784,0.995162340272,0.145191931417,0.170560107976,0.31232269296,0.772000755817,0.796411105946,0.758882711287,0.197672200033,0.942212087863,0.580116139675,0.24256565958,0.0681151668613,0.862185471025,0.441364021538,0.15176152524,0.186792483812,0.76924497125,0.158513693123,0.153639083744,0.164166997474,0.0495658652031,0.315550217725,3.6985077516
0.353547435544,0.76637223192,0.072683135892,0.695146587791,0.872511327122,0.0412377239216,0.636960784017,0.0703799992207,0.0307497371809,0.445017106803,0.902854033151,0.278094911046,0.934603681783,0.179403654845,0.878090723123,0.208127387334,0.00199377759377,0.992693316769,0.449504444835,0.111948063035,0.49139971312,0.105585026935,0.117860833846,0.559993439083,0.970045688478,0.539798075865,0.131875876238,0.306836032301,0.156816460653,0.858130962769,0.353547435544,3.64832992854
0.473931585309,0.344723014538,0.219935156988,0.758305252899,0.843740398216,0.0197274270734,0.667205250032,0.67695391495,0.128753532981,0.441700047711,0.714499298122,0.386302198163,0.44219507949,0.419522546531,0.103655432614,0.453285139813,0.143572092044,0.610829657596,0.225059418909,0.549139267862,0.212648188297,0.751362552432,0.142827534762,0.946509581866,0.256479853562,0.818911363942,0.252563051873,0.449507859332,0.358918910777,0.691589216744,0.473931585309,3.49780805292
0.438515017257,0.00825503547743,0.699074983316,0.214270904589,0.972258302736,0.996428926196,0.288523374407,0.0777719235699,0.449827474433,0.0811067062851,0.728920461059,0.917742395873,0.943520253742,0.741548713503,0.0996198668587,0.564048859612,0.116594371498,0.651278972746,0.478766345649,0.113861584656,0.316099737783,0.00156416552561,0.391134668102,0.261875458077,0.578732386714,0.964235183195,0.307860825654,0.843699310969,0.357897644292,0.0292762499204,0.438515017257,3.60047512395
0.46832669388,0.51946359604,0.0483481138179,0.0724551294392,0.95321600543,0.0242574310522,0.941407998325,0.0896152441255,0.775749034717,0.0287073154455,0.419536616068,0.518000860857,0.83733211092,0.828615142026,0.968412901634,0.0268146846446,0.507988649193,0.0678280126924,0.0494869814669,0.664542215313,0.110596311236,0.527018553656,0.215661137363,0.910404833312,0.995784663743,0.214975806074,0.476863055328,0.652495499558,0.563351238487,0.273649554743,0.46832669388,3.57335635338
0.0726500448782,0.428284916525,0.407542699803,0.848323505693,0.782756452869,0.307290549954,0.242553731403,0.515745580025,0.0567552778216,0.0636983973743,0.767395290383,0.721483839037,0.305156839235,0.721720192702,0.921197735727,0.739336475956,0.312823860392,0.124025430821,0.279461030679,0.44702549191,0.849626109599,0.123063969249,0.192990621544,0.590252374215,0.319802121226,0.490487157559,0.727529247001,0.0780830422987,0.746979416639,0.426721822769,0.0726500448782,4.58675744358
0.103341508252,0.0538762184726,0.644433655934,0.221826800262,0.119338847108,0.349678068357,0.593430760912,0.0835068056353,0.269256285531,0.72055764175,0.864270905708,0.220818348141,0.745651279606,0.196947786731,0.136902159649,0.932732684839,0.51818506692,0.366713646406,0.0957687858707,0.61101159941,0.8605555251,0.223513211236,0.999741452004,0.447237703785,0.271681610712,0.306288049267,0.7966394562,0.354629738415,0.515914350622,0.793605940177,0.103341508252,4.40389151997
0.0911197770267,0.434951218305,0.809278868324,0.532942607178,0.984359419586,0.328700823023,0.219355129023,0.714690343739,0.789117209145,0.948186952353,0.898559444605,0.226389554252,0.384044740875,0.69627036823,0.0228131311003,0.866571267945,0.632061292369,0.0827195373406,0.0274809934233,0.253031723494,0.08359498612,0.27689433532,0.737230490047,0.386915986298,0.187088251915,0.30647980974,0.248918484733,0.773247556428,0.345838690918,0.255312929493,0.0911197770267,4.48838653015
0.0882101776542,0.748728034591,0.697587791647,0.352736953222,0.982638960603,0.506895099905,0.241045838827,0.716593757747,0.524917459963,0.0884538960925,0.532838598925,0.552910407167,0.129205070397,0.468721796943,0.188902703163,0.853863404415,0.355803123299,0.0425291061431,0.00280371979713,0.190447780381,0.159804776662,0.794560230004,0.145742704343,0.031118903521,0.955330855454,0.907858017522,0.977446539578,0.377963607854,0.172087349484,0.943034570892,0.0882101776542,4.55442850183
0.213867032797,0.595734986979,0.922235549813,0.275153389611,0.736661811409,0.64155500889,0.0486881695281,0.872060000283,0.651923001345,0.756810728493,0.470077165993,0.931347805327,0.192306727184,0.615084334069,0.61253253603,0.24325719206,0.207002949427,0.579903022662,0.169819920736,0.498776715042,0.366797409939,0.602975873012,0.0762824490512,0.156200756193,0.0128153953076,0.541705524532,0.021716307944,0.040446243414,0.890915749188,0.813565823507,0.213867032797,4.14850746405
0.227684464398,0.54828479964,0.620281116541,0.103611658734,0.58417621638,0.198390409467,0.162636499559,0.264646109424,0.0122250598919,0.591124726845,0.798662815764,0.167551028764,0.131960065864,0.308443891179,0.801841740642,0.0931969311048,0.250586321877,0.515362582075,0.781098957313,0.550710315161,0.507883210541,0.974550311615,0.771074758837,0.0727135346973,0.644803692329,0.999439757873,0.763468438554,0.924214094522,0.314369290109,0.0114457201241,0.227684464398,4.09395815598
0.685415598103,0.791514835408,0.317160565417,0.414581512239,0.00971420679034,0.754293315826,0.0801511431923,0.0555178938014,0.21118944184,0.928034751142,0.518246517152,0.520071670826,0.307218817891,0.134211847076,0.132742665204,0.667684762449,0.0158353356525,0.41604527235,0.895693280169,0.236702644036,0.708385192178,0.95531095,0.0108058168782,0.337061863225,0.928388851796,0.810111863542,0.602560525324,0.237633447693,0.331011644516,0.351157373432,0.685415598103,3.09573289053
0.682498047497,0.694557531976,0.735829551696,0.262533195646,0.0238212643169,0.220335963646,0.49519154535,0.863623948372,0.277677620238,0.259930730634,0.170882696683,0.582217103981,0.518252936145,0.989282540131,0.108549204918,0.37227118562,0.593838863001,0.588463222348,0.00757468347668,0.0538462036202,0.787300437291,0.509043044901,0.206316440575,0.23262036208,0.734113014635,0.752369014129,0.882994325598,0.135103116641,0.854998771706,0.0722999307757,0.682498047497,3.17724535722
0.91766269015,0.900031865729,0.53718225461,0.800513482194,0.769565761746,0.288315327357,0.634550173007,0.4547635062,0.0220976104786,0.740421418759,0.451848675973,0.499498237512,0.564490123815,0.142537012694,0.0360689650339,0.24134132252,0.874770185561,0.0484060303797,0.498164599867,0.23164472215,0.210259036731,0.669075858056,0.837486130507,0.851829455959,0.11525511416,0.384092779142,0.621033353396,0.332704204242,0.446685641012,0.0824918084217,0.91766269015,2.95524363055
0.0486403823708,0.376308186802,0.711387886597,0.685393370417,0.326604413758,0.898338657691,0.82696557532,0.701007298724,0.844864146679,0.880774128842,0.269307504039,0.0251769303743,0.409325937141,0.837684816817,0.864924120923,0.502821885587,0.159184547174,0.704241339519,0.100703441685,0.31144190127,0.414268401678,0.163186706647,0.178254842275,0.39911978966,0.569906864762,0.678853766254,0.951258747058,0.398168315198,0.633097532833,0.358703786903,0.0486403823708,5.18435693597
0.293818974331,0.530040569758,0.269350775944,0.987673496026,0.106680220517,0.487875825733,0.167783916218,0.0627521677485,0.591616206929,0.348560100487,0.0247653327208,0.0934672590601,0.967356408212,0.27485596497,0.718777353998,0.880493851667,0.240151483684,0.924854199119,0.818292080209,0.729557084367,0.228889889926,0.48033407602,0.577575459928,0.0334535228213,0.00720634129801,0.356062212349,0.68252875842,0.489164996204,0.7394962947,0.480166842308,0.293818974331,3.90009776891
0.419825685405,0.252365296075,0.535338770008,0.330347360297,0.936603127533,0.724453648468,0.0695723008305,0.0894878460374,0.997462874717,0.815655607445,0.12326052612,0.06951219678,0.414159825851,0.790738311567,0.0687984380571,0.0326719437388,0.0983006599571,0.372060859881,0.69709823794,0.595484206451,0.83915230135,0.613950672583,0.71503033305,0.462415751145,0.660753365438,0.381991584085,0.834334362028,0.526592854078,0.641374496975,0.482041326793,0.419825685405,3.89251676102
0.515867913955,0.18341476573,0.234310787655,0.893138003691,0.52491150325,0.613471342419,0.379479448673,0.158596928166,0.65752939399,0.98896958578,0.489297776123,0.612130770753,0.942735514954,0.77058281669,0.702815599869,0.801512056916,0.223524031215,0.928932557932,0.417550394409,0.407775521976,0.564059314024,0.303723146677,0.412680669898,0.289709822373,0.705391504917,0.403037685204,0.141518726804,0.084047545244,0.159622188024,0.0011173137446,0.515867913955,3.68318131183
0.470004956131,0.363142884065,0.150496201951,0.352184293048,0.0323430699525,0.486980917254,0.399904158167,0.340888534227,0.0503982530729,0.52551463429,0.224225126517,0.910462759099,0.289817388436,0.160049225142,0.353792026246,0.28529749469,0.571309356909,0.702361910496,0.179295536097,0.966066016518,0.409978826595,0.968538953029,0.925701912214,0.310680788589,0.785689726387,0.815735309865,0.912299888796,0.746268777577,0.411992294406,0.828579579852,0.470004956131,3.88159858196
0.537233416728,0.945745113616,0.382554614261,0.922701194823,0.649607604966,0.132203097588,0.499496357414,0.0363153548738,0.109996368945,0.112512295012,0.821973767326,0.800313931777,0.959788615987,0.150282969333,0.350764535745,0.27313965807,0.863155846253,0.467925324645,0.169190926395,0.371614312262,0.780033417825,0.23781030583,0.533652943753,0.236244726302,0.765078409679,0.201732876223,0.37464084527,0.758247318489,0.185737133613,0.714769889006,0.537233416728,3.59998605799
0.506363217896,0.938884914072,0.71343586153,0.266395158703,0.0914686283183,0.898083788312,0.952738703129,0.23010850579,0.11396835327,0.328705792213,0.0243109854187,0.477693714687,0.623323048841,0.408651391976,0.731952550896,0.567250503431,0.446694101917,0.207767822776,0.368093036978,0.995911879362,0.0603239766314,0.888057195028,0.997747158571,0.0829229529137,0.095699554369,0.550547514635,0.39103572194,0.867479572441,0.427873978243,0.247514409106,0.506363217896,3.69829906238
0.0845771462607,0.856699081776,0.414753235543,0.801056810034,0.404548404145,0.749110621079,0.598407255719,0.631625652137,0.382518477557,0.0585733004555,0.671386695086,0.100552750012,0.0328115151354,0.0564943196427,0.181219526331,0.733817650322,0.416492181019,0.991934464631,0.0877441468579,0.62023078277,0.747869902474,0.0333492064922,0.985133046108,0.787538266731,0.0916948831219,0.255224097314,0.7564375218,0.244571457003,0.733481200269,0.5859764929,0.0845771462607,4.67575342707
0.0809647589982,0.260849203515,0.623698754362,0.998072676736,0.411429457453,0.536764467843,0.614713595034,0.422138294575,0.25853127294,0.75577646647,0.484492318681,0.600158605685,0.415963671583,0.321601063955,0.470417113755,0.251245966609,0.208370739638,0.389419702782,0.0453131043141,0.922840045117,0.636034301953,0.607794944986,0.872499042715,0.0425302807278,0.586287132666,0.877593572127,0.108955033602,0.82147686043,0.763235872009,0.986017251559,0.0809647589982,5.06438074827
0.121755048486,0.706066540483,0.569670398837,0.697847465411,0.400374027179,0.855804309382,0.430621042795,0.0799067612107,0.478356230968,0.459623316164,0.0739940251621,0.24333840994,0.0387405127664,0.733188328022,0.712046774215,0.227506781632,0.212687273773,0.0411439486802,0.617773580638,0.821382443958,0.394121309057,0.482314651721,0.478840578406,0.961558918931,0.554557994441,0.478956728666,0.0311274203765,0.937882707412,0.304984057222,0.532591060998,0.121755048486,4.41109294926
0.234579366848,0.861472342779,0.466462251406,0.696830796094,0.380720712868,0.598877483434,0.388584456301,0.46282096877,0.0418401993083,0.98998624541,0.455528386219,0.384026911678,0.895894550419,0.172508407369,0.573200508502,0.0982155324414,0.998173765415,0.328921314411,0.249150063611,0.978973903129,0.283308066639,0.101469056256,0.870915971764,0.358944848793,0.891374285866,0.529873874378,0.366901918469,0.13856184862,0.0720790431922,0.0954046127996,0.234579366848,4.15040415922
0.696018617971,0.0257844592399,0.239459709227,0.478558075139,0.654725850024,0.909541134037,0.300832333785,0.17414431315,0.195618822418,0.297549711544,0.436964490057,0.73935378874,0.785731813174,0.0361479580031,0.746931039181,0.113117721816,0.329337842941,0.403921104639,0.635752107617,0.806792147867,0.807672523443,0.584092984573,0.384508452324,0.609062458012,0.215229157642,0.863261225724,0.358980914954,0.479296214756,0.957043181658,0.741473238756,0.696018617971,3.49522263167
0.736341852798,0.188899554259,0.616499888857,0.593874981818,0.251834754539,0.8673730472,0.535052516062,0.214027450762,0.579652215423,0.149891359026,0.347667951905,0.569348806978,0.465173842074,0.62696008605,0.625566872059,0.674073282474,0.900627938766,0.131522088891,0.0218052955756,0.0471343787957,0.515497188461,0.256958184697,0.757250572682,0.549490866158,0.677496190483,0.515644959239,0.507315321866,0.521095185848,0.5651905555,0.707636294778,0.736341852798,3.35607509101
0.753739835348,0.744518506603,0.910047783376,0.014762638603,0.711105571812,0.255243149938,0.528027916678,0.634599074472,0.16488411149,0.691201084579,0.80250266299,0.792099715831,0.253561972067,0.128831974588,0.0527478440355,0.927651203165,0.14411440468,0.824599953265,0.167813022436,0.690118188162,0.389522692314,0.50662727005,0.298521660116,0.384283921155,0.767825288507,0.691884278178,0.0265851174286,0.815232611513,0.0607674073116,0.0118825606669,0.753739835348,3.18463634927
0.0603316105262,0.299653356179,0.766822528939,0.526127068803,0.623434920933,0.987873999032,0.783798562432,0.968605796739,0.0864115067243,0.591208945745,0.861146343902,0.0490023908272,0.321794462881,0.944613593951,0.859863989411,0.795864386801,0.497131539987,0.303530827488,0.739431046097,0.594518087502,0.620452064344,0.481915056781,0.77894124439,0.397218958872,0.0930635679827,0.675016882048,0.114951626652,0.502936320903,0.809233624159,0.839441605354,0.0603316105262,5.63515199413
0.403269770056,0.180265130482,0.414991891657,0.685667233921,0.692583837519,0.302019240275,0.0561000009257,0.625753536862,0.500820683975,0.677536071486,0.0963111141303,0.237255756319,0.457371674309,0.10839623742,0.544335321821,0.485089487857,0.343873714799,0.924438810984,0.863356942807,0.897070810031,0.533712280142,0.863608833671,0.541979580675,0.682311537673,0.126743114574,0.327167769107,0.511062184638,0.0218241774696,0.902210042145,0.511120123704,0.403269770056,3.90748703485
0.343069124976,0.94891551324,0.553382456487,0.490832494106,0.525994746624,0.269037831403,0.912630402279,0.598529099576,0.344728504742,0.396035147124,0.520936550146,0.694039118389,0.0776335122099,0.268846081283,0.246372638147,0.0408343211869,0.108282711262,0.951030365143,0.0165187778768,0.0406509931478,0.363686471831,0.607502733715,0.975885061418,0.0159189026722,0.895665393914,0.820809993674,0.847924189761,0.299559179167,0.0759177270195,0.857109023028,0.343069124976,3.92710212593
0.324747692152,0.0845659904003,0.725915569158,0.336307266368,0.842906444904,0.138461375314,0.348681599542,0.955087494132,0.103357652342,0.844680609515,0.299271242161,0.248443783894,0.67052709136,0.681296426785,0.360823823656,0.101575190688,0.518731486936,0.476143097143,0.186494429079,0.374933888214,0.560803757418,0.92858445528,0.0290873201785,0.136147246844,0.250289031843,0.833994160141,0.866330738961,0.864260679975,0.904764249502,0.312662569967,0.324747692152,4.02331385558
0.601681449761,0.396027630292,0.954932300411,0.83203847245,0.900467045766,0.970969346099,0.841100911337,0.886197169802,0.206922475397,0.317928185818,0.552771835303,0.625865042185,0.386052174279,0.51263602927,0.0340316629861,0.284270261263,0.733460971151,0.548181760374,0.526508565821,0.00871572712506,0.225114784944,0.819692688025,0.400337433646,0.642496330364,0.101909837635,0.393361705515,0.288767644908,0.342274761583,0.443760692062,0.441164277186,0.601681449761,3.71142975075
0.518302884413,0.372448364674,0.42116880093,0.191414360512,0.645686229024,0.684988628395,0.860505151553,0.604457841543,0.639023253361,0.487988902452,0.318938448196,0.250530341289,0.371437515764,0.513401208534,0.368457539905,0.223133952843,0.714079290382,0.571189109424,0.770482173288,0.244811543722,0.182280298049,0.992196711169,0.390795856358,0.201896856364,0.448228646172,0.74835258824,0.918807316613,0.703572589808,0.32436906141,0.258999330128,0.518302884413,3.79155239376
0.558192561142,0.385949132073,0.91272878158,0.661043757862,0.977285126968,0.211856971523,0.937916709497,0.336850011037,0.265103093544,0.812310877853,0.382005890035,0.436890026548,0.94159439019,0.553872487882,0.316879181068,0.28610249272,0.196261039646,0.724604165413,0.322221815947,0.247474202365,0.87333574947,0.224154753794,0.687469699154,0.151458189999,0.998106890121,0.721979714034,0.139074571584,0.225579965088,0.114078820987,0.47604057358,0.558192561142,3.75311986503
0.0885591968767,0.899024710749,0.230827838067,0.728308040284,0.867315372986,0.112712326657,0.0852681623636,0.682552306106,0.507534800004,0.18493163772,0.765386976725,0.456514921603,0.350913884878,0.414266924239,0.644739309526,0.395654879759,0.93884949876,0.0146885744618,0.467432414237,0.625053973369,0.448011231871,0.357876917715,0.457896742683,0.741890392619,0.471829061116,0.678332364152,0.538470494979,0.345082900976,0.0835946714465,0.951599538738,0.0885591968767,4.78656045878
0.126251731757,0.888467184568,0.336530255019,0.456257736435,0.875913773545,0.472503472189,0.723131997219,0.623210543589,0.50468719176,0.380476344863,0.745966100023,0.824447385415,0.499086405629,0.475162902233,0.727024260691,0.295583740004,0.184734718345,0.714963224974,0.111553811435,0.0887968025326,0.599776297733,0.838388391511,0.111691548343,0.632613148049,0.190556645015,0.763521401856,0.678562456504,0.0893935134548,0.849353217536,0.129139457767,0.126251731757,4.75608183906
0.186914231448,0.34541976087,0.00152580431338,0.113643788358,0.764925670959,0.0428193614138,0.0321459436767,0.136674398799,0.0575623813281,0.528553485834,0.545624118757,0.744709361753,0.332420189151,0.81034340973,0.681389679851,0.550155556511,0.821941999444,0.749326289184,0.629203818711,0.53864044587,0.479946389966,0.999665794786,0.927237049877,0.639885110355,0.101630885488,0.393296922686,0.682439188746,0.840813489939,0.900533959114,0.224196595476,0.186914231448,4.51895891401
0.127038492636,0.685107105289,0.509186461407,0.37150412086,0.220932359627,0.114652608013,0.647135519396,0.865044811705,0.18615328322,0.190393948239,0.667443826388,0.47244024028,0.353460009993,0.0601685456549,0.42176942749,0.6920123328,0.218185242021,0.650594081874,0.600888299924,0.307420445709,0.152591261871,0.848973090502,0.760767181522,0.89834125253,0.611356312695,0.47164212537,0.168211070355,0.751447743741,0.946241999747,0.884333142892,0.127038492636,4.72962323526
0.226950803523,0.555168227487,0.342536704693,0.905803232008,0.972914591325,0.764087423051,0.366427201309,0.275815491493,0.99560046042,0.655796760504,0.337732920518,0.313353382783,0.998635872645,0.0563859404736,0.10834170099,0.316998247696,0.344042061407,0.87946376714,0.540014678321,0.104828668869,0.0973698000861,0.84478336882,0.0390713417598,0.476509813385,0.332361296396,0.690424658315,0.0818231749279,0.650077938015,0.926800562709,0.801456121041,0.226950803523,4.45936352412
0.952028100007,0.515516655418,0.708713506825,0.205694853157,0.00649678468065,0.638425883903,0.94939288633,0.965910742001,0.839896019075,0.4807688996,0.265973248573,0.110291854857,0.995505575894,0.491854252589,0.303323838901,0.980021192466,0.392989310004,0.227732697219,0.27763770437,0.995624093431,0.810246183048,0.145170898854,0.654119007839,0.565048349584,0.185333321061,0.144067032583,0.876515956041,0.203077760472,0.711593466721,0.194187308317,0.952028100007,3.29568512212
