0.0721421118677, 0.0384838229745, 0.535153759069, 0.248451655956, 0.525106925151, 0.544917788132, 0.224901783645, 0.183119538171, 0.0602822626039, 0.385907906844, 0.344966968041, 7.67365711324
0.0721421118677, 0.0384838229745, 0.535153759069, 0.248451655956, 0.525106925151, 0.544917788132, 0.224901783645, 0.183119538171, 0.0602822626039, 0.385907906844, 0.344966968041, 7.67365711324
0.521424772809, 0.0810817870567, 0.0187860440287, 0.191113534294, 0.872498028238, 0.0268503442356, 0.310132513048, 0.39134397484, 0.257540938737, 0.0877709638335, 0.999542620079, 7.2189918705
0.521424772809, 0.0810817870567, 0.0187860440287, 0.191113534294, 0.872498028238, 0.0268503442356, 0.310132513048, 0.39134397484, 0.257540938737, 0.0877709638335, 0.999542620079, 7.2189918705
0.926002408893, 0.24449360972, 0.878030199629, 0.150414428097, 0.269884696483, 0.148760187751, 0.128317263785, 0.110463981336, 0.532382916301, 0.0345899624879, 0.977570860308, 7.40519858103
0.926002408893, 0.24449360972, 0.878030199629, 0.150414428097, 0.269884696483, 0.148760187751, 0.128317263785, 0.110463981336, 0.532382916301, 0.0345899624879, 0.977570860308, 7.40519858103
0.0980874828242, 0.20033019581, 0.736065085117, 0.299883455077, 0.421802859376, 0.472346518204, 0.636508273461, 0.238973204661, 0.310936016038, 0.70143015619, 0.466042128664, 8.33085847346
0.0980874828242, 0.20033019581, 0.736065085117, 0.299883455077, 0.421802859376, 0.472346518204, 0.636508273461, 0.238973204661, 0.310936016038, 0.70143015619, 0.466042128664, 8.33085847346
0.0941036856438, 0.758422250265, 0.545640699815, 0.432615598382, 0.192464271893, 0.811160688639, 0.370903219372, 0.984041313748, 0.256995919852, 0.163274410164, 0.394027386271, 8.55647726947
0.0941036856438, 0.758422250265, 0.545640699815, 0.432615598382, 0.192464271893, 0.811160688639, 0.370903219372, 0.984041313748, 0.256995919852, 0.163274410164, 0.394027386271, 8.55647726947
0.0950048589734, 0.467030623599, 0.379887909576, 0.00970479214739, 0.532809508804, 0.810946341731, 0.691874292424, 0.691854661664, 0.0150310561478, 0.573616219467, 0.409278250225, 8.40667997409
0.0950048589734, 0.467030623599, 0.379887909576, 0.00970479214739, 0.532809508804, 0.810946341731, 0.691874292424, 0.691854661664, 0.0150310561478, 0.573616219467, 0.409278250225, 8.40667997409
0.102635158553, 0.59687804631, 0.493720652608, 0.297044043143, 0.0977867839089, 0.0642096937124, 0.0699330573193, 0.701417738169, 0.221012519063, 0.84792171573, 0.55813143485, 8.01195979769
0.102635158553, 0.59687804631, 0.493720652608, 0.297044043143, 0.0977867839089, 0.0642096937124, 0.0699330573193, 0.701417738169, 0.221012519063, 0.84792171573, 0.55813143485, 8.01195979769
0.0700393159912, 0.971258807583, 0.925690036153, 0.923949951152, 0.421575347537, 0.117255280752, 0.75285746785, 0.148041170705, 0.0323137777152, 0.604218794961, 0.375336983126, 8.71365729019
0.0700393159912, 0.971258807583, 0.925690036153, 0.923949951152, 0.421575347537, 0.117255280752, 0.75285746785, 0.148041170705, 0.0323137777152, 0.604218794961, 0.375336983126, 8.71365729019
0.473199523431, 0.0510193403189, 0.88432475797, 0.476770770634, 0.221841795212, 0.542043103387, 0.277577066048, 0.149841637661, 0.308424129673, 0.336195715784, 0.998064300143, 7.8507938597
0.473199523431, 0.0510193403189, 0.88432475797, 0.476770770634, 0.221841795212, 0.542043103387, 0.277577066048, 0.149841637661, 0.308424129673, 0.336195715784, 0.998064300143, 7.8507938597
0.365765251147, 0.586976785337, 0.00153878188299, 0.758585983679, 0.0691988416454, 0.162078621106, 0.695030814227, 0.0932137661916, 0.385822199181, 0.58019421083, 0.991723113939, 7.89805442607
0.365765251147, 0.586976785337, 0.00153878188299, 0.758585983679, 0.0691988416454, 0.162078621106, 0.695030814227, 0.0932137661916, 0.385822199181, 0.58019421083, 0.991723113939, 7.89805442607
0.963983668064, 0.184310860179, 0.679872686249, 0.00854454243591, 0.402175303303, 0.396353872116, 0.579411503313, 0.121129945218, 0.0391114091149, 0.55884394678, 0.998703237884, 7.69369324646
0.963983668064, 0.184310860179, 0.679872686249, 0.00854454243591, 0.402175303303, 0.396353872116, 0.579411503313, 0.121129945218, 0.0391114091149, 0.55884394678, 0.998703237884, 7.69369324646
0.86911047131, 0.307108401514, 0.0975632615072, 0.831984327347, 0.0329721281507, 0.658955575149, 0.190558277387, 0.402085480196, 0.300459192016, 0.23158172956, 0.99816750389, 7.74205670193
0.86911047131, 0.307108401514, 0.0975632615072, 0.831984327347, 0.0329721281507, 0.658955575149, 0.190558277387, 0.402085480196, 0.300459192016, 0.23158172956, 0.99816750389, 7.74205670193
0.900180846839, 0.28777800536, 0.312743897913, 0.476947088084, 0.709676341798, 0.206332544023, 0.818519016929, 0.0391053511847, 0.502415729455, 0.215766527912, 0.979660835416, 8.02424760775
0.900180846839, 0.28777800536, 0.312743897913, 0.476947088084, 0.709676341798, 0.206332544023, 0.818519016929, 0.0391053511847, 0.502415729455, 0.215766527912, 0.979660835416, 8.02424760775
0.0544096174837, 0.371932246737, 0.203403662767, 0.674964335512, 0.641234454244, 0.803038818157, 0.390102725355, 0.482269334437, 0.0284351796636, 0.00427342018157, 0.68569545501, 8.09962545758
0.0544096174837, 0.371932246737, 0.203403662767, 0.674964335512, 0.641234454244, 0.803038818157, 0.390102725355, 0.482269334437, 0.0284351796636, 0.00427342018157, 0.68569545501, 8.09962545758
0.105469824754, 0.499108893078, 0.055582110786, 0.947039162921, 0.17092991151, 0.114292035852, 0.930477031795, 0.38078806993, 0.321771642857, 0.696177672798, 0.617147174687, 8.35591572813
0.105469824754, 0.499108893078, 0.055582110786, 0.947039162921, 0.17092991151, 0.114292035852, 0.930477031795, 0.38078806993, 0.321771642857, 0.696177672798, 0.617147174687, 8.35591572813
0.283695873981, 0.122941306838, 0.0183866071392, 0.55242841383, 0.273926702783, 0.39135561182, 0.35203295291, 0.419250620608, 0.757731728118, 0.760873434186, 0.912524836239, 8.07985571271
0.283695873981, 0.122941306838, 0.0183866071392, 0.55242841383, 0.273926702783, 0.39135561182, 0.35203295291, 0.419250620608, 0.757731728118, 0.760873434186, 0.912524836239, 8.07985571271
0.18389209046, 0.123208404262, 0.392335533249, 0.116689002047, 0.321845164453, 0.462658366494, 0.357551212702, 0.953395159549, 0.240520871259, 0.331056498012, 0.999494843862, 7.87820415216
0.18389209046, 0.123208404262, 0.392335533249, 0.116689002047, 0.321845164453, 0.462658366494, 0.357551212702, 0.953395159549, 0.240520871259, 0.331056498012, 0.999494843862, 7.87820415216
0.416394961599, 0.00480403933742, 0.421456629045, 0.344916421124, 0.247567739241, 0.204610559965, 0.976746347657, 0.557326943287, 0.307289448218, 0.968692057667, 0.810933889984, 8.28513949119
0.416394961599, 0.00480403933742, 0.421456629045, 0.344916421124, 0.247567739241, 0.204610559965, 0.976746347657, 0.557326943287, 0.307289448218, 0.968692057667, 0.810933889984, 8.28513949119
0.42529133498, 0.159576329114, 0.214300836957, 0.743597653801, 0.245223679669, 0.995195979443, 0.614926374688, 0.120598517434, 0.53990604309, 0.0590471641538, 0.831497590772, 8.1186288461
0.42529133498, 0.159576329114, 0.214300836957, 0.743597653801, 0.245223679669, 0.995195979443, 0.614926374688, 0.120598517434, 0.53990604309, 0.0590471641538, 0.831497590772, 8.1186288461
0.252560408506, 0.649797879375, 0.310412332898, 0.580702335951, 0.517946974108, 0.527047941712, 0.834327445032, 0.162853961409, 0.75038064139, 0.37473408759, 0.638405613096, 8.60703298357
0.252560408506, 0.649797879375, 0.310412332898, 0.580702335951, 0.517946974108, 0.527047941712, 0.834327445032, 0.162853961409, 0.75038064139, 0.37473408759, 0.638405613096, 8.60703298357
0.10772161778, 0.642707418066, 0.116438550642, 0.684091268596, 0.277980218444, 0.281827598862, 0.862879469176, 0.33515336986, 0.950038605571, 0.026164693308, 0.663298133243, 8.37637236627
0.10772161778, 0.642707418066, 0.116438550642, 0.684091268596, 0.277980218444, 0.281827598862, 0.862879469176, 0.33515336986, 0.950038605571, 0.026164693308, 0.663298133243, 8.37637236627
0.708029475533, 0.28795928081, 0.305777960245, 0.726515995931, 0.549194339696, 0.311234855113, 0.0357094428878, 0.657111546848, 0.534982278189, 0.348908253803, 0.992889072109, 8.11469692905
0.708029475533, 0.28795928081, 0.305777960245, 0.726515995931, 0.549194339696, 0.311234855113, 0.0357094428878, 0.657111546848, 0.534982278189, 0.348908253803, 0.992889072109, 8.11469692905
0.666093024513, 0.75752181933, 0.52153010328, 0.187875514067, 0.162536124208, 0.251336013559, 0.534294078213, 0.229575109742, 0.281287625471, 0.57687086951, 1.0, 7.98531544188
0.666093024513, 0.75752181933, 0.52153010328, 0.187875514067, 0.162536124208, 0.251336013559, 0.534294078213, 0.229575109742, 0.281287625471, 0.57687086951, 1.0, 7.98531544188
0.826083784653, 0.0926921444617, 0.117470608049, 0.60204895867, 0.405793243777, 0.593911327879, 0.215057737547, 0.398663087403, 0.554937329468, 0.634182496374, 0.999999765305, 8.04228264467
0.826083784653, 0.0926921444617, 0.117470608049, 0.60204895867, 0.405793243777, 0.593911327879, 0.215057737547, 0.398663087403, 0.554937329468, 0.634182496374, 0.999999765305, 8.04228264467
0.761115154604, 0.370006602022, 0.785051961107, 0.501214178369, 0.0846338009205, 0.0231840551467, 0.98383906477, 0.273064647855, 0.631388430388, 0.147396386627, 0.95829465732, 8.14348488219
0.761115154604, 0.370006602022, 0.785051961107, 0.501214178369, 0.0846338009205, 0.0231840551467, 0.98383906477, 0.273064647855, 0.631388430388, 0.147396386627, 0.95829465732, 8.14348488219
0.594107764609, 0.0837583900969, 0.275940668363, 0.802730330006, 0.750046463627, 0.370296184519, 0.377011728379, 0.140768468986, 0.528655066936, 0.940125365887, 0.917999651682, 8.36965710867
0.594107764609, 0.0837583900969, 0.275940668363, 0.802730330006, 0.750046463627, 0.370296184519, 0.377011728379, 0.140768468986, 0.528655066936, 0.940125365887, 0.917999651682, 8.36965710867
0.416502885229, 0.0152162561138, 0.708567078934, 0.655762132328, 0.928759883926, 0.256622273522, 0.947339046045, 0.695785885082, 0.636186049882, 0.142740091216, 0.811006023256, 8.68995580861
0.416502885229, 0.0152162561138, 0.708567078934, 0.655762132328, 0.928759883926, 0.256622273522, 0.947339046045, 0.695785885082, 0.636186049882, 0.142740091216, 0.811006023256, 8.68995580861
0.223485027266, 0.555694255316, 0.326478908774, 0.97185952733, 0.408807656897, 0.199249382748, 0.890147011954, 0.0314025641689, 0.884222967049, 0.472344030507, 0.813024049003, 8.59083481026
0.223485027266, 0.555694255316, 0.326478908774, 0.97185952733, 0.408807656897, 0.199249382748, 0.890147011954, 0.0314025641689, 0.884222967049, 0.472344030507, 0.813024049003, 8.59083481026
0.111420569518, 0.417212318746, 0.0592439857263, 0.87254027059, 0.59275367347, 0.56263209363, 0.622366241389, 0.363574504492, 0.90936535848, 0.921541364664, 0.735277068616, 8.83116005831
0.111420569518, 0.417212318746, 0.0592439857263, 0.87254027059, 0.59275367347, 0.56263209363, 0.622366241389, 0.363574504492, 0.90936535848, 0.921541364664, 0.735277068616, 8.83116005831
0.425950882461, 0.766712727455, 0.32627255519, 0.537958110698, 0.796759053118, 0.0388106416326, 0.0312782443325, 0.825573579616, 0.121101350399, 0.951651049239, 0.834064295711, 8.44239493178
0.425950882461, 0.766712727455, 0.32627255519, 0.537958110698, 0.796759053118, 0.0388106416326, 0.0312782443325, 0.825573579616, 0.121101350399, 0.951651049239, 0.834064295711, 8.44239493178
0.7223771625, 0.87360648229, 0.450555301175, 0.03760059605, 0.172837689722, 0.0728762167078, 0.280970618734, 0.43896245788, 0.993567872138, 0.500256083258, 0.976304540865, 8.14962555869
0.7223771625, 0.87360648229, 0.450555301175, 0.03760059605, 0.172837689722, 0.0728762167078, 0.280970618734, 0.43896245788, 0.993567872138, 0.500256083258, 0.976304540865, 8.14962555869
0.340288629343, 0.886287822366, 0.155680422988, 0.385029908188, 0.732784855807, 0.125779661045, 0.00691280242727, 0.915963676406, 0.403755463164, 0.212175460711, 0.999998720355, 8.1454721022
0.340288629343, 0.886287822366, 0.155680422988, 0.385029908188, 0.732784855807, 0.125779661045, 0.00691280242727, 0.915963676406, 0.403755463164, 0.212175460711, 0.999998720355, 8.1454721022
0.73057656351, 0.974828513732, 0.104619717732, 0.509856878574, 0.955932594253, 0.205140114523, 0.199157615993, 0.568389053299, 0.0919798054976, 0.551264121166, 0.964341357584, 8.31097015907
0.73057656351, 0.974828513732, 0.104619717732, 0.509856878574, 0.955932594253, 0.205140114523, 0.199157615993, 0.568389053299, 0.0919798054976, 0.551264121166, 0.964341357584, 8.31097015907
0.615806054028, 0.221217565122, 0.432190297196, 0.0214730787343, 0.103392161436, 0.863975190471, 0.330483512543, 0.753830336135, 0.492736748036, 0.607049927349, 0.974403935177, 8.1525380962
0.615806054028, 0.221217565122, 0.432190297196, 0.0214730787343, 0.103392161436, 0.863975190471, 0.330483512543, 0.753830336135, 0.492736748036, 0.607049927349, 0.974403935177, 8.1525380962
0.408042208104, 0.977816811893, 0.208343223774, 0.0996473599637, 0.291402098355, 0.171796595485, 0.609061769854, 0.987663682931, 0.835799592478, 0.644808822367, 0.819460345508, 8.62452515314
0.408042208104, 0.977816811893, 0.208343223774, 0.0996473599637, 0.291402098355, 0.171796595485, 0.609061769854, 0.987663682931, 0.835799592478, 0.644808822367, 0.819460345508, 8.62452515314
0.409911474288, 0.393141518085, 0.958669516238, 0.83033295235, 0.127010085452, 0.994571470977, 0.854172687766, 0.713530007848, 0.955478095268, 0.397436599296, 0.815188429336, 9.13521982306
0.409911474288, 0.393141518085, 0.958669516238, 0.83033295235, 0.127010085452, 0.994571470977, 0.854172687766, 0.713530007848, 0.955478095268, 0.397436599296, 0.815188429336, 9.13521982306
0.599963207608, 0.855997109142, 0.623650235352, 0.451640874434, 0.144144578754, 0.0180185217972, 0.968247536435, 0.296391908963, 0.438124709186, 0.774350170092, 0.9327671381, 8.4963662498
0.599963207608, 0.855997109142, 0.623650235352, 0.451640874434, 0.144144578754, 0.0180185217972, 0.968247536435, 0.296391908963, 0.438124709186, 0.774350170092, 0.9327671381, 8.4963662498
0.578960958349, 0.0496121438488, 0.407915353844, 0.835690323982, 0.609732254289, 0.900745752179, 0.299008490462, 0.811513766388, 0.68467561009, 0.131528532514, 0.903309951448, 8.56895318211
0.578960958349, 0.0496121438488, 0.407915353844, 0.835690323982, 0.609732254289, 0.900745752179, 0.299008490462, 0.811513766388, 0.68467561009, 0.131528532514, 0.903309951448, 8.56895318211
0.401653404847, 0.775846291153, 0.344212824033, 0.99169422191, 0.188842177244, 0.978003461526, 0.226773589025, 0.691320399062, 0.429651802323, 0.175369899933, 0.84278583414, 8.61013406674
0.401653404847, 0.775846291153, 0.344212824033, 0.99169422191, 0.188842177244, 0.978003461526, 0.226773589025, 0.691320399062, 0.429651802323, 0.175369899933, 0.84278583414, 8.61013406674
0.152717924191, 0.869441248237, 0.163154624852, 0.337148971314, 0.413885979295, 0.143000673646, 0.703048846378, 0.493853853448, 0.581113961333, 0.144882649429, 0.999832649813, 8.15760864323
0.152717924191, 0.869441248237, 0.163154624852, 0.337148971314, 0.413885979295, 0.143000673646, 0.703048846378, 0.493853853448, 0.581113961333, 0.144882649429, 0.999832649813, 8.15760864323
0.89760011853, 0.00200516000538, 0.278115374663, 0.941750112877, 0.686970746585, 0.629694584033, 0.64344850065, 0.591048076818, 0.109062877653, 0.44500852428, 0.981436125157, 8.38090677948
0.89760011853, 0.00200516000538, 0.278115374663, 0.941750112877, 0.686970746585, 0.629694584033, 0.64344850065, 0.591048076818, 0.109062877653, 0.44500852428, 0.981436125157, 8.38090677948
0.015660019959, 0.593870348561, 0.442963070971, 0.0177884034419, 0.0243827144513, 0.327346748565, 0.645278976423, 0.868793309283, 0.189800777792, 0.85127568001, 0.999430617525, 8.21082185762
0.015660019959, 0.593870348561, 0.442963070971, 0.0177884034419, 0.0243827144513, 0.327346748565, 0.645278976423, 0.868793309283, 0.189800777792, 0.85127568001, 0.999430617525, 8.21082185762
0.199537270387, 0.291926225844, 0.369391544123, 0.380641613028, 0.375188539848, 0.94427407338, 0.242646774034, 0.460492348869, 0.765194364215, 0.20718387001, 0.982737307049, 8.24992747611
0.199537270387, 0.291926225844, 0.369391544123, 0.380641613028, 0.375188539848, 0.94427407338, 0.242646774034, 0.460492348869, 0.765194364215, 0.20718387001, 0.982737307049, 8.24992747611
0.404779849674, 0.747941898293, 0.133618028668, 0.507006249751, 0.45655716871, 0.370690623227, 0.940083274742, 0.997120902487, 0.430379636386, 0.465548687835, 0.829838452943, 8.71065513178
0.404779849674, 0.747941898293, 0.133618028668, 0.507006249751, 0.45655716871, 0.370690623227, 0.940083274742, 0.997120902487, 0.430379636386, 0.465548687835, 0.829838452943, 8.71065513178
0.74502771817, 0.654670789668, 0.986910566314, 0.0664454905595, 0.212337714776, 0.409432819053, 0.554329245798, 0.998571732645, 0.498394618941, 0.69115719018, 0.950535638801, 8.69528268019
0.74502771817, 0.654670789668, 0.986910566314, 0.0664454905595, 0.212337714776, 0.409432819053, 0.554329245798, 0.998571732645, 0.498394618941, 0.69115719018, 0.950535638801, 8.69528268019
0.842651970873, 0.834382038702, 0.225687128988, 0.182495975279, 0.496221851774, 0.272728333855, 0.793846111352, 0.354777571185, 0.510820682876, 0.239657949552, 0.999999021251, 8.18669004767
0.842651970873, 0.834382038702, 0.225687128988, 0.182495975279, 0.496221851774, 0.272728333855, 0.793846111352, 0.354777571185, 0.510820682876, 0.239657949552, 0.999999021251, 8.18669004767
0.395494216365, 0.909608195061, 0.307960834997, 0.488408870184, 0.862176261344, 0.145447609321, 0.865021931257, 0.80401269447, 0.966779033551, 0.8278115623, 0.874198336378, 9.10867593819
0.395494216365, 0.909608195061, 0.307960834997, 0.488408870184, 0.862176261344, 0.145447609321, 0.865021931257, 0.80401269447, 0.966779033551, 0.8278115623, 0.874198336378, 9.10867593819
0.552633841064, 0.781456320001, 0.192792930738, 0.805082897099, 0.708714876477, 0.439033190268, 0.294786121877, 0.917854720646, 0.477956720739, 0.496092983148, 0.962249713009, 8.70883535318
0.580939916722, 0.624859445065, 0.497604292568, 0.017159179901, 0.939737078564, 0.990727259521, 0.730369742525, 0.684578821598, 0.336655118631, 0.310359282659, 0.902691388178, 8.72848391296
0.121092078524, 0.82296955307, 0.881312897122, 0.805943594874, 0.301505582003, 0.119247858539, 0.273504372289, 0.905418003754, 0.373079093014, 0.827825802419, 0.883853425457, 8.8002001992
0.889308108531, 0.227577684514, 0.887961323304, 0.317972746046, 0.589270699622, 0.200890899375, 0.339943179432, 0.737127695517, 0.44399433874, 0.61554485877, 0.987638320798, 8.39398749543
0.889308108531, 0.227577684514, 0.887961323304, 0.317972746046, 0.589270699622, 0.200890899375, 0.339943179432, 0.737127695517, 0.44399433874, 0.61554485877, 0.987638320798, 8.39398749543
0.552633841064, 0.781456320001, 0.192792930738, 0.805082897099, 0.708714876477, 0.439033190268, 0.294786121877, 0.917854720646, 0.477956720739, 0.496092983148, 0.962249713009, 8.70883535318
