0.0, 0.0, 0.0, 0.0, 0.0, 0.0, 1.0, 0.0, 1.0, 0.0, 0.0, 0.0, 0.0, 1.0, 0.0, 1.0, 0.0, 0.0, 0.0, 0.0, 0.0, 0.0, 0.0, 0.0, 0.0, 0.0, 1.0, 0.0, 35, 0, 4.97561406643
0.00869956992714, 0.999997744985, 0.0379377831952, 0.0, 0.9493954718, 0.00648435971746, 0.00820523658049, 7.92223338986e-07, 0.973845575387, 0.00413285222833, 3.03735848244e-05, 0.0, 8.71075485656e-05, 0.0113278118751, 0.999953902755, 1.0, 0.0155738473702, 0.0, 0.988252430946, 0.0221642509496, 0.960719842105, 0.000122601568423, 0.0104529853879, 0.993932048948, 0.940536501951, 0.0, 0.827108220557, 0.0, 21, 0, 7.40436698778
0.0232113260031, 1.0, 0.0, 0.0, 0.918294321742, 0.0, 0.908122585845, 0.000172721217386, 0.00662081409182, 0.0210143944266, 3.39040807657e-05, 0.0162388733062, 0.0, 1.0, 1.0, 1.0, 0.0, 3.26374832399e-05, 0.0205428326447, 0.0, 0.00184760249875, 0.0, 7.71652232082e-05, 0.99096499951, 0.0, 0.0, 0.934261134733, 0.0, 29, 1, 5.80502182723
0.0232113260031, 1.0, 0.0, 0.0, 0.918591198766, 0.0, 0.908122585845, 0.0155073695991, 0.951489365752, 0.0214323927173, 3.39128156346e-05, 0.0162388733062, 0.0115094899997, 1.0, 0.999999166323, 1.0, 6.52940266245e-05, 3.3008131668e-05, 0.0160330873691, 0.0, 0.00184760249875, 9.76569866058e-07, 9.13723063231e-05, 0.990848510261, 0.0, 0.0, 0.933353088977, 0.0, 28, 1, 6.56845807024
0.0234264588331, 0.999999891211, 0.0414070528786, 0.0, 0.94871816799, 0.00648435971746, 0.012588871909, 7.92223338986e-07, 0.972965544549, 0.0213881669645, 3.3971822778e-05, 0.000183094060144, 8.71075485656e-05, 0.0113278118751, 0.999953902755, 1.0, 0.000234747179389, 4.25493159039e-07, 0.982245284158, 0.0221642509496, 0.00512470351326, 0.000122601568423, 0.0110891202418, 0.993932048948, 0.940536501951, 0.0, 0.827108220557, 0.0, 25, 0, 7.00829763594
0.0234264588331, 0.999999891211, 0.0414070528786, 0.0, 0.94871816799, 0.00648435971746, 0.012588871909, 7.92223338986e-07, 0.972965544549, 0.0213881669645, 3.3971822778e-05, 0.000183094060144, 8.71075485656e-05, 0.0113278118751, 0.999953902755, 1.0, 0.000234747179389, 4.25493159039e-07, 0.982245284158, 0.0221642509496, 0.00512470351326, 0.000122601568423, 0.0110891202418, 0.993932048948, 0.940536501951, 0.0, 0.827108220557, 0.0, 25, 0, 7.00829763594
0.0234264588331, 0.999999891211, 0.0414070528786, 0.0, 0.94871816799, 0.00648435971746, 0.012588871909, 7.92223338986e-07, 0.972965544549, 0.0213881669645, 3.3971822778e-05, 0.000183094060144, 8.71075485656e-05, 0.0113278118751, 0.999953902755, 1.0, 0.000234747179389, 4.25493159039e-07, 0.982245284158, 0.0221642509496, 0.00512470351326, 0.000122601568423, 0.0110891202418, 0.993932048948, 0.940536501951, 0.0, 0.827108220557, 0.0, 25, 0, 7.00829763594
0.922582995627, 0.960264841581, 0.055233587564, 0.978442140561, 0.963412325434, 0.890843439497, 0.891423328334, 0.0156940902204, 0.943723880838, 0.0202799998502, 0.0171378587017, 0.0, 0.015024386602, 0.0113276387255, 0.999996617072, 1.0, 0.0122106652812, 0.952996830744, 0.999773033711, 0.964530960778, 0.99865444547, 0.000122553989683, 0.0108705316032, 0.991219001883, 0.988873682209, 0.00873871492994, 0.934951159394, 0.0, 11, 0, 12.2916252979
0.0180018851778, 0.993470013369, 6.61905715582e-06, 0.0, 0.893566441645, 0.950042256813, 0.0698201444095, 0.0159294485409, 0.971954277518, 0.0209446893027, 3.32883376632e-05, 0.996407224766, 0.0053232788281, 0.0115996689001, 0.999998213928, 1.0, 0.0278519552432, 3.992963402e-05, 0.935912781379, 0.970890801533, 0.960355470245, 0.00510398602005, 0.00941374789729, 0.991010809759, 0.0165919715167, 9.18268498375e-07, 0.932871969077, 0.0174450526602, 16, 1, 8.69824323489
0.0234264588331, 0.999566847972, 0.0414070528786, 0.0, 0.94871816799, 0.00648435971746, 0.012588871909, 7.92223338986e-07, 0.972965544549, 0.0213881669645, 3.3971822778e-05, 0.00250572905234, 8.71075485656e-05, 0.0113278118751, 0.999953912072, 1.0, 0.000234747179389, 4.23156821094e-07, 0.979844972853, 0.0120440656033, 0.00512470351326, 0.00495426081142, 0.0110891202418, 0.999575008881, 0.00590350067124, 3.96289806431e-10, 0.827108220557, 0.0, 26, 0, 6.59684588987
0.922582995627, 0.999971222012, 0.000762707212327, 0.00198711972319, 0.944657224444, 0.883699029684, 0.891423328334, 0.0156930771612, 0.971770941159, 0.0202790980125, 0.0175361030754, 0.971901459692, 0.0151012515156, 0.0113276387255, 0.9999966247, 1.0, 0.0124796556355, 0.952996830744, 0.940795817494, 0.920568631297, 0.999050586396, 0.0134930833689, 0.00940477547743, 0.991262744796, 0.970015416179, 0.0091516744504, 0.934973027826, 3.72920998027e-09, 10, 1, 11.8875629458
0.935915390977, 0.99344802723, 6.61778171885e-06, 0.0, 0.89353333953, 0.950164072756, 0.0678568726543, 0.015929240036, 0.971861026211, 0.0290499535433, 3.32883376632e-05, 0.991725721086, 0.00532294035278, 0.0115893691615, 0.99999821502, 1.0, 0.00584707854153, 3.91179112415e-05, 0.939858885511, 0.998410383441, 0.959031953793, 0.01253157219, 0.00941233833335, 0.991010809759, 0.924061041235, 9.18268498375e-07, 0.932940474229, 0.101749621552, 12, 1, 10.6197158948
0.935915390977, 0.99344802723, 6.61778171885e-06, 0.0, 0.89353333953, 0.950164072756, 0.0678568726543, 0.015929240036, 0.971861026211, 0.0290499535433, 3.32883376632e-05, 0.991725721086, 0.00532294035278, 0.0115893691615, 0.99999821502, 1.0, 0.00584707854153, 3.91179112415e-05, 0.939858885511, 0.998410383441, 0.959031953793, 0.01253157219, 0.00941233833335, 0.991010809759, 0.924061041235, 9.18268498375e-07, 0.932940474229, 0.101749621552, 12, 1, 10.6197158948
0.963040200306, 0.99285438254, 0.0, 0.996098184111, 0.917628260397, 0.908670751362, 0.904217492265, 0.0156939554513, 0.971980790669, 0.984087951409, 3.43083511972e-05, 0.0, 0.00544311677545, 0.011327639842, 0.99995370038, 1.0, 0.0124433377678, 0.000128409267381, 0.946958219282, 0.970868164237, 0.960355470245, 0.000127255585133, 0.0103901760037, 0.990887286838, 0.942212948445, 8.96839048293e-05, 0.934975319872, 0.0175267531647, 11, 0, 12.3877261513
0.031974220813, 0.993206675974, 6.43949829846e-06, 0.000200634625423, 0.89359977551, 0.0532255628651, 0.066604063988, 0.015929240036, 0.971803306687, 0.000891975106486, 0.0249344440319, 0.996283969946, 0.00572006349832, 0.0115893691615, 0.999998214977, 1.0, 0.0278521737943, 1.21827187671e-06, 0.939858983404, 0.970580156216, 0.959506828848, 0.0127593265792, 0.00941230727579, 0.999960961137, 0.00259562726829, 9.18268498375e-07, 0.932872562483, 0.103327745986, 17, 1, 8.22221226847
0.0234985490094, 0.999999891211, 0.0414070528786, 0.0, 0.94871816799, 0.00648435971746, 0.0317332669077, 7.92223338986e-07, 0.972965544549, 0.0210386639309, 3.3971822778e-05, 0.000183094060144, 0.000847051652539, 0.0127050667704, 0.999953529381, 1.0, 0.000234747179389, 4.25493159039e-07, 0.939960703442, 0.053672536288, 0.00576064849479, 0.0128593342901, 0.0110891202418, 0.993932048948, 0.00729443548882, 0.0, 0.844603649282, 0.107407088181, 26, 0, 6.59684588987
0.0234985490094, 0.999999891211, 0.0414070528786, 0.0, 0.94871816799, 0.00648435971746, 0.0317332669077, 7.92223338986e-07, 0.972965544549, 0.0210386639309, 3.3971822778e-05, 0.000183094060144, 0.000847051652539, 0.0127050667704, 0.999953529381, 1.0, 0.000234747179389, 4.25493159039e-07, 0.939960703442, 0.053672536288, 0.00576064849479, 0.0128593342901, 0.0110891202418, 0.993932048948, 0.00729443548882, 0.0, 0.844603649282, 0.107407088181, 26, 0, 6.59684588987
0.0234985490094, 0.999999891211, 0.0414070528786, 0.0, 0.94871816799, 0.00648435971746, 0.0317332669077, 7.92223338986e-07, 0.972965544549, 0.0210386639309, 3.3971822778e-05, 0.000183094060144, 0.000847051652539, 0.0127050667704, 0.999953529381, 1.0, 0.000234747179389, 4.25493159039e-07, 0.939960703442, 0.053672536288, 0.00576064849479, 0.0128593342901, 0.0110891202418, 0.993932048948, 0.00729443548882, 0.0, 0.844603649282, 0.107407088181, 26, 0, 6.59684588987
0.031974220813, 0.992986540503, 0.000483899251073, 1.74591315186e-06, 0.916425821309, 0.00379988794201, 0.0321704255, 0.0150602813855, 0.971796791385, 0.00412173243874, 0.000272303547464, 0.0123809183319, 0.0494396091512, 0.112171319363, 0.999953791586, 1.0, 0.0149310470563, 1.42996226922e-09, 0.974447211723, 0.903825939161, 0.960735896217, 0.0124294785171, 0.0103918539454, 0.993946399578, 0.0150730216137, 9.18268498375e-07, 0.845013671149, 0.107687104798, 21, 0, 7.02289425844
0.935915390977, 0.999857373722, 0.000742503960331, 0.0, 0.89353333953, 0.950164072756, 0.0696360305369, 0.015929240036, 0.97186078424, 0.0290499535433, 3.32883376632e-05, 0.971103715577, 0.0154992476122, 0.0113298590344, 0.999998214977, 1.0, 0.0052155281454, 0.954636559938, 0.938533138983, 0.970580156216, 0.998775045117, 0.0125419149067, 0.00941233833335, 0.991263553767, 0.958074299786, 0.00915292144604, 0.932878472756, 0.101749621552, 11, 1, 11.2176239039
0.936101317599, 0.992867619951, 9.39510797411e-06, 0.995992228221, 0.89291877815, 0.950502071411, 0.886666776368, 0.015929240036, 0.971862367226, 0.972486717084, 3.32883376632e-05, 0.955450396862, 0.00558559012599, 0.0113276713877, 0.999998214977, 1.0, 0.0052155281454, 0.954636559938, 0.938516361947, 0.970580156216, 0.960933414354, 0.000138458087064, 0.00941233833335, 0.990878841566, 0.957510840768, 0.00915292144604, 0.93519287162, 0.102178913598, 6, 1, 14.1849521704
0.936101317599, 0.992867619951, 9.39510797411e-06, 0.995992228221, 0.89291877815, 0.950502071411, 0.886666776368, 0.015929240036, 0.971862367226, 0.972486717084, 3.32883376632e-05, 0.955450396862, 0.00558559012599, 0.0113276713877, 0.999998214977, 1.0, 0.0052155281454, 0.954636559938, 0.938516361947, 0.970580156216, 0.960933414354, 0.000138458087064, 0.00941233833335, 0.990878841566, 0.957510840768, 0.00915292144604, 0.93519287162, 0.102178913598, 6, 1, 14.1849521704
0.936101317599, 0.992867619951, 9.39510797411e-06, 0.995992228221, 0.89291877815, 0.950502071411, 0.886666776368, 0.015929240036, 0.971862367226, 0.972486717084, 3.32883376632e-05, 0.955450396862, 0.00558559012599, 0.0113276713877, 0.999998214977, 1.0, 0.0052155281454, 0.954636559938, 0.938516361947, 0.970580156216, 0.960933414354, 0.000138458087064, 0.00941233833335, 0.990878841566, 0.957510840768, 0.00915292144604, 0.93519287162, 0.102178913598, 6, 1, 14.1849521704
0.936101317599, 0.992867619951, 9.39510797411e-06, 0.995992228221, 0.89291877815, 0.950502071411, 0.886666776368, 0.015929240036, 0.971862367226, 0.972486717084, 3.32883376632e-05, 0.955450396862, 0.00558559012599, 0.0113276713877, 0.999998214977, 1.0, 0.0052155281454, 0.954636559938, 0.938516361947, 0.970580156216, 0.960933414354, 0.000138458087064, 0.00941233833335, 0.990878841566, 0.957510840768, 0.00915292144604, 0.93519287162, 0.102178913598, 6, 1, 14.1849521704
0.936101317599, 0.992867619951, 9.39510797411e-06, 0.995992228221, 0.89291877815, 0.950502071411, 0.886666776368, 0.015929240036, 0.971862367226, 0.972486717084, 3.32883376632e-05, 0.955450396862, 0.00558559012599, 0.0113276713877, 0.999998214977, 1.0, 0.0052155281454, 0.954636559938, 0.938516361947, 0.970580156216, 0.960933414354, 0.000138458087064, 0.00941233833335, 0.990878841566, 0.957510840768, 0.00915292144604, 0.93519287162, 0.102178913598, 6, 1, 14.1849521704
0.936101317599, 0.992867619951, 9.39510797411e-06, 0.995992228221, 0.89291877815, 0.950502071411, 0.886666776368, 0.015929240036, 0.971862367226, 0.972486717084, 3.32883376632e-05, 0.955450396862, 0.00558559012599, 0.0113276713877, 0.999998214977, 1.0, 0.0052155281454, 0.954636559938, 0.938516361947, 0.970580156216, 0.960933414354, 0.000138458087064, 0.00941233833335, 0.990878841566, 0.957510840768, 0.00915292144604, 0.93519287162, 0.102178913598, 6, 1, 14.1849521704
0.936101317599, 0.992867619951, 9.39510797411e-06, 0.995992228221, 0.89291877815, 0.950502071411, 0.886666776368, 0.015929240036, 0.971862367226, 0.972486717084, 3.32883376632e-05, 0.955450396862, 0.00558559012599, 0.0113276713877, 0.999998214977, 1.0, 0.0052155281454, 0.954636559938, 0.938516361947, 0.970580156216, 0.960933414354, 0.000138458087064, 0.00941233833335, 0.990878841566, 0.957510840768, 0.00915292144604, 0.93519287162, 0.102178913598, 6, 1, 14.1849521704
0.936101317599, 0.992867619951, 9.39510797411e-06, 0.995992228221, 0.89291877815, 0.950502071411, 0.886666776368, 0.015929240036, 0.971862367226, 0.972486717084, 3.32883376632e-05, 0.955450396862, 0.00558559012599, 0.0113276713877, 0.999998214977, 1.0, 0.0052155281454, 0.954636559938, 0.938516361947, 0.970580156216, 0.960933414354, 0.000138458087064, 0.00941233833335, 0.990878841566, 0.957510840768, 0.00915292144604, 0.93519287162, 0.102178913598, 6, 1, 14.1849521704
0.936101317599, 0.992867619951, 9.39510797411e-06, 0.995992228221, 0.89291877815, 0.950502071411, 0.886666776368, 0.015929240036, 0.971862367226, 0.972486717084, 3.32883376632e-05, 0.955450396862, 0.00558559012599, 0.0113276713877, 0.999998214977, 1.0, 0.0052155281454, 0.954636559938, 0.938516361947, 0.970580156216, 0.960933414354, 0.000138458087064, 0.00941233833335, 0.990878841566, 0.957510840768, 0.00915292144604, 0.93519287162, 0.102178913598, 6, 1, 14.1849521704
0.936101317599, 0.992867619951, 9.39510797411e-06, 0.995992228221, 0.89291877815, 0.950502071411, 0.886666776368, 0.015929240036, 0.971862367226, 0.972486717084, 3.32883376632e-05, 0.955450396862, 0.00558559012599, 0.0113276713877, 0.999998214977, 1.0, 0.0052155281454, 0.954636559938, 0.938516361947, 0.970580156216, 0.960933414354, 0.000138458087064, 0.00941233833335, 0.990878841566, 0.957510840768, 0.00915292144604, 0.93519287162, 0.102178913598, 6, 1, 14.1849521704
0.936101317599, 0.992867619951, 9.39510797411e-06, 0.995992228221, 0.89291877815, 0.950502071411, 0.886666776368, 0.015929240036, 0.971862367226, 0.972486717084, 3.32883376632e-05, 0.955450396862, 0.00558559012599, 0.0113276713877, 0.999998214977, 1.0, 0.0052155281454, 0.954636559938, 0.938516361947, 0.970580156216, 0.960933414354, 0.000138458087064, 0.00941233833335, 0.990878841566, 0.957510840768, 0.00915292144604, 0.93519287162, 0.102178913598, 6, 1, 14.1849521704
0.936101317599, 0.992867619951, 9.39510797411e-06, 0.995992228221, 0.89291877815, 0.950502071411, 0.886666776368, 0.015929240036, 0.971862367226, 0.972486717084, 3.32883376632e-05, 0.955450396862, 0.00558559012599, 0.0113276713877, 0.999998214977, 1.0, 0.0052155281454, 0.954636559938, 0.938516361947, 0.970580156216, 0.960933414354, 0.000138458087064, 0.00941233833335, 0.990878841566, 0.957510840768, 0.00915292144604, 0.93519287162, 0.102178913598, 6, 1, 14.1849521704
0.936101317599, 0.992867619951, 9.39510797411e-06, 0.995992228221, 0.89291877815, 0.950502071411, 0.886666776368, 0.015929240036, 0.971862367226, 0.972486717084, 3.32883376632e-05, 0.955450396862, 0.00558559012599, 0.0113276713877, 0.999998214977, 1.0, 0.0052155281454, 0.954636559938, 0.938516361947, 0.970580156216, 0.960933414354, 0.000138458087064, 0.00941233833335, 0.990878841566, 0.957510840768, 0.00915292144604, 0.93519287162, 0.102178913598, 6, 1, 14.1849521704
0.88309397303, 0.993202315215, 6.44213986554e-06, 0.0, 0.953087434529, 0.955378481776, 0.0696360305369, 0.015929240036, 0.97180249799, 0.000688844103824, 3.32883376632e-05, 0.991707429882, 0.00532291470086, 0.0115893691615, 0.999998214977, 1.0, 0.0052155281454, 3.99097282777e-05, 0.939809756746, 0.970580156216, 0.95949778547, 0.0125351473385, 0.00941233794696, 0.991140748241, 0.0250410879968, 9.18268498375e-07, 0.932872562483, 0.103399112371, 13, 1, 10.2082641487
0.88309397303, 0.993202315215, 6.44213986554e-06, 0.0, 0.953087434529, 0.955378481776, 0.0696360305369, 0.015929240036, 0.97180249799, 0.000688844103824, 3.32883376632e-05, 0.991707429882, 0.00532291470086, 0.0115893691615, 0.999998214977, 1.0, 0.0052155281454, 3.99097282777e-05, 0.939809756746, 0.970580156216, 0.95949778547, 0.0125351473385, 0.00941233794696, 0.991140748241, 0.0250410879968, 9.18268498375e-07, 0.932872562483, 0.103399112371, 13, 1, 10.2082641487
0.88309397303, 0.993202315215, 6.44213986554e-06, 0.0, 0.953087434529, 0.955378481776, 0.0696360305369, 0.015929240036, 0.97180249799, 0.000688844103824, 3.32883376632e-05, 0.991707429882, 0.00532291470086, 0.0115893691615, 0.999998214977, 1.0, 0.0052155281454, 3.99097282777e-05, 0.939809756746, 0.970580156216, 0.95949778547, 0.0125351473385, 0.00941233794696, 0.991140748241, 0.0250410879968, 9.18268498375e-07, 0.932872562483, 0.103399112371, 13, 1, 10.2082641487
0.88309397303, 0.993202315215, 6.44213986554e-06, 0.0, 0.953087434529, 0.955378481776, 0.0696360305369, 0.015929240036, 0.97180249799, 0.000688844103824, 3.32883376632e-05, 0.991707429882, 0.00532291470086, 0.0115893691615, 0.999998214977, 1.0, 0.0052155281454, 3.99097282777e-05, 0.939809756746, 0.970580156216, 0.95949778547, 0.0125351473385, 0.00941233794696, 0.991140748241, 0.0250410879968, 9.18268498375e-07, 0.932872562483, 0.103399112371, 13, 1, 10.2082641487
0.88309397303, 0.993202315215, 6.44213986554e-06, 0.0, 0.953087434529, 0.955378481776, 0.0696360305369, 0.015929240036, 0.97180249799, 0.000688844103824, 3.32883376632e-05, 0.991707429882, 0.00532291470086, 0.0115893691615, 0.999998214977, 1.0, 0.0052155281454, 3.99097282777e-05, 0.939809756746, 0.970580156216, 0.95949778547, 0.0125351473385, 0.00941233794696, 0.991140748241, 0.0250410879968, 9.18268498375e-07, 0.932872562483, 0.103399112371, 13, 1, 10.2082641487
0.88309397303, 0.993202315215, 6.44213986554e-06, 0.0, 0.953087434529, 0.955378481776, 0.0696360305369, 0.015929240036, 0.97180249799, 0.000688844103824, 3.32883376632e-05, 0.991707429882, 0.00532291470086, 0.0115893691615, 0.999998214977, 1.0, 0.0052155281454, 3.99097282777e-05, 0.939809756746, 0.970580156216, 0.95949778547, 0.0125351473385, 0.00941233794696, 0.991140748241, 0.0250410879968, 9.18268498375e-07, 0.932872562483, 0.103399112371, 13, 1, 10.2082641487
0.88309397303, 0.993202315215, 6.44213986554e-06, 0.0, 0.953087434529, 0.955378481776, 0.0696360305369, 0.015929240036, 0.97180249799, 0.000688844103824, 3.32883376632e-05, 0.991707429882, 0.00532291470086, 0.0115893691615, 0.999998214977, 1.0, 0.0052155281454, 3.99097282777e-05, 0.939809756746, 0.970580156216, 0.95949778547, 0.0125351473385, 0.00941233794696, 0.991140748241, 0.0250410879968, 9.18268498375e-07, 0.932872562483, 0.103399112371, 13, 1, 10.2082641487
0.88309397303, 0.993202315215, 6.44213986554e-06, 0.0, 0.953087434529, 0.955378481776, 0.0696360305369, 0.015929240036, 0.97180249799, 0.000688844103824, 3.32883376632e-05, 0.991707429882, 0.00532291470086, 0.0115893691615, 0.999998214977, 1.0, 0.0052155281454, 3.99097282777e-05, 0.939809756746, 0.970580156216, 0.95949778547, 0.0125351473385, 0.00941233794696, 0.991140748241, 0.0250410879968, 9.18268498375e-07, 0.932872562483, 0.103399112371, 13, 1, 10.2082641487
0.88309397303, 0.993202315215, 6.44213986554e-06, 0.0, 0.953087434529, 0.955378481776, 0.0696360305369, 0.015929240036, 0.97180249799, 0.000688844103824, 3.32883376632e-05, 0.991707429882, 0.00532291470086, 0.00129854030377, 0.999998214977, 1.0, 0.0052155281454, 3.99097282777e-05, 0.939809756746, 0.970580156216, 0.95949778547, 0.0125351473385, 0.00941233794696, 0.991140748241, 0.0250410879968, 9.18268498375e-07, 0.932872562483, 0.103399112371, 13, 1, 10.2082641487
0.88309397303, 0.993202315215, 6.44213986554e-06, 0.0, 0.953087434529, 0.955378481776, 0.0696360305369, 0.015929240036, 0.97180249799, 0.000688844103824, 3.32883376632e-05, 0.991707429882, 0.00532291470086, 0.00129854030377, 0.999998214977, 1.0, 0.0052155281454, 3.99097282777e-05, 0.939809756746, 0.970580156216, 0.95949778547, 0.0125351473385, 0.00941233794696, 0.991140748241, 0.0250410879968, 9.18268498375e-07, 0.932872562483, 0.103399112371, 13, 1, 10.2082641487
0.88309397303, 0.993202315215, 6.44213986554e-06, 0.0, 0.953087434529, 0.955378481776, 0.0696360305369, 0.015929240036, 0.97180249799, 0.000688844103824, 3.32883376632e-05, 0.991707429882, 0.00532291470086, 0.00129854030377, 0.999998214977, 1.0, 0.0052155281454, 3.99097282777e-05, 0.939809756746, 0.970580156216, 0.95949778547, 0.0125351473385, 0.00941233794696, 0.991140748241, 0.0250410879968, 9.18268498375e-07, 0.932872562483, 0.103399112371, 13, 1, 10.2082641487
0.88309397303, 0.993202315215, 6.44213986554e-06, 0.0, 0.953087434529, 0.955378481776, 0.0696360305369, 0.015929240036, 0.97180249799, 0.000688844103824, 3.32883376632e-05, 0.991707429882, 0.00532291470086, 0.00129854030377, 0.999998214977, 1.0, 0.0052155281454, 3.99097282777e-05, 0.939809756746, 0.970580156216, 0.95949778547, 0.0125351473385, 0.00941233794696, 0.991140748241, 0.0250410879968, 9.18268498375e-07, 0.932872562483, 0.103399112371, 13, 1, 10.2082641487
0.88309397303, 0.993202315215, 6.44213986554e-06, 0.0, 0.953087434529, 0.955378481776, 0.0696360305369, 0.015929240036, 0.97180249799, 0.000688844103824, 3.32883376632e-05, 0.991707429882, 0.00532291470086, 0.00129854030377, 0.999998214977, 1.0, 0.0052155281454, 3.99097282777e-05, 0.939809756746, 0.970580156216, 0.95949778547, 0.0125351473385, 0.00941233794696, 0.991140748241, 0.0250410879968, 9.18268498375e-07, 0.932872562483, 0.103399112371, 13, 1, 10.2082641487
0.88309397303, 0.993202315215, 6.44213986554e-06, 0.0, 0.953087434529, 0.955378481776, 0.0696360305369, 0.015929240036, 0.97180249799, 0.000688844103824, 3.32883376632e-05, 0.991707429882, 0.00532291470086, 0.00129854030377, 0.999998214977, 1.0, 0.0052155281454, 3.99097282777e-05, 0.939809756746, 0.970580156216, 0.95949778547, 0.0125351473385, 0.00941233794696, 0.991140748241, 0.0250410879968, 9.18268498375e-07, 0.932872562483, 0.103399112371, 13, 1, 10.2082641487
0.88309397303, 0.993202315215, 6.44213986554e-06, 0.0, 0.953087434529, 0.955378481776, 0.0696360305369, 0.015929240036, 0.97180249799, 0.000688844103824, 3.32883376632e-05, 0.991707429882, 0.00532291470086, 0.0327187134479, 0.999998214977, 1.0, 0.0052155281454, 3.99097282777e-05, 0.939809756746, 0.970580156216, 0.95949778547, 0.0125351473385, 0.00941233794696, 0.991140748241, 0.0250410879968, 9.18268498375e-07, 0.932872562483, 0.103399112371, 13, 1, 10.2082641487
0.935915390977, 0.999857373722, 2.12333115357e-05, 0.00678001361956, 0.89353333953, 0.950549014831, 0.0696360305369, 0.015929240036, 0.971860803372, 0.960312458646, 3.32883376632e-05, 0.970904529358, 0.0154992476122, 0.0113276980851, 0.999998214977, 1.0, 0.0052155281454, 0.954636559938, 0.938516405331, 0.970580156216, 0.961412726846, 0.000270231437454, 0.00941233833335, 0.991263553767, 0.958074299786, 0.00915292144604, 0.932878472756, 0.101749621552, 10, 2, 11.9116327663
0.935915390977, 0.999857373722, 2.12333115357e-05, 0.00678001361956, 0.89353333953, 0.950549014831, 0.0696360305369, 0.015929240036, 0.971860803372, 0.960312458646, 3.32883376632e-05, 0.970904529358, 0.0154992476122, 0.0113276980851, 0.999998214977, 1.0, 0.0052155281454, 0.954636559938, 0.938516405331, 0.970580156216, 0.961412726846, 0.000270231437454, 0.00941233833335, 0.991263553767, 0.958074299786, 0.00915292144604, 0.932878472756, 0.101749621552, 10, 2, 11.9116327663
0.937043183284, 0.999857373722, 2.12333115357e-05, 0.00672216207096, 0.892114887396, 0.950549014831, 0.0696360305369, 0.015929240036, 0.963531433573, 0.955896857554, 3.32883376632e-05, 0.991499182606, 0.0156795090126, 0.000195960248334, 0.999998214977, 1.0, 0.0052155281454, 0.954636559938, 0.939795909057, 0.970580156216, 0.961412726846, 0.000270231437454, 0.00941233833335, 0.991263553767, 0.0392709195403, 0.000111446674816, 0.932878472756, 0.103434166522, 11, 2, 11.5001810203
0.937043183284, 0.999857373722, 2.12333115357e-05, 0.00672216207096, 0.892114887396, 0.950549014831, 0.0696360305369, 0.015929240036, 0.963531433573, 0.955896857554, 3.32883376632e-05, 0.991499182606, 0.0156795090126, 0.000195960248334, 0.999998214977, 1.0, 0.0052155281454, 0.954636559938, 0.939795909057, 0.970580156216, 0.961412726846, 0.000270231437454, 0.00941233833335, 0.991263553767, 0.0392709195403, 0.000111446674816, 0.932878472756, 0.103434166522, 11, 2, 11.5001810203
0.937043183284, 0.999857373722, 2.12333115357e-05, 0.00672216207096, 0.892114887396, 0.950549014831, 0.0696360305369, 0.015929240036, 0.963531433573, 0.955896857554, 3.32883376632e-05, 0.991499182606, 0.0156795090126, 0.000195960248334, 0.999998214977, 1.0, 0.0052155281454, 0.954636559938, 0.939795909057, 0.970580156216, 0.961412726846, 0.000270231437454, 0.00941233833335, 0.991263553767, 0.0392709195403, 0.000111446674816, 0.932878472756, 0.103434166522, 11, 2, 11.5001810203
0.937043183284, 0.999857373722, 2.12333115357e-05, 0.00672216207096, 0.892114887396, 0.950549014831, 0.0696360305369, 0.015929240036, 0.963531433573, 0.955896857554, 3.32883376632e-05, 0.991499182606, 0.0156795090126, 0.000195960248334, 0.999998214977, 1.0, 0.0052155281454, 0.954636559938, 0.939795909057, 0.970580156216, 0.961412726846, 0.000270231437454, 0.00941233833335, 0.991263553767, 0.0392709195403, 0.000111446674816, 0.932878472756, 0.103434166522, 11, 2, 11.5001810203
0.937043183284, 0.999857373722, 2.12333115357e-05, 0.00672216207096, 0.892114887396, 0.950549014831, 0.0696360305369, 0.015929240036, 0.963531433573, 0.955896857554, 3.32883376632e-05, 0.991499182606, 0.0156795090126, 0.000195960248334, 0.999998214977, 1.0, 0.0052155281454, 0.954636559938, 0.939795909057, 0.970580156216, 0.961412726846, 0.000270231437454, 0.00941233833335, 0.991263553767, 0.0392709195403, 0.000111446674816, 0.932878472756, 0.103434166522, 11, 2, 11.5001810203
0.937043183284, 0.999857373722, 2.12333115357e-05, 0.00672216207096, 0.892114887396, 0.950549014831, 0.0696360305369, 0.015929240036, 0.963531433573, 0.955896857554, 3.32883376632e-05, 0.991499182606, 0.0156795090126, 0.000195960248334, 0.999998214977, 1.0, 0.0052155281454, 0.954636559938, 0.939795909057, 0.970580156216, 0.961412726846, 0.000270231437454, 0.00941233833335, 0.991263553767, 0.0392709195403, 0.000111446674816, 0.932878472756, 0.103434166522, 11, 2, 11.5001810203
0.937043183284, 0.999857373722, 2.12333115357e-05, 0.00672216207096, 0.892114887396, 0.950549014831, 0.0696360305369, 0.015929240036, 0.963531433573, 0.955896857554, 3.32883376632e-05, 0.991499182606, 0.0156795090126, 0.000195960248334, 0.999998214977, 1.0, 0.0052155281454, 0.954636559938, 0.939795909057, 0.970580156216, 0.961412726846, 0.000270231437454, 0.00941233833335, 0.991263553767, 0.0392709195403, 0.000111446674816, 0.932878472756, 0.103434166522, 11, 2, 11.5001810203
0.0234270569486, 0.999999891211, 0.0414070528786, 0.0, 0.94871816799, 0.00648435971746, 0.012588871909, 7.92223338986e-07, 0.972965544549, 0.0213881669645, 3.3971822778e-05, 0.000183094060144, 2.24297049236e-05, 0.0113278118751, 0.999953902755, 1.0, 0.000234747179389, 4.25493159039e-07, 0.981303676218, 0.0521739571766, 0.00512470351326, 5.41998288506e-05, 0.0110891202418, 0.993932048948, 0.0192632772712, 0.0, 0.827108220557, 0.0, 26, 0, 6.59684588987
0.0234270569486, 0.999999891211, 0.0414070528786, 0.0, 0.94871816799, 0.00648435971746, 0.012588871909, 7.92223338986e-07, 0.972965544549, 0.0213881669645, 3.3971822778e-05, 0.000183094060144, 2.24297049236e-05, 0.0113278118751, 0.999953902755, 1.0, 0.000234747179389, 4.25493159039e-07, 0.981303676218, 0.0521739571766, 0.00512470351326, 5.41998288506e-05, 0.0110891202418, 0.993932048948, 0.0192632772712, 0.0, 0.827108220557, 0.0, 26, 0, 6.59684588987
0.023565681653, 0.992913071826, 0.000483899251073, 0.000200634625423, 0.946759928148, 0.0532255628651, 0.0317367035495, 0.0159288686925, 0.971803306687, 0.000891975106486, 2.89471743209e-05, 0.00596401970729, 0.00143217981876, 0.111847056578, 0.999954228472, 1.0, 0.125424789313, 1.55614547488e-06, 0.939959879863, 0.0337514018557, 0.960095736726, 0.0124294785171, 7.42745132744e-06, 0.990992831284, 0.00259562726829, 9.18268498375e-07, 0.845013671149, 0.107697552577, 22, 0, 6.9929152417
0.938690421012, 0.993372737218, 6.44296761736e-06, 2.20734758519e-05, 0.89353333953, 0.950164072756, 0.0696360305369, 0.0156881213808, 0.971860124258, 0.000774100152968, 0.000240394243683, 0.991031119069, 0.00532291470086, 0.0115893691615, 0.999996627472, 1.0, 0.0120454363828, 3.99097282777e-05, 0.939809756746, 0.895438642015, 0.959033043136, 0.0134766940376, 0.00941233833335, 0.991008863318, 0.0250410879968, 0.0498326134957, 0.932872498176, 0.0957780750363, 13, 1, 10.2082641487
0.935670390573, 0.993202315215, 2.13886050585e-05, 0.00669761769635, 0.893223893685, 0.955378481776, 0.0696360305369, 0.015929240036, 0.97180249799, 0.956275116545, 3.32883376632e-05, 0.991707429882, 0.00521666986642, 0.00145536099199, 0.999998214977, 1.0, 0.0052155281454, 3.99097282777e-05, 0.939809756746, 0.970580156216, 0.95949778547, 0.0125351473385, 0.00941233794696, 0.991261517509, 0.0250410879968, 9.18268498375e-07, 0.956362032397, 0.103388338966, 12, 2, 10.9022730112
0.935670390573, 0.993202315215, 2.13886050585e-05, 0.00669761769635, 0.893223893685, 0.955378481776, 0.0696360305369, 0.015929240036, 0.97180249799, 0.956275116545, 3.32883376632e-05, 0.991707429882, 0.00521666986642, 0.00145536099199, 0.999998214977, 1.0, 0.0052155281454, 3.99097282777e-05, 0.939809756746, 0.970580156216, 0.95949778547, 0.0125351473385, 0.00941233794696, 0.991261517509, 0.0250410879968, 9.18268498375e-07, 0.956362032397, 0.103388338966, 12, 2, 10.9022730112
0.935670390573, 0.993202315215, 2.13886050585e-05, 0.00669761769635, 0.893223893685, 0.955378481776, 0.0696360305369, 0.015929240036, 0.97180249799, 0.956275116545, 3.32883376632e-05, 0.991707429882, 0.00521666986642, 0.00145536099199, 0.999998214977, 1.0, 0.0052155281454, 3.99097282777e-05, 0.939809756746, 0.970580156216, 0.95949778547, 0.0125351473385, 0.00941233794696, 0.991261517509, 0.0250410879968, 9.18268498375e-07, 0.956362032397, 0.103388338966, 12, 2, 10.9022730112
0.935670390573, 0.993202315215, 2.13886050585e-05, 0.00669761769635, 0.893223893685, 0.955378481776, 0.0696360305369, 0.015929240036, 0.97180249799, 0.956275116545, 3.32883376632e-05, 0.991707429882, 0.00521666986642, 0.00145536099199, 0.999998214977, 1.0, 0.0052155281454, 3.99097282777e-05, 0.939809756746, 0.970580156216, 0.95949778547, 0.0125351473385, 0.00941233794696, 0.991261517509, 0.0250410879968, 9.18268498375e-07, 0.956362032397, 0.103388338966, 12, 2, 10.9022730112
0.935670390573, 0.993202315215, 2.13886050585e-05, 0.00669761769635, 0.893223893685, 0.955378481776, 0.0696360305369, 0.015929240036, 0.97180249799, 0.956275116545, 3.32883376632e-05, 0.991707429882, 0.00521666986642, 0.00145536099199, 0.999998214977, 1.0, 0.0052155281454, 3.99097282777e-05, 0.939809756746, 0.970580156216, 0.95949778547, 0.0125351473385, 0.00941233794696, 0.991261517509, 0.0250410879968, 9.18268498375e-07, 0.956362032397, 0.103388338966, 12, 2, 10.9022730112
0.937043183284, 0.999857373722, 2.12333115357e-05, 0.00672216207096, 0.892114887396, 0.950549014831, 0.0696360305369, 0.015929240036, 0.963531433573, 0.955896857554, 3.32883376632e-05, 0.991499182606, 0.0156795090126, 0.000195960248334, 0.999998214977, 1.0, 0.0052155281454, 0.954636559938, 0.939795909057, 0.970580156216, 0.961412726846, 0.000270231437454, 0.00941233833335, 0.991263553767, 0.0392709195403, 8.42503074871e-05, 0.932878472756, 0.103434166522, 11, 2, 11.5001810203
0.937043183284, 0.999857373722, 2.12333115357e-05, 0.00672216207096, 0.892114887396, 0.950549014831, 0.0696360305369, 0.015929240036, 0.963531433573, 0.955896857554, 3.32883376632e-05, 0.991499182606, 0.0156795090126, 0.000195960248334, 0.999998214977, 1.0, 0.0052155281454, 0.954636559938, 0.939795909057, 0.970580156216, 0.961412726846, 0.000270231437454, 0.00941233833335, 0.991263553767, 0.0392709195403, 8.42503074871e-05, 0.932878472756, 0.103434166522, 11, 2, 11.5001810203
0.00994444332924, 0.992988164057, 0.000474790571931, 2.66597530403e-06, 0.916425821309, 0.0532255628651, 0.0324035256569, 0.0159292402994, 0.981017237217, 0.000891975106486, 2.44940883444e-05, 0.996283969946, 0.00491946899391, 0.111847056578, 0.999998214977, 1.0, 0.124983873751, 1.99505518309e-06, 0.939858983404, 0.969425723517, 0.960095736726, 0.0124294785171, 0.0094126595035, 0.990992831284, 0.00259562726829, 9.18268498375e-07, 0.932726504434, 0.107687104798, 17, 1, 8.22221226847
0.00994444332924, 0.992988164057, 0.000474790571931, 2.66597530403e-06, 0.916425821309, 0.0532255628651, 0.0324035256569, 0.0159292402994, 0.981017237217, 0.000891975106486, 2.44940883444e-05, 0.996283969946, 0.00491946899391, 0.111847056578, 0.999998214977, 1.0, 0.124983873751, 1.99505518309e-06, 0.939858983404, 0.969425723517, 0.960095736726, 0.0124294785171, 0.0094126595035, 0.990992831284, 0.00259562726829, 9.18268498375e-07, 0.932726504434, 0.107687104798, 17, 1, 8.22221226847
0.00994444332924, 0.992988164057, 0.000474790571931, 2.66597530403e-06, 0.916425821309, 0.0532255628651, 0.0324035256569, 0.0159292402994, 0.981017237217, 0.000891975106486, 2.44940883444e-05, 0.996283969946, 0.00491946899391, 0.111847056578, 0.999998214977, 1.0, 0.124983873751, 1.99505518309e-06, 0.939858983404, 0.969425723517, 0.960095736726, 0.0124294785171, 0.0094126595035, 0.990992831284, 0.00259562726829, 9.18268498375e-07, 0.932726504434, 0.107687104798, 17, 1, 8.22221226847
0.00994444332924, 0.992988164057, 0.000474790571931, 2.66597530403e-06, 0.916425821309, 0.0532255628651, 0.0324035256569, 0.0159292402994, 0.981017237217, 0.000891975106486, 2.44940883444e-05, 0.996283969946, 0.00491946899391, 0.111847056578, 0.999998214977, 1.0, 0.124983873751, 1.99505518309e-06, 0.939858983404, 0.969425723517, 0.960095736726, 0.0124294785171, 0.0094126595035, 0.990992831284, 0.00259562726829, 9.18268498375e-07, 0.932726504434, 0.107687104798, 17, 1, 8.22221226847
0.00994444332924, 0.992988164057, 0.000474790571931, 2.66597530403e-06, 0.916425821309, 0.0532255628651, 0.0324035256569, 0.0159292402994, 0.981017237217, 0.000891975106486, 2.44940883444e-05, 0.996283969946, 0.00491946899391, 0.111847056578, 0.999998214977, 1.0, 0.124983873751, 1.99505518309e-06, 0.939858983404, 0.969425723517, 0.960095736726, 0.0124294785171, 0.0094126595035, 0.990992831284, 0.00259562726829, 9.18268498375e-07, 0.932726504434, 0.107687104798, 17, 1, 8.22221226847
0.00994444332924, 0.992988164057, 0.000474790571931, 2.66597530403e-06, 0.916425821309, 0.0532255628651, 0.0324035256569, 0.0159292402994, 0.981017237217, 0.000891975106486, 2.44940883444e-05, 0.996283969946, 0.00491946899391, 0.111847056578, 0.999998214977, 1.0, 0.124983873751, 1.99505518309e-06, 0.939858983404, 0.969425723517, 0.960095736726, 0.0124294785171, 0.0094126595035, 0.990992831284, 0.00259562726829, 9.18268498375e-07, 0.932726504434, 0.107687104798, 17, 1, 8.22221226847
0.938201468208, 0.999798404197, 0.0336223036793, 4.83466838809e-05, 0.892041730664, 0.955378481776, 0.0696360305369, 0.015929240036, 0.97180249799, 0.850111815055, 3.32883376632e-05, 0.99170888332, 0.00482400291054, 0.000183692029437, 0.999998214977, 1.0, 0.0052155281454, 3.99097282777e-05, 0.939809756746, 0.970580156216, 0.95949778547, 0.0126685514247, 0.00941233794696, 0.991136251571, 0.024712215399, 9.18268498375e-07, 0.932872562483, 0.10339965118, 12, 2, 10.9022730112
0.938201468208, 0.999798404197, 0.0336223036793, 4.83466838809e-05, 0.892041730664, 0.955378481776, 0.0696360305369, 0.015929240036, 0.97180249799, 0.850111815055, 3.32883376632e-05, 0.99170888332, 0.00482400291054, 0.000183692029437, 0.999998214977, 1.0, 0.0052155281454, 3.99097282777e-05, 0.939809756746, 0.970580156216, 0.95949778547, 0.0126685514247, 0.00941233794696, 0.991136251571, 0.024712215399, 9.18268498375e-07, 0.932872562483, 0.10339965118, 12, 2, 10.9022730112
0.938201468208, 0.999798404197, 0.0336223036793, 4.83466838809e-05, 0.892041730664, 0.955378481776, 0.0696360305369, 0.015929240036, 0.97180249799, 0.850111815055, 3.32883376632e-05, 0.99170888332, 0.00482400291054, 0.000183692029437, 0.999998214977, 1.0, 0.0052155281454, 3.99097282777e-05, 0.939809756746, 0.970580156216, 0.95949778547, 0.0126685514247, 0.00941233794696, 0.991136251571, 0.024712215399, 9.18268498375e-07, 0.932872562483, 0.10339965118, 12, 2, 10.9022730112
0.938201468208, 0.999798404197, 0.0336223036793, 4.83466838809e-05, 0.892041730664, 0.955378481776, 0.0696360305369, 0.015929240036, 0.97180249799, 0.850111815055, 3.32883376632e-05, 0.99170888332, 0.00482400291054, 0.000183692029437, 0.999998214977, 1.0, 0.0052155281454, 3.99097282777e-05, 0.939809756746, 0.970580156216, 0.95949778547, 0.0126685514247, 0.00941233794696, 0.991136251571, 0.024712215399, 9.18268498375e-07, 0.932872562483, 0.10339965118, 12, 2, 10.9022730112
0.938201468208, 0.999798404197, 0.0336223036793, 4.83466838809e-05, 0.892041730664, 0.955378481776, 0.0696360305369, 0.015929240036, 0.97180249799, 0.850111815055, 3.32883376632e-05, 0.99170888332, 0.00482400291054, 0.000183692029437, 0.999998214977, 1.0, 0.0052155281454, 3.99097282777e-05, 0.939809756746, 0.970580156216, 0.95949778547, 0.0126685514247, 0.00941233794696, 0.991136251571, 0.024712215399, 9.18268498375e-07, 0.932872562483, 0.10339965118, 12, 2, 10.9022730112
0.938201468208, 0.999798404197, 0.0336223036793, 4.83466838809e-05, 0.892041730664, 0.955378481776, 0.0696360305369, 0.015929240036, 0.97180249799, 0.850111815055, 3.32883376632e-05, 0.99170888332, 0.00482400291054, 0.000183692029437, 0.999998214977, 1.0, 0.0052155281454, 3.99097282777e-05, 0.939809756746, 0.970580156216, 0.95949778547, 0.0126685514247, 0.00941233794696, 0.991136251571, 0.024712215399, 9.18268498375e-07, 0.932872562483, 0.10339965118, 12, 2, 10.9022730112
0.0180018851778, 0.993470013369, 8.304288665e-06, 2.87526177508e-06, 0.893912140901, 0.950042256813, 0.0698201444095, 0.0426978446987, 0.980826051128, 0.0209446893027, 2.45075078871e-05, 0.996407224766, 0.00532474570644, 0.0115996689001, 0.999998213928, 1.0, 0.123181662535, 3.992963402e-05, 0.935912781379, 0.970890801533, 0.960355470245, 0.012413871095, 0.00941374789729, 0.991010809759, 0.0023176047592, 9.18268498375e-07, 0.932871969077, 0.104789986188, 16, 1, 8.69824323489
0.0180018851778, 0.993470013369, 8.304288665e-06, 2.87526177508e-06, 0.893912140901, 0.950042256813, 0.0698201444095, 0.0426978446987, 0.980826051128, 0.0209446893027, 2.45075078871e-05, 0.996407224766, 0.00532474570644, 0.0115996689001, 0.999998213928, 1.0, 0.123181662535, 3.992963402e-05, 0.935912781379, 0.970890801533, 0.960355470245, 0.012413871095, 0.00941374789729, 0.991010809759, 0.0023176047592, 9.18268498375e-07, 0.932871969077, 0.104789986188, 16, 1, 8.69824323489
0.0180018851778, 0.993470013369, 8.304288665e-06, 2.87526177508e-06, 0.893912140901, 0.950042256813, 0.0698201444095, 0.0426978446987, 0.980826051128, 0.0209446893027, 2.45075078871e-05, 0.996407224766, 0.00532474570644, 0.0115996689001, 0.999998213928, 1.0, 0.123181662535, 3.992963402e-05, 0.935912781379, 0.970890801533, 0.960355470245, 0.012413871095, 0.00941374789729, 0.991010809759, 0.0023176047592, 9.18268498375e-07, 0.932871969077, 0.104789986188, 16, 1, 8.69824323489
0.0180018851778, 0.993470013369, 8.304288665e-06, 2.87526177508e-06, 0.893912140901, 0.950042256813, 0.0698201444095, 0.0426978446987, 0.980826051128, 0.0209446893027, 2.45075078871e-05, 0.996407224766, 0.00532474570644, 0.0115996689001, 0.999998213928, 1.0, 0.123181662535, 3.992963402e-05, 0.935912781379, 0.970890801533, 0.960355470245, 0.012413871095, 0.00941374789729, 0.991010809759, 0.0023176047592, 9.18268498375e-07, 0.932871969077, 0.104789986188, 16, 1, 8.69824323489
0.0180018851778, 0.993470013369, 8.304288665e-06, 2.87526177508e-06, 0.893912140901, 0.950042256813, 0.0698201444095, 0.0426978446987, 0.980826051128, 0.0209446893027, 2.45075078871e-05, 0.996407224766, 0.00532474570644, 0.0115996689001, 0.999998213928, 1.0, 0.123181662535, 3.992963402e-05, 0.935912781379, 0.970890801533, 0.960355470245, 0.012413871095, 0.00941374789729, 0.991010809759, 0.0023176047592, 9.18268498375e-07, 0.932871969077, 0.104789986188, 16, 1, 8.69824323489
0.0180018851778, 0.993470013369, 8.304288665e-06, 2.87526177508e-06, 0.893912140901, 0.950042256813, 0.0698201444095, 0.0426978446987, 0.980826051128, 0.0209446893027, 2.45075078871e-05, 0.996407224766, 0.00532474570644, 0.0115996689001, 0.999998213928, 1.0, 0.123181662535, 3.992963402e-05, 0.935912781379, 0.970890801533, 0.960355470245, 0.012413871095, 0.00941374789729, 0.991010809759, 0.0023176047592, 9.18268498375e-07, 0.932871969077, 0.104789986188, 16, 1, 8.69824323489
0.935913817769, 0.993202315215, 2.12785002713e-05, 0.000103459832696, 0.952594036949, 0.955378481776, 0.0696360305369, 0.015929240036, 0.97180249799, 0.000688844103824, 3.32883376632e-05, 0.991707429882, 0.00532291470086, 0.0329967169645, 0.999998214977, 1.0, 0.0052155281454, 3.99097282777e-05, 0.939809756746, 0.970580156216, 0.95949778547, 0.0125351473385, 0.00941233794696, 0.997746357329, 0.0250410879968, 9.18268498375e-07, 0.932872562483, 0.103399349733, 13, 1, 10.2082641487
0.937034752966, 0.999857373722, 2.12333115357e-05, 0.00672216207096, 0.893524121463, 0.950549014831, 0.0696360305369, 0.015929240036, 0.963531433573, 0.955896857554, 3.32883376632e-05, 0.991499182606, 0.0154911951707, 0.000195960248334, 0.999998214977, 1.0, 0.0052155281454, 0.954636559938, 0.939795395697, 0.970580156216, 0.961412726846, 0.000270231437454, 0.00941233833335, 0.991263553767, 0.040878969973, 0.00956322392172, 0.932878472756, 0.103412778387, 11, 2, 11.5001810203
0.937034752966, 0.999857373722, 2.12333115357e-05, 0.00672216207096, 0.893524121463, 0.950549014831, 0.0696360305369, 0.015929240036, 0.963531433573, 0.955896857554, 3.32883376632e-05, 0.991499182606, 0.0154911951707, 0.000195960248334, 0.999998214977, 1.0, 0.0052155281454, 0.954636559938, 0.939795395697, 0.970580156216, 0.961412726846, 0.000270231437454, 0.00941233833335, 0.991263553767, 0.040878969973, 0.00956322392172, 0.932878472756, 0.103412778387, 11, 2, 11.5001810203
0.00941172102152, 0.992978086836, 8.304288665e-06, 2.66182529326e-06, 0.841186236858, 0.937623001412, 0.0698724548684, 0.0426978446987, 0.980826905555, 0.0209446893027, 2.45075078871e-05, 0.996281118756, 0.00532474570644, 0.0115996689001, 0.999998215045, 1.0, 0.125013356182, 3.992963402e-05, 0.93586890152, 0.970890801533, 0.960355470245, 0.012413871095, 0.00941374789729, 0.991010809759, 0.0023176047592, 9.18268498375e-07, 0.932871969077, 0.107785956856, 16, 1, 8.69824323489
0.0180018851778, 0.993470013369, 8.304288665e-06, 1.43389021161e-08, 0.9506653258, 0.950042256813, 0.0696604621266, 0.0433298064348, 0.980854010948, 0.0209420270141, 2.46028805311e-05, 0.996407224766, 0.00532474570644, 0.0115996689001, 0.999998213928, 1.0, 0.123181662535, 8.11282075141e-07, 0.935912781379, 0.970890801533, 0.960355470245, 0.00491593314532, 0.00941374789729, 0.991080205824, 0.0023176047592, 9.18268498375e-07, 0.932871969077, 0.104789986188, 16, 1, 8.69824323489
0.0180018851778, 0.993470013369, 8.304288665e-06, 1.43389021161e-08, 0.9506653258, 0.950042256813, 0.0696604621266, 0.0433298064348, 0.980854010948, 0.0209420270141, 2.46028805311e-05, 0.996407224766, 0.00532474570644, 0.0115996689001, 0.999998213928, 1.0, 0.123181662535, 8.11282075141e-07, 0.935912781379, 0.970890801533, 0.960355470245, 0.00491593314532, 0.00941374789729, 0.991080205824, 0.0023176047592, 9.18268498375e-07, 0.932871969077, 0.104789986188, 16, 1, 8.69824323489
