0.826087312712, 0.755472653242, 0.050158582004, 0.276514455667, 0.321113921024, 0.134203872802, 0.6044447566, 0.890373734819, 0.371361058551, 0.984864853773, 0.175397471981, 0.101200056422, 0.289328599077, 0.829944402269, 0.235477615491, 0.0687289063879, 0.550857175698, 0.0885480374448, 0.107757133284, 0.58858380188, 0.353312110822, 0.765167078036, 0.339972855068, 0.504970687507, 0.901971852751, 0.705958903977, 0.543407093852, 0.416929526338, 0.148718481024, 0.296573914737, 0.826087312712, 2.24358437629
0.826087312712, 0.755472653242, 0.050158582004, 0.276514455667, 0.321113921024, 0.134203872802, 0.6044447566, 0.890373734819, 0.371361058551, 0.984864853773, 0.175397471981, 0.101200056422, 0.289328599077, 0.829944402269, 0.235477615491, 0.0687289063879, 0.550857175698, 0.0885480374448, 0.107757133284, 0.58858380188, 0.353312110822, 0.765167078036, 0.339972855068, 0.504970687507, 0.901971852751, 0.705958903977, 0.543407093852, 0.416929526338, 0.148718481024, 0.296573914737, 0.826087312712, 2.24358437629
0.00583261711651, 0.314339825657, 0.787865348181, 0.289195784052, 0.654376860879, 0.683415798473, 0.315110098335, 0.185545790893, 0.768680496404, 0.320357672598, 0.220699263764, 0.300318669975, 0.7307412633, 0.342722099775, 0.504065755315, 0.36650803861, 0.961100935964, 0.725047220391, 0.471493878954, 0.209169787704, 0.972653184385, 0.534734318334, 0.733728155749, 0.966929183293, 0.48294624446, 0.749369295805, 0.533169232593, 0.022601830137, 0.797934444745, 0.335139201618, 0.00583261711651, 5.55798761493
0.00583261711651, 0.314339825657, 0.787865348181, 0.289195784052, 0.654376860879, 0.683415798473, 0.315110098335, 0.185545790893, 0.768680496404, 0.320357672598, 0.220699263764, 0.300318669975, 0.7307412633, 0.342722099775, 0.504065755315, 0.36650803861, 0.961100935964, 0.725047220391, 0.471493878954, 0.209169787704, 0.972653184385, 0.534734318334, 0.733728155749, 0.966929183293, 0.48294624446, 0.749369295805, 0.533169232593, 0.022601830137, 0.797934444745, 0.335139201618, 0.00583261711651, 5.55798761493
0.253291411631, 0.406580644353, 0.478890790721, 0.15841164283, 0.125119845346, 0.460000501935, 0.448195665603, 0.642006248628, 0.325125522807, 0.314827248527, 0.99246854485, 0.178521148378, 0.168383142007, 0.879859930745, 0.00373920433955, 0.0530773906056, 0.00256246866958, 0.276528406036, 0.889910037062, 0.218937501172, 0.759127284271, 0.659837018154, 0.115964079482, 0.999793323289, 0.0262055074136, 0.229728403767, 0.978173622981, 0.990786922072, 0.961665370174, 0.0199546606627, 0.253291411631, 3.58840857395
0.253291411631, 0.406580644353, 0.478890790721, 0.15841164283, 0.125119845346, 0.460000501935, 0.448195665603, 0.642006248628, 0.325125522807, 0.314827248527, 0.99246854485, 0.178521148378, 0.168383142007, 0.879859930745, 0.00373920433955, 0.0530773906056, 0.00256246866958, 0.276528406036, 0.889910037062, 0.218937501172, 0.759127284271, 0.659837018154, 0.115964079482, 0.999793323289, 0.0262055074136, 0.229728403767, 0.978173622981, 0.990786922072, 0.961665370174, 0.0199546606627, 0.253291411631, 3.58840857395
0.640680569649, 0.174485814093, 0.946320342942, 0.695612210255, 0.199827185932, 0.333792793683, 0.821554729668, 0.477081888468, 0.0541575354581, 0.116629882165, 0.886546034194, 0.33741477952, 0.642556346435, 0.748593559618, 0.191726397615, 0.261811164596, 0.591880833758, 0.476444971925, 0.633187216416, 0.703869266671, 0.952267140273, 0.172296026261, 0.171898782542, 0.000576615106664, 0.110338504259, 0.484857048543, 0.00532947710507, 0.671040778323, 0.581207796789, 0.0405884459614, 0.640680569649, 2.49372863799
0.640680569649, 0.174485814093, 0.946320342942, 0.695612210255, 0.199827185932, 0.333792793683, 0.821554729668, 0.477081888468, 0.0541575354581, 0.116629882165, 0.886546034194, 0.33741477952, 0.642556346435, 0.748593559618, 0.191726397615, 0.261811164596, 0.591880833758, 0.476444971925, 0.633187216416, 0.703869266671, 0.952267140273, 0.172296026261, 0.171898782542, 0.000576615106664, 0.110338504259, 0.484857048543, 0.00532947710507, 0.671040778323, 0.581207796789, 0.0405884459614, 0.640680569649, 2.49372863799
0.0474028787163, 0.107150961098, 0.245210359398, 0.190479886286, 0.153399107192, 0.185095408288, 0.3952896407, 0.639648827382, 0.18569366663, 0.497214018157, 0.735547758319, 0.104992650154, 0.295837649357, 0.356966271391, 0.824481595142, 0.336734252059, 0.0242377349955, 0.341182880177, 0.572851128399, 0.929776909418, 0.0955887503547, 0.0478812666415, 0.405481927088, 0.970572171396, 0.228028559139, 0.553317825927, 0.0197376700498, 0.155006598918, 0.31851914427, 0.11610013683, 0.0474028787163, 3.62456918248
0.0474028787163, 0.107150961098, 0.245210359398, 0.190479886286, 0.153399107192, 0.185095408288, 0.3952896407, 0.639648827382, 0.18569366663, 0.497214018157, 0.735547758319, 0.104992650154, 0.295837649357, 0.356966271391, 0.824481595142, 0.336734252059, 0.0242377349955, 0.341182880177, 0.572851128399, 0.929776909418, 0.0955887503547, 0.0478812666415, 0.405481927088, 0.970572171396, 0.228028559139, 0.553317825927, 0.0197376700498, 0.155006598918, 0.31851914427, 0.11610013683, 0.0474028787163, 3.62456918248
0.826241102943, 0.00769623939327, 0.392976901162, 0.0989993092473, 0.968526107885, 0.440007280372, 0.980278333024, 0.854011346422, 0.103411520975, 0.0606583668376, 0.0460892460744, 0.777120728039, 0.799263139138, 0.817622833281, 0.505229229654, 0.184955513663, 0.14981388205, 0.504612974728, 0.0622092418329, 0.106394531958, 0.454894919645, 0.272384310488, 0.360284907766, 0.559503941516, 0.628666069176, 0.585823321898, 0.696281649872, 0.0391307676151, 0.0059558636166, 0.545246019823, 0.826241102943, 2.14387159329
0.826241102943, 0.00769623939327, 0.392976901162, 0.0989993092473, 0.968526107885, 0.440007280372, 0.980278333024, 0.854011346422, 0.103411520975, 0.0606583668376, 0.0460892460744, 0.777120728039, 0.799263139138, 0.817622833281, 0.505229229654, 0.184955513663, 0.14981388205, 0.504612974728, 0.0622092418329, 0.106394531958, 0.454894919645, 0.272384310488, 0.360284907766, 0.559503941516, 0.628666069176, 0.585823321898, 0.696281649872, 0.0391307676151, 0.0059558636166, 0.545246019823, 0.826241102943, 2.14387159329
0.450793580472, 0.037296017866, 0.287397325529, 0.249640798329, 0.514199249688, 0.616441382096, 0.568929070022, 0.0725506724943, 0.490613826673, 0.219000146348, 0.487670906394, 0.180176587448, 0.14080963655, 0.0553235594942, 0.686385521584, 0.122035766169, 0.806870878199, 0.00289037016156, 0.0719523160596, 0.213307478168, 0.271754836596, 0.865697103877, 0.0625864508762, 0.949117615242, 0.867981174842, 0.776621432089, 0.193054034727, 0.114754366967, 0.642901159147, 0.66954181045, 0.450793580472, 2.61454728553
0.450793580472, 0.037296017866, 0.287397325529, 0.249640798329, 0.514199249688, 0.616441382096, 0.568929070022, 0.0725506724943, 0.490613826673, 0.219000146348, 0.487670906394, 0.180176587448, 0.14080963655, 0.0553235594942, 0.686385521584, 0.122035766169, 0.806870878199, 0.00289037016156, 0.0719523160596, 0.213307478168, 0.271754836596, 0.865697103877, 0.0625864508762, 0.949117615242, 0.867981174842, 0.776621432089, 0.193054034727, 0.114754366967, 0.642901159147, 0.66954181045, 0.450793580472, 2.61454728553
0.0104980728353, 0.622125045318, 0.93062337192, 0.755566972296, 0.0249246906962, 0.594844486258, 0.0417633908343, 0.859871954533, 0.45461928629, 0.103318016296, 0.0534380234397, 0.125769722105, 0.379470790632, 0.133299991763, 0.00469374271748, 0.493266234392, 0.982880867876, 0.722334014054, 0.194681901275, 0.0863222800764, 0.873020853784, 0.187602399528, 0.469462211458, 0.128598147737, 0.724383543311, 0.214843770336, 0.798725976652, 0.415682193263, 0.57839668546, 0.210849943597, 0.0104980728353, 4.54815865989
0.0104980728353, 0.622125045318, 0.93062337192, 0.755566972296, 0.0249246906962, 0.594844486258, 0.0417633908343, 0.859871954533, 0.45461928629, 0.103318016296, 0.0534380234397, 0.125769722105, 0.379470790632, 0.133299991763, 0.00469374271748, 0.493266234392, 0.982880867876, 0.722334014054, 0.194681901275, 0.0863222800764, 0.873020853784, 0.187602399528, 0.469462211458, 0.128598147737, 0.724383543311, 0.214843770336, 0.798725976652, 0.415682193263, 0.57839668546, 0.210849943597, 0.0104980728353, 4.54815865989
0.840197232727, 0.139809714296, 0.153795303267, 0.639811275536, 0.0781818730389, 0.416190584762, 0.81442591508, 0.949167963439, 0.87096060056, 0.0425536657408, 0.680048777637, 0.983690486547, 0.152422145604, 0.962136655887, 0.350000569147, 0.277503623475, 0.385174555078, 0.0046429065609, 0.669166443102, 0.473178992983, 0.245264397859, 0.283434858933, 0.403154096654, 0.281992795479, 0.32568916218, 0.664182213323, 0.0298494878415, 0.174392197218, 0.5283824587, 0.452193705825, 0.840197232727, 2.03703093638
0.840197232727, 0.139809714296, 0.153795303267, 0.639811275536, 0.0781818730389, 0.416190584762, 0.81442591508, 0.949167963439, 0.87096060056, 0.0425536657408, 0.680048777637, 0.983690486547, 0.152422145604, 0.962136655887, 0.350000569147, 0.277503623475, 0.385174555078, 0.0046429065609, 0.669166443102, 0.473178992983, 0.245264397859, 0.283434858933, 0.403154096654, 0.281992795479, 0.32568916218, 0.664182213323, 0.0298494878415, 0.174392197218, 0.5283824587, 0.452193705825, 0.840197232727, 2.03703093638
0.393679898734, 0.117370627453, 0.10223522263, 0.0966185307152, 0.254245773637, 0.919902118448, 0.0221564298383, 0.382277883164, 0.773694136894, 0.423424866717, 0.48736775012, 0.0929086879158, 0.0897916260298, 0.241884593547, 0.621634433505, 0.553547820155, 0.621395538831, 0.41969376999, 0.256174066121, 0.382119324614, 0.990703211512, 0.00385132187974, 0.848937131074, 0.87958102383, 0.128841214284, 0.270803451685, 0.423352907763, 0.461642065213, 0.545123626433, 0.529931365137, 0.393679898734, 3.42243804247
0.393679898734, 0.117370627453, 0.10223522263, 0.0966185307152, 0.254245773637, 0.919902118448, 0.0221564298383, 0.382277883164, 0.773694136894, 0.423424866717, 0.48736775012, 0.0929086879158, 0.0897916260298, 0.241884593547, 0.621634433505, 0.553547820155, 0.621395538831, 0.41969376999, 0.256174066121, 0.382119324614, 0.990703211512, 0.00385132187974, 0.848937131074, 0.87958102383, 0.128841214284, 0.270803451685, 0.423352907763, 0.461642065213, 0.545123626433, 0.529931365137, 0.393679898734, 3.42243804247
0.00583261711651, 0.314339825657, 0.787865348181, 0.289195784052, 0.491303653121, 0.683415798473, 0.315110098335, 0.185545790893, 0.929974878067, 0.320357672598, 0.220699263764, 0.0636526337332, 0.7307412633, 0.342722099775, 0.963379195673, 0.36650803861, 0.961100935964, 0.725047220391, 0.471493878954, 0.209169787704, 0.972653184385, 0.534734318334, 0.733728155749, 0.966929183293, 0.48294624446, 0.749369295805, 0.859583136526, 0.0676766172254, 0.797934444745, 0.401234720283, 0.00583261711651, 5.75910710387
0.00583261711651, 0.314339825657, 0.787865348181, 0.289195784052, 0.491303653121, 0.683415798473, 0.315110098335, 0.185545790893, 0.929974878067, 0.320357672598, 0.220699263764, 0.0636526337332, 0.7307412633, 0.342722099775, 0.963379195673, 0.36650803861, 0.961100935964, 0.725047220391, 0.471493878954, 0.209169787704, 0.972653184385, 0.534734318334, 0.733728155749, 0.966929183293, 0.48294624446, 0.749369295805, 0.859583136526, 0.0676766172254, 0.797934444745, 0.401234720283, 0.00583261711651, 5.75910710387
0.640680569649, 0.174485814093, 0.428691358284, 0.760803029633, 0.357145649485, 0.376292317097, 0.821554729668, 0.477081888468, 0.0541575354581, 0.116629882165, 0.886546034194, 0.519896230921, 0.642556346435, 0.748593559618, 0.191726397615, 0.261811164596, 0.591880833758, 0.476444971925, 0.633187216416, 0.703869266671, 0.813992555001, 0.172296026261, 0.171898782542, 0.000576615106664, 0.110338504259, 0.484857048543, 0.393474770233, 0.671040778323, 0.581207796789, 0.0405884459614, 0.640680569649, 2.53942506085
0.640680569649, 0.174485814093, 0.428691358284, 0.760803029633, 0.357145649485, 0.376292317097, 0.821554729668, 0.477081888468, 0.0541575354581, 0.116629882165, 0.886546034194, 0.519896230921, 0.642556346435, 0.748593559618, 0.191726397615, 0.261811164596, 0.591880833758, 0.476444971925, 0.633187216416, 0.703869266671, 0.813992555001, 0.172296026261, 0.171898782542, 0.000576615106664, 0.110338504259, 0.484857048543, 0.393474770233, 0.671040778323, 0.581207796789, 0.0405884459614, 0.640680569649, 2.53942506085
0.0474028787163, 0.107150961098, 0.245210359398, 0.190479886286, 0.133442902387, 0.185095408288, 0.64851001097, 0.639648827382, 0.436465404952, 0.497214018157, 0.735547758319, 0.104992650154, 0.355591422497, 0.356966271391, 0.52319364182, 0.336734252059, 0.42945710818, 0.341182880177, 0.572851128399, 0.929776909418, 0.0955887503547, 0.0689046982904, 0.0283751828661, 0.262249876978, 0.228028559139, 0.553317825927, 0.210364873746, 0.155006598918, 0.861111052279, 0.11610013683, 0.0474028787163, 3.71756240577
0.0474028787163, 0.107150961098, 0.245210359398, 0.190479886286, 0.133442902387, 0.185095408288, 0.64851001097, 0.639648827382, 0.436465404952, 0.497214018157, 0.735547758319, 0.104992650154, 0.355591422497, 0.356966271391, 0.52319364182, 0.336734252059, 0.42945710818, 0.341182880177, 0.572851128399, 0.929776909418, 0.0955887503547, 0.0689046982904, 0.0283751828661, 0.262249876978, 0.228028559139, 0.553317825927, 0.210364873746, 0.155006598918, 0.861111052279, 0.11610013683, 0.0474028787163, 3.71756240577
0.212086189017, 0.73106736051, 0.116140381128, 0.812315411227, 0.637617019533, 0.168455131923, 0.562813917584, 0.39982104085, 0.891625412993, 0.665968867648, 0.790446189748, 0.445556399138, 0.742591135042, 0.253737940083, 0.418506433282, 0.3426067806, 0.0061407152499, 0.595224764075, 0.811195562894, 0.136412545474, 0.180103843511, 0.140842833202, 0.193002700849, 0.191885654317, 0.531516723608, 0.0788916257058, 0.322860666877, 0.257054921342, 0.351730931526, 0.41860533248, 0.212086189017, 3.69862209172
0.212086189017, 0.73106736051, 0.116140381128, 0.812315411227, 0.637617019533, 0.168455131923, 0.562813917584, 0.39982104085, 0.891625412993, 0.665968867648, 0.790446189748, 0.445556399138, 0.742591135042, 0.253737940083, 0.418506433282, 0.3426067806, 0.0061407152499, 0.595224764075, 0.811195562894, 0.136412545474, 0.180103843511, 0.140842833202, 0.193002700849, 0.191885654317, 0.531516723608, 0.0788916257058, 0.322860666877, 0.257054921342, 0.351730931526, 0.41860533248, 0.212086189017, 3.69862209172
0.214622189589, 0.268331944176, 0.699514016023, 0.329645435841, 0.0829043769717, 0.61002497182, 0.85875673012, 0.976643433515, 0.164690040305, 0.288442175541, 0.188889568301, 0.729591348, 0.313521225324, 0.00928974742262, 0.958001126915, 0.768853016348, 0.110399457353, 0.514179012596, 0.0342041263684, 0.0979052012601, 0.127637694591, 0.68648660306, 0.889194284659, 0.106464615068, 0.0885408546288, 0.243091751558, 0.878773103623, 0.0057787424356, 0.182764291705, 0.88379816786, 0.214622189589, 3.64876055786
0.214622189589, 0.268331944176, 0.699514016023, 0.329645435841, 0.0829043769717, 0.61002497182, 0.85875673012, 0.976643433515, 0.164690040305, 0.288442175541, 0.188889568301, 0.729591348, 0.313521225324, 0.00928974742262, 0.958001126915, 0.768853016348, 0.110399457353, 0.514179012596, 0.0342041263684, 0.0979052012601, 0.127637694591, 0.68648660306, 0.889194284659, 0.106464615068, 0.0885408546288, 0.243091751558, 0.878773103623, 0.0057787424356, 0.182764291705, 0.88379816786, 0.214622189589, 3.64876055786
0.826241102943, 0.00769623939327, 0.392976901162, 0.509538422809, 0.968526107885, 0.440007280372, 0.980278333024, 0.854011346422, 0.103411520975, 0.0606583668376, 0.0460892460744, 0.30048952143, 0.814517140092, 0.817622833281, 0.505229229654, 0.184955513663, 0.14981388205, 0.530931010394, 0.0622092418329, 0.106394531958, 0.437025754861, 0.272384310488, 0.526894059655, 0.559503941516, 0.628666069176, 0.585823321898, 0.696281649872, 0.0391307676151, 0.0059558636166, 0.545246019823, 0.826241102943, 2.17437993559
0.826241102943, 0.00769623939327, 0.392976901162, 0.509538422809, 0.968526107885, 0.440007280372, 0.980278333024, 0.854011346422, 0.103411520975, 0.0606583668376, 0.0460892460744, 0.30048952143, 0.814517140092, 0.817622833281, 0.505229229654, 0.184955513663, 0.14981388205, 0.530931010394, 0.0622092418329, 0.106394531958, 0.437025754861, 0.272384310488, 0.526894059655, 0.559503941516, 0.628666069176, 0.585823321898, 0.696281649872, 0.0391307676151, 0.0059558636166, 0.545246019823, 0.826241102943, 2.17437993559
0.450793580472, 0.037296017866, 0.287397325529, 0.579531494527, 0.514199249688, 0.616441382096, 0.568929070022, 0.0725506724943, 0.490613826673, 0.219000146348, 0.56559175022, 0.964173519665, 0.14080963655, 0.0553235594942, 0.686385521584, 0.122035766169, 0.806870878199, 0.00289037016156, 0.0719523160596, 0.110956424224, 0.271754836596, 0.180087929501, 0.0625864508762, 0.949117615242, 0.867981174842, 0.776621432089, 0.193054034727, 0.114754366967, 0.642901159147, 0.66954181045, 0.450793580472, 2.72015444402
0.450793580472, 0.037296017866, 0.287397325529, 0.579531494527, 0.514199249688, 0.616441382096, 0.568929070022, 0.0725506724943, 0.490613826673, 0.219000146348, 0.56559175022, 0.964173519665, 0.14080963655, 0.0553235594942, 0.686385521584, 0.122035766169, 0.806870878199, 0.00289037016156, 0.0719523160596, 0.110956424224, 0.271754836596, 0.180087929501, 0.0625864508762, 0.949117615242, 0.867981174842, 0.776621432089, 0.193054034727, 0.114754366967, 0.642901159147, 0.66954181045, 0.450793580472, 2.72015444402
0.029969053275, 0.756301512796, 0.103803788919, 0.12681395646, 0.391105103738, 0.364645463985, 0.908049971203, 0.464721776345, 0.666179648814, 0.580303052973, 0.85887551751, 0.455660440669, 0.0468199843689, 0.790983713458, 0.370944467993, 0.142123347556, 0.608555719499, 0.729654450287, 0.361993389924, 0.20490240128, 0.406591231335, 0.167525149685, 0.937118270564, 0.322352725274, 0.530681041179, 0.916439852874, 0.158770707724, 0.682180595152, 0.171060433118, 0.226910568611, 0.029969053275, 4.75674536663
0.029969053275, 0.756301512796, 0.103803788919, 0.12681395646, 0.391105103738, 0.364645463985, 0.908049971203, 0.464721776345, 0.666179648814, 0.580303052973, 0.85887551751, 0.455660440669, 0.0468199843689, 0.790983713458, 0.370944467993, 0.142123347556, 0.608555719499, 0.729654450287, 0.361993389924, 0.20490240128, 0.406591231335, 0.167525149685, 0.937118270564, 0.322352725274, 0.530681041179, 0.916439852874, 0.158770707724, 0.682180595152, 0.171060433118, 0.226910568611, 0.029969053275, 4.75674536663
0.0181352510052, 0.268331944176, 0.699514016023, 0.329645435841, 0.502616229024, 0.334545613298, 0.85875673012, 0.976643433515, 0.164690040305, 0.117447237488, 0.226304793093, 0.804945073854, 0.313521225324, 0.00928974742262, 0.958001126915, 0.768853016348, 0.110399457353, 0.514179012596, 0.401176217488, 0.0979052012601, 0.337983169726, 0.68648660306, 0.889194284659, 0.0464866120204, 0.0179171372016, 0.243091751558, 0.878773103623, 0.887993752089, 0.0307121247295, 0.88379816786, 0.0181352510052, 4.83068842828
0.0181352510052, 0.268331944176, 0.699514016023, 0.329645435841, 0.502616229024, 0.334545613298, 0.85875673012, 0.976643433515, 0.164690040305, 0.117447237488, 0.226304793093, 0.804945073854, 0.313521225324, 0.00928974742262, 0.958001126915, 0.768853016348, 0.110399457353, 0.514179012596, 0.401176217488, 0.0979052012601, 0.337983169726, 0.68648660306, 0.889194284659, 0.0464866120204, 0.0179171372016, 0.243091751558, 0.878773103623, 0.887993752089, 0.0307121247295, 0.88379816786, 0.0181352510052, 4.83068842828
0.0104980728353, 0.622125045318, 0.93062337192, 0.755566972296, 0.555547923781, 0.594844486258, 0.0417633908343, 0.859871954533, 0.45461928629, 0.103318016296, 0.386810211039, 0.125769722105, 0.36803800312, 0.133299991763, 0.00469374271748, 0.493266234392, 0.982880867876, 0.722334014054, 0.259732262405, 0.147925495486, 0.873020853784, 0.187602399528, 0.469462211458, 0.812257054411, 0.724383543311, 0.214843770336, 0.92839411268, 0.526981681913, 0.471368489004, 0.210849943597, 0.0104980728353, 5.09307892204
0.0104980728353, 0.622125045318, 0.93062337192, 0.755566972296, 0.555547923781, 0.594844486258, 0.0417633908343, 0.859871954533, 0.45461928629, 0.103318016296, 0.386810211039, 0.125769722105, 0.36803800312, 0.133299991763, 0.00469374271748, 0.493266234392, 0.982880867876, 0.722334014054, 0.259732262405, 0.147925495486, 0.873020853784, 0.187602399528, 0.469462211458, 0.812257054411, 0.724383543311, 0.214843770336, 0.92839411268, 0.526981681913, 0.471368489004, 0.210849943597, 0.0104980728353, 5.09307892204
0.840197232727, 0.139809714296, 0.153795303267, 0.639811275536, 0.0781818730389, 0.416190584762, 0.81442591508, 0.949167963439, 0.87096060056, 0.0425536657408, 0.680048777637, 0.983690486547, 0.514058774659, 0.44345287076, 0.350000569147, 0.217792067141, 0.385174555078, 0.0046429065609, 0.946995555886, 0.473178992983, 0.245264397859, 0.240158962766, 0.403154096654, 0.281992795479, 0.32568916218, 0.664182213323, 0.0675381281847, 0.174392197218, 0.5283824587, 0.452193705825, 0.840197232727, 2.05067256902
0.840197232727, 0.139809714296, 0.153795303267, 0.639811275536, 0.0781818730389, 0.416190584762, 0.81442591508, 0.949167963439, 0.87096060056, 0.0425536657408, 0.680048777637, 0.983690486547, 0.514058774659, 0.44345287076, 0.350000569147, 0.217792067141, 0.385174555078, 0.0046429065609, 0.946995555886, 0.473178992983, 0.245264397859, 0.240158962766, 0.403154096654, 0.281992795479, 0.32568916218, 0.664182213323, 0.0675381281847, 0.174392197218, 0.5283824587, 0.452193705825, 0.840197232727, 2.05067256902
0.430972401595, 0.993834011573, 0.970239431522, 0.35245154195, 0.362202289266, 0.6032321377, 0.2264537943, 0.536930118775, 0.385131658238, 0.163798203229, 0.211568572832, 0.875488524981, 0.630519848963, 0.0844815407589, 0.985469899388, 0.397069699059, 0.27603885397, 0.946823731361, 0.316345032554, 0.0312309190279, 0.887960825149, 0.159547925517, 0.0912825252324, 0.119955128896, 0.734863206039, 0.327044782788, 0.833638087751, 0.40396676893, 0.790218063812, 0.273184471729, 0.430972401595, 3.46313991724
0.430972401595, 0.993834011573, 0.970239431522, 0.35245154195, 0.362202289266, 0.6032321377, 0.2264537943, 0.536930118775, 0.385131658238, 0.163798203229, 0.211568572832, 0.875488524981, 0.630519848963, 0.0844815407589, 0.985469899388, 0.397069699059, 0.27603885397, 0.946823731361, 0.316345032554, 0.0312309190279, 0.887960825149, 0.159547925517, 0.0912825252324, 0.119955128896, 0.734863206039, 0.327044782788, 0.833638087751, 0.40396676893, 0.790218063812, 0.273184471729, 0.430972401595, 3.46313991724
0.640680569649, 0.174485814093, 0.428691358284, 0.781769984743, 0.357145649485, 0.376292317097, 0.821554729668, 0.477081888468, 0.113781979659, 0.116629882165, 0.886546034194, 0.519896230921, 0.642556346435, 0.748593559618, 0.191726397615, 0.261811164596, 0.591880833758, 0.476444971925, 0.633187216416, 0.703869266671, 0.813992555001, 0.172296026261, 0.171898782542, 0.000576615106664, 0.110338504259, 0.484857048543, 0.393474770233, 0.671040778323, 0.581207796789, 0.0405884459614, 0.640680569649, 2.55993375685
0.640680569649, 0.174485814093, 0.428691358284, 0.781769984743, 0.357145649485, 0.376292317097, 0.821554729668, 0.477081888468, 0.113781979659, 0.116629882165, 0.886546034194, 0.519896230921, 0.642556346435, 0.748593559618, 0.191726397615, 0.261811164596, 0.591880833758, 0.476444971925, 0.633187216416, 0.703869266671, 0.813992555001, 0.172296026261, 0.171898782542, 0.000576615106664, 0.110338504259, 0.484857048543, 0.393474770233, 0.671040778323, 0.581207796789, 0.0405884459614, 0.640680569649, 2.55993375685
0.0474028787163, 0.107150961098, 0.245210359398, 0.190479886286, 0.153399107192, 0.624986607741, 0.136311411355, 0.854004652289, 0.18569366663, 0.727722570892, 0.343385086348, 0.104992650154, 0.295837649357, 0.356966271391, 0.824481595142, 0.336734252059, 0.42945710818, 0.341182880177, 0.572851128399, 0.929776909418, 0.0955887503547, 0.0393812984828, 0.405481927088, 0.417303266053, 0.228028559139, 0.553317825927, 0.135394166912, 0.155006598918, 0.861111052279, 0.11610013683, 0.0474028787163, 3.8406865848
0.0474028787163, 0.107150961098, 0.245210359398, 0.190479886286, 0.153399107192, 0.624986607741, 0.136311411355, 0.854004652289, 0.18569366663, 0.727722570892, 0.343385086348, 0.104992650154, 0.295837649357, 0.356966271391, 0.824481595142, 0.336734252059, 0.42945710818, 0.341182880177, 0.572851128399, 0.929776909418, 0.0955887503547, 0.0393812984828, 0.405481927088, 0.417303266053, 0.228028559139, 0.553317825927, 0.135394166912, 0.155006598918, 0.861111052279, 0.11610013683, 0.0474028787163, 3.8406865848
0.214622189589, 0.268331944176, 0.699514016023, 0.329645435841, 0.0829043769717, 0.988347986906, 0.85875673012, 0.976643433515, 0.164690040305, 0.117447237488, 0.226304793093, 0.729591348, 0.313521225324, 0.00928974742262, 0.958001126915, 0.768853016348, 0.110399457353, 0.514179012596, 0.0342041263684, 0.0979052012601, 0.337983169726, 0.68648660306, 0.889194284659, 0.248379191422, 0.0885408546288, 0.243091751558, 0.878773103623, 0.0057787424356, 0.182764291705, 0.88379816786, 0.214622189589, 3.81454230068
0.214622189589, 0.268331944176, 0.699514016023, 0.329645435841, 0.0829043769717, 0.988347986906, 0.85875673012, 0.976643433515, 0.164690040305, 0.117447237488, 0.226304793093, 0.729591348, 0.313521225324, 0.00928974742262, 0.958001126915, 0.768853016348, 0.110399457353, 0.514179012596, 0.0342041263684, 0.0979052012601, 0.337983169726, 0.68648660306, 0.889194284659, 0.248379191422, 0.0885408546288, 0.243091751558, 0.878773103623, 0.0057787424356, 0.182764291705, 0.88379816786, 0.214622189589, 3.81454230068
0.276100947578, 0.622125045318, 0.93062337192, 0.755566972296, 0.0249246906962, 0.594844486258, 0.199945005198, 0.859871954533, 0.45461928629, 0.855409701372, 0.487438993976, 0.125769722105, 0.15959789006, 0.133299991763, 0.00469374271748, 0.493266234392, 0.982880867876, 0.722334014054, 0.259732262405, 0.147925495486, 0.882643409, 0.028525847087, 0.469462211458, 0.128598147737, 0.222714498187, 0.290395790534, 0.798725976652, 0.526981681913, 0.471368489004, 0.377796178729, 0.276100947578, 3.67043510108
0.276100947578, 0.622125045318, 0.93062337192, 0.755566972296, 0.0249246906962, 0.594844486258, 0.199945005198, 0.859871954533, 0.45461928629, 0.855409701372, 0.487438993976, 0.125769722105, 0.15959789006, 0.133299991763, 0.00469374271748, 0.493266234392, 0.982880867876, 0.722334014054, 0.259732262405, 0.147925495486, 0.882643409, 0.028525847087, 0.469462211458, 0.128598147737, 0.222714498187, 0.290395790534, 0.798725976652, 0.526981681913, 0.471368489004, 0.377796178729, 0.276100947578, 3.67043510108
0.826241102943, 0.00769623939327, 0.392976901162, 0.509538422809, 0.968526107885, 0.440007280372, 0.980278333024, 0.854011346422, 0.103411520975, 0.0606583668376, 0.0475537626206, 0.777120728039, 0.799263139138, 0.817622833281, 0.447640126627, 0.184955513663, 0.14981388205, 0.611450652416, 0.0622092418329, 0.106394531958, 0.454894919645, 0.302182403714, 0.526894059655, 0.516841287748, 0.628666069176, 0.585823321898, 0.696281649872, 0.011415788701, 0.0059558636166, 0.545246019823, 0.826241102943, 2.28839067139
0.826241102943, 0.00769623939327, 0.392976901162, 0.509538422809, 0.968526107885, 0.440007280372, 0.980278333024, 0.854011346422, 0.103411520975, 0.0606583668376, 0.0475537626206, 0.777120728039, 0.799263139138, 0.817622833281, 0.447640126627, 0.184955513663, 0.14981388205, 0.611450652416, 0.0622092418329, 0.106394531958, 0.454894919645, 0.302182403714, 0.526894059655, 0.516841287748, 0.628666069176, 0.585823321898, 0.696281649872, 0.011415788701, 0.0059558636166, 0.545246019823, 0.826241102943, 2.28839067139
0.496529796267, 0.0256656710072, 0.434503176369, 0.249616529798, 0.998485061274, 0.0829905382132, 0.233983367363, 0.721741170263, 0.35440987428, 0.210145007598, 0.0797918624666, 0.170258567121, 0.934140165102, 0.63764198318, 0.0871018739778, 0.366926492625, 0.483999836038, 0.381390801427, 0.140999758447, 0.898594335728, 0.650440271513, 0.0687914944063, 0.401064826044, 0.0758764977502, 0.181125494628, 0.935196422675, 0.227758844662, 0.969189049584, 0.176169379918, 0.840273161478, 0.496529796267, 3.14330540681
0.496529796267, 0.0256656710072, 0.434503176369, 0.249616529798, 0.998485061274, 0.0829905382132, 0.233983367363, 0.721741170263, 0.35440987428, 0.210145007598, 0.0797918624666, 0.170258567121, 0.934140165102, 0.63764198318, 0.0871018739778, 0.366926492625, 0.483999836038, 0.381390801427, 0.140999758447, 0.898594335728, 0.650440271513, 0.0687914944063, 0.401064826044, 0.0758764977502, 0.181125494628, 0.935196422675, 0.227758844662, 0.969189049584, 0.176169379918, 0.840273161478, 0.496529796267, 3.14330540681
0.450793580472, 0.037296017866, 0.287397325529, 0.249640798329, 0.514199249688, 0.616441382096, 0.568929070022, 0.00210942594508, 0.883864898736, 0.219000146348, 0.801789267306, 0.964173519665, 0.78821429284, 0.0553235594942, 0.686385521584, 0.122035766169, 0.688502953565, 0.00289037016156, 0.0719523160596, 0.213307478168, 0.271754836596, 0.619896898214, 0.51079400193, 0.949117615242, 0.867981174842, 0.776621432089, 0.193054034727, 0.114754366967, 0.642901159147, 0.66954181045, 0.450793580472, 3.18033813778
0.450793580472, 0.037296017866, 0.287397325529, 0.249640798329, 0.514199249688, 0.616441382096, 0.568929070022, 0.00210942594508, 0.883864898736, 0.219000146348, 0.801789267306, 0.964173519665, 0.78821429284, 0.0553235594942, 0.686385521584, 0.122035766169, 0.688502953565, 0.00289037016156, 0.0719523160596, 0.213307478168, 0.271754836596, 0.619896898214, 0.51079400193, 0.949117615242, 0.867981174842, 0.776621432089, 0.193054034727, 0.114754366967, 0.642901159147, 0.66954181045, 0.450793580472, 3.18033813778
0.621104190431, 0.123529254587, 0.546305299767, 0.449610807326, 0.463348602157, 0.00825703422846, 0.221030440114, 0.874731925937, 0.507770919146, 0.367122208978, 0.517647322232, 0.865723408833, 0.885781642145, 0.0131530458337, 0.302165941654, 0.602813668383, 0.75327222972, 0.147405404566, 0.442564641955, 0.955694960465, 0.193863800462, 0.762945253573, 0.715843758495, 0.416462745911, 0.0426178756486, 0.111799358836, 0.424641249241, 0.665583025233, 0.299456595768, 0.614300617719, 0.621104190431, 2.9595435288
0.621104190431, 0.123529254587, 0.546305299767, 0.449610807326, 0.463348602157, 0.00825703422846, 0.221030440114, 0.874731925937, 0.507770919146, 0.367122208978, 0.517647322232, 0.865723408833, 0.885781642145, 0.0131530458337, 0.302165941654, 0.602813668383, 0.75327222972, 0.147405404566, 0.442564641955, 0.955694960465, 0.193863800462, 0.762945253573, 0.715843758495, 0.416462745911, 0.0426178756486, 0.111799358836, 0.424641249241, 0.665583025233, 0.299456595768, 0.614300617719, 0.621104190431, 2.9595435288
0.0181352510052, 0.268331944176, 0.699514016023, 0.329645435841, 0.502616229024, 0.599226823255, 0.85875673012, 0.976643433515, 0.164690040305, 0.117447237488, 0.226304793093, 0.804945073854, 0.313521225324, 0.00928974742262, 0.958001126915, 0.768853016348, 0.110399457353, 0.514179012596, 0.401176217488, 0.0979052012601, 0.337983169726, 0.68648660306, 0.889194284659, 0.248379191422, 0.0122142327864, 0.243091751558, 0.878773103623, 0.437253694547, 0.0307121247295, 0.88379816786, 0.0181352510052, 4.83373916955
0.0181352510052, 0.268331944176, 0.699514016023, 0.329645435841, 0.502616229024, 0.599226823255, 0.85875673012, 0.976643433515, 0.164690040305, 0.117447237488, 0.226304793093, 0.804945073854, 0.313521225324, 0.00928974742262, 0.958001126915, 0.768853016348, 0.110399457353, 0.514179012596, 0.401176217488, 0.0979052012601, 0.337983169726, 0.68648660306, 0.889194284659, 0.248379191422, 0.0122142327864, 0.243091751558, 0.878773103623, 0.437253694547, 0.0307121247295, 0.88379816786, 0.0181352510052, 4.83373916955
0.840197232727, 0.139809714296, 0.153795303267, 0.49632255178, 0.0781818730389, 0.416190584762, 0.81442591508, 0.994320376518, 0.87096060056, 0.0425536657408, 0.680048777637, 0.983690486547, 0.514058774659, 0.879355685097, 0.350000569147, 0.543933369544, 0.385174555078, 0.0046429065609, 0.669166443102, 0.473178992983, 0.348191920332, 0.283434858933, 0.403154096654, 0.281992795479, 0.0482180090581, 0.664182213323, 0.0675381281847, 0.174392197218, 0.5283824587, 0.452193705825, 0.840197232727, 2.1133541613
0.840197232727, 0.139809714296, 0.153795303267, 0.49632255178, 0.0781818730389, 0.416190584762, 0.81442591508, 0.994320376518, 0.87096060056, 0.0425536657408, 0.680048777637, 0.983690486547, 0.514058774659, 0.879355685097, 0.350000569147, 0.543933369544, 0.385174555078, 0.0046429065609, 0.669166443102, 0.473178992983, 0.348191920332, 0.283434858933, 0.403154096654, 0.281992795479, 0.0482180090581, 0.664182213323, 0.0675381281847, 0.174392197218, 0.5283824587, 0.452193705825, 0.840197232727, 2.1133541613
0.430972401595, 0.993155308653, 0.970239431522, 0.35245154195, 0.362202289266, 0.6032321377, 0.2264537943, 0.536930118775, 0.385131658238, 0.163798203229, 0.166313785057, 0.875488524981, 0.631406970852, 0.0844815407589, 0.889929308722, 0.76467921599, 0.27603885397, 0.946823731361, 0.316345032554, 0.505457666307, 0.846828170794, 0.00615028331591, 0.204468861842, 0.119955128896, 0.734863206039, 0.327044782788, 0.833638087751, 0.40396676893, 0.790218063812, 0.273184471729, 0.430972401595, 3.62842857485
0.430972401595, 0.993155308653, 0.970239431522, 0.35245154195, 0.362202289266, 0.6032321377, 0.2264537943, 0.536930118775, 0.385131658238, 0.163798203229, 0.166313785057, 0.875488524981, 0.631406970852, 0.0844815407589, 0.889929308722, 0.76467921599, 0.27603885397, 0.946823731361, 0.316345032554, 0.505457666307, 0.846828170794, 0.00615028331591, 0.204468861842, 0.119955128896, 0.734863206039, 0.327044782788, 0.833638087751, 0.40396676893, 0.790218063812, 0.273184471729, 0.430972401595, 3.62842857485
0.640680569649, 0.174485814093, 0.946320342942, 0.781769984743, 0.199827185932, 0.333792793683, 0.985068064951, 0.477081888468, 0.0541575354581, 0.116629882165, 0.886546034194, 0.572596241902, 0.642556346435, 0.748593559618, 0.191726397615, 0.261811164596, 0.591880833758, 0.476444971925, 0.633187216416, 0.703869266671, 0.813992555001, 0.172296026261, 0.171898782542, 0.000576615106664, 0.110338504259, 0.484857048543, 0.00532947710507, 0.671040778323, 0.581207796789, 0.0405884459614, 0.640680569649, 2.58189618245
0.640680569649, 0.174485814093, 0.946320342942, 0.781769984743, 0.199827185932, 0.333792793683, 0.985068064951, 0.477081888468, 0.0541575354581, 0.116629882165, 0.886546034194, 0.572596241902, 0.642556346435, 0.748593559618, 0.191726397615, 0.261811164596, 0.591880833758, 0.476444971925, 0.633187216416, 0.703869266671, 0.813992555001, 0.172296026261, 0.171898782542, 0.000576615106664, 0.110338504259, 0.484857048543, 0.00532947710507, 0.671040778323, 0.581207796789, 0.0405884459614, 0.640680569649, 2.58189618245
0.212086189017, 0.73106736051, 0.0847737541529, 0.0313222853233, 0.903981768832, 0.0762165248888, 0.562813917584, 0.39982104085, 0.636723147198, 0.629545612837, 0.790446189748, 0.445556399138, 0.742591135042, 0.364165591333, 0.908963181587, 0.391305267276, 0.045627625282, 0.595224764075, 0.794835476051, 0.136412545474, 0.180103843511, 0.167132225773, 0.906407595281, 0.191885654317, 0.531516723608, 0.0656835289314, 0.322860666877, 0.257054921342, 0.644565996938, 0.41860533248, 0.212086189017, 3.91064193252
0.212086189017, 0.73106736051, 0.0847737541529, 0.0313222853233, 0.903981768832, 0.0762165248888, 0.562813917584, 0.39982104085, 0.636723147198, 0.629545612837, 0.790446189748, 0.445556399138, 0.742591135042, 0.364165591333, 0.908963181587, 0.391305267276, 0.045627625282, 0.595224764075, 0.794835476051, 0.136412545474, 0.180103843511, 0.167132225773, 0.906407595281, 0.191885654317, 0.531516723608, 0.0656835289314, 0.322860666877, 0.257054921342, 0.644565996938, 0.41860533248, 0.212086189017, 3.91064193252
0.171448258761, 0.117370627453, 0.247387003688, 0.0966185307152, 0.254245773637, 0.667332810125, 0.0221564298383, 0.382277883164, 0.773694136894, 0.423424866717, 0.48736775012, 0.106066101951, 0.0828433320694, 0.241884593547, 0.85174105936, 0.541181687027, 0.22308416555, 0.41969376999, 0.256174066121, 0.382119324614, 0.913197606659, 0.738630287462, 0.848937131074, 0.87958102383, 0.177165373447, 0.0216325931193, 0.423352907763, 0.461642065213, 0.545123626433, 0.529931365137, 0.171448258761, 3.99068337889
0.171448258761, 0.117370627453, 0.247387003688, 0.0966185307152, 0.254245773637, 0.667332810125, 0.0221564298383, 0.382277883164, 0.773694136894, 0.423424866717, 0.48736775012, 0.106066101951, 0.0828433320694, 0.241884593547, 0.85174105936, 0.541181687027, 0.22308416555, 0.41969376999, 0.256174066121, 0.382119324614, 0.913197606659, 0.738630287462, 0.848937131074, 0.87958102383, 0.177165373447, 0.0216325931193, 0.423352907763, 0.461642065213, 0.545123626433, 0.529931365137, 0.171448258761, 3.99068337889
0.202166568086, 0.489615497134, 0.734318416159, 0.591976188233, 0.33105767768, 0.00360553445246, 0.601694155389, 0.583014545619, 0.214055521911, 0.262688334576, 0.680711729389, 0.317324288734, 0.811177950329, 0.95307134557, 0.287071392418, 0.839722962171, 0.554485709499, 0.647283881845, 0.104461632401, 0.73804461048, 0.0642033606223, 0.321352398616, 0.619424738695, 0.484013010331, 0.0331794987537, 0.184067812494, 0.518742163734, 0.162991115679, 0.414866295218, 0.345344238232, 0.202166568086, 3.98215397024
0.202166568086, 0.489615497134, 0.734318416159, 0.591976188233, 0.33105767768, 0.00360553445246, 0.601694155389, 0.583014545619, 0.214055521911, 0.262688334576, 0.680711729389, 0.317324288734, 0.811177950329, 0.95307134557, 0.287071392418, 0.839722962171, 0.554485709499, 0.647283881845, 0.104461632401, 0.73804461048, 0.0642033606223, 0.321352398616, 0.619424738695, 0.484013010331, 0.0331794987537, 0.184067812494, 0.518742163734, 0.162991115679, 0.414866295218, 0.345344238232, 0.202166568086, 3.98215397024
0.0474028787163, 0.107150961098, 0.516037212798, 0.190479886286, 0.155155341469, 0.974123489005, 0.3952896407, 0.854004652289, 0.18569366663, 0.727722570892, 0.735547758319, 0.104992650154, 0.295837649357, 0.356966271391, 0.824481595142, 0.336734252059, 0.175373028888, 0.312426005673, 0.704745414274, 0.929776909418, 0.0955887503547, 0.0393812984828, 0.405481927088, 0.417303266053, 0.228028559139, 0.553317825927, 0.135394166912, 0.155006598918, 0.861111052279, 0.11610013683, 0.0474028787163, 4.17102681658
0.0474028787163, 0.107150961098, 0.516037212798, 0.190479886286, 0.155155341469, 0.974123489005, 0.3952896407, 0.854004652289, 0.18569366663, 0.727722570892, 0.735547758319, 0.104992650154, 0.295837649357, 0.356966271391, 0.824481595142, 0.336734252059, 0.175373028888, 0.312426005673, 0.704745414274, 0.929776909418, 0.0955887503547, 0.0393812984828, 0.405481927088, 0.417303266053, 0.228028559139, 0.553317825927, 0.135394166912, 0.155006598918, 0.861111052279, 0.11610013683, 0.0474028787163, 4.17102681658
0.253291411631, 0.406580644353, 0.780290128912, 0.15841164283, 0.125119845346, 0.460000501935, 0.448195665603, 0.642006248628, 0.325125522807, 0.314827248527, 0.953199694978, 0.178521148378, 0.168383142007, 0.879859930745, 0.00373920433955, 0.0530773906056, 0.457411904136, 0.276528406036, 0.889910037062, 0.218937501172, 0.664640962997, 0.659837018154, 0.536105282713, 0.997826475508, 0.145624976196, 0.229728403767, 0.955591683446, 0.990786922072, 0.961665370174, 0.0199546606627, 0.253291411631, 3.90223069987
0.253291411631, 0.406580644353, 0.780290128912, 0.15841164283, 0.125119845346, 0.460000501935, 0.448195665603, 0.642006248628, 0.325125522807, 0.314827248527, 0.953199694978, 0.178521148378, 0.168383142007, 0.879859930745, 0.00373920433955, 0.0530773906056, 0.457411904136, 0.276528406036, 0.889910037062, 0.218937501172, 0.664640962997, 0.659837018154, 0.536105282713, 0.997826475508, 0.145624976196, 0.229728403767, 0.955591683446, 0.990786922072, 0.961665370174, 0.0199546606627, 0.253291411631, 3.90223069987
0.393679898734, 0.117370627453, 0.10223522263, 0.0966185307152, 0.254245773637, 0.884230127005, 0.0221564298383, 0.382277883164, 0.773694136894, 0.860645464667, 0.48736775012, 0.106066101951, 0.0897916260298, 0.241884593547, 0.621634433505, 0.528563112459, 0.621395538831, 0.41969376999, 0.170237989541, 0.382119324614, 0.913197606659, 0.738630287462, 0.848937131074, 0.87958102383, 0.128841214284, 0.338189979506, 0.423352907763, 0.461642065213, 0.545123626433, 0.529931365137, 0.393679898734, 3.69620993336
0.393679898734, 0.117370627453, 0.10223522263, 0.0966185307152, 0.254245773637, 0.884230127005, 0.0221564298383, 0.382277883164, 0.773694136894, 0.860645464667, 0.48736775012, 0.106066101951, 0.0897916260298, 0.241884593547, 0.621634433505, 0.528563112459, 0.621395538831, 0.41969376999, 0.170237989541, 0.382119324614, 0.913197606659, 0.738630287462, 0.848937131074, 0.87958102383, 0.128841214284, 0.338189979506, 0.423352907763, 0.461642065213, 0.545123626433, 0.529931365137, 0.393679898734, 3.69620993336
0.826241102943, 0.00769623939327, 0.392976901162, 0.509538422809, 0.968526107885, 0.440007280372, 0.980278333024, 0.854011346422, 0.103411520975, 0.0606583668376, 0.0475537626206, 0.777120728039, 0.982633872512, 0.817622833281, 0.447640126627, 0.184955513663, 0.14981388205, 0.611450652416, 0.0622092418329, 0.106394531958, 0.454894919645, 0.302182403714, 0.526894059655, 0.516841287748, 0.628666069176, 0.585823321898, 0.696281649872, 0.011415788701, 0.0059558636166, 0.545246019823, 0.826241102943, 2.33365883499
0.826241102943, 0.00769623939327, 0.392976901162, 0.509538422809, 0.968526107885, 0.440007280372, 0.980278333024, 0.854011346422, 0.103411520975, 0.0606583668376, 0.0475537626206, 0.777120728039, 0.982633872512, 0.817622833281, 0.447640126627, 0.184955513663, 0.14981388205, 0.611450652416, 0.0622092418329, 0.106394531958, 0.454894919645, 0.302182403714, 0.526894059655, 0.516841287748, 0.628666069176, 0.585823321898, 0.696281649872, 0.011415788701, 0.0059558636166, 0.545246019823, 0.826241102943, 2.33365883499
0.450793580472, 0.037296017866, 0.287397325529, 0.249640798329, 0.514199249688, 0.616441382096, 0.568929070022, 0.00412998917434, 0.490613826673, 0.219000146348, 0.56559175022, 0.964173519665, 0.78821429284, 0.0553235594942, 0.686385521584, 0.122035766169, 0.688502953565, 0.00289037016156, 0.0719523160596, 0.213307478168, 0.271754836596, 0.932547793844, 0.980300771935, 0.949117615242, 0.867981174842, 0.776621432089, 0.193054034727, 0.114754366967, 0.507909458542, 0.66954181045, 0.450793580472, 3.18555830235
0.450793580472, 0.037296017866, 0.287397325529, 0.249640798329, 0.514199249688, 0.616441382096, 0.568929070022, 0.00412998917434, 0.490613826673, 0.219000146348, 0.56559175022, 0.964173519665, 0.78821429284, 0.0553235594942, 0.686385521584, 0.122035766169, 0.688502953565, 0.00289037016156, 0.0719523160596, 0.213307478168, 0.271754836596, 0.932547793844, 0.980300771935, 0.949117615242, 0.867981174842, 0.776621432089, 0.193054034727, 0.114754366967, 0.507909458542, 0.66954181045, 0.450793580472, 3.18555830235
0.621104190431, 0.123529254587, 0.546305299767, 0.287198628041, 0.180665344376, 0.00825703422846, 0.69567682381, 0.874731925937, 0.507770919146, 0.446837646983, 0.517647322232, 0.865723408833, 0.866423401122, 0.0131530458337, 0.0459277437758, 0.602813668383, 0.820995008868, 0.0784118953684, 0.442564641955, 0.955694960465, 0.146988364916, 0.90897891447, 0.715843758495, 0.554751801107, 0.0426178756486, 0.111799358836, 0.424641249241, 0.727913218851, 0.493117227946, 0.614300617719, 0.621104190431, 3.04315187871
0.621104190431, 0.123529254587, 0.546305299767, 0.287198628041, 0.180665344376, 0.00825703422846, 0.69567682381, 0.874731925937, 0.507770919146, 0.446837646983, 0.517647322232, 0.865723408833, 0.866423401122, 0.0131530458337, 0.0459277437758, 0.602813668383, 0.820995008868, 0.0784118953684, 0.442564641955, 0.955694960465, 0.146988364916, 0.90897891447, 0.715843758495, 0.554751801107, 0.0426178756486, 0.111799358836, 0.424641249241, 0.727913218851, 0.493117227946, 0.614300617719, 0.621104190431, 3.04315187871
0.0185745910776, 0.0338188190613, 0.559149859462, 0.177350734568, 0.780761391023, 0.267268495847, 0.447160156766, 0.132080579436, 0.768402133879, 0.561668131988, 0.000104218390969, 0.114946686797, 0.466506605338, 0.858382495947, 0.53163197211, 0.060763982881, 0.670120723634, 0.646416273343, 0.538039479932, 0.913067212113, 0.4156725977, 0.719652912924, 0.168951933089, 0.313342372866, 0.397912474871, 0.928554574404, 0.023177155843, 0.275761430289, 0.86268513473, 0.980097537406, 0.0185745910776, 4.90310096589
0.0185745910776, 0.0338188190613, 0.559149859462, 0.177350734568, 0.780761391023, 0.267268495847, 0.447160156766, 0.132080579436, 0.768402133879, 0.561668131988, 0.000104218390969, 0.114946686797, 0.466506605338, 0.858382495947, 0.53163197211, 0.060763982881, 0.670120723634, 0.646416273343, 0.538039479932, 0.913067212113, 0.4156725977, 0.719652912924, 0.168951933089, 0.313342372866, 0.397912474871, 0.928554574404, 0.023177155843, 0.275761430289, 0.86268513473, 0.980097537406, 0.0185745910776, 4.90310096589
0.852544120008, 0.624481676814, 0.564038258795, 0.381745420708, 0.504285725627, 0.349139914752, 0.293143246221, 0.0778571111299, 0.129659567367, 0.883303818823, 0.244874045489, 0.102423132729, 0.81166450464, 0.183376251577, 0.920666560309, 0.181827672708, 0.169116250963, 0.195098039528, 0.472917007753, 0.87729736613, 0.778571722811, 0.466040988895, 0.676031506452, 0.300690898661, 0.198816376228, 0.691101936061, 0.760669068015, 0.0290727674186, 0.932742101634, 0.269183578958, 0.852544120008, 2.13013614493
0.852544120008, 0.624481676814, 0.564038258795, 0.381745420708, 0.504285725627, 0.349139914752, 0.293143246221, 0.0778571111299, 0.129659567367, 0.883303818823, 0.244874045489, 0.102423132729, 0.81166450464, 0.183376251577, 0.920666560309, 0.181827672708, 0.169116250963, 0.195098039528, 0.472917007753, 0.87729736613, 0.778571722811, 0.466040988895, 0.676031506452, 0.300690898661, 0.198816376228, 0.691101936061, 0.760669068015, 0.0290727674186, 0.932742101634, 0.269183578958, 0.852544120008, 2.13013614493
0.840197232727, 0.139809714296, 0.153795303267, 0.49632255178, 0.0781818730389, 0.416190584762, 0.893116193619, 0.994320376518, 0.947374627493, 0.0425536657408, 0.680048777637, 0.983690486547, 0.514058774659, 0.44345287076, 0.350000569147, 0.543933369544, 0.385174555078, 0.0046429065609, 0.669166443102, 0.473178992983, 0.348191920332, 0.332415171103, 0.403154096654, 0.281992795479, 0.32568916218, 0.664182213323, 0.0675381281847, 0.249878353079, 0.5283824587, 0.452193705825, 0.840197232727, 2.14322263063
0.840197232727, 0.139809714296, 0.153795303267, 0.49632255178, 0.0781818730389, 0.416190584762, 0.893116193619, 0.994320376518, 0.947374627493, 0.0425536657408, 0.680048777637, 0.983690486547, 0.514058774659, 0.44345287076, 0.350000569147, 0.543933369544, 0.385174555078, 0.0046429065609, 0.669166443102, 0.473178992983, 0.348191920332, 0.332415171103, 0.403154096654, 0.281992795479, 0.32568916218, 0.664182213323, 0.0675381281847, 0.249878353079, 0.5283824587, 0.452193705825, 0.840197232727, 2.14322263063
0.430972401595, 0.993834011573, 0.970239431522, 0.35245154195, 0.362202289266, 0.6032321377, 0.2264537943, 0.536930118775, 0.385131658238, 0.163798203229, 0.211568572832, 0.89378191688, 0.630519848963, 0.0844815407589, 0.893885427377, 0.76467921599, 0.27603885397, 0.946823731361, 0.316345032554, 0.0269823109988, 0.887960825149, 0.159547925517, 0.204468861842, 0.119955128896, 0.734863206039, 0.327044782788, 0.833638087751, 0.40396676893, 0.790218063812, 0.536885593651, 0.430972401595, 3.64099368011
0.430972401595, 0.993834011573, 0.970239431522, 0.35245154195, 0.362202289266, 0.6032321377, 0.2264537943, 0.536930118775, 0.385131658238, 0.163798203229, 0.211568572832, 0.89378191688, 0.630519848963, 0.0844815407589, 0.893885427377, 0.76467921599, 0.27603885397, 0.946823731361, 0.316345032554, 0.0269823109988, 0.887960825149, 0.159547925517, 0.204468861842, 0.119955128896, 0.734863206039, 0.327044782788, 0.833638087751, 0.40396676893, 0.790218063812, 0.536885593651, 0.430972401595, 3.64099368011
0.0185745910776, 0.0338188190613, 0.559149859462, 0.177350734568, 0.780761391023, 0.267268495847, 0.447160156766, 0.132080579436, 0.768402133879, 0.713315739667, 0.000104218390969, 0.114946686797, 0.466506605338, 0.858382495947, 0.53163197211, 0.060763982881, 0.708725959689, 0.84687885608, 0.538039479932, 0.913067212113, 0.4156725977, 0.719652912924, 0.125111974863, 0.347308827519, 0.0662752640915, 0.928554574404, 0.246085125439, 0.275761430289, 0.86268513473, 0.980097537406, 0.0185745910776, 4.98504222799
0.0185745910776, 0.0338188190613, 0.559149859462, 0.177350734568, 0.780761391023, 0.267268495847, 0.447160156766, 0.132080579436, 0.768402133879, 0.713315739667, 0.000104218390969, 0.114946686797, 0.466506605338, 0.858382495947, 0.53163197211, 0.060763982881, 0.708725959689, 0.84687885608, 0.538039479932, 0.913067212113, 0.4156725977, 0.719652912924, 0.125111974863, 0.347308827519, 0.0662752640915, 0.928554574404, 0.246085125439, 0.275761430289, 0.86268513473, 0.980097537406, 0.0185745910776, 4.98504222799
0.849316558278, 0.123529254587, 0.546305299767, 0.449610807326, 0.463348602157, 0.00825703422846, 0.221030440114, 0.874731925937, 0.507770919146, 0.367122208978, 0.756701238296, 0.865723408833, 0.885781642145, 0.0131530458337, 0.302165941654, 0.602813668383, 0.75327222972, 0.147405404566, 0.442564641955, 0.955694960465, 0.146988364916, 0.762945253573, 0.715843758495, 0.328870352648, 0.0426178756486, 0.111799358836, 0.424641249241, 0.665583025233, 0.299456595768, 0.614300617719, 0.849316558278, 2.21635111433
0.849316558278, 0.123529254587, 0.546305299767, 0.449610807326, 0.463348602157, 0.00825703422846, 0.221030440114, 0.874731925937, 0.507770919146, 0.367122208978, 0.756701238296, 0.865723408833, 0.885781642145, 0.0131530458337, 0.302165941654, 0.602813668383, 0.75327222972, 0.147405404566, 0.442564641955, 0.955694960465, 0.146988364916, 0.762945253573, 0.715843758495, 0.328870352648, 0.0426178756486, 0.111799358836, 0.424641249241, 0.665583025233, 0.299456595768, 0.614300617719, 0.849316558278, 2.21635111433
0.656935929774, 0.243666617238, 0.527902380477, 0.25388753789, 0.545919524699, 0.765647101856, 0.152443930505, 0.172878466614, 0.778731291915, 0.698791764808, 0.831973730461, 0.145562338731, 0.2928296606, 0.542774771128, 0.534100180539, 0.0538497300784, 0.448822230147, 0.816441699224, 0.751772781678, 0.693791348714, 0.899363048333, 0.590467956786, 0.0407974394083, 0.479902059897, 0.365787045465, 0.188443287819, 0.52094096433, 0.111102336776, 0.163921900266, 0.786480143194, 0.656935929774, 2.67607008812
0.621104190431, 0.123529254587, 0.546305299767, 0.287198628041, 0.0240011159674, 0.00825703422846, 0.69567682381, 0.874731925937, 0.507770919146, 0.308642976565, 0.517647322232, 0.865723408833, 0.866423401122, 0.314100973754, 0.302165941654, 0.602813668383, 0.903264266514, 0.0784118953684, 0.442564641955, 0.955694960465, 0.146988364916, 0.999237197496, 0.715843758495, 0.416462745911, 0.0426178756486, 0.111799358836, 0.424641249241, 0.727913218851, 0.299456595768, 0.614300617719, 0.621104190431, 3.06959210813
