0.000105280070621, -1.35776072645, -1.97183452955, 0.575721994667, -0.543209577283, -2.1385943095, -1.10154028398, -1.52906003538, 0.544239383082, -0.356251343889, 0.000105280070621, 67.6037653258
0.000232306886868, 0.625550951098, 1.96186950758, -1.3813745177, -0.543209577283, -0.0130808273412, -0.0245709875149, -0.419943170746, 0.544239383082, -1.81499206582, 0.000232306886868, 56.6521420897
0.00288869665175, -1.07356302779, 1.96186950758, -1.3813745177, -2.02725024687, -0.0130808273412, -0.0245709875149, -0.419943170746, 0.96609588108, 0.544742077718, 0.00288869665175, 35.9990746161
0.000105280070621, -1.35776072645, -1.97183452955, 0.575721994667, -0.543209577283, -2.1385943095, -1.10154028398, -1.52906003538, 0.544239383082, -0.356251343889, 0.000105280070621, 67.6037653258
0.000232306886868, 0.625550951098, 1.96186950758, -1.3813745177, -0.543209577283, -0.0130808273412, -0.0245709875149, -0.419943170746, 0.544239383082, -1.81499206582, 0.000232306886868, 56.6521420897
0.00288869665175, -1.07356302779, 1.96186950758, -1.3813745177, -2.02725024687, -0.0130808273412, -0.0245709875149, -0.419943170746, 0.96609588108, 0.544742077718, 0.00288869665175, 35.9990746161
0.000105280070621, -1.51954848741, 0.676356768127, 1.19004690784, -0.543209577283, -0.0130808273412, -0.146438321361, -0.419943170746, 0.544239383082, -1.81499206582, 0.000105280070621, 80.1095063049
0.000105280070621, -1.51954848741, 0.676356768127, 1.19004690784, -0.543209577283, -0.0130808273412, -0.146438321361, -0.419943170746, 0.544239383082, -1.81499206582, 0.000105280070621, 80.1095063049
0.00288869665175, 4.4634377714, 1.96186950758, -2.06520807333, -0.543209577283, -0.0130808273412, -0.146438321361, -0.467532396954, -1.00196338815, 1.90973931692, 0.00288869665175, 60.389867988
0.00288869665175, 4.4634377714, 1.96186950758, -2.06520807333, -0.543209577283, -0.0130808273412, -0.146438321361, -0.467532396954, -1.00196338815, 1.90973931692, 0.00288869665175, 60.389867988
0.000105280070621, 0.0925961185246, 1.96186950758, 1.19004690784, -0.337427643634, -0.0130808273412, -0.146438321361, -0.419943170746, 0.544239383082, -1.81499206582, 0.000105280070621, 84.9796528468
0.000105280070621, 0.0925961185246, 1.96186950758, 1.19004690784, -0.337427643634, -0.0130808273412, -0.146438321361, -0.419943170746, 0.544239383082, -1.81499206582, 0.000105280070621, 84.9796528468
0.113501064351, -1.29512129429, -1.97183452955, 0.575721994667, -0.543209577283, -0.0130808273412, -0.146438321361, -1.52906003538, 0.544239383082, -0.356251343889, 0.113501064351, 61.9595281536
0.00288869665175, 4.4634377714, 1.96186950758, 4.01211611652, -0.543209577283, -0.0130808273412, -1.10154028398, -0.467532396954, -1.00196338815, 1.90973931692, 0.00288869665175, 64.7888107258
0.113501064351, -1.29512129429, -1.97183452955, 0.575721994667, -0.543209577283, -0.0130808273412, -0.146438321361, -1.52906003538, 0.544239383082, -0.356251343889, 0.113501064351, 61.9595281536
0.00288869665175, 4.4634377714, 1.96186950758, 4.01211611652, -0.543209577283, -0.0130808273412, -1.10154028398, -0.467532396954, -1.00196338815, 1.90973931692, 0.00288869665175, 64.7888107258
0.000105280070621, -1.51954848741, -4.10951110685, 1.19004690784, 0.558041277958, -0.0130808273412, -0.146438321361, -0.419943170746, 1.89896961239, -1.81499206582, 0.000105280070621, 98.5503719232
0.000139533348162, -0.109536537581, 1.96186950758, -0.120829715583, -0.543209577283, -0.15994700862, -2.31869007628, -0.419943170746, 0.544239383082, -1.81499206582, 0.000139533348162, 88.2007743259
0.000105280070621, -1.51954848741, -4.10951110685, 1.19004690784, 0.558041277958, -0.0130808273412, -0.146438321361, -0.419943170746, 1.89896961239, -1.81499206582, 0.000105280070621, 98.5503719232
0.000139533348162, -0.109536537581, 1.96186950758, -0.120829715583, -0.543209577283, -0.15994700862, -2.31869007628, -0.419943170746, 0.544239383082, -1.81499206582, 0.000139533348162, 88.2007743259
0.00288869665175, -2.77577232077, 1.96186950758, -2.06520807333, -0.543209577283, -0.0130808273412, -0.146438321361, -0.467532396954, -1.00196338815, 1.90973931692, 0.00288869665175, 66.6155753465
0.00288869665175, -2.77577232077, 1.96186950758, -2.06520807333, -0.543209577283, -0.0130808273412, -0.146438321361, -0.467532396954, -1.00196338815, 1.90973931692, 0.00288869665175, 66.6155753465
0.00288869665175, -2.77577232077, 1.96186950758, -2.06520807333, -0.543209577283, -0.0130808273412, -0.146438321361, -0.467532396954, -1.00196338815, 1.90973931692, 0.00288869665175, 66.6155753465
0.00288869665175, -2.77577232077, 1.96186950758, -2.06520807333, -0.543209577283, -0.0130808273412, -0.146438321361, -0.467532396954, -1.00196338815, 1.90973931692, 0.00288869665175, 66.6155753465
0.00208810334097, -2.77577232077, 1.96186950758, -1.3813745177, -0.543209577283, -0.0130808273412, -0.146438321361, -0.467532396954, 0.544239383082, -1.81499206582, 0.00208810334097, 81.8014180027
0.00106920694238, -2.77577232077, 1.96186950758, -1.3813745177, -0.543209577283, -0.0130808273412, -0.146438321361, -0.467532396954, 0.544239383082, -1.81499206582, 0.00106920694238, 81.801418042
0.00208810334097, -2.77577232077, 1.96186950758, -1.3813745177, -0.543209577283, -0.0130808273412, -0.146438321361, -0.467532396954, 0.544239383082, -1.81499206582, 0.00208810334097, 81.8014180027
0.00106920694238, -2.77577232077, 1.96186950758, -1.3813745177, -0.543209577283, -0.0130808273412, -0.146438321361, -0.467532396954, 0.544239383082, -1.81499206582, 0.00106920694238, 81.801418042
0.000105280070621, 0.0925961185246, 1.96186950758, 1.19004690784, 3.70469525725, -0.0130808273412, -0.146438321361, -0.419943170746, 0.544239383082, -1.81499206582, 0.000105280070621, 102.465255575
0.000105280070621, 0.0925961185246, 1.96186950758, 1.19004690784, 3.70469525725, -0.0130808273412, -0.146438321361, -0.419943170746, 0.544239383082, -1.81499206582, 0.000105280070621, 102.465255575
0.00190417295986, -4.0205435238, 1.4806027722, 3.11073539909, -0.440300865672, -1.49411991845, -0.218751901441, -0.0406065414877, 0.0493860458211, 0.208074225978, 0.00190417295986, 84.132370408
0.00190417295986, -4.0205435238, 1.4806027722, 3.11073539909, -0.440300865672, -1.49411991845, -0.218751901441, -0.0406065414877, 0.0493860458211, 0.208074225978, 0.00190417295986, 84.132370408
0.000105280070621, 0.0925961185246, 1.96186950758, 1.19004690784, 3.70469525725, -0.0130808273412, -0.146438321361, 0.829294418667, 0.544239383082, -1.81499206582, 0.000105280070621, 113.76178896
0.000105280070621, 0.0925961185246, 1.96186950758, 1.19004690784, 3.70469525725, -0.0130808273412, -0.146438321361, 0.829294418667, 0.544239383082, -1.81499206582, 0.000105280070621, 113.76178896
0.000105280070621, 0.0925961185246, 1.96186950758, 1.19004690784, 3.70469525725, 2.81366863504, -0.146438321361, 0.829294418667, 0.544239383082, -1.81499206582, 0.000105280070621, 138.510018373
0.000105280070621, 0.0925961185246, 1.96186950758, 1.19004690784, 3.70469525725, 2.81366863504, -0.146438321361, 0.829294418667, 0.544239383082, -1.81499206582, 0.000105280070621, 138.510018373
0.000666263094218, 0.625550951098, -4.10951110685, -1.3813745177, -3.19073094476, -0.0130808273412, -0.0245709875149, -0.419943170746, 0.544239383082, -1.81499206582, 0.000666263094218, 102.4306141
0.000666263094218, 0.625550951098, -4.10951110685, -1.3813745177, -3.19073094476, -0.0130808273412, -0.0245709875149, -0.419943170746, 0.544239383082, -1.81499206582, 0.000666263094218, 102.4306141
0.00288869665175, -1.51954848741, 1.96186950758, 1.19004690784, -0.543209577283, -0.15994700862, -0.146438321361, -0.419943170746, 0.93800599245, -1.95584590003, 0.00288869665175, 69.9016794805
0.00288869665175, -1.51954848741, 1.96186950758, 1.19004690784, -0.543209577283, -0.15994700862, -0.146438321361, -0.419943170746, 0.93800599245, -1.95584590003, 0.00288869665175, 69.9016794805
0.113501064351, 0.484964467627, -1.23718158005, -1.3813745177, -0.543209577283, -0.0130808273412, 1.14138547186, -1.43154879096, 0.544239383082, -2.09927454081, 0.113501064351, 67.6964385947
0.113501064351, 0.484964467627, -1.23718158005, -1.3813745177, -0.543209577283, -0.0130808273412, 1.14138547186, -1.43154879096, 0.544239383082, -2.09927454081, 0.113501064351, 67.6964385947
0.000232306886868, 0.625550951098, 4.54169117372, -1.3813745177, -0.543209577283, -1.69990970786, 2.1029219436, -0.419943170746, 0.544239383082, -1.81499206582, 0.000232306886868, 105.69330005
0.000232306886868, 0.625550951098, 4.54169117372, -1.3813745177, -0.543209577283, -1.69990970786, 2.1029219436, -0.419943170746, 0.544239383082, -1.81499206582, 0.000232306886868, 105.69330005
0.00116765165359, 1.13457923506, 4.44859105123, 3.94190486297, -1.52979256029, -1.05966903853, -0.146438321361, -0.419943170746, 2.0194075552, -1.81499206582, 0.00116765165359, 102.239595109
0.00116765165359, 1.13457923506, 4.44859105123, 3.94190486297, -1.52979256029, -1.05966903853, -0.146438321361, -0.419943170746, 2.0194075552, -1.81499206582, 0.00116765165359, 102.239595109
0.00288869665175, -2.77577232077, 1.96186950758, -1.3813745177, -0.543209577283, -0.0130808273412, -0.146438321361, -0.467532396954, 0.544239383082, 1.90973931692, 0.00288869665175, 71.0799987288
0.00288869665175, -2.77577232077, 1.96186950758, -1.3813745177, -0.543209577283, -0.0130808273412, -0.146438321361, -0.467532396954, 0.544239383082, 1.90973931692, 0.00288869665175, 71.0799987288
0.00288869665175, -2.77577232077, 1.96186950758, -1.3813745177, -0.543209577283, -0.0130808273412, -0.146438321361, -0.467532396954, 0.544239383082, 1.90973931692, 0.00288869665175, 71.0799987288
0.00288869665175, -2.77577232077, 1.96186950758, -1.3813745177, -0.543209577283, -0.0130808273412, -0.146438321361, -0.467532396954, 0.544239383082, 1.90973931692, 0.00288869665175, 71.0799987288
0.00262235310863, -1.51954848741, -1.23718158005, 1.19004690784, 3.5945022037, -1.49411991845, 0.404212954439, -0.419943170746, 0.125334603258, -2.0895495017, 0.00262235310863, 96.674548432
0.00262235310863, -1.51954848741, -1.23718158005, 1.19004690784, 3.5945022037, -1.49411991845, 0.404212954439, -0.419943170746, 0.125334603258, -2.0895495017, 0.00262235310863, 96.674548432
0.000606429809245, 2.78916207187, 2.86377482292, -2.98587239404, -4.5283531778, -1.05966903853, -0.146438321361, -0.419943170746, 0.544239383082, -1.81499206582, 0.000606429809245, 120.660901185
0.000606429809245, 2.78916207187, 2.86377482292, -2.98587239404, -4.5283531778, -1.05966903853, -0.146438321361, -0.419943170746, 0.544239383082, -1.81499206582, 0.000606429809245, 120.660901185
0.000864827192119, -1.51954848741, -2.162123465, -1.3813745177, 3.5945022037, 1.68029494809, -3.53273616502, -0.419943170746, 0.544239383082, -1.81499206582, 0.000864827192119, 112.37808024
0.000864827192119, -1.51954848741, -2.162123465, -1.3813745177, 3.5945022037, 1.68029494809, -3.53273616502, -0.419943170746, 0.544239383082, -1.81499206582, 0.000864827192119, 112.37808024
0.000606429809245, 2.78916207187, 2.86377482292, 1.19004690784, -3.17570521058, -1.05966903853, -0.146438321361, -0.419943170746, 0.544239383082, -1.81499206582, 0.000606429809245, 135.198609942
0.000606429809245, 2.78916207187, 2.86377482292, 1.19004690784, -3.17570521058, -1.05966903853, -0.146438321361, -0.419943170746, 0.544239383082, -1.81499206582, 0.000606429809245, 135.198609942
0.000606429809245, 2.78916207187, 2.86377482292, 1.19004690784, -3.17570521058, -1.05966903853, -0.146438321361, -0.419943170746, 0.544239383082, -1.81499206582, 0.000606429809245, 135.198609942
0.000606429809245, 2.78916207187, 2.86377482292, 1.19004690784, -3.17570521058, -1.05966903853, -0.146438321361, -0.419943170746, 0.544239383082, -1.81499206582, 0.000606429809245, 135.198609942
0.00288869665175, -2.77577232077, 1.96186950758, -2.52796940878, -0.543209577283, -0.0130808273412, -0.146438321361, -0.467532396954, 0.544239383082, -1.81499206582, 0.00288869665175, 77.6953780719
0.0628680324948, -1.536945129, 1.34733116548, -1.3813745177, 1.43280041026, 0.976368182312, 0.430651887799, -4.97938941537, 0.0147276160983, 1.90973931692, 0.0628680324948, 76.019955669
0.00288869665175, -2.77577232077, 1.96186950758, -2.52796940878, -0.543209577283, -0.0130808273412, -0.146438321361, -0.467532396954, 0.544239383082, -1.81499206582, 0.00288869665175, 77.6953780719
0.0628680324948, -1.536945129, 1.34733116548, -1.3813745177, 1.43280041026, 0.976368182312, 0.430651887799, -4.97938941537, 0.0147276160983, 1.90973931692, 0.0628680324948, 76.019955669
0.000606429809245, 2.78916207187, 2.86377482292, 1.19004690784, -3.17570521058, 1.80141208245, -2.14954050662, -0.419943170746, 0.544239383082, -1.81499206582, 0.000606429809245, 157.596224918
0.000606429809245, 2.78916207187, 2.86377482292, 1.19004690784, -3.17570521058, 1.80141208245, -2.14954050662, -0.419943170746, 0.544239383082, -1.81499206582, 0.000606429809245, 157.596224918
0.000864827192119, 0.0489783338539, 1.37311254094, 1.19004690784, -3.17570521058, -1.49411991845, -0.218751901441, -0.419943170746, 0.125334603258, -3.92921407067, 0.000864827192119, 115.273568925
0.000864827192119, 0.0489783338539, 1.37311254094, 1.19004690784, -3.17570521058, -1.49411991845, -0.218751901441, -0.419943170746, 0.125334603258, -3.92921407067, 0.000864827192119, 115.273568925
0.000864827192119, -1.51954848741, -2.162123465, -1.3813745177, 2.70292132358, 1.68029494809, -0.146438321361, -0.419943170746, 0.544239383082, -1.81499206582, 0.000864827192119, 118.171690703
0.000864827192119, -1.51954848741, -2.162123465, -1.3813745177, 2.70292132358, 1.68029494809, -0.146438321361, -0.419943170746, 0.544239383082, -1.81499206582, 0.000864827192119, 118.171690703
0.113501064351, 0.484964467627, -4.92341027005, -1.3813745177, -0.543209577283, -0.0130808273412, 1.14138547186, -1.43154879096, 0.544239383082, -2.09927454081, 0.113501064351, 74.8201903229
0.132385459716, -1.07356302779, 1.96186950758, -1.3813745177, -2.02725024687, -0.0130808273412, -0.0245709875149, -0.419943170746, 4.33050844845, 2.49567520991, 0.132385459716, 72.6360703495
0.113501064351, 0.484964467627, -4.92341027005, -1.3813745177, -0.543209577283, -0.0130808273412, 1.14138547186, -1.43154879096, 0.544239383082, -2.09927454081, 0.113501064351, 74.8201903229
0.132385459716, -1.07356302779, 1.96186950758, -1.3813745177, -2.02725024687, -0.0130808273412, -0.0245709875149, -0.419943170746, 4.33050844845, 2.49567520991, 0.132385459716, 72.6360703495
0.624658857638, 0.484964467627, 1.30553339128, 1.6644162681, -0.499359459989, 1.44104964223, 2.35774925785, 0.00705411069983, -0.0936321178101, 0.591451571403, 0.624658857638, 73.420037218
0.624658857638, 0.484964467627, 1.30553339128, 1.6644162681, -0.499359459989, 1.44104964223, 2.35774925785, 0.00705411069983, -0.0936321178101, 0.591451571403, 0.624658857638, 73.420037218
0.624658857638, 0.484964467627, 1.30553339128, 1.6644162681, -0.499359459989, 1.44104964223, 2.35774925785, 0.50470587116, -0.0936321178101, -2.47787897395, 0.624658857638, 73.9189670744
0.624658857638, 0.484964467627, 1.30553339128, 1.6644162681, -0.499359459989, 1.44104964223, 2.35774925785, 0.50470587116, -0.0936321178101, -2.47787897395, 0.624658857638, 73.9189670744
0.113501064351, -1.51954848741, -1.23718158005, -1.3813745177, -0.543209577283, -0.0130808273412, -2.4122434933, -0.419943170746, 0.544239383082, -1.81499206582, 0.113501064351, 76.060953932
0.113501064351, -1.51954848741, -1.23718158005, -1.3813745177, -0.543209577283, -0.0130808273412, -2.4122434933, -0.419943170746, 0.544239383082, -1.81499206582, 0.113501064351, 76.060953932
0.000864827192119, -1.51954848741, 2.06348936379, -4.70267433862, 3.5945022037, 1.68029494809, -0.116908056918, -0.419943170746, 0.544239383082, -1.81499206582, 0.000864827192119, 125.455274611
0.000864827192119, -1.51954848741, 2.06348936379, -4.70267433862, 3.5945022037, 1.68029494809, -0.116908056918, -0.419943170746, 0.544239383082, -1.81499206582, 0.000864827192119, 125.455274611
0.113501064351, -1.51954848741, -1.23718158005, -1.3813745177, -0.543209577283, -0.0130808273412, -0.146438321361, -0.419943170746, 0.544239383082, -1.81499206582, 0.113501064351, 77.4361930759
0.113501064351, -1.51954848741, -1.23718158005, -1.3813745177, -0.543209577283, -0.0130808273412, -0.146438321361, -0.419943170746, 0.544239383082, -1.81499206582, 0.113501064351, 77.4361930759
0.000864827192119, -1.51954848741, -2.162123465, -1.3813745177, 3.5945022037, 1.68029494809, -0.146438321361, -0.419943170746, 0.199486134301, -1.81499206582, 0.000864827192119, 128.036320762
0.000864827192119, -1.51954848741, -2.162123465, -1.3813745177, 3.5945022037, 1.68029494809, -0.146438321361, -0.419943170746, 0.199486134301, -1.81499206582, 0.000864827192119, 128.036320762
0.00288869665175, -2.77577232077, 1.96186950758, -3.62662852192, -0.543209577283, -0.0130808273412, -0.0245709875149, 2.39323570698, 0.544239383082, 2.49567520991, 0.00288869665175, 80.3603563606
0.00288869665175, -2.77577232077, 1.96186950758, -3.62662852192, -0.543209577283, -0.0130808273412, -0.0245709875149, 2.39323570698, 0.544239383082, 2.49567520991, 0.00288869665175, 80.3603563606
0.00114581153624, -1.51954848741, -2.162123465, -1.3813745177, 2.70292132358, 2.801626038, -0.146438321361, -0.419943170746, 0.544239383082, -1.81499206582, 0.00114581153624, 124.763038436
0.00114581153624, -1.51954848741, -2.162123465, -1.3813745177, 2.70292132358, 2.801626038, -0.146438321361, -0.419943170746, 0.544239383082, -1.81499206582, 0.00114581153624, 124.763038436
0.00262235310863, -1.51954848741, -1.23718158005, 1.19004690784, 3.88664448763, -1.49411991845, 0.484055242433, -0.419943170746, 0.125334603258, -2.75931839561, 0.00262235310863, 112.48955282
0.00262235310863, -1.51954848741, -1.23718158005, 1.19004690784, 3.88664448763, -1.49411991845, 0.484055242433, -0.419943170746, 0.125334603258, -2.75931839561, 0.00262235310863, 112.48955282
0.000864827192119, 1.27029098192, -2.162123465, -1.3813745177, 2.84020353446, 1.68029494809, -0.146438321361, -0.419943170746, 1.79739472478, -1.81499206582, 0.000864827192119, 153.254695036
0.000864827192119, 1.27029098192, -2.162123465, -1.3813745177, 2.84020353446, 1.68029494809, -0.146438321361, -0.419943170746, 1.79739472478, -1.81499206582, 0.000864827192119, 153.254695036
0.000864827192119, 1.27029098192, -2.162123465, -1.3813745177, 2.84020353446, 1.68029494809, -0.146438321361, -0.419943170746, 1.79739472478, -1.81499206582, 0.000864827192119, 153.254695036
0.000864827192119, 1.27029098192, -2.162123465, -1.3813745177, 2.84020353446, 1.68029494809, -0.146438321361, -0.419943170746, 1.79739472478, -1.81499206582, 0.000864827192119, 153.254695036
0.113501064351, -3.19439084724, 0.561181015371, -1.3813745177, -0.543209577283, -0.0130808273412, -1.10154028398, -1.53621413135, 0.544239383082, -1.81499206582, 0.113501064351, 78.5921279825
0.113501064351, -3.19439084724, 0.561181015371, -1.3813745177, -0.543209577283, -0.0130808273412, -1.10154028398, -1.53621413135, 0.544239383082, -1.81499206582, 0.113501064351, 78.5921279825
0.000864827192119, -1.51954848741, -2.162123465, -4.70267433862, 3.78721018773, 1.68029494809, -0.146438321361, -0.419943170746, 0.544239383082, -1.81499206582, 0.000864827192119, 155.125198258
0.000864827192119, -1.51954848741, -2.162123465, -4.70267433862, 3.78721018773, 1.68029494809, -0.146438321361, -0.419943170746, 0.544239383082, -1.81499206582, 0.000864827192119, 155.125198258
