0.0, 0.0856669434691, 0.0, 0.107615443438, 0.3394724104, 0.0, 0.201335039611, 0.316151372952, 0.408277137984, 0.0, 0.0, 0.0, 0.0, 0.0, 0.0, 0.986557284982, 0.0, 1.0, 0.0, 0.975730011745, 0.0, 1.0, 0.0, 0.0, 0.199092933608, 0.140940713521, 0.0, 0.0, 36.0, 0.0, 3.35376006668
0.0, 0.0, 0.0, 0.404557409569, 0.0, 0.0, 0.0, 0.0, 0.128542367302, 0.0, 0.0, 0.0656665720448, 0.0, 0.0, 0.0, 1.0, 0.0679238635027, 1.0, 0.962111558324, 0.980425179634, 0.0, 1.0, 0.0, 0.0, 0.199092933608, 0.148431483591, 0.0, 0.0, 35.0, 0.0, 3.9842000029
0.0, 0.0, 0.0, 0.0, 0.353520041954, 0.0, 0.145910940563, 0.0, 0.443322099443, 0.0, 0.812588394073, 0.0, 0.0, 0.490405703123, 0.0, 1.0, 0.0, 0.0, 0.0, 0.0, 0.0, 0.610773710747, 0.0, 0.972930232159, 1.0, 0.0, 1.0, 0.0, 28.0, 1.0, 4.58003649071
0.0, 0.286983633201, 0.524272657154, 1.0, 1.0, 0.863466459285, 1.0, 0.00855344626043, 0.0, 0.0, 0.453439386721, 1.0, 0.0, 0.787350048383, 1.0, 1.0, 0.0, 0.0, 1.0, 0.980425179634, 0.225057583542, 1.0, 0.0, 0.221614730738, 0.593359358917, 0.255102904186, 1.0, 0.0, 11.0, 0.0, 11.8619875855
0.0947058824257, 0.0, 0.325897778151, 0.289926837927, 0.0229778812636, 0.0, 0.0, 0.0, 0.244055889446, 0.445535309183, 0.0, 0.0, 0.00883529815245, 0.0, 0.0, 1.0, 0.219785916824, 0.0, 0.400095734103, 1.0, 0.0, 1.0, 0.618475829901, 0.0, 0.635674617593, 0.00160626574609, 0.0, 0.643985448515, 28.0, 0.0, 4.73017337504
0.0, 0.1185108389, 0.388892031072, 1.0, 1.0, 0.863466459285, 0.0, 0.0, 0.0, 0.783436935167, 0.0, 0.0, 0.0, 0.787296614226, 1.0, 1.0, 0.0, 0.0, 1.0, 0.827285483328, 0.0779094926115, 1.0, 0.160788180195, 0.0, 0.593359358917, 0.471343701517, 0.850691881831, 0.0, 16.0, 0.0, 9.77354875822
0.0, 0.0, 0.0, 0.486144988553, 0.496922529256, 1.0, 0.375085141534, 0.0, 0.0622316874407, 0.0, 0.150306765031, 0.0, 0.0, 0.227050036487, 0.0729723101356, 0.313483807876, 0.0, 0.0, 0.0, 0.0, 0.0, 0.0, 0.065189458977, 0.0, 0.0478477350288, 0.0, 0.448005126252, 0.0, 48.0, 0.0, 0.476030966418
0.0, 0.0, 0.0, 0.0, 0.0, 0.100311132728, 0.363267729213, 0.0100839403163, 0.0, 0.0, 0.812588394073, 0.0, 0.0, 1.0, 0.191430300058, 1.0, 0.0, 0.0, 0.0, 0.0, 0.0, 0.610773710747, 0.0, 0.972930232159, 1.0, 0.0671761048952, 0.740840612307, 0.0, 24.0, 1.0, 5.44808563411
0.0, 0.0, 0.0, 0.0, 0.273370274037, 0.0, 0.14091117533, 0.0, 0.408277137984, 0.0922306758259, 0.0, 0.0656665720448, 0.0, 0.0, 0.0, 1.0, 0.0, 1.0, 0.962111558324, 0.773626144823, 0.0, 1.0, 0.0, 0.0, 0.199092933608, 0.140940713521, 0.0, 0.0, 35.0, 0.0, 3.9842000029
0.0, 0.1185108389, 0.388892031072, 1.0, 1.0, 0.863466459285, 0.0, 0.0, 0.128542367302, 0.0, 0.0, 1.0, 0.0, 0.787296614226, 1.0, 1.0, 0.0, 0.0, 1.0, 0.953039290983, 0.223686327499, 1.0, 0.0, 0.715971871303, 0.593359358917, 0.47366598408, 1.0, 0.26780320098, 12.0, 0.0, 10.2866842845
0.0, 0.0, 0.0, 0.404557409569, 0.247760375987, 0.0, 0.0, 0.146961400579, 0.0, 0.0, 0.0, 0.0, 0.0, 0.0, 0.0, 1.0, 0.0679238635027, 1.0, 0.0, 0.994265212666, 0.14645198302, 1.0, 0.0, 0.0, 0.535111950532, 0.148431483591, 0.0, 0.0, 32.0, 0.0, 3.99662901776
0.0, 0.262030925655, 0.0, 0.0, 0.0, 0.943408496573, 0.0, 0.0, 0.0636310793859, 0.0131913780467, 0.846722313723, 0.0, 0.354526088534, 0.25442055435, 1.0, 1.0, 0.0, 0.0, 0.211871259751, 0.686325043603, 1.0, 0.575024411896, 0.0212403752417, 0.0, 1.0, 0.0158593111014, 1.0, 0.0, 22.0, 0.0, 6.42124298569
0.0, 0.440770700002, 0.524272657154, 1.0, 1.0, 0.659055358763, 1.0, 0.00855344626043, 0.0, 0.0, 0.453439386721, 1.0, 0.0, 0.787296614226, 1.0, 1.0, 0.0, 0.0, 1.0, 0.953253387859, 0.0, 1.0, 0.569469742133, 0.0, 0.593359358917, 0.254290168118, 1.0, 0.0, 10.0, 0.0, 12.3290884892
0.638281440649, 0.0, 0.0, 0.634660492853, 1.0, 0.0, 1.0, 1.0, 1.0, 0.152001804904, 0.613403326856, 0.00141246397674, 1.0, 1.0, 0.572219836384, 0.960215910569, 0.0, 1.0, 0.0, 0.0, 0.0, 1.0, 0.684318001354, 1.0, 0.333913932068, 0.309644338059, 1.0, 0.0, 7.0, 0.0, 14.5317951313
0.0, 1.0, 0.0, 0.169456771404, 0.496922529256, 1.0, 0.250522236539, 0.0, 0.0622316874407, 0.0, 0.0, 0.0, 0.0, 0.322849073072, 0.0729723101356, 0.4993768896, 0.0, 0.0, 0.0, 0.0, 0.0, 0.610773710747, 0.293441765468, 0.0, 1.0, 0.0, 0.448005126252, 0.0, 39.0, 0.0, 2.39951243294
0.567897403946, 1.0, 0.0, 1.0, 1.0, 0.0, 0.324257110587, 1.0, 0.196596735401, 0.0, 0.504608145052, 0.000915862673642, 1.0, 1.0, 0.953019123819, 1.0, 0.0, 1.0, 1.0, 0.40006831785, 0.0, 1.0, 1.0, 1.0, 1.0, 0.0, 1.0, 0.0282739232789, 6.0, 0.0, 14.9965993413
0.0, 0.0, 0.0, 0.0, 0.982713412033, 0.0, 0.363267729213, 0.0, 0.0, 0.0, 0.846722313723, 0.0, 0.0, 1.0, 0.510839138488, 1.0, 0.0, 0.0, 0.0, 0.686325043603, 0.0, 0.610773710747, 0.165413621345, 0.972930232159, 0.65812952777, 0.0, 1.0, 0.0, 18.0, 0.0, 6.67326722329
0.0, 0.0, 0.0, 0.0, 0.0, 1.0, 0.375085141534, 0.0, 0.0622316874407, 0.0, 0.0, 0.0, 0.0, 0.227050036487, 0.0729723101356, 0.246340507334, 0.0, 0.0, 0.0, 0.0, 0.0, 0.0, 0.245287461808, 0.77793165287, 0.0, 0.0, 0.448005126252, 0.0, 44.0, 1.0, 0.715274550164
0.0, 0.0, 0.0, 0.0, 0.496922529256, 0.270025881513, 0.363267729213, 0.0100839403163, 0.0, 0.0, 0.709620549644, 0.0, 0.0, 1.0, 0.16376676203, 1.0, 0.0, 0.0, 0.0, 0.0, 0.0, 0.610773710747, 0.0, 0.972930232159, 1.0, 0.0671761048952, 0.605342464765, 0.0, 24.0, 1.0, 5.44808563411
0.0, 0.0856669434691, 0.0, 0.107615443438, 0.327827260979, 0.0, 0.0, 0.0, 0.408277137984, 0.0, 0.0, 0.0656665720448, 0.0, 0.0, 0.0, 0.986557284982, 0.369259713386, 1.0, 0.962111558324, 0.980425179634, 0.0, 1.0, 0.0, 0.0, 0.199092933608, 0.140940713521, 0.0, 0.0, 35.0, 0.0, 3.9842000029
0.0, 0.0, 0.0, 0.404557409569, 0.0, 0.0, 0.0, 0.316151372952, 0.128542367302, 0.0, 0.0, 0.0, 0.158821246614, 0.0, 0.0, 1.0, 0.0679238635027, 0.567073186898, 0.0, 0.980425179634, 0.0, 1.0, 0.0, 0.0, 0.199092933608, 0.148431483591, 0.0, 0.0, 36.0, 0.0, 3.35376006668
0.0, 0.286983633201, 0.524272657154, 1.0, 1.0, 0.863466459285, 1.0, 0.00855344626043, 0.0, 0.0, 0.453439386721, 1.0, 0.0, 0.787350048383, 1.0, 1.0, 0.0, 0.0, 1.0, 0.990502513437, 0.0, 1.0, 0.0, 0.221614730738, 0.593359358917, 0.255102904186, 1.0, 0.0, 11.0, 0.0, 11.8619875855
0.0947058824257, 0.0, 0.325897778151, 0.289926837927, 0.0229778812636, 0.0, 0.0, 0.0, 0.244055889446, 0.445535309183, 0.0, 0.0, 0.0638769046881, 0.0, 0.0, 1.0, 0.219785916824, 0.0, 0.400095734103, 1.0, 0.225057583542, 1.0, 0.618475829901, 0.0, 0.635674617593, 0.00160626574609, 0.0, 0.643985448515, 28.0, 0.0, 4.73017337504
0.638281440649, 1.0, 0.0, 0.634660492853, 1.0, 0.0, 1.0, 0.343979654194, 1.0, 0.152001804904, 0.595855145702, 0.00141246397674, 0.799623267244, 1.0, 0.572219836384, 0.960215910569, 0.0, 1.0, 0.0, 0.121471700192, 0.0, 1.0, 1.0, 0.992624806815, 0.333913932068, 0.309644338059, 1.0, 0.0, 8.0, 0.0, 13.6809636017
0.0, 0.1185108389, 0.388892031072, 1.0, 1.0, 0.863466459285, 0.0, 0.0, 0.0, 0.346698497, 0.0, 0.0, 0.0, 0.787296614226, 1.0, 1.0, 0.0, 0.0, 1.0, 0.827285483328, 0.0779094926115, 1.0, 0.160788180195, 0.0, 0.593359358917, 0.322863469308, 1.0, 0.26780320098, 17.0, 0.0, 9.07953989574
0.0, 0.0, 0.0, 0.486144988553, 0.496922529256, 1.0, 0.375085141534, 0.0, 0.0622316874407, 0.0, 0.150306765031, 0.0, 0.0, 0.227050036487, 0.0729723101356, 0.246340507334, 0.0, 0.0, 0.0, 0.0, 0.0, 0.610773710747, 0.141028991513, 0.627487750446, 0.0478477350288, 0.0, 0.448005126252, 0.0, 40.0, 1.0, 1.13959925298
0.473924045624, 0.0, 0.0, 0.0, 0.0, 0.0, 0.0, 0.0, 0.174519096333, 0.0, 0.0, 0.0, 0.0128740875143, 0.0, 0.103051747769, 1.0, 0.0679238635027, 0.807318879234, 0.0, 0.980425179634, 0.0, 1.0, 0.0, 0.815547914203, 0.130445895042, 0.0158593111014, 0.0, 0.0, 32.0, 1.0, 3.59300365042
0.0, 0.0905929438468, 0.162068204733, 0.0, 0.273370274037, 0.0, 0.14091117533, 0.0, 0.408277137984, 0.0, 0.0, 0.0656665720448, 0.0, 0.0, 0.0, 1.0, 0.0, 1.0, 0.962111558324, 0.980425179634, 0.0, 1.0, 0.0, 0.175887217671, 0.199092933608, 0.140940713521, 0.00902105828315, 0.0, 35.0, 0.0, 3.9842000029
0.0, 0.0, 0.0, 0.404557409569, 0.0, 0.0513798864673, 0.0, 0.146961400579, 0.128542367302, 0.0, 0.0, 0.0, 0.0, 0.787296614226, 1.0, 1.0, 0.0173378379791, 1.0, 0.0, 0.994265212666, 0.0, 1.0, 0.0, 0.715971871303, 0.199092933608, 0.148431483591, 0.0, 0.0, 27.0, 0.0, 4.74793231321
0.0, 0.262030925655, 0.0, 0.0, 0.0, 0.943408496573, 0.0, 0.0, 0.0636310793859, 0.0131913780467, 0.846722313723, 0.0, 0.354526088534, 0.25442055435, 1.0, 1.0, 0.0, 0.0, 0.166964937632, 0.686325043603, 1.0, 0.575024411896, 0.0212403752417, 0.0, 1.0, 0.173451948594, 1.0, 0.0, 22.0, 0.0, 6.42124298569
0.0, 0.286983633201, 0.524272657154, 1.0, 1.0, 0.863466459285, 1.0, 0.00855344626043, 0.0, 0.0, 0.453439386721, 1.0, 0.0, 0.787296614226, 1.0, 1.0, 0.0, 0.0, 1.0, 0.827285483328, 0.0, 1.0, 0.569469742133, 0.0, 0.593359358917, 0.254290168118, 1.0, 0.0, 10.0, 0.0, 12.3290884892
0.0947058824257, 0.249258087185, 0.0, 0.289926837927, 0.0229778812636, 0.0, 0.0, 0.0, 0.244055889446, 0.445535309183, 0.0, 0.0, 0.0638769046881, 0.0, 0.0, 1.0, 0.347039704199, 0.0, 0.400095734103, 1.0, 0.225057583542, 1.0, 0.618475829901, 0.0, 0.21646963134, 0.0158593111014, 0.0, 0.643985448515, 29.0, 0.0, 4.31872162896
0.0, 0.0, 0.0, 0.0, 0.879988247985, 1.0, 0.250522236539, 0.0, 0.0622316874407, 0.35249513079, 0.0, 0.0, 0.0, 0.680577929797, 0.0729723101356, 0.4993768896, 0.0, 0.0, 0.0, 0.0, 0.0, 0.610773710747, 0.293441765468, 0.0, 1.0, 0.0, 0.448005126252, 0.0, 35.0, 1.0, 2.62170685177
0.0, 0.278560288485, 0.0, 0.0, 0.616380061897, 1.0, 0.851992238058, 0.0, 0.0, 0.216529075871, 0.0, 0.0, 0.0384419644637, 0.0, 0.0, 0.246340507334, 0.0, 0.429780896331, 0.20328825415, 0.980425179634, 0.0, 1.0, 0.574638124413, 1.0, 0.0, 0.0, 0.0, 0.247400312915, 33.0, 1.0, 3.21494126841
0.380166389356, 0.262030925655, 0.0, 0.0644210099365, 0.0, 0.26539974021, 0.0, 0.0, 0.0, 0.0131913780467, 0.846722313723, 0.0, 0.169531166489, 0.25442055435, 1.0, 1.0, 0.0, 0.0239402322769, 0.799908868488, 0.686325043603, 0.428707266928, 0.575024411896, 0.0, 0.0, 0.0, 0.0, 1.0, 0.0, 24.0, 0.0, 5.81257570198
0.0, 0.262030925655, 0.0, 0.0, 0.0, 0.887993057632, 0.0, 0.0, 0.0, 0.0131913780467, 0.846722313723, 0.0, 0.354526088534, 0.25442055435, 1.0, 1.0, 0.0, 0.754490328949, 0.211871259751, 0.622191073548, 0.529280394582, 0.201438550753, 0.0212403752417, 0.0, 0.0, 0.0, 1.0, 0.0, 23.0, 1.0, 6.22781939026
0.0, 0.403586610275, 0.0, 0.0, 0.429289056969, 1.0, 0.0, 0.23675403217, 0.0, 1.0, 0.197223404173, 1.0, 1.0, 1.0, 0.572219836384, 1.0, 0.0, 1.0, 0.71550019721, 0.945288824776, 1.0, 0.0154204738252, 1.0, 0.0, 0.0464985842054, 0.258777193678, 0.635990774471, 0.0, 15.0, 1.0, 10.2303343824
0.0, 0.0, 0.0, 0.0, 0.0, 1.0, 0.375085141534, 0.0, 0.0622316874407, 0.0, 0.0, 0.0, 0.0, 1.0, 0.0729723101356, 0.246340507334, 0.0, 0.0, 0.0, 0.0, 0.381882761963, 0.0, 0.245287461808, 0.0, 0.0, 0.0, 0.448005126252, 0.0, 44.0, 0.0, 1.34408010982
0.0, 0.0, 0.0, 0.0, 0.496922529256, 0.270025881513, 0.363267729213, 0.0100839403163, 0.0, 0.0, 0.812588394073, 0.0, 0.0, 0.227050036487, 0.16376676203, 1.0, 0.0, 0.0, 0.0, 0.0699614430535, 0.0, 0.610773710747, 0.0, 0.972930232159, 1.0, 0.0671761048952, 0.605342464765, 0.0, 28.0, 1.0, 4.58003649071
0.473924045624, 0.0, 0.162068204733, 0.0, 0.0, 0.0, 0.14091117533, 0.0, 0.174519096333, 0.0, 0.0, 0.333765911105, 0.0414250208755, 0.0, 0.392075449318, 1.0, 0.0, 0.807318879234, 0.0388160676965, 0.980425179634, 0.0, 1.0, 0.0, 0.176199863991, 0.0, 0.0158593111014, 0.0, 0.0, 36.0, 0.0, 3.35376006668
0.0, 0.0856669434691, 0.0, 0.107615443438, 0.3394724104, 0.0, 0.201335039611, 0.316151372952, 0.408277137984, 0.0, 0.0, 0.0, 0.0, 0.0, 0.0, 0.986557284982, 0.0, 1.0, 0.0, 0.975730011745, 0.0, 1.0, 0.0, 0.0, 0.199092933608, 0.140940713521, 0.0, 0.0, 36.0, 0.0, 3.35376006668
0.0, 0.0, 0.0, 0.404557409569, 0.0, 0.0, 0.0, 0.0, 0.128542367302, 0.0, 0.0, 0.0656665720448, 0.0, 0.0, 0.0, 1.0, 0.0679238635027, 1.0, 0.962111558324, 0.980425179634, 0.0, 1.0, 0.0, 0.0, 0.199092933608, 0.148431483591, 0.0, 0.0, 35.0, 0.0, 3.9842000029
0.0, 0.0, 0.0, 0.0, 0.353520041954, 0.0, 0.145910940563, 0.0, 0.443322099443, 0.0, 0.812588394073, 0.0, 0.0, 0.490405703123, 0.0, 1.0, 0.0, 0.0, 0.0, 0.0, 0.0, 0.610773710747, 0.0, 0.972930232159, 1.0, 0.0, 1.0, 0.0, 28.0, 1.0, 4.58003649071
0.0, 0.286983633201, 0.524272657154, 1.0, 1.0, 0.863466459285, 1.0, 0.00855344626043, 0.0, 0.0, 0.453439386721, 1.0, 0.0, 0.787350048383, 1.0, 1.0, 0.0, 0.0, 1.0, 0.980425179634, 0.225057583542, 1.0, 0.0, 0.221614730738, 0.593359358917, 0.255102904186, 1.0, 0.0, 11.0, 0.0, 11.8619875855
0.0947058824257, 0.0, 0.325897778151, 0.289926837927, 0.0229778812636, 0.0, 0.0, 0.0, 0.244055889446, 0.445535309183, 0.0, 0.0, 0.00883529815245, 0.0, 0.0, 1.0, 0.219785916824, 0.0, 0.400095734103, 1.0, 0.0, 1.0, 0.618475829901, 0.0, 0.635674617593, 0.00160626574609, 0.0, 0.643985448515, 28.0, 0.0, 4.73017337504
0.0, 0.1185108389, 0.388892031072, 1.0, 1.0, 0.863466459285, 0.0, 0.0, 0.0, 0.783436935167, 0.0, 0.0, 0.0, 0.787296614226, 1.0, 1.0, 0.0, 0.0, 1.0, 0.827285483328, 0.0779094926115, 1.0, 0.160788180195, 0.0, 0.593359358917, 0.471343701517, 0.850691881831, 0.0, 16.0, 0.0, 9.77354875822
0.0, 0.0, 0.0, 0.486144988553, 0.496922529256, 1.0, 0.375085141534, 0.0, 0.0622316874407, 0.0, 0.150306765031, 0.0, 0.0, 0.227050036487, 0.0729723101356, 0.313483807876, 0.0, 0.0, 0.0, 0.0, 0.0, 0.0, 0.065189458977, 0.0, 0.0478477350288, 0.0, 0.448005126252, 0.0, 48.0, 0.0, 0.476030966418
0.0, 0.0, 0.0, 0.0, 0.0, 0.100311132728, 0.363267729213, 0.0100839403163, 0.0, 0.0, 0.812588394073, 0.0, 0.0, 1.0, 0.191430300058, 1.0, 0.0, 0.0, 0.0, 0.0, 0.0, 0.610773710747, 0.0, 0.972930232159, 1.0, 0.0671761048952, 0.740840612307, 0.0, 24.0, 1.0, 5.44808563411
0.0, 0.0, 0.0, 0.0, 0.273370274037, 0.0, 0.14091117533, 0.0, 0.408277137984, 0.0922306758259, 0.0, 0.0656665720448, 0.0, 0.0, 0.0, 1.0, 0.0, 1.0, 0.962111558324, 0.773626144823, 0.0, 1.0, 0.0, 0.0, 0.199092933608, 0.140940713521, 0.0, 0.0, 35.0, 0.0, 3.9842000029
0.0, 0.1185108389, 0.388892031072, 1.0, 1.0, 0.863466459285, 0.0, 0.0, 0.128542367302, 0.0, 0.0, 1.0, 0.0, 0.787296614226, 1.0, 1.0, 0.0, 0.0, 1.0, 0.953039290983, 0.223686327499, 1.0, 0.0, 0.715971871303, 0.593359358917, 0.47366598408, 1.0, 0.26780320098, 12.0, 0.0, 10.2866842845
0.0, 0.0, 0.0, 0.404557409569, 0.247760375987, 0.0, 0.0, 0.146961400579, 0.0, 0.0, 0.0, 0.0, 0.0, 0.0, 0.0, 1.0, 0.0679238635027, 1.0, 0.0, 0.994265212666, 0.14645198302, 1.0, 0.0, 0.0, 0.535111950532, 0.148431483591, 0.0, 0.0, 32.0, 0.0, 3.99662901776
0.0, 0.262030925655, 0.0, 0.0, 0.0, 0.943408496573, 0.0, 0.0, 0.0636310793859, 0.0131913780467, 0.846722313723, 0.0, 0.354526088534, 0.25442055435, 1.0, 1.0, 0.0, 0.0, 0.211871259751, 0.686325043603, 1.0, 0.575024411896, 0.0212403752417, 0.0, 1.0, 0.0158593111014, 1.0, 0.0, 22.0, 0.0, 6.42124298569
0.0, 0.440770700002, 0.524272657154, 1.0, 1.0, 0.659055358763, 1.0, 0.00855344626043, 0.0, 0.0, 0.453439386721, 1.0, 0.0, 0.787296614226, 1.0, 1.0, 0.0, 0.0, 1.0, 0.953253387859, 0.0, 1.0, 0.569469742133, 0.0, 0.593359358917, 0.254290168118, 1.0, 0.0, 10.0, 0.0, 12.3290884892
0.638281440649, 0.0, 0.0, 0.634660492853, 1.0, 0.0, 1.0, 1.0, 1.0, 0.152001804904, 0.613403326856, 0.00141246397674, 1.0, 1.0, 0.572219836384, 0.960215910569, 0.0, 1.0, 0.0, 0.0, 0.0, 1.0, 0.684318001354, 1.0, 0.333913932068, 0.309644338059, 1.0, 0.0, 7.0, 0.0, 14.5317951313
0.0, 1.0, 0.0, 0.169456771404, 0.496922529256, 1.0, 0.250522236539, 0.0, 0.0622316874407, 0.0, 0.0, 0.0, 0.0, 0.322849073072, 0.0729723101356, 0.4993768896, 0.0, 0.0, 0.0, 0.0, 0.0, 0.610773710747, 0.293441765468, 0.0, 1.0, 0.0, 0.448005126252, 0.0, 39.0, 0.0, 2.39951243294
0.567897403946, 1.0, 0.0, 1.0, 1.0, 0.0, 0.324257110587, 1.0, 0.196596735401, 0.0, 0.504608145052, 0.000915862673642, 1.0, 1.0, 0.953019123819, 1.0, 0.0, 1.0, 1.0, 0.40006831785, 0.0, 1.0, 1.0, 1.0, 1.0, 0.0, 1.0, 0.0282739232789, 6.0, 0.0, 14.9965993413
0.0, 0.0, 0.0, 0.0, 0.982713412033, 0.0, 0.363267729213, 0.0, 0.0, 0.0, 0.846722313723, 0.0, 0.0, 1.0, 0.510839138488, 1.0, 0.0, 0.0, 0.0, 0.686325043603, 0.0, 0.610773710747, 0.165413621345, 0.972930232159, 0.65812952777, 0.0, 1.0, 0.0, 18.0, 0.0, 6.67326722329
0.0, 0.0, 0.0, 0.0, 0.0, 1.0, 0.375085141534, 0.0, 0.0622316874407, 0.0, 0.0, 0.0, 0.0, 0.227050036487, 0.0729723101356, 0.246340507334, 0.0, 0.0, 0.0, 0.0, 0.0, 0.0, 0.245287461808, 0.77793165287, 0.0, 0.0, 0.448005126252, 0.0, 44.0, 1.0, 0.715274550164
0.0, 0.0, 0.0, 0.0, 0.496922529256, 0.270025881513, 0.363267729213, 0.0100839403163, 0.0, 0.0, 0.709620549644, 0.0, 0.0, 1.0, 0.16376676203, 1.0, 0.0, 0.0, 0.0, 0.0, 0.0, 0.610773710747, 0.0, 0.972930232159, 1.0, 0.0671761048952, 0.605342464765, 0.0, 24.0, 1.0, 5.44808563411
0.0, 0.0856669434691, 0.0, 0.107615443438, 0.327827260979, 0.0, 0.0, 0.0, 0.408277137984, 0.0, 0.0, 0.0656665720448, 0.0, 0.0, 0.0, 0.986557284982, 0.369259713386, 1.0, 0.962111558324, 0.980425179634, 0.0, 1.0, 0.0, 0.0, 0.199092933608, 0.140940713521, 0.0, 0.0, 35.0, 0.0, 3.9842000029
0.0, 0.0, 0.0, 0.404557409569, 0.0, 0.0, 0.0, 0.316151372952, 0.128542367302, 0.0, 0.0, 0.0, 0.158821246614, 0.0, 0.0, 1.0, 0.0679238635027, 0.567073186898, 0.0, 0.980425179634, 0.0, 1.0, 0.0, 0.0, 0.199092933608, 0.148431483591, 0.0, 0.0, 36.0, 0.0, 3.35376006668
0.0, 0.286983633201, 0.524272657154, 1.0, 1.0, 0.863466459285, 1.0, 0.00855344626043, 0.0, 0.0, 0.453439386721, 1.0, 0.0, 0.787350048383, 1.0, 1.0, 0.0, 0.0, 1.0, 0.990502513437, 0.0, 1.0, 0.0, 0.221614730738, 0.593359358917, 0.255102904186, 1.0, 0.0, 11.0, 0.0, 11.8619875855
0.0947058824257, 0.0, 0.325897778151, 0.289926837927, 0.0229778812636, 0.0, 0.0, 0.0, 0.244055889446, 0.445535309183, 0.0, 0.0, 0.0638769046881, 0.0, 0.0, 1.0, 0.219785916824, 0.0, 0.400095734103, 1.0, 0.225057583542, 1.0, 0.618475829901, 0.0, 0.635674617593, 0.00160626574609, 0.0, 0.643985448515, 28.0, 0.0, 4.73017337504
0.638281440649, 1.0, 0.0, 0.634660492853, 1.0, 0.0, 1.0, 0.343979654194, 1.0, 0.152001804904, 0.595855145702, 0.00141246397674, 0.799623267244, 1.0, 0.572219836384, 0.960215910569, 0.0, 1.0, 0.0, 0.121471700192, 0.0, 1.0, 1.0, 0.992624806815, 0.333913932068, 0.309644338059, 1.0, 0.0, 8.0, 0.0, 13.6809636017
0.0, 0.1185108389, 0.388892031072, 1.0, 1.0, 0.863466459285, 0.0, 0.0, 0.0, 0.346698497, 0.0, 0.0, 0.0, 0.787296614226, 1.0, 1.0, 0.0, 0.0, 1.0, 0.827285483328, 0.0779094926115, 1.0, 0.160788180195, 0.0, 0.593359358917, 0.322863469308, 1.0, 0.26780320098, 17.0, 0.0, 9.07953989574
0.0, 0.0, 0.0, 0.486144988553, 0.496922529256, 1.0, 0.375085141534, 0.0, 0.0622316874407, 0.0, 0.150306765031, 0.0, 0.0, 0.227050036487, 0.0729723101356, 0.246340507334, 0.0, 0.0, 0.0, 0.0, 0.0, 0.610773710747, 0.141028991513, 0.627487750446, 0.0478477350288, 0.0, 0.448005126252, 0.0, 40.0, 1.0, 1.13959925298
0.473924045624, 0.0, 0.0, 0.0, 0.0, 0.0, 0.0, 0.0, 0.174519096333, 0.0, 0.0, 0.0, 0.0128740875143, 0.0, 0.103051747769, 1.0, 0.0679238635027, 0.807318879234, 0.0, 0.980425179634, 0.0, 1.0, 0.0, 0.815547914203, 0.130445895042, 0.0158593111014, 0.0, 0.0, 32.0, 1.0, 3.59300365042
0.0, 0.0905929438468, 0.162068204733, 0.0, 0.273370274037, 0.0, 0.14091117533, 0.0, 0.408277137984, 0.0, 0.0, 0.0656665720448, 0.0, 0.0, 0.0, 1.0, 0.0, 1.0, 0.962111558324, 0.980425179634, 0.0, 1.0, 0.0, 0.175887217671, 0.199092933608, 0.140940713521, 0.00902105828315, 0.0, 35.0, 0.0, 3.9842000029
0.0, 0.0, 0.0, 0.404557409569, 0.0, 0.0513798864673, 0.0, 0.146961400579, 0.128542367302, 0.0, 0.0, 0.0, 0.0, 0.787296614226, 1.0, 1.0, 0.0173378379791, 1.0, 0.0, 0.994265212666, 0.0, 1.0, 0.0, 0.715971871303, 0.199092933608, 0.148431483591, 0.0, 0.0, 27.0, 0.0, 4.74793231321
0.0, 0.262030925655, 0.0, 0.0, 0.0, 0.943408496573, 0.0, 0.0, 0.0636310793859, 0.0131913780467, 0.846722313723, 0.0, 0.354526088534, 0.25442055435, 1.0, 1.0, 0.0, 0.0, 0.166964937632, 0.686325043603, 1.0, 0.575024411896, 0.0212403752417, 0.0, 1.0, 0.173451948594, 1.0, 0.0, 22.0, 0.0, 6.42124298569
0.0, 0.286983633201, 0.524272657154, 1.0, 1.0, 0.863466459285, 1.0, 0.00855344626043, 0.0, 0.0, 0.453439386721, 1.0, 0.0, 0.787296614226, 1.0, 1.0, 0.0, 0.0, 1.0, 0.827285483328, 0.0, 1.0, 0.569469742133, 0.0, 0.593359358917, 0.254290168118, 1.0, 0.0, 10.0, 0.0, 12.3290884892
0.0947058824257, 0.249258087185, 0.0, 0.289926837927, 0.0229778812636, 0.0, 0.0, 0.0, 0.244055889446, 0.445535309183, 0.0, 0.0, 0.0638769046881, 0.0, 0.0, 1.0, 0.347039704199, 0.0, 0.400095734103, 1.0, 0.225057583542, 1.0, 0.618475829901, 0.0, 0.21646963134, 0.0158593111014, 0.0, 0.643985448515, 29.0, 0.0, 4.31872162896
0.0, 0.0, 0.0, 0.0, 0.879988247985, 1.0, 0.250522236539, 0.0, 0.0622316874407, 0.35249513079, 0.0, 0.0, 0.0, 0.680577929797, 0.0729723101356, 0.4993768896, 0.0, 0.0, 0.0, 0.0, 0.0, 0.610773710747, 0.293441765468, 0.0, 1.0, 0.0, 0.448005126252, 0.0, 35.0, 1.0, 2.62170685177
0.0, 0.278560288485, 0.0, 0.0, 0.616380061897, 1.0, 0.851992238058, 0.0, 0.0, 0.216529075871, 0.0, 0.0, 0.0384419644637, 0.0, 0.0, 0.246340507334, 0.0, 0.429780896331, 0.20328825415, 0.980425179634, 0.0, 1.0, 0.574638124413, 1.0, 0.0, 0.0, 0.0, 0.247400312915, 33.0, 1.0, 3.21494126841
0.380166389356, 0.262030925655, 0.0, 0.0644210099365, 0.0, 0.26539974021, 0.0, 0.0, 0.0, 0.0131913780467, 0.846722313723, 0.0, 0.169531166489, 0.25442055435, 1.0, 1.0, 0.0, 0.0239402322769, 0.799908868488, 0.686325043603, 0.428707266928, 0.575024411896, 0.0, 0.0, 0.0, 0.0, 1.0, 0.0, 24.0, 0.0, 5.81257570198
0.0, 0.262030925655, 0.0, 0.0, 0.0, 0.887993057632, 0.0, 0.0, 0.0, 0.0131913780467, 0.846722313723, 0.0, 0.354526088534, 0.25442055435, 1.0, 1.0, 0.0, 0.754490328949, 0.211871259751, 0.622191073548, 0.529280394582, 0.201438550753, 0.0212403752417, 0.0, 0.0, 0.0, 1.0, 0.0, 23.0, 1.0, 6.22781939026
0.0, 0.403586610275, 0.0, 0.0, 0.429289056969, 1.0, 0.0, 0.23675403217, 0.0, 1.0, 0.197223404173, 1.0, 1.0, 1.0, 0.572219836384, 1.0, 0.0, 1.0, 0.71550019721, 0.945288824776, 1.0, 0.0154204738252, 1.0, 0.0, 0.0464985842054, 0.258777193678, 0.635990774471, 0.0, 15.0, 1.0, 10.2303343824
0.0, 0.0, 0.0, 0.0, 0.0, 1.0, 0.375085141534, 0.0, 0.0622316874407, 0.0, 0.0, 0.0, 0.0, 1.0, 0.0729723101356, 0.246340507334, 0.0, 0.0, 0.0, 0.0, 0.381882761963, 0.0, 0.245287461808, 0.0, 0.0, 0.0, 0.448005126252, 0.0, 44.0, 0.0, 1.34408010982
0.0, 0.0, 0.0, 0.0, 0.496922529256, 0.270025881513, 0.363267729213, 0.0100839403163, 0.0, 0.0, 0.812588394073, 0.0, 0.0, 0.227050036487, 0.16376676203, 1.0, 0.0, 0.0, 0.0, 0.0699614430535, 0.0, 0.610773710747, 0.0, 0.972930232159, 1.0, 0.0671761048952, 0.605342464765, 0.0, 28.0, 1.0, 4.58003649071
0.473924045624, 0.0, 0.162068204733, 0.0, 0.0, 0.0, 0.14091117533, 0.0, 0.174519096333, 0.0, 0.0, 0.333765911105, 0.0414250208755, 0.0, 0.392075449318, 1.0, 0.0, 0.807318879234, 0.0388160676965, 0.980425179634, 0.0, 1.0, 0.0, 0.176199863991, 0.0, 0.0158593111014, 0.0, 0.0, 36.0, 0.0, 3.35376006668
0.0, 0.257436535779, 0.0, 0.592423075037, 0.468690531613, 1.0, 0.152840657205, 0.0, 0.0, 1.0, 0.0, 0.770799004198, 1.0, 0.0268334849021, 0.923647492484, 0.286785393276, 0.0, 0.71775637526, 1.0, 1.0, 1.0, 0.0, 1.0, 0.322184489113, 0.332758908616, 0.109574011378, 0.931954634778, 0.0, 16.0, 1.0, 10.1351279382
0.0, 0.0, 0.0, 0.0, 0.496922529256, 1.0, 0.250522236539, 0.0, 0.69830846357, 0.0, 0.529925877269, 0.0, 0.0, 0.322849073072, 0.0729723101356, 0.140087205766, 0.0, 0.0, 0.0, 0.0, 0.0, 0.0, 0.245287461808, 0.0, 0.0, 0.0, 0.448005126252, 0.0, 43.0, 1.0, 2.07029402943
0.0, 0.257436535779, 0.0, 0.592423075037, 0.468690531613, 1.0, 0.152840657205, 0.0, 0.0, 1.0, 0.0, 0.770799004198, 1.0, 0.0268334849021, 0.923647492484, 0.286785393276, 0.0, 0.71775637526, 1.0, 1.0, 1.0, 0.0, 1.0, 0.322184489113, 0.332758908616, 0.109574011378, 0.931954634778, 0.0, 16.0, 1.0, 10.1351279382
0.0, 0.0, 0.0, 0.0, 0.496922529256, 1.0, 0.250522236539, 0.0, 0.69830846357, 0.0, 0.529925877269, 0.0, 0.0, 0.322849073072, 0.0729723101356, 0.140087205766, 0.0, 0.0, 0.0, 0.0, 0.0, 0.0, 0.245287461808, 0.0, 0.0, 0.0, 0.448005126252, 0.0, 43.0, 1.0, 2.07029402943
0.737910718897, 1.0, 0.0, 0.634660492853, 1.0, 0.0, 1.0, 1.0, 1.0, 0.152001804904, 0.613403326856, 0.00141246397674, 1.0, 1.0, 0.572219836384, 0.960215910569, 0.0, 1.0, 0.0, 0.121471700192, 0.0, 1.0, 1.0, 1.0, 0.333913932068, 0.309644338059, 0.920764869434, 0.0, 6.0, 0.0, 15.3880829439
0.638281440649, 1.0, 0.0, 0.634660492853, 1.0, 0.0, 1.0, 1.0, 1.0, 0.152001804904, 0.613403326856, 0.00141246397674, 1.0, 1.0, 0.572219836384, 0.960215910569, 0.0, 1.0, 0.0, 0.0, 0.0, 1.0, 1.0, 1.0, 0.333913932068, 0.309644338059, 1.0, 0.0, 6.0, 0.0, 15.3880829439
0.567897403946, 1.0, 0.0, 1.0, 1.0, 0.0, 0.324257110587, 1.0, 0.74752600898, 0.0, 0.327251707684, 0.00824009193544, 1.0, 1.0, 0.953019123819, 1.0, 0.0, 1.0, 1.0, 0.40006831785, 0.0, 1.0, 1.0, 1.0, 1.0, 0.0, 1.0, 0.0338388653354, 9.0, 0.0, 14.9292087643
0.737910718897, 1.0, 0.0, 0.634660492853, 1.0, 0.0, 1.0, 1.0, 1.0, 0.152001804904, 0.613403326856, 0.00141246397674, 1.0, 1.0, 0.572219836384, 0.960215910569, 0.0, 1.0, 0.0, 0.121471700192, 0.0, 1.0, 1.0, 1.0, 0.333913932068, 0.309644338059, 0.920764869434, 0.0, 6.0, 0.0, 15.3880829439
0.638281440649, 1.0, 0.0, 0.634660492853, 1.0, 0.0, 1.0, 1.0, 1.0, 0.152001804904, 0.613403326856, 0.00141246397674, 1.0, 1.0, 0.572219836384, 0.960215910569, 0.0, 1.0, 0.0, 0.0, 0.0, 1.0, 1.0, 1.0, 0.333913932068, 0.309644338059, 1.0, 0.0, 6.0, 0.0, 15.3880829439
0.567897403946, 1.0, 0.0, 1.0, 1.0, 0.0, 0.324257110587, 1.0, 0.74752600898, 0.0, 0.327251707684, 0.00824009193544, 1.0, 1.0, 0.953019123819, 1.0, 0.0, 1.0, 1.0, 0.40006831785, 0.0, 1.0, 1.0, 1.0, 1.0, 0.0, 1.0, 0.0338388653354, 9.0, 0.0, 14.9292087643
0.0, 0.322108577124, 0.0, 0.0, 0.429289056969, 0.0, 0.0, 0.23675403217, 0.0, 1.0, 0.195965173152, 1.0, 0.940634950816, 1.0, 0.300307756991, 0.955656978381, 0.0, 1.0, 0.928357713073, 0.945288824776, 1.0, 0.0, 1.0, 0.0, 0.0, 0.258777193678, 0.635990774471, 0.0, 17.0, 1.0, 9.46742389655
0.0, 0.302681001044, 0.0, 0.0, 0.688738284696, 0.0, 0.0, 0.691171113955, 0.0, 1.0, 0.197223404173, 1.0, 1.0, 1.0, 0.572219836384, 1.0, 0.0, 1.0, 0.928357713073, 0.945288824776, 1.0, 0.0207257595124, 1.0, 0.0, 0.0478477350288, 0.258777193678, 0.635990774471, 0.0, 13.0, 1.0, 11.6718558462
