2.05501615619e-05, -4.10113922422, -4.98598787598, 3.05837767778, -4.54659511862, -1.98790877639, 1.11428777139, 0.884540175046, 3.18923999535, 1.43459546394, 2.05501615619e-05, 140.341582405
2.05501615619e-05, -4.10113922422, -4.98598787598, 3.05837767778, -4.54659511862, -1.98790877639, 1.11428777139, 0.884540175046, 3.18923999535, 1.43459546394, 2.05501615619e-05, 140.341582405
2.05501615619e-05, -4.10113922422, -4.98598787598, 3.05837767778, -4.54659511862, -1.98790877639, 1.11428777139, 0.884540175046, 3.18923999535, 1.43459546394, 2.05501615619e-05, 140.341582405
2.05501615619e-05, -4.10113922422, -4.98598787598, 3.05837767778, -4.54659511862, -1.98790877639, 1.11428777139, 0.884540175046, 3.18923999535, 1.43459546394, 2.05501615619e-05, 140.341582405
0.000101897206763, -4.19692562408, -4.96111362985, -1.49302729174, -4.54659511862, -4.99498716398, -0.449819104, -0.954506401682, 0.0141992044209, 1.43459546394, 0.000101897206763, 121.864342362
0.000101897206763, -4.19692562408, -4.96111362985, -1.49302729174, -4.54659511862, -4.99498716398, -0.449819104, -0.954506401682, 0.0141992044209, 1.43459546394, 0.000101897206763, 121.864342362
0.000101399384051, -4.10113922422, -1.46784770589, -1.49302729174, -4.54659511862, -4.99498716398, -3.51841953164, 0.884540175046, 3.57602116659, 1.43459546394, 0.000101399384051, 121.896474134
0.000101399384051, -4.10113922422, -1.46784770589, -1.49302729174, -4.54659511862, -4.99498716398, -3.51841953164, 0.884540175046, 3.57602116659, 1.43459546394, 0.000101399384051, 121.896474134
0.000433039041473, 0.602725792114, -1.98178235916, -1.49302729174, -3.11399441038, -1.08464138539, -1.07669042648, 0.884540175046, 1.48143518469, 3.04219340773, 0.000433039041473, 67.8288363639
0.000433039041473, 0.602725792114, -1.98178235916, -1.49302729174, -3.11399441038, -1.08464138539, -1.07669042648, 0.884540175046, 1.48143518469, 3.04219340773, 0.000433039041473, 67.8288363639
0.0225568687541, 2.45636874252, -2.07075568933, 1.07016979725, -1.58479473967, -3.36288074121, 0.510481185536, -0.00855200583983, -1.4210314055, -1.55105214421, 0.0225568687541, 63.1228252692
0.0225568687541, 2.45636874252, -2.07075568933, 1.07016979725, -1.58479473967, -3.36288074121, 0.510481185536, -0.00855200583983, -1.4210314055, -1.55105214421, 0.0225568687541, 63.1228252692
0.000238791456399, -0.536547027061, 0.470199915846, -2.91701275531, -2.10681931496, 1.58081045754, 0.993178542098, -0.958759303562, -4.09012020607, 3.51602353953, 0.000238791456399, 74.4152328971
0.000238791456399, -0.536547027061, 0.470199915846, -2.91701275531, -2.10681931496, 1.58081045754, 0.993178542098, -0.958759303562, -4.09012020607, 3.51602353953, 0.000238791456399, 74.4152328971
2.05501615619e-05, -4.10113922422, -4.98598787598, 3.05837767778, -2.71388910215, -1.98790877639, 1.11428777139, 0.884540175046, 3.18923999535, 1.43459546394, 2.05501615619e-05, 144.357386081
2.05501615619e-05, -4.10113922422, -4.98598787598, 3.05837767778, -2.71388910215, -1.98790877639, 1.11428777139, 0.884540175046, 3.18923999535, 1.43459546394, 2.05501615619e-05, 144.357386081
0.000101399384051, -4.10113922422, -1.46784770589, -0.0503955362065, -4.54659511862, -4.99617276945, -3.51841953164, 0.884540175046, 3.18923999535, 1.43459546394, 0.000101399384051, 131.955097172
0.000101399384051, -4.10113922422, -1.46784770589, -0.0503955362065, -4.54659511862, -4.99617276945, -3.51841953164, 0.884540175046, 3.18923999535, 1.43459546394, 0.000101399384051, 131.955097172
0.000101897206763, -4.10113922422, -4.96111362985, -1.49302729174, -4.54659511862, -2.43723326752, 1.11428777139, 0.884540175046, 4.02972442954, 1.43459546394, 0.000101897206763, 125.810225631
0.000101897206763, -4.10113922422, -4.96111362985, -1.49302729174, -4.54659511862, -2.43723326752, 1.11428777139, 0.884540175046, 4.02972442954, 1.43459546394, 0.000101897206763, 125.810225631
0.00786251926688, 2.92592141628, -2.34191397288, -0.46343961427, 0.468550949535, -1.49411991845, 0.993178542098, -0.958759303562, 2.34914310939, 2.9343846983, 0.00786251926688, 71.4031865583
0.00786251926688, 2.92592141628, -2.34191397288, -0.46343961427, 0.468550949535, -1.49411991845, 0.993178542098, -0.958759303562, 2.34914310939, 2.9343846983, 0.00786251926688, 71.4031865583
0.483126169736, 1.02216455137, 0.442263954187, -3.11751029801, -0.590734333362, 0.391454124448, -1.4269710986, 3.09414264959, -2.02356045072, -1.02795787712, 0.483126169736, 66.1447641297
0.483126169736, 1.02216455137, 0.442263954187, -3.11751029801, -0.590734333362, 0.391454124448, -1.4269710986, 3.09414264959, -2.02356045072, -1.02795787712, 0.483126169736, 66.1447641297
0.829458837018, -0.0670607723128, -3.50373372917, 0.98014809563, -0.0595350155357, 0.633833255258, -0.60446318104, 2.36073031385, -2.02689731928, -1.48103729002, 0.829458837018, 64.4002648667
0.829458837018, -0.0670607723128, -3.50373372917, 0.98014809563, -0.0595350155357, 0.633833255258, -0.60446318104, 2.36073031385, -2.02689731928, -1.48103729002, 0.829458837018, 64.4002648667
0.851675086771, -0.0670607723128, -3.50373372917, 0.98014809563, -0.0595350155357, 0.633833255258, -0.60446318104, 2.36073031385, -2.02689731928, -1.48103729002, 0.851675086771, 64.3996850197
0.851675086771, -0.0670607723128, -3.50373372917, 0.98014809563, -0.0595350155357, 0.633833255258, -0.60446318104, 2.36073031385, -2.02689731928, -1.48103729002, 0.851675086771, 64.3996850197
0.0655871496445, 0.602725792114, -1.98178235916, -1.49302729174, -3.11399441038, -1.08464138539, -1.07669042648, 0.884540175046, 1.48143518469, 3.04219340773, 0.0655871496445, 67.8287729471
0.0655871496445, 0.602725792114, -1.98178235916, -1.49302729174, -3.11399441038, -1.08464138539, -1.07669042648, 0.884540175046, 1.48143518469, 3.04219340773, 0.0655871496445, 67.8287729471
0.000238791456399, -0.536547027061, 0.470199915846, -1.66412354293, -2.10681931496, 0.0477788783025, 0.993178542098, -0.958759303562, -4.09012020607, 4.48229852657, 0.000238791456399, 80.7311140881
0.000238791456399, -0.536547027061, 0.470199915846, -1.66412354293, -2.10681931496, 0.0477788783025, 0.993178542098, -0.958759303562, -4.09012020607, 4.48229852657, 0.000238791456399, 80.7311140881
2.05501615619e-05, -4.10113922422, -4.98598787598, 3.05837767778, -2.71388910215, -4.252655327, 1.11428777139, -3.04374822448, 3.18923999535, 1.43459546394, 2.05501615619e-05, 179.521362182
2.05501615619e-05, -4.10113922422, -4.98598787598, 3.05837767778, -2.71388910215, -4.252655327, 1.11428777139, -3.04374822448, 3.18923999535, 1.43459546394, 2.05501615619e-05, 179.521362182
5.67041853544e-05, 3.08422731125, -4.96111362985, -1.98133508342, 0.790487660792, -4.99967414848, -2.31492665591, 0.884540175046, 1.80647231524, 1.54908393833, 5.67041853544e-05, 146.836753981
5.67041853544e-05, 3.08422731125, -4.96111362985, -1.98133508342, 0.790487660792, -4.99967414848, -2.31492665591, 0.884540175046, 1.80647231524, 1.54908393833, 5.67041853544e-05, 146.836753981
5.67041853544e-05, 3.08422731125, -4.96111362985, -1.98133508342, 0.790487660792, -4.99967414848, -2.31492665591, 0.884540175046, 1.80647231524, 1.54908393833, 5.67041853544e-05, 146.836753981
5.67041853544e-05, 3.08422731125, -4.96111362985, -1.98133508342, 0.790487660792, -4.99967414848, -2.31492665591, 0.884540175046, 1.80647231524, 1.54908393833, 5.67041853544e-05, 146.836753981
0.000101399384051, -2.1475822126, -4.96383988578, -1.49302729174, 0.565497994352, -4.99498716398, -1.22536758005, 0.884540175046, -3.8687231119, 2.10245701628, 0.000101399384051, 142.816597213
0.000101399384051, -2.1475822126, -4.96383988578, -1.49302729174, 0.565497994352, -4.99498716398, -1.22536758005, 0.884540175046, -3.8687231119, 2.10245701628, 0.000101399384051, 142.816597213
0.000101897206763, -4.19692562408, -4.96111362985, -1.49302729174, -4.54659511862, 3.51482810208, 2.96189512757, 2.37762240384, 0.0141992044209, 1.43459546394, 0.000101897206763, 130.016109238
0.000101897206763, -4.19692562408, -4.96111362985, -1.49302729174, -4.54659511862, 3.51482810208, 2.96189512757, 2.37762240384, 0.0141992044209, 1.43459546394, 0.000101897206763, 130.016109238
0.0177105633211, 4.98833931397, 0.470199915846, 1.07016979725, -0.49384674302, -0.548416736831, -1.93540103229, 2.68098386933, -2.46499569784, -1.55105214421, 0.0177105633211, 76.0038157238
0.0177105633211, 4.98833931397, 0.470199915846, 1.07016979725, -0.49384674302, -0.548416736831, -1.93540103229, 2.68098386933, -2.46499569784, -1.55105214421, 0.0177105633211, 76.0038157238
0.358902922713, 1.02216455137, 0.442263954187, -2.59810910408, -0.590734333362, 0.332669091902, -1.4269710986, -3.95632967139, -2.02356045072, -1.02795787712, 0.358902922713, 69.2131924154
0.358902922713, 1.02216455137, 0.442263954187, -2.59810910408, -0.590734333362, 0.332669091902, -1.4269710986, -3.95632967139, -2.02356045072, -1.02795787712, 0.358902922713, 69.2131924154
0.358902922713, 1.02216455137, 0.442263954187, -2.59810910408, -0.590734333362, 0.332669091902, -1.4269710986, -3.95632967139, -2.02356045072, -1.02795787712, 0.358902922713, 69.2131924154
0.358902922713, 1.02216455137, 0.442263954187, -2.59810910408, -0.590734333362, 0.332669091902, -1.4269710986, -3.95632967139, -2.02356045072, -1.02795787712, 0.358902922713, 69.2131924154
0.0956967410719, 1.02216455137, 0.442263954187, -3.11751029801, -0.590734333362, 0.332669091902, -0.959948281303, -4.4730574028, -2.02356045072, -1.02795787712, 0.0956967410719, 74.2158603804
0.0956967410719, 1.02216455137, 0.442263954187, -3.11751029801, -0.590734333362, 0.332669091902, -0.959948281303, -4.4730574028, -2.02356045072, -1.02795787712, 0.0956967410719, 74.2158603804
0.0956967410719, 1.02216455137, 0.442263954187, -3.11751029801, -0.590734333362, 0.332669091902, -0.959948281303, -4.4730574028, -2.02356045072, -1.02795787712, 0.0956967410719, 74.2158603804
0.0956967410719, 1.02216455137, 0.442263954187, -3.11751029801, -0.590734333362, 0.332669091902, -0.959948281303, -4.4730574028, -2.02356045072, -1.02795787712, 0.0956967410719, 74.2158603804
0.00042880309566, -0.536547027061, 2.96830111053, -1.59638293357, 3.5945022037, 0.0477788783025, 0.993178542098, -0.590124494933, 1.25969534229, -3.55895464102, 0.00042880309566, 85.8071186719
0.00042880309566, -0.536547027061, 2.96830111053, -1.59638293357, 3.5945022037, 0.0477788783025, 0.993178542098, -0.590124494933, 1.25969534229, -3.55895464102, 0.00042880309566, 85.8071186719
0.000433039041473, 0.512424845927, 0.442263954187, -1.49302729174, 3.34660212583, 3.05510585732, -3.1428743579, -0.523258495326, 1.62879281771, 1.47631151185, 0.000433039041473, 81.2475134236
0.000433039041473, 0.512424845927, 0.442263954187, -1.49302729174, 3.34660212583, 3.05510585732, -3.1428743579, -0.523258495326, 1.62879281771, 1.47631151185, 0.000433039041473, 81.2475134236
7.53675555273e-05, -4.10113922422, -4.96111362985, 2.01876373249, -4.54659511862, -0.201284075402, 1.11428777139, 0.884540175046, 3.18923999535, 1.43459546394, 7.53675555273e-05, 147.693544407
7.53675555273e-05, -4.10113922422, -4.96111362985, 2.01876373249, -4.54659511862, -0.201284075402, 1.11428777139, 0.884540175046, 3.18923999535, 1.43459546394, 7.53675555273e-05, 147.693544407
5.67041853544e-05, -4.10113922422, -4.96111362985, -1.98133508342, 3.62684470485, -4.99967414848, 0.363343019518, 2.67049913298, 3.18923999535, 1.54908393833, 5.67041853544e-05, 169.002705086
5.67041853544e-05, -4.10113922422, -4.96111362985, -1.98133508342, 3.62684470485, -4.99967414848, 0.363343019518, 2.67049913298, 3.18923999535, 1.54908393833, 5.67041853544e-05, 169.002705086
0.000101399384051, -4.10113922422, -4.96905385263, -1.49302729174, -4.96364936428, -4.99498716398, -1.45832672963, 0.884540175046, 3.18923999535, 0.480272584604, 0.000101399384051, 144.18903047
0.000101399384051, -4.10113922422, -4.96905385263, -1.49302729174, -4.96364936428, -4.99498716398, -1.45832672963, 0.884540175046, 3.18923999535, 0.480272584604, 0.000101399384051, 144.18903047
0.000101399384051, -4.10113922422, -4.96905385263, -1.49302729174, -4.96364936428, -4.99498716398, -1.45832672963, 0.884540175046, 3.18923999535, 0.480272584604, 0.000101399384051, 144.18903047
0.000101399384051, -4.10113922422, -4.96905385263, -1.49302729174, -4.96364936428, -4.99498716398, -1.45832672963, 0.884540175046, 3.18923999535, 0.480272584604, 0.000101399384051, 144.18903047
0.000101897206763, -4.10113922422, -4.96111362985, -1.49302729174, -4.54659511862, -1.43746572646, 1.11428777139, 0.884540175046, 3.18923999535, 1.43459546394, 0.000101897206763, 132.382739429
0.000101897206763, -4.10113922422, -4.96111362985, -1.49302729174, -4.54659511862, -1.43746572646, 1.11428777139, 0.884540175046, 3.18923999535, 1.43459546394, 0.000101897206763, 132.382739429
0.695361397849, -0.536547027061, 2.96830111053, -0.46343961427, 3.93093914605, -1.49411991845, 0.993178542098, -0.958759303562, -2.30018978535, 3.51602353953, 0.695361397849, 73.59714673
0.695361397849, -0.536547027061, 2.96830111053, -0.46343961427, 3.93093914605, -1.49411991845, 0.993178542098, -0.958759303562, -2.30018978535, 3.51602353953, 0.695361397849, 73.59714673
0.695361397849, -0.536547027061, 2.96830111053, -0.46343961427, 3.93093914605, -1.49411991845, 0.993178542098, -0.958759303562, -2.30018978535, 3.51602353953, 0.695361397849, 73.59714673
0.695361397849, -0.536547027061, 2.96830111053, -0.46343961427, 3.93093914605, -1.49411991845, 0.993178542098, -0.958759303562, -2.30018978535, 3.51602353953, 0.695361397849, 73.59714673
0.00042880309566, -0.536547027061, 1.57483862539, -1.59638293357, 3.5945022037, -0.864299986712, 2.02510756742, -0.958759303562, 2.67735340528, 3.51602353953, 0.00042880309566, 91.8821568347
0.00042880309566, -0.536547027061, 1.57483862539, -1.59638293357, 3.5945022037, -0.864299986712, 2.02510756742, -0.958759303562, 2.67735340528, 3.51602353953, 0.00042880309566, 91.8821568347
0.00247226002249, -0.536547027061, 2.96830111053, -0.46343961427, 3.5945022037, -1.49411991845, 0.993178542098, -0.958759303562, 3.70512105445, 3.51602353953, 0.00247226002249, 82.609612274
0.00247226002249, -0.536547027061, 2.96830111053, -0.46343961427, 3.5945022037, -1.49411991845, 0.993178542098, -0.958759303562, 3.70512105445, 3.51602353953, 0.00247226002249, 82.609612274
0.00247226002249, -0.536547027061, 2.96830111053, -0.46343961427, 3.5945022037, -1.49411991845, 0.993178542098, -0.958759303562, 3.70512105445, 3.51602353953, 0.00247226002249, 82.609612274
0.00247226002249, -0.536547027061, 2.96830111053, -0.46343961427, 3.5945022037, -1.49411991845, 0.993178542098, -0.958759303562, 3.70512105445, 3.51602353953, 0.00247226002249, 82.609612274
0.00247226002249, -0.536547027061, 2.96830111053, -0.46343961427, 3.5945022037, -1.49411991845, 0.993178542098, -0.958759303562, 3.70512105445, 3.51602353953, 0.00247226002249, 82.609612274
0.00247226002249, -0.536547027061, 2.96830111053, -0.46343961427, 3.5945022037, -1.49411991845, 0.993178542098, -0.958759303562, 3.70512105445, 3.51602353953, 0.00247226002249, 82.609612274
0.000433039041473, -4.10113922422, 2.37454223619, -0.46343961427, 3.03180962343, -1.08464138539, 1.97012559484, -0.958759303562, -1.44740644331, 3.45462118946, 0.000433039041473, 82.6405574328
0.000433039041473, -4.10113922422, 2.37454223619, -0.46343961427, 3.03180962343, -1.08464138539, 1.97012559484, -0.958759303562, -1.44740644331, 3.45462118946, 0.000433039041473, 82.6405574328
0.0044264941552, -0.536547027061, 2.96830111053, -0.46343961427, 3.5945022037, 0.996062649091, 0.993178542098, -0.958759303562, 3.70512105445, 3.51602353953, 0.0044264941552, 81.3543093567
0.0044264941552, -0.536547027061, 2.96830111053, -0.46343961427, 3.5945022037, 0.996062649091, 0.993178542098, -0.958759303562, 3.70512105445, 3.51602353953, 0.0044264941552, 81.3543093567
5.67041853544e-05, -4.10113922422, -4.96111362985, -1.98133508342, 0.790487660792, -4.99967414848, -2.31492665591, 4.16069147626, 3.18923999535, 1.54908393833, 5.67041853544e-05, 184.699511357
5.67041853544e-05, -4.10113922422, -4.96111362985, -1.98133508342, 0.790487660792, -4.99967414848, -2.31492665591, 4.16069147626, 3.18923999535, 1.54908393833, 5.67041853544e-05, 184.699511357
0.703561436345, 2.92592141628, -2.34191397288, -0.46343961427, 0.468550949535, -1.49411991845, 0.993178542098, -0.958759303562, 2.76359972394, 2.9343846983, 0.703561436345, 80.1779480527
0.703561436345, 2.92592141628, -2.34191397288, -0.46343961427, 0.468550949535, -1.49411991845, 0.993178542098, -0.958759303562, 2.76359972394, 2.9343846983, 0.703561436345, 80.1779480527
0.00786251926688, -0.536547027061, 3.00947154366, -0.46343961427, 3.5945022037, -1.49411991845, 0.993178542098, -0.958759303562, 3.70512105445, 2.9343846983, 0.00786251926688, 81.4007784277
0.00042880309566, -0.536547027061, 2.96830111053, -1.59638293357, 4.17215854285, 0.0477788783025, 0.993178542098, -0.590124494933, 2.67735340528, -3.55895464102, 0.00042880309566, 101.388228335
0.000101897206763, -4.10113922422, -4.96111362985, -1.49302729174, -4.99224256567, -1.98790877639, 1.11428777139, 0.884540175046, 3.18923999535, 1.43459546394, 0.000101897206763, 134.084065968
0.00010113926548, -4.10113922422, -4.96111362985, -1.49302729174, -4.54659511862, -4.99977773748, -2.31492665591, 2.49421134179, 3.18923999535, 1.43459546394, 0.00010113926548, 161.354889936
0.000433039041473, -4.10113922422, 2.37454223619, -0.46343961427, 3.03180962343, -1.08464138539, 1.97012559484, -0.958759303562, -1.55660153219, 3.45462118946, 0.000433039041473, 83.2876229696
0.00042880309566, -0.536547027061, 2.96830111053, -1.59638293357, 4.17215854285, 0.0477788783025, 0.993178542098, -0.590124494933, 2.67735340528, -3.55895464102, 0.00042880309566, 101.388228335
0.00010113926548, -4.10113922422, -4.96111362985, -1.49302729174, -4.54659511862, -4.99977773748, -2.31492665591, 2.49421134179, 3.18923999535, 1.43459546394, 0.00010113926548, 161.354889936
0.000101399384051, -4.10113922422, -1.46784770589, -1.49302729174, -4.54659511862, -4.99498716398, -3.51841953164, 0.884540175046, 4.80488362402, 1.43459546394, 0.000101399384051, 145.683454887
0.000101897206763, -4.10113922422, -4.96111362985, -1.49302729174, -4.99224256567, -1.98790877639, 1.11428777139, 0.884540175046, 3.18923999535, 1.43459546394, 0.000101897206763, 134.084065968
0.000101399384051, -4.10113922422, -1.46784770589, -1.49302729174, -4.54659511862, -4.99498716398, -3.51841953164, 0.884540175046, 4.80488362402, 1.43459546394, 0.000101399384051, 145.683454887
0.00786251926688, -0.536547027061, 3.00947154366, -0.46343961427, 3.5945022037, -1.49411991845, 0.993178542098, -0.958759303562, 3.70512105445, 2.9343846983, 0.00786251926688, 81.4007784277
0.000433039041473, -4.10113922422, 2.37454223619, -0.46343961427, 3.03180962343, -1.08464138539, 1.97012559484, -0.958759303562, -1.55660153219, 3.45462118946, 0.000433039041473, 83.2876229696
0.000101897206763, -4.10113922422, -4.96111362985, -1.49302729174, -4.99224256567, -1.98790877639, 1.11428777139, 0.884540175046, 3.18923999535, 1.43459546394, 0.000101897206763, 134.084065968
0.000101897206763, -4.10113922422, -4.96111362985, -1.49302729174, -4.99224256567, -1.98790877639, 1.11428777139, 0.884540175046, 3.18923999535, 1.43459546394, 0.000101897206763, 134.084065968
