0.000101399384051, -4.10113922422, -1.46784770589, -1.49302729174, -4.54659511862, -4.99498716398, -3.51841953164, 0.884540175046, 3.57602116659, -1.05122772905, 0.000101399384051, 119.753288371
0.000101399384051, -4.10113922422, -1.46784770589, -1.49302729174, -4.54659511862, -4.99498716398, -3.51841953164, 0.884540175046, 3.57602116659, -1.05122772905, 0.000101399384051, 119.753288371
0.000433039041473, 0.602725792114, -1.98178235916, -1.49302729174, -3.11399441038, -1.08464138539, -1.07669042648, 0.884540175046, 1.48143518469, -1.52217831204, 0.000433039041473, 59.9037544502
0.000433039041473, 0.602725792114, -1.98178235916, -1.49302729174, -3.11399441038, -1.08464138539, -1.07669042648, 0.884540175046, 1.48143518469, -1.52217831204, 0.000433039041473, 59.9037544502
2.05501615619e-05, -3.61975438831, -4.98598787598, 3.05837767778, -4.54659511862, -1.98790877639, 1.11428777139, 0.884540175046, 3.18923999535, 1.43459546394, 2.05501615619e-05, 138.919861084
2.05501615619e-05, -3.61975438831, -4.98598787598, 3.05837767778, -4.54659511862, -1.98790877639, 1.11428777139, 0.884540175046, 3.18923999535, 1.43459546394, 2.05501615619e-05, 138.919861084
1.88914690724e-05, 4.34771238455, -4.99047048666, -1.98133508342, 0.790487660792, -4.99967414848, -2.31492665591, 0.884540175046, 1.80647231524, 1.54908393833, 1.88914690724e-05, 163.684939658
1.88914690724e-05, 4.34771238455, -4.99047048666, -1.98133508342, 0.790487660792, -4.99967414848, -2.31492665591, 0.884540175046, 1.80647231524, 1.54908393833, 1.88914690724e-05, 163.684939658
0.000238791456399, -3.44782016866, 0.470199915846, -2.91701275531, -2.10681931496, 1.58081045754, 0.993178542098, -0.958759303562, -1.97062043394, 3.51602353953, 0.000238791456399, 69.1246594001
0.000238791456399, -3.44782016866, 0.470199915846, -2.91701275531, -2.10681931496, 1.58081045754, 0.993178542098, -0.958759303562, -1.97062043394, 3.51602353953, 0.000238791456399, 69.1246594001
0.000101399384051, -4.10113922422, -1.46784770589, -1.49302729174, -4.54659511862, -4.99498716398, -3.51841953164, 0.884540175046, 3.57602116659, 1.43459546394, 0.000101399384051, 121.896474134
0.000101399384051, -4.10113922422, -1.46784770589, -1.49302729174, -4.54659511862, -4.99498716398, -3.51841953164, 0.884540175046, 3.57602116659, 1.43459546394, 0.000101399384051, 121.896474134
0.0225568687541, 2.45636874252, -2.07075568933, 1.07016979725, -1.58479473967, -3.36288074121, 0.510481185536, -0.00855200583983, -1.4210314055, -1.55105214421, 0.0225568687541, 63.1228252692
0.0225568687541, 2.45636874252, -2.07075568933, 1.07016979725, -1.58479473967, -3.36288074121, 0.510481185536, -0.00855200583983, -1.4210314055, -1.55105214421, 0.0225568687541, 63.1228252692
0.0225568687541, 2.45636874252, -2.07075568933, 1.07016979725, -1.58479473967, -3.36288074121, 0.510481185536, -0.00855200583983, -1.4210314055, -1.55105214421, 0.0225568687541, 63.1228252692
0.0225568687541, 2.45636874252, -2.07075568933, 1.07016979725, -1.58479473967, -3.36288074121, 0.510481185536, -0.00855200583983, -1.4210314055, -1.55105214421, 0.0225568687541, 63.1228252692
2.05501615619e-05, -4.10113922422, -4.98598787598, 3.05837767778, -4.54659511862, -1.98790877639, 1.11428777139, 0.884540175046, 3.18923999535, 2.04287367065, 2.05501615619e-05, 140.681753888
2.05501615619e-05, -4.10113922422, -4.98598787598, 3.05837767778, -4.54659511862, -1.98790877639, 1.11428777139, 0.884540175046, 3.18923999535, 2.04287367065, 2.05501615619e-05, 140.681753888
0.000433039041473, 0.602725792114, -1.98178235916, -1.49302729174, -3.11399441038, -1.08464138539, -1.07669042648, 0.884540175046, 1.48143518469, 3.53934541257, 0.000433039041473, 70.925432104
0.000433039041473, 0.602725792114, -1.98178235916, -1.49302729174, -3.11399441038, -1.08464138539, -1.07669042648, 0.884540175046, 1.48143518469, 3.53934541257, 0.000433039041473, 70.925432104
0.000238791456399, -0.536547027061, 0.470199915846, -1.66412354293, -2.10681931496, 0.0477788783025, 0.993178542098, -0.958759303562, -4.09012020607, 4.48229852657, 0.000238791456399, 80.7311140881
0.000238791456399, -0.536547027061, 0.470199915846, -1.66412354293, -2.10681931496, 0.0477788783025, 0.993178542098, -0.958759303562, -4.09012020607, 4.48229852657, 0.000238791456399, 80.7311140881
0.000238791456399, -0.536547027061, 0.470199915846, -1.66412354293, -2.10681931496, 0.0477788783025, 0.993178542098, -0.958759303562, -4.09012020607, 4.48229852657, 0.000238791456399, 80.7311140881
0.000238791456399, -0.536547027061, 0.470199915846, -1.66412354293, -2.10681931496, 0.0477788783025, 0.993178542098, -0.958759303562, -4.09012020607, 4.48229852657, 0.000238791456399, 80.7311140881
0.00042880309566, -0.536547027061, 1.57483862539, -1.59638293357, 3.5945022037, 0.658770604481, 2.02510756742, -0.958759303562, -0.428743852896, 3.51602353953, 0.00042880309566, 74.9953411705
0.00042880309566, -0.536547027061, 1.57483862539, -1.59638293357, 3.5945022037, 0.658770604481, 2.02510756742, -0.958759303562, -0.428743852896, 3.51602353953, 0.00042880309566, 74.9953411705
0.000101399384051, -4.10113922422, -1.46784770589, -0.0503955362065, -4.54659511862, -4.99617276945, -3.51841953164, 0.884540175046, 3.18923999535, 1.43459546394, 0.000101399384051, 131.955097172
0.000101399384051, -4.10113922422, -1.46784770589, -0.0503955362065, -4.54659511862, -4.99617276945, -3.51841953164, 0.884540175046, 3.18923999535, 1.43459546394, 0.000101399384051, 131.955097172
0.000101897206763, -4.10113922422, -1.85682333424, -1.49302729174, -4.54659511862, -1.43746572646, 1.11428777139, 0.884540175046, 3.18923999535, 1.43459546394, 0.000101897206763, 122.311845417
0.000101897206763, -4.10113922422, -1.85682333424, -1.49302729174, -4.54659511862, -1.43746572646, 1.11428777139, 0.884540175046, 3.18923999535, 1.43459546394, 0.000101897206763, 122.311845417
0.252971159823, -0.0670607723128, -3.50373372917, 0.98014809563, -0.0595350155357, 0.633833255258, -0.60446318104, 2.36073031385, -2.02689731928, -1.48103729002, 0.252971159823, 64.4099527783
0.252971159823, -0.0670607723128, -3.50373372917, 0.98014809563, -0.0595350155357, 0.633833255258, -0.60446318104, 2.36073031385, -2.02689731928, -1.48103729002, 0.252971159823, 64.4099527783
0.851675086771, -0.0670607723128, -3.50373372917, 0.98014809563, -0.0595350155357, 0.633833255258, -0.60446318104, 2.36073031385, -2.02689731928, -1.48103729002, 0.851675086771, 64.3996850197
0.851675086771, -0.0670607723128, -3.50373372917, 0.98014809563, -0.0595350155357, 0.633833255258, -0.60446318104, 2.36073031385, -2.02689731928, -1.48103729002, 0.851675086771, 64.3996850197
0.0655871496445, 0.602725792114, -1.98178235916, -1.49302729174, -3.11399441038, -1.08464138539, -1.07669042648, 0.884540175046, 1.48143518469, 3.04219340773, 0.0655871496445, 67.8287729471
0.0655871496445, 0.602725792114, -1.98178235916, -1.49302729174, -3.11399441038, -1.08464138539, -1.07669042648, 0.884540175046, 1.48143518469, 3.04219340773, 0.0655871496445, 67.8287729471
2.05501615619e-05, -4.10113922422, -4.98598787598, 3.05837767778, -2.71388910215, -1.98790877639, 1.11428777139, 0.884540175046, 3.18923999535, 1.43459546394, 2.05501615619e-05, 144.357386081
2.05501615619e-05, -4.10113922422, -4.98598787598, 3.05837767778, -2.71388910215, -1.98790877639, 1.11428777139, 0.884540175046, 3.18923999535, 1.43459546394, 2.05501615619e-05, 144.357386081
2.05501615619e-05, -4.10113922422, -4.98598787598, 3.05837767778, -2.71388910215, -1.98790877639, 1.11428777139, 0.884540175046, 3.18923999535, 1.43459546394, 2.05501615619e-05, 144.357386081
2.05501615619e-05, -4.10113922422, -4.98598787598, 3.05837767778, -2.71388910215, -1.98790877639, 1.11428777139, 0.884540175046, 3.18923999535, 1.43459546394, 2.05501615619e-05, 144.357386081
0.000238791456399, -0.536547027061, 0.470199915846, -2.91701275531, -2.10681931496, 1.58081045754, -1.69424359553, -0.958759303562, -4.09012020607, 3.51602353953, 0.000238791456399, 93.9067691747
0.000238791456399, -0.536547027061, 0.470199915846, -2.91701275531, -2.10681931496, 1.58081045754, -1.69424359553, -0.958759303562, -4.09012020607, 3.51602353953, 0.000238791456399, 93.9067691747
0.0108948984247, 4.98833931397, 0.470199915846, 1.07016979725, -0.49384674302, -0.548416736831, -1.93540103229, 2.68098386933, -2.46499569784, -1.55105214421, 0.0108948984247, 76.003818289
0.0108948984247, 4.98833931397, 0.470199915846, 1.07016979725, -0.49384674302, -0.548416736831, -1.93540103229, 2.68098386933, -2.46499569784, -1.55105214421, 0.0108948984247, 76.003818289
0.000433039041473, -4.10113922422, 2.37454223619, -0.46343961427, 3.03180962343, -1.08464138539, 1.97012559484, -0.958759303562, -1.55660153219, 3.45462118946, 0.000433039041473, 83.2876229696
0.000433039041473, -4.10113922422, 2.37454223619, -0.46343961427, 3.03180962343, -1.08464138539, 1.97012559484, -0.958759303562, -1.55660153219, 3.45462118946, 0.000433039041473, 83.2876229696
0.00786251926688, -0.536547027061, 3.00947154366, 0.0879472346511, 3.5945022037, -1.49411991845, 0.993178542098, -0.958759303562, 4.99354330927, 2.9343846983, 0.00786251926688, 78.456057226
0.00786251926688, -0.536547027061, 3.00947154366, 0.0879472346511, 3.5945022037, -1.49411991845, 0.993178542098, -0.958759303562, 4.99354330927, 2.9343846983, 0.00786251926688, 78.456057226
0.00042880309566, -0.536547027061, 2.96830111053, -1.59638293357, 3.5945022037, 0.0477788783025, 4.39665692534, -0.590124494933, -0.55043695605, -3.55895464102, 0.00042880309566, 92.1590728386
0.00042880309566, -0.536547027061, 2.96830111053, -1.59638293357, 3.5945022037, 0.0477788783025, 4.39665692534, -0.590124494933, -0.55043695605, -3.55895464102, 0.00042880309566, 92.1590728386
0.0177105633211, 4.98833931397, 0.470199915846, 1.07016979725, -0.49384674302, -0.548416736831, -1.93540103229, 2.68098386933, -2.46499569784, -1.55105214421, 0.0177105633211, 76.0038157238
0.0177105633211, 4.98833931397, 0.470199915846, 1.07016979725, -0.49384674302, -0.548416736831, -1.93540103229, 2.68098386933, -2.46499569784, -1.55105214421, 0.0177105633211, 76.0038157238
0.0044264941552, -0.536547027061, 2.96830111053, -0.46343961427, 3.5945022037, 0.996062649091, 0.993178542098, -0.958759303562, 3.70512105445, 3.51602353953, 0.0044264941552, 81.3543093567
0.0044264941552, -0.536547027061, 2.96830111053, -0.46343961427, 3.5945022037, 0.996062649091, 0.993178542098, -0.958759303562, 3.70512105445, 3.51602353953, 0.0044264941552, 81.3543093567
0.000101399384051, -4.10113922422, -1.46784770589, -1.49302729174, -4.54659511862, -4.99977773748, -3.51841953164, -0.876883725658, 3.18923999535, -1.93206019987, 0.000101399384051, 135.162776825
0.000101399384051, -4.10113922422, -1.46784770589, -1.49302729174, -4.54659511862, -4.99977773748, -3.51841953164, -0.876883725658, 3.18923999535, -1.93206019987, 0.000101399384051, 135.162776825
0.000101897206763, -4.19692562408, -4.96111362985, -1.49302729174, -4.54659511862, -4.99498716398, 0.419978443825, -0.954506401682, 0.0141992044209, 1.43459546394, 0.000101897206763, 124.559193898
0.000101897206763, -4.19692562408, -4.96111362985, -1.49302729174, -4.54659511862, -4.99498716398, 0.419978443825, -0.954506401682, 0.0141992044209, 1.43459546394, 0.000101897206763, 124.559193898
0.358902922713, 1.02216455137, 0.442263954187, -2.59810910408, -0.590734333362, -2.10123050621, -1.4269710986, -3.95632967139, -2.02356045072, -1.02795787712, 0.358902922713, 65.5027303658
0.358902922713, 1.02216455137, 0.442263954187, -2.59810910408, -0.590734333362, -2.10123050621, -1.4269710986, -3.95632967139, -2.02356045072, -1.02795787712, 0.358902922713, 65.5027303658
0.0956967410719, 1.02216455137, 0.442263954187, -3.11751029801, -0.590734333362, 0.332669091902, -0.959948281303, -4.4730574028, -0.932829181144, -1.02795787712, 0.0956967410719, 73.912048996
0.0956967410719, 1.02216455137, 0.442263954187, -3.11751029801, -0.590734333362, 0.332669091902, -0.959948281303, -4.4730574028, -0.932829181144, -1.02795787712, 0.0956967410719, 73.912048996
2.05501615619e-05, -4.10113922422, -4.14587667956, -0.446146881566, -4.54659511862, -1.98790877639, -1.80604213457, 0.884540175046, 3.18923999535, 1.43459546394, 2.05501615619e-05, 146.568750225
2.05501615619e-05, -4.10113922422, -4.14587667956, -0.446146881566, -4.54659511862, -1.98790877639, -1.80604213457, 0.884540175046, 3.18923999535, 1.43459546394, 2.05501615619e-05, 146.568750225
0.000433039041473, -4.10113922422, 2.37454223619, -0.46343961427, 3.62069506334, -1.08464138539, 1.97012559484, -0.958759303562, -1.44740644331, 3.45462118946, 0.000433039041473, 95.2290652413
0.000433039041473, -4.10113922422, 2.37454223619, -0.46343961427, 3.62069506334, -1.08464138539, 1.97012559484, -0.958759303562, -1.44740644331, 3.45462118946, 0.000433039041473, 95.2290652413
0.00042880309566, 0.101209068024, 1.57483862539, -1.59638293357, 3.5945022037, -0.864299986712, 2.02510756742, -0.958759303562, 2.67735340528, 3.51602353953, 0.00042880309566, 97.6229905376
0.00042880309566, 0.101209068024, 1.57483862539, -1.59638293357, 3.5945022037, -0.864299986712, 2.02510756742, -0.958759303562, 2.67735340528, 3.51602353953, 0.00042880309566, 97.6229905376
0.0594245039974, 0.602725792114, -1.98178235916, -3.54754326093, -3.11399441038, -1.08464138539, -1.07669042648, 0.884540175046, 1.48143518469, 3.04219340773, 0.0594245039974, 79.8786128005
0.0594245039974, 0.602725792114, -1.98178235916, -3.54754326093, -3.11399441038, -1.08464138539, -1.07669042648, 0.884540175046, 1.48143518469, 3.04219340773, 0.0594245039974, 79.8786128005
0.00786251926688, -0.536547027061, 3.00947154366, -0.46343961427, 3.5945022037, -1.49411991845, 0.993178542098, -0.958759303562, 3.70512105445, 2.9343846983, 0.00786251926688, 81.4007784277
0.00786251926688, -0.536547027061, 3.00947154366, -0.46343961427, 3.5945022037, -1.49411991845, 0.993178542098, -0.958759303562, 3.70512105445, 2.9343846983, 0.00786251926688, 81.4007784277
0.000101399384051, 1.80673211919, -4.9765707506, -1.49302729174, -4.96364936428, -4.99498716398, -1.45832672963, 0.884540175046, 3.18923999535, 0.480272584604, 0.000101399384051, 140.910643612
0.000101399384051, 1.80673211919, -4.9765707506, -1.49302729174, -4.96364936428, -4.99498716398, -1.45832672963, 0.884540175046, 3.18923999535, 0.480272584604, 0.000101399384051, 140.910643612
0.000101897206763, -4.19692562408, -4.97220076289, -1.49302729174, -4.93466675018, -4.99498716398, -0.449819104, -0.954506401682, 0.0141992044209, 1.43459546394, 0.000101897206763, 126.606804839
0.000101897206763, -4.19692562408, -4.97220076289, -1.49302729174, -4.93466675018, -4.99498716398, -0.449819104, -0.954506401682, 0.0141992044209, 1.43459546394, 0.000101897206763, 126.606804839
0.483126169736, 1.02216455137, 0.442263954187, -3.11751029801, -0.590734333362, 0.391454124448, -1.4269710986, 3.09414264959, -2.02356045072, -1.02795787712, 0.483126169736, 66.1447641297
0.483126169736, 1.02216455137, 0.442263954187, -3.11751029801, -0.590734333362, 0.391454124448, -1.4269710986, 3.09414264959, -2.02356045072, -1.02795787712, 0.483126169736, 66.1447641297
0.358902922713, 1.02216455137, 0.442263954187, -1.13173395034, -0.590734333362, 0.332669091902, -1.4269710986, -3.95632967139, -2.02356045072, -1.02795787712, 0.358902922713, 67.9042744798
0.358902922713, 1.02216455137, 0.442263954187, -1.13173395034, -0.590734333362, 0.332669091902, -1.4269710986, -3.95632967139, -2.02356045072, -1.02795787712, 0.358902922713, 67.9042744798
0.0956967410719, 1.02216455137, 0.442263954187, -3.11751029801, -0.590734333362, 0.332669091902, -0.959948281303, -4.4730574028, -2.02356045072, -1.02795787712, 0.0956967410719, 74.2158603804
0.0956967410719, 1.02216455137, 0.442263954187, -3.11751029801, -0.590734333362, 0.332669091902, -0.959948281303, -4.4730574028, -2.02356045072, -1.02795787712, 0.0956967410719, 74.2158603804
2.05501615619e-05, -4.10113922422, -4.98598787598, 3.05837767778, -4.54659511862, -1.98790877639, 1.11428777139, 0.884540175046, 3.7344167672, 1.43459546394, 2.05501615619e-05, 146.701097511
2.05501615619e-05, -4.10113922422, -4.98598787598, 3.05837767778, -4.54659511862, -1.98790877639, 1.11428777139, 0.884540175046, 3.7344167672, 1.43459546394, 2.05501615619e-05, 146.701097511
0.00247226002249, -0.536547027061, 2.96830111053, -0.46343961427, 3.5945022037, -0.677150072865, 0.993178542098, -0.958759303562, 3.70512105445, 3.51602353953, 0.00247226002249, 96.9027287791
0.00247226002249, -0.536547027061, 2.96830111053, -0.46343961427, 3.5945022037, -0.677150072865, 0.993178542098, -0.958759303562, 3.70512105445, 3.51602353953, 0.00247226002249, 96.9027287791
0.00042880309566, -0.536547027061, 2.96830111053, -1.59638293357, 4.17215854285, 0.0477788783025, 0.993178542098, -0.590124494933, 2.67735340528, -3.55895464102, 0.00042880309566, 101.388228335
0.00042880309566, -0.536547027061, 2.96830111053, -1.59638293357, 4.17215854285, 0.0477788783025, 0.993178542098, -0.590124494933, 2.67735340528, -3.55895464102, 0.00042880309566, 101.388228335
0.000433039041473, -1.76720454401, 2.37454223619, -0.46343961427, 3.39873918441, 3.43615388039, 1.97012559484, -0.958759303562, -1.55660153219, 3.45462118946, 0.000433039041473, 99.4815424617
0.000433039041473, -1.76720454401, 2.37454223619, -0.46343961427, 3.39873918441, 3.43615388039, 1.97012559484, -0.958759303562, -1.55660153219, 3.45462118946, 0.000433039041473, 99.4815424617
0.00786251926688, 2.92592141628, -2.34191397288, 1.35002115199, 0.468550949535, -1.49411991845, 0.993178542098, -0.958759303562, 2.34914310939, 2.9343846983, 0.00786251926688, 85.0616574299
0.00786251926688, 2.92592141628, -2.34191397288, 1.35002115199, 0.468550949535, -1.49411991845, 0.993178542098, -0.958759303562, 2.34914310939, 2.9343846983, 0.00786251926688, 85.0616574299
0.942343285614, 1.02216455137, 0.442263954187, -2.59810910408, -0.590734333362, 0.332669091902, -1.4269710986, -3.95632967139, -2.02356045072, -1.02795787712, 0.942343285614, 69.2022237096
0.942343285614, 1.02216455137, 0.442263954187, -2.59810910408, -0.590734333362, 0.332669091902, -1.4269710986, -3.95632967139, -2.02356045072, -1.02795787712, 0.942343285614, 69.2022237096
2.05501615619e-05, -4.10113922422, -4.98598787598, 3.05837767778, -2.71388910215, -4.252655327, 1.11428777139, 2.88307410936, 3.18923999535, 1.43459546394, 2.05501615619e-05, 186.08271092
2.05501615619e-05, -4.10113922422, -4.98598787598, 3.05837767778, -2.71388910215, -4.252655327, 1.11428777139, 2.88307410936, 3.18923999535, 1.43459546394, 2.05501615619e-05, 186.08271092
0.00786251926688, 2.92592141628, -2.34191397288, -0.46343961427, 0.468550949535, 0.671420547377, 0.993178542098, -0.958759303562, 2.34914310939, 2.9343846983, 0.00786251926688, 85.1024389876
0.695361397849, -0.536547027061, 2.96830111053, -0.46343961427, 3.93093914605, -1.49411991845, 0.993178542098, -0.958759303562, -2.30018978535, 3.51602353953, 0.695361397849, 73.59714673
0.695361397849, -0.536547027061, 2.96830111053, -0.46343961427, 3.93093914605, -1.49411991845, 0.993178542098, -0.958759303562, -2.30018978535, 3.51602353953, 0.695361397849, 73.59714673
5.67041853544e-05, 3.08422731125, -4.96111362985, -1.98133508342, 0.790487660792, -4.99967414848, -2.31492665591, 0.884540175046, 1.80647231524, 1.54908393833, 5.67041853544e-05, 146.836753981
