0.999175124381, 0.999417492628, 0.125021936866, 0.493230693439, 0.00362124345805, 0.981427877639, 0.346413039644, 0.539136391861, 0.85580036155, 21.4218621438, 22.0098675291, 303.961142022, 0.202476852899, 0.286959634127
0.0184349852427, 0.858401771672, 0.0029452777767, 0.0442509837699, 0.934176945211, 0.772862827121, 0.368306187458, 0.0424633847895, 0.946928460064, 0.000892847388521, 0.0192840461505, 6.83041414362, 1.13004374627, 424.926399225
0.999836855337, 0.000771596481101, 0.992509115584, 0.493230693439, 0.91695403859, 0.981427877639, 0.58771048562, 0.0661226807719, 0.331737774132, 0.0941575463782, 0.0967420623257, 0.00144079976842, 249.083561158, 0.0406746688571
0.999559218702, 0.00145187926512, 0.0029452777767, 0.410036650031, 0.539520001618, 0.457842239282, 0.692259589137, 0.0317499091809, 0.768714812453, 0.000606925499857, 0.000873248284148, 0.501078123337, 345.640753475, 0.152640779535
0.801142346718, 0.000771596481101, 0.0172811026712, 0.293550183433, 0.701504912751, 0.99715083213, 0.309860495248, 0.875083586158, 0.49584688784, 0.000268041094001, 0.000645060341899, 0.051925045138, 68.4261503767, 16.9976921239
0.0184349852427, 0.999417492628, 0.125021936866, 0.430954981862, 0.166870890383, 0.986268171314, 0.145088794787, 0.539136391861, 0.946928460064, 0.408652742753, 0.539596517499, 6.63641375185, 0.00442069720514, 404.078384932
0.782347596316, 0.972005508198, 0.996134101128, 0.999915066233, 0.935629521851, 0.159042581945, 0.663613888031, 0.856520229871, 0.528216334769, 329.744724402, 0.0280088403344, 1.27981567552, 9.53456311575, 94.7527722294
0.942302676396, 0.999417492628, 0.992509115584, 0.0261409709392, 0.4982116248, 0.3707908931, 0.000971859806982, 0.0661226807719, 0.841435518638, 6.39936554851, 238.402771426, 1.84762485714, 0.143759045199, 15.1112015217
0.975922721585, 0.858401771672, 0.836196623598, 0.0442509837699, 0.934176945211, 0.628290843501, 0.907010258787, 0.925894678683, 0.935463375043, 9.70995776865, 209.71923773, 42.9842002342, 43.2865741329, 7.54201446801
0.987312104538, 0.588616188245, 0.303810483163, 0.999951570481, 0.682006968557, 0.200991394493, 0.368306187458, 0.98543261121, 0.85580036155, 42.556893815, 0.00206110970816, 97.5249371175, 97.904622103, 3.05837776602
0.782347596316, 0.999417492628, 0.992509115584, 0.429581417384, 0.00362124345805, 0.829380507554, 0.368306187458, 0.856520229871, 0.528216334769, 105.577240696, 140.19046811, 1.85491243452, 0.144326073274, 68.9298105984
0.999836855337, 0.294844167355, 0.40029913468, 0.543180770518, 0.0579037238562, 0.0765350287776, 0.985285370583, 0.286657063651, 0.331737774132, 18.0019982717, 15.139819791, 49.650811727, 198.008684791, 0.0458187109681
0.999836855337, 0.000771596481101, 0.992509115584, 0.493230693439, 0.91695403859, 0.981427877639, 0.58771048562, 0.0661226807719, 0.331737774132, 0.0941575463782, 0.0967420623257, 0.00144079976842, 249.083561158, 0.0406746688571
0.999559218702, 0.00145187926512, 0.0029452777767, 0.410036650031, 0.539520001618, 0.457842239282, 0.692259589137, 0.0317499091809, 0.768714812453, 0.000606925499857, 0.000873248284148, 0.501078123337, 345.640753475, 0.152640779535
0.0184349852427, 0.000771596481101, 0.412627591849, 0.305008464469, 0.225280594113, 0.981574965663, 0.408870807981, 0.856520229871, 0.946928460064, 0.000565592463826, 0.00128875759433, 0.00263965396578, 5.81979904811, 310.112659186
0.993285916328, 0.858401771672, 0.311390962449, 0.0198686687933, 0.735627886175, 0.772862827121, 0.838758838588, 0.925894678683, 0.935463375043, 2.05915161392, 101.578975094, 229.185041611, 54.9010644382, 2.62080927299
0.0184349852427, 0.176135540461, 0.714239858162, 0.755234450808, 0.225280594113, 0.981574965663, 0.35974564931, 0.189477115557, 0.0844491677377, 0.410900252473, 0.133169542057, 0.217676820858, 3.56302857418, 230.271300296
0.999843662239, 0.999417492628, 0.303810483163, 0.531199599488, 0.225508507982, 0.482371361609, 0.796348588485, 0.035086372851, 0.937422142355, 44.2521981252, 39.0539605539, 190.898199945, 0.159819156088, 0.0429001882432
0.0184349852427, 0.000771596481101, 0.412627591849, 0.305008464469, 0.225280594113, 0.981574965663, 0.408870807981, 0.856520229871, 0.946928460064, 0.000565592463826, 0.00128875759433, 0.00263965396578, 5.81979904811, 310.112659186
0.801142346718, 0.95807991203, 0.992509115584, 0.999915066233, 0.4982116248, 0.552684133762, 0.100039092571, 0.249675584261, 0.841435518638, 236.238708399, 0.0200663476159, 1.78314450329, 10.4153506093, 61.6714742736
0.993285916328, 0.858401771672, 0.836196623598, 0.401778451975, 0.00362124345805, 0.772862827121, 0.838758838588, 0.921170908378, 0.92350220767, 77.2076535978, 114.957090973, 37.6433402119, 37.9081436392, 1.80961909187
0.969130458339, 0.764987736506, 0.411028683486, 0.410036650031, 0.539520001618, 0.995408023225, 0.0109363406957, 0.225563751638, 0.85580036155, 35.7791733533, 51.4793030551, 125.034436262, 65.2186114228, 8.83952566013
0.782347596316, 0.972005508198, 0.996134101128, 0.949762424225, 0.91695403859, 0.159042581945, 0.663613888031, 0.856520229871, 0.331737774132, 281.481297615, 14.8889213319, 1.15018378941, 8.56881201304, 85.155311585
0.782347596316, 0.972005508198, 0.996134101128, 0.999915066233, 0.935629521851, 0.159042581945, 0.663613888031, 0.856520229871, 0.528216334769, 329.744724402, 0.0280088403344, 1.27981567552, 9.53456311575, 94.7527722294
0.782347596316, 0.972005508198, 0.996134101128, 0.949762424225, 0.91695403859, 0.159042581945, 0.663613888031, 0.856520229871, 0.331737774132, 281.481297615, 14.8889213319, 1.15018378941, 8.56881201304, 85.155311585
0.975922721585, 0.858401771672, 0.836196623598, 0.0442509837699, 0.934176945211, 0.628290843501, 0.907010258787, 0.925894678683, 0.935463375043, 9.70995776865, 209.71923773, 42.9842002342, 43.2865741329, 7.54201446801
0.942302676396, 0.999417492628, 0.992509115584, 0.0261409709392, 0.4982116248, 0.3707908931, 0.000971859806982, 0.0661226807719, 0.841435518638, 6.39936554851, 238.402771426, 1.84762485714, 0.143759045199, 15.1112015217
0.835195878937, 0.999103023643, 0.0568235340084, 0.998626639307, 0.0766264331248, 0.536030333263, 0.368306187458, 0.00882872676004, 0.528216334769, 13.6034335634, 0.0187081139353, 226.104969898, 0.21522260082, 47.3463608799
0.975922721585, 0.858401771672, 0.836196623598, 0.401778451975, 0.698253257483, 0.683974440057, 0.838758838588, 0.925894678683, 0.606718720825, 53.010680251, 78.9293976463, 25.8458712131, 26.0276849214, 4.53492058863
0.980199187287, 0.736050920176, 0.968270951392, 0.999991123361, 0.973512640634, 0.355157254579, 0.0117577994629, 0.910835569709, 0.968441506357, 202.840361414, 0.00180055655248, 6.64688825745, 75.1231205956, 5.74939498371
0.782347596316, 0.999417492628, 0.992509115584, 0.429581417384, 0.00362124345805, 0.829380507554, 0.368306187458, 0.856520229871, 0.528216334769, 105.577240696, 140.19046811, 1.85491243452, 0.144326073274, 68.9298105984
0.801142346718, 0.95807991203, 0.992509115584, 0.999915066233, 0.4982116248, 0.552684133762, 0.100039092571, 0.249675584261, 0.841435518638, 236.238708399, 0.0200663476159, 1.78314450329, 10.4153506093, 61.6714742736
0.840814112679, 0.739289818043, 0.378018163496, 0.0179235266296, 0.943664606543, 0.788934291286, 0.692259589137, 0.035086372851, 0.468796478738, 1.21852002331, 66.765869907, 111.859851684, 63.4219812189, 46.0560175585
0.867115966451, 0.996535314233, 0.0568235340084, 0.999915066233, 0.34842980756, 0.368114394986, 0.0109363406957, 0.910835569709, 0.85580036155, 15.6708571245, 0.00133109797557, 260.132344107, 0.958898318862, 42.4135207129
0.999836855337, 0.294844167355, 0.40029913468, 0.543180770518, 0.0579037238562, 0.0765350287776, 0.985285370583, 0.286657063651, 0.331737774132, 18.0019982717, 15.139819791, 49.650811727, 198.008684791, 0.0458187109681
0.796055850729, 0.89756729864, 0.990545674879, 0.618703892626, 0.701504912751, 0.965166320152, 0.247932427433, 0.921170908378, 0.999689647426, 111.549975368, 68.7462482334, 1.72084857791, 20.7722589997, 51.9532613077
0.724022613578, 0.999245664568, 0.521547783752, 0.734540354001, 0.225280594113, 0.594959671488, 0.674145798875, 0.631287663267, 0.0111178399465, 57.1114732516, 20.6398346793, 71.326706305, 0.112539720983, 56.8673110309
0.994382503375, 0.103613519615, 0.0029452777767, 0.681356519162, 0.270366691802, 0.482371361609, 0.345567512892, 0.977176599674, 0.795610656601, 0.0527775305024, 0.0246819624622, 26.2220948572, 227.524024347, 1.43390807048
0.995732997333, 0.999417492628, 0.125021936866, 0.493230693439, 0.00362124345805, 0.981427877639, 0.663613888031, 0.856520229871, 0.85580036155, 21.198559824, 21.7804358184, 300.792639317, 0.20036622635, 1.47401908976
0.969130458339, 0.764987736506, 0.983533106609, 0.410036650031, 0.539520001618, 0.995408023225, 0.0117577994629, 0.0317499091809, 0.968441506357, 87.2892487539, 125.592328411, 3.56418936227, 66.4944117242, 9.01244362411
0.621932204044, 0.999245664568, 0.521547783752, 0.833999411081, 0.225280594113, 0.998151443343, 0.674145798875, 0.631287663267, 0.85580036155, 79.8112166216, 15.8857533777, 87.7895157658, 0.138514844177, 111.624223366
0.958150252658, 0.901084173887, 0.699284484113, 0.183264820901, 0.973512640634, 0.807593744675, 0.297103228632, 0.189477115557, 0.250300745099, 21.9123476031, 97.6542309437, 51.4175935079, 18.7696567327, 8.28800051963
0.995732997333, 0.991923367154, 0.810831276955, 0.566349793199, 0.835557079105, 0.538942969623, 0.345567512892, 0.977176599674, 0.795610656601, 152.168395075, 116.514311094, 62.6842672142, 2.69812111496, 1.43156514139
0.994382503375, 0.103613519615, 0.0029452777767, 0.681356519162, 0.270366691802, 0.482371361609, 0.345567512892, 0.977176599674, 0.795610656601, 0.0527775305024, 0.0246819624622, 26.2220948572, 227.524024347, 1.43390807048
0.814213611143, 0.95807991203, 0.146676493356, 0.999915066233, 0.225508507982, 0.368114394986, 0.368306187458, 0.910835569709, 0.322410367336, 29.980314186, 0.00254655729439, 174.432039404, 8.94402490746, 48.6840107727
0.942302676396, 0.999417492628, 0.0029452777767, 0.410036650031, 0.539520001618, 0.981574965663, 0.692259589137, 0.0317499091809, 0.768714812453, 0.334008146202, 0.480573053252, 275.757362506, 0.161199095676, 16.9444087257
0.975922721585, 0.858401771672, 0.836196623598, 0.401778451975, 0.698253257483, 0.683974440057, 0.838758838588, 0.925894678683, 0.606718720825, 53.010680251, 78.9293976463, 25.8458712131, 26.0276849214, 4.53492058863
0.935947748372, 0.692014025287, 0.045301038426, 0.929848974847, 0.928805187698, 0.371781711105, 0.0836853283403, 0.415395206886, 0.977759671589, 6.54459896555, 0.49374719881, 148.329972287, 69.1478225141, 15.3649222201
0.925907416922, 0.143537211725, 0.146676493356, 0.727170581356, 0.991698549966, 0.995408023225, 0.58771048562, 0.910835569709, 0.0795926656444, 1.59236705656, 0.597445206735, 12.7397256142, 89.0820818136, 8.32317511691
0.415960475846, 0.999417492628, 0.997872402619, 0.429581417384, 0.00362124345805, 0.829380507554, 0.368306187458, 0.856520229871, 0.528216334769, 56.4368971732, 74.9395890743, 0.280112234091, 0.0767356382238, 184.963423792
0.969130458339, 0.764987736506, 0.983533106609, 0.410036650031, 0.539520001618, 0.995408023225, 0.0117577994629, 0.0317499091809, 0.968441506357, 87.2892487539, 125.592328411, 3.56418936227, 66.4944117242, 9.01244362411
0.724022613578, 0.999245664568, 0.521547783752, 0.833999411081, 0.225280594113, 0.99715083213, 0.674145798875, 0.631287663267, 0.85580036155, 93.0420294786, 18.5192357242, 102.342942002, 0.161477330639, 81.5959156975
0.796055850729, 0.89756729864, 0.0172811026712, 0.11921311829, 0.701504912751, 0.997175581198, 0.0761791034427, 0.875083586158, 0.937422142355, 0.327811614622, 2.42198320094, 156.371695745, 18.159356014, 45.4181592956
0.923085289082, 0.999103023643, 0.599843583805, 0.999917458461, 0.998754566924, 0.877235610142, 0.345567512892, 0.98543261121, 0.670133978353, 143.974033712, 0.0118848192997, 96.0531890276, 0.215502705088, 20.0188586188
0.810540216602, 0.95807991203, 0.992509115584, 0.980769151876, 0.4982116248, 0.552684133762, 0.100039092571, 0.921170908378, 0.841435518638, 191.975381989, 3.76423892166, 1.47732937952, 8.62908385985, 48.1154966091
0.782347596316, 0.950160471829, 0.968270951392, 0.681356519162, 0.405795979926, 0.0765350287776, 0.345567512892, 0.977176599674, 0.795610656601, 107.140447351, 50.1053473802, 5.15275136281, 8.5184209961, 47.5498217067
0.724022613578, 0.999245664568, 0.521547783752, 0.833999411081, 0.225280594113, 0.99715083213, 0.674145798875, 0.631287663267, 0.85580036155, 93.0420294786, 18.5192357242, 102.342942002, 0.161477330639, 81.5959156975
0.922128522124, 0.960398045681, 0.125021936866, 0.375323748381, 0.735627886175, 0.198335408788, 0.507586125781, 0.603791549489, 0.272846105521, 6.47917781568, 10.7837261269, 120.816095434, 5.69367904312, 12.141247861
0.921913493787, 0.875192346292, 0.996767094938, 0.998626639307, 0.0126258240953, 0.489668925026, 0.507586125781, 0.163268047013, 0.563473934765, 173.204120476, 0.238198863899, 0.56254119451, 24.8141319666, 16.8400621076
0.36151852182, 0.950160471829, 0.97837234959, 0.146649484734, 0.711832611724, 0.99715083213, 0.711753170777, 0.442699263625, 0.159939343113, 11.6164661283, 67.5959917224, 1.75105045358, 4.2468437412, 150.49085523
0.993285916328, 0.764987736506, 0.968270951392, 0.807417720364, 0.993462538264, 0.699578591869, 0.127396449403, 0.0561814152802, 0.986736638604, 129.287084083, 30.8370757196, 5.24707184731, 50.8037784295, 1.46122791185
0.867115966451, 0.996535314233, 0.0568235340084, 0.999915066233, 0.34842980756, 0.368114394986, 0.0109363406957, 0.910835569709, 0.85580036155, 15.6708571245, 0.00133109797557, 260.132344107, 0.958898318862, 42.4135207129
0.796055850729, 0.89756729864, 0.0172811026712, 0.11921311829, 0.701504912751, 0.997175581198, 0.0761791034427, 0.875083586158, 0.937422142355, 0.327811614622, 2.42198320094, 156.371695745, 18.159356014, 45.4181592956
0.463040907243, 0.957541562668, 0.0172811026712, 0.199337796197, 0.324898295939, 0.997942788278, 0.796348588485, 0.662469500233, 0.0665141092452, 0.369284563628, 1.48327210487, 105.348743141, 4.75342256394, 129.826771707
0.935947748372, 0.692014025287, 0.045301038426, 0.929848974847, 0.928805187698, 0.371781711105, 0.0836853283403, 0.415395206886, 0.977759671589, 6.54459896555, 0.49374719881, 148.329972287, 69.1478225141, 15.3649222201
0.0184349852427, 0.858401771672, 0.836196623598, 0.0123425786334, 0.934176945211, 0.772862827121, 0.368306187458, 0.0424633847895, 0.946928460064, 0.0707037346608, 5.65773736026, 1.12214994224, 1.13004374627, 424.926399225
0.32489010328, 0.000771596481101, 0.40029913468, 0.293550183433, 0.0579037238562, 0.99715083213, 0.145088794787, 0.286657063651, 0.997125556687, 0.0074626578142, 0.0179594275237, 0.0380856346032, 82.2433994481, 171.030779444
0.304437248481, 0.438745453961, 0.968270951392, 0.0442509837699, 0.993462538264, 0.898304781309, 0.127396449403, 0.0561814152802, 0.997125556687, 1.19490425156, 25.8079813288, 0.884851360966, 35.6747152494, 145.224260039
0.980199187287, 0.736050920176, 0.968270951392, 0.999991123361, 0.973512640634, 0.355157254579, 0.0117577994629, 0.910835569709, 0.968441506357, 202.840361414, 0.00180055655248, 6.64688825745, 75.1231205956, 5.74939498371
0.32489010328, 0.000771596481101, 0.40029913468, 0.293550183433, 0.0579037238562, 0.99715083213, 0.145088794787, 0.286657063651, 0.997125556687, 0.0074626578142, 0.0179594275237, 0.0380856346032, 82.2433994481, 171.030779444
0.942302676396, 0.999417492628, 0.0029452777767, 0.410036650031, 0.539520001618, 0.981574965663, 0.692259589137, 0.0317499091809, 0.768714812453, 0.334008146202, 0.480573053252, 275.757362506, 0.161199095676, 16.9444087257
0.0552280030805, 0.999417492628, 0.454936335629, 0.11249068735, 0.998754566924, 0.000496978118949, 0.663613888031, 0.664428762102, 0.089152729083, 0.597450959842, 4.71366388811, 6.36329854136, 0.0068043954701, 199.827747473
0.724022613578, 0.999245664568, 0.521547783752, 0.734540354001, 0.225280594113, 0.594959671488, 0.674145798875, 0.631287663267, 0.0111178399465, 57.1114732516, 20.6398346793, 71.326706305, 0.112539720983, 56.8673110309
0.867115966451, 0.996535314233, 0.766826091707, 0.999915066233, 0.118661708683, 0.368114394986, 0.0109363406957, 0.910835569709, 0.85580036155, 169.718035307, 0.0144160163939, 51.6116750163, 0.769554107193, 34.0385402947
0.0184349852427, 0.999417492628, 0.125021936866, 0.430954981862, 0.166870890383, 0.986268171314, 0.145088794787, 0.539136391861, 0.946928460064, 0.408652742753, 0.539596517499, 6.63641375185, 0.00442069720514, 404.078384932
0.415960475846, 0.999417492628, 0.997872402619, 0.429581417384, 0.00362124345805, 0.829380507554, 0.368306187458, 0.856520229871, 0.528216334769, 56.4368971732, 74.9395890743, 0.280112234091, 0.0767356382238, 184.963423792
0.0211146367362, 0.736050920176, 0.181165496542, 0.538279016341, 0.685341322291, 0.368114394986, 0.100039092571, 0.910835569709, 0.85580036155, 0.340140098491, 0.291762851773, 2.85608434492, 1.25079802465, 219.692512222
0.483187108654, 0.471897221281, 0.984970144094, 0.719853449305, 0.996879238742, 0.897387158924, 0.00786708738657, 0.92261214318, 0.650766849152, 31.2024198192, 12.1430970347, 0.661417888026, 49.2484029829, 99.7451294948
0.958150252658, 0.901084173887, 0.699284484113, 0.183264820901, 0.973512640634, 0.807593744675, 0.297103228632, 0.189477115557, 0.250300745099, 21.9123476031, 97.6542309437, 51.4175935079, 18.7696567327, 8.28800051963
0.621932204044, 0.999245664568, 0.521547783752, 0.833999411081, 0.225280594113, 0.998151443343, 0.674145798875, 0.631287663267, 0.85580036155, 79.8112166216, 15.8857533777, 87.7895157658, 0.138514844177, 111.624223366
0.980199187287, 0.736050920176, 0.181165496542, 0.999915066233, 0.973512640634, 0.355157254579, 0.0109363406957, 0.910835569709, 0.85580036155, 40.6151957741, 0.00344989456814, 183.588758301, 80.40114664, 6.15333795391
0.942302676396, 0.875192346292, 0.565774680032, 0.998626639307, 0.0766264331248, 0.132396858665, 0.674145798875, 0.0240127538249, 0.937422142355, 158.751785829, 0.218323299252, 122.007663011, 40.0691078175, 19.6577449995
0.527441874568, 0.588616188245, 0.378018163496, 0.999915066233, 0.682006968557, 0.200991394493, 0.368306187458, 0.035086372851, 0.85580036155, 35.2235044349, 0.00299191901713, 57.9608151449, 65.1286053241, 141.842118511
0.814213611143, 0.95807991203, 0.146676493356, 0.999915066233, 0.225508507982, 0.368114394986, 0.368306187458, 0.910835569709, 0.322410367336, 29.980314186, 0.00254655729439, 174.432039404, 8.94402490746, 48.6840107727
0.867115966451, 0.996535314233, 0.766826091707, 0.999915066233, 0.118661708683, 0.368114394986, 0.0109363406957, 0.910835569709, 0.85580036155, 169.718035307, 0.0144160163939, 51.6116750163, 0.769554107193, 34.0385402947
0.0552280030805, 0.950160471829, 0.454936335629, 0.11249068735, 0.998754566924, 0.000105299865086, 0.663613888031, 0.664428762102, 0.089152729083, 0.567995194694, 4.48126895396, 6.04957266259, 0.58217617583, 199.824244048
0.840814112679, 0.739289818043, 0.378018163496, 0.0179235266296, 0.943664606543, 0.788934291286, 0.692259589137, 0.035086372851, 0.468796478738, 1.21852002331, 66.765869907, 111.859851684, 63.4219812189, 46.0560175585
0.45144272033, 0.588616188245, 0.992509115584, 0.530416871989, 0.923007128074, 0.200991394493, 0.58771048562, 0.856520229871, 0.331737774132, 34.484080147, 30.5290858514, 0.490681752311, 45.7806344957, 135.2240497
0.995732997333, 0.991923367154, 0.810831276955, 0.566349793199, 0.835557079105, 0.538942969623, 0.345567512892, 0.977176599674, 0.795610656601, 152.168395075, 116.514311094, 62.6842672142, 2.69812111496, 1.43156514139
0.463040907243, 0.957541562668, 0.0172811026712, 0.199337796197, 0.324898295939, 0.997942788278, 0.796348588485, 0.662469500233, 0.0665141092452, 0.369284563628, 1.48327210487, 105.348743141, 4.75342256394, 129.826771707
0.565145503787, 0.999103023643, 0.599843583805, 0.562588771287, 0.998754566924, 0.877235610142, 0.345567512892, 0.990772016772, 0.617767364769, 40.2874647212, 31.3233934711, 47.7716944026, 0.107179464572, 91.9420695894
0.993285916328, 0.858401771672, 0.836196623598, 0.401778451975, 0.00362124345805, 0.772862827121, 0.838758838588, 0.921170908378, 0.92350220767, 77.2076535978, 114.957090973, 37.6433402119, 37.9081436392, 1.80961909187
