0.827598401672, 0.184007539655, 0.367130844243, 0.0056222777248, 0.45542048226, 0.676728266689, 0.0778494684827, 0.249957527245, 0.428271940295, 0.0286741577222, 0.105787900962, 0.18107305992, 0.904018897008, 0.186101692421, 0.580067817296, 0.184597874133, 0.571963503732, 0.26984601408, 0.0792227576476, 0.126344649181, 0.23179107971, 0.0544040749309, 0.999915180863, 0.456099804142, 0.314337178703, 0.0202569508542, 0.347324525619, 0.0802483188643, 0.0749465395133, 0.0555564993906, 0.827598401672, 1.22403507841
0.827598401672, 0.184007539655, 0.367130844243, 0.0056222777248, 0.45542048226, 0.676728266689, 0.0778494684827, 0.249957527245, 0.428271940295, 0.0286741577222, 0.105787900962, 0.18107305992, 0.904018897008, 0.186101692421, 0.580067817296, 0.184597874133, 0.571963503732, 0.26984601408, 0.0792227576476, 0.126344649181, 0.23179107971, 0.0544040749309, 0.999915180863, 0.456099804142, 0.314337178703, 0.0202569508542, 0.347324525619, 0.0802483188643, 0.0749465395133, 0.0555564993906, 0.827598401672, 1.22403507841
0.203820699783, 0.136053375945, 0.0261086751628, 0.303559965799, 0.0289020061796, 0.271751763489, 0.511449449326, 0.271248253696, 0.303147301401, 0.34201187045, 0.0695209237171, 0.397946083397, 0.295837649357, 0.00840457888872, 0.258095500632, 0.860099832429, 0.43637843424, 0.493440291252, 0.434629257804, 0.227974460731, 0.039794755337, 0.00984406377184, 0.112845940368, 0.0700796976706, 0.228028559139, 0.102585257941, 0.654361119528, 0.0481982347756, 0.238999590346, 0.0788704703176, 0.203820699783, 2.41446411256
0.203820699783, 0.136053375945, 0.0261086751628, 0.303559965799, 0.0289020061796, 0.271751763489, 0.511449449326, 0.271248253696, 0.303147301401, 0.34201187045, 0.0695209237171, 0.397946083397, 0.295837649357, 0.00840457888872, 0.258095500632, 0.860099832429, 0.43637843424, 0.493440291252, 0.434629257804, 0.227974460731, 0.039794755337, 0.00984406377184, 0.112845940368, 0.0700796976706, 0.228028559139, 0.102585257941, 0.654361119528, 0.0481982347756, 0.238999590346, 0.0788704703176, 0.203820699783, 2.41446411256
0.826241102943, 0.31809490133, 0.429985828379, 0.186497338036, 0.144841445606, 0.440007280372, 0.856389210745, 0.733146335937, 0.318121199048, 0.0436984401837, 0.0128126416964, 0.999231579435, 0.0913486140197, 0.593480710144, 0.130528490818, 0.0349937195695, 0.192318169986, 0.11942496918, 0.333489899417, 0.0225748845148, 0.0771973599506, 0.853864229321, 0.437252906418, 0.559503941516, 0.0205526332313, 0.234982789886, 0.685755780195, 0.0391307676151, 0.000825420257245, 0.148080737758, 0.826241102943, 1.43005298792
0.826241102943, 0.31809490133, 0.429985828379, 0.186497338036, 0.144841445606, 0.440007280372, 0.856389210745, 0.733146335937, 0.318121199048, 0.0436984401837, 0.0128126416964, 0.999231579435, 0.0913486140197, 0.593480710144, 0.130528490818, 0.0349937195695, 0.192318169986, 0.11942496918, 0.333489899417, 0.0225748845148, 0.0771973599506, 0.853864229321, 0.437252906418, 0.559503941516, 0.0205526332313, 0.234982789886, 0.685755780195, 0.0391307676151, 0.000825420257245, 0.148080737758, 0.826241102943, 1.43005298792
0.000606344015649, 0.466546680661, 0.0292555978662, 0.93191888369, 0.153399107192, 0.766663431184, 0.519542841296, 0.995049657412, 0.12038977059, 0.727722570892, 0.0639298706925, 0.990719595097, 0.162678821548, 0.233132734384, 0.350000569147, 0.189821996486, 0.385174555078, 0.183146397686, 0.0757175018484, 0.227937867177, 0.0336457542362, 0.226484360852, 0.969266969933, 0.417303266053, 0.822245048817, 0.285572342139, 0.867261134643, 0.236444552492, 0.0967207060318, 0.74177354047, 0.000606344015649, 4.75376158053
0.000606344015649, 0.466546680661, 0.0292555978662, 0.93191888369, 0.153399107192, 0.766663431184, 0.519542841296, 0.995049657412, 0.12038977059, 0.727722570892, 0.0639298706925, 0.990719595097, 0.162678821548, 0.233132734384, 0.350000569147, 0.189821996486, 0.385174555078, 0.183146397686, 0.0757175018484, 0.227937867177, 0.0336457542362, 0.226484360852, 0.969266969933, 0.417303266053, 0.822245048817, 0.285572342139, 0.867261134643, 0.236444552492, 0.0967207060318, 0.74177354047, 0.000606344015649, 4.75376158053
0.824660831277, 0.199262003294, 0.695219968054, 0.406969277742, 0.233888291362, 0.206932510165, 0.108095852172, 0.772519560992, 0.344175170139, 0.0211176153153, 0.00619258746107, 0.105927349774, 0.538258895796, 0.10546930301, 0.559970737875, 0.301833390823, 0.232461412138, 0.183146397686, 0.498330887203, 0.551162611695, 0.23179107971, 0.160713150691, 0.697278259862, 0.489739783374, 0.314337178703, 0.0312700121345, 0.591822928874, 0.297903559628, 0.153395450002, 0.0555564993906, 0.824660831277, 1.47016551771
0.824660831277, 0.199262003294, 0.695219968054, 0.406969277742, 0.233888291362, 0.206932510165, 0.108095852172, 0.772519560992, 0.344175170139, 0.0211176153153, 0.00619258746107, 0.105927349774, 0.538258895796, 0.10546930301, 0.559970737875, 0.301833390823, 0.232461412138, 0.183146397686, 0.498330887203, 0.551162611695, 0.23179107971, 0.160713150691, 0.697278259862, 0.489739783374, 0.314337178703, 0.0312700121345, 0.591822928874, 0.297903559628, 0.153395450002, 0.0555564993906, 0.824660831277, 1.47016551771
0.450910329541, 0.370664729966, 0.573906820461, 0.224629442093, 0.0637551575922, 0.410893661919, 0.835244125707, 0.220611114543, 0.0739802636375, 0.345658883877, 0.051151602879, 0.0626067024859, 0.0135275269305, 0.00591506355395, 0.162210292266, 0.703057134238, 0.714129764025, 0.439008088031, 0.20159990705, 0.615120878804, 0.0718445544831, 0.565952569688, 0.0174517544505, 0.0320929321279, 0.2210381816, 0.656375955982, 0.0570048812484, 0.450601730632, 0.0290316129728, 0.031210994777, 0.450910329541, 1.83499443927
0.450910329541, 0.370664729966, 0.573906820461, 0.224629442093, 0.0637551575922, 0.410893661919, 0.835244125707, 0.220611114543, 0.0739802636375, 0.345658883877, 0.051151602879, 0.0626067024859, 0.0135275269305, 0.00591506355395, 0.162210292266, 0.703057134238, 0.714129764025, 0.439008088031, 0.20159990705, 0.615120878804, 0.0718445544831, 0.565952569688, 0.0174517544505, 0.0320929321279, 0.2210381816, 0.656375955982, 0.0570048812484, 0.450601730632, 0.0290316129728, 0.031210994777, 0.450910329541, 1.83499443927
0.000887517982104, 8.89224412107e-05, 0.522171149066, 0.0118859545585, 0.303781482276, 0.700446358127, 0.0233500381038, 0.43289973613, 0.0843130031468, 0.753456579472, 0.832023573918, 0.591232358957, 0.246469371838, 0.0679864365333, 0.322283630391, 0.0532894649923, 0.0651349497702, 0.396063476294, 0.217836299055, 0.742237702871, 0.0300261677649, 0.675205778874, 0.0310932590235, 0.00319799074266, 0.0287871755354, 0.917328960732, 0.515691622035, 0.0907136928391, 0.0488272099681, 0.697460462716, 0.000887517982104, 3.85988090308
0.000887517982104, 8.89224412107e-05, 0.522171149066, 0.0118859545585, 0.303781482276, 0.700446358127, 0.0233500381038, 0.43289973613, 0.0843130031468, 0.753456579472, 0.832023573918, 0.591232358957, 0.246469371838, 0.0679864365333, 0.322283630391, 0.0532894649923, 0.0651349497702, 0.396063476294, 0.217836299055, 0.742237702871, 0.0300261677649, 0.675205778874, 0.0310932590235, 0.00319799074266, 0.0287871755354, 0.917328960732, 0.515691622035, 0.0907136928391, 0.0488272099681, 0.697460462716, 0.000887517982104, 3.85988090308
0.0139796442723, 0.199262003294, 0.115757774247, 0.406969277742, 0.0309009120542, 0.822718726512, 0.108095852172, 0.772519560992, 0.344175170139, 0.0197572284648, 0.00341710681079, 0.00178331592326, 0.538258895796, 0.10546930301, 0.504843151461, 0.301833390823, 0.232461412138, 0.138819864574, 0.498330887203, 0.344345490675, 0.23179107971, 0.309175145808, 0.637812349208, 0.157712832669, 0.638322105892, 0.0625815433495, 0.147553934669, 0.350049992412, 0.153395450002, 0.0228616211717, 0.0139796442723, 3.31656614634
0.0139796442723, 0.199262003294, 0.115757774247, 0.406969277742, 0.0309009120542, 0.822718726512, 0.108095852172, 0.772519560992, 0.344175170139, 0.0197572284648, 0.00341710681079, 0.00178331592326, 0.538258895796, 0.10546930301, 0.504843151461, 0.301833390823, 0.232461412138, 0.138819864574, 0.498330887203, 0.344345490675, 0.23179107971, 0.309175145808, 0.637812349208, 0.157712832669, 0.638322105892, 0.0625815433495, 0.147553934669, 0.350049992412, 0.153395450002, 0.0228616211717, 0.0139796442723, 3.31656614634
0.0636460395871, 0.453015049149, 0.964216421675, 0.100888961926, 0.358475454161, 0.292589072126, 0.112322028832, 0.00833090866067, 0.316066460358, 0.117447237488, 0.0844954052047, 0.462177173843, 0.313521225324, 0.000275177722892, 0.517991379461, 0.136436807976, 0.00170580666569, 0.308151453995, 0.285296943181, 0.00858552971783, 0.0804925943367, 0.50954681818, 0.0407778665738, 0.0121925919781, 0.311848026526, 0.184680352473, 0.878773103623, 0.712607696232, 0.0307121247295, 0.17841077177, 0.0636460395871, 2.89100933396
0.0636460395871, 0.453015049149, 0.964216421675, 0.100888961926, 0.358475454161, 0.292589072126, 0.112322028832, 0.00833090866067, 0.316066460358, 0.117447237488, 0.0844954052047, 0.462177173843, 0.313521225324, 0.000275177722892, 0.517991379461, 0.136436807976, 0.00170580666569, 0.308151453995, 0.285296943181, 0.00858552971783, 0.0804925943367, 0.50954681818, 0.0407778665738, 0.0121925919781, 0.311848026526, 0.184680352473, 0.878773103623, 0.712607696232, 0.0307121247295, 0.17841077177, 0.0636460395871, 2.89100933396
0.0415272437566, 0.42177162328, 0.367130844243, 0.41842436858, 0.45542048226, 0.676728266689, 0.0650634058094, 0.249957527245, 0.317421733402, 0.00624851631269, 0.105787900962, 0.637080821248, 0.190979475663, 0.186101692421, 0.491042832374, 0.184597874133, 0.033240762319, 0.497705722318, 0.584296758649, 0.00525139533109, 0.106671657759, 0.585613104757, 0.638746962822, 0.294094435755, 0.234822283518, 0.128569729027, 0.0980153325049, 0.501805787724, 0.0629902867499, 0.00818349165937, 0.0415272437566, 3.22498020691
0.0415272437566, 0.42177162328, 0.367130844243, 0.41842436858, 0.45542048226, 0.676728266689, 0.0650634058094, 0.249957527245, 0.317421733402, 0.00624851631269, 0.105787900962, 0.637080821248, 0.190979475663, 0.186101692421, 0.491042832374, 0.184597874133, 0.033240762319, 0.497705722318, 0.584296758649, 0.00525139533109, 0.106671657759, 0.585613104757, 0.638746962822, 0.294094435755, 0.234822283518, 0.128569729027, 0.0980153325049, 0.501805787724, 0.0629902867499, 0.00818349165937, 0.0415272437566, 3.22498020691
0.852544120008, 0.00696981023936, 0.0880182466285, 0.00132391060479, 0.548824186687, 0.665754668609, 0.271417741788, 0.0362701513175, 0.460468961021, 0.165338639374, 0.22138722189, 0.272096948965, 0.482526242918, 0.0463034663112, 0.920666560309, 0.0805307649183, 0.169116250963, 0.622122633513, 0.528867301268, 0.446609740671, 0.120879120497, 0.414407756527, 0.157192082985, 0.21504439771, 0.0354092651292, 0.277013084291, 0.235997032584, 0.437527534004, 0.122200476217, 0.0953733015447, 0.852544120008, 0.94385537316
0.852544120008, 0.00696981023936, 0.0880182466285, 0.00132391060479, 0.548824186687, 0.665754668609, 0.271417741788, 0.0362701513175, 0.460468961021, 0.165338639374, 0.22138722189, 0.272096948965, 0.482526242918, 0.0463034663112, 0.920666560309, 0.0805307649183, 0.169116250963, 0.622122633513, 0.528867301268, 0.446609740671, 0.120879120497, 0.414407756527, 0.157192082985, 0.21504439771, 0.0354092651292, 0.277013084291, 0.235997032584, 0.437527534004, 0.122200476217, 0.0953733015447, 0.852544120008, 0.94385537316
0.666940182107, 0.136053375945, 0.0261086751628, 0.0952670996732, 0.0834790590819, 0.271751763489, 0.511449449326, 0.271248253696, 0.674582277578, 0.423624664297, 0.0695209237171, 0.445246672104, 0.295837649357, 0.00840457888872, 0.329129013463, 0.860099832429, 0.43637843424, 0.493440291252, 0.455213991064, 0.443083831402, 0.145849129998, 0.0844986349745, 0.0244554500638, 0.0700796976706, 0.361586556664, 0.102585257941, 0.654361119528, 0.0199452565532, 0.852961737021, 0.0788704703176, 0.666940182107, 1.56055502875
0.666940182107, 0.136053375945, 0.0261086751628, 0.0952670996732, 0.0834790590819, 0.271751763489, 0.511449449326, 0.271248253696, 0.674582277578, 0.423624664297, 0.0695209237171, 0.445246672104, 0.295837649357, 0.00840457888872, 0.329129013463, 0.860099832429, 0.43637843424, 0.493440291252, 0.455213991064, 0.443083831402, 0.145849129998, 0.0844986349745, 0.0244554500638, 0.0700796976706, 0.361586556664, 0.102585257941, 0.654361119528, 0.0199452565532, 0.852961737021, 0.0788704703176, 0.666940182107, 1.56055502875
0.000126521532766, 0.366457718763, 0.625812367302, 0.815220772282, 0.153399107192, 0.193141016363, 0.81442591508, 0.660479424048, 0.3099817276, 0.727722570892, 0.735547758319, 0.993838384172, 0.118226591103, 0.0705342045376, 0.320208183749, 0.336734252059, 0.0932685032606, 0.798056022416, 0.0516538580225, 0.929776909418, 0.0733925282466, 0.057683105746, 0.181910828909, 0.417303266053, 0.702821880461, 0.287560489669, 0.867261134643, 0.0898847680382, 0.986826430758, 0.0553362253009, 0.000126521532766, 4.95800044156
0.000126521532766, 0.366457718763, 0.625812367302, 0.815220772282, 0.153399107192, 0.193141016363, 0.81442591508, 0.660479424048, 0.3099817276, 0.727722570892, 0.735547758319, 0.993838384172, 0.118226591103, 0.0705342045376, 0.320208183749, 0.336734252059, 0.0932685032606, 0.798056022416, 0.0516538580225, 0.929776909418, 0.0733925282466, 0.057683105746, 0.181910828909, 0.417303266053, 0.702821880461, 0.287560489669, 0.867261134643, 0.0898847680382, 0.986826430758, 0.0553362253009, 0.000126521532766, 4.95800044156
3.47540638805e-05, 0.366457718763, 0.625812367302, 0.814428734227, 0.484754457943, 0.193141016363, 0.81442591508, 0.660479424048, 0.3099817276, 0.727722570892, 0.735547758319, 0.982643011099, 0.665176525769, 0.0705342045376, 0.320208183749, 0.336734252059, 0.0932685032606, 0.184262849612, 0.20206654053, 0.929776909418, 0.0733925282466, 0.469936407718, 0.181910828909, 0.417303266053, 0.702821880461, 0.287560489669, 0.873595800654, 0.0898847680382, 0.986826430758, 0.0553362253009, 3.47540638805e-05, 5.22457385492
3.47540638805e-05, 0.366457718763, 0.625812367302, 0.814428734227, 0.484754457943, 0.193141016363, 0.81442591508, 0.660479424048, 0.3099817276, 0.727722570892, 0.735547758319, 0.982643011099, 0.665176525769, 0.0705342045376, 0.320208183749, 0.336734252059, 0.0932685032606, 0.184262849612, 0.20206654053, 0.929776909418, 0.0733925282466, 0.469936407718, 0.181910828909, 0.417303266053, 0.702821880461, 0.287560489669, 0.873595800654, 0.0898847680382, 0.986826430758, 0.0553362253009, 3.47540638805e-05, 5.22457385492
0.40544749885, 0.199262003294, 0.175578812824, 0.41842436858, 0.45542048226, 0.676728266689, 0.271894710743, 0.249957527245, 0.21067806669, 0.0366101043273, 0.105787900962, 0.00365771724084, 0.268748242188, 0.186101692421, 0.491042832374, 0.184597874133, 0.0896611762947, 0.497705722318, 0.320937739749, 0.00525139533109, 0.23179107971, 0.125154514897, 0.638746962822, 0.0929547200011, 0.52424391142, 0.128569729027, 0.270510236884, 0.501805787724, 0.0146694005211, 0.0116800428717, 0.40544749885, 2.06837077465
0.40544749885, 0.199262003294, 0.175578812824, 0.41842436858, 0.45542048226, 0.676728266689, 0.271894710743, 0.249957527245, 0.21067806669, 0.0366101043273, 0.105787900962, 0.00365771724084, 0.268748242188, 0.186101692421, 0.491042832374, 0.184597874133, 0.0896611762947, 0.497705722318, 0.320937739749, 0.00525139533109, 0.23179107971, 0.125154514897, 0.638746962822, 0.0929547200011, 0.52424391142, 0.128569729027, 0.270510236884, 0.501805787724, 0.0146694005211, 0.0116800428717, 0.40544749885, 2.06837077465
0.640680569649, 0.0498485903696, 0.995083292478, 0.374777529203, 0.357145649485, 0.202110218086, 0.211554057599, 0.0169203274106, 0.152877071438, 0.843681623563, 0.105787900962, 0.375936003324, 0.301028124353, 0.264433457765, 0.335010417702, 0.0566154613925, 0.195445947649, 0.679773827122, 0.643548194746, 0.703869266671, 0.690790580407, 0.041636695354, 0.108395650079, 0.00436424307805, 0.110338504259, 0.484857048543, 0.182273115014, 0.42765840646, 0.261910117126, 0.0405884459614, 0.640680569649, 1.67466538275
0.640680569649, 0.0498485903696, 0.995083292478, 0.374777529203, 0.357145649485, 0.202110218086, 0.211554057599, 0.0169203274106, 0.152877071438, 0.843681623563, 0.105787900962, 0.375936003324, 0.301028124353, 0.264433457765, 0.335010417702, 0.0566154613925, 0.195445947649, 0.679773827122, 0.643548194746, 0.703869266671, 0.690790580407, 0.041636695354, 0.108395650079, 0.00436424307805, 0.110338504259, 0.484857048543, 0.182273115014, 0.42765840646, 0.261910117126, 0.0405884459614, 0.640680569649, 1.67466538275
1.2491550923e-05, 0.366457718763, 0.625812367302, 0.814428734227, 0.484754457943, 0.193141016363, 0.81442591508, 0.660479424048, 0.468525888726, 0.727722570892, 0.735547758319, 0.982643011099, 0.665176525769, 0.960535880746, 0.320208183749, 0.336734252059, 0.0932685032606, 0.798056022416, 0.20206654053, 0.929776909418, 0.0733925282466, 0.057683105746, 0.181910828909, 0.417303266053, 0.702821880461, 0.287560489669, 0.250766735246, 0.0898847680382, 0.986826430758, 0.0553362253009, 1.2491550923e-05, 5.42449419875
1.2491550923e-05, 0.366457718763, 0.625812367302, 0.814428734227, 0.484754457943, 0.193141016363, 0.81442591508, 0.660479424048, 0.468525888726, 0.727722570892, 0.735547758319, 0.982643011099, 0.665176525769, 0.960535880746, 0.320208183749, 0.336734252059, 0.0932685032606, 0.798056022416, 0.20206654053, 0.929776909418, 0.0733925282466, 0.057683105746, 0.181910828909, 0.417303266053, 0.702821880461, 0.287560489669, 0.250766735246, 0.0898847680382, 0.986826430758, 0.0553362253009, 1.2491550923e-05, 5.42449419875
0.840197232727, 0.010935724652, 0.0541671903485, 0.100510423345, 0.000748031802823, 0.0371795752076, 0.81442591508, 0.328158772684, 0.528777797611, 0.328834769889, 0.142620066621, 0.850311027919, 0.297281103601, 0.498823120027, 0.350000569147, 0.378069569262, 0.278505475492, 0.40418936818, 0.0318112043768, 0.473178992983, 0.552401807974, 0.745711510232, 0.0147822235453, 0.281992795479, 0.32568916218, 0.825337047626, 0.0375201303975, 0.105491226898, 0.1988601603, 0.351632327396, 0.840197232727, 1.2899814513
0.840197232727, 0.010935724652, 0.0541671903485, 0.100510423345, 0.000748031802823, 0.0371795752076, 0.81442591508, 0.328158772684, 0.528777797611, 0.328834769889, 0.142620066621, 0.850311027919, 0.297281103601, 0.498823120027, 0.350000569147, 0.378069569262, 0.278505475492, 0.40418936818, 0.0318112043768, 0.473178992983, 0.552401807974, 0.745711510232, 0.0147822235453, 0.281992795479, 0.32568916218, 0.825337047626, 0.0375201303975, 0.105491226898, 0.1988601603, 0.351632327396, 0.840197232727, 1.2899814513
0.214622189589, 0.0137357732311, 0.964216421675, 0.100888961926, 0.0968655433774, 0.134164463748, 0.112322028832, 0.00833090866067, 0.316066460358, 0.117447237488, 0.531762004384, 0.615558171597, 0.313521225324, 0.00816911373992, 0.677298990477, 0.136436807976, 0.0199054682829, 0.308151453995, 0.516560944092, 0.0345934288424, 0.0804925943367, 0.50954681818, 0.143940768566, 0.0121925919781, 0.311848026526, 0.243091751558, 0.878773103623, 0.437253694547, 0.0307121247295, 0.17841077177, 0.214622189589, 2.48288993596
0.214622189589, 0.0137357732311, 0.964216421675, 0.100888961926, 0.0968655433774, 0.134164463748, 0.112322028832, 0.00833090866067, 0.316066460358, 0.117447237488, 0.531762004384, 0.615558171597, 0.313521225324, 0.00816911373992, 0.677298990477, 0.136436807976, 0.0199054682829, 0.308151453995, 0.516560944092, 0.0345934288424, 0.0804925943367, 0.50954681818, 0.143940768566, 0.0121925919781, 0.311848026526, 0.243091751558, 0.878773103623, 0.437253694547, 0.0307121247295, 0.17841077177, 0.214622189589, 2.48288993596
0.203820699783, 0.0518839733114, 0.0202729165715, 0.0952670996732, 0.0751736364068, 0.271751763489, 0.511449449326, 0.425620924281, 0.303147301401, 0.0197572284648, 0.0695209237171, 0.397946083397, 0.295837649357, 0.00840457888872, 0.329129013463, 0.860099832429, 0.43637843424, 0.758806603755, 0.588781669211, 0.443083831402, 0.145849129998, 0.0844986349745, 0.112845940368, 0.0700796976706, 0.228028559139, 0.156280174859, 0.210364873746, 0.0481982347756, 0.852961737021, 0.122732465368, 0.203820699783, 2.61422642395
0.203820699783, 0.0518839733114, 0.0202729165715, 0.0952670996732, 0.0751736364068, 0.271751763489, 0.511449449326, 0.425620924281, 0.303147301401, 0.0197572284648, 0.0695209237171, 0.397946083397, 0.295837649357, 0.00840457888872, 0.329129013463, 0.860099832429, 0.43637843424, 0.758806603755, 0.588781669211, 0.443083831402, 0.145849129998, 0.0844986349745, 0.112845940368, 0.0700796976706, 0.228028559139, 0.156280174859, 0.210364873746, 0.0481982347756, 0.852961737021, 0.122732465368, 0.203820699783, 2.61422642395
0.826241102943, 0.160732584585, 0.26566134722, 0.186497338036, 0.144841445606, 0.440007280372, 0.826546036584, 0.995113926786, 0.575524063645, 0.0436984401837, 0.0475537626206, 0.999231579435, 0.0913486140197, 0.220672478654, 0.130528490818, 0.0349937195695, 0.627155074844, 0.11942496918, 0.191844366863, 0.0225748845148, 0.000859296874994, 0.853864229321, 0.246209428139, 0.559503941516, 0.00165995447527, 0.0668225381803, 0.979642875085, 0.0391307676151, 0.000825420257245, 0.282137019823, 0.826241102943, 1.4530364632
0.826241102943, 0.160732584585, 0.26566134722, 0.186497338036, 0.144841445606, 0.440007280372, 0.826546036584, 0.995113926786, 0.575524063645, 0.0436984401837, 0.0475537626206, 0.999231579435, 0.0913486140197, 0.220672478654, 0.130528490818, 0.0349937195695, 0.627155074844, 0.11942496918, 0.191844366863, 0.0225748845148, 0.000859296874994, 0.853864229321, 0.246209428139, 0.559503941516, 0.00165995447527, 0.0668225381803, 0.979642875085, 0.0391307676151, 0.000825420257245, 0.282137019823, 0.826241102943, 1.4530364632
0.000606344015649, 0.466546680661, 0.0292555978662, 0.93191888369, 0.153399107192, 0.766663431184, 0.519542841296, 0.935687197216, 0.12038977059, 0.727722570892, 0.0639298706925, 0.990719595097, 0.665176525769, 0.233132734384, 0.350000569147, 0.513250379619, 0.385174555078, 0.183146397686, 0.0757175018484, 0.227937867177, 0.0336457542362, 0.226484360852, 0.969266969933, 0.417303266053, 0.671633658058, 0.285572342139, 0.867261134643, 0.236444552492, 0.0967207060318, 0.74177354047, 0.000606344015649, 4.94385626346
0.000606344015649, 0.466546680661, 0.0292555978662, 0.93191888369, 0.153399107192, 0.766663431184, 0.519542841296, 0.935687197216, 0.12038977059, 0.727722570892, 0.0639298706925, 0.990719595097, 0.665176525769, 0.233132734384, 0.350000569147, 0.513250379619, 0.385174555078, 0.183146397686, 0.0757175018484, 0.227937867177, 0.0336457542362, 0.226484360852, 0.969266969933, 0.417303266053, 0.671633658058, 0.285572342139, 0.867261134643, 0.236444552492, 0.0967207060318, 0.74177354047, 0.000606344015649, 4.94385626346
0.450910329541, 0.0498485903696, 0.573906820461, 0.224629442093, 0.13442639642, 0.410893661919, 0.892731722741, 0.220611114543, 0.00520325203835, 0.00731468771649, 0.051151602879, 0.141368480248, 0.0698557456083, 0.22224891067, 0.162210292266, 0.703057134238, 0.565647305009, 0.490043583678, 0.0148894261071, 0.205762338236, 0.0966511256808, 0.692150018773, 0.387144419375, 0.0365373037205, 0.2210381816, 0.656375955982, 0.0816045497385, 0.450601730632, 0.871887166649, 0.022330333461, 0.450910329541, 1.94791882788
0.450910329541, 0.0498485903696, 0.573906820461, 0.224629442093, 0.13442639642, 0.410893661919, 0.892731722741, 0.220611114543, 0.00520325203835, 0.00731468771649, 0.051151602879, 0.141368480248, 0.0698557456083, 0.22224891067, 0.162210292266, 0.703057134238, 0.565647305009, 0.490043583678, 0.0148894261071, 0.205762338236, 0.0966511256808, 0.692150018773, 0.387144419375, 0.0365373037205, 0.2210381816, 0.656375955982, 0.0816045497385, 0.450601730632, 0.871887166649, 0.022330333461, 0.450910329541, 1.94791882788
0.000887517982104, 8.43976517695e-05, 0.522979759042, 0.0118859545585, 0.148234070931, 0.700446358127, 0.029270044682, 0.43289973613, 0.0788226940801, 0.753456579472, 0.832023573918, 0.591232358957, 0.308794226648, 0.0679864365333, 0.916956944804, 0.00707333787266, 0.0651349497702, 0.396063476294, 0.306280925636, 0.742237702871, 0.0140976817031, 0.005789080869, 0.0310932590235, 0.308139040564, 0.034485987204, 0.682300342629, 0.456196795176, 0.215362118124, 0.0488272099681, 0.823670047177, 0.000887517982104, 3.89885788231
0.000887517982104, 8.43976517695e-05, 0.522979759042, 0.0118859545585, 0.148234070931, 0.700446358127, 0.029270044682, 0.43289973613, 0.0788226940801, 0.753456579472, 0.832023573918, 0.591232358957, 0.308794226648, 0.0679864365333, 0.916956944804, 0.00707333787266, 0.0651349497702, 0.396063476294, 0.306280925636, 0.742237702871, 0.0140976817031, 0.005789080869, 0.0310932590235, 0.308139040564, 0.034485987204, 0.682300342629, 0.456196795176, 0.215362118124, 0.0488272099681, 0.823670047177, 0.000887517982104, 3.89885788231
0.0139796442723, 0.199262003294, 0.130000405136, 0.132110473538, 0.0309009120542, 0.88050095441, 0.108095852172, 0.0285848394692, 0.327175995868, 0.327248569028, 0.00619258746107, 0.00365771724084, 0.538258895796, 0.10546930301, 0.580067817296, 0.301833390823, 0.232461412138, 0.138819864574, 0.359723589973, 0.595693010812, 0.23179107971, 0.309175145808, 0.637812349208, 0.219641207501, 0.638322105892, 0.0625815433495, 0.367199494581, 0.350049992412, 0.377311822226, 0.0555564993906, 0.0139796442723, 3.3389691238
0.0139796442723, 0.199262003294, 0.130000405136, 0.132110473538, 0.0309009120542, 0.88050095441, 0.108095852172, 0.0285848394692, 0.327175995868, 0.327248569028, 0.00619258746107, 0.00365771724084, 0.538258895796, 0.10546930301, 0.580067817296, 0.301833390823, 0.232461412138, 0.138819864574, 0.359723589973, 0.595693010812, 0.23179107971, 0.309175145808, 0.637812349208, 0.219641207501, 0.638322105892, 0.0625815433495, 0.367199494581, 0.350049992412, 0.377311822226, 0.0555564993906, 0.0139796442723, 3.3389691238
0.0712929066999, 0.158369564846, 0.367130844243, 0.41842436858, 0.403314152635, 0.685325635067, 0.0650634058094, 0.249957527245, 0.317421733402, 0.0366101043273, 0.105787900962, 0.00365771724084, 0.268748242188, 0.186101692421, 0.491042832374, 0.184597874133, 0.629755658013, 0.497705722318, 0.643548194746, 0.00525139533109, 0.252785563877, 0.0780998688588, 0.638746962822, 0.0929547200011, 0.234822283518, 0.128569729027, 0.270510236884, 0.501805787724, 0.0629902867499, 0.0303195900506, 0.0712929066999, 2.93125180817
0.0712929066999, 0.158369564846, 0.367130844243, 0.41842436858, 0.403314152635, 0.685325635067, 0.0650634058094, 0.249957527245, 0.317421733402, 0.0366101043273, 0.105787900962, 0.00365771724084, 0.268748242188, 0.186101692421, 0.491042832374, 0.184597874133, 0.629755658013, 0.497705722318, 0.643548194746, 0.00525139533109, 0.252785563877, 0.0780998688588, 0.638746962822, 0.0929547200011, 0.234822283518, 0.128569729027, 0.270510236884, 0.501805787724, 0.0629902867499, 0.0303195900506, 0.0712929066999, 2.93125180817
0.181954712745, 0.1916684945, 0.733236516831, 0.376006356343, 0.104865294322, 0.037041343521, 0.395344249083, 0.240566278482, 0.74531189244, 0.39027545969, 0.1887446393, 0.711326650048, 0.313521225324, 0.00928974742262, 0.843228759466, 0.594572199265, 0.0199054682829, 0.155063491373, 0.0342041263684, 0.043780212476, 0.337983169726, 0.247538131044, 0.498942412395, 0.0338622232288, 0.0595050253986, 0.0172605640427, 0.263074586789, 0.254410698165, 0.397653640419, 0.277423473056, 0.181954712745, 2.9263515053
0.181954712745, 0.1916684945, 0.733236516831, 0.376006356343, 0.104865294322, 0.037041343521, 0.395344249083, 0.240566278482, 0.74531189244, 0.39027545969, 0.1887446393, 0.711326650048, 0.313521225324, 0.00928974742262, 0.843228759466, 0.594572199265, 0.0199054682829, 0.155063491373, 0.0342041263684, 0.043780212476, 0.337983169726, 0.247538131044, 0.498942412395, 0.0338622232288, 0.0595050253986, 0.0172605640427, 0.263074586789, 0.254410698165, 0.397653640419, 0.277423473056, 0.181954712745, 2.9263515053
0.0510440294199, 0.0517446040533, 0.912539365361, 0.107591910764, 0.102745424324, 0.309274858542, 0.0460283235761, 0.858112475103, 0.316066460358, 0.117447237488, 0.533309309231, 0.615558171597, 0.313521225324, 0.00816911373992, 0.677298990477, 0.0857100586403, 0.0199054682829, 0.0705775094133, 0.342837481637, 0.0671902112867, 0.379515585505, 0.369288751612, 0.432684998132, 0.0121925919781, 0.311848026526, 0.243091751558, 0.904557849345, 0.552227209017, 0.0307121247295, 0.17841077177, 0.0510440294199, 3.29334565878
0.0510440294199, 0.0517446040533, 0.912539365361, 0.107591910764, 0.102745424324, 0.309274858542, 0.0460283235761, 0.858112475103, 0.316066460358, 0.117447237488, 0.533309309231, 0.615558171597, 0.313521225324, 0.00816911373992, 0.677298990477, 0.0857100586403, 0.0199054682829, 0.0705775094133, 0.342837481637, 0.0671902112867, 0.379515585505, 0.369288751612, 0.432684998132, 0.0121925919781, 0.311848026526, 0.243091751558, 0.904557849345, 0.552227209017, 0.0307121247295, 0.17841077177, 0.0510440294199, 3.29334565878
0.852544120008, 0.00696981023936, 0.0880182466285, 0.00132391060479, 0.548824186687, 0.665754668609, 0.271417741788, 0.0362701513175, 0.460468961021, 0.118259264181, 0.22138722189, 0.272096948965, 0.482526242918, 0.0463034663112, 0.920666560309, 0.0805307649183, 0.169116250963, 0.622122633513, 0.528867301268, 0.446609740671, 0.120879120497, 0.466040988895, 0.157192082985, 0.21504439771, 0.0354092651292, 0.183883094477, 0.235997032584, 0.352827842581, 0.932742101634, 0.0953733015447, 0.852544120008, 1.09367966096
0.852544120008, 0.00696981023936, 0.0880182466285, 0.00132391060479, 0.548824186687, 0.665754668609, 0.271417741788, 0.0362701513175, 0.460468961021, 0.118259264181, 0.22138722189, 0.272096948965, 0.482526242918, 0.0463034663112, 0.920666560309, 0.0805307649183, 0.169116250963, 0.622122633513, 0.528867301268, 0.446609740671, 0.120879120497, 0.466040988895, 0.157192082985, 0.21504439771, 0.0354092651292, 0.183883094477, 0.235997032584, 0.352827842581, 0.932742101634, 0.0953733015447, 0.852544120008, 1.09367966096
0.824660831277, 0.199262003294, 0.695219968054, 0.406969277742, 0.233888291362, 0.206932510165, 0.108095852172, 0.772519560992, 0.133647814889, 0.0211176153153, 0.00619258746107, 0.622772295545, 0.538258895796, 0.10546930301, 0.559970737875, 0.301833390823, 0.232461412138, 0.183146397686, 0.498330887203, 0.648576307539, 0.23179107971, 0.160713150691, 0.697278259862, 0.489739783374, 0.314337178703, 0.0312700121345, 0.591822928874, 0.297903559628, 0.153395450002, 0.0555564993906, 0.824660831277, 1.56659756135
0.824660831277, 0.199262003294, 0.695219968054, 0.406969277742, 0.233888291362, 0.206932510165, 0.108095852172, 0.772519560992, 0.133647814889, 0.0211176153153, 0.00619258746107, 0.622772295545, 0.538258895796, 0.10546930301, 0.559970737875, 0.301833390823, 0.232461412138, 0.183146397686, 0.498330887203, 0.648576307539, 0.23179107971, 0.160713150691, 0.697278259862, 0.489739783374, 0.314337178703, 0.0312700121345, 0.591822928874, 0.297903559628, 0.153395450002, 0.0555564993906, 0.824660831277, 1.56659756135
0.000126521532766, 0.366457718763, 0.274453756502, 0.247764533858, 0.645039917476, 0.0313008612517, 0.799782600608, 0.804979105605, 0.3099817276, 0.727722570892, 0.735547758319, 0.982643011099, 0.665176525769, 0.456572614825, 0.320208183749, 0.0573343304788, 0.0996647058395, 0.373141204906, 0.20206654053, 0.483343228696, 0.0955887503547, 0.0844986349745, 0.529746173767, 0.417303266053, 0.702821880461, 0.336527016015, 0.867261134643, 0.0898847680382, 0.988699290475, 0.1523440277, 0.000126521532766, 4.96214545891
0.000126521532766, 0.366457718763, 0.274453756502, 0.247764533858, 0.645039917476, 0.0313008612517, 0.799782600608, 0.804979105605, 0.3099817276, 0.727722570892, 0.735547758319, 0.982643011099, 0.665176525769, 0.456572614825, 0.320208183749, 0.0573343304788, 0.0996647058395, 0.373141204906, 0.20206654053, 0.483343228696, 0.0955887503547, 0.0844986349745, 0.529746173767, 0.417303266053, 0.702821880461, 0.336527016015, 0.867261134643, 0.0898847680382, 0.988699290475, 0.1523440277, 0.000126521532766, 4.96214545891
0.40544749885, 0.199262003294, 0.367130844243, 0.41842436858, 0.45542048226, 0.676728266689, 0.271894710743, 0.249957527245, 0.317421733402, 0.0366101043273, 0.105787900962, 0.00365771724084, 0.268748242188, 0.0541385917758, 0.491042832374, 0.184597874133, 0.0896611762947, 0.497705722318, 0.643548194746, 0.00525139533109, 0.23179107971, 0.125154514897, 0.638746962822, 0.0929547200011, 0.234822283518, 0.128569729027, 0.270510236884, 0.501805787724, 0.0146694005211, 0.0303195900506, 0.40544749885, 2.12425759099
0.40544749885, 0.199262003294, 0.367130844243, 0.41842436858, 0.45542048226, 0.676728266689, 0.271894710743, 0.249957527245, 0.317421733402, 0.0366101043273, 0.105787900962, 0.00365771724084, 0.268748242188, 0.0541385917758, 0.491042832374, 0.184597874133, 0.0896611762947, 0.497705722318, 0.643548194746, 0.00525139533109, 0.23179107971, 0.125154514897, 0.638746962822, 0.0929547200011, 0.234822283518, 0.128569729027, 0.270510236884, 0.501805787724, 0.0146694005211, 0.0303195900506, 0.40544749885, 2.12425759099
0.640680569649, 0.334415181738, 0.522171149066, 0.781769984743, 0.40564636653, 0.548895557106, 0.662896920768, 0.0245631806147, 0.152877071438, 0.843681623563, 0.59475389195, 0.375936003324, 0.221106093715, 0.264433457765, 0.322283630391, 0.0566154613925, 0.194705246382, 0.0218519201935, 0.157916552861, 0.782446703337, 0.566011620405, 0.041636695354, 0.0628718030269, 0.00319799074266, 0.0317956114247, 0.293027849772, 0.412863453544, 0.42765840646, 0.128519139498, 0.00965944322211, 0.640680569649, 1.68157332284
0.640680569649, 0.334415181738, 0.522171149066, 0.781769984743, 0.40564636653, 0.548895557106, 0.662896920768, 0.0245631806147, 0.152877071438, 0.843681623563, 0.59475389195, 0.375936003324, 0.221106093715, 0.264433457765, 0.322283630391, 0.0566154613925, 0.194705246382, 0.0218519201935, 0.157916552861, 0.782446703337, 0.566011620405, 0.041636695354, 0.0628718030269, 0.00319799074266, 0.0317956114247, 0.293027849772, 0.412863453544, 0.42765840646, 0.128519139498, 0.00965944322211, 0.640680569649, 1.68157332284
0.840197232727, 0.010935724652, 0.713398937691, 0.100510423345, 0.000748031802823, 0.0371795752076, 0.81442591508, 0.328158772684, 0.528777797611, 0.328834769889, 0.142620066621, 0.724289211447, 0.297281103601, 0.498823120027, 0.350000569147, 0.378069569262, 0.278505475492, 0.40418936818, 0.336347825208, 0.473178992983, 0.20403900198, 0.745711510232, 0.0147822235453, 0.281992795479, 0.32568916218, 0.825337047626, 0.0375201303975, 0.105491226898, 0.1988601603, 0.351632327396, 0.840197232727, 1.40695355271
0.840197232727, 0.010935724652, 0.713398937691, 0.100510423345, 0.000748031802823, 0.0371795752076, 0.81442591508, 0.328158772684, 0.528777797611, 0.328834769889, 0.142620066621, 0.724289211447, 0.297281103601, 0.498823120027, 0.350000569147, 0.378069569262, 0.278505475492, 0.40418936818, 0.336347825208, 0.473178992983, 0.20403900198, 0.745711510232, 0.0147822235453, 0.281992795479, 0.32568916218, 0.825337047626, 0.0375201303975, 0.105491226898, 0.1988601603, 0.351632327396, 0.840197232727, 1.40695355271
0.000126521532766, 0.307314893904, 0.625812367302, 0.814428734227, 0.153399107192, 0.193141016363, 0.799782600608, 0.804979105605, 0.3099817276, 0.273614432209, 0.534659890168, 0.982643011099, 0.665176525769, 0.456572614825, 0.391577954936, 0.336734252059, 0.235069383314, 0.952072014453, 0.174106621036, 0.759624044548, 0.733749177719, 0.0475046376302, 0.046129848152, 0.417303266053, 0.365507666383, 0.336527016015, 0.867261134643, 0.0898847680382, 0.152766832859, 0.1523440277, 0.000126521532766, 5.00295007989
0.000126521532766, 0.307314893904, 0.625812367302, 0.814428734227, 0.153399107192, 0.193141016363, 0.799782600608, 0.804979105605, 0.3099817276, 0.273614432209, 0.534659890168, 0.982643011099, 0.665176525769, 0.456572614825, 0.391577954936, 0.336734252059, 0.235069383314, 0.952072014453, 0.174106621036, 0.759624044548, 0.733749177719, 0.0475046376302, 0.046129848152, 0.417303266053, 0.365507666383, 0.336527016015, 0.867261134643, 0.0898847680382, 0.152766832859, 0.1523440277, 0.000126521532766, 5.00295007989
0.450910329541, 0.0498485903696, 0.573906820461, 0.224629442093, 0.13442639642, 0.410893661919, 0.868788635693, 0.220611114543, 0.0630879064938, 0.00731468771649, 0.051151602879, 0.141368480248, 0.0698557456083, 0.22224891067, 0.0814993869321, 0.703057134238, 0.565647305009, 0.490043583678, 0.191853359833, 0.205762338236, 0.113666227763, 0.692150018773, 0.387144419375, 0.0365373037205, 0.2210381816, 0.656375955982, 0.0816045497385, 0.450601730632, 0.871887166649, 0.022330333461, 0.450910329541, 1.98564213197
0.640680569649, 0.0498485903696, 0.995083292478, 0.374777529203, 0.357145649485, 0.202110218086, 0.656649553094, 0.0183123102131, 0.152877071438, 0.843681623563, 0.105787900962, 0.375936003324, 0.301028124353, 0.264433457765, 0.335010417702, 0.0566154613925, 0.195445947649, 0.679773827122, 0.643548194746, 0.224662395427, 0.480807741566, 0.461591896511, 0.104426574462, 0.00436424307805, 0.110338504259, 0.376153706759, 0.182273115014, 0.42765840646, 0.261910117126, 0.0405884459614, 0.640680569649, 1.69063068924
0.640680569649, 0.0498485903696, 0.995083292478, 0.374777529203, 0.357145649485, 0.202110218086, 0.656649553094, 0.0183123102131, 0.152877071438, 0.843681623563, 0.105787900962, 0.375936003324, 0.301028124353, 0.264433457765, 0.335010417702, 0.0566154613925, 0.195445947649, 0.679773827122, 0.643548194746, 0.224662395427, 0.480807741566, 0.461591896511, 0.104426574462, 0.00436424307805, 0.110338504259, 0.376153706759, 0.182273115014, 0.42765840646, 0.261910117126, 0.0405884459614, 0.640680569649, 1.69063068924
0.40544749885, 0.0353724656252, 0.367130844243, 0.41842436858, 0.45542048226, 0.450987642762, 0.0650634058094, 0.743083525219, 0.317421733402, 0.0366101043273, 0.105787900962, 0.00365771724084, 0.0712251739706, 0.268198098682, 0.491042832374, 0.184597874133, 0.629755658013, 0.342581825299, 0.643548194746, 0.00525139533109, 0.23179107971, 0.175893640787, 0.638746962822, 0.000756083422816, 0.656465947456, 0.128569729027, 0.337850221489, 0.501805787724, 0.0146694005211, 0.0303195900506, 0.40544749885, 2.31615782489
0.826241102943, 0.31809490133, 0.429985828379, 0.186497338036, 0.144841445606, 0.440007280372, 0.945943119105, 0.733146335937, 0.369934556834, 0.0436984401837, 0.0475537626206, 0.999231579435, 0.0913486140197, 0.593480710144, 0.467552229299, 0.0349937195695, 0.192318169986, 0.11942496918, 0.276668075849, 0.0225748845148, 0.0771973599506, 0.853864229321, 0.526894059655, 0.928944020934, 0.0205526332313, 0.234982789886, 0.0997871695982, 0.0391307676151, 0.0960209552284, 0.148080737758, 0.826241102943, 1.53141298825
0.000887517982104, 8.43976517695e-05, 0.522979759042, 0.0118859545585, 0.148234070931, 0.700446358127, 0.029270044682, 0.43289973613, 0.0788226940801, 0.753456579472, 0.832023573918, 0.591232358957, 0.308794226648, 0.0679864365333, 0.916956944804, 0.00929277847355, 0.0651349497702, 0.754929932121, 0.306280925636, 0.742237702871, 0.0140976817031, 0.005789080869, 0.0310932590235, 0.308139040564, 0.503192218092, 0.362820410387, 0.546357197703, 0.43718881355, 0.0333843280514, 0.823670047177, 0.000887517982104, 4.14741555288
0.0139796442723, 0.987922025716, 0.130000405136, 0.132110473538, 0.0244290291033, 0.838431951745, 0.108095852172, 0.00833090866067, 0.327175995868, 0.0197572284648, 0.000148788501793, 0.00365771724084, 0.538258895796, 0.0245820488876, 0.590070061178, 0.301833390823, 0.232461412138, 0.138819864574, 0.359723589973, 0.344345490675, 0.23179107971, 0.309175145808, 0.637812349208, 0.489739783374, 0.638322105892, 0.0625815433495, 0.367199494581, 0.350049992412, 0.13133993705, 0.0555564993906, 0.0139796442723, 3.37150727869
0.270130683377, 0.370664729966, 0.573906820461, 0.224629442093, 0.655649520864, 0.410893661919, 0.835244125707, 0.318854668011, 0.0739802636375, 0.345658883877, 0.051151602879, 0.0626067024859, 0.0135275269305, 0.00591506355395, 0.162210292266, 0.736570498152, 0.714129764025, 0.335910185043, 0.305986237485, 0.874706256889, 0.0718445544831, 0.338785939318, 0.0174517544505, 0.0320929321279, 0.2210381816, 0.656375955982, 0.0226561509398, 0.450601730632, 0.0290316129728, 0.031210994777, 0.270130683377, 2.54772533535
0.00228092019685, 0.303440955244, 0.522979759042, 0.0151577489212, 0.324341665794, 0.318686615093, 0.0650634058094, 0.883606494115, 0.398111450064, 0.101717512727, 0.92984944502, 0.0855881195627, 0.0645449931029, 0.830437728495, 0.639369988839, 0.0306436770784, 0.0548111964425, 0.0166622732164, 0.175428164182, 0.727670433301, 0.743623393489, 0.104988893788, 0.0310932590235, 0.300126477563, 0.0105313942969, 0.285657502171, 0.992524111333, 0.0113662223223, 0.00775824949669, 0.823670047177, 0.00228092019685, 3.94503695673
0.214622189589, 0.268331944176, 0.964216421675, 0.100888961926, 0.436265739887, 0.223257369795, 0.112322028832, 0.00833090866067, 0.316066460358, 0.117447237488, 0.533309309231, 0.615558171597, 0.313521225324, 0.0021845943096, 0.677298990477, 0.136436807976, 0.0199054682829, 0.308151453995, 0.516560944092, 0.0345934288424, 0.0804925943367, 0.50954681818, 0.143940768566, 0.000765230662275, 0.311848026526, 0.243091751558, 0.878773103623, 0.393427065033, 0.0307121247295, 0.17841077177, 0.214622189589, 2.6525160806
0.450910329541, 0.0498485903696, 0.573906820461, 0.224629442093, 0.13442639642, 0.410893661919, 0.868788635693, 0.220611114543, 0.0630879064938, 0.00731468771649, 0.051151602879, 0.141368480248, 0.0698557456083, 0.22224891067, 0.0814993869321, 0.703057134238, 0.565647305009, 0.490043583678, 0.191853359833, 0.205762338236, 0.113666227763, 0.692150018773, 0.387144419375, 0.0365373037205, 0.2210381816, 0.656375955982, 0.0816045497385, 0.450601730632, 0.871887166649, 0.022330333461, 0.450910329541, 1.98564213197
0.40544749885, 0.0353724656252, 0.367130844243, 0.41842436858, 0.45542048226, 0.450987642762, 0.0650634058094, 0.743083525219, 0.317421733402, 0.0366101043273, 0.105787900962, 0.00365771724084, 0.0712251739706, 0.268198098682, 0.491042832374, 0.184597874133, 0.629755658013, 0.342581825299, 0.643548194746, 0.00525139533109, 0.23179107971, 0.175893640787, 0.638746962822, 0.000756083422816, 0.656465947456, 0.128569729027, 0.337850221489, 0.501805787724, 0.0146694005211, 0.0303195900506, 0.40544749885, 2.31615782489
0.0983603960492, 0.199262003294, 0.803867056318, 0.41842436858, 0.45542048226, 0.676728266689, 0.271894710743, 0.249957527245, 0.317421733402, 0.0366101043273, 0.105787900962, 0.00365771724084, 0.268748242188, 0.186101692421, 0.491042832374, 0.184597874133, 0.718981424376, 0.497705722318, 0.643548194746, 0.00525139533109, 0.326560386714, 0.175893640787, 0.964192647591, 0.0929547200011, 0.234822283518, 0.128569729027, 0.270510236884, 0.0237120743633, 0.0146694005211, 0.0303195900506, 0.0983603960492, 3.11938205622
0.203820699783, 0.136053375945, 0.0261086751628, 0.303559965799, 0.0735440993394, 0.271751763489, 0.511449449326, 0.0341335053352, 0.303147301401, 0.423624664297, 0.750721768626, 0.397946083397, 0.295837649357, 0.00840457888872, 0.258095500632, 0.860099832429, 0.43637843424, 0.493440291252, 0.434629257804, 0.923929513281, 0.0196021945267, 0.0844986349745, 0.112845940368, 0.0700796976706, 0.228028559139, 0.102585257941, 0.654361119528, 0.0481982347756, 0.852961737021, 0.0788704703176, 0.203820699783, 2.9429288892
0.166487047805, 0.14737860386, 0.441354090652, 0.572230328375, 0.45542048226, 0.685325635067, 0.0650634058094, 0.898655600942, 0.317421733402, 0.0366101043273, 0.105787900962, 0.00365771724084, 0.268748242188, 0.186101692421, 0.491042832374, 0.184597874133, 0.399262779767, 0.497705722318, 0.821276626684, 0.00525139533109, 0.106671657759, 0.0459434211375, 0.638746962822, 0.00272061934169, 0.234822283518, 0.128569729027, 0.270510236884, 0.501805787724, 0.0617783423828, 0.0303195900506, 0.166487047805, 3.03338132639
0.270130683377, 0.370664729966, 0.573906820461, 0.224629442093, 0.655649520864, 0.410893661919, 0.835244125707, 0.318854668011, 0.0739802636375, 0.345658883877, 0.051151602879, 0.0626067024859, 0.0135275269305, 0.00591506355395, 0.162210292266, 0.736570498152, 0.714129764025, 0.335910185043, 0.305986237485, 0.874706256889, 0.0718445544831, 0.338785939318, 0.0174517544505, 0.0320929321279, 0.2210381816, 0.656375955982, 0.0226561509398, 0.450601730632, 0.0290316129728, 0.031210994777, 0.270130683377, 2.54772533535
0.00228092019685, 0.303440955244, 0.522979759042, 0.0151577489212, 0.324341665794, 0.318686615093, 0.0650634058094, 0.883606494115, 0.398111450064, 0.101717512727, 0.92984944502, 0.0855881195627, 0.0645449931029, 0.830437728495, 0.639369988839, 0.0306436770784, 0.0548111964425, 0.0166622732164, 0.175428164182, 0.727670433301, 0.743623393489, 0.104988893788, 0.0310932590235, 0.300126477563, 0.0105313942969, 0.285657502171, 0.992524111333, 0.0113662223223, 0.00775824949669, 0.823670047177, 0.00228092019685, 3.94503695673
0.262682745473, 0.199262003294, 0.130000405136, 0.406969277742, 0.0309009120542, 0.822718726512, 0.108095852172, 0.772519560992, 0.344175170139, 0.0197572284648, 0.00341710681079, 0.00178331592326, 0.538258895796, 0.10546930301, 0.631374600276, 0.301833390823, 0.232461412138, 0.727989236507, 0.498330887203, 0.508724227782, 0.23179107971, 0.309175145808, 0.637812349208, 0.157712832669, 0.638322105892, 0.0625815433495, 0.147553934669, 0.350049992412, 0.153395450002, 0.0555564993906, 0.262682745473, 2.5873164088
0.0510440294199, 0.0636061191808, 0.912539365361, 0.0823095875088, 0.102745424324, 0.309274858542, 0.0460283235761, 0.858112475103, 0.316066460358, 0.117447237488, 0.533309309231, 0.615558171597, 0.313521225324, 0.00816911373992, 0.677298990477, 0.0857100586403, 0.0158784034193, 0.0705775094133, 0.51442229801, 0.0671902112867, 0.27122838197, 0.369288751612, 0.432684998132, 0.0121925919781, 0.311848026526, 0.243091751558, 0.904557849345, 0.552227209017, 0.0307121247295, 0.17841077177, 0.0510440294199, 3.30674932648
0.0712929066999, 0.376094941889, 0.367130844243, 0.41842436858, 0.45542048226, 0.743705921441, 0.0650634058094, 0.249957527245, 0.317421733402, 0.0366101043273, 0.105787900962, 0.392753290703, 0.268748242188, 0.186101692421, 0.491169695442, 0.184597874133, 0.629755658013, 0.497705722318, 0.643548194746, 0.00525139533109, 0.252785563877, 0.0780998688588, 0.638746962822, 0.447317939349, 0.234822283518, 0.128569729027, 0.270510236884, 0.501805787724, 0.0629902867499, 0.0303195900506, 0.0712929066999, 3.2406353511
0.000887517982104, 8.43976517695e-05, 0.522979759042, 0.0118859545585, 0.148234070931, 0.700446358127, 0.029270044682, 0.43289973613, 0.0788226940801, 0.753456579472, 0.832023573918, 0.591232358957, 0.308794226648, 0.0679864365333, 0.916956944804, 0.00929277847355, 0.0651349497702, 0.754929932121, 0.306280925636, 0.742237702871, 0.0140976817031, 0.005789080869, 0.0310932590235, 0.308139040564, 0.503192218092, 0.362820410387, 0.546357197703, 0.43718881355, 0.0333843280514, 0.823670047177, 0.000887517982104, 4.14741555288
0.0983603960492, 0.199262003294, 0.803867056318, 0.41842436858, 0.45542048226, 0.676728266689, 0.271894710743, 0.249957527245, 0.317421733402, 0.0366101043273, 0.105787900962, 0.00365771724084, 0.268748242188, 0.186101692421, 0.491042832374, 0.184597874133, 0.718981424376, 0.497705722318, 0.643548194746, 0.00525139533109, 0.326560386714, 0.175893640787, 0.964192647591, 0.0929547200011, 0.234822283518, 0.128569729027, 0.270510236884, 0.0237120743633, 0.0146694005211, 0.0303195900506, 0.0983603960492, 3.11938205622
0.0712929066999, 0.376094941889, 0.367130844243, 0.41842436858, 0.45542048226, 0.743705921441, 0.0650634058094, 0.249957527245, 0.317421733402, 0.0366101043273, 0.105787900962, 0.392753290703, 0.268748242188, 0.186101692421, 0.491169695442, 0.184597874133, 0.629755658013, 0.497705722318, 0.643548194746, 0.00525139533109, 0.252785563877, 0.0780998688588, 0.638746962822, 0.447317939349, 0.234822283518, 0.128569729027, 0.270510236884, 0.501805787724, 0.0629902867499, 0.0303195900506, 0.0712929066999, 3.2406353511
0.181954712745, 0.268331944176, 0.733236516831, 0.376006356343, 0.104865294322, 0.037041343521, 0.395344249083, 0.217164190094, 0.74531189244, 0.39027545969, 0.1887446393, 0.711326650048, 0.313521225324, 0.00928974742262, 0.554876181309, 0.594572199265, 0.0199054682829, 0.155063491373, 0.224504104458, 0.528510350543, 0.337983169726, 0.247538131044, 0.498942412395, 0.0338622232288, 0.0595050253986, 0.0172605640427, 0.263074586789, 0.254410698165, 0.0307121247295, 0.277423473056, 0.181954712745, 2.94647823469
0.826241102943, 0.31809490133, 0.429985828379, 0.186497338036, 0.144841445606, 0.440007280372, 0.945943119105, 0.733146335937, 0.369934556834, 0.0436984401837, 0.0475537626206, 0.999231579435, 0.0913486140197, 0.593480710144, 0.467552229299, 0.0349937195695, 0.192318169986, 0.11942496918, 0.276668075849, 0.0225748845148, 0.0771973599506, 0.853864229321, 0.526894059655, 0.928944020934, 0.0205526332313, 0.234982789886, 0.0997871695982, 0.0391307676151, 0.0960209552284, 0.148080737758, 0.826241102943, 1.53141298825
0.166487047805, 0.14737860386, 0.441354090652, 0.572230328375, 0.45542048226, 0.685325635067, 0.0650634058094, 0.898655600942, 0.317421733402, 0.0366101043273, 0.105787900962, 0.00365771724084, 0.268748242188, 0.186101692421, 0.491042832374, 0.184597874133, 0.399262779767, 0.497705722318, 0.821276626684, 0.00525139533109, 0.106671657759, 0.0459434211375, 0.638746962822, 0.00272061934169, 0.234822283518, 0.128569729027, 0.270510236884, 0.501805787724, 0.0617783423828, 0.0303195900506, 0.166487047805, 3.03338132639
0.0510440294199, 0.0636061191808, 0.912539365361, 0.0823095875088, 0.102745424324, 0.309274858542, 0.0460283235761, 0.858112475103, 0.316066460358, 0.117447237488, 0.533309309231, 0.615558171597, 0.313521225324, 0.00816911373992, 0.677298990477, 0.0857100586403, 0.0158784034193, 0.0705775094133, 0.51442229801, 0.0671902112867, 0.27122838197, 0.369288751612, 0.432684998132, 0.0121925919781, 0.311848026526, 0.243091751558, 0.904557849345, 0.552227209017, 0.0307121247295, 0.17841077177, 0.0510440294199, 3.30674932648
0.827598401672, 0.199262003294, 0.367130844243, 0.41842436858, 0.374269269935, 0.350267490053, 0.44744593833, 0.249957527245, 0.428271940295, 0.0366101043273, 0.340184235978, 0.00365771724084, 0.255100142083, 0.281421169927, 0.580067817296, 0.18258038043, 0.886058807893, 0.615847736873, 0.368472890043, 0.0387986444791, 0.210366152495, 0.175893640787, 0.560325398394, 0.456099804142, 0.314337178703, 0.0202569508542, 0.456509710501, 0.437234705225, 0.165626701906, 0.0555564993906, 0.827598401672, 1.45613536659
0.0139796442723, 0.987922025716, 0.130000405136, 0.132110473538, 0.0244290291033, 0.838431951745, 0.108095852172, 0.00833090866067, 0.327175995868, 0.0197572284648, 0.000148788501793, 0.00365771724084, 0.538258895796, 0.0245820488876, 0.590070061178, 0.301833390823, 0.232461412138, 0.138819864574, 0.359723589973, 0.344345490675, 0.23179107971, 0.309175145808, 0.637812349208, 0.489739783374, 0.638322105892, 0.0625815433495, 0.367199494581, 0.350049992412, 0.13133993705, 0.0555564993906, 0.0139796442723, 3.37150727869
0.214622189589, 0.268331944176, 0.964216421675, 0.100888961926, 0.436265739887, 0.223257369795, 0.112322028832, 0.00833090866067, 0.316066460358, 0.117447237488, 0.533309309231, 0.615558171597, 0.313521225324, 0.0021845943096, 0.677298990477, 0.136436807976, 0.0199054682829, 0.308151453995, 0.516560944092, 0.0345934288424, 0.0804925943367, 0.50954681818, 0.143940768566, 0.000765230662275, 0.311848026526, 0.243091751558, 0.878773103623, 0.393427065033, 0.0307121247295, 0.17841077177, 0.214622189589, 2.6525160806
