0.00619420327222, 0.489615497134, 0.906659599672, 0.792563726761, 0.13442639642, 0.410893661919, 0.833082872757, 0.220611114543, 0.234662326077, 0.0887380896738, 0.051151602879, 0.141368480248, 0.68339732055, 0.637422575355, 0.162210292266, 0.0683565282031, 0.714129764025, 0.882141106423, 0.0419316916257, 0.938976862511, 0.803457475132, 0.811153020148, 0.660631656305, 0.0365373037205, 0.2210381816, 0.647959423689, 0.931779342841, 0.437253694547, 0.979147740225, 0.53642507171, 0.00619420327222, 5.31353173969
0.00619420327222, 0.489615497134, 0.906659599672, 0.792563726761, 0.13442639642, 0.410893661919, 0.833082872757, 0.220611114543, 0.234662326077, 0.0887380896738, 0.051151602879, 0.141368480248, 0.68339732055, 0.637422575355, 0.162210292266, 0.0683565282031, 0.714129764025, 0.882141106423, 0.0419316916257, 0.938976862511, 0.803457475132, 0.811153020148, 0.660631656305, 0.0365373037205, 0.2210381816, 0.647959423689, 0.931779342841, 0.437253694547, 0.979147740225, 0.53642507171, 0.00619420327222, 5.31353173969
0.214622189589, 0.268331944176, 0.699514016023, 0.228276827695, 0.102745424324, 0.0883567855569, 0.233983367363, 0.976643433515, 0.316066460358, 0.117447237488, 0.533309309231, 0.839843707292, 0.313521225324, 0.00928974742262, 0.958001126915, 0.594572199265, 0.0199054682829, 0.155063491373, 0.0342041263684, 0.0877032545079, 0.337983169726, 0.68648660306, 0.889194284659, 0.248379191422, 0.0885408546288, 0.243091751558, 0.878773103623, 0.437253694547, 0.0307121247295, 0.216165096264, 0.214622189589, 3.24418316556
0.214622189589, 0.268331944176, 0.699514016023, 0.228276827695, 0.102745424324, 0.0883567855569, 0.233983367363, 0.976643433515, 0.316066460358, 0.117447237488, 0.533309309231, 0.839843707292, 0.313521225324, 0.00928974742262, 0.958001126915, 0.594572199265, 0.0199054682829, 0.155063491373, 0.0342041263684, 0.0877032545079, 0.337983169726, 0.68648660306, 0.889194284659, 0.248379191422, 0.0885408546288, 0.243091751558, 0.878773103623, 0.437253694547, 0.0307121247295, 0.216165096264, 0.214622189589, 3.24418316556
0.827598401672, 0.199262003294, 0.367130844243, 0.41842436858, 0.45542048226, 0.676728266689, 0.108095852172, 0.249957527245, 0.673170318968, 0.764276703486, 0.105787900962, 0.00365771724084, 0.904018897008, 0.186101692421, 0.580067817296, 0.301833390823, 0.927048878367, 0.497705722318, 0.498330887203, 0.126344649181, 0.23179107971, 0.403059833108, 0.637812349208, 0.478287911958, 0.314337178703, 0.0625815433495, 0.347324525619, 0.501805787724, 0.153395450002, 0.0555564993906, 0.827598401672, 1.92740167049
0.827598401672, 0.199262003294, 0.367130844243, 0.41842436858, 0.45542048226, 0.676728266689, 0.108095852172, 0.249957527245, 0.673170318968, 0.764276703486, 0.105787900962, 0.00365771724084, 0.904018897008, 0.186101692421, 0.580067817296, 0.301833390823, 0.927048878367, 0.497705722318, 0.498330887203, 0.126344649181, 0.23179107971, 0.403059833108, 0.637812349208, 0.478287911958, 0.314337178703, 0.0625815433495, 0.347324525619, 0.501805787724, 0.153395450002, 0.0555564993906, 0.827598401672, 1.92740167049
0.447977724024, 0.622125045318, 0.733287200923, 0.252515996542, 0.873780075157, 0.145368112282, 0.0253356140442, 0.606732188915, 0.00589183078813, 0.285969406659, 0.748607896789, 0.116776432262, 0.00801164231742, 0.0730751631551, 0.555886584429, 0.493266234392, 0.0765453365896, 0.993183543515, 0.259732262405, 0.909277527915, 0.367712520233, 0.187602399528, 0.606140506014, 0.451740397381, 0.0139031302618, 0.411620289049, 0.679370372839, 0.432730205809, 0.697025073599, 0.935909644607, 0.447977724024, 2.97198912465
0.447977724024, 0.622125045318, 0.733287200923, 0.252515996542, 0.873780075157, 0.145368112282, 0.0253356140442, 0.606732188915, 0.00589183078813, 0.285969406659, 0.748607896789, 0.116776432262, 0.00801164231742, 0.0730751631551, 0.555886584429, 0.493266234392, 0.0765453365896, 0.993183543515, 0.259732262405, 0.909277527915, 0.367712520233, 0.187602399528, 0.606140506014, 0.451740397381, 0.0139031302618, 0.411620289049, 0.679370372839, 0.432730205809, 0.697025073599, 0.935909644607, 0.447977724024, 2.97198912465
0.00736578534247, 0.113645889827, 0.564801771269, 0.523131668584, 0.77954818414, 0.267268495847, 0.447160156766, 0.0174753467961, 0.983088866301, 0.791244406591, 0.0583240567931, 0.0213032748335, 0.466506605338, 0.858382495947, 0.881777311017, 0.060763982881, 0.00593192846767, 0.844429924021, 0.867394945576, 0.278139850642, 0.4156725977, 0.424381479763, 0.0445789103215, 0.347308827519, 0.397912474871, 0.257504294192, 0.644332146996, 0.141976255039, 0.383644814919, 0.840266409479, 0.00736578534247, 4.75740041857
0.00736578534247, 0.113645889827, 0.564801771269, 0.523131668584, 0.77954818414, 0.267268495847, 0.447160156766, 0.0174753467961, 0.983088866301, 0.791244406591, 0.0583240567931, 0.0213032748335, 0.466506605338, 0.858382495947, 0.881777311017, 0.060763982881, 0.00593192846767, 0.844429924021, 0.867394945576, 0.278139850642, 0.4156725977, 0.424381479763, 0.0445789103215, 0.347308827519, 0.397912474871, 0.257504294192, 0.644332146996, 0.141976255039, 0.383644814919, 0.840266409479, 0.00736578534247, 4.75740041857
0.640680569649, 0.174485814093, 0.97730552405, 0.781769984743, 0.357145649485, 0.606273345688, 0.968056217391, 0.477081888468, 0.0541575354581, 0.843681623563, 0.886546034194, 0.256480780332, 0.642556346435, 0.748593559618, 0.191726397615, 0.261811164596, 0.0829509788118, 0.476444971925, 0.0719523160596, 0.703869266671, 0.545181863381, 0.226975215566, 0.171898782542, 0.047789837481, 0.110338504259, 0.484857048543, 0.00532947710507, 0.228452385637, 0.265279049018, 0.111354236813, 0.640680569649, 2.31036406716
0.640680569649, 0.174485814093, 0.97730552405, 0.781769984743, 0.357145649485, 0.606273345688, 0.968056217391, 0.477081888468, 0.0541575354581, 0.843681623563, 0.886546034194, 0.256480780332, 0.642556346435, 0.748593559618, 0.191726397615, 0.261811164596, 0.0829509788118, 0.476444971925, 0.0719523160596, 0.703869266671, 0.545181863381, 0.226975215566, 0.171898782542, 0.047789837481, 0.110338504259, 0.484857048543, 0.00532947710507, 0.228452385637, 0.265279049018, 0.111354236813, 0.640680569649, 2.31036406716
0.212086189017, 0.73106736051, 0.116140381128, 0.995806750638, 0.56242569538, 0.125769077444, 0.439882292028, 0.39982104085, 0.445739026068, 0.629545612837, 0.792156723054, 0.445556399138, 0.742591135042, 0.364165591333, 0.336165272862, 0.00835998048052, 0.045627625282, 0.505317050774, 0.27886139524, 0.169807586544, 0.180103843511, 0.140842833202, 0.2390244162, 0.191885654317, 0.531516723608, 0.514770857487, 0.322860666877, 0.257054921342, 0.644565996938, 0.0568555474622, 0.212086189017, 3.42690171462
0.212086189017, 0.73106736051, 0.116140381128, 0.995806750638, 0.56242569538, 0.125769077444, 0.439882292028, 0.39982104085, 0.445739026068, 0.629545612837, 0.792156723054, 0.445556399138, 0.742591135042, 0.364165591333, 0.336165272862, 0.00835998048052, 0.045627625282, 0.505317050774, 0.27886139524, 0.169807586544, 0.180103843511, 0.140842833202, 0.2390244162, 0.191885654317, 0.531516723608, 0.514770857487, 0.322860666877, 0.257054921342, 0.644565996938, 0.0568555474622, 0.212086189017, 3.42690171462
0.202166568086, 0.489615497134, 0.306076787749, 0.792563726761, 0.13442639642, 0.410893661919, 0.833082872757, 0.220611114543, 0.234662326077, 0.0887380896738, 0.051151602879, 0.141368480248, 0.68339732055, 0.637422575355, 0.162210292266, 0.703057134238, 0.714129764025, 0.882141106423, 0.305986237485, 0.938976862511, 0.113666227763, 0.811153020148, 0.676734333724, 0.0365373037205, 0.2210381816, 0.647959423689, 0.260438993912, 0.396808099812, 0.871887166649, 0.5808967624, 0.202166568086, 4.10900345583
0.202166568086, 0.489615497134, 0.306076787749, 0.792563726761, 0.13442639642, 0.410893661919, 0.833082872757, 0.220611114543, 0.234662326077, 0.0887380896738, 0.051151602879, 0.141368480248, 0.68339732055, 0.637422575355, 0.162210292266, 0.703057134238, 0.714129764025, 0.882141106423, 0.305986237485, 0.938976862511, 0.113666227763, 0.811153020148, 0.676734333724, 0.0365373037205, 0.2210381816, 0.647959423689, 0.260438993912, 0.396808099812, 0.871887166649, 0.5808967624, 0.202166568086, 4.10900345583
0.0371005248222, 0.234188541864, 0.245210359398, 0.190479886286, 0.153399107192, 0.185095408288, 0.3952896407, 0.505623947191, 0.18569366663, 0.80613663779, 0.735547758319, 0.588144182011, 0.295837649357, 0.508192215141, 0.824481595142, 0.180747462926, 0.42945710818, 0.798056022416, 0.455213991064, 0.929776909418, 0.0955887503547, 0.0844986349745, 0.405481927088, 0.417303266053, 0.228028559139, 0.0272297455762, 0.210364873746, 0.56991258119, 0.852961737021, 0.0788704703176, 0.0371005248222, 4.15777486896
0.0371005248222, 0.234188541864, 0.245210359398, 0.190479886286, 0.153399107192, 0.185095408288, 0.3952896407, 0.505623947191, 0.18569366663, 0.80613663779, 0.735547758319, 0.588144182011, 0.295837649357, 0.508192215141, 0.824481595142, 0.180747462926, 0.42945710818, 0.798056022416, 0.455213991064, 0.929776909418, 0.0955887503547, 0.0844986349745, 0.405481927088, 0.417303266053, 0.228028559139, 0.0272297455762, 0.210364873746, 0.56991258119, 0.852961737021, 0.0788704703176, 0.0371005248222, 4.15777486896
0.203820699783, 0.234188541864, 0.245210359398, 0.190479886286, 0.153399107192, 0.185095408288, 0.3952896407, 0.505623947191, 0.18569366663, 0.727722570892, 0.735547758319, 0.588144182011, 0.295837649357, 0.508192215141, 0.824481595142, 0.180747462926, 0.42945710818, 0.798056022416, 0.455213991064, 0.929776909418, 0.0955887503547, 0.0844986349745, 0.405481927088, 0.0700796976706, 0.228028559139, 0.331456487983, 0.210364873746, 0.0898847680382, 0.852961737021, 0.0788704703176, 0.203820699783, 3.44516148805
0.203820699783, 0.234188541864, 0.245210359398, 0.190479886286, 0.153399107192, 0.185095408288, 0.3952896407, 0.505623947191, 0.18569366663, 0.727722570892, 0.735547758319, 0.588144182011, 0.295837649357, 0.508192215141, 0.824481595142, 0.180747462926, 0.42945710818, 0.798056022416, 0.455213991064, 0.929776909418, 0.0955887503547, 0.0844986349745, 0.405481927088, 0.0700796976706, 0.228028559139, 0.331456487983, 0.210364873746, 0.0898847680382, 0.852961737021, 0.0788704703176, 0.203820699783, 3.44516148805
0.621104190431, 0.41825517577, 0.808519125345, 0.287198628041, 0.759309300167, 0.0130766444412, 0.728586004949, 0.860993536852, 0.507770919146, 0.367122208978, 0.172263525422, 0.610079516995, 0.866423401122, 0.0131530458337, 0.302165941654, 0.602813668383, 0.75327222972, 0.0142423456979, 0.442564641955, 0.0155906047467, 0.146988364916, 0.762945253573, 0.493272998955, 0.416462745911, 0.00428046838488, 0.111799358836, 0.424641249241, 0.665583025233, 0.952166624844, 0.0714568656313, 0.621104190431, 2.77989671687
0.621104190431, 0.41825517577, 0.808519125345, 0.287198628041, 0.759309300167, 0.0130766444412, 0.728586004949, 0.860993536852, 0.507770919146, 0.367122208978, 0.172263525422, 0.610079516995, 0.866423401122, 0.0131530458337, 0.302165941654, 0.602813668383, 0.75327222972, 0.0142423456979, 0.442564641955, 0.0155906047467, 0.146988364916, 0.762945253573, 0.493272998955, 0.416462745911, 0.00428046838488, 0.111799358836, 0.424641249241, 0.665583025233, 0.952166624844, 0.0714568656313, 0.621104190431, 2.77989671687
0.826241102943, 0.00769623939327, 0.392976901162, 0.509538422809, 0.968526107885, 0.440007280372, 0.980278333024, 0.733146335937, 0.103411520975, 0.0436984401837, 0.0475537626206, 0.997339724826, 0.474211180188, 0.817622833281, 0.237244726681, 0.00116312732214, 0.460743730362, 0.251779100844, 0.0622092418329, 0.106394531958, 0.373810573816, 0.152687002786, 0.526894059655, 0.559503941516, 0.425590792694, 0.585823321898, 0.685755780195, 0.0391307676151, 0.0199180756565, 0.545246019823, 0.826241102943, 2.03163836746
0.826241102943, 0.00769623939327, 0.392976901162, 0.509538422809, 0.968526107885, 0.440007280372, 0.980278333024, 0.733146335937, 0.103411520975, 0.0436984401837, 0.0475537626206, 0.997339724826, 0.474211180188, 0.817622833281, 0.237244726681, 0.00116312732214, 0.460743730362, 0.251779100844, 0.0622092418329, 0.106394531958, 0.373810573816, 0.152687002786, 0.526894059655, 0.559503941516, 0.425590792694, 0.585823321898, 0.685755780195, 0.0391307676151, 0.0199180756565, 0.545246019823, 0.826241102943, 2.03163836746
0.202784385553, 0.480356059566, 0.324745924429, 0.675363355927, 0.911337223188, 0.895501885802, 0.0623564635429, 0.00844486292262, 0.711307541632, 0.845548600306, 0.26599240118, 0.256469764204, 0.113454416593, 0.704407200286, 0.441830365629, 0.0433037459391, 0.558084607483, 0.495906085295, 0.147997174616, 0.396727243489, 0.0057143635261, 0.099179444904, 0.153889480052, 0.950961337542, 0.574095855975, 0.0988919607185, 0.521291738562, 0.490946109408, 0.514568388898, 0.901983812626, 0.202784385553, 3.90888583536
0.202784385553, 0.480356059566, 0.324745924429, 0.675363355927, 0.911337223188, 0.895501885802, 0.0623564635429, 0.00844486292262, 0.711307541632, 0.845548600306, 0.26599240118, 0.256469764204, 0.113454416593, 0.704407200286, 0.441830365629, 0.0433037459391, 0.558084607483, 0.495906085295, 0.147997174616, 0.396727243489, 0.0057143635261, 0.099179444904, 0.153889480052, 0.950961337542, 0.574095855975, 0.0988919607185, 0.521291738562, 0.490946109408, 0.514568388898, 0.901983812626, 0.202784385553, 3.90888583536
0.442004725537, 0.690154136278, 0.165029634049, 0.621573801463, 0.103797296716, 0.398625623738, 0.0418470586771, 0.171087557762, 0.930135843245, 0.791817961021, 0.35146013812, 0.217517388701, 0.302163039653, 0.318411418611, 0.696914590524, 0.087780024132, 0.500589757091, 0.29982140444, 0.286589491296, 0.507664574303, 0.0999872449603, 0.9391964909, 0.432293267919, 0.521435618516, 0.139614870389, 0.317841481822, 0.434516048823, 0.882367999448, 0.648824390527, 0.612416913632, 0.442004725537, 2.98563777527
0.442004725537, 0.690154136278, 0.165029634049, 0.621573801463, 0.103797296716, 0.398625623738, 0.0418470586771, 0.171087557762, 0.930135843245, 0.791817961021, 0.35146013812, 0.217517388701, 0.302163039653, 0.318411418611, 0.696914590524, 0.087780024132, 0.500589757091, 0.29982140444, 0.286589491296, 0.507664574303, 0.0999872449603, 0.9391964909, 0.432293267919, 0.521435618516, 0.139614870389, 0.317841481822, 0.434516048823, 0.882367999448, 0.648824390527, 0.612416913632, 0.442004725537, 2.98563777527
0.840197232727, 0.139809714296, 0.153795303267, 0.639811275536, 0.189738649158, 0.416190584762, 0.81442591508, 0.949167963439, 0.124214737919, 0.0345308506592, 0.680048777637, 0.983690486547, 0.514058774659, 0.44345287076, 0.350000569147, 0.543933369544, 0.385174555078, 0.0046429065609, 0.669166443102, 0.473178992983, 0.348191920332, 0.283434858933, 0.0312235960968, 0.281992795479, 0.32568916218, 0.664182213323, 0.0137824457468, 0.174392197218, 0.5283824587, 0.452193705825, 0.840197232727, 1.83644484582
0.840197232727, 0.139809714296, 0.153795303267, 0.639811275536, 0.189738649158, 0.416190584762, 0.81442591508, 0.949167963439, 0.124214737919, 0.0345308506592, 0.680048777637, 0.983690486547, 0.514058774659, 0.44345287076, 0.350000569147, 0.543933369544, 0.385174555078, 0.0046429065609, 0.669166443102, 0.473178992983, 0.348191920332, 0.283434858933, 0.0312235960968, 0.281992795479, 0.32568916218, 0.664182213323, 0.0137824457468, 0.174392197218, 0.5283824587, 0.452193705825, 0.840197232727, 1.83644484582
0.0323660329868, 0.105353226013, 0.522979759042, 0.0794297795973, 0.262367404827, 0.573191058618, 0.241617466906, 0.43289973613, 0.676149760096, 0.817202351605, 0.758751169334, 0.393282931355, 0.368750116396, 0.360130442034, 0.950401548475, 0.158474707499, 0.0398787354142, 0.440450129627, 0.306280925636, 0.742237702871, 0.101045462434, 0.570603041118, 0.0310932590235, 0.308139040564, 0.247298922948, 0.693733583676, 0.989822579059, 0.0156588895903, 0.149041426264, 0.761857080936, 0.0323660329868, 4.33477990053
0.0323660329868, 0.105353226013, 0.522979759042, 0.0794297795973, 0.262367404827, 0.573191058618, 0.241617466906, 0.43289973613, 0.676149760096, 0.817202351605, 0.758751169334, 0.393282931355, 0.368750116396, 0.360130442034, 0.950401548475, 0.158474707499, 0.0398787354142, 0.440450129627, 0.306280925636, 0.742237702871, 0.101045462434, 0.570603041118, 0.0310932590235, 0.308139040564, 0.247298922948, 0.693733583676, 0.989822579059, 0.0156588895903, 0.149041426264, 0.761857080936, 0.0323660329868, 4.33477990053
0.253291411631, 0.406580644353, 0.780290128912, 0.21276462889, 0.0488861646841, 0.283889502931, 0.448195665603, 0.642006248628, 0.325125522807, 0.314827248527, 0.750174871547, 0.178521148378, 0.168383142007, 0.830589868555, 0.00983972335209, 0.46259223778, 0.00256246866958, 0.276528406036, 0.561805753337, 0.218937501172, 0.672193581421, 0.000215572601362, 0.66865851704, 0.997565444869, 0.0238801046097, 0.229728403767, 0.955591683446, 0.990786922072, 0.464694513587, 0.0744637142809, 0.253291411631, 3.37839145708
0.253291411631, 0.406580644353, 0.780290128912, 0.21276462889, 0.0488861646841, 0.283889502931, 0.448195665603, 0.642006248628, 0.325125522807, 0.314827248527, 0.750174871547, 0.178521148378, 0.168383142007, 0.830589868555, 0.00983972335209, 0.46259223778, 0.00256246866958, 0.276528406036, 0.561805753337, 0.218937501172, 0.672193581421, 0.000215572601362, 0.66865851704, 0.997565444869, 0.0238801046097, 0.229728403767, 0.955591683446, 0.990786922072, 0.464694513587, 0.0744637142809, 0.253291411631, 3.37839145708
0.433088919376, 0.480356059566, 0.670277135543, 0.675363355927, 0.911337223188, 0.675425013597, 0.087942333178, 0.267062719498, 0.711307541632, 0.845548600306, 0.26599240118, 0.256469764204, 0.0203712211158, 0.704407200286, 0.241570939554, 0.0433037459391, 0.558084607483, 0.495906085295, 0.147997174616, 0.463187711146, 0.0531103920274, 0.099179444904, 0.153889480052, 0.950961337542, 0.574095855975, 0.426211569543, 0.487728207932, 0.82008060184, 0.514568388898, 0.821174006849, 0.433088919376, 3.29660431502
0.433088919376, 0.480356059566, 0.670277135543, 0.675363355927, 0.911337223188, 0.675425013597, 0.087942333178, 0.267062719498, 0.711307541632, 0.845548600306, 0.26599240118, 0.256469764204, 0.0203712211158, 0.704407200286, 0.241570939554, 0.0433037459391, 0.558084607483, 0.495906085295, 0.147997174616, 0.463187711146, 0.0531103920274, 0.099179444904, 0.153889480052, 0.950961337542, 0.574095855975, 0.426211569543, 0.487728207932, 0.82008060184, 0.514568388898, 0.821174006849, 0.433088919376, 3.29660431502
0.827598401672, 0.199262003294, 0.367130844243, 0.41842436858, 0.45542048226, 0.676728266689, 0.108095852172, 0.249957527245, 0.9719068228, 0.764276703486, 0.105787900962, 0.00365771724084, 0.962572483229, 0.186101692421, 0.580067817296, 0.505979582116, 0.927048878367, 0.497705722318, 0.498330887203, 0.126344649181, 0.0717891000454, 0.403059833108, 0.637812349208, 0.227596532292, 0.209515673234, 0.0625815433495, 0.362715097194, 0.501805787724, 0.153395450002, 0.0555564993906, 0.827598401672, 1.94234698803
0.827598401672, 0.199262003294, 0.367130844243, 0.41842436858, 0.45542048226, 0.676728266689, 0.108095852172, 0.249957527245, 0.9719068228, 0.764276703486, 0.105787900962, 0.00365771724084, 0.962572483229, 0.186101692421, 0.580067817296, 0.505979582116, 0.927048878367, 0.497705722318, 0.498330887203, 0.126344649181, 0.0717891000454, 0.403059833108, 0.637812349208, 0.227596532292, 0.209515673234, 0.0625815433495, 0.362715097194, 0.501805787724, 0.153395450002, 0.0555564993906, 0.827598401672, 1.94234698803
0.00736578534247, 0.113645889827, 0.564801771269, 0.523131668584, 0.77954818414, 0.267268495847, 0.447160156766, 0.0174753467961, 0.719941583577, 0.71963976867, 0.0583240567931, 0.0213032748335, 0.466506605338, 0.858382495947, 0.881777311017, 0.060763982881, 0.00593192846767, 0.844429924021, 0.867394945576, 0.278139850642, 0.4156725977, 0.719652912924, 0.0445789103215, 0.347308827519, 0.397912474871, 0.257504294192, 0.644332146996, 0.275761430289, 0.996721329063, 0.840266409479, 0.00736578534247, 4.97274423
0.00736578534247, 0.113645889827, 0.564801771269, 0.523131668584, 0.77954818414, 0.267268495847, 0.447160156766, 0.0174753467961, 0.719941583577, 0.71963976867, 0.0583240567931, 0.0213032748335, 0.466506605338, 0.858382495947, 0.881777311017, 0.060763982881, 0.00593192846767, 0.844429924021, 0.867394945576, 0.278139850642, 0.4156725977, 0.719652912924, 0.0445789103215, 0.347308827519, 0.397912474871, 0.257504294192, 0.644332146996, 0.275761430289, 0.996721329063, 0.840266409479, 0.00736578534247, 4.97274423
0.0221662296567, 0.120649722128, 0.559149859462, 0.177350734568, 0.77954818414, 0.267268495847, 0.0866768523287, 0.0174753467961, 0.983088866301, 0.733175546887, 0.0583240567931, 0.0109616702961, 0.466506605338, 0.858382495947, 0.881777311017, 0.060763982881, 0.670120723634, 0.844429924021, 0.867394945576, 0.278139850642, 0.4156725977, 0.719652912924, 0.168951933089, 0.347308827519, 0.397912474871, 0.257504294192, 0.200866215696, 0.275761430289, 0.895262317922, 0.980097537406, 0.0221662296567, 4.80029916095
0.0221662296567, 0.120649722128, 0.559149859462, 0.177350734568, 0.77954818414, 0.267268495847, 0.0866768523287, 0.0174753467961, 0.983088866301, 0.733175546887, 0.0583240567931, 0.0109616702961, 0.466506605338, 0.858382495947, 0.881777311017, 0.060763982881, 0.670120723634, 0.844429924021, 0.867394945576, 0.278139850642, 0.4156725977, 0.719652912924, 0.168951933089, 0.347308827519, 0.397912474871, 0.257504294192, 0.200866215696, 0.275761430289, 0.895262317922, 0.980097537406, 0.0221662296567, 4.80029916095
0.640680569649, 0.174485814093, 0.97730552405, 0.781769984743, 0.357145649485, 0.606273345688, 0.93771877442, 0.0614863782054, 0.152877071438, 0.843681623563, 0.886546034194, 0.256480780332, 0.916819543153, 0.181149352859, 0.732998896615, 0.0566154613925, 0.0829509788118, 0.476444971925, 0.0719523160596, 0.703869266671, 0.545181863381, 0.0569052802229, 0.171898782542, 0.00562601273893, 0.110338504259, 0.484857048543, 0.00532947710507, 0.794960387628, 0.474143590254, 0.0405884459614, 0.640680569649, 2.35792792902
0.640680569649, 0.174485814093, 0.97730552405, 0.781769984743, 0.357145649485, 0.606273345688, 0.93771877442, 0.0614863782054, 0.152877071438, 0.843681623563, 0.886546034194, 0.256480780332, 0.916819543153, 0.181149352859, 0.732998896615, 0.0566154613925, 0.0829509788118, 0.476444971925, 0.0719523160596, 0.703869266671, 0.545181863381, 0.0569052802229, 0.171898782542, 0.00562601273893, 0.110338504259, 0.484857048543, 0.00532947710507, 0.794960387628, 0.474143590254, 0.0405884459614, 0.640680569649, 2.35792792902
0.212086189017, 0.567437480459, 0.116140381128, 0.812315411227, 0.76030430419, 0.04550756828, 0.128922058315, 0.39982104085, 0.0100825717541, 0.629545612837, 0.790446189748, 0.445556399138, 0.742591135042, 0.364165591333, 0.470704232649, 0.685257271233, 0.045627625282, 0.377323542012, 0.27886139524, 0.302356864072, 0.0106156908777, 0.140842833202, 0.193002700849, 0.191885654317, 0.531516723608, 0.545576472706, 0.322860666877, 0.257054921342, 0.644565996938, 0.41860533248, 0.212086189017, 3.4311076392
0.212086189017, 0.567437480459, 0.116140381128, 0.812315411227, 0.76030430419, 0.04550756828, 0.128922058315, 0.39982104085, 0.0100825717541, 0.629545612837, 0.790446189748, 0.445556399138, 0.742591135042, 0.364165591333, 0.470704232649, 0.685257271233, 0.045627625282, 0.377323542012, 0.27886139524, 0.302356864072, 0.0106156908777, 0.140842833202, 0.193002700849, 0.191885654317, 0.531516723608, 0.545576472706, 0.322860666877, 0.257054921342, 0.644565996938, 0.41860533248, 0.212086189017, 3.4311076392
0.0371005248222, 0.107150961098, 0.245210359398, 0.819093357524, 0.153399107192, 0.214382366224, 0.3952896407, 0.505623947191, 0.18569366663, 0.727722570892, 0.735547758319, 0.227523748353, 0.023608167963, 0.356966271391, 0.972234647144, 0.154926364043, 0.839287703063, 0.798056022416, 0.455213991064, 0.929776909418, 0.0955887503547, 0.587228678405, 0.405481927088, 0.417303266053, 0.228028559139, 0.331456487983, 0.0365996443788, 0.112593268089, 0.861111052279, 0.0788704703176, 0.0371005248222, 4.27167977866
0.0371005248222, 0.107150961098, 0.245210359398, 0.819093357524, 0.153399107192, 0.214382366224, 0.3952896407, 0.505623947191, 0.18569366663, 0.727722570892, 0.735547758319, 0.227523748353, 0.023608167963, 0.356966271391, 0.972234647144, 0.154926364043, 0.839287703063, 0.798056022416, 0.455213991064, 0.929776909418, 0.0955887503547, 0.587228678405, 0.405481927088, 0.417303266053, 0.228028559139, 0.331456487983, 0.0365996443788, 0.112593268089, 0.861111052279, 0.0788704703176, 0.0371005248222, 4.27167977866
0.621104190431, 0.41825517577, 0.808519125345, 0.287198628041, 0.759309300167, 0.0130766444412, 0.69567682381, 0.860993536852, 0.425368966659, 0.367122208978, 0.178368760483, 0.610079516995, 0.879177761943, 0.00909054416007, 0.302165941654, 0.602813668383, 0.882505750612, 0.0142423456979, 0.337414054985, 0.0155906047467, 0.146988364916, 0.762945253573, 0.493272998955, 0.416462745911, 0.00428046838488, 0.265563239634, 0.156373376961, 0.665583025233, 0.952166624844, 0.615495639946, 0.621104190431, 2.87009698904
0.621104190431, 0.41825517577, 0.808519125345, 0.287198628041, 0.759309300167, 0.0130766444412, 0.69567682381, 0.860993536852, 0.425368966659, 0.367122208978, 0.178368760483, 0.610079516995, 0.879177761943, 0.00909054416007, 0.302165941654, 0.602813668383, 0.882505750612, 0.0142423456979, 0.337414054985, 0.0155906047467, 0.146988364916, 0.762945253573, 0.493272998955, 0.416462745911, 0.00428046838488, 0.265563239634, 0.156373376961, 0.665583025233, 0.952166624844, 0.615495639946, 0.621104190431, 2.87009698904
0.826241102943, 0.00769623939327, 0.392976901162, 0.509538422809, 0.968526107885, 0.440007280372, 0.980278333024, 0.733146335937, 0.103411520975, 0.0436984401837, 0.0475537626206, 0.972274068085, 0.474211180188, 0.817622833281, 0.712166774489, 0.0480046901331, 0.460743730362, 0.611450652416, 0.0622092418329, 0.106394531958, 0.373810573816, 0.302182403714, 0.526894059655, 0.69228142249, 0.425590792694, 0.585823321898, 0.685755780195, 0.0391307676151, 0.0199180756565, 0.545246019823, 0.826241102943, 2.31139372736
0.826241102943, 0.00769623939327, 0.392976901162, 0.509538422809, 0.968526107885, 0.440007280372, 0.980278333024, 0.733146335937, 0.103411520975, 0.0436984401837, 0.0475537626206, 0.972274068085, 0.474211180188, 0.817622833281, 0.712166774489, 0.0480046901331, 0.460743730362, 0.611450652416, 0.0622092418329, 0.106394531958, 0.373810573816, 0.302182403714, 0.526894059655, 0.69228142249, 0.425590792694, 0.585823321898, 0.685755780195, 0.0391307676151, 0.0199180756565, 0.545246019823, 0.826241102943, 2.31139372736
0.609407644366, 0.994189867488, 0.459116313331, 0.663834664552, 0.0220081340597, 0.19706695091, 0.993171566597, 0.315916085752, 0.28154682414, 0.317154521422, 0.751221922616, 0.932494603481, 0.686903451674, 0.0904560903566, 0.230682739785, 0.408457894249, 0.377182662058, 0.468992292576, 0.00156872601854, 0.86918658826, 0.122944268921, 0.433652861772, 0.0633807441416, 0.835789051112, 0.639973937758, 0.868489609005, 0.0327305119335, 0.295067705702, 0.0237743150369, 0.233912289351, 0.609407644366, 3.00576780169
0.609407644366, 0.994189867488, 0.459116313331, 0.663834664552, 0.0220081340597, 0.19706695091, 0.993171566597, 0.315916085752, 0.28154682414, 0.317154521422, 0.751221922616, 0.932494603481, 0.686903451674, 0.0904560903566, 0.230682739785, 0.408457894249, 0.377182662058, 0.468992292576, 0.00156872601854, 0.86918658826, 0.122944268921, 0.433652861772, 0.0633807441416, 0.835789051112, 0.639973937758, 0.868489609005, 0.0327305119335, 0.295067705702, 0.0237743150369, 0.233912289351, 0.609407644366, 3.00576780169
0.442004725537, 0.690154136278, 0.681485263376, 0.107591910764, 0.103797296716, 0.398625623738, 0.0418470586771, 0.0350029345118, 0.507770919146, 0.791817961021, 0.35146013812, 0.217517388701, 0.323431940295, 0.318411418611, 0.696914590524, 0.087780024132, 0.501492616259, 0.29982140444, 0.286589491296, 0.507664574303, 0.176734015751, 0.924998652528, 0.600629554287, 0.521435618516, 0.139614870389, 0.317841481822, 0.434516048823, 0.882367999448, 0.875394591128, 0.835863704012, 0.442004725537, 3.02443742294
0.442004725537, 0.690154136278, 0.681485263376, 0.107591910764, 0.103797296716, 0.398625623738, 0.0418470586771, 0.0350029345118, 0.507770919146, 0.791817961021, 0.35146013812, 0.217517388701, 0.323431940295, 0.318411418611, 0.696914590524, 0.087780024132, 0.501492616259, 0.29982140444, 0.286589491296, 0.507664574303, 0.176734015751, 0.924998652528, 0.600629554287, 0.521435618516, 0.139614870389, 0.317841481822, 0.434516048823, 0.882367999448, 0.875394591128, 0.835863704012, 0.442004725537, 3.02443742294
0.840197232727, 0.139809714296, 0.153795303267, 0.639811275536, 0.189738649158, 0.202110218086, 0.81442591508, 0.949167963439, 0.528777797611, 0.0425536657408, 0.680048777637, 0.983690486547, 0.514058774659, 0.44345287076, 0.350000569147, 0.543933369544, 0.385174555078, 0.0046429065609, 0.669166443102, 0.473178992983, 0.348191920332, 0.447281082175, 0.0312235960968, 0.281992795479, 0.32568916218, 0.37586711983, 0.0675381281847, 0.105491226898, 0.5283824587, 0.452193705825, 0.840197232727, 1.85082147413
0.840197232727, 0.139809714296, 0.153795303267, 0.639811275536, 0.189738649158, 0.202110218086, 0.81442591508, 0.949167963439, 0.528777797611, 0.0425536657408, 0.680048777637, 0.983690486547, 0.514058774659, 0.44345287076, 0.350000569147, 0.543933369544, 0.385174555078, 0.0046429065609, 0.669166443102, 0.473178992983, 0.348191920332, 0.447281082175, 0.0312235960968, 0.281992795479, 0.32568916218, 0.37586711983, 0.0675381281847, 0.105491226898, 0.5283824587, 0.452193705825, 0.840197232727, 1.85082147413
0.0323660329868, 0.105353226013, 0.522979759042, 0.0794297795973, 0.262367404827, 0.845247401084, 0.241617466906, 0.43289973613, 0.676149760096, 0.676560409951, 0.758751169334, 0.393282931355, 0.368750116396, 0.558361538862, 0.950401548475, 0.158474707499, 0.0398787354142, 0.440450129627, 0.306280925636, 0.742237702871, 0.101045462434, 0.570603041118, 0.0310932590235, 0.308139040564, 0.23854945456, 0.693733583676, 0.989822579059, 0.0156588895903, 0.149041426264, 0.761857080936, 0.0323660329868, 4.43028126751
0.0323660329868, 0.105353226013, 0.522979759042, 0.0794297795973, 0.262367404827, 0.845247401084, 0.241617466906, 0.43289973613, 0.676149760096, 0.676560409951, 0.758751169334, 0.393282931355, 0.368750116396, 0.558361538862, 0.950401548475, 0.158474707499, 0.0398787354142, 0.440450129627, 0.306280925636, 0.742237702871, 0.101045462434, 0.570603041118, 0.0310932590235, 0.308139040564, 0.23854945456, 0.693733583676, 0.989822579059, 0.0156588895903, 0.149041426264, 0.761857080936, 0.0323660329868, 4.43028126751
0.832307483551, 0.139809714296, 0.153795303267, 0.639811275536, 0.189738649158, 0.416190584762, 0.81442591508, 0.949167963439, 0.124214737919, 0.0425536657408, 0.680048777637, 0.664502806955, 0.514058774659, 0.44345287076, 0.350000569147, 0.543933369544, 0.385174555078, 0.0046429065609, 0.669166443102, 0.473178992983, 0.348191920332, 0.565294860634, 0.411391144675, 0.281992795479, 0.32568916218, 0.638717736421, 0.0675381281847, 0.870181743066, 0.5283824587, 0.452193705825, 0.832307483551, 2.20327527762
0.832307483551, 0.139809714296, 0.153795303267, 0.639811275536, 0.189738649158, 0.416190584762, 0.81442591508, 0.949167963439, 0.124214737919, 0.0425536657408, 0.680048777637, 0.664502806955, 0.514058774659, 0.44345287076, 0.350000569147, 0.543933369544, 0.385174555078, 0.0046429065609, 0.669166443102, 0.473178992983, 0.348191920332, 0.565294860634, 0.411391144675, 0.281992795479, 0.32568916218, 0.638717736421, 0.0675381281847, 0.870181743066, 0.5283824587, 0.452193705825, 0.832307483551, 2.20327527762
0.0105891891183, 0.730304191664, 0.650044003213, 0.492145842639, 0.822007925535, 0.363800360425, 0.343916499534, 0.464721776345, 0.666179648814, 0.442799740902, 0.85887551751, 0.455660440669, 0.410553811384, 0.790983713458, 0.370944467993, 0.338477971861, 0.365404556752, 0.648260632655, 0.361993389924, 0.312749082667, 0.406591231335, 0.167525149685, 0.937118270564, 0.322352725274, 0.530681041179, 0.998526653021, 0.158770707724, 0.631412190346, 0.89549140924, 0.188339225265, 0.0105891891183, 5.44545371455
0.0105891891183, 0.730304191664, 0.650044003213, 0.492145842639, 0.822007925535, 0.363800360425, 0.343916499534, 0.464721776345, 0.666179648814, 0.442799740902, 0.85887551751, 0.455660440669, 0.410553811384, 0.790983713458, 0.370944467993, 0.338477971861, 0.365404556752, 0.648260632655, 0.361993389924, 0.312749082667, 0.406591231335, 0.167525149685, 0.937118270564, 0.322352725274, 0.530681041179, 0.998526653021, 0.158770707724, 0.631412190346, 0.89549140924, 0.188339225265, 0.0105891891183, 5.44545371455
0.0221662296567, 0.113645889827, 0.559149859462, 0.327518478702, 0.77954818414, 0.267268495847, 0.447160156766, 0.0174753467961, 0.983088866301, 0.733175546887, 0.0583240567931, 0.0109616702961, 0.466506605338, 0.858382495947, 0.292686950796, 0.445236895007, 0.670120723634, 0.844429924021, 0.867394945576, 0.278139850642, 0.4156725977, 0.719652912924, 0.168951933089, 0.347308827519, 0.397912474871, 0.257504294192, 0.0357352732268, 0.275761430289, 0.895262317922, 0.980097537406, 0.0221662296567, 4.84049391377
0.0221662296567, 0.113645889827, 0.559149859462, 0.327518478702, 0.77954818414, 0.267268495847, 0.447160156766, 0.0174753467961, 0.983088866301, 0.733175546887, 0.0583240567931, 0.0109616702961, 0.466506605338, 0.858382495947, 0.292686950796, 0.445236895007, 0.670120723634, 0.844429924021, 0.867394945576, 0.278139850642, 0.4156725977, 0.719652912924, 0.168951933089, 0.347308827519, 0.397912474871, 0.257504294192, 0.0357352732268, 0.275761430289, 0.895262317922, 0.980097537406, 0.0221662296567, 4.84049391377
0.640680569649, 0.174485814093, 0.97730552405, 0.781769984743, 0.357145649485, 0.606273345688, 0.968056217391, 0.477081888468, 0.0541575354581, 0.843681623563, 0.886546034194, 0.256480780332, 0.642556346435, 0.748593559618, 0.191726397615, 0.261811164596, 0.0829509788118, 0.476444971925, 0.0719523160596, 0.703869266671, 0.545181863381, 0.226975215566, 0.171898782542, 0.041505239485, 0.110338504259, 0.484857048543, 0.00532947710507, 0.228452385637, 0.581207796789, 0.0405884459614, 0.640680569649, 2.37079382928
0.640680569649, 0.174485814093, 0.97730552405, 0.781769984743, 0.357145649485, 0.606273345688, 0.968056217391, 0.477081888468, 0.0541575354581, 0.843681623563, 0.886546034194, 0.256480780332, 0.642556346435, 0.748593559618, 0.191726397615, 0.261811164596, 0.0829509788118, 0.476444971925, 0.0719523160596, 0.703869266671, 0.545181863381, 0.226975215566, 0.171898782542, 0.041505239485, 0.110338504259, 0.484857048543, 0.00532947710507, 0.228452385637, 0.581207796789, 0.0405884459614, 0.640680569649, 2.37079382928
0.299322139651, 0.174485814093, 0.946320342942, 0.781769984743, 0.357145649485, 0.798696639776, 0.958964774639, 0.477081888468, 0.310404218797, 0.116629882165, 0.886546034194, 0.519896230921, 0.642556346435, 0.748593559618, 0.0769763014508, 0.261811164596, 0.591880833758, 0.406139660237, 0.0719523160596, 0.974581648799, 0.215292653411, 0.172296026261, 0.232197994617, 0.00562601273893, 0.110338504259, 0.00192994819754, 0.00532947710507, 0.228452385637, 0.581207796789, 0.0364179376365, 0.299322139651, 3.44500642533
0.299322139651, 0.174485814093, 0.946320342942, 0.781769984743, 0.357145649485, 0.798696639776, 0.958964774639, 0.477081888468, 0.310404218797, 0.116629882165, 0.886546034194, 0.519896230921, 0.642556346435, 0.748593559618, 0.0769763014508, 0.261811164596, 0.591880833758, 0.406139660237, 0.0719523160596, 0.974581648799, 0.215292653411, 0.172296026261, 0.232197994617, 0.00562601273893, 0.110338504259, 0.00192994819754, 0.00532947710507, 0.228452385637, 0.581207796789, 0.0364179376365, 0.299322139651, 3.44500642533
0.253291411631, 0.406580644353, 0.780290128912, 0.21276462889, 0.0850047184443, 0.460000501935, 0.448195665603, 0.642006248628, 0.325125522807, 0.224183212118, 0.750174871547, 0.178521148378, 0.168383142007, 0.830589868555, 0.00983972335209, 0.285357003557, 0.00256246866958, 0.276528406036, 0.889910037062, 0.218937501172, 0.759127284271, 0.121268493858, 0.536105282713, 0.997565444869, 0.0238801046097, 0.229728403767, 0.955591683446, 0.990786922072, 0.464694513587, 0.000335020388197, 0.253291411631, 3.45355883653
0.253291411631, 0.406580644353, 0.780290128912, 0.21276462889, 0.0850047184443, 0.460000501935, 0.448195665603, 0.642006248628, 0.325125522807, 0.224183212118, 0.750174871547, 0.178521148378, 0.168383142007, 0.830589868555, 0.00983972335209, 0.285357003557, 0.00256246866958, 0.276528406036, 0.889910037062, 0.218937501172, 0.759127284271, 0.121268493858, 0.536105282713, 0.997565444869, 0.0238801046097, 0.229728403767, 0.955591683446, 0.990786922072, 0.464694513587, 0.000335020388197, 0.253291411631, 3.45355883653
0.212086189017, 0.73106736051, 0.116140381128, 0.995806750638, 0.56242569538, 0.168455131923, 0.732753069161, 0.0907516310791, 0.445739026068, 0.629545612837, 0.792156723054, 0.445556399138, 0.451554184497, 0.240799133992, 0.908963181587, 0.00835998048052, 0.045627625282, 0.505317050774, 0.27886139524, 0.136412545474, 0.180103843511, 0.10983828717, 0.193002700849, 0.0345966430092, 0.531516723608, 0.514770857487, 0.322860666877, 0.458706171122, 0.849649004046, 0.0568555474622, 0.212086189017, 3.51654944701
0.212086189017, 0.73106736051, 0.116140381128, 0.995806750638, 0.56242569538, 0.168455131923, 0.732753069161, 0.0907516310791, 0.445739026068, 0.629545612837, 0.792156723054, 0.445556399138, 0.451554184497, 0.240799133992, 0.908963181587, 0.00835998048052, 0.045627625282, 0.505317050774, 0.27886139524, 0.136412545474, 0.180103843511, 0.10983828717, 0.193002700849, 0.0345966430092, 0.531516723608, 0.514770857487, 0.322860666877, 0.458706171122, 0.849649004046, 0.0568555474622, 0.212086189017, 3.51654944701
0.0371005248222, 0.107150961098, 0.245210359398, 0.819093357524, 0.153399107192, 0.214382366224, 0.3952896407, 0.505623947191, 0.18569366663, 0.727722570892, 0.735547758319, 0.227523748353, 0.023608167963, 0.356966271391, 0.972234647144, 0.154926364043, 0.42945710818, 0.798056022416, 0.455213991064, 0.929776909418, 0.0955887503547, 0.587228678405, 0.405481927088, 0.417303266053, 0.228028559139, 0.73149091324, 0.0744389540527, 0.112593268089, 0.861111052279, 0.061707177286, 0.0371005248222, 4.27490670252
0.0371005248222, 0.107150961098, 0.245210359398, 0.819093357524, 0.153399107192, 0.214382366224, 0.3952896407, 0.505623947191, 0.18569366663, 0.727722570892, 0.735547758319, 0.227523748353, 0.023608167963, 0.356966271391, 0.972234647144, 0.154926364043, 0.42945710818, 0.798056022416, 0.455213991064, 0.929776909418, 0.0955887503547, 0.587228678405, 0.405481927088, 0.417303266053, 0.228028559139, 0.73149091324, 0.0744389540527, 0.112593268089, 0.861111052279, 0.061707177286, 0.0371005248222, 4.27490670252
0.621104190431, 0.41825517577, 0.808519125345, 0.287198628041, 0.759309300167, 0.000375373800083, 0.69567682381, 0.860993536852, 0.507770919146, 0.367122208978, 0.172263525422, 0.610079516995, 0.866423401122, 0.0131530458337, 0.302165941654, 0.602813668383, 0.75327222972, 0.000916743134322, 0.14014081679, 0.0155906047467, 0.766029643888, 0.762945253573, 0.123956103884, 0.416462745911, 0.00428046838488, 0.111799358836, 0.424641249241, 0.665583025233, 0.952166624844, 0.614300617719, 0.621104190431, 2.8900774656
0.621104190431, 0.41825517577, 0.808519125345, 0.287198628041, 0.759309300167, 0.000375373800083, 0.69567682381, 0.860993536852, 0.507770919146, 0.367122208978, 0.172263525422, 0.610079516995, 0.866423401122, 0.0131530458337, 0.302165941654, 0.602813668383, 0.75327222972, 0.000916743134322, 0.14014081679, 0.0155906047467, 0.766029643888, 0.762945253573, 0.123956103884, 0.416462745911, 0.00428046838488, 0.111799358836, 0.424641249241, 0.665583025233, 0.952166624844, 0.614300617719, 0.621104190431, 2.8900774656
0.442004725537, 0.690154136278, 0.165029634049, 0.621573801463, 0.103797296716, 0.398625623738, 0.0418470586771, 0.18154480446, 0.930135843245, 0.791817961021, 0.35146013812, 0.217517388701, 0.302163039653, 0.318411418611, 0.755749313734, 0.087780024132, 0.500589757091, 0.29982140444, 0.286589491296, 0.507664574303, 0.175283705447, 0.9391964909, 0.432293267919, 0.521435618516, 0.139614870389, 0.317841481822, 0.434516048823, 0.937381380447, 0.648824390527, 0.612416913632, 0.442004725537, 3.03829384525
0.442004725537, 0.690154136278, 0.165029634049, 0.621573801463, 0.103797296716, 0.398625623738, 0.0418470586771, 0.18154480446, 0.930135843245, 0.791817961021, 0.35146013812, 0.217517388701, 0.302163039653, 0.318411418611, 0.755749313734, 0.087780024132, 0.500589757091, 0.29982140444, 0.286589491296, 0.507664574303, 0.175283705447, 0.9391964909, 0.432293267919, 0.521435618516, 0.139614870389, 0.317841481822, 0.434516048823, 0.937381380447, 0.648824390527, 0.612416913632, 0.442004725537, 3.03829384525
0.840197232727, 0.139809714296, 0.153795303267, 0.639811275536, 0.189738649158, 0.0491638618621, 0.81442591508, 0.949167963439, 0.124214737919, 0.0425536657408, 0.680048777637, 0.983690486547, 0.514058774659, 0.44345287076, 0.350000569147, 0.543933369544, 0.385174555078, 0.0046429065609, 0.669166443102, 0.473178992983, 0.348191920332, 0.283434858933, 0.411391144675, 0.281992795479, 0.32568916218, 0.763320915734, 0.0675381281847, 0.870181743066, 0.5283824587, 0.452193705825, 0.840197232727, 2.04955733531
0.840197232727, 0.139809714296, 0.153795303267, 0.639811275536, 0.189738649158, 0.0491638618621, 0.81442591508, 0.949167963439, 0.124214737919, 0.0425536657408, 0.680048777637, 0.983690486547, 0.514058774659, 0.44345287076, 0.350000569147, 0.543933369544, 0.385174555078, 0.0046429065609, 0.669166443102, 0.473178992983, 0.348191920332, 0.283434858933, 0.411391144675, 0.281992795479, 0.32568916218, 0.763320915734, 0.0675381281847, 0.870181743066, 0.5283824587, 0.452193705825, 0.840197232727, 2.04955733531
0.852544120008, 0.916256275078, 0.564038258795, 0.00893930268648, 0.387327055422, 0.131856758382, 0.293143246221, 0.198224788813, 0.0571792729298, 0.883303818823, 0.284013689469, 0.272096948965, 0.660726464555, 0.183376251577, 0.920666560309, 0.181827672708, 0.169116250963, 0.564629748975, 0.65083654755, 0.787120082635, 0.778571722811, 0.896346638883, 0.20632754792, 0.0740371891406, 0.0428870495101, 0.691101936061, 0.262193824372, 0.0290727674186, 0.932742101634, 0.269183578958, 0.852544120008, 1.94016738237
0.852544120008, 0.916256275078, 0.564038258795, 0.00893930268648, 0.387327055422, 0.131856758382, 0.293143246221, 0.198224788813, 0.0571792729298, 0.883303818823, 0.284013689469, 0.272096948965, 0.660726464555, 0.183376251577, 0.920666560309, 0.181827672708, 0.169116250963, 0.564629748975, 0.65083654755, 0.787120082635, 0.778571722811, 0.896346638883, 0.20632754792, 0.0740371891406, 0.0428870495101, 0.691101936061, 0.262193824372, 0.0290727674186, 0.932742101634, 0.269183578958, 0.852544120008, 1.94016738237
0.885763924326, 0.107150961098, 0.245210359398, 0.190479886286, 0.153399107192, 0.214382366224, 0.3952896407, 0.505623947191, 0.18569366663, 0.62632049824, 0.735547758319, 0.227523748353, 0.023608167963, 0.356966271391, 0.824481595142, 0.154926364043, 0.42945710818, 0.798056022416, 0.455213991064, 0.929776909418, 0.0955887503547, 0.587228678405, 0.405481927088, 0.417303266053, 0.228028559139, 0.331456487983, 0.0744389540527, 0.112593268089, 0.373601098996, 0.0788704703176, 0.885763924326, 1.87680988209
0.885763924326, 0.107150961098, 0.245210359398, 0.190479886286, 0.153399107192, 0.214382366224, 0.3952896407, 0.505623947191, 0.18569366663, 0.62632049824, 0.735547758319, 0.227523748353, 0.023608167963, 0.356966271391, 0.824481595142, 0.154926364043, 0.42945710818, 0.798056022416, 0.455213991064, 0.929776909418, 0.0955887503547, 0.587228678405, 0.405481927088, 0.417303266053, 0.228028559139, 0.331456487983, 0.0744389540527, 0.112593268089, 0.373601098996, 0.0788704703176, 0.885763924326, 1.87680988209
0.0323660329868, 0.303440955244, 0.522979759042, 0.0794297795973, 0.618538105671, 0.700446358127, 0.256314172392, 0.43289973613, 0.80236561834, 0.753456579472, 0.792285554463, 0.130733826512, 0.246469371838, 0.360130442034, 0.597505458661, 0.158474707499, 0.0651349497702, 0.440450129627, 0.306280925636, 0.742237702871, 0.626513112394, 0.570603041118, 0.0310932590235, 0.308139040564, 0.0105313942969, 0.693733583676, 0.989822579059, 0.0156588895903, 0.149041426264, 0.761857080936, 0.0323660329868, 4.44443591212
0.0323660329868, 0.303440955244, 0.522979759042, 0.0794297795973, 0.618538105671, 0.700446358127, 0.256314172392, 0.43289973613, 0.80236561834, 0.753456579472, 0.792285554463, 0.130733826512, 0.246469371838, 0.360130442034, 0.597505458661, 0.158474707499, 0.0651349497702, 0.440450129627, 0.306280925636, 0.742237702871, 0.626513112394, 0.570603041118, 0.0310932590235, 0.308139040564, 0.0105313942969, 0.693733583676, 0.989822579059, 0.0156588895903, 0.149041426264, 0.761857080936, 0.0323660329868, 4.44443591212
0.0105891891183, 0.858135452246, 0.650044003213, 0.492145842639, 0.822007925535, 0.363800360425, 0.771274596303, 0.464721776345, 0.666179648814, 0.442799740902, 0.85887551751, 0.455660440669, 0.410553811384, 0.790983713458, 0.370944467993, 0.338477971861, 0.365404556752, 0.648260632655, 0.361993389924, 0.312749082667, 0.406591231335, 0.167525149685, 0.937118270564, 0.322352725274, 0.530681041179, 0.998526653021, 0.158770707724, 0.631412190346, 0.89549140924, 0.188339225265, 0.0105891891183, 5.61406653195
0.0105891891183, 0.858135452246, 0.650044003213, 0.492145842639, 0.822007925535, 0.363800360425, 0.771274596303, 0.464721776345, 0.666179648814, 0.442799740902, 0.85887551751, 0.455660440669, 0.410553811384, 0.790983713458, 0.370944467993, 0.338477971861, 0.365404556752, 0.648260632655, 0.361993389924, 0.312749082667, 0.406591231335, 0.167525149685, 0.937118270564, 0.322352725274, 0.530681041179, 0.998526653021, 0.158770707724, 0.631412190346, 0.89549140924, 0.188339225265, 0.0105891891183, 5.61406653195
0.852544120008, 0.916256275078, 0.564038258795, 0.00132391060479, 0.387327055422, 0.560117019416, 0.293143246221, 0.198224788813, 0.0571792729298, 0.883303818823, 0.284013689469, 0.272096948965, 0.660726464555, 0.183376251577, 0.920666560309, 0.181827672708, 0.169116250963, 0.564629748975, 0.528867301268, 0.787120082635, 0.778571722811, 0.466040988895, 0.20632754792, 0.21504439771, 0.0428870495101, 0.691101936061, 0.262193824372, 0.0290727674186, 0.932742101634, 0.269183578958, 0.852544120008, 1.94246544482
0.852544120008, 0.916256275078, 0.564038258795, 0.00132391060479, 0.387327055422, 0.560117019416, 0.293143246221, 0.198224788813, 0.0571792729298, 0.883303818823, 0.284013689469, 0.272096948965, 0.660726464555, 0.183376251577, 0.920666560309, 0.181827672708, 0.169116250963, 0.564629748975, 0.528867301268, 0.787120082635, 0.778571722811, 0.466040988895, 0.20632754792, 0.21504439771, 0.0428870495101, 0.691101936061, 0.262193824372, 0.0290727674186, 0.932742101634, 0.269183578958, 0.852544120008, 1.94246544482
0.640680569649, 0.174485814093, 0.946320342942, 0.781769984743, 0.357145649485, 0.798696639776, 0.958964774639, 0.477081888468, 0.310404218797, 0.116629882165, 0.766073465566, 0.519896230921, 0.642556346435, 0.210076394609, 0.0769763014508, 0.276690423029, 0.591880833758, 0.406139660237, 0.0719523160596, 0.974581648799, 0.920621455057, 0.172296026261, 0.171898782542, 0.00562601273893, 0.514008920933, 0.00192994819754, 0.00532947710507, 0.228452385637, 0.581207796789, 0.0364179376365, 0.640680569649, 2.39533439781
0.0371005248222, 0.234188541864, 0.245210359398, 0.814428734227, 0.153399107192, 0.185095408288, 0.3952896407, 0.505623947191, 0.18569366663, 0.727722570892, 0.735547758319, 0.227523748353, 0.665176525769, 0.765318186729, 0.824481595142, 0.336734252059, 0.293621213285, 0.798056022416, 0.20206654053, 0.929776909418, 0.0955887503547, 0.0844986349745, 0.405481927088, 0.417303266053, 0.228028559139, 0.331456487983, 0.210364873746, 0.0898847680382, 0.852961737021, 0.0788704703176, 0.0371005248222, 4.27714446265
0.212086189017, 0.73106736051, 0.116140381128, 0.995806750638, 0.56242569538, 0.421822680522, 0.439882292028, 0.39982104085, 0.445739026068, 0.715762695833, 0.792156723054, 0.445556399138, 0.742591135042, 0.318205000004, 0.908963181587, 0.00835998048052, 0.045627625282, 0.505317050774, 0.27886139524, 0.169807586544, 0.180103843511, 0.140842833202, 0.193002700849, 0.191885654317, 0.531516723608, 0.514770857487, 0.322860666877, 0.257054921342, 0.686454724006, 0.235012173615, 0.212086189017, 3.72713954838
0.442004725537, 0.690154136278, 0.165029634049, 0.5106278967, 0.103797296716, 0.398625623738, 0.0418470586771, 0.18154480446, 0.930135843245, 0.958347021463, 0.13050151339, 0.217517388701, 0.302163039653, 0.318411418611, 0.696914590524, 0.087780024132, 0.500589757091, 0.29982140444, 0.286589491296, 0.507664574303, 0.175283705447, 0.924998652528, 0.432293267919, 0.521435618516, 0.469670023168, 0.317841481822, 0.434516048823, 0.882367999448, 0.648824390527, 0.999317761568, 0.442004725537, 3.15021542507
0.253291411631, 0.406580644353, 0.780290128912, 0.21276462889, 0.125119845346, 0.460000501935, 0.448195665603, 0.642006248628, 0.325125522807, 0.224183212118, 0.750174871547, 0.178521148378, 0.168383142007, 0.830589868555, 0.00983972335209, 0.285357003557, 0.00256246866958, 0.276528406036, 0.889910037062, 0.218937501172, 0.759127284271, 0.121268493858, 0.536105282713, 0.998631113171, 0.0238801046097, 0.229728403767, 0.955591683446, 0.990786922072, 0.464694513587, 0.00137717742543, 0.253291411631, 3.46515991581
0.447977724024, 0.622125045318, 0.733287200923, 0.345106543184, 0.873780075157, 0.237583482795, 0.160868965145, 0.0843553002679, 0.00747133212457, 0.320357672598, 0.748607896789, 0.116776432262, 0.00801164231742, 0.589887051186, 0.965961758259, 0.493266234392, 0.0765453365896, 0.981659434567, 0.259732262405, 0.209169787704, 0.649891252781, 0.0242005880204, 0.606140506014, 0.451740397381, 0.0139031302618, 0.53576915541, 0.679370372839, 0.432730205809, 0.697025073599, 0.935909644607, 0.447977724024, 3.04900273628
0.621104190431, 0.41825517577, 0.808519125345, 0.287198628041, 0.759309300167, 0.0130766444412, 0.69567682381, 0.860993536852, 0.507770919146, 0.367122208978, 0.172263525422, 0.610079516995, 0.866423401122, 0.0131530458337, 0.302165941654, 0.602813668383, 0.913509361826, 0.000916743134322, 0.442564641955, 0.0094893109943, 0.576528263023, 0.833832203068, 0.123956103884, 0.416462745911, 0.00428046838488, 0.111799358836, 0.424641249241, 0.665583025233, 0.971998720669, 0.614300617719, 0.621104190431, 2.98499022087
0.827121204563, 0.690154136278, 0.681485263376, 0.621573801463, 0.103797296716, 0.0947792097944, 0.0418470586771, 0.18154480446, 0.930135843245, 0.942854997694, 0.35146013812, 0.217517388701, 0.302163039653, 0.318411418611, 0.696914590524, 0.087780024132, 0.501492616259, 0.29982140444, 0.286589491296, 0.507664574303, 0.175283705447, 0.924998652528, 0.600629554287, 0.521435618516, 0.139614870389, 0.137472384645, 0.434516048823, 0.882367999448, 0.544445238708, 0.835863704012, 0.827121204563, 2.38486961192
