0.113501064351, 1.53073232982, 1.96186950758, -1.3813745177, -0.543209577283, -3.78361004819, -0.146438321361, -0.258582290046, 0.544239383082, -1.81499206582, 0.113501064351, 109.967242444
0.113501064351, 1.53073232982, 1.96186950758, -1.3813745177, -0.543209577283, -3.78361004819, -0.146438321361, -0.258582290046, 0.544239383082, -1.81499206582, 0.113501064351, 109.967242444
0.0126714747808, 2.77748441013, 3.45646816451, -3.15043934376, -2.40259925425, 0.337132142206, -2.32674794302, -3.29246940303, -3.95969737659, -1.3323920749, 0.0126714747808, 176.040445367
0.0126714747808, 2.77748441013, 3.45646816451, -3.15043934376, -2.40259925425, 0.337132142206, -2.32674794302, -3.29246940303, -3.95969737659, -1.3323920749, 0.0126714747808, 176.040445367
0.0373777093606, 0.125079050229, 2.56338474146, -2.25190214093, 2.08111949802, 3.34677984374, -0.352491279486, -1.86752408945, -1.05421679534, 2.23654199804, 0.0373777093606, 134.982382855
0.0373777093606, 0.125079050229, 2.56338474146, -2.25190214093, 2.08111949802, 3.34677984374, -0.352491279486, -1.86752408945, -1.05421679534, 2.23654199804, 0.0373777093606, 134.982382855
0.00300961385543, -2.77577232077, -1.23718158005, 1.19004690784, -4.03990173404, -3.58251381272, -1.71226711143, -4.21290287171, 0.125334603258, -1.87224539463, 0.00300961385543, 186.012644379
0.00300961385543, -2.77577232077, -1.23718158005, 1.19004690784, -4.03990173404, -3.58251381272, -1.71226711143, -4.21290287171, 0.125334603258, -1.87224539463, 0.00300961385543, 186.012644379
0.0277577001963, -0.536547027061, 4.44077847033, -0.46343961427, 4.51465848369, -1.49411991845, 3.90322709084, 3.36404863844, 3.70512105445, 4.8905206869, 0.0277577001963, 157.360163783
0.0277577001963, -0.536547027061, 4.44077847033, -0.46343961427, 4.51465848369, -1.49411991845, 3.90322709084, 3.36404863844, 3.70512105445, 4.8905206869, 0.0277577001963, 157.360163783
0.0907704763261, -0.109536537581, -4.35160775871, -0.141463405445, -0.153637406897, 1.85657580204, 3.43049576967, -2.58333481063, -0.105634820999, -0.950352522049, 0.0907704763261, 119.684191189
0.0907704763261, -0.109536537581, -4.35160775871, -0.141463405445, -0.153637406897, 1.85657580204, 3.43049576967, -2.58333481063, -0.105634820999, -0.950352522049, 0.0907704763261, 119.684191189
0.329062546859, 0.436163156091, 2.94393299731, 1.93300397909, -0.0498099046338, 4.99566070836, -1.03164763475, 4.72182546818, -0.42997295364, -0.979855947253, 0.329062546859, 97.8435986808
0.329062546859, 0.436163156091, 2.94393299731, 1.93300397909, -0.0498099046338, 4.99566070836, -1.03164763475, 4.72182546818, -0.42997295364, -0.979855947253, 0.329062546859, 97.8435986808
0.218605316166, -2.4852484516, -4.42603406241, 4.91311203964, 0.0212555607405, 1.1162160804, 1.16715955614, -0.934140158914, 2.34919693002, 1.4770126318, 0.218605316166, 112.807177336
0.218605316166, -2.4852484516, -4.42603406241, 4.91311203964, 0.0212555607405, 1.1162160804, 1.16715955614, -0.934140158914, 2.34919693002, 1.4770126318, 0.218605316166, 112.807177336
0.0759147135892, 4.31504656621, 0.0435352498459, -1.55767131244, -3.0366765715, 3.2918522284, 3.55277406092, -3.51056960087, -3.06062466825, -3.59630629851, 0.0759147135892, 141.302372514
0.0759147135892, 4.31504656621, 0.0435352498459, -1.55767131244, -3.0366765715, 3.2918522284, 3.55277406092, -3.51056960087, -3.06062466825, -3.59630629851, 0.0759147135892, 141.302372514
0.0657059351012, -4.99701396323, 0.147934383113, -4.16323528172, -2.77623551845, 4.08800638866, -3.41704462582, -0.560213387598, -1.54415696262, -2.18914171841, 0.0657059351012, 165.763785949
0.0657059351012, -4.99701396323, 0.147934383113, -4.16323528172, -2.77623551845, 4.08800638866, -3.41704462582, -0.560213387598, -1.54415696262, -2.18914171841, 0.0657059351012, 165.763785949
0.0352737764321, 3.94678951443, 3.09214096899, 2.73765402545, 1.99999487122, 2.36642644436, 4.68408414853, 1.74174643545, 3.39260998296, 1.4480390391, 0.0352737764321, 167.479539985
0.0352737764321, 3.94678951443, 3.09214096899, 2.73765402545, 1.99999487122, 2.36642644436, 4.68408414853, 1.74174643545, 3.39260998296, 1.4480390391, 0.0352737764321, 167.479539985
0.121722757693, 0.931647374445, -1.34726568342, -1.9295589714, 1.08819216526, -1.47145389991, -3.19914265028, -3.49883066426, -4.8520133285, -2.28480479398, 0.121722757693, 138.654504613
0.121722757693, 0.931647374445, -1.34726568342, -1.9295589714, 1.08819216526, -1.47145389991, -3.19914265028, -3.49883066426, -4.8520133285, -2.28480479398, 0.121722757693, 138.654504613
0.163896628251, -2.48635508837, 3.4033115634, 0.68879305232, 1.26323273188, 2.08949827783, -1.4269710986, -0.523258495326, -1.75805349202, -3.41177231099, 0.163896628251, 121.47554134
0.163896628251, -2.48635508837, 3.4033115634, 0.68879305232, 1.26323273188, 2.08949827783, -1.4269710986, -0.523258495326, -1.75805349202, -3.41177231099, 0.163896628251, 121.47554134
0.594211368904, -0.0670607723128, -3.50373372917, 1.95036445536, -0.0595350155357, -2.27156009219, -0.60446318104, -4.61024556217, -2.02689731928, -3.12554435152, 0.594211368904, 111.525789545
0.594211368904, -0.0670607723128, -3.50373372917, 1.95036445536, -0.0595350155357, -2.27156009219, -0.60446318104, -4.61024556217, -2.02689731928, -3.12554435152, 0.594211368904, 111.525789545
0.232997154297, 2.45636874252, 0.470199915846, -1.27743736938, -1.58479473967, -3.36288074121, 0.624399479405, 3.63184762031, -2.46499569784, -1.3700525204, 0.232997154297, 114.844685599
0.232997154297, 2.45636874252, 0.470199915846, -1.27743736938, -1.58479473967, -3.36288074121, 0.624399479405, 3.63184762031, -2.46499569784, -1.3700525204, 0.232997154297, 114.844685599
0.0855769535073, -1.40769894872, -4.54178911769, 0.345394444139, 3.14648139854, 3.89734866892, 2.26780760126, -0.619583054662, 2.08340127295, 4.44482820797, 0.0855769535073, 155.712072378
0.0855769535073, -1.40769894872, -4.54178911769, 0.345394444139, 3.14648139854, 3.89734866892, 2.26780760126, -0.619583054662, 2.08340127295, 4.44482820797, 0.0855769535073, 155.712072378
0.0510553554542, 2.61456599771, -3.45744895049, 3.2480782036, -1.83801766408, 1.62473204947, 3.19936429294, 2.68098386933, 2.65554417527, -3.24368688055, 0.0510553554542, 194.113940605
0.0510553554542, 2.61456599771, -3.45744895049, 3.2480782036, -1.83801766408, 1.62473204947, 3.19936429294, 2.68098386933, 2.65554417527, -3.24368688055, 0.0510553554542, 194.113940605
0.06331350074, -4.6119289681, 0.042236736832, -1.81240346743, 1.16565877314, 1.42403004586, -3.28396017547, 2.81473983279, -0.0951541575691, 3.80385326638, 0.06331350074, 168.165296564
0.06331350074, -4.6119289681, 0.042236736832, -1.81240346743, 1.16565877314, 1.42403004586, -3.28396017547, 2.81473983279, -0.0951541575691, 3.80385326638, 0.06331350074, 168.165296564
0.134719772207, -2.20302408543, 4.36612982591, -3.4069804889, -0.963703633712, -2.63236716336, 2.06180166902, -4.31521831842, 3.48425088004, -0.108635929028, 0.134719772207, 154.706988435
0.134719772207, -2.20302408543, 4.36612982591, -3.4069804889, -0.963703633712, -2.63236716336, 2.06180166902, -4.31521831842, 3.48425088004, -0.108635929028, 0.134719772207, 154.706988435
0.153586555409, -2.91828188358, 3.47213904816, -4.01643924255, -2.96940263006, 4.45804075133, 0.891502498882, 4.58798137906, 0.0674631023796, 4.27528742467, 0.153586555409, 150.592954149
0.153586555409, -2.91828188358, 3.47213904816, -4.01643924255, -2.96940263006, 4.45804075133, 0.891502498882, 4.58798137906, 0.0674631023796, 4.27528742467, 0.153586555409, 150.592954149
0.223592586193, -0.95705117002, 0.509075571177, -2.04272009211, 3.4392554644, -1.43471426892, -4.00589508214, 3.72719656289, 2.23913695713, 1.30096031329, 0.223592586193, 123.273494764
0.223592586193, -0.95705117002, 0.509075571177, -2.04272009211, 3.4392554644, -1.43471426892, -4.00589508214, 3.72719656289, 2.23913695713, 1.30096031329, 0.223592586193, 123.273494764
0.994791610357, 1.60484815113, -0.144243674437, 1.58039198565, 0.660969460401, 0.917811556328, 2.92571178699, 1.36054176043, 3.41130118138, 3.58839623016, 0.994791610357, 113.117772606
0.994791610357, 1.60484815113, -0.144243674437, 1.58039198565, 0.660969460401, 0.917811556328, 2.92571178699, 1.36054176043, 3.41130118138, 3.58839623016, 0.994791610357, 113.117772606
0.373232309165, 1.93057438058, 0.703744315693, -3.32060519999, -2.05710460391, 0.956203068526, -0.853937350957, 1.36837281367, -2.04520905922, 2.75069233971, 0.373232309165, 122.949057178
0.373232309165, 1.93057438058, 0.703744315693, -3.32060519999, -2.05710460391, 0.956203068526, -0.853937350957, 1.36837281367, -2.04520905922, 2.75069233971, 0.373232309165, 122.949057178
0.803130614407, 1.22770116766, -1.66261054831, 2.03652034926, -3.55063935616, -2.90685739962, -4.07197600736, 2.4618821498, -1.87137456244, -1.4275747737, 0.803130614407, 121.172796558
0.803130614407, 1.22770116766, -1.66261054831, 2.03652034926, -3.55063935616, -2.90685739962, -4.07197600736, 2.4618821498, -1.87137456244, -1.4275747737, 0.803130614407, 121.172796558
0.706126109513, 0.876639659663, 2.60272515658, -3.7983495687, -0.499359459989, -2.15817353701, 2.36309340668, 2.92278312276, -2.0919646682, -1.54234132775, 0.706126109513, 121.235749664
0.706126109513, 0.876639659663, 2.60272515658, -3.7983495687, -0.499359459989, -2.15817353701, 2.36309340668, 2.92278312276, -2.0919646682, -1.54234132775, 0.706126109513, 121.235749664
0.083093520307, 2.23357277343, -0.37439761998, -4.90027890368, -0.161943577885, -0.115295161987, 3.8486853488, 1.67437142696, -0.741057583741, 3.81529103374, 0.083093520307, 188.7199342
0.083093520307, 2.23357277343, -0.37439761998, -4.90027890368, -0.161943577885, -0.115295161987, 3.8486853488, 1.67437142696, -0.741057583741, 3.81529103374, 0.083093520307, 188.7199342
0.164754293129, 4.01483502296, -3.53528515432, 2.42203691078, 0.458335904315, 4.95613205405, 3.72893497315, 3.09191226341, 1.60562704525, 3.21732580387, 0.164754293129, 157.41014477
0.164754293129, 4.01483502296, -3.53528515432, 2.42203691078, 0.458335904315, 4.95613205405, 3.72893497315, 3.09191226341, 1.60562704525, 3.21732580387, 0.164754293129, 157.41014477
0.362822643543, 3.58957650457, -1.38824189465, -3.80083507722, 0.340689545735, -0.427585021764, 0.95668634001, -0.837134036191, 2.13112848374, -2.12107281919, 0.362822643543, 127.62268541
0.362822643543, 3.58957650457, -1.38824189465, -3.80083507722, 0.340689545735, -0.427585021764, 0.95668634001, -0.837134036191, 2.13112848374, -2.12107281919, 0.362822643543, 127.62268541
0.233041897302, 1.57474480774, 3.55899154747, -4.60282072775, -0.26583192736, 1.53037560554, -2.86491627486, -0.639588779574, 0.0200964126258, 2.19648387308, 0.233041897302, 128.904553457
0.233041897302, 1.57474480774, 3.55899154747, -4.60282072775, -0.26583192736, 1.53037560554, -2.86491627486, -0.639588779574, 0.0200964126258, 2.19648387308, 0.233041897302, 128.904553457
0.554545246194, -0.948368671046, 1.14446245942, -4.99460943803, -3.50349224361, 1.10448644145, -0.726759600863, -0.207688860223, 1.00982360259, -3.59745714391, 0.554545246194, 122.996258891
0.554545246194, -0.948368671046, 1.14446245942, -4.99460943803, -3.50349224361, 1.10448644145, -0.726759600863, -0.207688860223, 1.00982360259, -3.59745714391, 0.554545246194, 122.996258891
0.112616783181, 4.94839235511, -4.77094820508, -3.84400133764, -3.98990758739, -0.399682032732, 2.7627410523, -3.93567296881, 4.53406245331, -2.82008502123, 0.112616783181, 213.481753815
0.112616783181, 4.94839235511, -4.77094820508, -3.84400133764, -3.98990758739, -0.399682032732, 2.7627410523, -3.93567296881, 4.53406245331, -2.82008502123, 0.112616783181, 213.481753815
0.144318412837, -0.648389345273, 4.81065826924, -0.735862823179, -2.2591665269, 3.59834277439, -0.102583160899, -4.36716785796, -1.32289518001, -4.97594256552, 0.144318412837, 200.113543243
0.144318412837, -0.648389345273, 4.81065826924, -0.735862823179, -2.2591665269, 3.59834277439, -0.102583160899, -4.36716785796, -1.32289518001, -4.97594256552, 0.144318412837, 200.113543243
0.173683686637, 1.96334542706, 3.32503556107, 2.64371798313, 4.5826537707, -1.75253055122, 0.913635186383, -4.33660693662, 0.155874115595, -2.59922181029, 0.173683686637, 168.134223518
0.173683686637, 1.96334542706, 3.32503556107, 2.64371798313, 4.5826537707, -1.75253055122, 0.913635186383, -4.33660693662, 0.155874115595, -2.59922181029, 0.173683686637, 168.134223518
0.186915531986, 4.84775978723, -2.03434927402, -3.01182537612, -3.21987274016, 3.4187432447, -4.44722909512, -0.482360745397, -3.80627367642, -0.350498698479, 0.186915531986, 165.835041961
0.186915531986, 4.84775978723, -2.03434927402, -3.01182537612, -3.21987274016, 3.4187432447, -4.44722909512, -0.482360745397, -3.80627367642, -0.350498698479, 0.186915531986, 165.835041961
0.243284983931, 4.5936465541, -1.72574115282, -3.37159192444, 3.46719144171, -1.89786882099, -2.91939918801, -0.419943170746, -1.82692306975, 2.96224619814, 0.243284983931, 143.152374907
0.243284983931, 4.5936465541, -1.72574115282, -3.37159192444, 3.46719144171, -1.89786882099, -2.91939918801, -0.419943170746, -1.82692306975, 2.96224619814, 0.243284983931, 143.152374907
0.436711838201, -4.10113922422, -1.98178235916, -1.49302729174, -4.54659511862, 2.12025207539, -0.218751901441, 0.884540175046, 3.18923999535, 3.4760745051, 0.436711838201, 136.356685722
0.436711838201, -4.10113922422, -1.98178235916, -1.49302729174, -4.54659511862, 2.12025207539, -0.218751901441, 0.884540175046, 3.18923999535, 3.4760745051, 0.436711838201, 136.356685722
0.58312356781, -3.40983107149, -2.33350116131, -1.33929244772, 1.43280041026, -1.13063891692, -2.03763688357, -0.251559370388, -3.1169372844, 1.09324482132, 0.58312356781, 123.666941935
0.58312356781, -3.40983107149, -2.33350116131, -1.33929244772, 1.43280041026, -1.13063891692, -2.03763688357, -0.251559370388, -3.1169372844, 1.09324482132, 0.58312356781, 123.666941935
0.190929514765, -3.19355602663, -1.39297005159, -4.19074086297, 4.79727646194, -2.19678866147, 0.958929468269, 4.59266577321, 0.211607117757, 0.585747502257, 0.190929514765, 191.250042492
0.190929514765, -3.19355602663, -1.39297005159, -4.19074086297, 4.79727646194, -2.19678866147, 0.958929468269, 4.59266577321, 0.211607117757, 0.585747502257, 0.190929514765, 191.250042492
0.222383977932, -2.30383637938, 2.99217438127, -0.899818638504, 3.5945022037, 4.73156358949, -2.64635122478, 2.4091460257, -2.27242064049, 3.93403199381, 0.222383977932, 176.936764569
0.222383977932, -2.30383637938, 2.99217438127, -0.899818638504, 3.5945022037, 4.73156358949, -2.64635122478, 2.4091460257, -2.27242064049, 3.93403199381, 0.222383977932, 176.936764569
0.2260693101, 3.84942185212, 0.490474215026, 0.513521712436, -2.71992172623, 4.20779361227, -4.16824294262, -0.380802408546, 1.59791115091, 2.70076506012, 0.2260693101, 169.336899342
0.2260693101, 3.84942185212, 0.490474215026, 0.513521712436, -2.71992172623, 4.20779361227, -4.16824294262, -0.380802408546, 1.59791115091, 2.70076506012, 0.2260693101, 169.336899342
0.276911616141, -0.150266907373, 3.19515737679, -2.52796940878, -3.20911984338, 1.60098133447, 1.55364747197, -2.25769979724, 0.742377643676, 3.26221802907, 0.276911616141, 168.352698272
0.276911616141, -0.150266907373, 3.19515737679, -2.52796940878, -3.20911984338, 1.60098133447, 1.55364747197, -2.25769979724, 0.742377643676, 3.26221802907, 0.276911616141, 168.352698272
0.300709045009, -3.39635887616, -0.591183118368, -4.06108109682, 4.46270384228, -0.227587554214, 2.14194409456, -0.541845063135, 1.81508378426, 0.264331752445, 0.300709045009, 144.443773402
0.300709045009, -3.39635887616, -0.591183118368, -4.06108109682, 4.46270384228, -0.227587554214, 2.14194409456, -0.541845063135, 1.81508378426, 0.264331752445, 0.300709045009, 144.443773402
0.521328733337, 0.687272573804, 0.480571892763, 0.837560977875, -3.45451477562, -2.51901296088, -1.19163388633, 1.07798272684, -4.36116928111, 3.851331045, 0.521328733337, 137.388660964
0.521328733337, 0.687272573804, 0.480571892763, 0.837560977875, -3.45451477562, -2.51901296088, -1.19163388633, 1.07798272684, -4.36116928111, 3.851331045, 0.521328733337, 137.388660964
0.608816468375, 1.72853893805, 0.0942935839219, 3.40402894489, 3.27366183014, 0.908398351008, 3.58985371638, 0.520894537371, -3.43708397146, -0.0970155025309, 0.608816468375, 125.488039218
0.608816468375, 1.72853893805, 0.0942935839219, 3.40402894489, 3.27366183014, 0.908398351008, 3.58985371638, 0.520894537371, -3.43708397146, -0.0970155025309, 0.608816468375, 125.488039218
0.247576906872, 3.72341581466, -1.70682335036, -4.59469127753, -0.998029946273, -2.29962320238, 1.38939731638, 2.21602557673, -3.37391645499, -4.38023898348, 0.247576906872, 191.779257979
0.247576906872, 3.72341581466, -1.70682335036, -4.59469127753, -0.998029946273, -2.29962320238, 1.38939731638, 2.21602557673, -3.37391645499, -4.38023898348, 0.247576906872, 191.779257979
0.515969472593, 0.882273185782, -0.958678726429, 2.77703259822, 1.90408203578, -4.94929173374, 0.232400365911, -4.52387211157, -2.46252327372, 2.30565500705, 0.515969472593, 147.594802897
0.330427153673, -4.51305292962, 2.89541783543, 2.63915313946, -0.217200479754, -3.06282485858, 2.71843192751, -4.47729919558, 1.9264881883, -2.56611092625, 0.330427153673, 152.218412439
0.322926870514, -3.91048280973, 4.56071835206, -3.41756089982, 3.66699773793, -3.69254607728, -1.39660706935, -1.07070773054, -4.87440864858, 3.5556548956, 0.322926870514, 184.690590421
0.391834560443, 2.57806861783, -0.838094708664, -1.55559713905, -2.67558615111, 4.79538831662, 3.97627174775, 3.53145068556, -2.10576002484, -0.151309178073, 0.391834560443, 151.334129501
0.515969472593, 0.882273185782, -0.958678726429, 2.77703259822, 1.90408203578, -4.94929173374, 0.232400365911, -4.52387211157, -2.46252327372, 2.30565500705, 0.515969472593, 147.594802897
0.391834560443, 2.57806861783, -0.838094708664, -1.55559713905, -2.67558615111, 4.79538831662, 3.97627174775, 3.53145068556, -2.10576002484, -0.151309178073, 0.391834560443, 151.334129501
0.297895554375, -2.47541236067, 0.922289632429, 4.18009443905, 3.87101779577, 4.97042589606, 4.15340460222, -2.97851056853, 2.11619857375, 4.67500860225, 0.297895554375, 188.669551382
0.297895554375, -2.47541236067, 0.922289632429, 4.18009443905, 3.87101779577, 4.97042589606, 4.15340460222, -2.97851056853, 2.11619857375, 4.67500860225, 0.297895554375, 188.669551382
0.322926870514, -3.91048280973, 4.56071835206, -3.41756089982, 3.66699773793, -3.69254607728, -1.39660706935, -1.07070773054, -4.87440864858, 3.5556548956, 0.322926870514, 184.690590421
0.330427153673, -4.51305292962, 2.89541783543, 2.63915313946, -0.217200479754, -3.06282485858, 2.71843192751, -4.47729919558, 1.9264881883, -2.56611092625, 0.330427153673, 152.218412439
