1.0, 0.0, 1.0, 1.0, 0.98185609389, 1.0, 0.600597659654, 1.0, 0.0, 0.965938627808, 0.657161367925, 0.233190263818, 0.341250214308, 1.0, 1.0, 1.0, 0.6206352109, 0.0, 0.792225599376, 0.0, 0.0, 0.923443413232, 0.0, 0.831787555359, 1.0, 0.0, 0.271474852507, 0.590775894767, 4.0, 0.0, 16.1284118352
1.0, 0.0, 1.0, 1.0, 0.98185609389, 1.0, 0.600597659654, 1.0, 0.0, 0.965938627808, 0.657161367925, 0.233190263818, 0.341250214308, 1.0, 1.0, 1.0, 0.6206352109, 0.0, 0.792225599376, 0.0, 0.0, 0.923443413232, 0.0, 0.831787555359, 1.0, 0.0, 0.271474852507, 0.590775894767, 4.0, 0.0, 16.1284118352
0.0, 0.0862360338668, 0.0, 0.159552551313, 0.0, 0.0296262927724, 0.915044191512, 0.0, 1.0, 0.0, 0.0, 0.0252832113988, 0.0, 0.223152640785, 0.271194179045, 0.397130844414, 0.0, 0.0362540552753, 0.0, 0.0, 0.0, 0.0, 0.391097959308, 0.0, 0.0, 0.0, 0.0, 0.0, 47.0, 0.0, 1.43337528495
0.0, 0.0862360338668, 0.201601586717, 0.0, 0.17250342145, 0.0296262927724, 1.0, 0.0, 1.0, 0.0, 0.0, 0.019764745267, 0.0, 0.0, 0.271194179045, 0.397130844414, 0.0, 0.0, 0.0, 0.0, 0.0, 0.416038125167, 0.391097959308, 0.0, 0.0, 0.0, 0.0, 0.0, 47.0, 0.0, 1.43337528495
0.0, 0.339378699606, 0.0, 0.0, 0.0, 0.0, 0.0, 0.416683231734, 0.0, 0.639375156244, 0.0, 0.0600015802717, 0.0, 0.419270966118, 0.667551550779, 1.0, 0.0, 0.645669938465, 0.527315390005, 1.0, 0.0, 1.0, 0.605466804654, 0.0, 0.121664630643, 0.667831984318, 0.129264762703, 0.0, 22.0, 2.0, 6.81921269584
0.0, 0.191101513862, 0.395956759507, 0.0, 0.0, 0.0, 0.0, 0.158934346591, 0.0, 0.00540710657874, 0.361879214588, 0.138575689363, 0.0, 0.0, 0.0, 0.394249713074, 0.0, 1.0, 1.0, 1.0, 0.0, 1.0, 0.0, 0.517800013971, 0.132798880401, 0.0, 0.0, 0.374753877524, 35.0, 1.0, 2.6197852136
0.0, 0.339378699606, 0.0, 0.0, 0.0, 0.0, 0.0, 0.416683231734, 0.0, 0.639375156244, 0.0, 0.0600015802717, 0.0, 0.419270966118, 0.667551550779, 1.0, 0.0, 0.645669938465, 0.527315390005, 1.0, 0.0, 1.0, 0.605466804654, 0.0, 0.121664630643, 0.667831984318, 0.129264762703, 0.0, 22.0, 2.0, 6.81921269584
0.580730596371, 0.246910100404, 1.0, 1.0, 1.0, 1.0, 0.0, 1.0, 1.0, 0.302796713961, 0.0, 0.859544844472, 0.341250214308, 0.349386147773, 1.0, 1.0, 0.0, 0.0, 0.792225599376, 0.0, 0.0, 0.785119238201, 0.0, 0.880000544116, 1.0, 0.0, 0.0, 0.590775894767, 7.0, 1.0, 14.436302054
0.333151913272, 0.449126029261, 0.191050550091, 0.0, 0.491668796803, 0.511385897582, 0.300604635907, 0.252645789582, 0.784758771664, 0.00159442848956, 0.0701139143902, 0.0, 0.0, 0.0, 0.141188030612, 0.0599001753907, 0.0, 0.0, 0.212691861154, 0.0, 0.948652172499, 0.0252087864339, 0.0, 0.0, 0.0, 0.0, 0.498229204614, 0.0, 43.0, 0.0, 1.63553656126
0.0, 0.191101513862, 0.338077587053, 0.0, 0.0, 0.0, 0.0, 0.158934346591, 0.0, 0.0, 0.361879214588, 0.338810312798, 0.337974968101, 0.0, 0.0, 0.394249713074, 0.0, 1.0, 1.0, 1.0, 0.0, 1.0, 0.375295930899, 0.517800013971, 0.132798880401, 0.0, 0.0, 0.253995880237, 35.0, 1.0, 2.6197852136
0.333151913272, 0.449126029261, 0.0, 0.0, 0.491668796803, 0.511385897582, 0.300604635907, 0.252645789582, 0.784758771664, 0.00834858076532, 0.0701139143902, 0.0, 0.0, 0.0, 0.141188030612, 0.237707102616, 0.0, 0.0, 0.0, 0.0, 0.948652172499, 0.0252087864339, 0.0, 0.0, 0.0, 0.0, 0.498229204614, 0.0, 43.0, 0.0, 1.63553656126
0.765003780636, 0.0, 0.0, 0.466089529103, 0.278930609578, 0.875307989604, 0.324308453277, 0.0, 0.494780531656, 0.0, 0.0, 1.0, 1.0, 1.0, 1.0, 1.0, 0.775480318027, 1.0, 0.0, 1.0, 1.0, 0.357518554967, 1.0, 0.755009713043, 1.0, 0.40718176904, 1.0, 0.0, 11.0, 0.0, 11.6652708925
0.535184627729, 0.0, 0.0, 0.602143786528, 0.120541515775, 0.537480850874, 0.0, 0.0424359441547, 1.0, 0.0140872281983, 0.0, 1.0, 1.0, 1.0, 1.0, 1.0, 0.508115986659, 1.0, 0.0, 1.0, 1.0, 0.0, 0.0, 0.528223212903, 1.0, 0.40718176904, 1.0, 0.0, 8.0, 0.0, 13.5649865939
0.0, 0.28924346554, 0.0, 0.0, 0.0, 0.0, 0.0, 0.268785713842, 0.0, 0.0, 0.361879214588, 0.0, 0.0707101354702, 0.230705876929, 0.549128444646, 0.0642854987893, 0.0, 1.0, 1.0, 1.0, 0.150234648928, 1.0, 0.0, 0.803172577414, 0.0, 0.0, 0.447494541451, 0.0, 31.0, 0.0, 3.14471083672
0.535184627729, 0.0, 0.0, 0.602143786528, 0.120541515775, 0.537480850874, 0.0, 0.0424359441547, 1.0, 0.0140872281983, 0.0, 1.0, 1.0, 1.0, 1.0, 1.0, 0.508115986659, 1.0, 0.0, 1.0, 1.0, 0.0, 0.0, 0.528223212903, 1.0, 0.40718176904, 1.0, 0.0, 8.0, 0.0, 13.5649865939
0.125770411637, 0.0, 0.0760607581752, 0.474262561382, 0.0, 0.193138276478, 0.0, 0.0, 1.0, 0.0, 0.0, 1.0, 1.0, 1.0, 1.0, 1.0, 0.229132703104, 0.466215592474, 0.0, 1.0, 1.0, 0.0252087864339, 0.0281381604755, 0.528223212903, 0.0, 0.367668640893, 1.0, 0.0, 18.0, 0.0, 8.13610832622
0.0, 0.191101513862, 0.395956759507, 0.0, 0.0, 0.0, 0.0, 0.158934346591, 0.391962200852, 0.0, 0.556227269702, 0.0, 0.0, 0.0988627923949, 0.618501014431, 0.947713598138, 0.0, 1.0, 1.0, 1.0, 0.0, 1.0, 0.0, 0.608669220395, 0.132798880401, 0.31892411227, 0.023161699383, 0.0, 23.0, 0.0, 5.57919602977
0.163282728737, 0.0, 0.195319682037, 0.0, 0.760839554848, 0.195685365359, 0.0, 1.0, 0.0, 0.0827664498927, 0.0, 0.0, 0.356252887081, 0.0, 1.0, 0.693279203083, 0.0, 0.0, 0.0, 1.0, 0.408230780101, 1.0, 0.68053950512, 0.703756355255, 0.0, 0.0, 1.0, 0.0, 21.0, 0.0, 6.97520586345
0.125770411637, 0.0, 0.0760607581752, 0.474262561382, 0.0, 0.193138276478, 0.0, 0.0, 1.0, 0.0, 0.0, 1.0, 1.0, 1.0, 1.0, 1.0, 0.229132703104, 0.466215592474, 0.0, 1.0, 1.0, 0.0252087864339, 0.0281381604755, 0.528223212903, 0.0, 0.367668640893, 1.0, 0.0, 18.0, 0.0, 8.13610832622
0.765003780636, 0.0, 0.0, 0.466089529103, 0.278930609578, 0.875307989604, 0.324308453277, 0.0, 0.494780531656, 0.0, 0.0, 1.0, 1.0, 1.0, 1.0, 1.0, 0.775480318027, 1.0, 0.0, 1.0, 1.0, 0.357518554967, 1.0, 0.755009713043, 1.0, 0.40718176904, 1.0, 0.0, 11.0, 0.0, 11.6652708925
0.0, 0.0, 0.0, 0.429816347629, 0.0, 0.0, 0.0, 0.0774588199866, 0.700584883883, 0.0, 0.361879214588, 0.505820344764, 0.0, 1.0, 0.549128444646, 0.0642854987893, 0.394231011804, 0.491617992325, 1.0, 1.0, 0.0, 1.0, 0.0, 0.517800013971, 0.0, 0.354706150268, 0.0, 0.0, 26.0, 0.0, 5.13956012036
0.0, 0.191101513862, 0.395956759507, 0.0, 0.0, 0.0, 0.0, 0.158934346591, 0.391962200852, 0.109109319072, 0.948225825115, 0.0, 0.0, 0.0988627923949, 0.618501014431, 0.398629060804, 0.0, 1.0, 1.0, 1.0, 0.0, 1.0, 0.0, 0.608669220395, 0.132798880401, 0.0, 0.023161699383, 0.0, 27.0, 0.0, 3.97553765672
1.0, 0.0, 1.0, 1.0, 0.98185609389, 1.0, 0.600597659654, 1.0, 0.0, 0.302796713961, 0.657161367925, 0.0, 0.341250214308, 1.0, 1.0, 1.0, 0.6206352109, 0.0, 0.792225599376, 0.0, 0.0, 0.923443413232, 0.0, 1.0, 1.0, 0.0, 0.145048268731, 0.590775894767, 5.0, 0.0, 15.4344029727
0.163282728737, 0.0, 0.195319682037, 0.0, 0.760839554848, 0.195685365359, 0.0, 1.0, 0.0, 0.0827664498927, 0.0, 0.0, 0.356252887081, 0.0, 1.0, 0.693279203083, 0.0, 0.0, 0.0, 1.0, 0.408230780101, 1.0, 0.68053950512, 0.703756355255, 0.0, 0.0, 1.0, 0.0, 21.0, 0.0, 6.97520586345
0.0882647139767, 0.0, 0.0, 0.466089529103, 0.0, 0.0, 0.0, 0.0, 1.0, 0.0, 0.0, 1.0, 1.0, 0.496212160942, 0.695017831122, 1.0, 1.0, 1.0, 0.0, 1.0, 1.0, 0.0, 0.403474510342, 0.858590945937, 0.78698637985, 0.40718176904, 1.0, 0.0, 16.0, 1.0, 9.34555131193
0.113110148236, 0.0, 0.0, 0.466089529103, 0.0, 0.0, 0.0, 0.0, 1.0, 0.0, 0.0, 1.0, 1.0, 0.591403788045, 0.952523266633, 1.0, 1.0, 1.0, 0.0, 1.0, 1.0, 0.0, 0.403474510342, 0.858590945937, 1.0, 0.40718176904, 1.0, 0.0, 15.0, 0.0, 9.97555435159
0.0882647139767, 0.0, 0.0, 0.466089529103, 0.0, 0.0, 0.0, 0.0, 1.0, 0.0, 0.0, 1.0, 1.0, 0.496212160942, 0.695017831122, 1.0, 1.0, 1.0, 0.0, 1.0, 1.0, 0.0, 0.403474510342, 0.858590945937, 0.78698637985, 0.40718176904, 1.0, 0.0, 16.0, 1.0, 9.34555131193
0.125770411637, 0.0, 0.0760607581752, 0.149995492997, 0.0, 0.193138276478, 0.0, 0.0, 1.0, 0.0, 0.0, 1.0, 1.0, 1.0, 1.0, 1.0, 0.229132703104, 1.0, 0.0, 0.932042994573, 1.0, 0.0252087864339, 0.0281381604755, 0.528223212903, 0.0, 0.0481166251986, 1.0, 0.0, 17.0, 0.0, 8.73401633529
0.0, 0.28924346554, 0.0, 0.0, 0.0, 0.0, 0.0, 0.268785713842, 0.430856747597, 0.0, 0.361879214588, 0.701159269945, 0.0, 0.230705876929, 0.549128444646, 0.0642854987893, 0.0, 0.269795279201, 1.0, 1.0, 0.0, 1.0, 0.0, 0.517800013971, 0.0, 0.0, 0.447494541451, 0.0, 28.0, 1.0, 3.74612083769
0.125770411637, 0.0, 0.0760607581752, 0.149995492997, 0.0, 0.193138276478, 0.0, 0.0, 1.0, 0.0, 0.0, 1.0, 1.0, 1.0, 1.0, 1.0, 0.229132703104, 1.0, 0.0, 0.932042994573, 1.0, 0.0252087864339, 0.0281381604755, 0.528223212903, 0.0, 0.0481166251986, 1.0, 0.0, 17.0, 0.0, 8.73401633529
0.163282728737, 0.0, 0.195319682037, 0.0, 0.760839554848, 0.195685365359, 0.0, 0.0506670151988, 0.0, 0.0827664498927, 0.0, 0.0, 0.150972324248, 0.0, 1.0, 1.0, 0.0, 0.0, 0.0, 1.0, 0.0, 1.0, 0.68053950512, 0.0, 0.0, 0.0, 1.0, 0.0, 24.0, 0.0, 5.26026014252
0.0, 0.28924346554, 0.0, 0.0, 0.0, 0.0, 0.0, 0.268785713842, 0.0, 0.0, 0.361879214588, 0.0, 0.0707101354702, 0.230705876929, 0.549128444646, 0.0642854987893, 0.0, 1.0, 1.0, 1.0, 0.150234648928, 1.0, 0.0, 0.803172577414, 0.0, 0.0, 0.447494541451, 0.0, 31.0, 0.0, 3.14471083672
1.0, 0.0, 0.0, 0.466089529103, 0.0, 0.32348600532, 0.343315819491, 0.191612168668, 0.175269492894, 0.0, 0.0, 1.0, 1.0, 1.0, 1.0, 1.0, 0.909701696315, 1.0, 0.0, 1.0, 0.72663756565, 0.0, 1.0, 0.759100780087, 0.678220869241, 0.40718176904, 0.866332598304, 0.0980979078775, 12.0, 0.0, 11.1892399261
0.0853912791019, 0.0, 0.0, 0.466089529103, 0.0, 0.537480850874, 0.0, 0.0, 1.0, 0.0, 0.0, 1.0, 1.0, 1.0, 1.0, 1.0, 0.642458363671, 0.984897070748, 0.0, 1.0, 1.0, 0.0, 0.0, 0.528223212903, 1.0, 0.40718176904, 1.0, 0.0, 14.0, 0.0, 10.451585318
0.0, 0.0, 0.0, 0.466089529103, 0.0, 0.266517498954, 0.0, 0.0, 0.990944556992, 0.0, 0.0, 1.0, 1.0, 1.0, 1.0, 0.778132532351, 1.0, 0.645961854267, 0.0, 1.0, 1.0, 0.0, 0.403474510342, 0.858590945937, 0.893194367968, 0.40718176904, 1.0, 0.0, 15.0, 0.0, 9.97555435159
0.0, 0.191101513862, 0.395956759507, 0.0, 0.0, 0.0, 0.0, 0.158934346591, 0.0, 0.530355652683, 0.556227269702, 0.0, 0.0, 0.0, 0.618501014431, 0.394249713074, 0.0, 1.0, 1.0, 1.0, 0.167824058232, 1.0, 0.0, 0.517800013971, 0.132798880401, 0.0, 0.0, 0.0, 26.0, 1.0, 4.66954651919
0.122646427128, 0.0, 0.0, 0.466089529103, 0.0, 0.537480850874, 0.0, 0.0, 1.0, 0.0, 0.0, 1.0, 1.0, 1.0, 1.0, 1.0, 0.642458363671, 1.0, 0.0, 1.0, 1.0, 0.0, 0.0, 0.528223212903, 1.0, 0.160517789236, 1.0, 0.0, 14.0, 0.0, 10.451585318
0.125770411637, 0.0, 0.0399573406452, 0.695304681545, 0.0, 0.109780467057, 0.0, 0.0, 0.720317333591, 0.0, 0.0, 1.0, 1.0, 1.0, 1.0, 1.0, 0.229132703104, 1.0, 0.0, 0.909823821219, 1.0, 0.0252087864339, 0.0281381604755, 0.528223212903, 0.0, 0.367668640893, 1.0, 0.0, 13.0, 0.0, 10.8724713038
0.245259917493, 0.441442532398, 0.0, 0.0, 0.0, 0.0, 0.0, 0.0774588199866, 0.0, 0.0, 0.361879214588, 0.0, 0.0, 1.0, 0.549128444646, 0.0642854987893, 0.0555643601501, 0.924608256349, 1.0, 0.895969557698, 0.0, 1.0, 0.0, 0.517800013971, 0.0, 0.0, 0.0, 0.130223457353, 30.0, 0.0, 3.77471387638
0.0, 0.28924346554, 0.0, 0.0, 0.0, 0.0, 0.0212208853848, 0.268785713842, 0.430856747597, 0.0, 0.361879214588, 0.901863456684, 0.0, 0.230705876929, 0.549128444646, 0.0642854987893, 0.0, 0.255225159454, 1.0, 1.0, 0.0, 1.0, 0.0, 0.517800013971, 0.0, 0.0, 0.447494541451, 0.0, 28.0, 1.0, 3.74612083769
1.0, 0.0, 1.0, 1.0, 0.98185609389, 1.0, 0.600597659654, 1.0, 0.0, 0.302796713961, 0.657161367925, 0.0, 0.341250214308, 1.0, 1.0, 1.0, 0.6206352109, 0.0, 0.792225599376, 0.0204867955564, 0.0, 0.923443413232, 0.0, 1.0, 1.0, 0.0, 0.444184047434, 0.590775894767, 5.0, 0.0, 15.4344029727
0.580730596371, 0.246910100404, 1.0, 1.0, 1.0, 1.0, 0.0, 0.708580658283, 1.0, 0.302796713961, 0.0, 0.956712851158, 0.341250214308, 1.0, 1.0, 1.0, 0.0, 0.0, 0.792225599376, 0.0, 0.0, 0.785119238201, 0.0, 1.0, 1.0, 0.016965828138, 0.0, 0.859388374938, 6.0, 0.0, 15.0663050936
0.118990287998, 0.191101513862, 0.395956759507, 0.0, 0.0, 0.0, 0.0, 0.158934346591, 0.0, 0.530355652683, 0.706922268081, 0.0, 0.0, 0.0, 0.938850988453, 0.394249713074, 0.0, 1.0, 1.0, 1.0, 0.0, 1.0, 0.0, 0.517800013971, 0.132798880401, 0.0, 0.182482466895, 0.0, 26.0, 1.0, 4.66954651919
0.125770411637, 0.0, 0.0399573406452, 0.695304681545, 0.0, 0.109780467057, 0.0, 0.0, 0.720317333591, 0.0, 0.0, 1.0, 1.0, 1.0, 1.0, 1.0, 0.229132703104, 1.0, 0.0, 0.909823821219, 1.0, 0.0252087864339, 0.0281381604755, 0.528223212903, 0.0, 0.367668640893, 1.0, 0.0, 13.0, 0.0, 10.8724713038
0.765003780636, 0.0, 0.0, 0.279132170797, 0.0, 0.000806434110137, 0.324308453277, 0.0, 0.494780531656, 0.0, 0.0, 1.0, 1.0, 1.0, 1.0, 1.0, 0.775480318027, 1.0, 0.0992346986797, 1.0, 1.0, 0.0, 1.0, 0.755009713043, 1.0, 0.40718176904, 1.0, 0.0, 12.0, 0.0, 11.1892399261
0.885804462326, 0.246910100404, 1.0, 1.0, 1.0, 1.0, 0.0, 0.770953850428, 1.0, 0.302796713961, 0.0, 0.81819758129, 0.341250214308, 0.459186091293, 1.0, 1.0, 0.0, 0.0, 0.792225599376, 0.0, 0.0, 0.785119238201, 0.0, 1.0, 1.0, 0.0, 0.0, 0.590775894767, 7.0, 1.0, 14.436302054
1.0, 0.246910100404, 1.0, 1.0, 1.0, 1.0, 0.0, 1.0, 1.0, 0.302796713961, 0.0323659841144, 0.859544844472, 0.341250214308, 1.0, 0.693628415645, 1.0, 0.38033628199, 0.0, 0.868040084476, 0.0, 0.0, 0.785119238201, 0.0, 0.231207031314, 1.0, 0.0, 0.0, 0.590775894767, 7.0, 0.0, 15.0584787149
0.0, 0.0, 0.0, 0.0, 0.0, 0.0, 0.0834618660547, 0.158934346591, 0.0, 0.0372548837262, 0.0, 0.0326325350634, 0.0, 0.188399995298, 0.822757694818, 1.0, 0.0, 0.645669938465, 0.0992346986797, 1.0, 0.0, 1.0, 0.605466804654, 0.777644871711, 0.0, 0.700263126728, 0.0217299460915, 0.0, 23.0, 1.0, 5.50259027588
0.0, 0.191101513862, 0.395956759507, 0.0, 0.0, 0.0, 0.0, 0.158934346591, 0.391962200852, 0.109109319072, 0.948225825115, 0.0, 0.0, 0.0988627923949, 0.618501014431, 0.398629060804, 0.0, 1.0, 1.0, 1.0, 0.0, 1.0, 0.0, 0.608669220395, 0.132798880401, 0.0, 0.023161699383, 0.0, 27.0, 0.0, 3.97553765672
0.282671266281, 0.0, 0.0, 0.0, 0.0, 0.0, 0.0, 0.0774588199866, 0.0, 0.0, 0.361879214588, 0.0, 0.0, 1.0, 0.549128444646, 0.0642854987893, 0.0, 1.0, 0.94640128703, 1.0, 0.469605562226, 1.0, 0.0, 0.517800013971, 0.0, 0.0, 0.0, 0.0, 30.0, 0.0, 3.77471387638
0.217035254314, 0.0, 0.195319682037, 0.0, 0.760839554848, 0.195685365359, 0.0, 1.0, 0.0, 0.0827664498927, 0.0, 0.0, 0.409724096005, 0.0, 1.0, 0.90363089798, 0.0, 0.0, 0.0, 1.0, 0.408230780101, 1.0, 0.68053950512, 0.0, 0.0, 0.0, 1.0, 0.0, 22.0, 0.0, 6.96737948471
0.163282728737, 0.0, 0.195319682037, 0.0, 0.760839554848, 0.195685365359, 0.0, 0.0506670151988, 0.0, 0.0827664498927, 0.0, 0.0, 0.150972324248, 0.0, 1.0, 1.0, 0.0, 0.0, 0.0, 1.0, 0.0, 1.0, 0.68053950512, 0.0, 0.0, 0.0, 1.0, 0.0, 24.0, 0.0, 5.26026014252
1.0, 0.246910100404, 0.832050404287, 1.0, 0.889716067275, 1.0, 0.0, 1.0, 1.0, 0.302796713961, 0.0, 0.956712851158, 0.341250214308, 1.0, 0.832348213955, 1.0, 0.38033628199, 0.466328258943, 0.868040084476, 0.0, 0.0, 0.656518803965, 0.0, 1.0, 1.0, 0.0, 0.0, 0.590775894767, 6.0, 0.0, 15.0663050936
1.0, 0.246910100404, 1.0, 1.0, 1.0, 1.0, 0.0, 1.0, 1.0, 0.302796713961, 0.0323659841144, 0.859544844472, 0.341250214308, 1.0, 0.693628415645, 1.0, 0.38033628199, 0.0, 0.868040084476, 0.0, 0.0, 0.785119238201, 0.0, 0.231207031314, 1.0, 0.0, 0.0, 0.590775894767, 7.0, 0.0, 15.0584787149
0.0, 0.0, 0.0, 0.429816347629, 0.0, 0.0, 0.0, 0.0774588199866, 0.700584883883, 0.0, 0.361879214588, 0.505820344764, 0.0, 1.0, 0.549128444646, 0.0642854987893, 0.394231011804, 0.491617992325, 1.0, 1.0, 0.0, 1.0, 0.0, 0.517800013971, 0.0, 0.354706150268, 0.0, 0.0, 26.0, 0.0, 5.13956012036
0.0, 0.0, 0.0, 0.0, 0.0, 0.0, 0.0834618660547, 0.158934346591, 0.0, 0.0372548837262, 0.0, 0.0326325350634, 0.0, 0.188399995298, 0.822757694818, 1.0, 0.0, 0.645669938465, 0.0992346986797, 1.0, 0.0, 1.0, 0.605466804654, 0.777644871711, 0.0, 0.700263126728, 0.0217299460915, 0.0, 23.0, 1.0, 5.50259027588
0.0, 0.191101513862, 0.395956759507, 0.0, 0.0, 0.0, 0.0, 0.158934346591, 0.391962200852, 0.0, 0.556227269702, 0.0, 0.0, 0.0988627923949, 0.618501014431, 0.947713598138, 0.0, 1.0, 1.0, 1.0, 0.0, 1.0, 0.0, 0.608669220395, 0.132798880401, 0.31892411227, 0.023161699383, 0.0, 23.0, 0.0, 5.57919602977
0.163282728737, 0.0, 0.195319682037, 0.0, 0.760839554848, 0.195685365359, 0.0, 1.0, 0.0, 0.1426311597, 0.0, 0.0, 0.409724096005, 0.0, 1.0, 1.0, 0.0, 0.0, 0.0, 1.0, 0.0, 1.0, 0.68053950512, 0.0, 0.0, 0.0, 1.0, 0.0, 22.0, 0.0, 6.96737948471
1.0, 0.0, 1.0, 1.0, 0.98185609389, 1.0, 0.600597659654, 1.0, 0.0, 0.302796713961, 0.657161367925, 0.0, 0.341250214308, 1.0, 1.0, 1.0, 0.6206352109, 0.0, 0.792225599376, 0.0, 0.0, 0.923443413232, 0.0, 1.0, 1.0, 0.0, 0.145048268731, 0.590775894767, 5.0, 0.0, 15.4344029727
1.0, 0.0, 1.0, 1.0, 0.98185609389, 1.0, 0.600597659654, 1.0, 0.0, 0.302796713961, 0.657161367925, 0.0, 0.341250214308, 1.0, 1.0, 1.0, 0.6206352109, 0.0, 0.792225599376, 0.0204867955564, 0.0, 0.923443413232, 0.0, 1.0, 1.0, 0.0, 0.444184047434, 0.590775894767, 5.0, 0.0, 15.4344029727
1.0, 0.246910100404, 1.0, 1.0, 1.0, 1.0, 0.0, 0.79686351723, 1.0, 0.302796713961, 0.0, 0.908553129701, 0.341250214308, 1.0, 0.973415897078, 1.0, 0.0, 0.0, 0.868040084476, 0.474635818655, 0.0, 0.785119238201, 0.0, 0.79685419953, 1.0, 0.0, 0.0, 0.590775894767, 6.0, 0.0, 15.0663050936
1.0, 0.246910100404, 1.0, 1.0, 1.0, 1.0, 0.357915689333, 1.0, 1.0, 0.302796713961, 0.0, 0.908553129701, 0.341250214308, 1.0, 0.936729721488, 1.0, 0.0, 0.0, 0.868040084476, 0.0, 0.0, 0.785119238201, 0.0, 1.0, 1.0, 0.0, 0.0, 0.590775894767, 6.0, 0.0, 15.0663050936
1.0, 0.246910100404, 1.0, 1.0, 1.0, 1.0, 0.0, 1.0, 1.0, 0.302796713961, 0.0, 0.859544844472, 0.341250214308, 1.0, 0.693628415645, 1.0, 0.38033628199, 0.0, 0.868040084476, 0.0, 0.0, 0.785119238201, 0.0, 1.0, 1.0, 0.233849801189, 0.0, 0.859388374938, 6.0, 0.0, 15.0663050936
1.0, 0.246910100404, 1.0, 1.0, 1.0, 1.0, 0.0, 0.79686351723, 1.0, 0.302796713961, 0.0, 0.908553129701, 0.341250214308, 1.0, 0.973415897078, 1.0, 0.0, 0.0, 0.868040084476, 0.474635818655, 0.0, 0.785119238201, 0.0, 1.0, 1.0, 0.0, 0.0, 0.590775894767, 6.0, 0.0, 15.0663050936
1.0, 0.246910100404, 0.893468663545, 1.0, 1.0, 1.0, 0.0832014207881, 1.0, 1.0, 0.302796713961, 0.0, 0.978014624502, 0.341250214308, 1.0, 0.942971603378, 1.0, 0.38033628199, 0.0, 0.868040084476, 0.0, 0.0, 0.602847100559, 0.0, 1.0, 1.0, 0.0, 0.0, 0.590775894767, 6.0, 0.0, 15.0663050936
1.0, 0.246910100404, 1.0, 1.0, 1.0, 1.0, 0.357915689333, 1.0, 1.0, 0.302796713961, 0.0, 0.908553129701, 0.341250214308, 1.0, 0.974923399954, 1.0, 0.0, 0.0, 0.868040084476, 0.0, 0.0, 0.785119238201, 0.0, 1.0, 1.0, 0.0, 0.0, 0.590775894767, 6.0, 0.0, 15.0663050936
0.580730596371, 0.246910100404, 1.0, 1.0, 1.0, 1.0, 0.0, 0.708580658283, 1.0, 0.302796713961, 0.0, 0.956712851158, 0.341250214308, 1.0, 1.0, 1.0, 0.0, 0.0, 0.792225599376, 0.0, 0.0, 0.785119238201, 0.0, 1.0, 1.0, 0.016965828138, 0.0, 0.859388374938, 6.0, 0.0, 15.0663050936
1.0, 0.246910100404, 0.832050404287, 1.0, 0.889716067275, 1.0, 0.0, 1.0, 1.0, 0.302796713961, 0.0, 0.956712851158, 0.341250214308, 1.0, 0.832348213955, 1.0, 0.38033628199, 0.466328258943, 0.868040084476, 0.0, 0.0, 0.656518803965, 0.0, 1.0, 1.0, 0.0, 0.0, 0.590775894767, 6.0, 0.0, 15.0663050936
1.0, 0.246910100404, 1.0, 1.0, 1.0, 1.0, 0.0, 0.79686351723, 1.0, 0.302796713961, 0.0, 0.908553129701, 0.341250214308, 1.0, 0.973415897078, 1.0, 0.0, 0.0, 0.868040084476, 0.474635818655, 0.0, 0.785119238201, 0.0, 0.79685419953, 1.0, 0.0, 0.0, 0.590775894767, 6.0, 0.0, 15.0663050936
1.0, 0.246910100404, 1.0, 1.0, 1.0, 1.0, 0.357915689333, 1.0, 1.0, 0.302796713961, 0.0, 0.908553129701, 0.341250214308, 1.0, 0.936729721488, 1.0, 0.0, 0.0, 0.868040084476, 0.0, 0.0, 0.785119238201, 0.0, 1.0, 1.0, 0.0, 0.0, 0.590775894767, 6.0, 0.0, 15.0663050936
1.0, 0.246910100404, 1.0, 1.0, 1.0, 1.0, 0.0, 1.0, 1.0, 0.302796713961, 0.0, 0.859544844472, 0.341250214308, 1.0, 0.693628415645, 1.0, 0.38033628199, 0.0, 0.868040084476, 0.0, 0.0, 0.785119238201, 0.0, 1.0, 1.0, 0.233849801189, 0.0, 0.859388374938, 6.0, 0.0, 15.0663050936
1.0, 0.246910100404, 1.0, 1.0, 1.0, 1.0, 0.0, 0.79686351723, 1.0, 0.302796713961, 0.0, 0.908553129701, 0.341250214308, 1.0, 0.973415897078, 1.0, 0.0, 0.0, 0.868040084476, 0.474635818655, 0.0, 0.785119238201, 0.0, 1.0, 1.0, 0.0, 0.0, 0.590775894767, 6.0, 0.0, 15.0663050936
1.0, 0.246910100404, 0.893468663545, 1.0, 1.0, 1.0, 0.0832014207881, 1.0, 1.0, 0.302796713961, 0.0, 0.978014624502, 0.341250214308, 1.0, 0.942971603378, 1.0, 0.38033628199, 0.0, 0.868040084476, 0.0, 0.0, 0.602847100559, 0.0, 1.0, 1.0, 0.0, 0.0, 0.590775894767, 6.0, 0.0, 15.0663050936
1.0, 0.246910100404, 1.0, 1.0, 1.0, 1.0, 0.357915689333, 1.0, 1.0, 0.302796713961, 0.0, 0.908553129701, 0.341250214308, 1.0, 0.974923399954, 1.0, 0.0, 0.0, 0.868040084476, 0.0, 0.0, 0.785119238201, 0.0, 1.0, 1.0, 0.0, 0.0, 0.590775894767, 6.0, 0.0, 15.0663050936
0.125770411637, 0.0, 0.0, 0.466089529103, 0.0, 0.726701466203, 0.321086856886, 0.0, 1.0, 0.0, 0.0, 1.0, 1.0, 1.0, 1.0, 1.0, 0.642458363671, 1.0, 0.0, 1.0, 1.0, 0.0, 0.0, 0.528223212903, 1.0, 0.40718176904, 1.0, 0.0, 14.0, 0.0, 10.451585318
0.0, 0.0, 0.0, 0.466089529103, 0.0, 0.577419096897, 0.0, 0.0, 1.0, 0.0, 0.0, 1.0, 1.0, 1.0, 1.0, 0.778132532351, 1.0, 0.645961854267, 0.0, 1.0, 1.0, 0.0, 0.403474510342, 0.858590945937, 0.61617630928, 0.40718176904, 1.0, 0.0, 14.0, 0.0, 10.451585318
0.122646427128, 0.0, 0.0, 0.466089529103, 0.0, 0.537480850874, 0.0, 0.0, 1.0, 0.0, 0.0, 1.0, 1.0, 1.0, 1.0, 1.0, 0.642458363671, 1.0, 0.0, 1.0, 1.0, 0.0, 0.0, 0.528223212903, 1.0, 0.160517789236, 1.0, 0.0, 14.0, 0.0, 10.451585318
0.0853912791019, 0.0, 0.0, 0.466089529103, 0.0, 0.537480850874, 0.0, 0.0, 1.0, 0.0, 0.0, 1.0, 1.0, 1.0, 1.0, 1.0, 0.642458363671, 0.984897070748, 0.0, 1.0, 1.0, 0.0, 0.0, 0.528223212903, 1.0, 0.40718176904, 1.0, 0.0, 14.0, 0.0, 10.451585318
0.125770411637, 0.0, 0.0, 0.466089529103, 0.0, 0.726701466203, 0.321086856886, 0.0, 1.0, 0.0, 0.0, 1.0, 1.0, 1.0, 1.0, 1.0, 0.642458363671, 1.0, 0.0, 1.0, 1.0, 0.0, 0.0, 0.528223212903, 1.0, 0.40718176904, 1.0, 0.0, 14.0, 0.0, 10.451585318
0.0, 0.0, 0.0, 0.466089529103, 0.0, 0.577419096897, 0.0, 0.0, 1.0, 0.0, 0.0, 1.0, 1.0, 1.0, 1.0, 0.778132532351, 1.0, 0.645961854267, 0.0, 1.0, 1.0, 0.0, 0.403474510342, 0.858590945937, 0.61617630928, 0.40718176904, 1.0, 0.0, 14.0, 0.0, 10.451585318
0.163282728737, 0.0, 0.195319682037, 0.0, 0.760839554848, 0.195685365359, 0.0, 1.0, 0.0, 0.0827664498927, 0.0, 0.0, 0.409724096005, 0.0, 1.0, 1.0, 0.0, 0.0, 0.0, 1.0, 0.0, 1.0, 0.68053950512, 0.0, 0.0, 0.0, 1.0, 0.0, 22.0, 0.0, 6.96737948471
0.163282728737, 0.0, 0.195319682037, 0.0, 0.760839554848, 0.195685365359, 0.0, 1.0, 0.0, 0.0827664498927, 0.0, 0.0480494918901, 0.409724096005, 0.0, 1.0, 0.90363089798, 0.0, 0.0, 0.0, 1.0, 0.408230780101, 1.0, 0.68053950512, 0.0, 0.0, 0.0, 1.0, 0.0, 22.0, 0.0, 6.96737948471
0.163282728737, 0.0, 0.195319682037, 0.0, 0.841283126132, 0.195685365359, 0.0, 0.973596095102, 0.0, 0.0827664498927, 0.0, 0.0, 0.456088547847, 0.0, 1.0, 1.0, 0.0, 0.0, 0.0745448853551, 1.0, 0.0, 1.0, 0.68053950512, 0.0, 0.0, 0.0, 1.0, 0.0, 22.0, 0.0, 6.96737948471
0.163282728737, 0.0, 0.195319682037, 0.0, 0.760839554848, 0.195685365359, 0.0, 1.0, 0.0, 0.1426311597, 0.0, 0.0, 0.409724096005, 0.0, 1.0, 1.0, 0.0, 0.0, 0.0, 1.0, 0.0, 1.0, 0.68053950512, 0.0, 0.0, 0.0, 1.0, 0.0, 22.0, 0.0, 6.96737948471
0.217035254314, 0.0, 0.195319682037, 0.0, 0.760839554848, 0.195685365359, 0.0, 1.0, 0.0, 0.0827664498927, 0.0, 0.0, 0.409724096005, 0.0, 1.0, 0.90363089798, 0.0, 0.0, 0.0, 1.0, 0.408230780101, 1.0, 0.68053950512, 0.0, 0.0, 0.0, 1.0, 0.0, 22.0, 0.0, 6.96737948471
0.163282728737, 0.0, 0.195319682037, 0.0, 0.760839554848, 0.195685365359, 0.0, 1.0, 0.0, 0.0827664498927, 0.0, 0.0, 0.409724096005, 0.0, 1.0, 1.0, 0.0, 0.0, 0.0, 1.0, 0.0, 1.0, 0.68053950512, 0.0, 0.0, 0.0, 1.0, 0.0, 22.0, 0.0, 6.96737948471
0.163282728737, 0.0, 0.195319682037, 0.0, 0.760839554848, 0.195685365359, 0.0, 1.0, 0.0, 0.0827664498927, 0.0, 0.0480494918901, 0.409724096005, 0.0, 1.0, 0.90363089798, 0.0, 0.0, 0.0, 1.0, 0.408230780101, 1.0, 0.68053950512, 0.0, 0.0, 0.0, 1.0, 0.0, 22.0, 0.0, 6.96737948471
0.163282728737, 0.0, 0.195319682037, 0.0, 0.841283126132, 0.195685365359, 0.0, 0.973596095102, 0.0, 0.0827664498927, 0.0, 0.0, 0.456088547847, 0.0, 1.0, 1.0, 0.0, 0.0, 0.0745448853551, 1.0, 0.0, 1.0, 0.68053950512, 0.0, 0.0, 0.0, 1.0, 0.0, 22.0, 0.0, 6.96737948471
0.0, 0.458538915865, 0.0, 0.0, 0.0, 0.0296262927724, 1.0, 0.0474942752933, 0.887867748697, 0.0, 0.0, 0.355997997366, 0.460827618476, 0.133434624264, 0.00246604728638, 0.397130844414, 0.0, 0.0, 0.332362293485, 0.0, 0.0, 0.0, 0.22272497969, 0.103716265281, 0.0, 0.0, 0.0, 0.0, 47.0, 0.0, 1.43337528495
0.0729611665298, 0.0862360338668, 0.0, 0.0, 0.0, 0.0296262927724, 1.0, 0.0, 0.887867748697, 0.225096918207, 0.0, 0.0282549905307, 0.0, 0.133434624264, 0.130620276697, 0.397130844414, 0.0, 0.243159903747, 0.332362293485, 0.0, 0.0, 0.0, 0.22272497969, 0.103716265281, 0.0, 0.0, 0.0, 0.0, 47.0, 0.0, 1.43337528495
0.0, 0.0862360338668, 0.0, 0.159552551313, 0.236970718234, 0.0182395741744, 0.915044191512, 0.0, 0.887867748697, 0.431649536023, 0.0, 0.384152587309, 0.0, 0.0, 0.271194179045, 0.397130844414, 0.0, 0.0, 0.0, 0.0, 0.0, 0.0, 0.22272497969, 0.278756211029, 0.0, 0.0877327870173, 0.0, 0.0, 47.0, 0.0, 1.43337528495
0.0, 0.0862360338668, 0.201601586717, 0.0, 0.17250342145, 0.0296262927724, 1.0, 0.0, 1.0, 0.0, 0.0, 0.019764745267, 0.0, 0.0, 0.271194179045, 0.397130844414, 0.0, 0.0, 0.0, 0.0, 0.0, 0.416038125167, 0.391097959308, 0.0, 0.0, 0.0, 0.0, 0.0, 47.0, 0.0, 1.43337528495
