1.0, 0.246910100404, 1.0, 1.0, 1.0, 1.0, 0.467579399717, 0.79686351723, 1.0, 0.302796713961, 0.0, 0.908553129701, 0.341250214308, 1.0, 0.973415897078, 1.0, 0.0, 0.673343930811, 0.868040084476, 0.995941047671, 0.0, 0.785119238201, 0.870218818761, 1.0, 1.0, 0.0, 0.0, 0.590775894767, 3.0, 0.0, 16.1612930231
1.0, 0.246910100404, 1.0, 1.0, 1.0, 1.0, 0.467579399717, 0.79686351723, 1.0, 0.302796713961, 0.0, 0.908553129701, 0.341250214308, 1.0, 0.973415897078, 1.0, 0.0, 0.673343930811, 0.868040084476, 0.995941047671, 0.0, 0.785119238201, 0.870218818761, 1.0, 1.0, 0.0, 0.0, 0.590775894767, 3.0, 0.0, 16.1612930231
0.0, 0.339378699606, 0.24241130025, 0.0, 0.0, 0.0, 0.0, 0.416683231734, 0.367492661112, 0.916325994435, 0.949532243934, 0.0600015802717, 0.0, 0.419270966118, 0.667551550779, 1.0, 0.0, 0.529994417047, 0.109772478915, 0.794166368242, 0.0, 1.0, 0.605466804654, 0.0, 0.121664630643, 0.667831984318, 0.208600726081, 0.0, 19.0, 2.0, 7.01959957961
0.0, 0.0862360338668, 0.0, 0.00437416348595, 0.236970718234, 0.030359412686, 0.330256489948, 0.0, 0.34847040613, 0.326932340135, 0.0, 0.384152587309, 0.0, 0.0, 0.271194179045, 0.397130844414, 0.0, 0.0, 0.0, 0.0, 0.0, 0.1908752972, 0.7503633251, 0.278756211029, 0.0, 0.0877327870173, 0.0, 0.0, 45.0, 0.0, 0.698518108704
0.0, 0.0862360338668, 0.0, 0.00437416348595, 0.236970718234, 0.030359412686, 0.330256489948, 0.0, 0.34847040613, 0.326932340135, 0.0, 0.384152587309, 0.0, 0.0, 0.271194179045, 0.397130844414, 0.0, 0.0, 0.0, 0.0, 0.0, 0.1908752972, 0.7503633251, 0.278756211029, 0.0, 0.0877327870173, 0.0, 0.0, 45.0, 0.0, 0.698518108704
0.0, 0.339378699606, 0.24241130025, 0.0, 0.0, 0.0, 0.0, 0.416683231734, 0.367492661112, 0.916325994435, 0.949532243934, 0.0600015802717, 0.0, 0.419270966118, 0.667551550779, 1.0, 0.0, 0.529994417047, 0.109772478915, 0.794166368242, 0.0, 1.0, 0.605466804654, 0.0, 0.121664630643, 0.667831984318, 0.208600726081, 0.0, 19.0, 2.0, 7.01959957961
0.0, 0.0862360338668, 0.652648036685, 0.00119441388396, 0.236970718234, 0.030359412686, 0.330256489948, 0.0, 0.34847040613, 0.431649536023, 0.0, 0.384152587309, 0.0, 0.0, 0.271194179045, 0.0710753892911, 0.0, 0.0, 0.0, 0.0, 0.0, 0.1908752972, 0.22272497969, 0.510039281651, 0.0, 0.0877327870173, 0.0, 0.0, 42.0, 1.0, 2.26704535922
0.0, 0.0862360338668, 0.0, 0.878078031221, 0.0, 0.577419096897, 0.0, 0.0, 1.0, 0.0, 0.394100720716, 1.0, 0.454159466017, 0.230467412089, 1.0, 0.778132532351, 1.0, 0.6403445955, 0.0, 1.0, 1.0, 0.0, 0.950748682634, 0.858590945937, 0.607086031099, 0.223381491043, 1.0, 0.0, 11.0, 1.0, 11.4460842956
0.0, 0.0862360338668, 0.652648036685, 0.00119441388396, 0.236970718234, 0.030359412686, 0.330256489948, 0.0, 0.34847040613, 0.431649536023, 0.0, 0.384152587309, 0.0, 0.0, 0.271194179045, 0.0710753892911, 0.0, 0.0, 0.0, 0.0, 0.0, 0.1908752972, 0.22272497969, 0.510039281651, 0.0, 0.0877327870173, 0.0, 0.0, 42.0, 1.0, 2.26704535922
0.0, 0.4230814434, 0.0, 0.0, 0.0, 0.0, 0.0, 0.268785713842, 0.430856747597, 0.0, 0.361879214588, 0.114122472064, 0.0, 0.321019650111, 0.549128444646, 0.0642854987893, 0.52471567834, 0.269795279201, 0.00715805879958, 1.0, 0.0, 1.0, 0.0, 0.465023920423, 0.0, 0.0, 0.485800578641, 0.0, 36.0, 0.0, 2.50720557791
1.0, 0.246910100404, 1.0, 1.0, 1.0, 1.0, 0.0, 0.37462364644, 1.0, 0.302796713961, 0.0, 0.859544844472, 0.341250214308, 1.0, 0.708979635852, 1.0, 0.153430505616, 0.0, 0.868040084476, 0.0, 0.0, 0.785119238201, 0.510263835318, 1.0, 1.0, 0.233849801189, 0.0, 0.94670371597, 8.0, 0.0, 13.1691995572
0.555547310063, 0.0, 0.0, 0.0459915722238, 0.170352184423, 0.537480850874, 0.321086856886, 0.0, 1.0, 0.0, 0.0, 0.630088108514, 0.395135149292, 1.0, 1.0, 1.0, 0.642458363671, 1.0, 0.185235869832, 1.0, 1.0, 0.0204781792526, 0.650270328843, 0.528223212903, 0.941167918584, 0.40718176904, 1.0, 0.0, 11.0, 0.0, 11.4476532806
1.0, 0.246910100404, 1.0, 1.0, 1.0, 1.0, 0.0, 0.37462364644, 1.0, 0.302796713961, 0.0, 0.859544844472, 0.341250214308, 1.0, 0.708979635852, 1.0, 0.153430505616, 0.0, 0.868040084476, 0.0, 0.0, 0.785119238201, 0.510263835318, 1.0, 1.0, 0.233849801189, 0.0, 0.94670371597, 8.0, 0.0, 13.1691995572
0.0, 0.0763366815042, 0.201601586717, 0.0, 0.408430499409, 0.0296262927724, 1.0, 0.0930206586216, 1.0, 0.205683946021, 0.0, 0.355997997366, 0.0, 0.0, 0.768740979671, 0.397130844414, 0.0, 0.0, 0.0, 0.0, 0.0, 0.416038125167, 0.225156652312, 0.0, 0.0, 0.0, 0.0, 0.491422871435, 43.0, 0.0, 1.95830090808
0.0, 0.28924346554, 0.0, 0.0, 0.0, 0.0, 0.0, 0.268785713842, 0.0, 0.0, 0.484682939486, 0.0, 0.0560310339992, 0.323913939017, 0.549128444646, 0.156684311337, 0.0, 1.0, 1.0, 1.0, 0.150234648928, 1.0, 0.0, 0.846576216703, 0.0, 0.0, 0.447494541451, 0.0, 31.0, 0.0, 3.14471083672
0.751306524248, 0.0, 0.0, 0.602143786528, 0.840304632967, 0.501429202488, 0.0, 0.0424359441547, 1.0, 0.0140872281983, 0.0, 1.0, 1.0, 1.0, 0.768740979671, 1.0, 0.651467223166, 1.0, 0.0, 1.0, 1.0, 0.0, 0.0, 0.528223212903, 0.938583463297, 0.40718176904, 0.942462276482, 0.0, 7.0, 0.0, 13.775419682
1.0, 0.449333281293, 1.0, 1.0, 0.203506341409, 1.0, 0.0, 0.79686351723, 1.0, 0.302796713961, 0.0, 0.908553129701, 0.341250214308, 1.0, 0.973415897078, 1.0, 0.0, 0.0, 0.868040084476, 0.89216769253, 0.0, 0.785119238201, 0.21242929234, 1.0, 1.0, 0.452351753858, 0.0, 0.590775894767, 6.0, 0.0, 14.8858510223
0.125770411637, 0.0, 0.0760607581752, 0.474262561382, 0.0, 0.537480850874, 0.0, 0.0, 1.0, 0.0, 0.0, 1.0, 1.0, 1.0, 1.0, 0.923209502873, 0.229132703104, 0.166691519181, 0.269747643305, 1.0, 1.0, 0.0703576878165, 0.0248560596231, 0.528223212903, 0.0, 0.367668640893, 1.0, 0.0, 17.0, 0.0, 8.61213929264
0.161276746069, 0.0, 0.0399573406452, 0.466089529103, 0.0, 0.726701466203, 0.0, 0.0, 1.0, 0.0, 0.0, 1.0, 0.912223259606, 1.0, 1.0, 0.629363007129, 0.158771816246, 1.0, 0.0, 0.806108159753, 1.0, 0.0, 0.0, 0.528223212903, 1.0, 0.0775225170507, 1.0, 0.0, 15.0, 0.0, 9.62149904778
0.0, 0.28924346554, 0.0, 0.0, 0.0, 0.0, 0.0, 0.268785713842, 0.0, 0.0, 0.484682939486, 0.0, 0.0560310339992, 0.323913939017, 0.549128444646, 0.156684311337, 0.0, 1.0, 1.0, 1.0, 0.150234648928, 1.0, 0.0, 0.846576216703, 0.0, 0.0, 0.447494541451, 0.0, 31.0, 0.0, 3.14471083672
1.0, 0.0, 0.443488159466, 1.0, 0.997675589204, 1.0, 0.999843991606, 1.0, 0.0, 0.975589692837, 0.657161367925, 0.233190263818, 0.00936685184742, 1.0, 1.0, 1.0, 0.6206352109, 0.0, 0.841541517959, 0.0, 0.0, 0.923443413232, 0.0, 0.831787555359, 1.0, 0.0, 0.271474852507, 0.590775894767, 5.0, 0.0, 15.2152211975
0.125770411637, 0.0, 0.0760607581752, 0.0245079238282, 0.0, 0.644426864016, 0.0, 0.0, 1.0, 0.0, 0.0, 1.0, 0.353560029705, 1.0, 1.0, 1.0, 0.229132703104, 0.466215592474, 0.269747643305, 1.0, 1.0, 0.0252087864339, 0.0281381604755, 0.528223212903, 0.0, 0.205108285111, 1.0, 0.0, 18.0, 0.0, 7.63108543765
0.0, 0.339378699606, 0.24241130025, 0.610089471846, 0.0, 0.0, 0.0, 0.416683231734, 0.367492661112, 0.916325994435, 0.949532243934, 0.0600015802717, 0.0, 0.419270966118, 0.667551550779, 1.0, 0.0, 0.195186786156, 0.109772478915, 0.794166368242, 0.0, 1.0, 0.605466804654, 0.0, 0.121664630643, 0.667831984318, 0.208600726081, 0.0, 16.0, 1.0, 8.56014653909
0.0, 0.191101513862, 0.421700165213, 0.0, 0.0, 0.0, 0.600597659654, 0.497031059357, 0.391962200852, 0.109109319072, 0.959958478824, 0.00867015257462, 0.0, 0.0988627923949, 0.618501014431, 0.398629060804, 0.0, 1.0, 1.0, 1.0, 0.0, 1.0, 0.786674653099, 0.608669220395, 0.186257220452, 0.0, 0.023161699383, 0.0, 25.0, 0.0, 5.11257760236
0.0, 0.520100112687, 0.0, 0.0, 0.0, 0.0, 0.0, 0.268785713842, 0.430856747597, 0.0, 0.361879214588, 0.701159269945, 0.0, 0.0650432795497, 0.549128444646, 0.0642854987893, 0.00171922123473, 0.200198423563, 0.0, 0.861659968628, 0.0, 1.0, 0.0, 0.517800013971, 0.0, 0.0, 0.447494541451, 0.0, 28.0, 1.0, 3.97196871409
0.0, 0.520100112687, 0.0, 0.0, 0.0, 0.0, 0.0, 0.268785713842, 0.430856747597, 0.0, 0.361879214588, 0.701159269945, 0.0, 0.0650432795497, 0.549128444646, 0.0642854987893, 0.00171922123473, 0.200198423563, 0.0, 0.861659968628, 0.0, 1.0, 0.0, 0.517800013971, 0.0, 0.0, 0.447494541451, 0.0, 28.0, 1.0, 3.97196871409
0.555547310063, 0.0, 0.0, 0.0459915722238, 0.170352184423, 0.537480850874, 0.321086856886, 0.0, 1.0, 0.0, 0.0, 0.630088108514, 0.395135149292, 1.0, 1.0, 1.0, 0.642458363671, 1.0, 0.185235869832, 1.0, 1.0, 0.0204781792526, 0.650270328843, 0.528223212903, 0.941167918584, 0.40718176904, 1.0, 0.0, 11.0, 0.0, 11.4476532806
0.383127334269, 0.0, 0.0, 0.0, 0.0, 0.260882033497, 0.225443277502, 0.110632391249, 0.0, 0.0372548837262, 0.0, 0.0326325350634, 0.0, 0.188399995298, 0.822757694818, 0.810781561895, 0.0, 0.645669938465, 0.422786902215, 1.0, 0.0, 1.0, 0.605466804654, 0.777644871711, 0.370430951226, 0.700263126728, 0.0217299460915, 0.0, 23.0, 1.0, 5.50259027588
1.0, 0.0, 0.443488159466, 1.0, 0.997675589204, 1.0, 0.999843991606, 1.0, 0.0, 0.975589692837, 0.657161367925, 0.233190263818, 0.00936685184742, 1.0, 1.0, 1.0, 0.6206352109, 0.0, 0.841541517959, 0.0, 0.0, 0.923443413232, 0.0, 0.831787555359, 1.0, 0.0, 0.271474852507, 0.590775894767, 5.0, 0.0, 15.2152211975
0.0, 0.0763366815042, 0.201601586717, 0.0, 0.408430499409, 0.0296262927724, 1.0, 0.0930206586216, 1.0, 0.205683946021, 0.0, 0.355997997366, 0.0, 0.0, 0.768740979671, 0.397130844414, 0.0, 0.0, 0.0, 0.0, 0.0, 0.416038125167, 0.225156652312, 0.0, 0.0, 0.0, 0.0, 0.491422871435, 43.0, 0.0, 1.95830090808
0.0, 0.28924346554, 0.0, 0.0, 0.0, 0.0738821237123, 0.0, 0.268785713842, 0.107737028642, 0.0, 0.361879214588, 0.701159269945, 0.0, 0.321019650111, 0.549128444646, 0.0642854987893, 0.0, 0.269795279201, 0.00715805879958, 1.0, 0.0, 0.740255694679, 0.0, 0.465023920423, 0.0, 0.0, 0.447494541451, 0.0, 33.0, 1.0, 2.87643731772
0.0, 0.28924346554, 0.0, 0.0, 0.0, 0.0738821237123, 0.0, 0.268785713842, 0.430856747597, 0.0, 0.361879214588, 0.701159269945, 0.0, 0.321019650111, 0.549128444646, 0.0642854987893, 0.0, 0.269795279201, 0.00715805879958, 1.0, 0.0, 1.0, 0.0, 0.465023920423, 0.0, 0.0, 0.447494541451, 0.454616628159, 33.0, 1.0, 2.87643731772
1.0, 0.0, 0.0, 0.466089529103, 0.0, 0.32348600532, 0.337217855423, 0.191612168668, 0.0565375850624, 0.0, 0.0, 1.0, 0.707235118866, 0.333380402282, 1.0, 1.0, 0.909701696315, 1.0, 0.0, 1.0, 0.72663756565, 0.0, 1.0, 0.734873964429, 0.677136723163, 0.40718176904, 0.866332598304, 0.0, 13.0, 1.0, 10.5592368864
0.125770411637, 0.0, 0.0, 0.466089529103, 0.0, 0.726701466203, 0.321086856886, 0.0, 1.0, 0.0, 0.0, 1.0, 0.395135149292, 1.0, 1.0, 0.677280085065, 0.642458363671, 1.0, 0.185235869832, 1.0, 1.0, 0.0, 0.650270328843, 0.528223212903, 1.0, 0.40718176904, 1.0, 0.0, 14.0, 0.0, 9.93763236672
0.751306524248, 0.0, 0.0, 0.602143786528, 0.840304632967, 0.501429202488, 0.0, 0.0424359441547, 1.0, 0.0140872281983, 0.0, 1.0, 1.0, 1.0, 0.768740979671, 1.0, 0.651467223166, 1.0, 0.0, 1.0, 1.0, 0.0, 0.0, 0.528223212903, 0.938583463297, 0.40718176904, 0.942462276482, 0.0, 7.0, 0.0, 13.775419682
0.0, 0.191101513862, 0.395956759507, 0.0, 0.0, 0.0, 0.0, 0.413140476754, 0.0, 0.00540710657874, 0.388453021241, 0.000237008667726, 0.0, 0.0, 0.0, 0.394249713074, 0.0, 1.0, 0.771688110705, 1.0, 0.0, 1.0, 0.0, 0.613524348712, 0.132798880401, 0.0675088802496, 0.0, 0.374753877524, 35.0, 1.0, 2.6197852136
0.245259917493, 0.401875997673, 0.0, 0.0, 0.233411321889, 0.0, 0.0, 0.0774588199866, 0.0478040689272, 0.0, 0.361879214588, 0.0, 0.0, 1.0, 0.549128444646, 0.0642854987893, 0.0555643601501, 0.924608256349, 1.0, 0.895969557698, 0.0, 1.0, 0.0, 0.517800013971, 0.482041033042, 0.0, 0.0, 0.761403693732, 26.0, 0.0, 4.63906533903
0.245259917493, 0.401875997673, 0.0, 0.0, 0.0, 0.0, 0.0, 0.0774588199866, 0.097145912467, 0.0, 0.361879214588, 0.0, 0.0, 1.0, 0.947847097636, 0.0642854987893, 0.0555643601501, 0.924608256349, 1.0, 0.895969557698, 0.0, 1.0, 0.0, 0.517800013971, 0.0, 0.0, 0.0, 0.761403693732, 26.0, 0.0, 4.63906533903
0.0, 0.28924346554, 0.0, 0.0, 0.0, 0.0, 0.0, 0.268785713842, 0.430856747597, 0.0, 0.260919043431, 0.988770067984, 0.0, 0.0650432795497, 0.549128444646, 0.0642854987893, 0.00184127627973, 0.200198423563, 0.0, 0.861659968628, 0.0, 1.0, 0.0, 0.775930709856, 0.0, 0.0, 0.670612324712, 0.0, 25.0, 1.0, 4.1862121665
0.195031522008, 0.0, 0.0, 0.0, 0.760839554848, 0.695213195916, 0.225443277502, 0.110632391249, 0.203138610452, 0.0372548837262, 0.0, 0.0184981188653, 0.0, 0.188399995298, 0.822757694818, 1.0, 0.0, 0.0, 0.767569284353, 1.0, 0.0, 1.0, 0.605466804654, 0.777644871711, 0.0, 0.700263126728, 0.0217299460915, 0.0, 21.0, 1.0, 6.2215862575
0.0, 0.0862360338668, 0.0, 0.878078031221, 0.0, 0.577419096897, 0.0, 0.158934346591, 1.0, 0.0, 0.0, 1.0, 0.00778216497172, 0.230467412089, 1.0, 0.778132532351, 1.0, 0.6403445955, 0.0, 1.0, 1.0, 0.0, 0.178165380438, 0.858590945937, 0.607086031099, 0.223381491043, 1.0, 0.0, 12.0, 1.0, 10.9789833919
1.0, 0.0, 0.0, 0.466089529103, 0.0, 0.32348600532, 0.337217855423, 0.191612168668, 0.0565375850624, 0.0, 0.0, 1.0, 0.707235118866, 0.333380402282, 1.0, 1.0, 0.909701696315, 1.0, 0.0, 1.0, 0.72663756565, 0.0, 1.0, 0.734873964429, 0.677136723163, 0.40718176904, 0.866332598304, 0.0, 13.0, 1.0, 10.5592368864
0.383127334269, 0.0, 0.0, 0.0, 0.0, 0.260882033497, 0.225443277502, 0.110632391249, 0.0, 0.0372548837262, 0.0, 0.0326325350634, 0.0, 0.188399995298, 0.822757694818, 0.810781561895, 0.0, 0.645669938465, 0.422786902215, 1.0, 0.0, 1.0, 0.605466804654, 0.777644871711, 0.370430951226, 0.700263126728, 0.0217299460915, 0.0, 23.0, 1.0, 5.50259027588
0.195031522008, 0.0, 0.0, 0.0, 0.760839554848, 0.695213195916, 0.225443277502, 0.110632391249, 0.203138610452, 0.0372548837262, 0.0, 0.0184981188653, 0.0, 0.188399995298, 0.822757694818, 1.0, 0.0, 0.0, 0.767569284353, 1.0, 0.0, 1.0, 0.605466804654, 0.777644871711, 0.0, 0.700263126728, 0.0217299460915, 0.0, 21.0, 1.0, 6.2215862575
0.245259917493, 0.441442532398, 0.0, 0.0, 0.0, 0.0, 0.0, 0.0774588199866, 0.097145912467, 0.0, 0.158695836369, 0.791942839389, 0.0, 0.971811785615, 0.549128444646, 0.0182737947413, 0.0473595770181, 0.924608256349, 1.0, 0.895969557698, 0.0, 1.0, 0.0, 0.517800013971, 0.0, 0.0, 0.0, 0.761403693732, 22.0, 0.0, 5.83838334907
0.245259917493, 0.441442532398, 0.0, 0.0, 0.0, 0.0, 0.0, 0.0774588199866, 0.097145912467, 0.0, 0.158695836369, 0.791942839389, 0.0, 0.971811785615, 0.549128444646, 0.0182737947413, 0.0473595770181, 0.924608256349, 1.0, 0.895969557698, 0.0, 1.0, 0.0, 0.517800013971, 0.0, 0.0, 0.0, 0.761403693732, 22.0, 0.0, 5.83838334907
1.0, 0.449333281293, 1.0, 1.0, 0.203506341409, 1.0, 0.0, 0.79686351723, 1.0, 0.302796713961, 0.0, 0.908553129701, 0.341250214308, 1.0, 0.973415897078, 1.0, 0.0, 0.0, 0.868040084476, 0.89216769253, 0.0, 0.785119238201, 0.21242929234, 1.0, 1.0, 0.452351753858, 0.0, 0.590775894767, 6.0, 0.0, 14.8858510223
0.161276746069, 0.0, 0.0399573406452, 0.466089529103, 0.0, 0.726701466203, 0.0, 0.0, 1.0, 0.0, 0.0, 1.0, 0.912223259606, 1.0, 1.0, 0.629363007129, 0.158771816246, 1.0, 0.0, 0.806108159753, 1.0, 0.0, 0.0, 0.528223212903, 1.0, 0.0775225170507, 1.0, 0.0, 15.0, 0.0, 9.62149904778
0.125770411637, 0.0, 0.0, 0.466089529103, 0.0, 0.726701466203, 0.321086856886, 0.0, 1.0, 0.0, 0.0, 1.0, 0.395135149292, 1.0, 1.0, 0.677280085065, 0.642458363671, 1.0, 0.185235869832, 1.0, 1.0, 0.0, 0.650270328843, 0.528223212903, 1.0, 0.40718176904, 1.0, 0.0, 14.0, 0.0, 9.93763236672
1.0, 0.0, 0.0, 0.20163295606, 0.0, 0.32348600532, 0.465380326316, 0.191612168668, 0.0565375850624, 0.0, 0.0, 1.0, 1.0, 0.782741192015, 1.0, 1.0, 0.909701696315, 1.0, 0.0, 1.0, 0.72663756565, 0.0, 1.0, 0.759100780087, 0.677136723163, 0.40718176904, 0.896541182364, 0.0, 12.0, 0.0, 11.1892399261
0.0, 0.191101513862, 0.395956759507, 0.0, 0.0, 0.0, 0.0, 0.413140476754, 0.0, 0.00540710657874, 0.388453021241, 0.000237008667726, 0.0, 0.0, 0.0, 0.394249713074, 0.0, 1.0, 0.771688110705, 1.0, 0.0, 1.0, 0.0, 0.613524348712, 0.132798880401, 0.0675088802496, 0.0, 0.374753877524, 35.0, 1.0, 2.6197852136
0.0364749043728, 0.115777983422, 0.195319682037, 0.0, 0.923871828076, 0.195685365359, 0.0, 1.0, 0.0, 0.0827664498927, 0.479833353443, 0.0, 0.480732399267, 0.0, 1.0, 0.693279203083, 0.0, 0.0, 0.0, 1.0, 0.356834532657, 1.0, 0.68053950512, 0.703756355255, 1.0, 0.163919598205, 0.847494570212, 0.0, 20.0, 0.0, 7.38665760953
0.125770411637, 0.0, 0.0760607581752, 0.0245079238282, 0.0, 0.644426864016, 0.0, 0.0, 1.0, 0.0, 0.0, 1.0, 0.353560029705, 1.0, 1.0, 1.0, 0.229132703104, 0.466215592474, 0.269747643305, 1.0, 1.0, 0.0252087864339, 0.0281381604755, 0.528223212903, 0.0, 0.205108285111, 1.0, 0.0, 18.0, 0.0, 7.63108543765
0.0, 0.379546591634, 0.0, 0.0, 0.0, 0.0, 0.0, 0.268785713842, 0.430856747597, 0.0, 0.361879214588, 0.114122472064, 0.0, 0.321019650111, 0.549128444646, 0.0642854987893, 0.52471567834, 0.269795279201, 0.446228954538, 1.0, 0.0, 1.0, 0.0, 0.465023920423, 0.418618420857, 0.0, 0.485800578641, 0.0, 36.0, 0.0, 2.50720557791
0.0, 0.191101513862, 0.347892661989, 0.0, 0.0, 0.0, 0.0, 0.497031059357, 0.391962200852, 0.109109319072, 0.959958478824, 0.0, 0.0, 0.0988627923949, 0.618501014431, 0.398629060804, 0.0, 1.0, 1.0, 1.0, 0.0, 1.0, 0.242622903506, 0.608669220395, 0.132798880401, 0.0, 0.447494541451, 0.0, 27.0, 0.0, 3.97553765672
0.0, 0.339378699606, 0.24241130025, 0.610089471846, 0.0, 0.0, 0.0, 0.416683231734, 0.367492661112, 0.916325994435, 0.949532243934, 0.0600015802717, 0.0, 0.419270966118, 0.667551550779, 1.0, 0.0, 0.195186786156, 0.109772478915, 0.794166368242, 0.0, 1.0, 0.605466804654, 0.0, 0.121664630643, 0.667831984318, 0.208600726081, 0.0, 16.0, 1.0, 8.56014653909
0.125770411637, 0.0, 0.0760607581752, 0.474262561382, 0.0, 0.537480850874, 0.0, 0.0, 1.0, 0.0, 0.0, 1.0, 1.0, 1.0, 1.0, 1.0, 0.326541688641, 0.466215592474, 0.0, 1.0, 1.0, 0.0252087864339, 0.0248560596231, 0.528223212903, 0.0, 0.367668640893, 1.0, 0.0, 17.0, 0.0, 8.61213929264
0.0, 0.191101513862, 0.421700165213, 0.0, 0.0, 0.0, 0.600597659654, 0.497031059357, 0.391962200852, 0.109109319072, 0.959958478824, 0.00867015257462, 0.0, 0.0988627923949, 0.618501014431, 0.398629060804, 0.0, 1.0, 1.0, 1.0, 0.0, 1.0, 0.786674653099, 0.608669220395, 0.186257220452, 0.0, 0.023161699383, 0.0, 25.0, 0.0, 5.11257760236
0.110701301364, 0.0, 0.195319682037, 0.0, 0.530394041185, 0.195685365359, 0.0, 1.0, 0.0, 0.0827664498927, 0.479833353443, 0.0, 0.480732399267, 0.0, 1.0, 0.693279203083, 0.0, 0.0, 0.0, 1.0, 0.356834532657, 1.0, 0.68053950512, 0.703756355255, 0.735596127838, 0.163919598205, 0.847494570212, 0.0, 20.0, 0.0, 7.38665760953
0.280081082871, 0.0, 0.116934582086, 0.0, 0.925645289136, 0.195685365359, 0.0, 0.973596095102, 0.0, 0.0827664498927, 0.0, 0.0, 0.456088547847, 0.0, 1.0, 0.925572968427, 0.0, 0.494574781996, 0.0745448853551, 1.0, 0.0, 1.0, 0.68053950512, 0.0, 0.735596127838, 0.407257384279, 1.0, 0.0, 21.0, 0.0, 7.37883123079
0.0, 0.28924346554, 0.0, 0.0, 0.0, 0.0, 0.0, 0.268785713842, 0.0, 0.0, 0.980217777217, 0.0, 0.0707101354702, 0.230705876929, 0.549128444646, 0.0598894516976, 0.0, 1.0, 1.0, 1.0, 0.150234648928, 1.0, 0.0, 0.994838572184, 0.0, 0.0, 0.447494541451, 0.0, 27.0, 0.0, 3.97553765672
0.0, 0.0862360338668, 0.0, 0.878078031221, 0.0, 0.577419096897, 0.0, 0.0, 1.0, 0.0, 0.394100720716, 1.0, 0.454159466017, 0.230467412089, 1.0, 0.778132532351, 1.0, 0.6403445955, 0.0, 1.0, 1.0, 0.0, 0.950748682634, 0.858590945937, 0.607086031099, 0.223381491043, 1.0, 0.0, 11.0, 1.0, 11.4460842956
0.280081082871, 0.0, 0.195319682037, 0.0, 0.841283126132, 0.195685365359, 0.0, 0.973596095102, 0.0, 0.0827664498927, 0.0, 0.0, 0.456088547847, 0.0, 1.0, 0.90363089798, 0.0, 0.0, 0.0745448853551, 1.0, 0.0, 1.0, 0.585803949756, 0.397806254052, 0.735596127838, 0.0, 1.0, 0.156626306666, 21.0, 0.0, 7.37883123079
0.0, 0.28924346554, 0.0, 0.0, 0.0, 0.0, 0.0, 0.268785713842, 0.430856747597, 0.0, 0.260919043431, 0.988770067984, 0.0, 0.0650432795497, 0.549128444646, 0.0642854987893, 0.00184127627973, 0.200198423563, 0.0, 0.861659968628, 0.0, 1.0, 0.0, 0.775930709856, 0.0, 0.0, 0.670612324712, 0.0, 25.0, 1.0, 4.1862121665
0.0, 0.0862360338668, 0.0, 0.878078031221, 0.0, 0.577419096897, 0.0, 0.158934346591, 1.0, 0.0, 0.0, 1.0, 0.00778216497172, 0.230467412089, 1.0, 0.778132532351, 1.0, 0.6403445955, 0.0, 1.0, 1.0, 0.0, 0.178165380438, 0.858590945937, 0.607086031099, 0.223381491043, 1.0, 0.0, 12.0, 1.0, 10.9789833919
1.0, 0.0, 0.0, 0.20163295606, 0.0, 0.32348600532, 0.465380326316, 0.191612168668, 0.0565375850624, 0.0, 0.0, 1.0, 1.0, 0.782741192015, 1.0, 1.0, 0.909701696315, 1.0, 0.0, 1.0, 0.72663756565, 0.0, 1.0, 0.759100780087, 0.677136723163, 0.40718176904, 0.896541182364, 0.0, 12.0, 0.0, 11.1892399261
1.0, 0.246910100404, 1.0, 1.0, 1.0, 1.0, 0.467579399717, 0.79686351723, 1.0, 0.302796713961, 0.0, 0.908553129701, 0.341250214308, 1.0, 0.973415897078, 1.0, 0.0, 0.673343930811, 0.868040084476, 0.995941047671, 0.0, 0.785119238201, 0.870218818761, 1.0, 1.0, 0.0, 0.0, 0.590775894767, 3.0, 0.0, 16.1612930231
1.0, 0.246910100404, 1.0, 1.0, 1.0, 1.0, 0.467579399717, 0.79686351723, 1.0, 0.302796713961, 0.0, 0.908553129701, 0.341250214308, 1.0, 0.973415897078, 1.0, 0.0, 0.673343930811, 0.868040084476, 0.995941047671, 0.0, 0.785119238201, 0.870218818761, 1.0, 1.0, 0.0, 0.0, 0.590775894767, 3.0, 0.0, 16.1612930231
0.0364749043728, 0.115777983422, 0.195319682037, 0.0, 0.923871828076, 0.195685365359, 0.0, 1.0, 0.0, 0.0827664498927, 0.479833353443, 0.0, 0.480732399267, 0.0, 1.0, 0.693279203083, 0.0, 0.0, 0.0, 1.0, 0.356834532657, 1.0, 0.68053950512, 0.703756355255, 1.0, 0.163919598205, 0.847494570212, 0.0, 20.0, 0.0, 7.38665760953
0.110701301364, 0.0, 0.195319682037, 0.0, 0.530394041185, 0.195685365359, 0.0, 1.0, 0.0, 0.0827664498927, 0.479833353443, 0.0, 0.480732399267, 0.0, 1.0, 0.693279203083, 0.0, 0.0, 0.0, 1.0, 0.356834532657, 1.0, 0.68053950512, 0.703756355255, 0.735596127838, 0.163919598205, 0.847494570212, 0.0, 20.0, 0.0, 7.38665760953
0.0, 0.28924346554, 0.0, 0.0, 0.275364467475, 0.0, 0.0, 0.268785713842, 0.430856747597, 0.0, 0.361879214588, 0.701159269945, 0.0, 0.0650432795497, 0.549128444646, 0.0642854987893, 0.0, 0.4996087504, 0.135818235914, 1.0, 0.0, 1.0, 0.0, 0.344459739806, 0.0, 0.0, 0.447494541451, 0.0, 33.0, 1.0, 2.87643731772
0.0, 0.28924346554, 0.0, 0.0, 0.0, 0.412000980255, 0.0, 0.268785713842, 0.430856747597, 0.0, 0.361879214588, 0.701159269945, 0.0, 0.0650432795497, 0.549128444646, 0.0642854987893, 0.0, 0.4996087504, 0.135818235914, 0.945353146376, 0.0, 1.0, 0.492300545053, 0.344459739806, 0.0, 0.0, 0.447494541451, 0.0, 33.0, 1.0, 2.87643731772
0.0, 0.28924346554, 0.0, 0.0, 0.0, 0.0738821237123, 0.0, 0.268785713842, 0.107737028642, 0.0, 0.361879214588, 0.701159269945, 0.0, 0.321019650111, 0.549128444646, 0.0642854987893, 0.0, 0.269795279201, 0.00715805879958, 1.0, 0.0, 0.740255694679, 0.0, 0.465023920423, 0.0, 0.0, 0.447494541451, 0.0, 33.0, 1.0, 2.87643731772
0.0, 0.28924346554, 0.0, 0.0, 0.0, 0.0738821237123, 0.0, 0.268785713842, 0.430856747597, 0.0, 0.361879214588, 0.701159269945, 0.0, 0.321019650111, 0.549128444646, 0.0642854987893, 0.0, 0.269795279201, 0.00715805879958, 1.0, 0.0, 1.0, 0.0, 0.465023920423, 0.0, 0.0, 0.447494541451, 0.454616628159, 33.0, 1.0, 2.87643731772
0.0, 0.28924346554, 0.0, 0.0, 0.275364467475, 0.0, 0.0, 0.268785713842, 0.430856747597, 0.0, 0.361879214588, 0.701159269945, 0.0, 0.0650432795497, 0.549128444646, 0.0642854987893, 0.0, 0.4996087504, 0.135818235914, 1.0, 0.0, 1.0, 0.0, 0.344459739806, 0.0, 0.0, 0.447494541451, 0.0, 33.0, 1.0, 2.87643731772
0.0, 0.28924346554, 0.0, 0.0, 0.0, 0.412000980255, 0.0, 0.268785713842, 0.430856747597, 0.0, 0.361879214588, 0.701159269945, 0.0, 0.0650432795497, 0.549128444646, 0.0642854987893, 0.0, 0.4996087504, 0.135818235914, 0.945353146376, 0.0, 1.0, 0.492300545053, 0.344459739806, 0.0, 0.0, 0.447494541451, 0.0, 33.0, 1.0, 2.87643731772
0.163282728737, 0.0, 0.195319682037, 0.0, 0.760839554848, 0.195685365359, 0.0, 1.0, 0.0, 0.0827664498927, 0.0, 0.0, 0.341250214308, 0.0, 0.671788989354, 0.693279203083, 0.0, 0.0, 0.0, 1.0, 0.408230780101, 1.0, 0.68053950512, 0.26908542044, 1.0, 0.157181104969, 1.0, 0.0, 21.0, 0.0, 7.37883123079
0.163282728737, 0.0, 0.195319682037, 0.0, 0.975935376375, 0.195685365359, 0.0, 0.973596095102, 0.135989270768, 0.0827664498927, 0.0, 0.0, 0.456088547847, 0.0, 1.0, 0.90363089798, 0.0, 0.0, 0.0745448853551, 1.0, 0.0, 0.917967281574, 0.807541021581, 0.0, 0.735596127838, 0.407257384279, 1.0, 0.0, 21.0, 0.0, 7.37883123079
0.280081082871, 0.0, 0.176667158912, 0.0, 0.975935376375, 0.195685365359, 0.0, 0.973596095102, 0.0, 0.0827664498927, 0.0, 0.0, 0.456088547847, 0.0, 1.0, 0.90363089798, 0.0, 0.336861735124, 0.0745448853551, 1.0, 0.0, 1.0, 0.807541021581, 0.0, 0.735596127838, 0.0, 1.0, 0.0, 21.0, 0.0, 7.37883123079
0.163282728737, 0.0, 0.195319682037, 0.0, 0.841283126132, 0.195685365359, 0.0, 0.973596095102, 0.0, 0.0827664498927, 0.0, 0.0, 0.456088547847, 0.0, 1.0, 0.90363089798, 0.0, 0.0, 0.0745448853551, 1.0, 0.0, 1.0, 0.68053950512, 0.0, 0.735596127838, 0.0, 1.0, 0.0, 21.0, 0.0, 7.37883123079
0.163282728737, 0.0, 0.195319682037, 0.0, 0.975935376375, 0.195685365359, 0.0, 0.973596095102, 0.0, 0.0827664498927, 0.0, 0.0, 0.456088547847, 0.0, 1.0, 0.991281010246, 0.0, 0.0, 0.0745448853551, 1.0, 0.0, 1.0, 0.807541021581, 0.0, 0.735596127838, 0.0, 0.550986585772, 0.0, 21.0, 0.0, 7.37883123079
0.280081082871, 0.0, 0.116934582086, 0.0, 0.925645289136, 0.195685365359, 0.0, 0.973596095102, 0.0, 0.0827664498927, 0.0, 0.0, 0.456088547847, 0.0, 1.0, 0.925572968427, 0.0, 0.494574781996, 0.0745448853551, 1.0, 0.0, 1.0, 0.68053950512, 0.0, 0.735596127838, 0.407257384279, 1.0, 0.0, 21.0, 0.0, 7.37883123079
0.280081082871, 0.0, 0.195319682037, 0.0, 0.841283126132, 0.195685365359, 0.0, 0.973596095102, 0.0, 0.0827664498927, 0.0, 0.0, 0.456088547847, 0.0, 1.0, 0.90363089798, 0.0, 0.0, 0.0745448853551, 1.0, 0.0, 1.0, 0.585803949756, 0.397806254052, 0.735596127838, 0.0, 1.0, 0.156626306666, 21.0, 0.0, 7.37883123079
0.163282728737, 0.0, 0.195319682037, 0.0, 0.760839554848, 0.195685365359, 0.0, 1.0, 0.0, 0.0827664498927, 0.0, 0.0, 0.341250214308, 0.0, 0.671788989354, 0.693279203083, 0.0, 0.0, 0.0, 1.0, 0.408230780101, 1.0, 0.68053950512, 0.26908542044, 1.0, 0.157181104969, 1.0, 0.0, 21.0, 0.0, 7.37883123079
0.163282728737, 0.0, 0.195319682037, 0.0, 0.975935376375, 0.195685365359, 0.0, 0.973596095102, 0.135989270768, 0.0827664498927, 0.0, 0.0, 0.456088547847, 0.0, 1.0, 0.90363089798, 0.0, 0.0, 0.0745448853551, 1.0, 0.0, 0.917967281574, 0.807541021581, 0.0, 0.735596127838, 0.407257384279, 1.0, 0.0, 21.0, 0.0, 7.37883123079
0.280081082871, 0.0, 0.176667158912, 0.0, 0.975935376375, 0.195685365359, 0.0, 0.973596095102, 0.0, 0.0827664498927, 0.0, 0.0, 0.456088547847, 0.0, 1.0, 0.90363089798, 0.0, 0.336861735124, 0.0745448853551, 1.0, 0.0, 1.0, 0.807541021581, 0.0, 0.735596127838, 0.0, 1.0, 0.0, 21.0, 0.0, 7.37883123079
0.163282728737, 0.0, 0.195319682037, 0.0, 0.841283126132, 0.195685365359, 0.0, 0.973596095102, 0.0, 0.0827664498927, 0.0, 0.0, 0.456088547847, 0.0, 1.0, 0.90363089798, 0.0, 0.0, 0.0745448853551, 1.0, 0.0, 1.0, 0.68053950512, 0.0, 0.735596127838, 0.0, 1.0, 0.0, 21.0, 0.0, 7.37883123079
0.163282728737, 0.0, 0.195319682037, 0.0, 0.975935376375, 0.195685365359, 0.0, 0.973596095102, 0.0, 0.0827664498927, 0.0, 0.0, 0.456088547847, 0.0, 1.0, 0.991281010246, 0.0, 0.0, 0.0745448853551, 1.0, 0.0, 1.0, 0.807541021581, 0.0, 0.735596127838, 0.0, 0.550986585772, 0.0, 21.0, 0.0, 7.37883123079
0.0, 0.191101513862, 0.347892661989, 0.0, 0.0, 0.0, 0.0, 0.497031059357, 0.391962200852, 0.109109319072, 0.959958478824, 0.0, 0.0, 0.0988627923949, 0.618501014431, 0.398629060804, 0.0, 1.0, 1.0, 1.0, 0.0, 1.0, 0.242622903506, 0.608669220395, 0.132798880401, 0.0, 0.447494541451, 0.0, 27.0, 0.0, 3.97553765672
0.0, 0.28924346554, 0.0, 0.0, 0.0, 0.0, 0.0, 0.268785713842, 0.0, 0.0, 0.980217777217, 0.0, 0.0707101354702, 0.230705876929, 0.549128444646, 0.0598894516976, 0.0, 1.0, 1.0, 1.0, 0.150234648928, 1.0, 0.0, 0.994838572184, 0.0, 0.0, 0.447494541451, 0.0, 27.0, 0.0, 3.97553765672
0.125770411637, 0.0, 0.0760607581752, 0.474262561382, 0.0, 0.537480850874, 0.0, 0.0, 1.0, 0.0, 0.0, 1.0, 1.0, 1.0, 1.0, 0.923209502873, 0.229132703104, 0.166691519181, 0.269747643305, 1.0, 1.0, 0.0703576878165, 0.0248560596231, 0.528223212903, 0.0, 0.367668640893, 1.0, 0.0, 17.0, 0.0, 8.61213929264
0.125770411637, 0.0, 0.0760607581752, 0.474262561382, 0.0, 0.537480850874, 0.0, 0.0, 1.0, 0.0, 0.0, 1.0, 1.0, 1.0, 1.0, 1.0, 0.326541688641, 0.466215592474, 0.0, 1.0, 1.0, 0.0252087864339, 0.0248560596231, 0.528223212903, 0.0, 0.367668640893, 1.0, 0.0, 17.0, 0.0, 8.61213929264
