0.0, 0.0862360338668, 0.0, 0.00437416348595, 0.22267405632, 0.030359412686, 0.314481423855, 0.0, 0.417513354249, 0.326932340135, 0.171483557795, 0.0600015802717, 0.0, 0.0, 0.271194179045, 0.397130844414, 0.0, 0.529994417047, 0.0, 0.0, 0.0, 0.477127988453, 0.7503633251, 0.296846369097, 0.0, 0.0877327870173, 0.0, 0.0, 41.0, 0.0, 1.99431608278
0.0, 0.0862360338668, 0.0, 0.00437416348595, 0.22267405632, 0.030359412686, 0.314481423855, 0.062316168735, 0.417513354249, 0.326932340135, 0.171483557795, 0.355709225474, 0.0, 0.0, 0.271194179045, 0.397130844414, 0.0, 0.529994417047, 0.0, 0.0, 0.0, 0.477127988453, 0.7503633251, 0.296846369097, 0.0, 0.0877327870173, 0.0, 0.0, 41.0, 0.0, 1.99431608278
1.0, 0.246910100404, 1.0, 0.66920248636, 1.0, 1.0, 0.835556371521, 0.79686351723, 1.0, 0.302796713961, 0.0, 0.908553129701, 0.341250214308, 1.0, 0.797304709686, 0.813549458467, 0.0, 0.673343930811, 0.868040084476, 0.997032009974, 0.0, 0.785119238201, 0.870218818761, 1.0, 1.0, 0.0, 0.35236365464, 0.590775894767, 2.0, 0.0, 16.8312320651
1.0, 0.246910100404, 1.0, 0.66920248636, 1.0, 1.0, 0.835556371521, 0.79686351723, 1.0, 0.302796713961, 0.0, 0.908553129701, 0.341250214308, 1.0, 0.797304709686, 0.813549458467, 0.0, 0.673343930811, 0.868040084476, 0.997032009974, 0.0, 0.785119238201, 0.870218818761, 1.0, 1.0, 0.0, 0.35236365464, 0.590775894767, 2.0, 0.0, 16.8312320651
0.0, 0.28924346554, 0.0, 0.0, 0.0, 0.0, 0.0, 0.268785713842, 0.0, 0.0, 0.260919043431, 0.999448256585, 0.0, 0.0650432795497, 0.412559270557, 0.471571319268, 0.00184127627973, 0.200198423563, 0.0, 1.0, 0.0, 1.0, 0.0, 0.775930709856, 0.0, 0.0, 0.226732688072, 0.0, 33.0, 2.0, 2.59075527834
0.751306524248, 0.0, 0.0, 0.602143786528, 0.840304632967, 1.0, 0.0, 0.79686351723, 1.0, 0.0140872281983, 0.0, 0.938879146709, 1.0, 0.0650432795497, 0.768740979671, 1.0, 0.494814398245, 1.0, 0.0, 1.0, 1.0, 0.314888544335, 0.0, 0.528223212903, 0.938583463297, 0.00312194564426, 0.942462276482, 0.0, 6.0, 1.0, 14.6795368122
0.0, 0.191101513862, 0.0960179312043, 0.0, 0.110024518996, 0.0, 0.441441316144, 0.413140476754, 0.0, 0.00540710657874, 0.183496690337, 0.199746775597, 0.0, 0.0, 0.0, 0.394249713074, 0.0, 0.0301790223534, 0.771688110705, 1.0, 0.0, 1.0, 0.0, 0.613524348712, 0.139475044762, 0.0675088802496, 0.208600726081, 0.374753877524, 36.0, 1.0, 2.02187720453
0.0, 0.339378699606, 0.24241130025, 0.0, 0.0, 0.0, 0.0, 0.416683231734, 0.327678880723, 0.916325994435, 0.949532243934, 0.0600015802717, 0.0, 0.590331669261, 0.667551550779, 1.0, 0.0, 0.529994417047, 0.135818235914, 0.845362645471, 0.0, 1.0, 0.605466804654, 0.0, 0.121664630643, 0.667831984318, 0.158104967056, 0.0, 18.0, 2.0, 7.64960261928
0.751306524248, 0.0643794973295, 0.0, 0.602143786528, 0.840304632967, 0.501429202488, 0.0, 0.0424359441547, 1.0, 0.0140872281983, 0.225428883869, 1.0, 1.0, 0.562129399037, 0.768740979671, 1.0, 0.00171922123473, 1.0, 0.0, 1.0, 0.872282598841, 0.0, 0.431726808724, 0.528223212903, 0.938583463297, 0.464373785128, 0.942462276482, 0.0, 8.0, 0.0, 12.9453334118
0.0, 0.28924346554, 0.0, 0.0, 0.0, 0.726701466203, 0.0, 0.268785713842, 0.269575369257, 0.0, 0.484682939486, 0.0, 0.0560310339992, 0.497099820272, 0.549128444646, 0.156684311337, 0.0, 1.0, 1.0, 1.0, 0.150234648928, 0.697933723839, 0.0, 0.846576216703, 0.0, 0.0, 0.447494541451, 0.0, 30.0, 0.0, 3.62074180314
0.0, 0.0862360338668, 0.0, 0.00437416348595, 0.22267405632, 0.030359412686, 0.0, 0.0, 0.427021155948, 0.326932340135, 0.0, 0.0600015802717, 0.0, 0.0, 0.097926662127, 0.397130844414, 0.0, 0.529994417047, 0.0, 0.609788461022, 0.0, 0.1908752972, 0.7503633251, 0.278756211029, 0.0, 0.0818917678097, 0.0, 0.0, 40.0, 0.0, 2.02429509952
0.0, 0.0, 0.0, 0.0459915722238, 0.170352184423, 0.16915972048, 0.590809536644, 0.0, 0.637749744372, 0.0, 0.0, 0.630088108514, 0.395135149292, 1.0, 1.0, 1.0, 0.642458363671, 1.0, 0.185235869832, 1.0, 1.0, 0.0204781792526, 0.650270328843, 0.528223212903, 0.275204356873, 0.40718176904, 1.0, 0.0, 15.0, 0.0, 9.72008869616
0.125770411637, 0.0, 0.0, 0.474262561382, 0.491772355036, 0.663949127238, 0.0, 0.0, 1.0, 0.0, 0.0, 1.0, 1.0, 0.895293521356, 0.926277814315, 0.99025617424, 0.229132703104, 0.166691519181, 0.443989057837, 1.0, 1.0, 0.0703576878165, 0.0248560596231, 0.528223212903, 0.0, 0.367668640893, 1.0, 0.0, 17.0, 0.0, 8.61213929264
1.0, 0.246910100404, 1.0, 1.0, 1.0, 1.0, 0.467579399717, 0.827542813139, 0.311895170202, 0.703166400799, 0.0, 0.908553129701, 0.341250214308, 1.0, 0.797304709686, 1.0, 0.0, 0.285104851734, 0.868040084476, 0.997032009974, 0.0, 0.794446139607, 0.568036667419, 1.0, 1.0, 0.0, 0.35236365464, 0.590775894767, 4.0, 0.0, 15.4939576335
0.0, 0.0, 0.0, 0.0459915722238, 0.170352184423, 0.16915972048, 0.590809536644, 0.0, 0.637749744372, 0.0, 0.0, 0.630088108514, 0.395135149292, 1.0, 1.0, 1.0, 0.642458363671, 1.0, 0.185235869832, 1.0, 1.0, 0.0204781792526, 0.650270328843, 0.528223212903, 0.275204356873, 0.40718176904, 1.0, 0.0, 15.0, 0.0, 9.72008869616
1.0, 0.449333281293, 1.0, 1.0, 0.132300175823, 1.0, 0.314481423855, 0.79686351723, 1.0, 0.302796713961, 0.394100720716, 0.908553129701, 0.452736367433, 1.0, 1.0, 1.0, 0.0, 0.0, 0.868040084476, 0.89216769253, 0.0, 0.785119238201, 0.21242929234, 1.0, 1.0, 0.0050082197186, 0.0, 0.590775894767, 6.0, 0.0, 14.8858510223
0.125770411637, 0.28924346554, 0.0, 0.0, 0.0, 0.726701466203, 0.0, 0.268785713842, 0.269575369257, 0.0, 0.270079340204, 0.0, 0.0560310339992, 0.323913939017, 0.549128444646, 0.156684311337, 0.02352190179, 0.421357876466, 1.0, 1.0, 0.150234648928, 0.697933723839, 0.0, 0.846576216703, 0.0, 0.0, 0.447494541451, 0.0, 31.0, 0.0, 3.02283379407
0.0, 0.362619515019, 0.0, 0.0, 0.0, 0.0, 0.0, 0.399622189234, 0.0, 0.0, 0.982524166236, 0.415908919216, 0.0707101354702, 0.0509078023152, 0.549128444646, 0.0598894516976, 0.0, 1.0, 1.0, 1.0, 0.150234648928, 1.0, 0.0, 0.994838572184, 0.0, 0.0, 0.447494541451, 0.0, 27.0, 0.0, 3.97553765672
0.110701301364, 0.0, 0.195319682037, 0.0, 0.530394041185, 0.195685365359, 0.0, 0.520238290215, 0.106007275906, 0.0159509369449, 0.479833353443, 0.0, 0.480732399267, 0.0, 1.0, 0.693279203083, 0.0, 0.200198423563, 0.166260099212, 1.0, 0.356834532657, 1.0, 0.68053950512, 0.703756355255, 0.735596127838, 0.163919598205, 0.847494570212, 0.0, 20.0, 0.0, 7.38665760953
0.204082893549, 0.339378699606, 0.395956759507, 0.0, 0.0, 0.0, 0.0, 0.460970533426, 0.367492661112, 0.916325994435, 0.949532243934, 0.384152587309, 0.0, 0.266117521533, 0.667551550779, 1.0, 0.0, 0.0, 0.0915617673417, 0.794166368242, 0.0185669684935, 1.0, 0.605466804654, 0.0, 0.121664630643, 0.667831984318, 0.0, 0.0, 20.0, 2.0, 6.42169157055
0.751306524248, 0.0643794973295, 0.0, 0.602143786528, 0.840304632967, 0.501429202488, 0.0, 0.0424359441547, 1.0, 0.0140872281983, 0.225428883869, 1.0, 1.0, 0.562129399037, 0.768740979671, 1.0, 0.00171922123473, 1.0, 0.0, 1.0, 0.872282598841, 0.0, 0.431726808724, 0.528223212903, 0.938583463297, 0.464373785128, 0.942462276482, 0.0, 8.0, 0.0, 12.9453334118
1.0, 0.246910100404, 1.0, 0.66920248636, 1.0, 1.0, 0.467579399717, 0.79686351723, 1.0, 0.302796713961, 0.0567874055267, 0.908553129701, 0.341250214308, 1.0, 0.797304709686, 1.0, 0.0, 0.673343930811, 0.868040084476, 0.9970556964, 0.0, 0.785119238201, 0.870218818761, 1.0, 1.0, 0.0883234029377, 0.35236365464, 0.590775894767, 3.0, 0.0, 16.1612930231
1.0, 0.246910100404, 1.0, 1.0, 1.0, 1.0, 0.448731234765, 0.79686351723, 1.0, 0.302796713961, 0.0, 0.908553129701, 0.341250214308, 1.0, 0.973415897078, 1.0, 0.0, 0.934875698263, 0.602893897045, 0.995941047671, 0.0, 0.733702934741, 0.870218818761, 1.0, 1.0, 0.182368531115, 0.0, 0.937825207816, 3.0, 0.0, 16.1612930231
1.0, 0.246910100404, 1.0, 1.0, 1.0, 1.0, 0.467579399717, 0.827542813139, 0.311895170202, 0.703166400799, 0.0, 0.908553129701, 0.341250214308, 1.0, 0.797304709686, 1.0, 0.0, 0.285104851734, 0.868040084476, 0.997032009974, 0.0, 0.794446139607, 0.568036667419, 1.0, 1.0, 0.0, 0.35236365464, 0.590775894767, 4.0, 0.0, 15.4939576335
0.0, 0.0788465553016, 0.24241130025, 0.497395093044, 0.0, 0.0, 0.0, 0.416683231734, 0.367492661112, 0.916325994435, 0.949532243934, 0.0600015802717, 0.0, 0.590331669261, 0.667551550779, 1.0, 0.0, 0.529994417047, 0.109772478915, 0.794166368242, 0.0, 1.0, 0.605466804654, 0.24486892049, 0.0246539949674, 0.667831984318, 0.208600726081, 0.0, 18.0, 2.0, 7.64960261928
0.0364749043728, 0.00560741448441, 0.195319682037, 0.0, 0.923871828076, 0.195685365359, 0.0, 1.0, 0.0, 0.0827664498927, 0.479833353443, 0.0, 0.480732399267, 0.0, 1.0, 0.693279203083, 0.522173603572, 0.0, 0.0, 1.0, 0.356834532657, 1.0, 0.68053950512, 0.703756355255, 1.0, 0.163919598205, 0.847494570212, 0.0, 19.0, 0.0, 8.21674387975
0.0, 0.0862360338668, 0.0, 0.00437416348595, 0.22267405632, 0.030359412686, 0.0, 0.0, 0.427021155948, 0.326932340135, 0.0, 0.0600015802717, 0.0, 0.0, 0.097926662127, 0.397130844414, 0.0, 0.529994417047, 0.0, 0.609788461022, 0.0, 0.1908752972, 0.7503633251, 0.278756211029, 0.0, 0.0877327870173, 0.141228707866, 0.0, 40.0, 0.0, 2.02429509952
0.0, 0.0862360338668, 0.0, 0.942326249342, 0.0, 0.577419096897, 0.0, 0.0, 0.647721985791, 0.222031174062, 0.0, 1.0, 0.454159466017, 0.230467412089, 1.0, 0.778132532351, 1.0, 0.6403445955, 0.0, 1.0, 1.0, 0.0, 0.950748682634, 0.858590945937, 0.607086031099, 0.185257622557, 1.0, 0.0, 11.0, 1.0, 11.4460842956
0.0, 0.28924346554, 0.0, 0.0, 0.0, 0.0, 0.0, 0.399622189234, 0.0, 0.0, 0.260919043431, 0.999448256585, 0.0, 0.0650432795497, 0.549128444646, 0.0642854987893, 0.00184127627973, 0.200198423563, 0.0, 1.0, 0.0, 1.0, 0.253954466477, 0.775930709856, 0.0, 0.0, 0.670612324712, 0.173855296936, 25.0, 1.0, 4.1862121665
0.195031522008, 0.0, 0.0, 0.0, 0.760839554848, 0.633382819936, 0.225443277502, 0.110632391249, 0.203138610452, 0.0372548837262, 0.391915723995, 0.0184981188653, 0.0, 0.154409846854, 0.822757694818, 1.0, 0.0, 0.0, 0.422786902215, 1.0, 0.0, 1.0, 0.605466804654, 0.777644871711, 0.00828518465, 0.10243702001, 0.0217299460915, 0.0, 26.0, 0.0, 4.67358622264
0.245259917493, 0.441442532398, 0.0, 0.0, 0.0122815919281, 0.560150360522, 0.0, 0.0774588199866, 0.097145912467, 0.0, 0.158695836369, 0.943337231467, 0.0, 0.971811785615, 0.549128444646, 0.394249713074, 0.0473595770181, 0.924608256349, 1.0, 0.895969557698, 0.0, 0.789601853469, 0.0, 0.517800013971, 0.0, 0.0, 0.0, 0.761403693732, 21.0, 0.0, 6.31441431549
0.0, 0.28924346554, 0.0, 0.0, 0.0, 0.695213195916, 0.0, 0.268785713842, 0.430856747597, 0.323465323683, 0.260919043431, 0.999490458261, 0.0, 0.0650432795497, 0.929919703126, 0.0642854987893, 0.00184127627973, 0.200198423563, 0.604762227988, 0.574094329033, 0.0, 1.0, 0.0, 0.775930709856, 0.0, 0.0, 0.670612324712, 0.0, 23.0, 1.0, 5.29268306914
0.0, 0.339378699606, 0.421700165213, 0.0, 0.0345301976048, 0.0, 0.0, 0.416683231734, 0.379618581704, 0.899590055797, 0.949532243934, 0.0600015802717, 0.0, 0.419270966118, 0.667551550779, 0.0598894516976, 0.0, 0.166118485835, 0.109772478915, 0.794166368242, 0.0, 0.654286586318, 0.605466804654, 0.0, 0.121664630643, 0.81491824622, 0.208600726081, 0.0, 24.0, 2.0, 4.8180331975
0.0, 0.28924346554, 0.0, 0.0, 0.0, 0.412000980255, 0.0, 0.268785713842, 0.439763490873, 0.0, 0.361879214588, 0.701159269945, 0.0, 0.0455137998165, 0.549128444646, 0.0642854987893, 0.0, 0.4996087504, 0.109772478915, 0.945353146376, 0.0, 1.0, 0.492300545053, 0.344459739806, 0.0, 0.0, 0.447494541451, 0.0, 33.0, 1.0, 2.87643731772
0.0, 0.28924346554, 0.0, 0.0, 0.0, 0.191076616798, 0.0, 0.268785713842, 0.107737028642, 0.0, 0.361879214588, 0.323986501098, 0.0, 0.528823109454, 0.549128444646, 0.0642854987893, 0.0, 0.591674756252, 0.00715805879958, 1.0, 0.0, 0.740255694679, 0.0, 0.465023920423, 0.0, 0.0, 0.447494541451, 0.0, 35.0, 0.0, 2.90503035641
0.0, 0.0862360338668, 0.357932103149, 0.0424835296194, 0.0, 0.577419096897, 0.237386465876, 0.158934346591, 1.0, 0.0, 0.0, 1.0, 0.00778216497172, 0.230467412089, 1.0, 0.778132532351, 1.0, 0.0, 0.0, 1.0, 1.0, 0.0, 0.178165380438, 0.858590945937, 0.607086031099, 0.0, 1.0, 0.0, 17.0, 1.0, 8.24262041429
0.0, 0.362619515019, 0.0, 0.0, 0.0, 0.0, 0.0, 0.399622189234, 0.0, 0.0, 0.982524166236, 0.415908919216, 0.0707101354702, 0.0509078023152, 0.549128444646, 0.0598894516976, 0.0, 1.0, 1.0, 1.0, 0.150234648928, 1.0, 0.0, 0.994838572184, 0.0, 0.0, 0.447494541451, 0.0, 27.0, 0.0, 3.97553765672
0.0, 0.28924346554, 0.0, 0.0, 0.0, 0.726701466203, 0.0, 0.268785713842, 0.269575369257, 0.0, 0.484682939486, 0.0, 0.0560310339992, 0.497099820272, 0.549128444646, 0.156684311337, 0.0, 1.0, 1.0, 1.0, 0.150234648928, 0.697933723839, 0.0, 0.846576216703, 0.0, 0.0, 0.447494541451, 0.0, 30.0, 0.0, 3.62074180314
0.0, 0.0862360338668, 0.430220812525, 0.898069951246, 0.0, 0.780693260504, 0.0537583463014, 0.158934346591, 1.0, 0.0, 0.132294524249, 1.0, 0.00778216497172, 0.230467412089, 1.0, 0.778132532351, 1.0, 0.0, 0.0, 1.0, 1.0, 0.0, 0.178165380438, 0.858590945937, 0.607086031099, 0.223381491043, 1.0, 0.0, 13.0, 1.0, 10.3810753828
0.0, 0.362619515019, 0.0, 0.0, 0.0, 0.0, 0.0, 0.268785713842, 0.536132325191, 0.0, 0.980217777217, 0.415908919216, 0.0707101354702, 0.0509078023152, 0.549128444646, 0.0598894516976, 0.954378209914, 1.0, 1.0, 1.0, 0.150234648928, 1.0, 0.0, 0.994838572184, 0.0, 0.0, 0.447494541451, 0.0, 25.0, 0.0, 5.56906016995
0.0, 0.28924346554, 0.0, 0.0, 0.0, 0.695213195916, 0.0, 0.268785713842, 0.430856747597, 0.323465323683, 0.260919043431, 0.999490458261, 0.0, 0.0650432795497, 0.929919703126, 0.0642854987893, 0.00184127627973, 0.200198423563, 0.604762227988, 0.574094329033, 0.0, 1.0, 0.0, 0.775930709856, 0.0, 0.0, 0.670612324712, 0.0, 23.0, 1.0, 5.29268306914
0.245259917493, 0.441442532398, 0.0, 0.0, 0.0122815919281, 0.0, 0.0, 0.0774588199866, 0.097145912467, 0.0, 0.158695836369, 0.791942839389, 0.0, 0.971811785615, 0.697496239239, 0.0182737947413, 0.0473595770181, 0.924608256349, 1.0, 0.96363006742, 0.0, 0.789601853469, 0.0, 0.517800013971, 0.0, 0.0, 0.0, 0.761403693732, 22.0, 0.0, 5.83838334907
0.112171206864, 0.0, 0.0, 0.0, 0.760839554848, 0.695213195916, 0.225443277502, 0.110632391249, 0.203138610452, 0.0372548837262, 0.391915723995, 0.0184981188653, 0.0, 0.0821866239944, 0.884210993306, 1.0, 0.0, 0.0, 0.422786902215, 1.0, 0.0, 1.0, 0.605466804654, 0.777644871711, 0.18104403183, 0.700263126728, 0.0217299460915, 0.0, 22.0, 1.0, 5.59114632128
0.555547310063, 0.0, 0.0, 0.0459915722238, 0.170352184423, 0.16915972048, 0.590809536644, 0.0, 0.573619371819, 0.0, 0.0, 0.630088108514, 0.480732399267, 1.0, 1.0, 1.0, 0.642458363671, 1.0, 0.185235869832, 1.0, 1.0, 0.0204781792526, 0.650270328843, 0.528223212903, 0.275204356873, 0.410260259948, 1.0, 0.0, 12.0, 0.0, 11.23010961
1.0, 0.449333281293, 1.0, 1.0, 0.203506341409, 0.501429202488, 0.0, 0.0424359441547, 1.0, 0.302796713961, 0.0, 0.908553129701, 0.341250214308, 1.0, 0.990456112589, 1.0, 0.0, 0.0, 0.868040084476, 0.89216769253, 0.0, 0.632156056521, 0.21242929234, 1.0, 1.0, 0.452351753858, 0.0, 0.590775894767, 9.0, 0.0, 12.5216445822
0.751306524248, 0.0643794973295, 0.0, 0.602143786528, 0.627885954578, 0.501429202488, 0.0, 0.0424359441547, 1.0, 0.0140872281983, 0.225428883869, 1.0, 1.0, 0.0650432795497, 0.768740979671, 1.0, 0.00171922123473, 1.0, 0.0, 1.0, 0.872282598841, 0.0, 0.385837650864, 0.528223212903, 0.938583463297, 0.464373785128, 0.942462276482, 0.0, 9.0, 1.0, 12.3153303721
0.66669885085, 0.339378699606, 0.24241130025, 0.670080724157, 0.0, 0.0, 0.0, 0.416683231734, 0.367492661112, 0.916325994435, 0.949532243934, 0.0600015802717, 0.0, 0.590331669261, 0.667551550779, 1.0, 0.0, 0.529994417047, 0.109772478915, 0.794166368242, 0.0, 1.0, 0.605466804654, 0.0, 0.121664630643, 0.667831984318, 0.208600726081, 0.0, 12.0, 1.0, 10.7630038952
0.0, 0.28924346554, 0.0, 0.0, 0.0, 0.0, 0.0, 0.268785713842, 0.0, 0.0, 0.260919043431, 0.999448256585, 0.0, 0.0650432795497, 0.412559270557, 0.471571319268, 0.00184127627973, 0.200198423563, 0.0, 1.0, 0.0, 1.0, 0.0, 0.775930709856, 0.0, 0.0, 0.226732688072, 0.0, 33.0, 2.0, 2.59075527834
0.555547310063, 0.0862360338668, 0.221103688526, 0.919995886668, 0.0, 0.878219122348, 0.337217855423, 0.158934346591, 1.0, 0.0, 0.0, 1.0, 0.00778216497172, 0.230467412089, 1.0, 0.778132532351, 1.0, 0.183098308246, 0.606919404008, 0.693142706048, 1.0, 0.0, 0.178165380438, 0.858590945937, 0.607086031099, 0.403788208146, 0.866332598304, 0.0, 10.0, 1.0, 11.9864616264
0.0, 0.339378699606, 0.421700165213, 0.0, 0.0345301976048, 0.0, 0.0, 0.416683231734, 0.379618581704, 0.899590055797, 0.949532243934, 0.0600015802717, 0.0, 0.419270966118, 0.667551550779, 0.0598894516976, 0.0, 0.166118485835, 0.109772478915, 0.794166368242, 0.0, 0.654286586318, 0.605466804654, 0.0, 0.121664630643, 0.81491824622, 0.208600726081, 0.0, 24.0, 2.0, 4.8180331975
0.195031522008, 0.0, 0.0, 0.0, 0.760839554848, 0.633382819936, 0.225443277502, 0.110632391249, 0.203138610452, 0.0372548837262, 0.391915723995, 0.0184981188653, 0.0, 0.154409846854, 0.822757694818, 1.0, 0.0, 0.0, 0.422786902215, 1.0, 0.0, 1.0, 0.605466804654, 0.777644871711, 0.00828518465, 0.10243702001, 0.0217299460915, 0.0, 26.0, 0.0, 4.67358622264
0.125770411637, 0.28924346554, 0.0, 0.0, 0.0, 0.726701466203, 0.0, 0.268785713842, 0.269575369257, 0.0, 0.270079340204, 0.0, 0.0560310339992, 0.323913939017, 0.549128444646, 0.156684311337, 0.02352190179, 0.421357876466, 1.0, 1.0, 0.150234648928, 0.697933723839, 0.0, 0.846576216703, 0.0, 0.0, 0.447494541451, 0.0, 31.0, 0.0, 3.02283379407
0.245259917493, 0.441442532398, 0.0, 0.0, 0.0122815919281, 0.560150360522, 0.0, 0.0774588199866, 0.097145912467, 0.0, 0.158695836369, 0.943337231467, 0.0, 0.971811785615, 0.549128444646, 0.394249713074, 0.0473595770181, 0.924608256349, 1.0, 0.895969557698, 0.0, 0.789601853469, 0.0, 0.517800013971, 0.0, 0.0, 0.0, 0.761403693732, 21.0, 0.0, 6.31441431549
0.161276746069, 0.660785202657, 0.359487290743, 0.466089529103, 0.0, 0.726701466203, 0.0, 0.0, 1.0, 0.0, 0.0, 1.0, 0.912223259606, 1.0, 0.973415897078, 0.629363007129, 0.0, 1.0, 0.0, 0.806108159753, 1.0, 0.0, 0.0, 0.653925693331, 1.0, 0.452351753858, 1.0, 0.0, 14.0, 0.0, 10.4777868604
0.0, 0.0862360338668, 0.430220812525, 0.898069951246, 0.0, 0.780693260504, 0.0537583463014, 0.158934346591, 1.0, 0.0, 0.132294524249, 1.0, 0.00778216497172, 0.230467412089, 1.0, 0.778132532351, 1.0, 0.0, 0.0, 1.0, 1.0, 0.0, 0.178165380438, 0.858590945937, 0.607086031099, 0.223381491043, 1.0, 0.0, 13.0, 1.0, 10.3810753828
0.245259917493, 0.441442532398, 0.0, 0.0, 0.0122815919281, 0.0, 0.0, 0.0774588199866, 0.097145912467, 0.0, 0.158695836369, 0.791942839389, 0.0, 0.971811785615, 0.697496239239, 0.0182737947413, 0.0473595770181, 0.924608256349, 1.0, 0.96363006742, 0.0, 0.789601853469, 0.0, 0.517800013971, 0.0, 0.0, 0.0, 0.761403693732, 22.0, 0.0, 5.83838334907
0.66669885085, 0.339378699606, 0.24241130025, 0.670080724157, 0.0, 0.0, 0.0, 0.416683231734, 0.367492661112, 0.916325994435, 0.949532243934, 0.0600015802717, 0.0, 0.590331669261, 0.667551550779, 1.0, 0.0, 0.529994417047, 0.109772478915, 0.794166368242, 0.0, 1.0, 0.605466804654, 0.0, 0.121664630643, 0.667831984318, 0.208600726081, 0.0, 12.0, 1.0, 10.7630038952
0.555547310063, 0.0, 0.0, 0.0459915722238, 0.170352184423, 0.16915972048, 0.590809536644, 0.0, 0.573619371819, 0.0, 0.0, 0.630088108514, 0.480732399267, 1.0, 1.0, 1.0, 0.642458363671, 1.0, 0.185235869832, 1.0, 1.0, 0.0204781792526, 0.650270328843, 0.528223212903, 0.275204356873, 0.410260259948, 1.0, 0.0, 12.0, 0.0, 11.23010961
0.161276746069, 0.660785202657, 0.359487290743, 0.466089529103, 0.0, 0.726701466203, 0.0, 0.0, 1.0, 0.0, 0.0, 1.0, 0.912223259606, 1.0, 0.973415897078, 0.629363007129, 0.0, 1.0, 0.0, 0.806108159753, 1.0, 0.0, 0.0, 0.653925693331, 1.0, 0.452351753858, 1.0, 0.0, 14.0, 0.0, 10.4777868604
0.555547310063, 0.0, 0.0, 0.0459915722238, 0.0311053761121, 0.16915972048, 0.463344226195, 0.0, 1.0, 0.436883861271, 0.0, 0.630088108514, 0.395135149292, 1.0, 1.0, 1.0, 0.642458363671, 1.0, 0.23851158374, 1.0, 1.0, 0.0204781792526, 0.650270328843, 0.977148366356, 0.275204356873, 0.299974594048, 1.0, 0.0, 13.0, 0.0, 10.5601705681
0.0, 0.0862360338668, 0.0, 0.878078031221, 0.0, 0.577419096897, 0.0, 0.0, 1.0, 0.0, 0.394100720716, 1.0, 0.254047795914, 0.569565063045, 1.0, 0.778132532351, 1.0, 0.6403445955, 0.0, 0.861659968628, 1.0, 0.0, 0.950748682634, 0.206176885172, 0.607086031099, 0.223381491043, 1.0, 0.0, 11.0, 0.0, 12.0682609565
0.555547310063, 0.0862360338668, 0.221103688526, 0.919995886668, 0.0, 0.878219122348, 0.337217855423, 0.158934346591, 1.0, 0.0, 0.0, 1.0, 0.00778216497172, 0.230467412089, 1.0, 0.778132532351, 1.0, 0.183098308246, 0.606919404008, 0.693142706048, 1.0, 0.0, 0.178165380438, 0.858590945937, 0.607086031099, 0.403788208146, 0.866332598304, 0.0, 10.0, 1.0, 11.9864616264
0.0, 0.0560412022312, 0.243054760193, 0.0, 0.275364467475, 0.0780484463153, 0.0, 0.481921065327, 0.430856747597, 0.0, 0.611440610837, 0.701159269945, 0.0, 0.0650432795497, 0.549128444646, 0.0642854987893, 0.0, 0.4996087504, 0.135818235914, 0.85750046795, 0.0, 1.0, 0.00415807688545, 0.344459739806, 0.0, 0.0, 0.447494541451, 0.0, 35.0, 1.0, 2.81196601096
1.0, 0.449333281293, 1.0, 1.0, 0.203506341409, 0.501429202488, 0.0, 0.0424359441547, 1.0, 0.302796713961, 0.0, 0.908553129701, 0.341250214308, 1.0, 0.990456112589, 1.0, 0.0, 0.0, 0.868040084476, 0.89216769253, 0.0, 0.632156056521, 0.0869246308946, 1.0, 1.0, 0.452351753858, 0.0, 0.590775894767, 9.0, 0.0, 12.5216445822
0.0, 0.191101513862, 0.0960179312043, 0.0, 0.110024518996, 0.0, 0.441441316144, 0.413140476754, 0.0, 0.00540710657874, 0.183496690337, 0.199746775597, 0.0, 0.0, 0.0, 0.394249713074, 0.0, 0.0301790223534, 0.771688110705, 1.0, 0.0, 1.0, 0.0, 0.613524348712, 0.139475044762, 0.0675088802496, 0.208600726081, 0.374753877524, 36.0, 1.0, 2.02187720453
0.0364749043728, 0.00560741448441, 0.195319682037, 0.0, 0.923871828076, 0.278005083779, 0.0, 1.0, 0.0, 0.0827664498927, 0.479833353443, 0.0, 0.480732399267, 0.0, 1.0, 0.693279203083, 0.522173603572, 0.0, 0.0, 1.0, 0.356834532657, 1.0, 0.68053950512, 0.703756355255, 1.0, 0.163919598205, 0.847494570212, 0.0, 19.0, 0.0, 8.21674387975
0.0, 0.483522681685, 0.0, 0.878078031221, 0.0, 0.577419096897, 0.0, 0.0, 1.0, 0.0, 0.394100720716, 1.0, 0.254047795914, 0.569565063045, 1.0, 0.778132532351, 1.0, 0.6403445955, 0.0, 0.861659968628, 1.0, 0.0, 0.950748682634, 0.858590945937, 0.607086031099, 0.223381491043, 1.0, 0.243079657398, 10.0, 0.0, 12.0760873353
0.0, 0.0862360338668, 0.357932103149, 0.0424835296194, 0.0, 0.577419096897, 0.237386465876, 0.158934346591, 1.0, 0.0, 0.0, 1.0, 0.00778216497172, 0.230467412089, 1.0, 0.778132532351, 1.0, 0.0, 0.0, 1.0, 1.0, 0.0, 0.178165380438, 0.858590945937, 0.607086031099, 0.0, 1.0, 0.0, 17.0, 1.0, 8.24262041429
0.0, 0.0, 0.0, 0.474262561382, 0.491772355036, 0.537480850874, 0.0, 0.0, 1.0, 0.0, 0.0, 1.0, 1.0, 0.895293521356, 0.926277814315, 0.748164641283, 0.229132703104, 0.166691519181, 0.443989057837, 1.0, 1.0, 0.0703576878165, 0.0248560596231, 0.528223212903, 0.0, 0.367668640893, 1.0, 0.0, 17.0, 0.0, 8.61213929264
0.110701301364, 0.0, 0.195319682037, 0.0, 0.530394041185, 0.195685365359, 0.0, 0.520238290215, 0.106007275906, 0.0159509369449, 0.479833353443, 0.0, 0.480732399267, 0.0, 1.0, 0.693279203083, 0.0, 0.200198423563, 0.166260099212, 1.0, 0.356834532657, 1.0, 0.68053950512, 0.703756355255, 0.735596127838, 0.163919598205, 0.847494570212, 0.0, 20.0, 0.0, 7.38665760953
0.0, 0.483522681685, 0.0, 0.878078031221, 0.0, 0.577419096897, 0.0, 0.0, 1.0, 0.0, 0.394100720716, 1.0, 0.254047795914, 0.569565063045, 1.0, 0.778132532351, 1.0, 0.6403445955, 0.0, 0.861659968628, 1.0, 0.0, 0.950748682634, 0.858590945937, 0.607086031099, 0.223381491043, 1.0, 0.243079657398, 10.0, 0.0, 12.0760873353
0.751306524248, 0.0643794973295, 0.0, 0.602143786528, 0.627885954578, 0.501429202488, 0.0, 0.0424359441547, 1.0, 0.0140872281983, 0.225428883869, 1.0, 1.0, 0.0650432795497, 0.768740979671, 1.0, 0.00171922123473, 1.0, 0.0, 1.0, 0.872282598841, 0.0, 0.385837650864, 0.528223212903, 0.938583463297, 0.464373785128, 0.942462276482, 0.0, 9.0, 1.0, 12.3153303721
0.0, 0.0560412022312, 0.243054760193, 0.0, 0.275364467475, 0.0780484463153, 0.0, 0.481921065327, 0.430856747597, 0.0, 0.611440610837, 0.701159269945, 0.0, 0.0650432795497, 0.549128444646, 0.0642854987893, 0.0, 0.4996087504, 0.135818235914, 0.85750046795, 0.0, 1.0, 0.00415807688545, 0.344459739806, 0.0, 0.0, 0.447494541451, 0.0, 35.0, 1.0, 2.81196601096
0.0, 0.0862360338668, 0.0, 0.942326249342, 0.0, 0.577419096897, 0.0, 0.0, 0.647721985791, 0.222031174062, 0.0, 1.0, 0.454159466017, 0.230467412089, 1.0, 0.778132532351, 1.0, 0.6403445955, 0.0, 1.0, 1.0, 0.0, 0.950748682634, 0.858590945937, 0.607086031099, 0.185257622557, 1.0, 0.0, 11.0, 1.0, 11.4460842956
0.0, 0.28924346554, 0.0, 0.0, 0.0, 0.0, 0.0, 0.399622189234, 0.0, 0.0, 0.260919043431, 0.999448256585, 0.0, 0.0650432795497, 0.549128444646, 0.0642854987893, 0.00184127627973, 0.200198423563, 0.0, 1.0, 0.0, 1.0, 0.253954466477, 0.775930709856, 0.0, 0.0, 0.670612324712, 0.173855296936, 25.0, 1.0, 4.1862121665
0.751306524248, 0.0, 0.0, 0.602143786528, 0.840304632967, 1.0, 0.0, 0.79686351723, 1.0, 0.0140872281983, 0.0, 0.938879146709, 1.0, 0.0650432795497, 0.768740979671, 1.0, 0.494814398245, 1.0, 0.0, 1.0, 1.0, 0.314888544335, 0.0, 0.528223212903, 0.938583463297, 0.00312194564426, 0.942462276482, 0.0, 6.0, 1.0, 14.6795368122
1.0, 0.449333281293, 0.588257503377, 1.0, 0.132300175823, 1.0, 0.0, 0.79686351723, 1.0, 0.302796713961, 0.394100720716, 0.908553129701, 0.452736367433, 1.0, 1.0, 1.0, 0.0, 0.0, 0.868040084476, 0.89216769253, 0.0, 0.595461045188, 0.21242929234, 1.0, 1.0, 0.0775225170507, 0.0, 0.590775894767, 6.0, 0.0, 14.8858510223
0.555547310063, 0.0, 0.0, 0.0459915722238, 0.0311053761121, 0.16915972048, 0.463344226195, 0.0, 1.0, 0.436883861271, 0.0, 0.630088108514, 0.395135149292, 1.0, 1.0, 1.0, 0.642458363671, 1.0, 0.23851158374, 1.0, 1.0, 0.0204781792526, 0.650270328843, 0.977148366356, 0.275204356873, 0.299974594048, 1.0, 0.0, 13.0, 0.0, 10.5601705681
0.0, 0.28924346554, 0.0, 0.0, 0.0, 0.191076616798, 0.0, 0.268785713842, 0.107737028642, 0.0, 0.361879214588, 0.323986501098, 0.0, 0.528823109454, 0.549128444646, 0.0642854987893, 0.0, 0.591674756252, 0.00715805879958, 1.0, 0.0, 0.740255694679, 0.0, 0.465023920423, 0.0, 0.0, 0.447494541451, 0.0, 35.0, 0.0, 2.90503035641
0.204082893549, 0.339378699606, 0.395956759507, 0.0, 0.0, 0.0, 0.0, 0.460970533426, 0.367492661112, 0.916325994435, 0.949532243934, 0.384152587309, 0.0, 0.266117521533, 0.667551550779, 1.0, 0.0, 0.0, 0.0915617673417, 0.794166368242, 0.0185669684935, 1.0, 0.605466804654, 0.0, 0.121664630643, 0.667831984318, 0.0, 0.0, 20.0, 2.0, 6.42169157055
0.0, 0.28924346554, 0.0, 0.0, 0.0, 0.0738821237123, 0.0, 0.268785713842, 0.430856747597, 0.0, 0.361879214588, 0.701159269945, 0.0, 0.321019650111, 0.549128444646, 0.346108767141, 0.0, 0.269795279201, 0.00715805879958, 1.0, 0.0, 1.0, 0.0, 0.465023920423, 0.0, 0.0, 0.447494541451, 0.454616628159, 33.0, 1.0, 2.87643731772
0.0, 0.362619515019, 0.0, 0.0, 0.0, 0.0, 0.0, 0.268785713842, 0.536132325191, 0.0, 0.980217777217, 0.415908919216, 0.0707101354702, 0.0509078023152, 0.549128444646, 0.0598894516976, 0.954378209914, 1.0, 1.0, 1.0, 0.150234648928, 1.0, 0.0, 0.994838572184, 0.0, 0.0, 0.447494541451, 0.0, 25.0, 0.0, 5.56906016995
0.112171206864, 0.0, 0.0, 0.0, 0.760839554848, 0.695213195916, 0.225443277502, 0.110632391249, 0.203138610452, 0.0372548837262, 0.391915723995, 0.0184981188653, 0.0, 0.0821866239944, 0.884210993306, 1.0, 0.0, 0.0, 0.422786902215, 1.0, 0.0, 1.0, 0.605466804654, 0.777644871711, 0.18104403183, 0.700263126728, 0.0217299460915, 0.0, 22.0, 1.0, 5.59114632128
0.0, 0.0862360338668, 0.0, 0.878078031221, 0.0, 0.577419096897, 0.0, 0.0, 1.0, 0.0, 0.394100720716, 1.0, 0.254047795914, 0.569565063045, 1.0, 0.778132532351, 1.0, 0.6403445955, 0.0, 0.861659968628, 1.0, 0.0, 0.950748682634, 0.206176885172, 0.607086031099, 0.223381491043, 1.0, 0.0, 11.0, 0.0, 12.0682609565
0.0, 0.0862360338668, 0.0, 0.00437416348595, 0.22267405632, 0.030359412686, 0.314481423855, 0.062316168735, 0.417513354249, 0.326932340135, 0.171483557795, 0.355709225474, 0.0, 0.0, 0.271194179045, 0.397130844414, 0.0, 0.529994417047, 0.0, 0.0, 0.0, 0.477127988453, 0.7503633251, 0.296846369097, 0.0, 0.0877327870173, 0.0, 0.0, 41.0, 0.0, 1.99431608278
0.0, 0.0862360338668, 0.0, 0.00437416348595, 0.22267405632, 0.030359412686, 0.314481423855, 0.0, 0.417513354249, 0.326932340135, 0.171483557795, 0.0600015802717, 0.0, 0.0, 0.271194179045, 0.397130844414, 0.0, 0.529994417047, 0.0, 0.0, 0.0, 0.477127988453, 0.7503633251, 0.296846369097, 0.0, 0.0877327870173, 0.0, 0.0, 41.0, 0.0, 1.99431608278
1.0, 0.246910100404, 1.0, 1.0, 1.0, 1.0, 0.467579399717, 0.79686351723, 1.0, 0.491688039647, 0.0, 0.908553129701, 0.341250214308, 1.0, 0.973415897078, 1.0, 0.328412472, 0.673343930811, 0.868040084476, 0.578896737254, 0.0, 0.785119238201, 0.870218818761, 1.0, 1.0, 0.0, 0.0, 0.590775894767, 3.0, 0.0, 16.1612930231
0.658014394735, 0.246910100404, 1.0, 0.747208474857, 1.0, 1.0, 0.467579399717, 0.827542813139, 1.0, 0.302796713961, 0.0, 0.908553129701, 0.341250214308, 1.0, 0.797304709686, 1.0, 0.0, 0.673343930811, 0.868040084476, 0.997032009974, 0.0, 0.794446139607, 0.568036667419, 1.0, 1.0, 0.0, 0.35236365464, 0.590775894767, 3.0, 0.0, 16.1612930231
1.0, 0.246910100404, 1.0, 1.0, 1.0, 1.0, 0.467579399717, 0.824868344498, 1.0, 0.302796713961, 0.070540623892, 0.927107377794, 0.341250214308, 1.0, 0.973415897078, 1.0, 0.0, 0.673343930811, 0.868040084476, 0.995941047671, 0.0, 0.954462124161, 0.870218818761, 1.0, 1.0, 0.270668443467, 0.0, 0.590775894767, 3.0, 0.0, 16.1612930231
1.0, 0.246910100404, 1.0, 1.0, 1.0, 1.0, 0.467579399717, 0.79686351723, 1.0, 0.491688039647, 0.0, 0.908553129701, 0.341250214308, 1.0, 0.973415897078, 1.0, 0.451810373693, 0.673343930811, 0.868040084476, 0.8607030283, 0.0, 0.785119238201, 0.870218818761, 1.0, 1.0, 0.0, 0.0, 0.590775894767, 3.0, 0.0, 16.1612930231
1.0, 0.246910100404, 1.0, 0.66920248636, 1.0, 1.0, 0.467579399717, 0.79686351723, 1.0, 0.302796713961, 0.0567874055267, 0.908553129701, 0.341250214308, 1.0, 0.797304709686, 1.0, 0.0, 0.673343930811, 0.868040084476, 0.9970556964, 0.0, 0.785119238201, 0.870218818761, 1.0, 1.0, 0.0883234029377, 0.35236365464, 0.590775894767, 3.0, 0.0, 16.1612930231
1.0, 0.246910100404, 1.0, 1.0, 1.0, 1.0, 0.448731234765, 0.79686351723, 1.0, 0.302796713961, 0.0, 0.908553129701, 0.341250214308, 1.0, 0.973415897078, 1.0, 0.0, 0.934875698263, 0.602893897045, 0.995941047671, 0.0, 0.733702934741, 0.870218818761, 1.0, 1.0, 0.182368531115, 0.0, 0.937825207816, 3.0, 0.0, 16.1612930231
