1.0, 0.0, 1.0, 0.953544733158, 0.177188804551, 1.0, 0.0, 1.0, 0.697996432614, 1.0, 0.0, 0.889672947484, 0.276569901541, 1.0, 0.537298550862, 0.943927277697, 0.0, 0.579632988834, 0.718990934062, 0.0, 0.894045145009, 0.0, 0.81289085408, 0.70132133317, 1.0, 0.0108560092148, 0.838609543552, 0.0, 4.0, 0.0, 16.7928142322
1.0, 0.0, 1.0, 0.953544733158, 0.177188804551, 1.0, 0.0, 1.0, 0.697996432614, 1.0, 0.0, 0.889672947484, 0.276569901541, 1.0, 0.829554986431, 0.943927277697, 0.0, 0.579632988834, 0.718990934062, 0.0, 0.894045145009, 0.0, 0.81289085408, 0.70132133317, 1.0, 0.0108560092148, 0.838609543552, 0.0, 4.0, 0.0, 16.7928142322
0.0, 0.0862360338668, 0.0, 0.0, 0.0, 0.0296262927724, 0.990060699742, 0.0, 1.0, 0.154098936572, 0.0, 0.0535089745867, 0.0, 0.0, 0.271194179045, 0.397130844414, 0.0, 0.0, 0.0, 0.0, 0.0, 0.0, 0.0, 0.0, 0.499650541366, 0.0, 0.0, 0.363873089561, 47.0, 0.0, 1.43337528495
0.0, 0.0862360338668, 0.0, 0.0208683631771, 0.0, 0.0296262927724, 1.0, 0.0, 0.887867748697, 0.225096918207, 0.0, 0.0581113790432, 0.0, 0.133434624264, 0.0241832242993, 0.397130844414, 0.0, 0.0, 0.332362293485, 0.0, 0.0, 0.443570587911, 0.22272497969, 0.103716265281, 0.0, 0.0, 0.0, 0.0, 47.0, 0.0, 1.43337528495
0.0, 0.339378699606, 0.0, 0.0, 0.0, 0.0, 0.0, 0.416683231734, 0.0, 0.639375156244, 0.0, 0.15798038901, 0.0, 0.419270966118, 0.667551550779, 1.0, 0.0, 0.645669938465, 0.527315390005, 1.0, 0.0, 1.0, 0.605466804654, 0.0, 0.121664630643, 0.667831984318, 0.129264762703, 0.0, 22.0, 2.0, 6.81921269584
0.0, 0.191101513862, 0.338077587053, 0.0, 0.0, 0.0, 0.0, 0.158934346591, 0.0, 0.0, 0.361879214588, 0.338810312798, 0.337974968101, 0.0, 0.0, 0.394249713074, 0.0, 1.0, 1.0, 1.0, 0.0, 1.0, 0.375295930899, 0.517800013971, 0.132798880401, 0.0, 0.0, 0.253995880237, 35.0, 1.0, 2.6197852136
0.580730596371, 0.246910100404, 1.0, 1.0, 1.0, 1.0, 0.0, 1.0, 1.0, 0.302796713961, 0.0, 0.859544844472, 0.341250214308, 0.349386147773, 1.0, 1.0, 0.0, 0.0, 0.792225599376, 0.0, 0.0, 0.785119238201, 0.0, 1.0, 1.0, 0.0, 0.0, 0.590775894767, 7.0, 1.0, 14.436302054
0.0, 0.339378699606, 0.0, 0.0, 0.0, 0.0, 0.0, 0.416683231734, 0.0, 0.639375156244, 0.0, 0.15798038901, 0.0, 0.419270966118, 0.667551550779, 1.0, 0.0, 0.645669938465, 0.527315390005, 1.0, 0.0, 1.0, 0.605466804654, 0.0, 0.121664630643, 0.667831984318, 0.129264762703, 0.0, 22.0, 2.0, 6.81921269584
0.125770411637, 0.0, 0.0760607581752, 0.474262561382, 0.0, 0.193138276478, 0.0, 0.0, 1.0, 0.0, 0.0, 1.0, 1.0, 1.0, 1.0, 1.0, 0.229132703104, 0.466215592474, 0.0, 1.0, 1.0, 0.0252087864339, 0.0281381604755, 0.528223212903, 0.0, 0.367668640893, 1.0, 0.0, 18.0, 0.0, 8.13610832622
0.333151913272, 0.449126029261, 0.0, 0.0, 0.491668796803, 0.511385897582, 0.300604635907, 0.252645789582, 0.784758771664, 0.00159442848956, 0.0701139143902, 0.0, 0.0, 0.0, 0.141188030612, 0.237707102616, 0.0, 0.0, 0.0, 0.0, 0.948652172499, 0.0252087864339, 0.0, 0.0, 0.0, 0.0, 0.498229204614, 0.0, 43.0, 0.0, 1.63553656126
0.333151913272, 0.101374409523, 0.0, 0.0, 0.491668796803, 0.915299185578, 0.300604635907, 0.00711073120276, 0.784758771664, 0.00834858076532, 0.188689199651, 0.318109370787, 0.0, 0.0, 0.141188030612, 0.0175905550779, 0.0, 0.0, 0.0, 0.0, 0.948652172499, 0.0, 0.0, 0.0, 1.0, 0.0, 0.498229204614, 0.0, 39.0, 0.0, 2.27840551235
0.0, 0.28924346554, 0.0, 0.0, 0.0, 0.0, 0.0, 0.268785713842, 0.0, 0.0, 0.361879214588, 0.0, 0.0707101354702, 0.230705876929, 0.549128444646, 0.0642854987893, 0.0, 1.0, 1.0, 1.0, 0.0, 1.0, 0.0, 0.517800013971, 0.0, 0.0, 0.447494541451, 0.0, 31.0, 0.0, 3.14471083672
0.0, 0.191101513862, 0.395956759507, 0.0, 0.0, 0.0, 0.0, 0.158934346591, 0.0, 0.00540710657874, 0.361879214588, 0.138575689363, 0.0, 0.0, 0.0, 0.394249713074, 0.0, 1.0, 1.0, 1.0, 0.0, 1.0, 0.0, 0.517800013971, 0.132798880401, 0.0, 0.0, 0.253995880237, 35.0, 1.0, 2.6197852136
0.333151913272, 0.101374409523, 0.0, 0.0, 0.491668796803, 0.915299185578, 0.300604635907, 0.00711073120276, 0.784758771664, 0.00834858076532, 0.188689199651, 0.318109370787, 0.0, 0.0, 0.141188030612, 0.0175905550779, 0.0, 0.0, 0.0, 0.0, 0.948652172499, 0.0, 0.0, 0.0, 1.0, 0.0, 0.498229204614, 0.0, 39.0, 0.0, 2.27840551235
1.0, 0.0, 1.0, 1.0, 0.98185609389, 1.0, 0.600597659654, 1.0, 0.0, 0.302796713961, 0.657161367925, 0.0, 0.341250214308, 1.0, 1.0, 1.0, 0.6206352109, 0.0, 0.792225599376, 0.0, 0.0, 0.923443413232, 0.0, 1.0, 1.0, 0.0, 0.444184047434, 0.590775894767, 5.0, 0.0, 15.4344029727
0.125770411637, 0.334792408272, 0.0, 0.602143786528, 0.120541515775, 0.537480850874, 0.0, 0.0424359441547, 1.0, 0.0140872281983, 0.0, 1.0, 1.0, 1.0, 1.0, 1.0, 0.508115986659, 1.0, 0.0, 1.0, 1.0, 0.0, 0.0, 0.528223212903, 1.0, 0.40718176904, 1.0, 0.0, 10.0, 0.0, 12.5900402865
0.333151913272, 0.449126029261, 0.0, 0.0, 0.491668796803, 0.511385897582, 0.300604635907, 0.252645789582, 0.784758771664, 0.00834858076532, 0.0701139143902, 0.0, 0.0, 0.0, 0.141188030612, 0.237707102616, 0.0, 0.0, 0.0, 0.0, 0.948652172499, 0.0252087864339, 0.0, 0.0, 0.0, 0.0, 0.498229204614, 0.0, 43.0, 0.0, 1.63553656126
0.838776493909, 0.0, 0.0, 0.602143786528, 0.120541515775, 0.537480850874, 0.0, 0.0424359441547, 1.0, 0.0140872281983, 0.0, 1.0, 1.0, 1.0, 1.0, 1.0, 0.508115986659, 1.0, 0.0, 1.0, 1.0, 0.0, 0.0, 0.528223212903, 1.0, 0.40718176904, 1.0, 0.0, 8.0, 0.0, 13.5649865939
0.113110148236, 0.0, 0.0, 0.466089529103, 0.0, 0.0, 0.0, 0.0, 1.0, 0.0, 0.0, 1.0, 1.0, 0.496212160942, 0.695017831122, 1.0, 1.0, 1.0, 0.0, 1.0, 1.0, 0.0, 0.403474510342, 0.858590945937, 1.0, 0.40718176904, 1.0, 0.0, 16.0, 1.0, 9.34555131193
0.163282728737, 0.0, 0.195319682037, 0.32091099315, 0.760839554848, 0.195685365359, 0.0, 0.806240589668, 0.0, 0.0827664498927, 0.0, 0.0, 0.456088547847, 0.0, 1.0, 1.0, 0.0, 0.0, 0.0, 1.0, 0.0, 1.0, 0.68053950512, 0.0, 0.777003530904, 0.0, 1.0, 0.0, 21.0, 0.0, 7.37883123079
0.125770411637, 0.0, 0.0760607581752, 0.474262561382, 0.0, 0.193138276478, 0.0, 0.0, 1.0, 0.0, 0.0, 1.0, 1.0, 1.0, 1.0, 1.0, 0.229132703104, 0.466215592474, 0.0, 1.0, 1.0, 0.0252087864339, 0.0281381604755, 0.528223212903, 0.0, 0.367668640893, 1.0, 0.0, 18.0, 0.0, 8.13610832622
0.113110148236, 0.0, 0.0, 0.466089529103, 0.0, 0.0, 0.0, 0.0, 1.0, 0.0, 0.0, 1.0, 1.0, 0.496212160942, 0.695017831122, 1.0, 1.0, 1.0, 0.0, 1.0, 1.0, 0.0, 0.403474510342, 0.858590945937, 1.0, 0.40718176904, 1.0, 0.0, 16.0, 1.0, 9.34555131193
0.125770411637, 0.334792408272, 0.0, 0.602143786528, 0.120541515775, 0.537480850874, 0.0, 0.0424359441547, 1.0, 0.0140872281983, 0.0, 1.0, 1.0, 1.0, 1.0, 1.0, 0.508115986659, 1.0, 0.0, 1.0, 1.0, 0.0, 0.0, 0.528223212903, 1.0, 0.40718176904, 1.0, 0.0, 10.0, 0.0, 12.5900402865
0.838776493909, 0.0, 0.0, 0.602143786528, 0.120541515775, 0.537480850874, 0.0, 0.0424359441547, 1.0, 0.0140872281983, 0.0, 1.0, 1.0, 1.0, 1.0, 1.0, 0.508115986659, 1.0, 0.0, 1.0, 1.0, 0.0, 0.0, 0.528223212903, 1.0, 0.40718176904, 1.0, 0.0, 8.0, 0.0, 13.5649865939
0.765003780636, 0.0, 0.0, 0.466089529103, 0.0, 0.875307989604, 0.324308453277, 0.0, 0.494780531656, 0.0, 0.0, 1.0, 1.0, 1.0, 1.0, 1.0, 0.775480318027, 1.0, 0.0, 1.0, 1.0, 0.0, 1.0, 0.755009713043, 1.0, 0.40718176904, 1.0, 0.0, 11.0, 0.0, 11.6652708925
0.0, 0.0, 0.0, 0.0, 0.0, 0.0, 0.0, 0.158934346591, 0.0, 0.0372548837262, 0.0, 0.238688377773, 0.0, 0.188399995298, 0.822757694818, 1.0, 0.0, 0.790103929797, 0.0992346986797, 1.0, 0.0, 1.0, 0.605466804654, 0.0, 0.32849446975, 0.700263126728, 0.0217299460915, 0.0, 24.0, 1.0, 5.49476389714
0.0, 0.191101513862, 0.395956759507, 0.0, 0.0, 0.0, 0.0, 0.158934346591, 0.0, 0.530355652683, 0.556227269702, 0.0, 0.0, 0.0, 0.618501014431, 0.394249713074, 0.0, 1.0, 1.0, 1.0, 0.0, 1.0, 0.0, 0.517800013971, 0.132798880401, 0.0, 0.0, 0.0, 26.0, 1.0, 4.66954651919
0.163282728737, 0.0, 0.195319682037, 0.32091099315, 0.760839554848, 0.195685365359, 0.0, 0.806240589668, 0.0, 0.0827664498927, 0.0, 0.0, 0.456088547847, 0.0, 1.0, 1.0, 0.0, 0.0, 0.0, 1.0, 0.0, 1.0, 0.68053950512, 0.0, 0.777003530904, 0.0, 1.0, 0.0, 21.0, 0.0, 7.37883123079
0.0, 0.191101513862, 0.395956759507, 0.0, 0.0, 0.0, 0.0, 0.158934346591, 0.391962200852, 0.0, 0.556227269702, 0.0, 0.0, 0.0988627923949, 0.618501014431, 0.398629060804, 0.0, 1.0, 1.0, 1.0, 0.0, 1.0, 0.0, 0.608669220395, 0.132798880401, 0.0, 0.023161699383, 0.0, 27.0, 0.0, 3.97553765672
0.0, 0.191101513862, 0.395956759507, 0.0, 0.0, 0.0, 0.0, 0.158934346591, 0.0, 0.530355652683, 0.556227269702, 0.0, 0.0, 0.0, 0.618501014431, 0.394249713074, 0.0, 1.0, 1.0, 1.0, 0.0, 1.0, 0.0, 0.517800013971, 0.132798880401, 0.0, 0.0, 0.0, 26.0, 1.0, 4.66954651919
0.0, 0.339378699606, 0.0, 0.0, 0.0, 0.0, 0.0, 0.158934346591, 0.0, 0.482807984524, 0.0, 0.15798038901, 0.0, 0.419270966118, 0.833184784895, 1.0, 0.256027331182, 0.645669938465, 0.527315390005, 1.0, 0.0, 1.0, 0.605466804654, 0.0, 0.0, 0.667831984318, 0.129264762703, 0.0, 23.0, 1.0, 6.12520383336
0.0, 0.0, 0.423274419575, 0.0, 0.00265706852818, 0.0, 0.0, 0.0, 1.0, 0.0, 0.131044812154, 0.575112662866, 1.0, 0.686662321098, 0.720877003621, 0.883654637495, 1.0, 1.0, 0.0, 1.0, 1.0, 0.376050503935, 0.0, 0.528223212903, 0.918994312998, 0.40718176904, 1.0, 0.0, 15.0, 0.0, 9.97555435159
1.0, 0.246910100404, 0.893468663545, 1.0, 1.0, 1.0, 0.0, 1.0, 1.0, 0.302796713961, 0.0, 0.956712851158, 0.341250214308, 1.0, 0.832348213955, 1.0, 0.38033628199, 0.0, 0.868040084476, 0.0, 0.0, 0.656518803965, 0.0, 1.0, 1.0, 0.0, 0.0, 0.590775894767, 6.0, 0.0, 15.0663050936
0.580730596371, 0.246910100404, 1.0, 1.0, 1.0, 1.0, 0.0, 1.0, 1.0, 0.302796713961, 0.0, 0.859544844472, 0.341250214308, 0.349386147773, 1.0, 1.0, 0.0, 0.0, 0.792225599376, 0.0, 0.0, 0.785119238201, 0.0, 1.0, 1.0, 0.0, 0.0, 0.590775894767, 7.0, 1.0, 14.436302054
0.0, 0.28924346554, 0.0, 0.0, 0.0, 0.0, 0.0, 0.268785713842, 0.430856747597, 0.0, 0.361879214588, 0.901863456684, 0.0, 0.230705876929, 0.549128444646, 0.0642854987893, 0.0, 0.269795279201, 1.0, 1.0, 0.0, 1.0, 0.0, 0.517800013971, 0.0, 0.0, 0.447494541451, 0.0, 28.0, 1.0, 3.74612083769
0.0, 0.28924346554, 0.0, 0.0, 0.0, 0.0, 0.0, 0.268785713842, 0.0, 0.0, 0.361879214588, 0.0, 0.0707101354702, 0.230705876929, 0.549128444646, 0.0642854987893, 0.0, 1.0, 1.0, 1.0, 0.0, 1.0, 0.0, 0.517800013971, 0.0, 0.0, 0.447494541451, 0.0, 31.0, 0.0, 3.14471083672
0.765003780636, 0.0, 0.0, 0.466089529103, 0.0, 0.875307989604, 0.324308453277, 0.0, 0.494780531656, 0.0, 0.0, 1.0, 1.0, 1.0, 1.0, 1.0, 0.775480318027, 1.0, 0.0, 1.0, 1.0, 0.0, 1.0, 0.755009713043, 1.0, 0.40718176904, 1.0, 0.0, 11.0, 0.0, 11.6652708925
1.0, 0.0, 0.0, 0.466089529103, 0.275514433739, 0.32348600532, 0.0971755949081, 0.0, 0.494780531656, 0.0, 0.0, 1.0, 1.0, 1.0, 1.0, 1.0, 0.820126328891, 1.0, 0.275874107718, 1.0, 1.0, 0.472982428945, 1.0, 0.755009713043, 1.0, 0.40718176904, 1.0, 0.0, 12.0, 0.0, 11.1892399261
0.0853912791019, 0.0, 0.0, 0.466089529103, 0.0, 0.537480850874, 0.0, 0.0, 1.0, 0.0, 0.0, 1.0, 1.0, 1.0, 1.0, 1.0, 0.642458363671, 0.984897070748, 0.0, 1.0, 1.0, 0.0, 0.0, 0.528223212903, 1.0, 0.40718176904, 1.0, 0.0, 14.0, 0.0, 10.451585318
0.113110148236, 0.0, 0.0, 0.466089529103, 0.0, 0.277036690907, 0.0, 0.0, 1.0, 0.0, 0.0, 1.0, 1.0, 1.0, 1.0, 1.0, 1.0, 0.645961854267, 0.0, 1.0, 1.0, 0.0, 0.403474510342, 0.858590945937, 1.0, 0.40718176904, 1.0, 0.0, 15.0, 0.0, 9.97555435159
0.0, 0.0, 0.0, 0.466089529103, 0.0, 0.577419096897, 0.0, 0.0, 1.0, 0.0, 0.0, 1.0, 1.0, 1.0, 1.0, 0.778132532351, 1.0, 0.645961854267, 0.0, 1.0, 1.0, 0.0, 0.403474510342, 0.858590945937, 0.893194367968, 0.40718176904, 1.0, 0.0, 14.0, 0.0, 10.451585318
0.125770411637, 0.0, 0.0760607581752, 0.695304681545, 0.0, 0.193138276478, 0.0, 0.0, 1.0, 0.0, 0.0, 1.0, 1.0, 1.0, 1.0, 1.0, 0.229132703104, 1.0, 0.0, 1.0, 1.0, 0.0252087864339, 0.0281381604755, 0.528223212903, 0.0, 0.367668640893, 1.0, 0.0, 13.0, 0.0, 10.8724713038
0.0, 0.339378699606, 0.0, 0.0, 0.0, 0.0, 0.0, 0.158934346591, 0.0, 0.482807984524, 0.0, 0.15798038901, 0.0, 0.419270966118, 0.833184784895, 1.0, 0.256027331182, 0.645669938465, 0.527315390005, 1.0, 0.0, 1.0, 0.605466804654, 0.0, 0.0, 0.667831984318, 0.129264762703, 0.0, 23.0, 1.0, 6.12520383336
0.0, 0.0, 0.0, 0.429816347629, 0.0, 0.0, 0.0, 0.0774588199866, 0.700584883883, 0.0, 0.361879214588, 0.505820344764, 0.0, 1.0, 0.549128444646, 0.0642854987893, 0.394231011804, 1.0, 1.0, 1.0, 0.0, 1.0, 0.0, 0.517800013971, 0.0, 0.354706150268, 0.0, 0.0, 25.0, 0.0, 5.73746812943
0.245259917493, 0.441442532398, 0.0, 0.0, 0.0, 0.0, 0.0, 0.0774588199866, 0.0, 0.0, 0.361879214588, 0.0, 0.0, 1.0, 0.549128444646, 0.0642854987893, 0.0555643601501, 0.647624685852, 1.0, 0.895969557698, 0.0, 1.0, 0.0, 0.517800013971, 0.0, 0.0, 0.0, 0.130223457353, 30.0, 0.0, 3.77471387638
0.0, 0.28924346554, 0.0, 0.0, 0.0, 0.0, 0.0, 0.268785713842, 0.430856747597, 0.0, 0.361879214588, 0.901863456684, 0.0, 0.230705876929, 0.549128444646, 0.0642854987893, 0.0, 0.269795279201, 1.0, 1.0, 0.0, 1.0, 0.0, 0.517800013971, 0.0, 0.0, 0.447494541451, 0.0, 28.0, 1.0, 3.74612083769
1.0, 0.246910100404, 1.0, 1.0, 1.0, 1.0, 0.0, 0.79686351723, 1.0, 0.302796713961, 0.0, 0.908553129701, 0.341250214308, 1.0, 0.973415897078, 1.0, 0.0, 0.0, 0.868040084476, 0.474635818655, 0.0, 0.785119238201, 0.0, 1.0, 1.0, 0.0, 0.0, 0.590775894767, 6.0, 0.0, 15.0663050936
1.0, 0.0, 1.0, 1.0, 0.98185609389, 1.0, 0.600597659654, 1.0, 0.0, 0.302796713961, 0.657161367925, 0.0, 0.341250214308, 1.0, 1.0, 1.0, 0.6206352109, 0.0, 0.792225599376, 0.0, 0.0, 0.923443413232, 0.0, 1.0, 1.0, 0.0, 0.271474852507, 0.590775894767, 5.0, 0.0, 15.4344029727
0.125770411637, 0.0, 0.0760607581752, 0.695304681545, 0.0, 0.193138276478, 0.0, 0.0, 1.0, 0.0, 0.0, 1.0, 1.0, 1.0, 1.0, 1.0, 0.229132703104, 1.0, 0.0, 1.0, 1.0, 0.0252087864339, 0.0281381604755, 0.528223212903, 0.0, 0.367668640893, 1.0, 0.0, 13.0, 0.0, 10.8724713038
1.0, 0.0, 0.0, 0.466089529103, 0.0, 0.32348600532, 0.375294339055, 0.191612168668, 0.494780531656, 0.0, 0.0, 1.0, 1.0, 1.0, 1.0, 1.0, 0.909701696315, 1.0, 0.0, 1.0, 1.0, 0.0, 1.0, 0.590804952788, 1.0, 0.40718176904, 0.866332598304, 0.0980979078775, 12.0, 0.0, 11.1892399261
0.0, 0.0, 0.0, 0.429816347629, 0.0, 0.0, 0.0, 0.0774588199866, 0.700584883883, 0.0, 0.361879214588, 0.505820344764, 0.0, 1.0, 0.549128444646, 0.0642854987893, 0.394231011804, 1.0, 1.0, 1.0, 0.0, 1.0, 0.0, 0.517800013971, 0.0, 0.354706150268, 0.0, 0.0, 25.0, 0.0, 5.73746812943
0.0, 0.0, 0.0, 0.0, 0.0, 0.0, 0.0, 0.158934346591, 0.0, 0.0372548837262, 0.0, 0.0326325350634, 0.0, 0.188399995298, 0.822757694818, 1.0, 0.0, 0.645669938465, 0.0992346986797, 1.0, 0.0, 1.0, 0.605466804654, 0.0512118949542, 0.0, 0.700263126728, 0.0217299460915, 0.0, 24.0, 1.0, 5.49476389714
0.0, 0.191101513862, 0.395956759507, 0.0, 0.0, 0.0, 0.0, 0.158934346591, 0.391962200852, 0.0, 0.556227269702, 0.0, 0.0, 0.0988627923949, 0.618501014431, 0.398629060804, 0.0, 1.0, 1.0, 1.0, 0.0, 1.0, 0.0, 0.608669220395, 0.132798880401, 0.0, 0.023161699383, 0.0, 27.0, 0.0, 3.97553765672
0.0, 0.0, 0.0, 0.0, 0.0, 0.0, 0.0, 0.0774588199866, 0.0, 0.0, 0.361879214588, 0.0, 0.0, 1.0, 0.549128444646, 0.0642854987893, 0.0, 1.0, 0.94640128703, 1.0, 0.469605562226, 1.0, 0.0, 0.517800013971, 0.0, 0.0, 0.0, 0.0, 30.0, 0.0, 3.77471387638
0.163282728737, 0.0, 0.195319682037, 0.0, 0.760839554848, 0.195685365359, 0.0, 0.973596095102, 0.0, 0.0827664498927, 0.0, 0.0, 0.456088547847, 0.0, 1.0, 1.0, 0.0, 0.0, 0.0, 1.0, 0.0, 1.0, 0.68053950512, 0.0, 0.0, 0.0, 1.0, 0.0, 22.0, 0.0, 6.96737948471
0.163282728737, 0.0, 0.195319682037, 0.0, 0.760839554848, 0.195685365359, 0.0, 1.0, 0.0, 0.0827664498927, 0.0, 0.0, 0.409724096005, 0.0, 1.0, 0.90363089798, 0.0, 0.0, 0.0, 1.0, 0.408230780101, 1.0, 0.68053950512, 0.0, 0.0, 0.0, 1.0, 0.0, 22.0, 0.0, 6.96737948471
1.0, 0.246910100404, 1.0, 1.0, 1.0, 1.0, 0.357915689333, 1.0, 1.0, 0.302796713961, 0.0, 0.908553129701, 0.341250214308, 1.0, 0.936729721488, 1.0, 0.0, 0.0, 0.868040084476, 0.0, 0.0, 0.785119238201, 0.0, 1.0, 1.0, 0.0, 0.0, 0.590775894767, 6.0, 0.0, 15.0663050936
0.580730596371, 0.246910100404, 1.0, 1.0, 1.0, 1.0, 0.0, 0.708580658283, 1.0, 0.302796713961, 0.0, 0.956712851158, 0.341250214308, 1.0, 1.0, 1.0, 0.0, 0.0, 0.792225599376, 0.0, 0.0, 0.785119238201, 0.0, 1.0, 1.0, 0.0, 0.0, 0.590775894767, 6.0, 0.0, 15.0663050936
1.0, 0.246910100404, 1.0, 1.0, 1.0, 1.0, 0.0, 1.0, 1.0, 0.302796713961, 0.0, 0.859544844472, 0.341250214308, 1.0, 0.693628415645, 1.0, 0.38033628199, 0.0, 0.868040084476, 0.0, 0.0, 0.785119238201, 0.0, 1.0, 1.0, 0.0, 0.0, 0.859388374938, 6.0, 0.0, 15.0663050936
1.0, 0.246910100404, 1.0, 1.0, 1.0, 1.0, 0.0, 0.79686351723, 1.0, 0.302796713961, 0.0, 0.908553129701, 0.341250214308, 1.0, 0.973415897078, 1.0, 0.0, 0.0, 0.868040084476, 0.474635818655, 0.0, 0.785119238201, 0.0, 1.0, 1.0, 0.0, 0.0, 0.590775894767, 6.0, 0.0, 15.0663050936
1.0, 0.246910100404, 0.893468663545, 1.0, 1.0, 1.0, 0.0, 1.0, 1.0, 0.302796713961, 0.0, 0.956712851158, 0.341250214308, 1.0, 0.832348213955, 1.0, 0.38033628199, 0.0, 0.868040084476, 0.0, 0.0, 0.656518803965, 0.0, 1.0, 1.0, 0.0, 0.0, 0.590775894767, 6.0, 0.0, 15.0663050936
1.0, 0.246910100404, 1.0, 1.0, 1.0, 1.0, 0.357915689333, 1.0, 1.0, 0.302796713961, 0.0, 0.908553129701, 0.341250214308, 1.0, 0.936729721488, 1.0, 0.0, 0.0, 0.868040084476, 0.0, 0.0, 0.785119238201, 0.0, 1.0, 1.0, 0.0, 0.0, 0.590775894767, 6.0, 0.0, 15.0663050936
0.580730596371, 0.246910100404, 1.0, 1.0, 1.0, 1.0, 0.0, 0.708580658283, 1.0, 0.302796713961, 0.0, 0.956712851158, 0.341250214308, 1.0, 1.0, 1.0, 0.0, 0.0, 0.792225599376, 0.0, 0.0, 0.785119238201, 0.0, 1.0, 1.0, 0.0, 0.0, 0.590775894767, 6.0, 0.0, 15.0663050936
1.0, 0.246910100404, 1.0, 1.0, 1.0, 1.0, 0.0, 1.0, 1.0, 0.302796713961, 0.0, 0.859544844472, 0.341250214308, 1.0, 0.693628415645, 1.0, 0.38033628199, 0.0, 0.868040084476, 0.0, 0.0, 0.785119238201, 0.0, 1.0, 1.0, 0.0, 0.0, 0.859388374938, 6.0, 0.0, 15.0663050936
1.0, 0.0, 1.0, 1.0, 0.98185609389, 1.0, 0.600597659654, 1.0, 0.0, 0.302796713961, 0.657161367925, 0.0, 0.341250214308, 1.0, 1.0, 1.0, 0.6206352109, 0.0, 0.792225599376, 0.0, 0.0, 0.923443413232, 0.0, 1.0, 1.0, 0.0, 0.444184047434, 0.590775894767, 5.0, 0.0, 15.4344029727
1.0, 0.0, 1.0, 1.0, 0.98185609389, 1.0, 0.600597659654, 1.0, 0.0, 0.302796713961, 0.657161367925, 0.0, 0.341250214308, 1.0, 1.0, 1.0, 0.6206352109, 0.0, 0.792225599376, 0.0, 0.0, 0.923443413232, 0.0, 1.0, 1.0, 0.0, 0.271474852507, 0.590775894767, 5.0, 0.0, 15.4344029727
0.0, 0.191101513862, 0.395956759507, 0.0, 0.0, 0.0, 0.0, 0.158934346591, 0.0, 0.0, 0.361879214588, 0.19868589111, 0.337974968101, 0.0, 0.0, 0.394249713074, 0.0, 1.0, 1.0, 1.0, 0.0, 1.0, 0.0, 0.522190751726, 0.132798880401, 0.0, 0.0, 0.0, 35.0, 1.0, 2.6197852136
0.0, 0.191101513862, 0.338077587053, 0.0, 0.0, 0.0, 0.0, 0.158934346591, 0.0, 0.0, 0.361879214588, 0.338810312798, 0.337974968101, 0.0, 0.0, 0.394249713074, 0.0, 1.0, 1.0, 1.0, 0.0, 1.0, 0.375295930899, 0.517800013971, 0.132798880401, 0.0, 0.0, 0.253995880237, 35.0, 1.0, 2.6197852136
0.0, 0.191101513862, 0.395956759507, 0.0, 0.0, 0.0, 0.0, 0.158934346591, 0.0, 0.00540710657874, 0.361879214588, 0.138575689363, 0.0, 0.0, 0.0, 0.394249713074, 0.0, 1.0, 1.0, 1.0, 0.0, 1.0, 0.0, 0.517800013971, 0.132798880401, 0.0, 0.0, 0.253995880237, 35.0, 1.0, 2.6197852136
0.0, 0.191101513862, 0.395956759507, 0.0, 0.0, 0.0, 0.0, 0.158934346591, 0.0, 0.0, 0.361879214588, 0.19868589111, 0.337974968101, 0.0, 0.0, 0.394249713074, 0.0, 1.0, 1.0, 1.0, 0.0, 1.0, 0.0, 0.522190751726, 0.132798880401, 0.0, 0.0, 0.0, 35.0, 1.0, 2.6197852136
0.125770411637, 0.0, 0.0, 0.466089529103, 0.0, 0.537480850874, 0.0, 0.0, 1.0, 0.0, 0.0, 1.0, 1.0, 1.0, 1.0, 1.0, 0.642458363671, 1.0, 0.0, 1.0, 1.0, 0.0, 0.0, 0.528223212903, 1.0, 0.40718176904, 1.0, 0.0, 14.0, 0.0, 10.451585318
0.0, 0.0, 0.0, 0.466089529103, 0.0, 0.577419096897, 0.0, 0.0, 1.0, 0.0, 0.0, 1.0, 1.0, 1.0, 1.0, 0.778132532351, 1.0, 0.645961854267, 0.0, 1.0, 1.0, 0.0, 0.403474510342, 0.858590945937, 0.893194367968, 0.40718176904, 1.0, 0.0, 14.0, 0.0, 10.451585318
0.0853912791019, 0.0, 0.0, 0.466089529103, 0.0, 0.537480850874, 0.0, 0.0, 1.0, 0.0, 0.0, 1.0, 1.0, 1.0, 1.0, 1.0, 0.642458363671, 0.984897070748, 0.0, 1.0, 1.0, 0.0, 0.0, 0.528223212903, 1.0, 0.40718176904, 1.0, 0.0, 14.0, 0.0, 10.451585318
0.125770411637, 0.0, 0.0, 0.466089529103, 0.0, 0.537480850874, 0.0, 0.0, 1.0, 0.0, 0.0, 1.0, 1.0, 1.0, 1.0, 1.0, 0.642458363671, 1.0, 0.0, 1.0, 1.0, 0.0, 0.0, 0.528223212903, 1.0, 0.40718176904, 1.0, 0.0, 14.0, 0.0, 10.451585318
0.163282728737, 0.0, 0.195319682037, 0.0, 0.760839554848, 0.195685365359, 0.0, 1.0, 0.0, 0.0827664498927, 0.0, 0.0, 0.409724096005, 0.0, 1.0, 0.693279203083, 0.0, 0.0, 0.0, 1.0, 0.408230780101, 1.0, 0.68053950512, 0.0, 0.0, 0.0, 1.0, 0.0, 22.0, 0.0, 6.96737948471
0.163282728737, 0.0, 0.195319682037, 0.0, 0.760839554848, 0.195685365359, 0.0, 1.0, 0.0, 0.0827664498927, 0.0, 0.0, 0.409724096005, 0.0, 1.0, 1.0, 0.0, 0.0, 0.0, 1.0, 0.0, 1.0, 0.68053950512, 0.0, 0.0, 0.0, 1.0, 0.0, 22.0, 0.0, 6.96737948471
0.163282728737, 0.0, 0.195319682037, 0.0, 0.760839554848, 0.195685365359, 0.0, 1.0, 0.0, 0.0827664498927, 0.0, 0.0, 0.409724096005, 0.0, 1.0, 0.90363089798, 0.0, 0.0, 0.0, 1.0, 0.408230780101, 1.0, 0.68053950512, 0.0, 0.0, 0.0, 1.0, 0.0, 22.0, 0.0, 6.96737948471
0.163282728737, 0.0, 0.195319682037, 0.0, 0.760839554848, 0.195685365359, 0.0, 0.973596095102, 0.0, 0.0827664498927, 0.0, 0.0, 0.456088547847, 0.0, 1.0, 1.0, 0.0, 0.0, 0.0, 1.0, 0.0, 1.0, 0.68053950512, 0.0, 0.0, 0.0, 1.0, 0.0, 22.0, 0.0, 6.96737948471
0.163282728737, 0.0, 0.195319682037, 0.0, 0.760839554848, 0.195685365359, 0.0, 1.0, 0.0, 0.0827664498927, 0.0, 0.0, 0.409724096005, 0.0, 1.0, 0.693279203083, 0.0, 0.0, 0.0, 1.0, 0.408230780101, 1.0, 0.68053950512, 0.0, 0.0, 0.0, 1.0, 0.0, 22.0, 0.0, 6.96737948471
0.163282728737, 0.0, 0.195319682037, 0.0, 0.760839554848, 0.195685365359, 0.0, 1.0, 0.0, 0.0827664498927, 0.0, 0.0, 0.409724096005, 0.0, 1.0, 1.0, 0.0, 0.0, 0.0, 1.0, 0.0, 1.0, 0.68053950512, 0.0, 0.0, 0.0, 1.0, 0.0, 22.0, 0.0, 6.96737948471
1.0, 0.0, 1.0, 0.953544733158, 0.177188804551, 1.0, 0.0, 1.0, 0.697996432614, 1.0, 0.0, 0.889672947484, 0.276569901541, 1.0, 0.829554986431, 0.943927277697, 0.0, 0.579632988834, 0.718990934062, 0.0, 0.894045145009, 0.0, 0.81289085408, 0.70132133317, 1.0, 0.0108560092148, 0.838609543552, 0.0, 4.0, 0.0, 16.7928142322
1.0, 0.0, 1.0, 0.953544733158, 0.177188804551, 1.0, 0.0, 1.0, 0.697996432614, 1.0, 0.0, 0.889672947484, 0.276569901541, 1.0, 0.537298550862, 0.943927277697, 0.0, 0.579632988834, 0.718990934062, 0.0, 0.894045145009, 0.0, 0.81289085408, 0.70132133317, 1.0, 0.0108560092148, 0.838609543552, 0.0, 4.0, 0.0, 16.7928142322
0.0, 0.0862360338668, 0.0, 0.159552551313, 0.0, 0.0296262927724, 0.915044191512, 0.0, 1.0, 0.0, 0.0, 0.0252832113988, 0.0, 0.0, 0.271194179045, 0.397130844414, 0.0, 0.0362540552753, 0.0, 0.0, 0.0, 0.0, 0.391097959308, 0.0, 0.0, 0.0, 0.0, 0.0, 47.0, 0.0, 1.43337528495
0.0, 0.458538915865, 0.0, 0.0, 0.0, 0.0296262927724, 1.0, 0.0474942752933, 0.887867748697, 0.0, 0.0, 0.355997997366, 0.145848141737, 0.133434624264, 0.0241832242993, 0.397130844414, 0.0, 0.0, 0.332362293485, 0.0, 0.0, 0.0, 0.22272497969, 0.103716265281, 0.0, 0.0, 0.0, 0.0, 47.0, 0.0, 1.43337528495
0.0, 0.0862360338668, 0.201601586717, 0.0208683631771, 0.17250342145, 0.0296262927724, 1.0, 0.0, 1.0, 0.0, 0.0, 0.0231111601571, 0.0713352352929, 0.0, 0.271194179045, 0.397130844414, 0.0, 0.0, 0.0, 0.0, 0.0, 0.416038125167, 0.391097959308, 0.0, 0.0, 0.0, 0.0, 0.0, 47.0, 0.0, 1.43337528495
0.0729611665298, 0.0862360338668, 0.0, 0.0, 0.0, 0.0296262927724, 1.0, 0.0, 0.887867748697, 0.225096918207, 0.0, 0.0282549905307, 0.0, 0.133434624264, 0.130620276697, 0.397130844414, 0.0, 0.0, 0.332362293485, 0.0, 0.0, 0.0, 0.22272497969, 0.103716265281, 0.0, 0.0, 0.0, 0.0, 47.0, 0.0, 1.43337528495
0.0901863434515, 0.458538915865, 0.0, 0.0, 0.0, 0.0296262927724, 1.0, 0.0, 1.0, 0.0, 0.0, 0.355997997366, 0.0, 0.133434624264, 0.0241832242993, 0.397130844414, 0.0, 0.0, 0.332362293485, 0.0, 0.0, 0.0, 0.22272497969, 0.103716265281, 0.0, 0.0, 0.0, 0.199885648458, 47.0, 0.0, 1.43337528495
0.0, 0.0862360338668, 0.0, 0.159552551313, 0.236970718234, 0.0182395741744, 0.915044191512, 0.0, 0.887867748697, 0.431649536023, 0.0, 0.384152587309, 0.0, 0.0, 0.271194179045, 0.397130844414, 0.0, 0.0, 0.0, 0.0, 0.0, 0.0, 0.22272497969, 0.278756211029, 0.0, 0.0877327870173, 0.0, 0.0, 47.0, 0.0, 1.43337528495
0.0, 0.0862360338668, 0.201601586717, 0.0, 0.17250342145, 0.0296262927724, 1.0, 0.0, 1.0, 0.0, 0.0, 0.0535089745867, 0.0, 0.0, 0.271194179045, 0.397130844414, 0.0, 0.0, 0.0, 0.0, 0.0, 0.416038125167, 0.391097959308, 0.0, 0.0, 0.0, 0.0, 0.0, 47.0, 0.0, 1.43337528495
0.0, 0.0862360338668, 0.0, 0.0208683631771, 0.0, 0.0296262927724, 1.0, 0.0, 0.887867748697, 0.225096918207, 0.0, 0.0581113790432, 0.0, 0.133434624264, 0.0241832242993, 0.397130844414, 0.0, 0.0, 0.332362293485, 0.0, 0.0, 0.443570587911, 0.22272497969, 0.103716265281, 0.0, 0.0, 0.0, 0.0, 47.0, 0.0, 1.43337528495
0.0, 0.0862360338668, 0.0, 0.0, 0.0, 0.0296262927724, 0.990060699742, 0.0, 1.0, 0.154098936572, 0.0, 0.0535089745867, 0.0, 0.0, 0.271194179045, 0.397130844414, 0.0, 0.0, 0.0, 0.0, 0.0, 0.0, 0.0, 0.0, 0.499650541366, 0.0, 0.0, 0.363873089561, 47.0, 0.0, 1.43337528495
0.0, 0.0862360338668, 0.0, 0.159552551313, 0.0, 0.0296262927724, 0.915044191512, 0.0, 1.0, 0.0, 0.0, 0.0252832113988, 0.0, 0.0, 0.271194179045, 0.397130844414, 0.0, 0.0362540552753, 0.0, 0.0, 0.0, 0.0, 0.391097959308, 0.0, 0.0, 0.0, 0.0, 0.0, 47.0, 0.0, 1.43337528495
