0.00822000941101, 0.00515778330472, 0.18464588429, 0.504101346846, 0.375776713194, 0.026560162395, 0.740073904354, 0.118649944464, 0.113648895612, 0.240354811871, 0.039323706407, 0.0118473769092, 0.0610567018457, 0.177667503932, 0.00105153560496, 0.0996957057612, 0.25444608115, 0.234336492467, 0.00189611325303, 0.241270049457, 0.665994366028, 0.331464028576, 0.439223652144, 0.114001843138, 0.493322169764, 0.0959751705657, 0.126101257254, 0.540510581587, 0.329210910109, 0.097533905022, 0.00822000941101, 2.90750192835
0.849365722608, 0.492641214402, 0.260972846079, 0.388233248196, 0.715715379454, 0.0165847317163, 0.13098460022, 0.204074605298, 0.743339763593, 0.410094441189, 0.151754829541, 0.0143595823534, 0.984031385426, 0.17927554497, 0.0400883850318, 0.16137882669, 0.757033936063, 0.017778363673, 0.366530062555, 0.883809800775, 0.0811556957953, 0.011539856866, 0.0563022745334, 0.214812586814, 0.0819998110008, 0.121600609421, 0.004353273736, 0.439605173152, 0.870252972525, 0.00441335637442, 0.849365722608, 1.10277999031
0.644092924684, 0.0863610287128, 0.160992393488, 0.388233248196, 0.507572549318, 0.256562394777, 0.640540161225, 0.118649944464, 0.584648247272, 0.702247813858, 0.00788977816323, 0.00715797531799, 0.0721650792822, 0.0251652519983, 0.393182602765, 0.0996957057612, 0.49372011426, 0.133309083308, 0.336030569104, 0.095123811726, 0.648342426924, 0.0594331210262, 0.670880103902, 0.0235282016797, 0.289588421039, 0.00247401940114, 0.622103605012, 0.745865477744, 0.018532828066, 0.376410553717, 0.644092924684, 1.49043611265
0.0019266044096, 0.529078466146, 0.624515665871, 0.293644529392, 0.0441057535474, 0.026560162395, 0.640540161225, 0.0386912415997, 0.646809624422, 0.0710371365087, 0.90115929964, 0.138797122676, 0.510739221249, 0.244329977809, 0.161835864822, 0.188947451048, 0.108631288326, 0.133309083308, 0.299329964492, 0.632258813452, 0.449232712515, 0.0124703532707, 0.0241476503037, 0.0832397146638, 0.917156502316, 0.082732498462, 0.316856430081, 0.815321429783, 0.254815977198, 0.135682043318, 0.0019266044096, 3.80753370584
0.466669579045, 0.219812015239, 0.0410679640587, 0.336364173569, 0.570145911675, 0.279552758604, 0.331574809695, 0.438323567782, 0.0658276520701, 0.116837929947, 0.0519784971914, 0.0770125060813, 0.551446664082, 0.760123696981, 0.0808707918907, 0.0251376087873, 0.365075052634, 0.0328718220262, 0.0683409795046, 0.193629895849, 0.639232690871, 0.364150028663, 0.660236426955, 0.93533651302, 0.069206260106, 0.0959751705657, 0.149656136509, 0.509899424164, 0.00683733217644, 0.48221094257, 0.466669579045, 1.93561555012
0.235571012572, 0.151427176038, 0.229399308145, 0.0890729770359, 0.126048111167, 0.753145059699, 0.530923895693, 0.0905438073677, 0.176866392111, 0.304729394977, 0.146272270966, 0.00369447647379, 0.860007486203, 0.0242145167202, 0.321407262514, 0.00222421752322, 0.0121278311151, 0.0894848606585, 0.433044997108, 0.0259207032687, 0.600166742406, 0.926628422934, 0.584598608294, 0.219408631375, 0.137244215451, 0.125082270642, 0.164401439733, 0.439605173152, 0.50654464909, 0.389259212355, 0.235571012572, 2.49052615132
0.207508235264, 0.957596625428, 0.229399308145, 0.32491174854, 0.483257816306, 0.21659183569, 0.123077135464, 0.0615972825242, 0.22161437008, 0.44282892576, 0.0927280186209, 0.185671992939, 0.812268806956, 0.0580239691516, 0.0337509410128, 0.0797462947563, 0.0268183778444, 0.0894848606585, 0.144984600606, 0.883809800775, 0.245569814969, 0.376026602951, 0.67104490021, 0.125973500953, 0.493322169764, 0.32235907609, 0.0185035696503, 0.215522924229, 0.249742189185, 0.477489908979, 0.207508235264, 2.76534932723
0.00769216570842, 0.00515778330472, 0.18464588429, 0.504101346846, 0.375776713194, 0.026560162395, 0.590933299818, 0.250113333411, 0.113648895612, 0.475608376836, 0.039323706407, 0.0118473769092, 0.876518240123, 0.177667503932, 0.00333072458235, 0.0996957057612, 0.25444608115, 0.990775289419, 0.00189611325303, 0.241270049457, 0.665994366028, 0.331464028576, 0.439223652144, 0.114001843138, 0.493322169764, 0.0959751705657, 0.252600210027, 0.540510581587, 0.329210910109, 0.531914488466, 0.00769216570842, 3.62576844306
0.00133913659877, 0.00515778330472, 0.902509878806, 0.989538198556, 0.793892573752, 0.0303018210879, 0.465564622882, 0.0124967619212, 0.113648895612, 0.116837929947, 0.039323706407, 0.864815895128, 0.876518240123, 0.177667503932, 0.00216161914031, 0.169931995259, 0.0138225299963, 0.437634809482, 0.00323057095557, 0.436469805011, 0.440985008696, 0.416091591293, 0.660236426955, 0.114001843138, 0.069206260106, 0.0959751705657, 0.797142137488, 0.540510581587, 0.386210405101, 0.00727109814215, 0.00133913659877, 4.02285268488
0.00117800211859, 0.529078466146, 0.282161264976, 0.475255793724, 0.00268004460545, 0.256562394777, 0.777265385135, 0.0868170456514, 0.880523657183, 0.0211403164164, 0.939440966257, 8.47995922008e-05, 0.510739221249, 0.244329977809, 0.0344411040714, 0.188947451048, 0.886619721481, 0.0783649430333, 0.0234430583084, 0.424142483373, 0.559976923556, 0.0124703532707, 0.675309789878, 0.114001843138, 0.71909640357, 0.0918309256301, 0.129419803585, 0.815321429783, 0.380250861396, 0.715899788239, 0.00117800211859, 4.29720044247
0.428562116822, 0.375795545521, 0.197946930771, 0.40672717039, 0.0816177137573, 0.591508927064, 0.0826428947448, 0.0905438073677, 0.156969021191, 0.642971101516, 0.547661299197, 0.547344950842, 0.549393709127, 0.0580239691516, 0.0333482986302, 0.4588827701, 0.029934267844, 0.122670841686, 0.00448643800903, 0.0114035482423, 0.40514417906, 0.579144571459, 0.820956661484, 0.0551972456017, 0.0365645579173, 0.32955541313, 0.107912692121, 0.0105922177923, 0.221728345764, 0.746292616484, 0.428562116822, 2.00370358903
0.260386914665, 0.536158997207, 0.260972846079, 0.388233248196, 0.715715379454, 0.0165847317163, 0.13098460022, 0.204074605298, 0.424028528703, 0.247052805845, 0.0980779260597, 0.0109617975527, 0.984031385426, 0.17927554497, 0.306883782181, 0.16137882669, 0.725878190368, 0.0427583894172, 0.366530062555, 0.883809800775, 0.149770959684, 0.011539856866, 0.131733936504, 0.214812586814, 0.288524294448, 0.0438016860347, 0.0124508885586, 0.21611399839, 0.823580996703, 0.00441335637442, 0.260386914665, 2.43955505552
0.00682043991365, 0.308316267583, 0.339949821551, 0.0691563017853, 0.0320605717041, 0.256562394777, 0.684641244906, 0.0996273917801, 0.412366899652, 0.000108757043212, 0.100861921081, 0.058576698493, 0.262305325421, 0.668207913329, 0.0206481169086, 0.188947451048, 0.00312249588899, 0.225165706428, 0.958231151917, 0.871258802587, 0.591772740708, 0.655862347661, 0.439223652144, 0.114001843138, 0.932805764367, 0.0136918983547, 0.362064198287, 0.540510581587, 0.0428548557283, 0.097533905022, 0.00682043991365, 3.73727642878
0.00822000941101, 0.00515778330472, 0.18464588429, 0.504101346846, 0.375776713194, 0.026560162395, 0.740073904354, 0.118649944464, 0.113648895612, 0.240354811871, 0.039323706407, 0.0118473769092, 0.0610567018457, 0.177667503932, 0.00105153560496, 0.0996957057612, 0.25444608115, 0.234336492467, 0.00189611325303, 0.241270049457, 0.665994366028, 0.331464028576, 0.439223652144, 0.114001843138, 0.493322169764, 0.0959751705657, 0.126101257254, 0.540510581587, 0.329210910109, 0.097533905022, 0.00822000941101, 2.90750192835
0.849365722608, 0.492641214402, 0.260972846079, 0.388233248196, 0.715715379454, 0.0165847317163, 0.13098460022, 0.204074605298, 0.743339763593, 0.410094441189, 0.151754829541, 0.0143595823534, 0.984031385426, 0.17927554497, 0.0400883850318, 0.16137882669, 0.757033936063, 0.017778363673, 0.366530062555, 0.883809800775, 0.0811556957953, 0.011539856866, 0.0563022745334, 0.214812586814, 0.0819998110008, 0.121600609421, 0.004353273736, 0.439605173152, 0.870252972525, 0.00441335637442, 0.849365722608, 1.10277999031
0.644092924684, 0.0863610287128, 0.160992393488, 0.388233248196, 0.507572549318, 0.256562394777, 0.640540161225, 0.118649944464, 0.584648247272, 0.702247813858, 0.00788977816323, 0.00715797531799, 0.0721650792822, 0.0251652519983, 0.393182602765, 0.0996957057612, 0.49372011426, 0.133309083308, 0.336030569104, 0.095123811726, 0.648342426924, 0.0594331210262, 0.670880103902, 0.0235282016797, 0.289588421039, 0.00247401940114, 0.622103605012, 0.745865477744, 0.018532828066, 0.376410553717, 0.644092924684, 1.49043611265
0.0019266044096, 0.529078466146, 0.624515665871, 0.293644529392, 0.0441057535474, 0.026560162395, 0.640540161225, 0.0386912415997, 0.646809624422, 0.0710371365087, 0.90115929964, 0.138797122676, 0.510739221249, 0.244329977809, 0.161835864822, 0.188947451048, 0.108631288326, 0.133309083308, 0.299329964492, 0.632258813452, 0.449232712515, 0.0124703532707, 0.0241476503037, 0.0832397146638, 0.917156502316, 0.082732498462, 0.316856430081, 0.815321429783, 0.254815977198, 0.135682043318, 0.0019266044096, 3.80753370584
0.466669579045, 0.219812015239, 0.0410679640587, 0.336364173569, 0.570145911675, 0.279552758604, 0.331574809695, 0.438323567782, 0.0658276520701, 0.116837929947, 0.0519784971914, 0.0770125060813, 0.551446664082, 0.760123696981, 0.0808707918907, 0.0251376087873, 0.365075052634, 0.0328718220262, 0.0683409795046, 0.193629895849, 0.639232690871, 0.364150028663, 0.660236426955, 0.93533651302, 0.069206260106, 0.0959751705657, 0.149656136509, 0.509899424164, 0.00683733217644, 0.48221094257, 0.466669579045, 1.93561555012
0.235571012572, 0.151427176038, 0.229399308145, 0.0890729770359, 0.126048111167, 0.753145059699, 0.530923895693, 0.0905438073677, 0.176866392111, 0.304729394977, 0.146272270966, 0.00369447647379, 0.860007486203, 0.0242145167202, 0.321407262514, 0.00222421752322, 0.0121278311151, 0.0894848606585, 0.433044997108, 0.0259207032687, 0.600166742406, 0.926628422934, 0.584598608294, 0.219408631375, 0.137244215451, 0.125082270642, 0.164401439733, 0.439605173152, 0.50654464909, 0.389259212355, 0.235571012572, 2.49052615132
0.207508235264, 0.957596625428, 0.229399308145, 0.32491174854, 0.483257816306, 0.21659183569, 0.123077135464, 0.0615972825242, 0.22161437008, 0.44282892576, 0.0927280186209, 0.185671992939, 0.812268806956, 0.0580239691516, 0.0337509410128, 0.0797462947563, 0.0268183778444, 0.0894848606585, 0.144984600606, 0.883809800775, 0.245569814969, 0.376026602951, 0.67104490021, 0.125973500953, 0.493322169764, 0.32235907609, 0.0185035696503, 0.215522924229, 0.249742189185, 0.477489908979, 0.207508235264, 2.76534932723
0.00769216570842, 0.00515778330472, 0.18464588429, 0.504101346846, 0.375776713194, 0.026560162395, 0.590933299818, 0.250113333411, 0.113648895612, 0.475608376836, 0.039323706407, 0.0118473769092, 0.876518240123, 0.177667503932, 0.00333072458235, 0.0996957057612, 0.25444608115, 0.990775289419, 0.00189611325303, 0.241270049457, 0.665994366028, 0.331464028576, 0.439223652144, 0.114001843138, 0.493322169764, 0.0959751705657, 0.252600210027, 0.540510581587, 0.329210910109, 0.531914488466, 0.00769216570842, 3.62576844306
0.00133913659877, 0.00515778330472, 0.902509878806, 0.989538198556, 0.793892573752, 0.0303018210879, 0.465564622882, 0.0124967619212, 0.113648895612, 0.116837929947, 0.039323706407, 0.864815895128, 0.876518240123, 0.177667503932, 0.00216161914031, 0.169931995259, 0.0138225299963, 0.437634809482, 0.00323057095557, 0.436469805011, 0.440985008696, 0.416091591293, 0.660236426955, 0.114001843138, 0.069206260106, 0.0959751705657, 0.797142137488, 0.540510581587, 0.386210405101, 0.00727109814215, 0.00133913659877, 4.02285268488
0.00117800211859, 0.529078466146, 0.282161264976, 0.475255793724, 0.00268004460545, 0.256562394777, 0.777265385135, 0.0868170456514, 0.880523657183, 0.0211403164164, 0.939440966257, 8.47995922008e-05, 0.510739221249, 0.244329977809, 0.0344411040714, 0.188947451048, 0.886619721481, 0.0783649430333, 0.0234430583084, 0.424142483373, 0.559976923556, 0.0124703532707, 0.675309789878, 0.114001843138, 0.71909640357, 0.0918309256301, 0.129419803585, 0.815321429783, 0.380250861396, 0.715899788239, 0.00117800211859, 4.29720044247
0.428562116822, 0.375795545521, 0.197946930771, 0.40672717039, 0.0816177137573, 0.591508927064, 0.0826428947448, 0.0905438073677, 0.156969021191, 0.642971101516, 0.547661299197, 0.547344950842, 0.549393709127, 0.0580239691516, 0.0333482986302, 0.4588827701, 0.029934267844, 0.122670841686, 0.00448643800903, 0.0114035482423, 0.40514417906, 0.579144571459, 0.820956661484, 0.0551972456017, 0.0365645579173, 0.32955541313, 0.107912692121, 0.0105922177923, 0.221728345764, 0.746292616484, 0.428562116822, 2.00370358903
0.260386914665, 0.536158997207, 0.260972846079, 0.388233248196, 0.715715379454, 0.0165847317163, 0.13098460022, 0.204074605298, 0.424028528703, 0.247052805845, 0.0980779260597, 0.0109617975527, 0.984031385426, 0.17927554497, 0.306883782181, 0.16137882669, 0.725878190368, 0.0427583894172, 0.366530062555, 0.883809800775, 0.149770959684, 0.011539856866, 0.131733936504, 0.214812586814, 0.288524294448, 0.0438016860347, 0.0124508885586, 0.21611399839, 0.823580996703, 0.00441335637442, 0.260386914665, 2.43955505552
0.00682043991365, 0.308316267583, 0.339949821551, 0.0691563017853, 0.0320605717041, 0.256562394777, 0.684641244906, 0.0996273917801, 0.412366899652, 0.000108757043212, 0.100861921081, 0.058576698493, 0.262305325421, 0.668207913329, 0.0206481169086, 0.188947451048, 0.00312249588899, 0.225165706428, 0.958231151917, 0.871258802587, 0.591772740708, 0.655862347661, 0.439223652144, 0.114001843138, 0.932805764367, 0.0136918983547, 0.362064198287, 0.540510581587, 0.0428548557283, 0.097533905022, 0.00682043991365, 3.73727642878
0.00769216570842, 0.00515778330472, 0.18464588429, 0.504101346846, 0.375776713194, 0.026560162395, 0.94814577118, 0.250113333411, 0.113648895612, 0.475608376836, 0.039323706407, 0.0118473769092, 0.876518240123, 0.177667503932, 0.00333072458235, 0.0996957057612, 0.25444608115, 0.990775289419, 0.00189611325303, 0.241270049457, 0.665994366028, 0.331464028576, 0.439223652144, 0.114001843138, 0.493322169764, 0.0813418703126, 0.126101257254, 0.540510581587, 0.329210910109, 0.531914488466, 0.00769216570842, 3.69132557532
0.00769216570842, 0.00515778330472, 0.18464588429, 0.504101346846, 0.375776713194, 0.026560162395, 0.94814577118, 0.250113333411, 0.113648895612, 0.475608376836, 0.039323706407, 0.0118473769092, 0.876518240123, 0.177667503932, 0.00333072458235, 0.0996957057612, 0.25444608115, 0.990775289419, 0.00189611325303, 0.241270049457, 0.665994366028, 0.331464028576, 0.439223652144, 0.114001843138, 0.493322169764, 0.0813418703126, 0.126101257254, 0.540510581587, 0.329210910109, 0.531914488466, 0.00769216570842, 3.69132557532
0.235571012572, 0.151427176038, 0.229399308145, 0.32491174854, 0.126048111167, 0.753145059699, 0.530923895693, 0.787770992114, 0.176866392111, 0.0163630883868, 0.146272270966, 0.00369447647379, 0.590600947021, 0.0242145167202, 0.321407262514, 0.00222421752322, 0.0121278311151, 0.0894848606585, 0.433044997108, 0.0259207032687, 0.600166742406, 0.926628422934, 0.584598608294, 0.219408631375, 0.137244215451, 0.125082270642, 0.164401439733, 0.151371038261, 0.50654464909, 0.465374952609, 0.235571012572, 2.53473570374
0.636423936247, 0.375795545521, 0.229399308145, 0.958819559632, 0.239027507651, 0.00420185285416, 0.124873572041, 0.6566893546, 0.878391780489, 0.44282892576, 0.174585504703, 0.0485525011163, 0.166487842141, 0.0903956768728, 0.321407262514, 0.267371642125, 0.365075052634, 0.484031132391, 0.375257733994, 0.424877250813, 0.505540710495, 0.134217459901, 0.00871905272199, 0.159488775616, 0.991310567622, 0.125082270642, 0.376386182296, 0.649947562473, 0.0634670108251, 0.552491344806, 0.636423936247, 1.95658762604
0.235571012572, 0.151427176038, 0.229399308145, 0.32491174854, 0.126048111167, 0.753145059699, 0.530923895693, 0.787770992114, 0.176866392111, 0.0163630883868, 0.146272270966, 0.00369447647379, 0.590600947021, 0.0242145167202, 0.321407262514, 0.00222421752322, 0.0121278311151, 0.0894848606585, 0.433044997108, 0.0259207032687, 0.600166742406, 0.926628422934, 0.584598608294, 0.219408631375, 0.137244215451, 0.125082270642, 0.164401439733, 0.151371038261, 0.50654464909, 0.465374952609, 0.235571012572, 2.53473570374
0.636423936247, 0.375795545521, 0.229399308145, 0.958819559632, 0.239027507651, 0.00420185285416, 0.124873572041, 0.6566893546, 0.878391780489, 0.44282892576, 0.174585504703, 0.0485525011163, 0.166487842141, 0.0903956768728, 0.321407262514, 0.267371642125, 0.365075052634, 0.484031132391, 0.375257733994, 0.424877250813, 0.505540710495, 0.134217459901, 0.00871905272199, 0.159488775616, 0.991310567622, 0.125082270642, 0.376386182296, 0.649947562473, 0.0634670108251, 0.552491344806, 0.636423936247, 1.95658762604
0.644092924684, 0.536158997207, 0.197946930771, 0.141385485787, 0.0586691767434, 0.432838447471, 0.416962175015, 0.0905438073677, 0.727346696289, 0.676904448262, 0.97806998451, 0.0689435423124, 0.0782519694928, 0.8855669208, 0.0836626447977, 0.0682654875168, 0.016530282144, 0.484031132391, 0.0288503380309, 0.095123811726, 0.0113032837714, 0.106382138937, 0.203494101105, 0.287953083044, 0.164961645343, 0.118015272633, 0.622103605012, 0.320205043732, 0.312246307618, 0.376410553717, 0.644092924684, 1.49600880038
0.849365722608, 0.492641214402, 0.260972846079, 0.388233248196, 0.715715379454, 0.0165847317163, 0.13098460022, 0.204074605298, 0.303554799342, 0.247052805845, 0.0941969094687, 0.0143595823534, 0.984031385426, 0.17927554497, 0.0400883850318, 0.60375873385, 0.725878190368, 0.0427583894172, 0.366530062555, 0.883809800775, 0.149770959684, 0.011539856866, 0.675309789878, 0.214812586814, 0.0819998110008, 0.121600609421, 0.004353273736, 0.439605173152, 0.823580996703, 0.00186504516579, 0.849365722608, 1.20092960927
0.855306465003, 0.619022341991, 0.94247931597, 0.506891493192, 0.217207536365, 0.498794075014, 0.0145978901278, 0.359911570376, 0.276470394419, 0.3561094951, 0.968589509146, 0.058576698493, 0.027835569569, 0.0580239691516, 0.502804078133, 0.157415089298, 0.00445241298504, 0.208121085554, 0.160482863109, 0.00157049077542, 0.97246684911, 0.331464028576, 0.434882469632, 0.141636425176, 0.268094187153, 0.0959751705657, 0.0880086694544, 0.151371038261, 0.153292196854, 0.476875639674, 0.855306465003, 1.16111725444
0.644092924684, 0.536158997207, 0.197946930771, 0.141385485787, 0.0586691767434, 0.432838447471, 0.416962175015, 0.0905438073677, 0.727346696289, 0.676904448262, 0.97806998451, 0.0689435423124, 0.0782519694928, 0.8855669208, 0.0836626447977, 0.0682654875168, 0.016530282144, 0.484031132391, 0.0288503380309, 0.095123811726, 0.0113032837714, 0.106382138937, 0.203494101105, 0.287953083044, 0.164961645343, 0.118015272633, 0.622103605012, 0.320205043732, 0.312246307618, 0.376410553717, 0.644092924684, 1.49600880038
0.849365722608, 0.492641214402, 0.260972846079, 0.388233248196, 0.715715379454, 0.0165847317163, 0.13098460022, 0.204074605298, 0.303554799342, 0.247052805845, 0.0941969094687, 0.0143595823534, 0.984031385426, 0.17927554497, 0.0400883850318, 0.60375873385, 0.725878190368, 0.0427583894172, 0.366530062555, 0.883809800775, 0.149770959684, 0.011539856866, 0.675309789878, 0.214812586814, 0.0819998110008, 0.121600609421, 0.004353273736, 0.439605173152, 0.823580996703, 0.00186504516579, 0.849365722608, 1.20092960927
0.855306465003, 0.619022341991, 0.94247931597, 0.506891493192, 0.217207536365, 0.498794075014, 0.0145978901278, 0.359911570376, 0.276470394419, 0.3561094951, 0.968589509146, 0.058576698493, 0.027835569569, 0.0580239691516, 0.502804078133, 0.157415089298, 0.00445241298504, 0.208121085554, 0.160482863109, 0.00157049077542, 0.97246684911, 0.331464028576, 0.434882469632, 0.141636425176, 0.268094187153, 0.0959751705657, 0.0880086694544, 0.151371038261, 0.153292196854, 0.476875639674, 0.855306465003, 1.16111725444
0.428562116822, 0.640556922563, 0.163479315003, 0.356820317721, 0.378605548627, 0.433295332088, 0.0826428947448, 0.326010612563, 0.156969021191, 0.440917108896, 0.369996215949, 0.53089283371, 0.364161497004, 0.0580239691516, 0.0333482986302, 0.480489444398, 0.416534499653, 0.272837417703, 0.000512803442178, 0.267662534094, 0.0203335277112, 0.154528848916, 0.386366840849, 0.125973500953, 0.627598484802, 0.47623361816, 0.37927631188, 0.439605173152, 0.221728345764, 0.652964986749, 0.428562116822, 2.24991288149
0.00198494831901, 0.387475425991, 0.902509878806, 0.989538198556, 0.793892573752, 0.0303018210879, 0.465564622882, 0.0124967619212, 0.113648895612, 0.116837929947, 0.039323706407, 0.474983977253, 0.876518240123, 0.177667503932, 0.00216161914031, 0.169931995259, 0.0138225299963, 0.437634809482, 0.00323057095557, 0.106947619719, 0.440985008696, 0.416091591293, 0.660236426955, 0.114001843138, 0.069206260106, 0.0959751705657, 0.797142137488, 0.540510581587, 0.386210405101, 0.00727109814215, 0.00198494831901, 3.90323749823
0.0019266044096, 0.529078466146, 0.00505576674489, 0.312590325858, 0.0441057535474, 0.256562394777, 0.640540161225, 0.0868170456514, 0.880523657183, 0.0710371365087, 0.90115929964, 0.045982761412, 0.510739221249, 0.244329977809, 0.0157742998509, 0.188947451048, 0.7899865295, 0.133309083308, 0.299329964492, 0.66448962831, 0.449232712515, 0.0124703532707, 0.0241476503037, 0.114001843138, 0.71909640357, 0.082732498462, 0.316856430081, 0.815321429783, 0.544359279952, 0.135682043318, 0.0019266044096, 3.96353995337
0.46471300751, 0.0942918732224, 0.125232744083, 0.0512792422631, 0.57282670886, 0.453252639968, 0.711554715144, 0.00344605019482, 0.837706747741, 0.702247813858, 0.763438555046, 0.0485525011163, 0.0769945249618, 0.476815971621, 0.827017726743, 0.443874016554, 0.029934267844, 0.122670841686, 0.336030569104, 0.095123811726, 0.0113032837714, 0.0521633467664, 0.670880103902, 0.12205747224, 0.493322169764, 0.118015272633, 0.622103605012, 0.253289504731, 0.018532828066, 0.376410553717, 0.46471300751, 2.18044092231
0.428562116822, 0.640556922563, 0.163479315003, 0.356820317721, 0.378605548627, 0.433295332088, 0.0826428947448, 0.326010612563, 0.156969021191, 0.440917108896, 0.369996215949, 0.53089283371, 0.364161497004, 0.0580239691516, 0.0333482986302, 0.480489444398, 0.416534499653, 0.272837417703, 0.000512803442178, 0.267662534094, 0.0203335277112, 0.154528848916, 0.386366840849, 0.125973500953, 0.627598484802, 0.47623361816, 0.37927631188, 0.439605173152, 0.221728345764, 0.652964986749, 0.428562116822, 2.24991288149
0.00198494831901, 0.387475425991, 0.902509878806, 0.989538198556, 0.793892573752, 0.0303018210879, 0.465564622882, 0.0124967619212, 0.113648895612, 0.116837929947, 0.039323706407, 0.474983977253, 0.876518240123, 0.177667503932, 0.00216161914031, 0.169931995259, 0.0138225299963, 0.437634809482, 0.00323057095557, 0.106947619719, 0.440985008696, 0.416091591293, 0.660236426955, 0.114001843138, 0.069206260106, 0.0959751705657, 0.797142137488, 0.540510581587, 0.386210405101, 0.00727109814215, 0.00198494831901, 3.90323749823
0.0019266044096, 0.529078466146, 0.00505576674489, 0.312590325858, 0.0441057535474, 0.256562394777, 0.640540161225, 0.0868170456514, 0.880523657183, 0.0710371365087, 0.90115929964, 0.045982761412, 0.510739221249, 0.244329977809, 0.0157742998509, 0.188947451048, 0.7899865295, 0.133309083308, 0.299329964492, 0.66448962831, 0.449232712515, 0.0124703532707, 0.0241476503037, 0.114001843138, 0.71909640357, 0.082732498462, 0.316856430081, 0.815321429783, 0.544359279952, 0.135682043318, 0.0019266044096, 3.96353995337
0.46471300751, 0.0942918732224, 0.125232744083, 0.0512792422631, 0.57282670886, 0.453252639968, 0.711554715144, 0.00344605019482, 0.837706747741, 0.702247813858, 0.763438555046, 0.0485525011163, 0.0769945249618, 0.476815971621, 0.827017726743, 0.443874016554, 0.029934267844, 0.122670841686, 0.336030569104, 0.095123811726, 0.0113032837714, 0.0521633467664, 0.670880103902, 0.12205747224, 0.493322169764, 0.118015272633, 0.622103605012, 0.253289504731, 0.018532828066, 0.376410553717, 0.46471300751, 2.18044092231
0.235571012572, 0.917744906173, 0.229399308145, 0.32491174854, 0.483257816306, 0.21659183569, 0.530923895693, 0.0615972825242, 0.228734672761, 0.116837929947, 0.0126854326755, 0.185671992939, 0.772316481667, 0.228601825057, 0.0400883850318, 0.0797462947563, 0.0268183778444, 0.0894848606585, 0.332603872552, 0.86391846076, 0.237244688967, 0.274395776876, 0.67104490021, 0.219408631375, 0.493322169764, 0.32235907609, 0.0164824230118, 0.0681202377, 0.50654464909, 0.268382350835, 0.235571012572, 2.58696653062
0.235571012572, 0.917744906173, 0.229399308145, 0.32491174854, 0.483257816306, 0.21659183569, 0.530923895693, 0.0615972825242, 0.228734672761, 0.116837929947, 0.0126854326755, 0.185671992939, 0.772316481667, 0.228601825057, 0.0400883850318, 0.0797462947563, 0.0268183778444, 0.0894848606585, 0.332603872552, 0.86391846076, 0.237244688967, 0.274395776876, 0.67104490021, 0.219408631375, 0.493322169764, 0.32235907609, 0.0164824230118, 0.0681202377, 0.50654464909, 0.268382350835, 0.235571012572, 2.58696653062
0.428562116822, 0.375795545521, 0.486496367569, 0.429248251685, 0.13122766917, 0.591508927064, 0.0826428947448, 0.0905438073677, 0.156969021191, 0.642971101516, 0.547661299197, 0.547344950842, 0.549393709127, 0.0580239691516, 0.0333482986302, 0.4588827701, 0.416534499653, 0.122670841686, 0.00448643800903, 0.38602202388, 0.40514417906, 0.205279560907, 0.820956661484, 0.0551972456017, 0.0365645579173, 0.536877620321, 0.107912692121, 0.208231622146, 0.221728345764, 0.929576825587, 0.428562116822, 2.34860420979
0.428562116822, 0.375795545521, 0.486496367569, 0.429248251685, 0.13122766917, 0.591508927064, 0.0826428947448, 0.0905438073677, 0.156969021191, 0.642971101516, 0.547661299197, 0.547344950842, 0.549393709127, 0.0580239691516, 0.0333482986302, 0.4588827701, 0.416534499653, 0.122670841686, 0.00448643800903, 0.38602202388, 0.40514417906, 0.205279560907, 0.820956661484, 0.0551972456017, 0.0365645579173, 0.536877620321, 0.107912692121, 0.208231622146, 0.221728345764, 0.929576825587, 0.428562116822, 2.34860420979
0.235571012572, 0.946240818648, 0.229399308145, 0.32491174854, 0.483257816306, 0.21659183569, 0.530923895693, 0.0615972825242, 0.228734672761, 0.116837929947, 0.0126854326755, 0.185671992939, 0.772316481667, 0.228601825057, 0.0400883850318, 0.0797462947563, 0.0268183778444, 0.0894848606585, 0.884967560842, 0.86391846076, 0.245569814969, 0.274395776876, 0.67104490021, 0.219408631375, 0.360468664812, 0.32235907609, 0.0164824230118, 0.0681202377, 0.50654464909, 0.268382350835, 0.235571012572, 2.7109734389
0.235571012572, 0.946240818648, 0.229399308145, 0.32491174854, 0.483257816306, 0.21659183569, 0.530923895693, 0.0615972825242, 0.228734672761, 0.116837929947, 0.0126854326755, 0.185671992939, 0.772316481667, 0.228601825057, 0.0400883850318, 0.0797462947563, 0.0268183778444, 0.0894848606585, 0.884967560842, 0.86391846076, 0.245569814969, 0.274395776876, 0.67104490021, 0.219408631375, 0.360468664812, 0.32235907609, 0.0164824230118, 0.0681202377, 0.50654464909, 0.268382350835, 0.235571012572, 2.7109734389
0.0019266044096, 0.529078466146, 0.00505576674489, 0.312590325858, 0.0441057535474, 0.256562394777, 0.640540161225, 0.0868170456514, 0.880523657183, 0.0710371365087, 0.90115929964, 0.058576698493, 0.510739221249, 0.244329977809, 0.0157742998509, 0.188947451048, 0.7899865295, 0.133309083308, 0.299329964492, 0.65492504324, 0.449232712515, 0.0124703532707, 0.0241476503037, 0.114001843138, 0.71909640357, 0.082732498462, 0.316856430081, 0.815321429783, 0.544359279952, 0.135682043318, 0.0019266044096, 3.96446984766
0.849365722608, 0.492641214402, 0.260972846079, 0.388233248196, 0.0460708990656, 0.0165847317163, 0.4388404193, 0.204074605298, 0.878391780489, 0.247052805845, 0.0626053533543, 0.0143595823534, 0.716196511838, 0.17927554497, 0.157686953117, 0.152384738632, 0.725878190368, 0.0427583894172, 0.906606299557, 0.883809800775, 0.149770959684, 0.00176585918767, 0.0915698544044, 0.214812586814, 0.288524294448, 0.125082270642, 0.401679838379, 0.439605173152, 0.823580996703, 0.00670652707848, 0.849365722608, 1.23388004475
0.0019266044096, 0.529078466146, 0.00505576674489, 0.312590325858, 0.0441057535474, 0.256562394777, 0.640540161225, 0.0868170456514, 0.880523657183, 0.0710371365087, 0.90115929964, 0.058576698493, 0.510739221249, 0.244329977809, 0.0157742998509, 0.188947451048, 0.7899865295, 0.133309083308, 0.299329964492, 0.65492504324, 0.449232712515, 0.0124703532707, 0.0241476503037, 0.114001843138, 0.71909640357, 0.082732498462, 0.316856430081, 0.815321429783, 0.544359279952, 0.135682043318, 0.0019266044096, 3.96446984766
0.849365722608, 0.492641214402, 0.260972846079, 0.388233248196, 0.0460708990656, 0.0165847317163, 0.4388404193, 0.204074605298, 0.878391780489, 0.247052805845, 0.0626053533543, 0.0143595823534, 0.716196511838, 0.17927554497, 0.157686953117, 0.152384738632, 0.725878190368, 0.0427583894172, 0.906606299557, 0.883809800775, 0.149770959684, 0.00176585918767, 0.0915698544044, 0.214812586814, 0.288524294448, 0.125082270642, 0.401679838379, 0.439605173152, 0.823580996703, 0.00670652707848, 0.849365722608, 1.23388004475
0.644092924684, 0.0942918732224, 0.125232744083, 0.234008537, 0.507572549318, 0.729266000837, 0.711554715144, 0.118649944464, 0.113648895612, 0.702247813858, 0.763438555046, 0.00715797531799, 0.0769945249618, 0.476815971621, 0.393182602765, 0.0996957057612, 0.029934267844, 0.484031132391, 0.336030569104, 0.095123811726, 0.648342426924, 0.0594331210262, 0.670880103902, 0.12205747224, 0.0481411025906, 0.118015272633, 0.622103605012, 0.253289504731, 0.018532828066, 0.00670652707848, 0.644092924684, 1.51496706569
0.644092924684, 0.0942918732224, 0.125232744083, 0.234008537, 0.507572549318, 0.729266000837, 0.711554715144, 0.118649944464, 0.113648895612, 0.702247813858, 0.763438555046, 0.00715797531799, 0.0769945249618, 0.476815971621, 0.393182602765, 0.0996957057612, 0.029934267844, 0.484031132391, 0.336030569104, 0.095123811726, 0.648342426924, 0.0594331210262, 0.670880103902, 0.12205747224, 0.0481411025906, 0.118015272633, 0.622103605012, 0.253289504731, 0.018532828066, 0.00670652707848, 0.644092924684, 1.51496706569
0.275567766565, 0.00515778330472, 0.18464588429, 0.495712700703, 0.793892573752, 0.00408007379101, 0.465564622882, 0.118649944464, 0.113648895612, 0.240354811871, 0.039323706407, 0.864815895128, 0.162169330892, 0.0822503746855, 0.00216161914031, 0.169931995259, 0.0138225299963, 0.437634809482, 0.663862605152, 0.106947619719, 0.440985008696, 0.416091591293, 0.660236426955, 0.114001843138, 0.542600238192, 0.0349598586484, 0.797142137488, 0.540510581587, 0.329210910109, 0.00889431836028, 0.275567766565, 2.53891891835
0.260386914665, 0.536158997207, 0.260972846079, 0.388233248196, 0.715715379454, 0.0165847317163, 0.13098460022, 0.71860148505, 0.424028528703, 0.247052805845, 0.0980779260597, 0.0143595823534, 0.984031385426, 0.17927554497, 0.306883782181, 0.16137882669, 0.725878190368, 0.0427583894172, 0.366530062555, 0.883809800775, 0.149770959684, 0.011539856866, 0.131733936504, 0.214812586814, 0.288524294448, 0.0438016860347, 0.0124508885586, 0.21611399839, 0.823580996703, 0.00441335637442, 0.260386914665, 2.5790922387
0.275567766565, 0.00515778330472, 0.18464588429, 0.495712700703, 0.793892573752, 0.00408007379101, 0.465564622882, 0.118649944464, 0.113648895612, 0.240354811871, 0.039323706407, 0.864815895128, 0.162169330892, 0.0822503746855, 0.00216161914031, 0.169931995259, 0.0138225299963, 0.437634809482, 0.663862605152, 0.106947619719, 0.440985008696, 0.416091591293, 0.660236426955, 0.114001843138, 0.542600238192, 0.0349598586484, 0.797142137488, 0.540510581587, 0.329210910109, 0.00889431836028, 0.275567766565, 2.53891891835
0.260386914665, 0.536158997207, 0.260972846079, 0.388233248196, 0.715715379454, 0.0165847317163, 0.13098460022, 0.71860148505, 0.424028528703, 0.247052805845, 0.0980779260597, 0.0143595823534, 0.984031385426, 0.17927554497, 0.306883782181, 0.16137882669, 0.725878190368, 0.0427583894172, 0.366530062555, 0.883809800775, 0.149770959684, 0.011539856866, 0.131733936504, 0.214812586814, 0.288524294448, 0.0438016860347, 0.0124508885586, 0.21611399839, 0.823580996703, 0.00441335637442, 0.260386914665, 2.5790922387
0.46471300751, 0.0942918732224, 0.125232744083, 0.104826963467, 0.507572549318, 0.453252639968, 0.908873145361, 0.00264186851226, 0.837706747741, 0.702247813858, 0.763438555046, 0.0485525011163, 0.0769945249618, 0.476815971621, 0.827017726743, 0.443874016554, 0.416534499653, 0.122670841686, 0.336030569104, 0.095123811726, 0.00341559705535, 0.0521633467664, 0.683832001144, 0.12205747224, 0.493322169764, 0.118015272633, 0.622103605012, 0.227551260669, 0.018532828066, 0.376410553717, 0.46471300751, 2.32236182332
0.46471300751, 0.0942918732224, 0.125232744083, 0.104826963467, 0.507572549318, 0.453252639968, 0.908873145361, 0.00264186851226, 0.837706747741, 0.702247813858, 0.763438555046, 0.0485525011163, 0.0769945249618, 0.476815971621, 0.827017726743, 0.443874016554, 0.416534499653, 0.122670841686, 0.336030569104, 0.095123811726, 0.00341559705535, 0.0521633467664, 0.683832001144, 0.12205747224, 0.493322169764, 0.118015272633, 0.622103605012, 0.227551260669, 0.018532828066, 0.376410553717, 0.46471300751, 2.32236182332
0.00822000941101, 0.00515778330472, 0.667931330553, 0.504101346846, 0.375776713194, 0.256562394777, 0.740073904354, 0.118649944464, 0.113648895612, 0.240354811871, 0.039323706407, 0.0118473769092, 0.0610567018457, 0.177667503932, 0.00333072458235, 0.0996957057612, 0.25444608115, 0.806772583666, 0.00189611325303, 0.241270049457, 0.665994366028, 0.331464028576, 0.439223652144, 0.114001843138, 0.152703316352, 0.0959751705657, 0.126101257254, 0.540510581587, 0.329210910109, 0.097533905022, 0.00822000941101, 3.19408285319
0.0513420201397, 0.917744906173, 0.229399308145, 0.32491174854, 0.455861279027, 0.00420185285416, 0.313136343099, 0.0615972825242, 0.228734672761, 0.411412923066, 0.0126854326755, 0.171709552642, 0.812268806956, 0.228601825057, 0.276781067737, 0.0704897622443, 0.024055744162, 0.0894848606585, 0.332603872552, 0.0906934791448, 0.124218769766, 0.180291907434, 0.67104490021, 0.219408631375, 0.493322169764, 0.32235907609, 0.0164824230118, 0.0681202377, 0.50654464909, 0.268382350835, 0.0513420201397, 2.987191928
0.00822000941101, 0.00515778330472, 0.667931330553, 0.504101346846, 0.375776713194, 0.256562394777, 0.740073904354, 0.118649944464, 0.113648895612, 0.240354811871, 0.039323706407, 0.0118473769092, 0.0610567018457, 0.177667503932, 0.00333072458235, 0.0996957057612, 0.25444608115, 0.806772583666, 0.00189611325303, 0.241270049457, 0.665994366028, 0.331464028576, 0.439223652144, 0.114001843138, 0.152703316352, 0.0959751705657, 0.126101257254, 0.540510581587, 0.329210910109, 0.097533905022, 0.00822000941101, 3.19408285319
0.0513420201397, 0.917744906173, 0.229399308145, 0.32491174854, 0.455861279027, 0.00420185285416, 0.313136343099, 0.0615972825242, 0.228734672761, 0.411412923066, 0.0126854326755, 0.171709552642, 0.812268806956, 0.228601825057, 0.276781067737, 0.0704897622443, 0.024055744162, 0.0894848606585, 0.332603872552, 0.0906934791448, 0.124218769766, 0.180291907434, 0.67104490021, 0.219408631375, 0.493322169764, 0.32235907609, 0.0164824230118, 0.0681202377, 0.50654464909, 0.268382350835, 0.0513420201397, 2.987191928
0.633029157954, 0.492641214402, 0.229399308145, 0.495712700703, 0.715715379454, 0.00420185285416, 0.331574809695, 0.273265358634, 0.878391780489, 0.44282892576, 0.151754829541, 0.772217020815, 0.327606982678, 0.0903956768728, 0.321407262514, 0.0313137953824, 0.365075052634, 0.0427583894172, 0.717100309968, 0.424877250813, 0.505540710495, 0.134217459901, 0.00454697637805, 0.214812586814, 0.493322169764, 0.125082270642, 0.620403852383, 0.439605173152, 0.823580996703, 0.552491344806, 0.633029157954, 2.2025745914
0.633029157954, 0.492641214402, 0.229399308145, 0.495712700703, 0.715715379454, 0.00420185285416, 0.331574809695, 0.273265358634, 0.878391780489, 0.44282892576, 0.151754829541, 0.772217020815, 0.327606982678, 0.0903956768728, 0.321407262514, 0.0313137953824, 0.365075052634, 0.0427583894172, 0.717100309968, 0.424877250813, 0.505540710495, 0.134217459901, 0.00454697637805, 0.214812586814, 0.493322169764, 0.125082270642, 0.620403852383, 0.439605173152, 0.823580996703, 0.552491344806, 0.633029157954, 2.2025745914
0.636423936247, 0.728244178005, 0.229399308145, 0.940345522744, 0.239027507651, 0.00420185285416, 0.331574809695, 0.6566893546, 0.878391780489, 0.702247813858, 0.0814183759621, 0.0485525011163, 0.166487842141, 0.0172534542172, 0.479325841921, 0.267371642125, 0.365075052634, 0.484031132391, 0.375257733994, 0.424877250813, 0.505540710495, 0.134217459901, 0.00871905272199, 0.0362487709992, 0.991310567622, 0.125082270642, 0.225548072568, 0.649947562473, 0.0634670108251, 0.507573324238, 0.636423936247, 2.07486142909
0.636423936247, 0.728244178005, 0.229399308145, 0.940345522744, 0.239027507651, 0.00420185285416, 0.331574809695, 0.6566893546, 0.878391780489, 0.702247813858, 0.0814183759621, 0.0485525011163, 0.166487842141, 0.0172534542172, 0.479325841921, 0.267371642125, 0.365075052634, 0.484031132391, 0.375257733994, 0.424877250813, 0.505540710495, 0.134217459901, 0.00871905272199, 0.0362487709992, 0.991310567622, 0.125082270642, 0.225548072568, 0.649947562473, 0.0634670108251, 0.507573324238, 0.636423936247, 2.07486142909
0.0019266044096, 0.529078466146, 0.624515665871, 0.293644529392, 0.0441057535474, 0.256562394777, 0.640540161225, 0.0386912415997, 0.228734672761, 0.0710371365087, 0.90115929964, 0.058576698493, 0.510739221249, 0.244329977809, 0.0157742998509, 0.188947451048, 0.7899865295, 0.317436549756, 0.299329964492, 0.632258813452, 0.449232712515, 0.0124703532707, 0.0241476503037, 0.114001843138, 0.71909640357, 0.082732498462, 0.580964496129, 0.815321429783, 0.254815977198, 0.135682043318, 0.0019266044096, 3.97571250119
0.0019266044096, 0.529078466146, 0.624515665871, 0.293644529392, 0.0441057535474, 0.256562394777, 0.640540161225, 0.0386912415997, 0.228734672761, 0.0710371365087, 0.90115929964, 0.058576698493, 0.510739221249, 0.244329977809, 0.0157742998509, 0.188947451048, 0.7899865295, 0.317436549756, 0.299329964492, 0.632258813452, 0.449232712515, 0.0124703532707, 0.0241476503037, 0.114001843138, 0.71909640357, 0.082732498462, 0.580964496129, 0.815321429783, 0.254815977198, 0.135682043318, 0.0019266044096, 3.97571250119
0.849365722608, 0.492641214402, 0.260972846079, 0.388233248196, 0.715715379454, 0.0165847317163, 0.13098460022, 0.204074605298, 0.743339763593, 0.410094441189, 0.151754829541, 0.0143595823534, 0.984031385426, 0.27453473293, 0.0400883850318, 0.16137882669, 0.725878190368, 0.017778363673, 0.366530062555, 0.883809800775, 0.149770959684, 0.011539856866, 0.0563022745334, 0.214812586814, 0.514000093571, 0.226424231477, 0.004353273736, 0.439605173152, 0.870252972525, 0.00441335637442, 0.849365722608, 1.26167926254
0.849365722608, 0.492641214402, 0.260972846079, 0.388233248196, 0.715715379454, 0.0165847317163, 0.13098460022, 0.204074605298, 0.743339763593, 0.410094441189, 0.151754829541, 0.0143595823534, 0.984031385426, 0.27453473293, 0.0400883850318, 0.16137882669, 0.725878190368, 0.017778363673, 0.366530062555, 0.883809800775, 0.149770959684, 0.011539856866, 0.0563022745334, 0.214812586814, 0.514000093571, 0.226424231477, 0.004353273736, 0.439605173152, 0.870252972525, 0.00441335637442, 0.849365722608, 1.26167926254
0.66735057843, 0.219812015239, 0.0149275763418, 0.0299490247627, 0.570145911675, 0.279552758604, 0.331574809695, 0.438323567782, 0.0658276520701, 0.116837929947, 6.68833362849e-06, 0.0770125060813, 0.0103203017875, 0.760123696981, 0.0808707918907, 0.0251376087873, 0.921158704798, 0.0328718220262, 0.0683409795046, 0.193629895849, 0.599586081708, 0.305644545649, 0.660236426955, 0.93533651302, 0.069206260106, 0.820616174386, 0.149656136509, 0.509899424164, 0.00683733217644, 0.414596847609, 0.66735057843, 1.55995703858
0.644092924684, 0.0942918732224, 0.160992393488, 0.388233248196, 0.507572549318, 0.703657844625, 0.711554715144, 0.118649944464, 0.113648895612, 0.702247813858, 0.0157079543797, 0.00253022492199, 0.0769945249618, 0.476815971621, 0.393182602765, 0.0996957057612, 0.462840091214, 0.129791592603, 0.850515110358, 0.095123811726, 0.648342426924, 0.0594331210262, 0.645565919341, 0.12205747224, 0.289588421039, 0.00247401940114, 0.622103605012, 0.253289504731, 0.00414964663523, 0.376410553717, 0.644092924684, 1.62845201621
0.66735057843, 0.219812015239, 0.0149275763418, 0.0299490247627, 0.570145911675, 0.279552758604, 0.331574809695, 0.438323567782, 0.0658276520701, 0.116837929947, 6.68833362849e-06, 0.0770125060813, 0.0103203017875, 0.760123696981, 0.0808707918907, 0.0251376087873, 0.921158704798, 0.0328718220262, 0.0683409795046, 0.193629895849, 0.599586081708, 0.305644545649, 0.660236426955, 0.93533651302, 0.069206260106, 0.820616174386, 0.149656136509, 0.509899424164, 0.00683733217644, 0.414596847609, 0.66735057843, 1.55995703858
0.644092924684, 0.0942918732224, 0.160992393488, 0.388233248196, 0.507572549318, 0.703657844625, 0.711554715144, 0.118649944464, 0.113648895612, 0.702247813858, 0.0157079543797, 0.00253022492199, 0.0769945249618, 0.476815971621, 0.393182602765, 0.0996957057612, 0.462840091214, 0.129791592603, 0.850515110358, 0.095123811726, 0.648342426924, 0.0594331210262, 0.645565919341, 0.12205747224, 0.289588421039, 0.00247401940114, 0.622103605012, 0.253289504731, 0.00414964663523, 0.376410553717, 0.644092924684, 1.62845201621
0.636423936247, 0.795970590187, 0.229399308145, 0.958819559632, 0.239027507651, 0.00420185285416, 0.124873572041, 0.6566893546, 0.878391780489, 0.44282892576, 0.151754829541, 0.0485525011163, 0.166487842141, 0.0668607797323, 0.321407262514, 0.267371642125, 0.365075052634, 0.484031132391, 0.375257733994, 0.424877250813, 0.505540710495, 0.134217459901, 0.00871905272199, 0.159488775616, 0.991310567622, 0.125082270642, 0.225548072568, 0.649947562473, 0.336929557032, 0.552491344806, 0.636423936247, 2.08081066277
0.636423936247, 0.795970590187, 0.229399308145, 0.958819559632, 0.239027507651, 0.00420185285416, 0.124873572041, 0.6566893546, 0.878391780489, 0.44282892576, 0.151754829541, 0.0485525011163, 0.166487842141, 0.0668607797323, 0.321407262514, 0.267371642125, 0.365075052634, 0.484031132391, 0.375257733994, 0.424877250813, 0.505540710495, 0.134217459901, 0.00871905272199, 0.159488775616, 0.991310567622, 0.125082270642, 0.225548072568, 0.649947562473, 0.336929557032, 0.552491344806, 0.636423936247, 2.08081066277
0.390017521133, 0.492641214402, 0.260972846079, 0.388233248196, 0.715715379454, 0.0165847317163, 0.13098460022, 0.204074605298, 0.743339763593, 0.247052805845, 0.151754829541, 0.00342237847868, 0.510739221249, 0.17927554497, 0.0400883850318, 0.896487495107, 0.725878190368, 0.0427583894172, 0.366530062555, 0.883809800775, 0.149770959684, 0.011539856866, 0.0563022745334, 0.214812586814, 0.0819998110008, 0.0792735796576, 0.004353273736, 0.439605173152, 0.823580996703, 0.00186504516579, 0.390017521133, 2.66156007696
0.390017521133, 0.492641214402, 0.260972846079, 0.388233248196, 0.715715379454, 0.0165847317163, 0.13098460022, 0.204074605298, 0.743339763593, 0.247052805845, 0.151754829541, 0.00342237847868, 0.510739221249, 0.17927554497, 0.0400883850318, 0.896487495107, 0.725878190368, 0.0427583894172, 0.366530062555, 0.883809800775, 0.149770959684, 0.011539856866, 0.0563022745334, 0.214812586814, 0.0819998110008, 0.0792735796576, 0.004353273736, 0.439605173152, 0.823580996703, 0.00186504516579, 0.390017521133, 2.66156007696
0.110095850641, 0.536158997207, 0.842992736082, 0.118637282778, 0.110950596808, 0.0855335033455, 0.416962175015, 0.208771623421, 0.453808512591, 0.305444050908, 0.369996215949, 0.544503367755, 0.0103203017875, 0.0166405277658, 0.016498305391, 0.508556952229, 0.00221869826279, 0.620088134627, 0.00974982295699, 0.258698407671, 0.00192746957938, 0.29339867314, 0.866427047876, 0.0679072282503, 0.0819998110008, 0.121600609421, 0.659457777313, 0.565188052104, 0.0089484212241, 0.274483774328, 0.110095850641, 3.0048030703
0.0768364762555, 0.536158997207, 0.157772303669, 0.986675554234, 0.0440064334051, 0.0839085367765, 0.416962175015, 0.236612738182, 0.727775074541, 0.0771062874611, 0.716063832758, 0.0770125060813, 0.0240342145117, 0.0187245942628, 0.34609905776, 0.628116300389, 0.0928356269832, 0.323123178648, 0.00413463378799, 0.291768400681, 0.021095816312, 0.0244539055046, 0.939562540038, 0.223459834105, 0.0732373209842, 0.443959646711, 0.65603703508, 0.334392299142, 0.0089484212241, 0.400426239646, 0.0768364762555, 3.17748186131
0.110095850641, 0.536158997207, 0.842992736082, 0.118637282778, 0.110950596808, 0.0855335033455, 0.416962175015, 0.208771623421, 0.453808512591, 0.305444050908, 0.369996215949, 0.544503367755, 0.0103203017875, 0.0166405277658, 0.016498305391, 0.508556952229, 0.00221869826279, 0.620088134627, 0.00974982295699, 0.258698407671, 0.00192746957938, 0.29339867314, 0.866427047876, 0.0679072282503, 0.0819998110008, 0.121600609421, 0.659457777313, 0.565188052104, 0.0089484212241, 0.274483774328, 0.110095850641, 3.0048030703
0.0768364762555, 0.536158997207, 0.157772303669, 0.986675554234, 0.0440064334051, 0.0839085367765, 0.416962175015, 0.236612738182, 0.727775074541, 0.0771062874611, 0.716063832758, 0.0770125060813, 0.0240342145117, 0.0187245942628, 0.34609905776, 0.628116300389, 0.0928356269832, 0.323123178648, 0.00413463378799, 0.291768400681, 0.021095816312, 0.0244539055046, 0.939562540038, 0.223459834105, 0.0732373209842, 0.443959646711, 0.65603703508, 0.334392299142, 0.0089484212241, 0.400426239646, 0.0768364762555, 3.17748186131
0.636423936247, 0.734707983754, 0.333602079984, 0.05937924139, 0.11658224944, 0.729266000837, 0.711554715144, 0.0868170456514, 0.880523657183, 0.319908179189, 0.90115929964, 0.425933797608, 0.522345161487, 0.244329977809, 0.043669981812, 0.188947451048, 0.7899865295, 0.129791592603, 0.0234430583084, 0.38602202388, 0.545845163759, 0.0124703532707, 0.00526888387937, 0.12205747224, 0.71909640357, 0.082732498462, 0.0185035696503, 0.362892131192, 0.557871661621, 0.715899788239, 0.636423936247, 2.10074225334
0.00198494831901, 0.00515778330472, 0.18464588429, 0.989538198556, 0.793892573752, 0.0303018210879, 0.465564622882, 0.118649944464, 0.0985579614113, 0.240354811871, 0.039323706407, 0.864815895128, 0.461717247368, 0.0822503746855, 0.00216161914031, 0.169931995259, 0.0138225299963, 0.437634809482, 0.00323057095557, 0.106947619719, 0.440985008696, 0.416091591293, 0.660236426955, 0.114001843138, 0.542600238192, 0.820616174386, 0.896944834343, 0.68986438959, 0.329210910109, 0.00889431836028, 0.00198494831901, 4.02165166881
0.636423936247, 0.734707983754, 0.333602079984, 0.05937924139, 0.11658224944, 0.729266000837, 0.711554715144, 0.0868170456514, 0.880523657183, 0.319908179189, 0.90115929964, 0.425933797608, 0.522345161487, 0.244329977809, 0.043669981812, 0.188947451048, 0.7899865295, 0.129791592603, 0.0234430583084, 0.38602202388, 0.545845163759, 0.0124703532707, 0.00526888387937, 0.12205747224, 0.71909640357, 0.082732498462, 0.0185035696503, 0.362892131192, 0.557871661621, 0.715899788239, 0.636423936247, 2.10074225334
0.00198494831901, 0.00515778330472, 0.18464588429, 0.989538198556, 0.793892573752, 0.0303018210879, 0.465564622882, 0.118649944464, 0.0985579614113, 0.240354811871, 0.039323706407, 0.864815895128, 0.461717247368, 0.0822503746855, 0.00216161914031, 0.169931995259, 0.0138225299963, 0.437634809482, 0.00323057095557, 0.106947619719, 0.440985008696, 0.416091591293, 0.660236426955, 0.114001843138, 0.542600238192, 0.820616174386, 0.896944834343, 0.68986438959, 0.329210910109, 0.00889431836028, 0.00198494831901, 4.02165166881
