0.636423936247, 0.131648631705, 0.197946930771, 0.41968144331, 0.131280355001, 0.432838447471, 0.711554715144, 0.048961106336, 0.727346696289, 0.356513569163, 0.958635401592, 0.0689435423124, 0.0610567018457, 0.476815971621, 0.393182602765, 0.97070169816, 0.029934267844, 0.484031132391, 0.336030569104, 0.095123811726, 0.505540710495, 0.107338616974, 0.670880103902, 0.645730012241, 0.118858862612, 0.322731185864, 0.622103605012, 0.216717228222, 0.0355134821127, 0.330732066665, 0.636423936247, 2.06005902929
0.644092924684, 0.492641214402, 0.229399308145, 0.388233248196, 0.715715379454, 0.0165847317163, 0.331574809695, 0.204074605298, 0.878391780489, 0.44282892576, 0.151754829541, 0.185671992939, 0.327606982678, 0.228601825057, 0.376144302839, 0.16137882669, 0.365075052634, 0.0427583894172, 0.717100309968, 0.883809800775, 0.0113032837714, 0.324996327408, 0.00871905272199, 0.214812586814, 0.493322169764, 0.125082270642, 0.0185035696503, 0.439605173152, 0.823580996703, 0.552491344806, 0.644092924684, 1.88247868394
0.428562116822, 0.375795545521, 0.333602079984, 0.118637282778, 0.761780319295, 0.433295332088, 0.0826428947448, 0.236612738182, 0.686787232143, 0.287297918483, 0.547661299197, 0.859383245872, 0.549393709127, 0.0580239691516, 0.107839113171, 0.932917546667, 0.365075052634, 0.272837417703, 0.00448643800903, 0.267662534094, 0.402914080813, 0.0113980650882, 0.787386400336, 0.125973500953, 0.0203822999977, 0.0606967322278, 0.115276090814, 0.0270714715804, 0.221728345764, 0.91581944095, 0.428562116822, 2.43464082681
0.0520181371908, 0.0711336343375, 0.964425710757, 0.0149543613461, 0.450749777727, 0.453252639968, 0.324928637315, 0.519015422574, 0.468539493862, 0.729585940177, 0.369996215949, 0.793233010142, 0.338386150579, 0.15961980763, 0.393182602765, 0.201708296401, 0.0611566096638, 0.448344520292, 0.483886740483, 0.231265760933, 0.607300714219, 0.0105619941144, 0.488881508663, 0.236294579061, 0.187154546876, 0.0316618654553, 0.723032187624, 0.182521037284, 0.743409109101, 0.102741864572, 0.0520181371908, 3.82136597011
0.00271843096882, 0.377823948956, 0.94247931597, 0.630337300254, 0.388815514688, 0.707486979744, 0.131170166679, 0.459109039019, 0.117053384967, 0.46840965409, 0.697881995505, 0.058576698493, 0.786942471079, 0.463975402454, 0.393182602765, 0.157415089298, 0.144291603335, 0.351571851795, 0.155783214198, 0.158153998453, 0.968990142261, 0.324996327408, 0.434882469632, 0.476967625275, 0.418052081613, 0.0721094775722, 0.293416377373, 0.455383758089, 0.153292196854, 0.57738636408, 0.00271843096882, 4.53881683807
0.235571012572, 0.662618580808, 0.229399308145, 0.574653636361, 0.54796579465, 0.28036659706, 0.530923895693, 0.0961558815931, 0.0770642758784, 0.44282892576, 0.0204548486088, 0.185671992939, 0.854849720123, 0.228601825057, 0.321407262514, 0.00222421752322, 0.0268183778444, 0.0765718932087, 0.663779101127, 0.883809800775, 0.211761732597, 0.274395776876, 0.67104490021, 0.125973500953, 0.493322169764, 0.125082270642, 0.0185035696503, 0.439605173152, 0.50654464909, 0.552491344806, 0.235571012572, 2.9426098024
0.10413328962, 0.466722804352, 0.58349106182, 0.986675554234, 0.00159157401326, 0.0496866491341, 0.0612163498886, 0.208771623421, 0.453808512591, 0.188777272571, 0.951674283259, 0.63661826735, 0.0240342145117, 0.0187245942628, 0.102196205936, 0.603294552905, 0.920185910973, 0.323911766614, 0.105448879211, 0.11430417341, 0.00192746957938, 0.664592134633, 0.770950655379, 0.223459834105, 0.0732373209842, 0.566027673228, 0.65603703508, 0.565188052104, 0.184294257257, 0.633882771411, 0.10413328962, 3.78965139128
0.4134712131, 0.638586681914, 0.0512127455602, 0.336364173569, 0.637796457357, 0.279552758604, 0.13098460022, 0.438323567782, 0.251808958593, 0.116837929947, 0.0519784971914, 0.0770125060813, 0.551446664082, 0.640310822234, 0.287775794671, 0.465518084827, 0.386714096325, 0.0328718220262, 0.403410797215, 0.193629895849, 0.513884729262, 0.374774577944, 0.8573122195, 0.733905345692, 0.560104611714, 0.820616174386, 0.231431260787, 0.509899424164, 0.190071312741, 0.124423227598, 0.4134712131, 2.86378591419
0.298083249798, 0.00515778330472, 0.18464588429, 0.504101346846, 0.626897546205, 0.118098070217, 0.740073904354, 0.118649944464, 0.113648895612, 0.240354811871, 0.100861921081, 0.240387306328, 0.876518240123, 0.0741625265687, 0.00333072458235, 0.897776966968, 0.25444608115, 0.806772583666, 0.463733750518, 0.106947619719, 0.440985008696, 0.331464028576, 0.660236426955, 0.114001843138, 0.118858862612, 0.0959751705657, 0.126101257254, 0.253289504731, 0.913701845709, 0.097533905022, 0.298083249798, 2.87995167681
0.0176803989928, 0.492641214402, 0.229399308145, 0.574653636361, 0.715715379454, 0.838196746881, 0.64681385797, 0.204074605298, 0.12738686536, 0.44282892576, 0.151754829541, 0.32028213692, 0.868675202829, 0.937003713062, 0.0105198844956, 0.213726032219, 0.0268183778444, 0.0894848606585, 0.332603872552, 0.883809800775, 0.016286611729, 0.0844438208202, 0.846296775014, 0.114001843138, 0.493322169764, 0.125082270642, 0.0175278070167, 0.439605173152, 0.329210910109, 0.580823984734, 0.0176803989928, 4.1710990328
0.209184323547, 0.601421122919, 0.229399308145, 0.574653636361, 0.54796579465, 0.152300256347, 0.530923895693, 0.204074605298, 0.0314102916408, 0.44282892576, 0.0204548486088, 0.130555478005, 0.868675202829, 0.316233312955, 0.321407262514, 0.202497829461, 0.0268183778444, 0.132515579451, 0.663779101127, 0.885236462187, 0.0169275780537, 0.274395776876, 0.921009823681, 0.290574393559, 0.493322169764, 0.633168357561, 0.0185035696503, 0.439605173152, 0.732404806822, 0.552491344806, 0.209184323547, 3.46410269633
0.0105137319534, 0.55677912634, 0.339949821551, 0.625674412384, 0.375776713194, 0.256562394777, 0.640540161225, 0.0996273917801, 0.304700839158, 0.0636701495869, 0.90115929964, 0.058576698493, 0.510739221249, 0.244329977809, 0.214500722072, 0.188947451048, 0.00312249588899, 0.133309083308, 0.852939087872, 0.66448962831, 0.591772740708, 0.655862347661, 0.139436300048, 0.114001843138, 0.71909640357, 0.082732498462, 0.199410541373, 0.815321429783, 0.380250861396, 0.488663105314, 0.0105137319534, 4.26216846257
0.835825108859, 0.593057715572, 0.174207830479, 0.115576737489, 0.186246757531, 0.529691898265, 0.729433052904, 0.373166152926, 0.806843901098, 0.0710371365087, 0.148278918885, 0.360980123124, 0.946004242879, 0.318267494633, 0.00554652953503, 0.198298884793, 0.7899865295, 0.227035626853, 0.348039099021, 0.258698407671, 0.106080800814, 0.119991758068, 0.289766142698, 0.01140806742, 0.227819977076, 0.000853897267393, 0.759630239354, 0.439550993327, 0.281791288227, 0.877471833649, 0.835825108859, 1.5681241542
0.636423936247, 0.131648631705, 0.197946930771, 0.41968144331, 0.131280355001, 0.432838447471, 0.711554715144, 0.048961106336, 0.727346696289, 0.356513569163, 0.958635401592, 0.0689435423124, 0.0610567018457, 0.476815971621, 0.393182602765, 0.97070169816, 0.029934267844, 0.484031132391, 0.336030569104, 0.095123811726, 0.505540710495, 0.107338616974, 0.670880103902, 0.645730012241, 0.118858862612, 0.322731185864, 0.622103605012, 0.216717228222, 0.0355134821127, 0.330732066665, 0.636423936247, 2.06005902929
0.644092924684, 0.492641214402, 0.229399308145, 0.388233248196, 0.715715379454, 0.0165847317163, 0.331574809695, 0.204074605298, 0.878391780489, 0.44282892576, 0.151754829541, 0.185671992939, 0.327606982678, 0.228601825057, 0.376144302839, 0.16137882669, 0.365075052634, 0.0427583894172, 0.717100309968, 0.883809800775, 0.0113032837714, 0.324996327408, 0.00871905272199, 0.214812586814, 0.493322169764, 0.125082270642, 0.0185035696503, 0.439605173152, 0.823580996703, 0.552491344806, 0.644092924684, 1.88247868394
0.428562116822, 0.375795545521, 0.333602079984, 0.118637282778, 0.761780319295, 0.433295332088, 0.0826428947448, 0.236612738182, 0.686787232143, 0.287297918483, 0.547661299197, 0.859383245872, 0.549393709127, 0.0580239691516, 0.107839113171, 0.932917546667, 0.365075052634, 0.272837417703, 0.00448643800903, 0.267662534094, 0.402914080813, 0.0113980650882, 0.787386400336, 0.125973500953, 0.0203822999977, 0.0606967322278, 0.115276090814, 0.0270714715804, 0.221728345764, 0.91581944095, 0.428562116822, 2.43464082681
0.0520181371908, 0.0711336343375, 0.964425710757, 0.0149543613461, 0.450749777727, 0.453252639968, 0.324928637315, 0.519015422574, 0.468539493862, 0.729585940177, 0.369996215949, 0.793233010142, 0.338386150579, 0.15961980763, 0.393182602765, 0.201708296401, 0.0611566096638, 0.448344520292, 0.483886740483, 0.231265760933, 0.607300714219, 0.0105619941144, 0.488881508663, 0.236294579061, 0.187154546876, 0.0316618654553, 0.723032187624, 0.182521037284, 0.743409109101, 0.102741864572, 0.0520181371908, 3.82136597011
0.00271843096882, 0.377823948956, 0.94247931597, 0.630337300254, 0.388815514688, 0.707486979744, 0.131170166679, 0.459109039019, 0.117053384967, 0.46840965409, 0.697881995505, 0.058576698493, 0.786942471079, 0.463975402454, 0.393182602765, 0.157415089298, 0.144291603335, 0.351571851795, 0.155783214198, 0.158153998453, 0.968990142261, 0.324996327408, 0.434882469632, 0.476967625275, 0.418052081613, 0.0721094775722, 0.293416377373, 0.455383758089, 0.153292196854, 0.57738636408, 0.00271843096882, 4.53881683807
0.235571012572, 0.662618580808, 0.229399308145, 0.574653636361, 0.54796579465, 0.28036659706, 0.530923895693, 0.0961558815931, 0.0770642758784, 0.44282892576, 0.0204548486088, 0.185671992939, 0.854849720123, 0.228601825057, 0.321407262514, 0.00222421752322, 0.0268183778444, 0.0765718932087, 0.663779101127, 0.883809800775, 0.211761732597, 0.274395776876, 0.67104490021, 0.125973500953, 0.493322169764, 0.125082270642, 0.0185035696503, 0.439605173152, 0.50654464909, 0.552491344806, 0.235571012572, 2.9426098024
0.10413328962, 0.466722804352, 0.58349106182, 0.986675554234, 0.00159157401326, 0.0496866491341, 0.0612163498886, 0.208771623421, 0.453808512591, 0.188777272571, 0.951674283259, 0.63661826735, 0.0240342145117, 0.0187245942628, 0.102196205936, 0.603294552905, 0.920185910973, 0.323911766614, 0.105448879211, 0.11430417341, 0.00192746957938, 0.664592134633, 0.770950655379, 0.223459834105, 0.0732373209842, 0.566027673228, 0.65603703508, 0.565188052104, 0.184294257257, 0.633882771411, 0.10413328962, 3.78965139128
0.4134712131, 0.638586681914, 0.0512127455602, 0.336364173569, 0.637796457357, 0.279552758604, 0.13098460022, 0.438323567782, 0.251808958593, 0.116837929947, 0.0519784971914, 0.0770125060813, 0.551446664082, 0.640310822234, 0.287775794671, 0.465518084827, 0.386714096325, 0.0328718220262, 0.403410797215, 0.193629895849, 0.513884729262, 0.374774577944, 0.8573122195, 0.733905345692, 0.560104611714, 0.820616174386, 0.231431260787, 0.509899424164, 0.190071312741, 0.124423227598, 0.4134712131, 2.86378591419
0.298083249798, 0.00515778330472, 0.18464588429, 0.504101346846, 0.626897546205, 0.118098070217, 0.740073904354, 0.118649944464, 0.113648895612, 0.240354811871, 0.100861921081, 0.240387306328, 0.876518240123, 0.0741625265687, 0.00333072458235, 0.897776966968, 0.25444608115, 0.806772583666, 0.463733750518, 0.106947619719, 0.440985008696, 0.331464028576, 0.660236426955, 0.114001843138, 0.118858862612, 0.0959751705657, 0.126101257254, 0.253289504731, 0.913701845709, 0.097533905022, 0.298083249798, 2.87995167681
0.0176803989928, 0.492641214402, 0.229399308145, 0.574653636361, 0.715715379454, 0.838196746881, 0.64681385797, 0.204074605298, 0.12738686536, 0.44282892576, 0.151754829541, 0.32028213692, 0.868675202829, 0.937003713062, 0.0105198844956, 0.213726032219, 0.0268183778444, 0.0894848606585, 0.332603872552, 0.883809800775, 0.016286611729, 0.0844438208202, 0.846296775014, 0.114001843138, 0.493322169764, 0.125082270642, 0.0175278070167, 0.439605173152, 0.329210910109, 0.580823984734, 0.0176803989928, 4.1710990328
0.209184323547, 0.601421122919, 0.229399308145, 0.574653636361, 0.54796579465, 0.152300256347, 0.530923895693, 0.204074605298, 0.0314102916408, 0.44282892576, 0.0204548486088, 0.130555478005, 0.868675202829, 0.316233312955, 0.321407262514, 0.202497829461, 0.0268183778444, 0.132515579451, 0.663779101127, 0.885236462187, 0.0169275780537, 0.274395776876, 0.921009823681, 0.290574393559, 0.493322169764, 0.633168357561, 0.0185035696503, 0.439605173152, 0.732404806822, 0.552491344806, 0.209184323547, 3.46410269633
0.0105137319534, 0.55677912634, 0.339949821551, 0.625674412384, 0.375776713194, 0.256562394777, 0.640540161225, 0.0996273917801, 0.304700839158, 0.0636701495869, 0.90115929964, 0.058576698493, 0.510739221249, 0.244329977809, 0.214500722072, 0.188947451048, 0.00312249588899, 0.133309083308, 0.852939087872, 0.66448962831, 0.591772740708, 0.655862347661, 0.139436300048, 0.114001843138, 0.71909640357, 0.082732498462, 0.199410541373, 0.815321429783, 0.380250861396, 0.488663105314, 0.0105137319534, 4.26216846257
0.835825108859, 0.593057715572, 0.174207830479, 0.115576737489, 0.186246757531, 0.529691898265, 0.729433052904, 0.373166152926, 0.806843901098, 0.0710371365087, 0.148278918885, 0.360980123124, 0.946004242879, 0.318267494633, 0.00554652953503, 0.198298884793, 0.7899865295, 0.227035626853, 0.348039099021, 0.258698407671, 0.106080800814, 0.119991758068, 0.289766142698, 0.01140806742, 0.227819977076, 0.000853897267393, 0.759630239354, 0.439550993327, 0.281791288227, 0.877471833649, 0.835825108859, 1.5681241542
0.22798612056, 0.0711336343375, 0.987516759293, 0.00251626988088, 0.876477656576, 0.529424439831, 0.324928637315, 0.519015422574, 0.272869377175, 0.729585940177, 0.179121840279, 0.948501732721, 0.321710869699, 0.15961980763, 0.502804078133, 0.201708296401, 0.144291603335, 0.194469079019, 0.144558621581, 0.236949770417, 0.607300714219, 0.0105619941144, 0.488881508663, 0.236294579061, 0.623530382827, 0.273452049404, 0.723032187624, 0.883296451026, 0.757279262253, 0.102741864572, 0.22798612056, 3.52553262553
0.0105137319534, 0.486105906268, 0.18464588429, 0.625674412384, 0.190401534218, 0.163614476741, 0.640540161225, 0.0996273917801, 0.113648895612, 0.552949415565, 0.87858826942, 0.590066275741, 0.510739221249, 0.997124164538, 0.502804078133, 0.188947451048, 0.0253883564369, 0.214785897217, 0.300176436193, 0.519311701465, 0.591772740708, 0.934145758145, 0.139436300048, 0.87259754361, 0.087383168461, 0.082732498462, 0.603253890568, 0.35916534043, 0.0523873804064, 0.598803241251, 0.0105137319534, 4.53023392763
0.22798612056, 0.0711336343375, 0.987516759293, 0.00251626988088, 0.876477656576, 0.529424439831, 0.324928637315, 0.519015422574, 0.272869377175, 0.729585940177, 0.179121840279, 0.948501732721, 0.321710869699, 0.15961980763, 0.502804078133, 0.201708296401, 0.144291603335, 0.194469079019, 0.144558621581, 0.236949770417, 0.607300714219, 0.0105619941144, 0.488881508663, 0.236294579061, 0.623530382827, 0.273452049404, 0.723032187624, 0.883296451026, 0.757279262253, 0.102741864572, 0.22798612056, 3.52553262553
0.0105137319534, 0.486105906268, 0.18464588429, 0.625674412384, 0.190401534218, 0.163614476741, 0.640540161225, 0.0996273917801, 0.113648895612, 0.552949415565, 0.87858826942, 0.590066275741, 0.510739221249, 0.997124164538, 0.502804078133, 0.188947451048, 0.0253883564369, 0.214785897217, 0.300176436193, 0.519311701465, 0.591772740708, 0.934145758145, 0.139436300048, 0.87259754361, 0.087383168461, 0.082732498462, 0.603253890568, 0.35916534043, 0.0523873804064, 0.598803241251, 0.0105137319534, 4.53023392763
0.199986468159, 0.741330101357, 0.090409173618, 0.986675554234, 0.507294430842, 0.0839085367765, 0.416962175015, 0.156707942575, 0.319401376928, 0.305444050908, 0.942207648589, 0.0770125060813, 0.0240342145117, 0.0187245942628, 0.1148701595, 0.404423967673, 0.651805916566, 0.317436549756, 0.688578260238, 0.883809800775, 0.00192746957938, 0.664592134633, 0.801666836455, 0.223459834105, 0.0732373209842, 0.642389667831, 0.95111838292, 0.565188052104, 0.184294257257, 0.39383624685, 0.199986468159, 3.81706263839
0.199986468159, 0.741330101357, 0.090409173618, 0.986675554234, 0.507294430842, 0.0839085367765, 0.416962175015, 0.156707942575, 0.319401376928, 0.305444050908, 0.942207648589, 0.0770125060813, 0.0240342145117, 0.0187245942628, 0.1148701595, 0.404423967673, 0.651805916566, 0.317436549756, 0.688578260238, 0.883809800775, 0.00192746957938, 0.664592134633, 0.801666836455, 0.223459834105, 0.0732373209842, 0.642389667831, 0.95111838292, 0.565188052104, 0.184294257257, 0.39383624685, 0.199986468159, 3.81706263839
0.00271843096882, 0.377823948956, 0.94247931597, 0.630337300254, 0.388815514688, 0.707486979744, 0.131170166679, 0.459109039019, 0.117053384967, 0.46840965409, 0.697881995505, 0.058576698493, 0.786942471079, 0.399609829819, 0.643370513324, 0.157415089298, 0.144291603335, 0.351571851795, 0.155783214198, 0.158153998453, 0.60279153451, 0.324996327408, 0.434882469632, 0.476967625275, 0.418052081613, 0.0721094775722, 0.488066683999, 0.455383758089, 0.153292196854, 0.57738636408, 0.00271843096882, 4.54319317867
0.00271843096882, 0.377823948956, 0.94247931597, 0.630337300254, 0.388815514688, 0.707486979744, 0.131170166679, 0.459109039019, 0.117053384967, 0.46840965409, 0.697881995505, 0.058576698493, 0.786942471079, 0.399609829819, 0.643370513324, 0.157415089298, 0.144291603335, 0.351571851795, 0.155783214198, 0.158153998453, 0.60279153451, 0.324996327408, 0.434882469632, 0.476967625275, 0.418052081613, 0.0721094775722, 0.488066683999, 0.455383758089, 0.153292196854, 0.57738636408, 0.00271843096882, 4.54319317867
0.644092924684, 0.492641214402, 0.229399308145, 0.388233248196, 0.715715379454, 0.0165847317163, 0.331574809695, 0.204074605298, 0.878391780489, 0.44282892576, 0.151754829541, 0.484602501039, 0.327606982678, 0.228601825057, 0.376144302839, 0.16137882669, 0.365075052634, 0.0427583894172, 0.71455141149, 0.883809800775, 0.0113032837714, 0.324996327408, 0.00871905272199, 0.214812586814, 0.493322169764, 0.125082270642, 0.0185035696503, 0.439605173152, 0.823580996703, 0.552491344806, 0.644092924684, 1.95644141496
0.644092924684, 0.492641214402, 0.229399308145, 0.388233248196, 0.715715379454, 0.0165847317163, 0.331574809695, 0.204074605298, 0.878391780489, 0.44282892576, 0.151754829541, 0.484602501039, 0.327606982678, 0.228601825057, 0.376144302839, 0.16137882669, 0.365075052634, 0.0427583894172, 0.71455141149, 0.883809800775, 0.0113032837714, 0.324996327408, 0.00871905272199, 0.214812586814, 0.493322169764, 0.125082270642, 0.0185035696503, 0.439605173152, 0.823580996703, 0.552491344806, 0.644092924684, 1.95644141496
0.858781743589, 0.377823948956, 0.94247931597, 0.506891493192, 0.388815514688, 0.498794075014, 0.063195536983, 0.459109039019, 0.117053384967, 0.439249095665, 0.899915404568, 0.058576698493, 0.322632149438, 0.399609829819, 0.502804078133, 0.157415089298, 0.596222537345, 0.351571851795, 0.463733750518, 0.158153998453, 0.60279153451, 0.324996327408, 0.434882469632, 0.476967625275, 0.418052081613, 0.0721094775722, 0.0880086694544, 0.455383758089, 0.153292196854, 0.597842193798, 0.858781743589, 1.72013145605
0.835825108859, 0.492641214402, 0.174207830479, 0.96535302875, 0.410490608132, 0.534193186536, 0.511216713355, 0.359214950323, 0.806843901098, 0.0710371365087, 0.148278918885, 0.360980123124, 0.946004242879, 0.55909485815, 0.00554652953503, 0.198298884793, 0.654174139618, 0.227035626853, 0.102552963075, 0.258698407671, 0.116949938139, 0.430293442428, 0.975859524344, 0.01140806742, 0.227819977076, 0.000853897267393, 0.270357219685, 0.439550993327, 0.426856631684, 0.877471833649, 0.835825108859, 1.87591018234
0.858781743589, 0.377823948956, 0.94247931597, 0.506891493192, 0.388815514688, 0.498794075014, 0.063195536983, 0.459109039019, 0.117053384967, 0.439249095665, 0.899915404568, 0.058576698493, 0.322632149438, 0.399609829819, 0.502804078133, 0.157415089298, 0.596222537345, 0.351571851795, 0.463733750518, 0.158153998453, 0.60279153451, 0.324996327408, 0.434882469632, 0.476967625275, 0.418052081613, 0.0721094775722, 0.0880086694544, 0.455383758089, 0.153292196854, 0.597842193798, 0.858781743589, 1.72013145605
0.835825108859, 0.492641214402, 0.174207830479, 0.96535302875, 0.410490608132, 0.534193186536, 0.511216713355, 0.359214950323, 0.806843901098, 0.0710371365087, 0.148278918885, 0.360980123124, 0.946004242879, 0.55909485815, 0.00554652953503, 0.198298884793, 0.654174139618, 0.227035626853, 0.102552963075, 0.258698407671, 0.116949938139, 0.430293442428, 0.975859524344, 0.01140806742, 0.227819977076, 0.000853897267393, 0.270357219685, 0.439550993327, 0.426856631684, 0.877471833649, 0.835825108859, 1.87591018234
0.636423936247, 0.219812015239, 0.277389572207, 0.525660499082, 0.103434491187, 0.432838447471, 0.711554715144, 0.0538793732867, 0.727346696289, 0.356513569163, 0.942207648589, 0.0689435423124, 0.0583878499037, 0.480492017962, 0.147339996937, 0.99368570551, 0.563569558231, 0.484031132391, 0.336030569104, 0.182573319065, 0.505540710495, 0.131100483521, 0.507815575473, 0.645730012241, 0.127233685451, 0.0290503387318, 0.228931244341, 0.455095125813, 0.669482759734, 0.135728732436, 0.636423936247, 2.18386624396
0.0356991273885, 0.532581645425, 0.229231649557, 0.115576737489, 0.849464268079, 0.790752419022, 0.202492199963, 0.387928059763, 0.12738686536, 0.723668169357, 0.436967080467, 0.32028213692, 0.396365407107, 0.244329977809, 0.00554652953503, 0.157973457098, 0.0237180227834, 0.0507565706039, 0.826980945399, 0.402675919263, 0.806615882319, 0.849048411228, 0.449471375229, 0.631982353355, 0.71909640357, 0.146247580005, 0.65603703508, 0.440761134568, 0.372293234531, 0.189122516704, 0.0356991273885, 4.30665367642
0.636423936247, 0.219812015239, 0.277389572207, 0.525660499082, 0.103434491187, 0.432838447471, 0.711554715144, 0.0538793732867, 0.727346696289, 0.356513569163, 0.942207648589, 0.0689435423124, 0.0583878499037, 0.480492017962, 0.147339996937, 0.99368570551, 0.563569558231, 0.484031132391, 0.336030569104, 0.182573319065, 0.505540710495, 0.131100483521, 0.507815575473, 0.645730012241, 0.127233685451, 0.0290503387318, 0.228931244341, 0.455095125813, 0.669482759734, 0.135728732436, 0.636423936247, 2.18386624396
0.0356991273885, 0.532581645425, 0.229231649557, 0.115576737489, 0.849464268079, 0.790752419022, 0.202492199963, 0.387928059763, 0.12738686536, 0.723668169357, 0.436967080467, 0.32028213692, 0.396365407107, 0.244329977809, 0.00554652953503, 0.157973457098, 0.0237180227834, 0.0507565706039, 0.826980945399, 0.402675919263, 0.806615882319, 0.849048411228, 0.449471375229, 0.631982353355, 0.71909640357, 0.146247580005, 0.65603703508, 0.440761134568, 0.372293234531, 0.189122516704, 0.0356991273885, 4.30665367642
0.428562116822, 0.375795545521, 0.333602079984, 0.118637282778, 0.378605548627, 0.433295332088, 0.0826428947448, 0.236612738182, 0.686787232143, 0.287297918483, 0.547661299197, 0.547344950842, 0.549393709127, 0.0580239691516, 0.0333482986302, 0.932917546667, 0.422988912924, 0.272837417703, 0.00448643800903, 0.267662534094, 0.402914080813, 0.0113980650882, 0.787386400336, 0.125973500953, 0.589187277069, 0.47623361816, 0.115276090814, 0.0270714715804, 0.221728345764, 0.77774243178, 0.428562116822, 2.4696404061
0.0520181371908, 0.0711336343375, 0.964425710757, 0.00251626988088, 0.876477656576, 0.529424439831, 0.324928637315, 0.519015422574, 0.272869377175, 0.729585940177, 0.369996215949, 0.948501732721, 0.321710869699, 0.15961980763, 0.502804078133, 0.201708296401, 0.144291603335, 0.194469079019, 0.144558621581, 0.236949770417, 0.783016155468, 0.0105619941144, 0.488881508663, 0.236294579061, 0.414645556061, 0.062800163477, 0.723032187624, 0.412810574696, 0.757279262253, 0.102741864572, 0.0520181371908, 4.0316102561
0.298083249798, 0.00515778330472, 0.18464588429, 0.742936439165, 0.626897546205, 0.150792838903, 0.307995751212, 0.118649944464, 0.113648895612, 0.240354811871, 0.100861921081, 0.255606226789, 0.982708462814, 0.0741625265687, 0.00157327757925, 0.897776966968, 0.25444608115, 0.771009720264, 0.671826858334, 0.106947619719, 0.440985008696, 0.331464028576, 0.660236426955, 0.125973500953, 0.16270563799, 0.0959751705657, 0.126101257254, 0.253289504731, 0.927795366474, 0.097533905022, 0.298083249798, 2.93392990738
0.428562116822, 0.375795545521, 0.333602079984, 0.118637282778, 0.378605548627, 0.433295332088, 0.0826428947448, 0.236612738182, 0.686787232143, 0.287297918483, 0.547661299197, 0.547344950842, 0.549393709127, 0.0580239691516, 0.0333482986302, 0.932917546667, 0.422988912924, 0.272837417703, 0.00448643800903, 0.267662534094, 0.402914080813, 0.0113980650882, 0.787386400336, 0.125973500953, 0.589187277069, 0.47623361816, 0.115276090814, 0.0270714715804, 0.221728345764, 0.77774243178, 0.428562116822, 2.4696404061
0.0520181371908, 0.0711336343375, 0.964425710757, 0.00251626988088, 0.876477656576, 0.529424439831, 0.324928637315, 0.519015422574, 0.272869377175, 0.729585940177, 0.369996215949, 0.948501732721, 0.321710869699, 0.15961980763, 0.502804078133, 0.201708296401, 0.144291603335, 0.194469079019, 0.144558621581, 0.236949770417, 0.783016155468, 0.0105619941144, 0.488881508663, 0.236294579061, 0.414645556061, 0.062800163477, 0.723032187624, 0.412810574696, 0.757279262253, 0.102741864572, 0.0520181371908, 4.0316102561
0.298083249798, 0.00515778330472, 0.18464588429, 0.742936439165, 0.626897546205, 0.150792838903, 0.307995751212, 0.118649944464, 0.113648895612, 0.240354811871, 0.100861921081, 0.255606226789, 0.982708462814, 0.0741625265687, 0.00157327757925, 0.897776966968, 0.25444608115, 0.771009720264, 0.671826858334, 0.106947619719, 0.440985008696, 0.331464028576, 0.660236426955, 0.125973500953, 0.16270563799, 0.0959751705657, 0.126101257254, 0.253289504731, 0.927795366474, 0.097533905022, 0.298083249798, 2.93392990738
0.0356991273885, 0.377823948956, 0.65059574201, 0.101409881037, 0.849464268079, 0.294634238378, 0.202492199963, 0.438323567782, 0.113740188518, 0.723668169357, 0.436967080467, 0.547344950842, 0.396365407107, 0.244329977809, 0.0333482986302, 0.16137882669, 0.422988912924, 0.0507565706039, 0.994128876269, 0.628293751351, 0.697458839662, 0.685886060835, 0.289766142698, 0.647955936072, 0.71909640357, 0.47623361816, 0.360747913706, 0.0884148754113, 0.539765821788, 0.311298648896, 0.0356991273885, 4.42524526012
0.0356991273885, 0.377823948956, 0.65059574201, 0.101409881037, 0.849464268079, 0.294634238378, 0.202492199963, 0.438323567782, 0.113740188518, 0.723668169357, 0.436967080467, 0.547344950842, 0.396365407107, 0.244329977809, 0.0333482986302, 0.16137882669, 0.422988912924, 0.0507565706039, 0.994128876269, 0.628293751351, 0.697458839662, 0.685886060835, 0.289766142698, 0.647955936072, 0.71909640357, 0.47623361816, 0.360747913706, 0.0884148754113, 0.539765821788, 0.311298648896, 0.0356991273885, 4.42524526012
0.00894275459364, 0.32109507705, 0.339949821551, 0.559449223186, 0.231093440679, 0.679971502571, 0.0379863096176, 0.298503812827, 0.217091059122, 0.622784955719, 0.771918090084, 0.386381720694, 0.437180861168, 0.246195686839, 0.0817202226593, 0.570624467777, 0.805069724772, 0.944670658256, 0.615845564746, 0.258684069222, 0.847013045102, 0.98457854512, 0.641052548198, 0.546275315157, 0.46846120651, 0.0714521208843, 0.825958164037, 0.315828718118, 0.00992404607729, 0.192825888196, 0.00894275459364, 4.91995967677
0.00271843096882, 0.601421122919, 0.174207830479, 0.0310505785379, 0.788740323097, 0.0587402006326, 0.144512944898, 0.798835274743, 0.944510487227, 0.906758080823, 0.308499382298, 0.910263744731, 0.645414069343, 0.316233312955, 0.45972492514, 0.0337497798746, 0.952418490161, 0.476162221124, 0.0513383307288, 0.135746146785, 0.645689626149, 0.335975597929, 0.128488754881, 0.36949350768, 0.738413691401, 0.253444164594, 0.546011508832, 0.672031072331, 0.681621461249, 0.110998879038, 0.00271843096882, 4.98490142793
0.00894275459364, 0.32109507705, 0.339949821551, 0.559449223186, 0.231093440679, 0.679971502571, 0.0379863096176, 0.298503812827, 0.217091059122, 0.622784955719, 0.771918090084, 0.386381720694, 0.437180861168, 0.246195686839, 0.0817202226593, 0.570624467777, 0.805069724772, 0.944670658256, 0.615845564746, 0.258684069222, 0.847013045102, 0.98457854512, 0.641052548198, 0.546275315157, 0.46846120651, 0.0714521208843, 0.825958164037, 0.315828718118, 0.00992404607729, 0.192825888196, 0.00894275459364, 4.91995967677
0.00271843096882, 0.601421122919, 0.174207830479, 0.0310505785379, 0.788740323097, 0.0587402006326, 0.144512944898, 0.798835274743, 0.944510487227, 0.906758080823, 0.308499382298, 0.910263744731, 0.645414069343, 0.316233312955, 0.45972492514, 0.0337497798746, 0.952418490161, 0.476162221124, 0.0513383307288, 0.135746146785, 0.645689626149, 0.335975597929, 0.128488754881, 0.36949350768, 0.738413691401, 0.253444164594, 0.546011508832, 0.672031072331, 0.681621461249, 0.110998879038, 0.00271843096882, 4.98490142793
0.235571012572, 0.492641214402, 0.229399308145, 0.574653636361, 0.54796579465, 0.28036659706, 0.626088911672, 0.0961558815931, 0.0770642758784, 0.44282892576, 0.0204548486088, 0.484602501039, 0.868675202829, 0.228601825057, 0.321407262514, 0.116735983579, 0.0268183778444, 0.132515579451, 0.663779101127, 0.883809800775, 0.211761732597, 0.171787553953, 0.67104490021, 0.125973500953, 0.427988914208, 0.125082270642, 0.0185035696503, 0.439605173152, 0.50654464909, 0.552491344806, 0.235571012572, 3.00837618304
0.858781743589, 0.628312063143, 0.967271623708, 0.630337300254, 0.388815514688, 0.410565696036, 0.131170166679, 0.472552460155, 0.117053384967, 0.439249095665, 0.697881995505, 0.0295183582665, 0.322632149438, 0.480492017962, 0.147339996937, 0.157415089298, 0.0391531525856, 0.644961584172, 0.734746027204, 0.158153998453, 0.60279153451, 0.131100483521, 0.434882469632, 0.476967625275, 0.418052081613, 0.0290503387318, 0.660009955399, 0.455383758089, 0.153292196854, 0.597842193798, 0.858781743589, 1.77567246282
0.235571012572, 0.492641214402, 0.229399308145, 0.574653636361, 0.54796579465, 0.28036659706, 0.626088911672, 0.0961558815931, 0.0770642758784, 0.44282892576, 0.0204548486088, 0.484602501039, 0.868675202829, 0.228601825057, 0.321407262514, 0.116735983579, 0.0268183778444, 0.132515579451, 0.663779101127, 0.883809800775, 0.211761732597, 0.171787553953, 0.67104490021, 0.125973500953, 0.427988914208, 0.125082270642, 0.0185035696503, 0.439605173152, 0.50654464909, 0.552491344806, 0.235571012572, 3.00837618304
0.858781743589, 0.628312063143, 0.967271623708, 0.630337300254, 0.388815514688, 0.410565696036, 0.131170166679, 0.472552460155, 0.117053384967, 0.439249095665, 0.697881995505, 0.0295183582665, 0.322632149438, 0.480492017962, 0.147339996937, 0.157415089298, 0.0391531525856, 0.644961584172, 0.734746027204, 0.158153998453, 0.60279153451, 0.131100483521, 0.434882469632, 0.476967625275, 0.418052081613, 0.0290503387318, 0.660009955399, 0.455383758089, 0.153292196854, 0.597842193798, 0.858781743589, 1.77567246282
0.10413328962, 0.536158997207, 0.58349106182, 0.986675554234, 0.210783151613, 0.0839085367765, 0.416962175015, 0.208771623421, 0.453808512591, 0.305444050908, 0.951674283259, 0.0770125060813, 0.0240342145117, 0.0187245942628, 0.0226202376421, 0.603294552905, 0.920185910973, 0.317436549756, 0.105448879211, 0.546075106192, 0.00192746957938, 0.664592134633, 0.770950655379, 0.223459834105, 0.0732373209842, 0.566027673228, 0.65603703508, 0.565188052104, 0.0089484212241, 0.633882771411, 0.10413328962, 3.90322847995
0.00271843096882, 0.601421122919, 0.174207830479, 0.00637842929235, 0.794039191605, 0.0525264666772, 0.144512944898, 0.204074605298, 0.944510487227, 0.906758080823, 0.280907208104, 0.544503367755, 0.946004242879, 0.316233312955, 0.45972492514, 0.165711351336, 0.925826032867, 0.476162221124, 0.489075067482, 0.147835821974, 0.821231499786, 0.335975597929, 0.939562540038, 0.36949350768, 0.38926139162, 0.226424231477, 0.108590550953, 0.672031072331, 0.681621461249, 0.822717056374, 0.00271843096882, 5.20789317404
0.10413328962, 0.536158997207, 0.58349106182, 0.986675554234, 0.210783151613, 0.0839085367765, 0.416962175015, 0.208771623421, 0.453808512591, 0.305444050908, 0.951674283259, 0.0770125060813, 0.0240342145117, 0.0187245942628, 0.0226202376421, 0.603294552905, 0.920185910973, 0.317436549756, 0.105448879211, 0.546075106192, 0.00192746957938, 0.664592134633, 0.770950655379, 0.223459834105, 0.0732373209842, 0.566027673228, 0.65603703508, 0.565188052104, 0.0089484212241, 0.633882771411, 0.10413328962, 3.90322847995
0.00271843096882, 0.601421122919, 0.174207830479, 0.00637842929235, 0.794039191605, 0.0525264666772, 0.144512944898, 0.204074605298, 0.944510487227, 0.906758080823, 0.280907208104, 0.544503367755, 0.946004242879, 0.316233312955, 0.45972492514, 0.165711351336, 0.925826032867, 0.476162221124, 0.489075067482, 0.147835821974, 0.821231499786, 0.335975597929, 0.939562540038, 0.36949350768, 0.38926139162, 0.226424231477, 0.108590550953, 0.672031072331, 0.681621461249, 0.822717056374, 0.00271843096882, 5.20789317404
0.636423936247, 0.219812015239, 0.277389572207, 0.402486997054, 0.103434491187, 0.432838447471, 0.711554715144, 0.434333036467, 0.594264763995, 0.356513569163, 0.942207648589, 0.0689435423124, 0.0583878499037, 0.480492017962, 0.147339996937, 0.99368570551, 0.563569558231, 0.484031132391, 0.336030569104, 0.182573319065, 0.505540710495, 0.131100483521, 0.507815575473, 0.645730012241, 0.127233685451, 0.00851951372721, 0.490117472416, 0.455095125813, 0.669482759734, 0.122549450017, 0.636423936247, 2.27248367988
0.0520181371908, 0.0711336343375, 0.964425710757, 0.0149543613461, 0.876477656576, 0.529424439831, 0.324928637315, 0.519015422574, 0.468539493862, 0.729585940177, 0.369996215949, 0.948501732721, 0.321710869699, 0.15961980763, 0.502804078133, 0.201708296401, 0.144291603335, 0.194469079019, 0.144558621581, 0.50625927129, 0.607300714219, 0.0105619941144, 0.488881508663, 0.236294579061, 0.405361493092, 0.062800163477, 0.604696948766, 0.35916534043, 0.757279262253, 0.102741864572, 0.0520181371908, 4.06699792567
0.00894275459364, 0.32109507705, 0.139389331634, 0.559449223186, 0.231093440679, 0.679971502571, 0.0379863096176, 0.298503812827, 0.0735907601096, 0.906758080823, 0.771918090084, 0.386381720694, 0.437180861168, 0.963337514681, 0.0817202226593, 0.570624467777, 0.805069724772, 0.944670658256, 0.615845564746, 0.258684069222, 0.847013045102, 0.98457854512, 0.641052548198, 0.546275315157, 0.399672225779, 0.0714521208843, 0.825958164037, 0.315828718118, 0.00992404607729, 0.339998592752, 0.00894275459364, 5.14348918887
0.636423936247, 0.219812015239, 0.277389572207, 0.402486997054, 0.103434491187, 0.432838447471, 0.711554715144, 0.434333036467, 0.594264763995, 0.356513569163, 0.942207648589, 0.0689435423124, 0.0583878499037, 0.480492017962, 0.147339996937, 0.99368570551, 0.563569558231, 0.484031132391, 0.336030569104, 0.182573319065, 0.505540710495, 0.131100483521, 0.507815575473, 0.645730012241, 0.127233685451, 0.00851951372721, 0.490117472416, 0.455095125813, 0.669482759734, 0.122549450017, 0.636423936247, 2.27248367988
0.0520181371908, 0.0711336343375, 0.964425710757, 0.0149543613461, 0.876477656576, 0.529424439831, 0.324928637315, 0.519015422574, 0.468539493862, 0.729585940177, 0.369996215949, 0.948501732721, 0.321710869699, 0.15961980763, 0.502804078133, 0.201708296401, 0.144291603335, 0.194469079019, 0.144558621581, 0.50625927129, 0.607300714219, 0.0105619941144, 0.488881508663, 0.236294579061, 0.405361493092, 0.062800163477, 0.604696948766, 0.35916534043, 0.757279262253, 0.102741864572, 0.0520181371908, 4.06699792567
0.00894275459364, 0.32109507705, 0.139389331634, 0.559449223186, 0.231093440679, 0.679971502571, 0.0379863096176, 0.298503812827, 0.0735907601096, 0.906758080823, 0.771918090084, 0.386381720694, 0.437180861168, 0.963337514681, 0.0817202226593, 0.570624467777, 0.805069724772, 0.944670658256, 0.615845564746, 0.258684069222, 0.847013045102, 0.98457854512, 0.641052548198, 0.546275315157, 0.399672225779, 0.0714521208843, 0.825958164037, 0.315828718118, 0.00992404607729, 0.339998592752, 0.00894275459364, 5.14348918887
0.00271843096882, 0.601421122919, 0.174207830479, 0.0280372143029, 0.794039191605, 0.0525264666772, 0.144512944898, 0.204074605298, 0.944510487227, 0.622784955719, 0.280907208104, 0.544503367755, 0.946004242879, 0.316233312955, 0.45972492514, 0.165711351336, 0.925826032867, 0.476162221124, 0.489075067482, 0.147835821974, 0.821231499786, 0.335975597929, 0.939562540038, 0.697519768601, 0.988231926228, 0.226424231477, 0.235784212224, 0.672031072331, 0.681621461249, 0.822717056374, 0.00271843096882, 5.45090369128
0.00271843096882, 0.601421122919, 0.174207830479, 0.0280372143029, 0.794039191605, 0.0525264666772, 0.144512944898, 0.204074605298, 0.944510487227, 0.622784955719, 0.280907208104, 0.544503367755, 0.946004242879, 0.316233312955, 0.45972492514, 0.165711351336, 0.925826032867, 0.476162221124, 0.489075067482, 0.147835821974, 0.821231499786, 0.335975597929, 0.939562540038, 0.697519768601, 0.988231926228, 0.226424231477, 0.235784212224, 0.672031072331, 0.681621461249, 0.822717056374, 0.00271843096882, 5.45090369128
0.199986468159, 0.84644656109, 0.58349106182, 0.986675554234, 0.157468740525, 0.923851556761, 0.416962175015, 0.156707942575, 0.453808512591, 0.00373834480673, 0.942207648589, 0.0770125060813, 0.0240342145117, 0.0187245942628, 0.321407262514, 0.603294552905, 0.886936657569, 0.317436549756, 0.105448879211, 0.208747927818, 0.00192746957938, 0.664592134633, 0.770950655379, 0.223459834105, 0.0338750547184, 0.642389667831, 0.65603703508, 0.643893421632, 0.184294257257, 0.633882771411, 0.199986468159, 3.88869953274
0.00271843096882, 0.601421122919, 0.174207830479, 0.297755865982, 0.788740323097, 0.0587402006326, 0.144512944898, 0.798835274743, 0.944510487227, 0.906758080823, 0.308499382298, 0.763114060866, 0.946004242879, 0.316233312955, 0.45972492514, 0.222992040412, 0.952418490161, 0.476162221124, 0.489075067482, 0.135746146785, 0.645689626149, 0.335975597929, 0.555146323063, 0.36949350768, 0.808797704213, 0.253444164594, 0.546011508832, 0.672031072331, 0.681621461249, 0.110998879038, 0.00271843096882, 5.45871912398
0.199986468159, 0.84644656109, 0.58349106182, 0.986675554234, 0.157468740525, 0.923851556761, 0.416962175015, 0.156707942575, 0.453808512591, 0.00373834480673, 0.942207648589, 0.0770125060813, 0.0240342145117, 0.0187245942628, 0.321407262514, 0.603294552905, 0.886936657569, 0.317436549756, 0.105448879211, 0.208747927818, 0.00192746957938, 0.664592134633, 0.770950655379, 0.223459834105, 0.0338750547184, 0.642389667831, 0.65603703508, 0.643893421632, 0.184294257257, 0.633882771411, 0.199986468159, 3.88869953274
0.00271843096882, 0.601421122919, 0.174207830479, 0.297755865982, 0.788740323097, 0.0587402006326, 0.144512944898, 0.798835274743, 0.944510487227, 0.906758080823, 0.308499382298, 0.763114060866, 0.946004242879, 0.316233312955, 0.45972492514, 0.222992040412, 0.952418490161, 0.476162221124, 0.489075067482, 0.135746146785, 0.645689626149, 0.335975597929, 0.555146323063, 0.36949350768, 0.808797704213, 0.253444164594, 0.546011508832, 0.672031072331, 0.681621461249, 0.110998879038, 0.00271843096882, 5.45871912398
0.611275636878, 0.492641214402, 0.229399308145, 0.574653636361, 0.715715379454, 0.534193186536, 0.324928637315, 0.204074605298, 0.468539493862, 0.949094167084, 0.0725477563905, 0.484602501039, 0.327606982678, 0.228601825057, 0.321407262514, 0.16137882669, 0.912587409429, 0.0154641219261, 0.332603872552, 0.983939315418, 0.0113032837714, 0.50250741187, 0.846296775014, 0.125973500953, 0.71909640357, 0.0984281109399, 0.0185035696503, 0.0884148754113, 0.147752355235, 0.552491344806, 0.611275636878, 2.6717259237
0.428562116822, 0.375795545521, 0.333602079984, 0.487940248148, 0.0535215989218, 0.899807785753, 0.0826428947448, 0.488352685018, 0.686787232143, 0.2218340425, 0.667709008632, 0.859383245872, 0.453426160129, 0.454874804731, 0.153257975081, 0.946824675638, 0.361845955632, 0.272837417703, 0.00448643800903, 0.629925153482, 0.75582930233, 0.0113980650882, 0.322582206994, 0.0224028020745, 0.190601587664, 0.595602739749, 0.0075940194257, 0.230048275722, 0.221728345764, 0.509939585046, 0.428562116822, 2.78281030799
0.611275636878, 0.492641214402, 0.229399308145, 0.574653636361, 0.715715379454, 0.534193186536, 0.324928637315, 0.204074605298, 0.468539493862, 0.949094167084, 0.0725477563905, 0.484602501039, 0.327606982678, 0.228601825057, 0.321407262514, 0.16137882669, 0.912587409429, 0.0154641219261, 0.332603872552, 0.983939315418, 0.0113032837714, 0.50250741187, 0.846296775014, 0.125973500953, 0.71909640357, 0.0984281109399, 0.0185035696503, 0.0884148754113, 0.147752355235, 0.552491344806, 0.611275636878, 2.6717259237
0.428562116822, 0.375795545521, 0.333602079984, 0.487940248148, 0.0535215989218, 0.899807785753, 0.0826428947448, 0.488352685018, 0.686787232143, 0.2218340425, 0.667709008632, 0.859383245872, 0.453426160129, 0.454874804731, 0.153257975081, 0.946824675638, 0.361845955632, 0.272837417703, 0.00448643800903, 0.629925153482, 0.75582930233, 0.0113980650882, 0.322582206994, 0.0224028020745, 0.190601587664, 0.595602739749, 0.0075940194257, 0.230048275722, 0.221728345764, 0.509939585046, 0.428562116822, 2.78281030799
0.10413328962, 0.536158997207, 0.58349106182, 0.995135411554, 0.157468740525, 0.0839085367765, 0.549197742316, 0.208771623421, 0.453808512591, 0.305444050908, 0.951674283259, 0.0770125060813, 0.0240342145117, 0.0187245942628, 0.0226202376421, 0.603294552905, 0.920185910973, 0.317436549756, 0.105448879211, 0.600693556138, 0.00192746957938, 0.664592134633, 0.499505398814, 0.223459834105, 0.0732373209842, 0.566027673228, 0.65603703508, 0.565188052104, 0.184294257257, 0.633882771411, 0.10413328962, 3.91640023458
0.0105137319534, 0.55677912634, 0.457330640741, 0.625674412384, 0.388815514688, 0.256562394777, 0.788508536662, 0.0996273917801, 0.304700839158, 0.552949415565, 0.90115929964, 0.249561678343, 0.510739221249, 0.244329977809, 0.214500722072, 0.188947451048, 0.00312249588899, 0.133309083308, 0.852939087872, 0.66448962831, 0.591772740708, 0.0764739324072, 0.163538794508, 0.87259754361, 0.71909640357, 0.082732498462, 0.199410541373, 0.815321429783, 0.380250861396, 0.488663105314, 0.0105137319534, 4.614214197
0.10413328962, 0.536158997207, 0.58349106182, 0.995135411554, 0.157468740525, 0.0839085367765, 0.549197742316, 0.208771623421, 0.453808512591, 0.305444050908, 0.951674283259, 0.0770125060813, 0.0240342145117, 0.0187245942628, 0.0226202376421, 0.603294552905, 0.920185910973, 0.317436549756, 0.105448879211, 0.600693556138, 0.00192746957938, 0.664592134633, 0.499505398814, 0.223459834105, 0.0732373209842, 0.566027673228, 0.65603703508, 0.565188052104, 0.184294257257, 0.633882771411, 0.10413328962, 3.91640023458
0.0105137319534, 0.55677912634, 0.457330640741, 0.625674412384, 0.388815514688, 0.256562394777, 0.788508536662, 0.0996273917801, 0.304700839158, 0.552949415565, 0.90115929964, 0.249561678343, 0.510739221249, 0.244329977809, 0.214500722072, 0.188947451048, 0.00312249588899, 0.133309083308, 0.852939087872, 0.66448962831, 0.591772740708, 0.0764739324072, 0.163538794508, 0.87259754361, 0.71909640357, 0.082732498462, 0.199410541373, 0.815321429783, 0.380250861396, 0.488663105314, 0.0105137319534, 4.614214197
0.858781743589, 0.224119766344, 0.94247931597, 0.768215732985, 0.388815514688, 0.498794075014, 0.063195536983, 0.459109039019, 0.117053384967, 0.439249095665, 0.899915404568, 0.0130743426482, 0.0911468834641, 0.399609829819, 0.393182602765, 0.157415089298, 0.596222537345, 0.351571851795, 0.463733750518, 0.682590611232, 0.60279153451, 0.324996327408, 0.434882469632, 0.476967625275, 0.418052081613, 0.0721094775722, 0.0880086694544, 0.455383758089, 0.153292196854, 0.597842193798, 0.858781743589, 1.77976497345
0.858781743589, 0.224119766344, 0.94247931597, 0.768215732985, 0.388815514688, 0.498794075014, 0.063195536983, 0.459109039019, 0.117053384967, 0.439249095665, 0.899915404568, 0.0130743426482, 0.0911468834641, 0.399609829819, 0.393182602765, 0.157415089298, 0.596222537345, 0.351571851795, 0.463733750518, 0.682590611232, 0.60279153451, 0.324996327408, 0.434882469632, 0.476967625275, 0.418052081613, 0.0721094775722, 0.0880086694544, 0.455383758089, 0.153292196854, 0.597842193798, 0.858781743589, 1.77976497345
0.0520181371908, 0.0711336343375, 0.557134307923, 0.0149543613461, 0.876477656576, 0.529424439831, 0.324928637315, 0.519015422574, 0.468539493862, 0.729585940177, 0.369996215949, 0.948501732721, 0.321710869699, 0.15961980763, 0.502804078133, 0.201708296401, 0.144291603335, 0.129217717501, 0.144558621581, 0.50625927129, 0.623126219491, 0.0105619941144, 0.488881508663, 0.236294579061, 0.291223946761, 0.604053722653, 0.723032187624, 0.35916534043, 0.757279262253, 0.102741864572, 0.0520181371908, 4.09307538714
0.0520181371908, 0.0711336343375, 0.557134307923, 0.0149543613461, 0.876477656576, 0.529424439831, 0.324928637315, 0.519015422574, 0.468539493862, 0.729585940177, 0.369996215949, 0.948501732721, 0.321710869699, 0.15961980763, 0.502804078133, 0.201708296401, 0.144291603335, 0.129217717501, 0.144558621581, 0.50625927129, 0.623126219491, 0.0105619941144, 0.488881508663, 0.236294579061, 0.291223946761, 0.604053722653, 0.723032187624, 0.35916534043, 0.757279262253, 0.102741864572, 0.0520181371908, 4.09307538714
0.636423936247, 0.131648631705, 0.300009980128, 0.41968144331, 0.117890898468, 0.432838447471, 0.711554715144, 0.048961106336, 0.727346696289, 0.169754148905, 0.596899507309, 0.0689435423124, 0.0610567018457, 0.476815971621, 0.643370513324, 0.730722211218, 0.029934267844, 0.484031132391, 0.336030569104, 0.095123811726, 0.505540710495, 0.107338616974, 0.817715229746, 0.645730012241, 0.990809465727, 0.633168357561, 0.622103605012, 0.320762145205, 0.0777188075239, 0.330732066665, 0.636423936247, 2.31822952684
0.64099296346, 0.545173536426, 0.229399308145, 0.574653636361, 0.715715379454, 0.838196746881, 0.331574809695, 0.204074605298, 0.12738686536, 0.44282892576, 0.707171030374, 0.32028213692, 0.868675202829, 0.937003713062, 0.0105198844956, 0.213726032219, 0.0268183778444, 0.0485429479371, 0.332603872552, 0.883809800775, 0.016286611729, 0.324996327408, 0.846296775014, 0.125973500953, 0.493322169764, 0.226043336874, 0.0175278070167, 0.439605173152, 0.329210910109, 0.580823984734, 0.64099296346, 2.30732686687
0.636423936247, 0.131648631705, 0.300009980128, 0.41968144331, 0.117890898468, 0.432838447471, 0.711554715144, 0.048961106336, 0.727346696289, 0.169754148905, 0.596899507309, 0.0689435423124, 0.0610567018457, 0.476815971621, 0.643370513324, 0.730722211218, 0.029934267844, 0.484031132391, 0.336030569104, 0.095123811726, 0.505540710495, 0.107338616974, 0.817715229746, 0.645730012241, 0.990809465727, 0.633168357561, 0.622103605012, 0.320762145205, 0.0777188075239, 0.330732066665, 0.636423936247, 2.31822952684
0.64099296346, 0.545173536426, 0.229399308145, 0.574653636361, 0.715715379454, 0.838196746881, 0.331574809695, 0.204074605298, 0.12738686536, 0.44282892576, 0.707171030374, 0.32028213692, 0.868675202829, 0.937003713062, 0.0105198844956, 0.213726032219, 0.0268183778444, 0.0485429479371, 0.332603872552, 0.883809800775, 0.016286611729, 0.324996327408, 0.846296775014, 0.125973500953, 0.493322169764, 0.226043336874, 0.0175278070167, 0.439605173152, 0.329210910109, 0.580823984734, 0.64099296346, 2.30732686687
