0.000481972846669, 1.86611711755, 3.45646816451, 0.513521712436, -0.470064466803, 0.337132142206, -2.32674794302, 2.06337445539, -3.95969737659, -1.3323920749, 0.000481972846669, 107.214396749
0.000481972846669, 1.86611711755, 3.45646816451, 0.513521712436, -0.470064466803, 0.337132142206, -2.32674794302, 2.06337445539, -3.95969737659, -1.3323920749, 0.000481972846669, 107.214396749
0.00281849053928, -0.536547027061, -2.48070900665, -3.59433851816, 4.56417486636, 2.02411920059, -0.430418570395, -1.67767245462, 0.544239383082, -1.13978711123, 0.00281849053928, 94.0752215864
0.00281849053928, -0.536547027061, -2.48070900665, -3.59433851816, 4.56417486636, 2.02411920059, -0.430418570395, -1.67767245462, 0.544239383082, -1.13978711123, 0.00281849053928, 94.0752215864
0.00281849053928, -0.536547027061, -2.48070900665, -3.59433851816, 4.56417486636, 2.02411920059, -0.430418570395, -1.67767245462, 0.544239383082, -1.13978711123, 0.00281849053928, 94.0752215864
0.00281849053928, -0.536547027061, -2.48070900665, -3.59433851816, 4.56417486636, 2.02411920059, -0.430418570395, -1.67767245462, 0.544239383082, -1.13978711123, 0.00281849053928, 94.0752215864
2.90288961446e-06, 4.91876369128, -1.15438158169, 0.513521712436, -2.40259925425, -1.79666723088, 1.12983556223, -3.29246940303, -3.95969737659, -1.3323920749, 2.90288961446e-06, 154.392950312
2.90288961446e-06, 4.91876369128, -1.15438158169, 0.513521712436, -2.40259925425, -1.79666723088, 1.12983556223, -3.29246940303, -3.95969737659, -1.3323920749, 2.90288961446e-06, 154.392950312
0.944798057264, 1.56361355965, 1.0899628613, 0.952717423518, 0.522519052862, -2.86415113342, 1.46622734227, 2.94186995141, -1.96937203463, 1.97507191258, 0.944798057264, 59.4798029653
0.944798057264, 1.56361355965, 1.0899628613, 0.952717423518, 0.522519052862, -2.86415113342, 1.46622734227, 2.94186995141, -1.96937203463, 1.97507191258, 0.944798057264, 59.4798029653
0.121722757693, 0.931647374445, -1.34726568342, -1.9295589714, 1.08819216526, -1.45311594189, 1.01475482087, 2.57171559974, 1.00982360259, -0.13978802535, 0.121722757693, 63.0479393595
0.121722757693, 0.931647374445, -1.34726568342, -1.9295589714, 1.08819216526, -1.45311594189, 1.01475482087, 2.57171559974, 1.00982360259, -0.13978802535, 0.121722757693, 63.0479393595
0.000151558078257, 2.96718696855, 3.45646816451, -0.0051127759877, -0.827497605906, 1.97761692366, -2.32674794302, -1.4128172775, -3.95969737659, 4.91888144246, 0.000151558078257, 119.103274417
0.000151558078257, 2.96718696855, 3.45646816451, -0.0051127759877, -0.827497605906, 1.97761692366, -2.32674794302, -1.4128172775, -3.95969737659, 4.91888144246, 0.000151558078257, 119.103274417
0.00395657058259, -2.4852484516, -4.42603406241, 0.918459654508, 0.0212555607405, 1.1162160804, 2.12506838185, -0.934140158914, 0.992221575503, -2.96883610215, 0.00395657058259, 76.3383432274
0.00395657058259, -2.4852484516, -4.42603406241, 0.918459654508, 0.0212555607405, 1.1162160804, 2.12506838185, -0.934140158914, 0.992221575503, -2.96883610215, 0.00395657058259, 76.3383432274
1.22277896691e-05, 2.77748441013, 4.60274968016, -1.20564524648, -1.57191315358, 0.337132142206, -2.5611243087, 0.0903730670494, -3.95969737659, -1.3323920749, 1.22277896691e-05, 146.439720599
1.22277896691e-05, 2.77748441013, 4.60274968016, -1.20564524648, -1.57191315358, 0.337132142206, -2.5611243087, 0.0903730670494, -3.95969737659, -1.3323920749, 1.22277896691e-05, 146.439720599
0.121722757693, 0.931647374445, -1.34726568342, -1.9295589714, 1.08819216526, -1.45311594189, 1.01475482087, 0.370510563895, 1.00982360259, -2.11874124573, 0.121722757693, 65.1782168529
0.121722757693, 0.931647374445, -1.34726568342, -1.9295589714, 1.08819216526, -1.45311594189, 1.01475482087, 0.370510563895, 1.00982360259, -2.11874124573, 0.121722757693, 65.1782168529
0.0019341645033, -0.536547027061, -2.48070900665, -3.50744990462, 4.56417486636, 2.98539450901, 0.934690788635, -0.355732616025, 3.80277726063, 1.18450303793, 0.0019341645033, 121.232787179
0.0019341645033, -0.536547027061, -2.48070900665, -3.50744990462, 4.56417486636, 2.98539450901, 0.934690788635, -0.355732616025, 3.80277726063, 1.18450303793, 0.0019341645033, 121.232787179
0.000151558078257, 2.96718696855, 3.45646816451, -0.0051127759877, -2.40259925425, 3.65529974417, -2.32674794302, -1.4128172775, -3.95969737659, 4.91888144246, 0.000151558078257, 137.944325286
0.000151558078257, 2.96718696855, 3.45646816451, -0.0051127759877, -2.40259925425, 3.65529974417, -2.32674794302, -1.4128172775, -3.95969737659, 4.91888144246, 0.000151558078257, 137.944325286
0.000481972846669, 1.86611711755, 3.45646816451, 0.513521712436, -0.470064466803, 0.337132142206, -2.32674794302, 1.24500284145, -3.95969737659, -1.3323920749, 0.000481972846669, 121.480144777
0.000481972846669, 1.86611711755, 3.45646816451, 0.513521712436, -0.470064466803, 0.337132142206, -2.32674794302, 1.24500284145, -3.95969737659, -1.3323920749, 0.000481972846669, 121.480144777
0.000481972846669, 1.86611711755, 3.45646816451, 0.513521712436, -0.470064466803, 0.337132142206, -2.32674794302, 1.24500284145, -3.95969737659, -1.3323920749, 0.000481972846669, 121.480144777
0.000481972846669, 1.86611711755, 3.45646816451, 0.513521712436, -0.470064466803, 0.337132142206, -2.32674794302, 1.24500284145, -3.95969737659, -1.3323920749, 0.000481972846669, 121.480144777
0.000481972846669, 1.86611711755, 3.45646816451, 0.513521712436, -0.470064466803, 0.337132142206, -2.32674794302, 1.24500284145, -3.95969737659, -1.3323920749, 0.000481972846669, 121.480144777
0.000481972846669, 1.86611711755, 3.45646816451, 0.513521712436, -0.470064466803, 0.337132142206, -2.32674794302, 1.24500284145, -3.95969737659, -1.3323920749, 0.000481972846669, 121.480144777
0.00395657058259, -2.4852484516, -4.42603406241, 0.918459654508, 0.00928892672781, 1.1162160804, 2.12506838185, -0.934140158914, 0.992221575503, -2.56689406919, 0.00395657058259, 76.3992628007
0.00395657058259, -2.4852484516, -4.42603406241, 0.918459654508, 0.00928892672781, 1.1162160804, 2.12506838185, -0.934140158914, 0.992221575503, -2.56689406919, 0.00395657058259, 76.3992628007
1.22277896691e-05, 2.77748441013, 3.45646816451, -1.20564524648, -4.72738012121, -1.76862268391, -2.5611243087, -3.38152612524, -3.95969737659, -1.3323920749, 1.22277896691e-05, 190.067216122
1.22277896691e-05, 2.77748441013, 3.45646816451, -1.20564524648, -4.72738012121, -1.76862268391, -2.5611243087, -3.38152612524, -3.95969737659, -1.3323920749, 1.22277896691e-05, 190.067216122
4.98420709508e-05, 4.86168449625, 3.45646816451, 0.513521712436, -2.40259925425, 1.67694484076, 1.59809123263, -3.29246940303, -3.95969737659, -1.3323920749, 4.98420709508e-05, 153.873082486
4.98420709508e-05, 4.86168449625, 3.45646816451, 0.513521712436, -2.40259925425, 1.67694484076, 1.59809123263, -3.29246940303, -3.95969737659, -1.3323920749, 4.98420709508e-05, 153.873082486
0.121722757693, 1.40618894692, -1.34726568342, -1.9295589714, 1.08819216526, -1.45311594189, 1.01475482087, 0.370510563895, 1.00982360259, -2.57813964099, 0.121722757693, 66.3895018476
0.121722757693, 1.40618894692, -1.34726568342, -1.9295589714, 1.08819216526, -1.45311594189, 1.01475482087, 0.370510563895, 1.00982360259, -2.57813964099, 0.121722757693, 66.3895018476
0.000193828554954, 1.86611711755, 0.818870722952, -0.298774735278, -0.470064466803, 0.337132142206, -2.32674794302, 1.24500284145, -3.95969737659, -1.3323920749, 0.000193828554954, 143.088409414
0.000193828554954, 1.86611711755, 0.818870722952, -0.298774735278, -0.470064466803, 0.337132142206, -2.32674794302, 1.24500284145, -3.95969737659, -1.3323920749, 0.000193828554954, 143.088409414
0.000190513320668, 1.86611711755, 0.818870722952, -0.298774735278, -0.470064466803, 0.337132142206, -2.32674794302, 1.24500284145, -3.95969737659, -1.3323920749, 0.000190513320668, 143.088409414
0.000190513320668, 1.86611711755, 0.818870722952, -0.298774735278, -0.470064466803, 0.337132142206, -2.32674794302, 1.24500284145, -3.95969737659, -1.3323920749, 0.000190513320668, 143.088409414
0.0019341645033, -0.536547027061, -2.48070900665, -2.8739434092, 4.56417486636, 2.98539450901, 0.934690788635, -0.355732616025, 3.80277726063, 1.18450303793, 0.0019341645033, 127.279114382
0.0019341645033, -0.536547027061, -2.48070900665, -2.8739434092, 4.56417486636, 2.98539450901, 0.934690788635, -0.355732616025, 3.80277726063, 1.18450303793, 0.0019341645033, 127.279114382
0.000542823026244, 1.12393093159, 3.45646816451, -1.20564524648, -1.57191315358, 0.337132142206, -2.5611243087, -3.29246940303, -1.91875592318, -1.3323920749, 0.000542823026244, 130.604027561
0.000542823026244, 1.12393093159, 3.45646816451, -1.20564524648, -1.57191315358, 0.337132142206, -2.5611243087, -3.29246940303, -1.91875592318, -1.3323920749, 0.000542823026244, 130.604027561
0.0211935332193, -2.4852484516, -4.42603406241, 0.918459654508, -0.0366187987512, 1.1162160804, 3.50809155884, -0.934140158914, -1.62670086686, -0.965723650054, 0.0211935332193, 78.9612640539
0.0211935332193, -2.4852484516, -4.42603406241, 0.918459654508, -0.0366187987512, 1.1162160804, 3.50809155884, -0.934140158914, -1.62670086686, -0.965723650054, 0.0211935332193, 78.9612640539
0.00395657058259, -2.4852484516, -4.42603406241, 0.918459654508, 0.0212555607405, 1.1162160804, 2.12506838185, -0.934140158914, -0.694998520438, -0.965723650054, 0.00395657058259, 85.7690926338
0.00395657058259, -2.4852484516, -4.42603406241, 0.918459654508, 0.0212555607405, 1.1162160804, 2.12506838185, -0.934140158914, -0.694998520438, -0.965723650054, 0.00395657058259, 85.7690926338
0.000151558078257, 2.96718696855, 4.4143962, -0.0051127759877, -2.40259925425, 0.337132142206, -2.32674794302, -3.29246940303, -3.95969737659, 4.91888144246, 0.000151558078257, 158.920150193
0.000151558078257, 2.96718696855, 4.4143962, -0.0051127759877, -2.40259925425, 0.337132142206, -2.32674794302, -3.29246940303, -3.95969737659, 4.91888144246, 0.000151558078257, 158.920150193
0.000151558078257, 2.96718696855, 4.4143962, -0.0051127759877, -2.40259925425, 0.337132142206, -2.32674794302, -3.29246940303, -3.95969737659, 4.91888144246, 0.000151558078257, 158.920150193
0.000151558078257, 2.96718696855, 4.4143962, -0.0051127759877, -2.40259925425, 0.337132142206, -2.32674794302, -3.29246940303, -3.95969737659, 4.91888144246, 0.000151558078257, 158.920150193
4.98420709508e-05, 2.87095377439, 3.45646816451, 0.513521712436, -3.71714046846, 1.17533798353, -4.42058523306, -3.29246940303, -3.95969737659, -1.3323920749, 4.98420709508e-05, 171.218001224
4.98420709508e-05, 2.87095377439, 3.45646816451, 0.513521712436, -3.71714046846, 1.17533798353, -4.42058523306, -3.29246940303, -3.95969737659, -1.3323920749, 4.98420709508e-05, 171.218001224
0.944798057264, 1.56361355965, 1.0899628613, -2.53015036564, 0.522519052862, -2.86415113342, -1.93492376659, 2.94186995141, -1.96937203463, 1.97507191258, 0.944798057264, 67.8394648222
0.944798057264, 1.56361355965, 1.0899628613, -2.53015036564, 0.522519052862, -2.86415113342, -1.93492376659, 2.94186995141, -1.96937203463, 1.97507191258, 0.944798057264, 67.8394648222
0.121722757693, 1.54978008445, -1.51983809727, -1.9295589714, 1.08819216526, -1.45311594189, 1.01475482087, 2.57171559974, 1.00982360259, -3.81580670114, 0.121722757693, 69.861066748
0.121722757693, 1.54978008445, -1.51983809727, -1.9295589714, 1.08819216526, -1.45311594189, 1.01475482087, 2.57171559974, 1.00982360259, -3.81580670114, 0.121722757693, 69.861066748
0.000520725298242, 2.77748441013, 3.45646816451, 0.513521712436, -2.40259925425, 0.337132142206, 1.12983556223, -3.29246940303, -3.95969737659, -1.3323920749, 0.000520725298242, 144.15157513
0.000520725298242, 2.77748441013, 3.45646816451, 0.513521712436, -2.40259925425, 0.337132142206, 1.12983556223, -3.29246940303, -3.95969737659, -1.3323920749, 0.000520725298242, 144.15157513
0.0019341645033, -0.536547027061, -2.48070900665, -2.8739434092, 4.56417486636, 2.98539450901, 0.934690788635, -0.355732616025, 3.80277726063, -1.19042967467, 0.0019341645033, 127.819917657
0.0019341645033, -0.536547027061, -2.48070900665, -2.8739434092, 4.56417486636, 2.98539450901, 0.934690788635, -0.355732616025, 3.80277726063, -1.19042967467, 0.0019341645033, 127.819917657
0.000542823026244, 1.86611711755, 3.45646816451, -0.298774735278, -0.470064466803, 0.337132142206, -2.32674794302, 1.24500284145, -3.95969737659, -1.3323920749, 0.000542823026244, 139.341400973
0.000542823026244, 1.86611711755, 3.45646816451, -0.298774735278, -0.470064466803, 0.337132142206, -2.32674794302, 1.24500284145, -3.95969737659, -1.3323920749, 0.000542823026244, 139.341400973
0.0211935332193, -2.4852484516, -4.42603406241, 0.918459654508, -0.0366187987512, 1.1162160804, 2.12506838185, -0.934140158914, -1.62670086686, -0.965723650054, 0.0211935332193, 81.1274154247
0.0211935332193, -2.4852484516, -4.42603406241, 0.918459654508, -0.0366187987512, 1.1162160804, 2.12506838185, -0.934140158914, -1.62670086686, -0.965723650054, 0.0211935332193, 81.1274154247
0.00493209283786, 3.04314712511, 0.904100124865, 0.0425845364392, -2.40259925425, 0.337132142206, -2.32674794302, -3.10466181553, -3.95969737659, -0.51841656373, 0.00493209283786, 103.097677
0.00493209283786, 3.04314712511, 0.904100124865, 0.0425845364392, -2.40259925425, 0.337132142206, -2.32674794302, -3.10466181553, -3.95969737659, -0.51841656373, 0.00493209283786, 103.097677
0.00895726896912, 2.77748441013, -2.43067546735, 0.513521712436, -3.56655477803, 1.90595495746, -2.32674794302, -0.4885563395, -1.5203420429, -2.98008217526, 0.00895726896912, 97.1423487617
0.00895726896912, 2.77748441013, -2.43067546735, 0.513521712436, -3.56655477803, 1.90595495746, -2.32674794302, -0.4885563395, -1.5203420429, -2.98008217526, 0.00895726896912, 97.1423487617
0.00401710894173, 3.87484202551, 3.42603774784, -1.49506470788, 3.03081906434, 1.10448644145, 2.41766498571, -3.99724238891, 3.41408394498, -3.9847052316, 0.00401710894173, 122.363038358
0.00401710894173, 3.87484202551, 3.42603774784, -1.49506470788, 3.03081906434, 1.10448644145, 2.41766498571, -3.99724238891, 3.41408394498, -3.9847052316, 0.00401710894173, 122.363038358
4.98420709508e-05, 2.77748441013, 3.45646816451, 0.513521712436, -3.71714046846, -4.30007100393, -4.42058523306, -3.29246940303, -3.95969737659, -1.3323920749, 4.98420709508e-05, 198.873224998
4.98420709508e-05, 2.77748441013, 3.45646816451, 0.513521712436, -3.71714046846, -4.30007100393, -4.42058523306, -3.29246940303, -3.95969737659, -1.3323920749, 4.98420709508e-05, 198.873224998
0.989774480485, 1.56361355965, 1.0899628613, 0.952717423518, 0.522519052862, -2.86415113342, -3.96475326694, -0.603483703212, -1.96937203463, 1.97507191258, 0.989774480485, 69.6151356472
0.989774480485, 1.56361355965, 1.0899628613, 0.952717423518, 0.522519052862, -2.86415113342, -3.96475326694, -0.603483703212, -1.96937203463, 1.97507191258, 0.989774480485, 69.6151356472
0.000520725298242, 2.77748441013, 4.29255235753, 0.513521712436, -2.40259925425, -0.155663898512, 1.12983556223, -3.29246940303, -3.95969737659, -1.3323920749, 0.000520725298242, 166.863386652
0.000520725298242, 2.77748441013, 4.29255235753, 0.513521712436, -2.40259925425, -0.155663898512, 1.12983556223, -3.29246940303, -3.95969737659, -1.3323920749, 0.000520725298242, 166.863386652
0.121722757693, 0.931647374445, -1.34726568342, -1.9295589714, 1.08819216526, -1.45311594189, 1.01475482087, 0.370510563895, -1.91878522602, -3.95731390613, 0.121722757693, 75.8968472533
0.944798057264, 1.56361355965, 1.0899628613, 0.952717423518, 0.522519052862, -2.86415113342, -3.96475326694, -0.603483703212, -2.45988820309, 1.97507191258, 0.944798057264, 72.3016209568
0.000542823026244, 1.86611711755, 3.45646816451, -0.298774735278, -0.470064466803, -2.8936609853, -2.32674794302, 1.24500284145, -3.95969737659, -1.3323920749, 0.000542823026244, 140.696397114
0.00493209283786, 3.04314712511, 3.45646816451, 0.0425845364392, -2.40259925425, 0.337132142206, -2.32674794302, -3.10466181553, -3.95969737659, -0.51841656373, 0.00493209283786, 109.262629827
0.00401710894173, 3.87484202551, -1.34726568342, -1.49506470788, 3.03081906434, 1.10448644145, -4.55289014438, -3.99724238891, 3.41408394498, -3.9847052316, 0.00401710894173, 133.958895869
0.0352737764321, -2.47541236067, 0.922289632429, -0.134622199808, 1.99999487122, -2.46495385745, -3.52378077398, 4.55734540846, 1.41901421121, 1.4480390391, 0.0352737764321, 82.1373455342
0.0277577001963, -0.536547027061, -2.48070900665, -0.899818638504, 2.99137468739, -1.9789772545, -1.13054513692, 1.35847992332, 3.70512105445, 3.51602353953, 0.0277577001963, 100.406627103
0.00968475372323, 2.77748441013, -2.43067546735, 0.513521712436, 0.232269051079, 1.90595495746, -2.32674794302, -0.4885563395, -1.5203420429, -2.98008217526, 0.00968475372323, 100.9305285
0.0689043175104, 1.13457923506, 1.47829690977, -1.3813745177, -0.543209577283, 0.23297534471, 0.560846695531, 2.37757115176, 0.544239383082, -1.13978711123, 0.0689043175104, 82.0873736994
0.121722757693, 0.931647374445, -1.34726568342, -1.9295589714, 1.08819216526, -1.45311594189, 1.01475482087, 0.370510563895, -1.91878522602, -3.95731390613, 0.121722757693, 75.8968472533
0.00493209283786, 3.04314712511, 3.45646816451, 0.0425845364392, -2.40259925425, 0.337132142206, -2.32674794302, -3.10466181553, -3.95969737659, -0.51841656373, 0.00493209283786, 109.262629827
0.944798057264, 1.56361355965, 1.0899628613, 0.952717423518, 0.522519052862, -2.86415113342, -3.96475326694, -0.603483703212, -2.45988820309, 1.97507191258, 0.944798057264, 72.3016209568
0.0019341645033, 1.83509800108, -2.48070900665, -3.50744990462, 4.56417486636, 4.03567812271, 0.934690788635, -0.355732616025, 3.80277726063, 3.51602353953, 0.0019341645033, 140.639123009
0.00401710894173, 3.87484202551, -1.34726568342, -1.49506470788, 3.03081906434, 1.10448644145, -4.55289014438, -3.99724238891, 3.41408394498, -3.9847052316, 0.00401710894173, 133.958895869
0.0689043175104, 1.13457923506, 1.47829690977, -1.3813745177, -0.543209577283, 0.23297534471, 0.560846695531, 2.37757115176, 0.544239383082, -1.13978711123, 0.0689043175104, 82.0873736994
0.0277577001963, -0.536547027061, -2.48070900665, -0.899818638504, 2.99137468739, -1.9789772545, -1.13054513692, 1.35847992332, 3.70512105445, 3.51602353953, 0.0277577001963, 100.406627103
0.00968475372323, 2.77748441013, -2.43067546735, 0.513521712436, 0.232269051079, 1.90595495746, -2.32674794302, -0.4885563395, -1.5203420429, -2.98008217526, 0.00968475372323, 100.9305285
0.0352737764321, -2.47541236067, 0.922289632429, -0.134622199808, 1.99999487122, -2.46495385745, -3.52378077398, 4.55734540846, 1.41901421121, 1.4480390391, 0.0352737764321, 82.1373455342
0.0019341645033, 1.83509800108, -2.48070900665, -3.50744990462, 4.56417486636, 4.03567812271, 0.934690788635, -0.355732616025, 3.80277726063, 3.51602353953, 0.0019341645033, 140.639123009
0.000542823026244, 1.86611711755, 3.45646816451, -0.298774735278, -0.470064466803, -2.8936609853, -2.32674794302, 1.24500284145, -3.95969737659, -1.3323920749, 0.000542823026244, 140.696397114
