0.55984923354, 1.10493468289, 5.15328811287, 0.395758478369, 0.559418722157, 41.7822436782, 2.69197359955, 3.49797041808, 42.5677393948, 832.520719668, 0.47876894336, 0.0
0.64291052702, 1.20887644057, 3.68971862892, 0.240739995551, 21.4800889097, 48.1076409257, 2.0894384828, 1.35183598239, 31.5233316513, 553.030998472, 0.470675138108, 0.502762430939
0.728205198004, 0.964495314716, 3.10581342547, 0.330866663657, 6.88403323805, 42.1240668605, 2.42999083182, 0.400990493092, 43.0197765884, 463.942268761, 0.506684628889, 0.0254237288136
0.570952365598, 0.916609194691, 2.14632854157, 0.325605148756, 8.82377366186, 40.8856762012, 2.03868413218, 4.54836354239, 27.9903310294, 286.108569178, 0.545200100167, 0.0363636363636
0.776936217839, 1.19450706885, 2.35830313516, 0.338244716757, 16.0809896731, 46.142278706, 3.85204249704, 1.60419467336, 25.6229499689, 498.647147622, 0.47873308591, 0.432267884323
0.538305230335, 1.13191250585, 7.0450536876, 0.298529236965, 36.0161810846, 45.1481126569, 2.22217426908, 3.26634011738, 39.3215497809, 1415.18231556, 0.471276865233, 0.263888888889
0.700514848111, 0.898441360516, 3.81876063802, 0.469556363733, 0.998895997247, 43.0955907067, 3.1647831599, 2.5005983292, 33.4099904674, 674.645680154, 0.565228222989, 0.00347222222222
0.531307770317, 0.880780394124, 3.8216389121, 0.325203075135, 11.3199335033, 42.2214938795, 2.90466113316, 3.16040305183, 29.9059697675, 417.088529764, 0.531637563163, 0.0263157894737
0.692625542755, 0.946455153859, 4.21365470916, 0.347228220893, 21.1343619015, 41.6455826392, 2.74015504878, 1.71906790516, 24.4618509952, 472.192018458, 0.487680432917, 0.622905027933
0.717821435673, 0.877474457603, 7.16571877174, 0.266871843467, 11.2259848212, 42.149727499, 2.89343167736, 3.51863057623, 20.0433745283, 739.877735837, 0.491725446724, 0.0648148148148
0.709843863356, 1.04685915847, 4.72731783833, 0.355131260971, 48.7702497554, 49.3241965598, 2.32839248911, 3.10941966064, 32.3706710619, 600.695039875, 0.567819886569, 0.0
0.519511276891, 1.21666595218, 2.34026194816, 0.347140701144, 15.962579234, 41.6347409778, 3.05425291428, 3.01340184768, 24.5702424368, 444.449892636, 0.511367079755, 0.0285714285714
0.518402921145, 0.877474457603, 7.16571877174, 0.404356858095, 39.5736004131, 45.3730528067, 2.89770016582, 3.36006749614, 21.7290933766, 820.615882118, 0.487639239839, 0.0102040816327
0.565077092691, 1.19897874452, 2.29533129285, 0.250657688114, 4.74934555975, 44.4656231674, 2.09926268742, 2.86356042469, 20.3823594742, 326.812848698, 0.545589970449, 0.020618556701
0.706176160329, 0.918690850356, 4.06463778266, 0.268209277005, 18.4186621695, 43.1630856632, 2.74214390865, 1.71906790516, 41.3577995459, 546.361416993, 0.47992084981, 0.429245283019
0.532274644487, 1.19791139135, 2.92069757304, 0.473889298517, 11.5813164562, 48.8632331394, 3.33323673163, 1.02425677399, 31.8204026588, 623.415654334, 0.462941333219, 0.506300114548
0.532274644487, 1.19791139135, 2.92069757304, 0.467159489113, 11.5813164562, 42.7891464834, 3.39123890749, 1.79424289263, 31.8204026588, 666.83783714, 0.471277078686, 0.215517241379
0.651912191383, 0.821843175572, 6.71472721767, 0.399862868706, 2.0536872485, 41.1279854577, 3.89043192313, 2.96137501448, 32.6602315371, 813.442373415, 0.561041933651, 0.00293255131965
0.559854794697, 0.988076179642, 2.14034369807, 0.430542409762, 42.1827925158, 41.796310438, 2.34201539736, 3.50558943454, 29.1403057932, 370.673660147, 0.491268808317, 0.252032520325
0.505548154206, 1.16408854118, 4.25038395561, 0.350651715067, 46.400409573, 40.8815984139, 2.17552271232, 1.66162074204, 30.5920885305, 799.354905077, 0.424096393982, 0.608540925267
0.733321052183, 0.851460522511, 3.28743853838, 0.376784958309, 43.9868239918, 44.6460470229, 2.00055858331, 0.313859521411, 28.5335141043, 405.925108124, 0.61644690662, 0.0
0.521593356706, 0.987900063679, 6.17752098274, 0.325810886664, 5.38953145113, 45.9246034564, 2.01444112248, 4.06212092564, 28.5135366207, 750.934702925, 0.486773572201, 0.118918918919
0.584064751264, 0.939964423433, 5.22429126963, 0.49229338642, 46.8486637091, 42.2049142102, 2.64860724524, 3.21759270411, 41.6211414628, 767.169732925, 0.504738733444, 0.0263157894737
0.522350173341, 0.856878656987, 7.57735613336, 0.245158303575, 44.340226685, 42.8940277926, 3.77680607778, 1.82560225929, 29.9859759042, 1050.5789467, 0.399654612136, 0.546255506608
0.745517753667, 0.92862627626, 5.31798794437, 0.438049690068, 0.0955063627762, 40.4642255252, 3.28140187613, 1.54482699245, 31.5099180424, 882.543565073, 0.4608804906, 0.510378510379
0.717776060824, 1.19897874452, 2.40550413668, 0.270543261838, 4.34595317748, 44.4442690994, 3.88848718922, 1.73558584132, 41.4858608738, 619.527262008, 0.42974849967, 0.599601593625
0.702435422597, 0.895842144177, 5.56333172979, 0.400263646725, 12.7301742996, 41.960032005, 3.16113870186, 2.51395920452, 23.2935309332, 653.026834696, 0.544142937606, 0.00560224089636
0.669835335759, 0.997846957487, 2.10966464066, 0.377923537077, 49.2787659831, 47.5181337949, 2.89019373607, 0.715295274948, 25.4895961622, 294.535825805, 0.552626369065, 0.0336134453782
0.732815136075, 0.952717128291, 2.12690694981, 0.435804704899, 24.4536813529, 40.5110860015, 2.25748358189, 4.14023705673, 22.0326700797, 250.262207609, 0.574925257559, 0.210843373494
0.514973428579, 0.877474457603, 7.16571877174, 0.432941904396, 10.6286449553, 45.3730528067, 2.89343167736, 3.36006749614, 20.4043965995, 646.497374004, 0.506545513317, 0.0204081632653
0.584064751264, 0.91137528542, 6.71868901926, 0.49229338642, 2.19755499209, 42.2049142102, 2.66121672749, 3.21165306022, 32.588068009, 884.243219716, 0.493994441796, 0.0
0.555026388067, 1.18081711129, 4.6408086558, 0.379186586751, 16.2541499233, 42.861560593, 2.39517096578, 2.79854220069, 36.2913388795, 850.058559874, 0.484240415847, 0.0192307692308
0.625089360454, 1.24097302163, 7.91141814876, 0.30619395917, 30.5443765884, 44.0821411573, 2.00881246703, 0.812111750012, 32.0714217143, 2190.67502261, 0.480652292709, 0.0588235294118
0.876382145412, 1.24162041205, 2.86255668221, 0.472907923774, 6.97631048148, 45.5740497949, 3.81806049243, 2.23062783854, 41.5561863201, 771.040352165, 0.592497989978, 0.0
0.546460483466, 0.853123684291, 4.35490814871, 0.465476859601, 21.74682104, 46.900194215, 3.0988051442, 2.39471042091, 31.6476368514, 635.334435209, 0.59281236734, 0.00381679389313
0.876382145412, 1.24162041205, 2.86255668221, 0.472907923774, 6.97631048148, 45.5740497949, 3.80867077909, 2.23062783854, 41.5561863201, 704.250351245, 0.601755003335, 0.00353356890459
0.52520253938, 0.95523077517, 4.73859649273, 0.420398914467, 20.6632045551, 41.7729213046, 2.10122724397, 4.14270511907, 22.6216917509, 641.840987493, 0.512485773025, 0.152380952381
0.564084697991, 0.987413926896, 2.14034369807, 0.430542409762, 42.1827925158, 43.5787864552, 3.08415757121, 2.87650068935, 28.775312544, 354.455020383, 0.54562013387, 0.477488151659
0.776785112883, 1.25683481583, 2.4651980638, 0.338244716757, 48.420678416, 46.142278706, 3.33752721808, 4.0062953195, 31.971957429, 591.118773971, 0.611545406769, 0.025069637883
0.776785112883, 0.85573920362, 2.45994772261, 0.338244716757, 16.0809896731, 46.142278706, 3.33752721808, 3.65452425404, 25.6229499689, 357.531436239, 0.618810718017, 0.0278481012658
0.728397291458, 0.975667917407, 2.14034369807, 0.336154040032, 35.3630905109, 43.5780484944, 3.08937815318, 3.27941584576, 29.1403057932, 431.129472566, 0.548597432634, 0.0548387096774
0.749836650078, 0.987900063679, 3.27435652562, 0.345847313105, 5.38953145113, 45.9751824524, 2.01444112248, 4.06212092564, 28.5135366207, 513.939284864, 0.56679158331, 0.025974025974
0.733321052183, 0.85257251932, 6.19263009183, 0.376393378575, 43.9868239918, 44.9605544739, 2.53220464206, 0.162494457602, 30.3781329262, 614.99572485, 0.546753291416, 0.147435897436
0.505461523165, 1.15793056594, 7.57735613336, 0.256598137093, 44.340226685, 42.9606966922, 2.18086059878, 2.30507300476, 30.3757778503, 1607.79960647, 0.47773789888, 0.333333333333
0.663880640204, 1.14710407002, 5.4869636536, 0.461405665291, 9.71457524614, 40.6682766209, 3.09939685474, 1.63837695569, 29.7476555789, 1195.50438634, 0.478265578326, 0.224948875256
0.698828524399, 1.19736005358, 2.35735927942, 0.263924475988, 29.9954488445, 49.821827408, 3.84354813006, 1.72508646092, 26.5494143873, 538.815675135, 0.54152416179, 0.258855585831
0.546628900071, 0.881805283071, 3.84584798477, 0.298529236965, 35.1668250393, 42.1810415832, 2.20394585489, 3.15991595986, 29.9804833812, 417.168333282, 0.506576370309, 0.532846715328
0.702435422597, 0.89539629114, 2.98114858216, 0.400263646725, 12.7301742996, 41.960032005, 3.1839922617, 2.51395920452, 23.2935309332, 410.479884323, 0.54810437812, 0.300441826215
0.565077092691, 1.19897874452, 2.37238034961, 0.338335394895, 4.74934555975, 44.4650141204, 3.84354813006, 2.86356042469, 20.3823594742, 482.365256974, 0.538539707215, 0.441059602649
0.555079785115, 0.914865031236, 4.6408086558, 0.376699784128, 16.2541499233, 42.861560593, 2.44273569769, 2.24377801296, 36.2913388795, 625.515772028, 0.513548907672, 0.354609929078
0.751008270414, 0.99483112204, 3.80958806769, 0.47880041982, 47.2246943399, 43.0955907067, 2.19775509588, 2.5005983292, 30.1228602531, 559.518085439, 0.530659948844, 0.308510638298
0.529887511585, 0.881284522267, 3.27838003744, 0.345847313105, 5.41883606395, 45.9751824524, 2.01338325902, 4.06212092564, 29.9160154266, 434.260881368, 0.54480913409, 0.363095238095
0.54167903661, 0.970832314004, 6.08002287146, 0.333239606807, 45.20502831, 45.450224199, 2.89119337462, 2.47567343921, 43.2987276589, 796.645881181, 0.493742262017, 0.286432160804
0.706176160329, 0.946455153859, 4.21365470916, 0.365705695015, 18.4269854315, 42.8648459269, 2.74015504878, 1.71906790516, 43.2993323865, 808.46178227, 0.49295691841, 0.531707317073
0.599775200218, 0.920057224919, 6.22255191121, 0.255601711775, 28.7081534581, 47.2722669515, 3.49447569811, 1.2486251183, 40.7391252506, 1061.07880667, 0.426285462977, 0.648694187026
0.773728935732, 0.89562752897, 5.96215710706, 0.404714903223, 4.72733503949, 49.5892726646, 3.33528626406, 1.20323438164, 34.4244984437, 904.051805504, 0.468831552653, 0.609332113449
0.750073663464, 0.977935349863, 4.9362981815, 0.358151092062, 28.1776548298, 46.7166687294, 2.21792637218, 1.25339792257, 35.7973905617, 828.555909828, 0.454646418629, 0.626811594203
0.664580135913, 0.903983053987, 6.96920683615, 0.232075193974, 2.61446599297, 47.9132209375, 2.0141957633, 1.82317109246, 33.4702680252, 732.142268209, 0.499529799241, 0.608597285068
0.660782548856, 0.99763376206, 7.48251869226, 0.454595265898, 27.0680278317, 43.799196836, 2.27217856692, 1.5083110998, 39.9681190251, 1042.23550531, 0.448033005165, 0.620603015075
0.664580135913, 0.976763111879, 7.02010829836, 0.232075193974, 2.26402296485, 47.1111109724, 3.21242517899, 1.82317109246, 33.7222776903, 1305.44297565, 0.441722533094, 0.607960199005
0.551635765292, 0.988076179642, 2.14034369807, 0.424054912455, 39.0617242113, 41.7874707584, 2.34201539736, 3.50558943454, 30.7371663509, 319.526528778, 0.565884748824, 0.451162790698
0.725927487249, 0.93952603419, 2.91928792393, 0.47412884719, 10.1867302867, 41.4758312571, 2.41328078492, 4.02534288454, 43.1195223199, 350.127182504, 0.620063534797, 0.104166666667
0.669835335759, 0.99812469946, 2.01136092927, 0.377923537077, 49.2567559017, 43.4305147919, 2.79883608147, 0.715295274948, 32.4531175267, 329.106605191, 0.555590026508, 0.106557377049
0.750034026562, 0.987900063679, 2.37468679033, 0.345847313105, 5.3898068708, 45.9751824524, 2.10731895275, 4.06212092564, 28.4251920519, 333.889243818, 0.625654389362, 0.0736842105263
0.570952365598, 0.916609194691, 2.14632854157, 0.28965573388, 8.36516083034, 44.46950844, 3.86360176089, 4.54528957046, 28.028676603, 357.288118836, 0.566963303356, 0.041782729805
0.670649672992, 1.01568210954, 2.11892916058, 0.377923537077, 8.91216608407, 47.4924356911, 2.89019373607, 0.715295274948, 25.5451580539, 308.964533487, 0.603521735374, 0.201612903226
0.829985163972, 0.858551615233, 2.10474406226, 0.326776517658, 6.46394951557, 46.0665734941, 2.95743037844, 4.85080283342, 28.6870119706, 263.098800631, 0.618815992426, 0.425619834711
0.669457345827, 1.04735993535, 2.19497786388, 0.377885295014, 48.7702497554, 49.311808029, 2.88194419457, 3.07140540154, 25.52142174, 313.903365686, 0.59651513821, 0.45867768595
0.509967147924, 0.853892097894, 7.93328787382, 0.39029398223, 2.06511329886, 40.3405686567, 2.80956627311, 0.623536571175, 33.6650176121, 820.316345748, 0.526646532322, 0.129496402878
0.625567820988, 0.89539181826, 5.88449701578, 0.22270493864, 25.0410963995, 40.6631012479, 2.27332259587, 4.0294014661, 33.4201867925, 696.299305695, 0.533046382542, 0.0461538461538
0.570952365598, 1.20970003275, 2.14632854157, 0.28965573388, 8.36516083034, 44.46950844, 2.07399995634, 4.54528957046, 28.0170046217, 402.047297096, 0.571728288695, 0.179104477612
0.728397291458, 0.988076179642, 2.14034369807, 0.429184460459, 44.347619602, 43.5780484944, 3.08937815318, 3.27941584576, 29.1403057932, 406.559019474, 0.555767765279, 0.256756756757
0.560285030323, 0.904725188132, 6.96920683615, 0.234143124587, 2.40761772914, 41.7858657141, 3.22659677927, 1.82317109246, 33.4637571894, 1098.87329128, 0.488799122043, 0.235827664399
0.505514855735, 1.16147476203, 7.69757334562, 0.350088482222, 46.6111967809, 40.8651536779, 2.03339883386, 2.22985891543, 20.0066373098, 1461.82710138, 0.494818985658, 0.0421052631579
0.664580135913, 0.903983053987, 6.96920683615, 0.232075193974, 2.40761772914, 47.9132209375, 3.22659677927, 1.82317109246, 33.4637571894, 1020.87437172, 0.486554607847, 0.484882418813
0.514903164516, 1.19696825832, 2.90918781417, 0.430967795518, 8.9992735163, 48.8637697996, 3.52395334416, 3.27322832882, 21.8717115576, 604.459531856, 0.551654966354, 0.0950118764846
0.530959087155, 1.19696825832, 2.90918781417, 0.479182967704, 39.5635256138, 48.8457217304, 3.52494374957, 0.50338305509, 21.8717115576, 489.228132344, 0.560576304192, 0.108695652174
0.584064751264, 0.939964423433, 6.56675165613, 0.492344660259, 46.8486637091, 42.2049142102, 3.67913840677, 2.48032439334, 41.4666921678, 1060.33999536, 0.51732731932, 0.00813008130081
0.515792111755, 0.95523077517, 4.75527485529, 0.251252166446, 12.491802549, 44.540738176, 2.10122724397, 2.08366001529, 32.8812760974, 614.064811178, 0.533648725083, 0.400809716599
0.505548154206, 1.16408854118, 4.26278793949, 0.350651715067, 46.400409573, 40.8815984139, 2.16971717867, 4.85821683519, 30.5920885305, 884.934750568, 0.496173537336, 0.0530973451327
0.7174671824, 0.903286220841, 2.20470563155, 0.317132124035, 20.7641102324, 43.6413727253, 3.50764312983, 3.59541936999, 30.9456721689, 354.735706286, 0.556542016249, 0.42962962963
0.700242043126, 0.99483112204, 3.82921697475, 0.470247011316, 47.2246943399, 43.0955907067, 3.1647831599, 2.5005983292, 30.1228602531, 693.67233242, 0.559147504247, 0.0854922279793
0.518402921145, 0.877474457603, 7.16571877174, 0.432926581964, 10.6286449553, 45.3730528067, 2.89343167736, 3.36006749614, 20.4092844359, 715.093248182, 0.520411098201, 0.184357541899
0.718063919274, 0.899740775312, 4.95273755024, 0.267726336994, 5.33189901894, 42.1222239241, 3.55988775537, 2.87419872526, 20.8737608576, 615.724896947, 0.551114707225, 0.214285714286
0.782102798647, 0.921517506575, 2.50327596263, 0.499394252594, 24.4962991475, 42.758413776, 3.30263847423, 0.93704219889, 32.2434026227, 395.43095312, 0.591463164494, 0.201666666667
0.570952365598, 0.915393291357, 2.05489938827, 0.291048929796, 8.36516083034, 44.46950844, 3.10253829833, 4.54528957046, 28.028676603, 343.662658445, 0.566455903423, 0.276699029126
0.523161985993, 1.14666253168, 7.54538126689, 0.281537964679, 18.1777240537, 44.7517632442, 2.54566909618, 0.711143512886, 35.6686254608, 1814.27763097, 0.502982935435, 0.0412371134021
0.522350173341, 0.856878656987, 7.596749682, 0.256383585825, 7.43393395107, 40.8429823099, 3.77680607778, 2.30487453625, 29.073399069, 888.641430111, 0.515059879815, 0.0450236966825
0.516007547832, 1.03257830582, 7.92188320779, 0.432941904396, 10.6286449553, 45.3730528067, 2.811852773, 3.13233689767, 20.4043965995, 946.089460709, 0.521291106672, 0.00877192982456
0.71638269572, 0.981857553096, 3.15569870047, 0.273536033133, 44.391803528, 46.1638088503, 3.50807253831, 3.59885281762, 30.9407097608, 590.322667285, 0.552488114526, 0.410480349345
0.519511276891, 1.20561160108, 2.33143287974, 0.347140701144, 16.0058092949, 42.0507310164, 3.05425291428, 3.30418040741, 25.0866141006, 441.432718903, 0.555547596698, 0.475555555556
0.681570838442, 0.886520313127, 7.6395612502, 0.29568205133, 21.1413513294, 42.473049562, 2.03874250838, 4.8501422252, 25.077188834, 828.648655441, 0.553006829319, 0.0648148148148
