0.913928429958, 0.98707368071, 0.990024166439, 0.0110630740718, 0.655072283465, 0.447940381734, 0.651865177164, 0.28590730322, 0.584620225111, 0.292760059527, 0.374795813846, 0.450665045986, 0.525575795499, 0.592388178734, 0.894982380401, 3.43175583252e-196, 0.581728678116, 0.48649747875, 0.000227332063753
0.980680810114, 0.0147221559236, 0.0661066143299, 0.994198575981, 0.498379087191, 0.399392130949, 0.510913702111, 0.844691507254, 0.422458997612, 0.626076148077, 0.337285851289, 0.404235113085, 0.681648442792, 0.454580835505, 0.761010303445, 0.916596852547, 1.97991446942e-118, 1.17299514781e-183, 0.270536680274
0.98059286197, 0.0237376740214, 0.991465825261, 0.312886222979, 0.654410759468, 0.287812654747, 0.513806940103, 0.523890233873, 0.356700187364, 0.44264850138, 0.338766421378, 0.636178486098, 0.365237342071, 0.414177134415, 0.892109186322, 4.84375265262e-51, 0.701918841076, 6.23715418849e-163, 0.255396692698
0.996394219964, 0.999712907249, 0.0165482180146, 0.013518339943, 0.443826059592, 0.873236411575, 0.518410153798, 0.527244134657, 0.610365837289, 0.349203997976, 0.0640109807678, 0.557532704213, 0.570969103986, 0.504014235244, 0.0280560707712, 5.45108634775e-189, 3.30575080999e-180, 0.63060325007, 1.22369816233
0.998207345737, 0.193065986247, 0.0873893712402, 0.999746393081, 0.617962838977, 0.355329361005, 0.495172430848, 0.285779067773, 0.449895278327, 0.636685844914, 0.276757453479, 0.404222208266, 0.360503339156, 0.321943263391, 0.0121639149381, 0.309036128523, 6.79714846701e-107, 1.80734924139e-72, 1.1720064314
0.983056746136, 0.0229160646344, 0.722481128856, 0.998642349809, 0.208989613856, 0.608183671775, 0.320253484023, 0.567332908493, 0.482495739654, 0.61016851686, 0.692662894563, 0.556039927425, 0.426547715601, 0.499021845745, 0.226659035124, 1.12077668027, 1.37086266582e-14, 1.85501324443e-164, 0.334302713038
0.0193271721129, 0.981756315584, 0.0395332331509, 0.997876341861, 0.848635021102, 0.59294455635, 0.42550304254, 0.540429158152, 0.697727758301, 0.611318725915, 0.449103915474, 0.451883708862, 0.359502222778, 0.441844073662, 0.349442531162, 1.12634399607, 9.20406093357e-141, 0.300079684746, 7.91044238221e-172
0.0193650894963, 0.992316327808, 0.0308375051251, 0.994941452606, 0.848635021102, 0.150965505223, 0.42550304254, 0.284583057527, 0.697727758301, 0.0663994512003, 0.448812555472, 0.451883708862, 0.454313904885, 0.440048959619, 0.670447940251, 0.92958091677, 1.45639240691e-151, 1.01814308141, 1.2123457639e-171
0.913284761729, 0.760401141294, 0.99054013901, 0.0193996596452, 0.432007860859, 0.596385223933, 0.618477340251, 0.537700738346, 0.585300204082, 0.370671277768, 0.374795813846, 0.286217157613, 0.525575795499, 0.594177281732, 0.923313911215, 8.72730820751e-172, 0.641473203408, 2.24527120735e-12, 0.00020305512428
0.992410844035, 0.992316327808, 0.0310487986472, 0.999728035736, 0.453621672647, 0.53671129906, 0.423829405447, 0.284641088035, 0.449587257785, 0.61919661077, 0.629480703259, 0.404235113085, 0.497889261401, 0.458429668985, 0.0257488974298, 0.610525208122, 1.53705523488e-151, 0.542829269199, 0.736307091849
0.975240235069, 0.999664444969, 0.0249747122489, 0.123698567527, 0.845854711585, 0.455036233042, 0.413937913899, 0.846887665232, 0.419196089101, 0.448145777626, 0.621771343981, 0.56170432876, 0.548380246423, 0.488648596247, 0.0657708628671, 1.78082176217e-92, 5.81035581077e-162, 1.2675206189, 0.163381003918
0.0630097128084, 0.0182085515744, 0.982942868958, 0.0320659927248, 0.896587395245, 0.46514414755, 0.425619555832, 0.826664570896, 0.470986840187, 0.348228280816, 0.829387588027, 0.696499082765, 0.454335993349, 0.413685598761, 1.39427532401, 8.80921862192e-150, 0.402675686847, 2.42887255654e-174, 1.98890795358e-120
0.00647981077451, 0.015029129789, 0.0228383655677, 0.0354452105321, 0.681436656353, 0.455657631778, 0.413969204856, 0.846887665232, 0.42002497341, 0.448145777626, 0.662460461748, 0.404877891946, 0.547971905396, 0.410336794302, 1.21748513238, 1.7271878276e-145, 1.4063246032e-164, 9.43989229649e-183, 2.74041230259e-219
0.982439242298, 0.998683598227, 0.0335949360476, 0.968787828626, 0.49489692367, 0.47973662737, 0.319533407786, 0.566963387772, 0.357475661829, 0.446275146695, 0.63123513765, 0.556517396779, 0.615588079531, 0.541707902721, 0.203257857462, 0.0134172722041, 1.35672942783e-148, 1.03752412484, 0.289337915859
0.998681108218, 0.55640529208, 0.0810558480544, 0.0069514587758, 0.431588645034, 0.445225603524, 0.423442802615, 0.391172738851, 0.579374845279, 0.615313550125, 0.534908771652, 0.286180449871, 0.736411383157, 0.44690360213, 0.222062050651, 5.62586600748e-217, 2.63651121026e-110, 1.20703377619e-26, 1.12899788627
0.988687683508, 0.986035868406, 0.722481128856, 0.00423632761947, 0.208989613856, 0.608487576991, 0.513076137141, 0.566963387772, 0.684725024605, 0.565766780043, 0.631440904975, 0.556041958333, 0.616095154153, 0.541707902721, 0.954006258556, 7.49247016251e-238, 1.14372571353e-14, 0.386515901387, 0.567064001193
0.995875146877, 0.992316327808, 0.0308375051251, 0.999831683168, 0.848635021102, 0.452575101078, 0.425494251817, 0.283947822044, 0.697727758301, 0.457260725816, 0.448812555472, 0.451883708862, 0.454313904885, 0.440353809003, 0.012200691551, 0.465212164481, 5.91348787945e-152, 0.413403471681, 1.05799434493
0.0104427383625, 0.99689661795, 0.0229386223757, 0.127408093377, 0.37816220925, 0.583331839216, 0.663476707503, 0.858529623623, 0.489203302646, 0.6104711319, 0.630452146228, 0.55556319456, 0.463865826879, 0.409609681583, 0.496648670461, 2.58149222759e-90, 8.89001201096e-165, 1.11319337929, 1.45729826095e-198
0.988037598468, 0.00452539623006, 0.091334778158, 0.989039020846, 0.518936883112, 0.626117146967, 0.507188721303, 0.55638914534, 0.605622168995, 0.0529394662685, 0.942653583058, 0.695236285737, 0.562773898382, 0.31990221129, 1.15927374934, 0.666452493732, 2.43181489432e-104, 7.7263390207e-235, 0.681744845534
0.0242143835334, 0.998677404162, 0.722481128856, 0.000380825768984, 0.208989613856, 0.608487576991, 0.358313140109, 0.567635095824, 0.684725024605, 0.566810348936, 0.631440904975, 0.452641857751, 0.616095154153, 0.541707902721, 0.231113533124, 0.0, 2.77074168232e-15, 1.1718576873, 4.79316532688e-162
0.980819876956, 0.718639345312, 0.21373979963, 0.0130411011573, 0.888432176728, 0.452803501479, 0.665576818499, 0.833372838894, 0.571791829443, 0.353889685106, 0.630789249922, 0.556039927425, 0.616095154153, 0.445519186681, 1.32025336876, 7.05023393449e-189, 2.01983993238e-67, 9.28701750144e-15, 0.304242017923
0.987918249165, 0.929999452517, 0.999311021006, 0.994941452606, 0.861271920879, 0.528516716783, 0.422678134936, 0.525438503158, 0.353068651193, 0.217633531055, 0.662134615133, 0.366750323297, 0.559145916242, 0.551751970092, 0.0703758825847, 0.0975766700499, 1.14580342727, 0.0012760871844, 0.579187311999
0.98613040694, 0.0182085515744, 0.994947280521, 0.00603698727108, 0.456154832552, 0.586967775599, 0.505792267635, 0.840806522351, 0.00255493993472, 0.349792904612, 0.817698099752, 0.696028587656, 0.615649484542, 0.433583057845, 0.839961609331, 1.59369543599e-222, 1.16597443774, 2.40504561323e-174, 0.588422741783
0.990044615682, 0.995644715267, 0.390424467654, 0.0340038502612, 0.412758951469, 0.401157715263, 0.506395246821, 0.542319285015, 0.304638000714, 0.376327023402, 0.809704764027, 0.556453403612, 0.566020495196, 0.43831510036, 0.52139721575, 1.16438899079e-147, 1.16678615039e-41, 0.839869662841, 0.644225346092
0.996394219964, 0.0258942121293, 0.0104844490174, 0.964797472071, 0.198678602611, 0.873236411575, 0.321987106768, 0.527244134657, 0.61227185917, 0.350801812646, 0.070736342932, 0.557532704213, 0.568599068538, 0.504014235244, 0.682281582691, 0.0297834390103, 1.21634881999e-198, 2.24267874477e-159, 1.32393218607
0.00534540835624, 0.00888701188443, 0.203934707479, 0.992278282954, 0.845823429841, 0.448373367771, 0.657232426968, 0.833437692625, 0.505318087434, 0.620470881443, 0.538867096922, 0.240336122431, 0.616542870435, 0.457210986133, 1.01705686369, 0.89843579663, 1.89596782036e-69, 1.60063617316e-205, 1.3390764012e-227
0.0251384742333, 0.954653870193, 0.102195049071, 0.999288045263, 0.816833273666, 0.431574712055, 0.497645844016, 0.537614606892, 0.454472955698, 0.566298089066, 0.86924325831, 0.22510899143, 0.360503339156, 0.321810081836, 0.148285858734, 1.36789844689, 1.89538005468e-99, 0.0208611228913, 2.33696415616e-160
0.987022384099, 0.995975138274, 0.00343025941099, 0.163876617074, 0.193122393155, 0.457162058155, 0.320112251053, 0.847002668225, 0.136664938844, 0.35182118582, 0.640993988178, 0.556603850133, 0.626591716634, 0.450179757619, 0.655209172932, 2.91205024137e-79, 3.50910445824e-247, 1.14083235022, 0.596086606312
0.365997265031, 0.995083818908, 0.138438701923, 0.995873218207, 0.463669980917, 0.438446659512, 0.844522283108, 0.531928931796, 0.796053268578, 0.451770910207, 0.377267307348, 0.46746013598, 0.548217992228, 0.457281719229, 0.359526880337, 0.610792544663, 1.48718512082e-86, 1.01146877875, 4.32110893314e-44
0.988437862209, 0.999977408237, 0.15982728519, 0.125226526125, 0.379153365365, 0.451176173757, 0.413999998225, 0.858529623623, 0.447483741653, 0.610408126773, 0.62992289903, 0.555338460616, 0.497972196933, 0.410299440282, 0.00373829483301, 3.45483044306e-93, 1.36108638988e-82, 1.05459891028, 0.563832142604
0.986963203417, 0.995083818908, 0.138438701923, 0.995873218207, 0.656044146242, 0.438446659512, 0.844522283108, 0.536386707556, 0.808431266117, 0.451770910207, 0.378863754707, 0.401676989703, 0.548217992228, 0.41082286017, 0.339845589087, 0.577356418959, 1.40577334021e-86, 0.956098755777, 0.525391558597
0.0110194271875, 0.247130793358, 0.225088637684, 0.999892869448, 0.831619239221, 0.808464121939, 0.109637916331, 0.537614606892, 0.454472955698, 0.0660555328391, 0.869145912117, 0.22510899143, 0.359179087572, 0.319543239416, 0.0303554155189, 1.81327423744, 4.89780491365e-65, 5.58895423225e-61, 4.68323740061e-196
0.89356172717, 0.994076687186, 0.0185332413938, 0.997164754683, 0.597107311553, 0.8793512069, 0.425815664524, 0.897159642103, 0.770128044108, 0.6041366792, 0.534171682355, 0.615828145371, 0.512271502657, 0.475381178369, 0.346764855207, 0.847772076419, 8.97696674111e-174, 1.07950416479, 2.88108670983e-05
0.995678661136, 0.0965078222567, 0.995047441321, 0.387626181301, 0.200128260889, 0.52726277617, 0.512141800619, 0.826755197605, 0.00248150012668, 0.34639365259, 0.629186869606, 0.397410504763, 0.694652293286, 0.434272003657, 0.465253985359, 5.07131113467e-42, 0.659048612697, 3.62324193303e-102, 1.30958949644
0.97854732635, 0.0199461248384, 0.390952124357, 0.986885088346, 0.389294239786, 0.437478442521, 0.50208044058, 0.539050868921, 0.362155634806, 0.617330582758, 0.8647737129, 0.613638349422, 0.815447829275, 0.581944832172, 1.17054805763, 0.5220959675, 3.28295999311e-41, 1.94877250083e-170, 0.232699945923
0.98049160021, 0.982683770879, 0.679418799131, 0.988415543582, 0.781205086565, 0.400857623649, 0.615124626581, 0.566005775276, 0.421262062973, 0.385221512842, 0.81013613105, 0.556444469418, 0.42510749088, 0.41481546007, 1.02667978474, 0.54744096269, 2.98983439222e-17, 0.326828073774, 0.269025929354
0.988152826408, 0.247368048675, 0.139326763365, 0.999892869448, 0.831619239221, 0.437763550396, 0.10118356827, 0.537736480004, 0.454358730551, 0.452276570435, 0.568341287759, 0.226951078611, 0.359179087572, 0.410402273722, 0.0206061191367, 1.23090210842, 4.89619913797e-86, 4.17603914543e-61, 0.636246506625
0.993490756753, 0.0280768217513, 0.050923569905, 0.0123038221807, 0.163656940261, 0.440566422487, 0.480342817175, 0.070052167769, 0.361963033317, 0.616612976127, 0.693218706662, 0.924511288557, 0.51414725362, 0.54713780866, 1.06333134559, 1.68574967858e-191, 8.21623100939e-130, 1.14178143553e-155, 1.13395547481
0.0105209837145, 0.999977408237, 0.0958022772579, 0.127408093377, 0.378349998869, 0.617101370474, 0.413999998225, 0.858529623623, 0.490231184297, 0.6104711319, 0.62992289903, 0.553276811285, 0.496542409967, 0.409609681583, 0.00427016587079, 2.21955693462e-92, 9.20763038476e-105, 1.20464342039, 3.03819716209e-198
0.998545175532, 0.999712480931, 0.0308407930951, 0.125150966263, 0.411703006025, 0.58269175777, 0.425037736186, 0.520145470414, 0.422191314333, 0.380587985619, 0.525260889276, 0.168491008355, 0.570458856006, 0.411496678495, 0.0109465183123, 9.52393866851e-93, 1.4058845536e-153, 0.245679670772, 1.13803835574
0.0109150903775, 0.975797934755, 0.976591469593, 0.99291848631, 0.845511058261, 0.447979640108, 0.460009054953, 0.542744163847, 0.357266984953, 0.63448639262, 0.886757071372, 0.223378447564, 0.359914568541, 0.457322087108, 0.991521071463, 0.964828885962, 0.204894342678, 0.190749836047, 1.40779407267e-196
0.985299649627, 0.985946958201, 0.38170245245, 0.0277202778408, 0.618476129064, 0.501355264381, 0.425416408957, 0.0705009991174, 0.778343923326, 0.606372662601, 0.64448268969, 0.556236457334, 0.637292430453, 0.458141697921, 1.16298258688, 3.47897236822e-156, 2.71761618596e-42, 0.466510877029, 0.467702585358
0.0630097128084, 0.0182085515744, 0.99778750974, 0.0320659927248, 0.196984159746, 0.454962498286, 0.44784208282, 0.826664570896, 0.474202886691, 0.355869235304, 0.829387588027, 0.698019671452, 0.468099655161, 0.413685598761, 0.423993869054, 2.67885016863e-150, 1.31418881243, 2.31110504511e-174, 1.89247278265e-120
0.37267918089, 0.993331156873, 0.0301422592849, 0.033852364364, 0.458210697109, 0.781707714178, 0.421924773015, 0.909721853811, 0.359875575552, 0.565320982513, 0.557903632298, 0.46845268911, 0.54587904885, 0.460030468826, 0.892516274221, 1.27537144436e-147, 1.15962122124e-152, 0.927280641787, 2.74928817295e-43
0.999969397243, 0.985946958201, 0.393561914173, 0.0158035532985, 0.618476129064, 0.445210320572, 0.50706211689, 0.539385796567, 0.653480260073, 0.617348735382, 0.644590863782, 0.556236457334, 0.63573671473, 0.458141697921, 0.00490115704197, 5.77953690926e-183, 2.44188335302e-43, 0.00196601659896, 1.10019948939
0.994044492788, 0.986862858726, 0.01699106026, 0.415982897515, 0.46075103447, 0.877996676351, 0.410221614716, 0.572309762203, 0.56025710253, 0.349846994283, 0.0696952718881, 0.795422504835, 0.512271502657, 0.504014235244, 0.86380110107, 1.09668321365e-38, 1.4275181705e-177, 0.384301350155, 1.10793778645
0.947753526187, 0.985259557657, 0.416586380719, 0.98711286641, 0.389294239786, 0.437381689497, 0.50208044058, 0.542319231412, 0.362817789964, 0.463208913528, 0.8647737129, 0.61285584947, 0.815447829275, 0.581937968925, 1.09957372187, 0.503409261407, 1.77489265438e-38, 0.44938320381, 0.00946893514474
0.953592103146, 0.981053159038, 0.0810847919199, 0.99927379043, 0.459576140087, 0.445225603524, 0.425632863492, 0.391172738851, 0.697307876072, 0.675748149382, 0.540301318773, 0.283295504035, 0.348110196459, 0.457952515455, 0.124558615996, 1.1270808549, 1.39524878103e-109, 0.267825571619, 0.0158048393418
0.988494059757, 0.771067332504, 0.0252134061263, 0.0417314478866, 0.470496586126, 0.590032593129, 0.423852833819, 0.537659405711, 0.449844745988, 0.617430825221, 0.650851709908, 0.55409057363, 0.472607531422, 0.458384349075, 0.933968148442, 1.63228969631e-138, 2.13601290415e-160, 7.51073322138e-12, 0.502701620458
0.98049160021, 0.992394660534, 0.0338574043311, 0.988415734703, 0.853087063014, 0.397571688676, 0.615124626581, 0.282109641705, 0.421262062973, 0.380369266523, 0.814411786307, 0.556444469418, 0.453891019418, 0.414899660763, 0.850632066106, 0.453580043571, 1.39818978799e-147, 0.866334112468, 0.288513458827
0.37267918089, 0.993331156873, 0.989841728857, 0.033852364364, 0.458210697109, 0.781707714178, 0.421924773015, 0.909721853811, 0.358180707375, 0.565320982513, 0.634482878641, 0.46845268911, 0.562384379435, 0.460030468826, 0.763356247184, 1.09080673109e-147, 0.484821924763, 0.939527128491, 2.78559769947e-43
0.987923733105, 0.992628003086, 0.948682214426, 0.997821174685, 0.43196597352, 0.58558864219, 0.506375058327, 0.532624130838, 0.58630058529, 0.620400319636, 0.641021328927, 0.286290572114, 0.476054586119, 0.32348902985, 0.224346129138, 0.705629662404, 0.0059936631596, 0.689119539424, 0.508839356716
0.913928429958, 0.760401141294, 0.990024166439, 0.99353573788, 0.49708893113, 0.401280174278, 0.511413595051, 0.533309680586, 0.585314422222, 0.624091397445, 0.373989538599, 0.696290964374, 0.525575795499, 0.594177281732, 0.627002965042, 0.673638161983, 0.598173904754, 2.19200380477e-12, 0.000212708104677
0.98053358825, 0.992316327808, 0.0310487986472, 0.999728035736, 0.882901974217, 0.537196347532, 0.423829405447, 0.568996059714, 0.449587257785, 0.387374515156, 0.816646016654, 0.568528206679, 0.42497085622, 0.457523631445, 0.0395418664772, 0.937566601692, 2.36041302474e-151, 0.833607828885, 0.280647478716
0.98061676179, 0.982683770879, 0.679418799131, 0.994616815776, 0.769531407472, 0.523976973983, 0.615124626581, 0.658272213951, 0.421262062973, 0.39194100904, 0.81013613105, 0.695622438479, 0.425580031085, 0.426332103129, 0.729509445367, 0.949317218862, 3.07650466588e-17, 0.336302270295, 0.280499325382
0.986433840411, 0.991836048599, 0.085131462701, 0.9987876666, 0.56668469545, 0.5364095766, 0.320731973966, 0.55214394276, 0.363574770595, 0.446463352663, 0.622803692795, 0.400143437228, 0.50010519421, 0.54694804639, 0.137843334322, 0.759904158947, 1.23856355638e-107, 0.640017849372, 0.425009686096
0.978613767658, 0.251062704541, 0.393809812888, 0.999389205683, 0.459576140087, 0.445225603524, 0.443135604794, 0.53368689402, 0.652636875921, 0.617322988738, 0.861947445901, 0.593699340817, 0.348110196459, 0.579246440238, 0.111129529301, 1.19021215185, 6.34282128668e-41, 1.7858681962e-60, 0.218540045449
0.0251221463811, 0.930856695625, 0.948682214426, 0.997821174685, 0.855796449471, 0.590585109392, 0.497364730954, 0.541516908112, 0.58583443637, 0.610292422163, 0.639089304169, 0.653570625868, 0.360481824679, 0.320283531466, 0.37895556397, 1.1919184329, 0.0101242308553, 0.00151905614932, 1.99051483765e-160
0.622204997705, 0.976158831892, 0.995409375145, 0.305657445329, 0.653129715217, 0.287812654747, 0.422666134425, 0.523890233873, 0.356700187364, 0.44264850138, 0.634165035915, 0.636178486098, 0.362241068074, 0.414177134415, 0.629694184893, 3.30177486713e-52, 0.962594167275, 0.162870661974, 4.5141565544e-21
0.992688261259, 0.913328657632, 0.085131462701, 0.992879967574, 0.344694522637, 0.429205110231, 0.515711360235, 0.543882695088, 0.446981066862, 0.445051957249, 0.648380163306, 0.558219519297, 0.355061788094, 0.415024083044, 0.571474644309, 0.552775309306, 1.27507977951e-107, 0.000144290023717, 0.746747990888
0.986963203417, 0.00724381295009, 0.119449659836, 0.995873218207, 0.656044146242, 0.45545761315, 0.844522283108, 0.536386707556, 0.446775774416, 0.451770910207, 0.378863754707, 0.401917510255, 0.552311936255, 0.41082286017, 0.548853881462, 0.932436146617, 8.88853714119e-93, 1.68679110311e-214, 0.486922868283
0.974975686073, 0.0306390304225, 0.0128190696565, 0.997108383543, 0.848635021102, 0.151010823576, 0.424843184399, 0.469278281837, 0.411378721038, 0.565727759867, 0.539952186643, 0.581105662134, 0.45481628839, 0.456702492601, 0.486442818893, 1.16699465456, 1.21234818267e-189, 8.42322514441e-152, 0.15834728968
0.99507683414, 0.997247293499, 0.942675351097, 0.00480590227603, 0.418186405809, 0.812158757219, 0.231920659972, 0.573847898668, 0.710386903373, 0.602926865759, 0.525135874758, 0.85713299911, 0.686651169351, 0.439421800734, 0.297749626706, 7.03824948625e-233, 0.0012769941366, 0.748867466788, 1.14845227455
0.987991610735, 0.00956509358884, 0.998727831312, 0.309442424801, 0.499139342938, 0.529378748707, 0.507188721303, 0.90309583786, 0.64009930299, 0.644000972201, 0.971956377573, 0.55368540168, 0.563055014061, 0.557034526284, 0.239160287926, 4.29333227147e-52, 1.25878521369, 2.35881648138e-202, 0.649721702777
0.988354166925, 0.998137543601, 0.0146567471649, 0.99030006062, 0.681480610365, 0.455657631778, 0.413969204856, 0.848911102963, 0.744189309757, 0.362833377951, 0.625157703927, 0.404877891946, 0.548380246423, 0.410336794302, 0.247245115737, 0.166496035895, 1.88022940808e-184, 1.08909274114, 0.597687625055
0.889541932662, 0.988349631261, 0.0245100480965, 0.420410469681, 0.84934839172, 0.455574685284, 0.415538943979, 0.569701612349, 0.701069665005, 0.603026276505, 0.694193013924, 0.404235113085, 0.558126385572, 0.414813099584, 1.10010532594, 4.02630284082e-38, 1.48583468399e-161, 0.582000302194, 1.61354828658e-05
0.00977871249338, 0.256572122664, 0.937451624501, 0.995359117447, 0.451223013628, 0.124699502609, 0.507397302247, 0.537400032393, 0.449990238163, 0.566298089066, 0.452523828041, 0.451893059014, 0.545670080481, 0.45652832607, 0.639930818229, 0.967660380519, 0.00285436961955, 1.51904545121e-59, 1.94442770028e-201
0.980830494543, 0.990116261409, 0.21373979963, 0.00978063968518, 0.647961760883, 0.455223872452, 0.66517247842, 0.833372838894, 0.354757930639, 0.374592341407, 0.630790756721, 0.556039927425, 0.616095154153, 0.460675035698, 1.00495381635, 1.71787665359e-201, 1.53746689575e-67, 0.660935921457, 0.277490452666
0.0212285214548, 0.734160124245, 0.0237238724419, 0.984882518075, 0.398702485596, 0.58278055429, 0.661485581258, 0.514029272858, 0.573764050311, 0.607243997511, 0.8647737129, 0.219662972383, 0.550262481576, 0.410486032698, 1.20806040178, 0.430631551465, 6.6487730726e-163, 7.64297965915e-14, 9.91192914626e-168
0.991829844065, 0.985955104298, 0.0240737293021, 0.999728035736, 0.883579967468, 0.537196347532, 0.425407196899, 0.284641088035, 0.449587257785, 0.61919661077, 0.629472484613, 0.557328369919, 0.495625041957, 0.457381117287, 0.037320608756, 0.884898954999, 1.98489135598e-162, 0.355602113327, 0.790230955005
0.993385063552, 0.999977408237, 0.017560504115, 0.125444309661, 0.463442462896, 0.462146462234, 0.410211886018, 0.860336762263, 0.608111915381, 0.340518379687, 0.996153526746, 0.497800123557, 0.48934561644, 0.409981607119, 0.00350451650145, 3.85340425029e-93, 1.56475340158e-178, 0.988648420897, 1.03620455695
0.00010734798548, 0.994000568985, 0.0130618895615, 0.999433811361, 0.848635021102, 0.148661387134, 0.42382089148, 0.895711646298, 0.697727758301, 0.452784385122, 0.626893577959, 0.451883708862, 0.453967103097, 0.413943756662, 0.0831672319334, 0.959187510732, 6.02907280516e-189, 1.11960656837, 0.0
0.98811854199, 0.760401141294, 0.987734385001, 0.0420176163639, 0.656130181552, 0.521662044741, 0.643222530262, 0.537608982695, 0.585314422222, 0.449975309059, 0.378632169032, 0.694617841166, 0.525454485928, 0.32254635187, 0.910520428861, 3.15174243869e-138, 0.447982163346, 2.02655650077e-12, 0.522327173651
0.99556457046, 0.0182085515744, 0.994947280521, 0.00636716947392, 0.200128260889, 0.586967775599, 0.505746747319, 0.838786344394, 0.00255493993472, 0.34639365259, 0.827411990034, 0.381793512337, 0.619185131894, 0.433583057845, 0.506945357647, 1.9757044761e-220, 0.703705171499, 1.45152670671e-174, 1.37198978176
0.992410844035, 0.992316327808, 0.00526916670906, 0.997802258534, 0.456061579444, 0.455615373043, 0.423829405447, 0.276536626838, 0.585419745627, 0.215797216837, 0.629480703259, 0.404235113085, 0.458914794972, 0.441131946112, 0.199885877976, 0.623526247, 1.53606811016e-228, 0.581661639505, 0.788980282615
0.952598051116, 0.981053159038, 0.0810847919199, 0.99927379043, 0.459496951049, 0.445225603524, 0.438821622841, 0.391172738851, 0.822925539832, 0.376083529967, 0.540301318773, 0.282643647229, 0.348110196459, 0.457436956458, 0.129730668674, 1.17388068089, 1.45318375515e-109, 0.278946504152, 0.0148305830617
0.909113201851, 0.997001576741, 0.671236438977, 0.0980521373806, 0.803115435917, 0.455617489398, 0.499657825972, 0.901819074679, 0.344115353335, 0.451430049613, 0.627935576123, 0.614276991606, 0.637154248827, 0.352371495971, 0.53577109092, 1.17707912273e-101, 4.0987518495e-18, 1.24130974316, 0.000154487238162
0.0105222474317, 0.989512028713, 0.0958022772579, 0.127408093377, 0.378349998869, 0.61754983399, 0.411343300331, 0.855401746853, 0.454803795302, 0.622090225682, 0.595213819695, 0.553276811285, 0.49624219127, 0.318802523579, 1.04562728578, 5.43498628253e-90, 2.25465470406e-102, 0.637205542083, 3.12553886662e-198
0.0193271721129, 0.998863481354, 0.0389779125898, 0.403666168444, 0.848635021102, 0.59294455635, 0.438723865332, 0.540429158152, 0.67213913387, 0.611318725915, 0.449103915474, 0.451883708862, 0.36053235819, 0.438667369024, 0.20261140738, 1.27355882638e-40, 3.84274445397e-142, 1.1885710421, 7.83784248447e-172
0.00536798081402, 0.999542935804, 0.388595413114, 0.986132891745, 0.848635021102, 0.463007572933, 0.425475695577, 0.284583057527, 0.422129462961, 0.449100230493, 0.448812555472, 0.566247552446, 0.636408412519, 0.439308303035, 0.0787176118549, 0.0322417986052, 1.19024409255e-42, 1.20984059736, 1.82395603024e-227
0.944216085418, 0.025635574916, 0.686077694426, 0.986587134485, 0.387649504276, 0.455615373043, 0.502053149704, 0.534853663892, 0.44005872232, 0.448891123174, 0.629480703259, 0.614229899299, 0.364200535598, 0.414740166888, 0.989478833204, 0.426611026194, 7.34307889562e-17, 1.29674434905e-159, 0.00544115835237
0.97854732635, 0.0259081579155, 0.0600062458757, 0.995520861955, 0.389294239786, 0.437478442521, 0.50208044058, 0.542319231412, 0.362155634806, 0.602884898593, 0.8647737129, 0.640948129088, 0.664405354923, 0.578122226175, 0.653073278737, 1.02309109659, 1.25863386668e-122, 4.20636780716e-159, 0.220364747916
0.99556457046, 0.994919282387, 0.0075719364242, 0.00521616638673, 0.192934341506, 0.586967775599, 0.319669210127, 0.838786344394, 0.127854072845, 0.346177298368, 0.642040772691, 0.381793512337, 0.571180152672, 0.433583057845, 0.456087817243, 3.8932470923e-229, 5.9684867681e-213, 0.629570790137, 1.22981333726
0.994044492788, 0.56869435998, 0.0139713626354, 0.423655232655, 0.46075103447, 0.880952844877, 0.423308749343, 0.583334127318, 0.56025710253, 0.612053427699, 0.0696952718881, 0.286629699976, 0.728676392653, 0.504014235244, 0.946849772544, 7.47581318462e-38, 4.96909699908e-186, 4.57396747952e-25, 1.10960036833
0.998656551765, 0.999712480931, 0.0308407930951, 0.0221953860535, 0.411703006025, 0.58269175777, 0.425037736186, 0.520145470414, 0.422191314333, 0.380587985619, 0.525842393586, 0.168491008355, 0.338120791248, 0.409372581195, 0.0103629386705, 6.88451156676e-168, 1.33093418301e-153, 0.232582021805, 1.16288113775
0.0097808382115, 0.992407618724, 0.388595413114, 0.994941452606, 0.848635021102, 0.141470372472, 0.42550304254, 0.284583057527, 0.77740131095, 0.0721068845559, 0.448812555472, 0.451883708862, 0.454313904885, 0.440048959619, 0.683674258853, 0.947919303142, 1.63533263915e-41, 1.05234924186, 2.69385742365e-201
0.988354166925, 0.936092018442, 0.0228383655677, 0.992882882657, 0.680889808032, 0.455657631778, 0.413969204856, 0.846887665232, 0.419250081512, 0.448145777626, 0.625157703927, 0.404877891946, 0.548380246423, 0.410336794302, 0.766414607803, 0.741671563363, 1.23194555052e-164, 0.00226957408454, 0.56453929324
0.96661729981, 0.718639345312, 0.0264679813102, 0.992238674016, 0.845794143968, 0.448373367771, 0.662115516509, 0.829301311946, 0.421950344407, 0.617475031318, 0.370469761396, 0.241235741128, 0.616095154153, 0.457210986133, 1.03236839601, 0.906677009504, 4.0381763925e-158, 9.66501333973e-15, 0.0724371894224
0.98049160021, 0.982683770879, 0.679418799131, 0.991205434933, 0.781205086565, 0.285675593062, 0.615124626581, 0.564247345869, 0.363976678524, 0.385221512842, 0.813453593048, 0.556444469418, 0.470305619942, 0.409469974534, 0.961476791265, 0.729952504915, 3.10202698154e-17, 0.339092193806, 0.279121042211
0.913928429958, 0.760401141294, 0.990024166439, 0.0193996596452, 0.654829374174, 0.596452310459, 0.643222530262, 0.530494288355, 0.585314422222, 0.368438559508, 0.374795813846, 0.696290964374, 0.525575795499, 0.594177281732, 0.958374752186, 9.05870878694e-172, 0.622933020737, 2.2827334003e-12, 0.000221512341359
0.992410844035, 0.998401915446, 0.370243868163, 0.973214231762, 0.419839295313, 0.450684709326, 0.511082881504, 0.537822096561, 0.664020767252, 0.575229498748, 0.630054380926, 0.690878282626, 0.523531630514, 0.322461059481, 0.191857824566, 0.0200222904483, 2.13913909578e-44, 0.81588522979, 0.755247078161
0.975240235069, 0.999664444969, 0.0249747122489, 0.11913829761, 0.845894770883, 0.455036233042, 0.382243673921, 0.846887665232, 0.352019368006, 0.448145777626, 0.661691548388, 0.56170432876, 0.558843239027, 0.488748681235, 0.0675333254161, 4.27343420182e-94, 5.96605598052e-162, 1.30148638312, 0.16775912651
