0.0189056486466, 0.265073465092, 0.225088637684, 0.995449396947, 0.855078577268, 0.250084983976, 0.89393421673, 0.540287886483, 0.359341014651, 0.0708138892436, 0.886277735825, 0.223378447564, 0.548033889025, 0.328211710982, 0.983102377037, 1.51602242006, 4.87984900294e-65, 6.16133250646e-58, 1.29481392731e-172
0.999587405838, 0.0483898436198, 0.352504878637, 0.588388677286, 0.596005172694, 0.521599875672, 0.491945040694, 0.543038795799, 0.108234747359, 0.610327799683, 0.995758359501, 0.924650242672, 0.33268237578, 0.858903086466, 0.11170260669, 1.62410408894e-24, 9.13474401771e-47, 5.24330409566e-133, 1.7566158147
0.957077234077, 0.0225406936223, 0.943079981886, 0.159315639236, 0.776652114903, 0.457215516007, 0.677212279249, 0.334831725773, 0.63203584303, 0.779364576856, 0.64302728111, 0.670437872427, 0.455363194754, 0.4610657683, 1.28528570623, 3.39594462818e-80, 0.00575406951281, 3.99808027253e-165, 0.0251117939953
0.00327216905847, 0.850746032363, 0.924858444618, 0.0381502590956, 0.649517752044, 0.447475334231, 0.648527595322, 0.336426997144, 0.606499768795, 0.00866097593488, 0.790740793133, 0.94078373426, 0.465509938779, 0.458269134246, 1.60843842292, 3.56675677826e-142, 0.00102341318547, 2.41277952493e-07, 7.69303607512e-249
0.122845367179, 0.980109006723, 0.0250813328527, 0.315241469323, 0.814674449023, 0.847139732526, 0.506263795596, 0.854111929484, 0.134677555976, 0.622330368567, 0.375835121279, 0.818169720568, 0.633329396322, 0.320245995362, 1.62342675531, 1.86589363086e-50, 2.19590601058e-160, 0.347121526618, 2.24977129467e-91
0.0464104072895, 0.999474861474, 0.710011136173, 0.388269568067, 0.85112476497, 0.00974424263251, 0.920425924992, 0.275160871135, 0.421987084796, 0.220402491092, 0.352819936831, 0.643550536821, 0.965042166497, 0.864560558935, 0.165939684409, 2.13503695122e-42, 3.48807796324e-16, 2.05997526486, 1.48910172819e-133
0.383794475822, 0.992026766442, 0.745083820676, 0.246449958725, 0.416583177875, 0.454925037671, 0.674879735416, 0.322694159531, 0.562884605865, 0.706687005697, 0.524475622337, 0.669925909094, 0.455830101684, 0.565342109775, 0.878099122348, 2.05370658521e-61, 2.29179997127e-13, 0.747813258051, 4.65547280297e-42
0.372364208228, 0.995825657262, 0.0656871346, 0.0503884572058, 0.878880605806, 0.870616376424, 0.572409101808, 0.342456075259, 0.104730632209, 0.0185102889714, 0.811092804847, 0.544764312013, 0.760370353422, 0.458443948684, 0.955197504965, 2.56636952273e-130, 8.39933315905e-119, 1.60454544919, 3.66553068633e-43
0.0189497441111, 0.694161981146, 0.22530422932, 0.996371726034, 0.590653690041, 0.253024504869, 0.892377177201, 0.540287886483, 0.359341014651, 0.0708138892436, 0.886991592754, 0.223530952509, 0.548033889025, 0.816738063238, 0.80960713215, 1.56004310063, 5.22368743412e-65, 3.86478336502e-16, 1.58992905114e-172
0.623117038683, 0.985451130759, 0.0810558480544, 0.418491902379, 0.459108924809, 0.81604996037, 0.423550468613, 0.382971486788, 0.695058981526, 0.603125940645, 0.600110642013, 0.291225691679, 0.666703119418, 0.455245305645, 1.17162496797, 2.71402845653e-38, 1.39105369568e-109, 0.444709519554, 5.63764353431e-21
0.370882171426, 0.998187746072, 0.125521924729, 0.0503884572058, 0.857719666353, 0.870616376424, 0.0653264587496, 0.919846326319, 0.104730632209, 0.401973460674, 0.312643833664, 0.602336537511, 0.514434110641, 0.585381063352, 0.4764932713, 1.28021461833e-130, 5.57359811814e-91, 1.78701652969, 2.43645680577e-43
0.990770442475, 0.0521317314687, 0.351531240331, 0.252728320559, 0.89568691826, 0.316565220758, 0.492064595384, 0.51716376354, 0.108252006349, 0.401608068301, 0.542677251449, 0.92325001934, 0.336444775486, 0.564838450422, 1.27289513219, 3.68386444404e-60, 7.89414599416e-46, 1.02595297751e-128, 0.911569819402
0.0113735791009, 0.0483898436198, 0.122430359368, 0.0277963772342, 0.596005172694, 0.097227037115, 0.496278233798, 0.0727066892047, 0.112033530994, 0.564492969943, 0.998464832808, 0.609814540099, 0.33268237578, 0.841826424977, 1.914080717, 7.53181815228e-156, 1.84923690639e-91, 8.98466701922e-132, 1.16894846288e-194
0.346903668498, 0.0255562700179, 0.943079981886, 0.159315639236, 0.421451365207, 0.457215516007, 0.677212279249, 0.336415585751, 0.908764164005, 0.779364576856, 0.64302728111, 0.690617971069, 0.455363194754, 0.4610657683, 1.37158374911, 3.623958815e-80, 0.00614041547086, 1.21085842396e-159, 2.26066292562e-46
0.0194997526503, 0.999159887314, 0.125847828438, 0.316016222225, 0.0139585749899, 0.703753124033, 0.122560116531, 0.456933338358, 0.837869944716, 0.35936954146, 0.664312708823, 0.889333300256, 0.840025021839, 0.317372519655, 0.237866354917, 3.49454469917e-51, 3.60599810772e-91, 1.86846913649, 2.97856496397e-171
0.046140496064, 0.998675574011, 0.718189365793, 0.652695214775, 0.208989613856, 0.411577382541, 0.36047443926, 0.569173695642, 0.00893134798819, 0.650118695641, 0.660838076116, 0.837161476117, 0.023875212343, 0.540133926906, 0.338714650515, 1.57397100292e-19, 2.23795260092e-15, 1.71516921226, 7.03008154396e-134
0.011063023865, 0.261636823829, 0.225088637684, 0.993292260479, 0.855075556806, 0.250084983976, 0.878626451234, 0.540287886483, 0.359341014651, 0.0708138892436, 0.8647737129, 0.223378447564, 0.359179087572, 0.328211710982, 1.24983317502, 1.29037061457, 4.85161130886e-65, 1.66117568134e-58, 6.88515397763e-196
0.999076636373, 0.766680332869, 0.389379529364, 0.0415149680636, 0.519375174651, 0.436968673629, 0.277028930979, 0.0857936865418, 0.673711597872, 0.61020502552, 0.370782060852, 0.930710153026, 0.479977093361, 0.571085406815, 0.203877482442, 2.11816582087e-139, 3.48980150094e-42, 9.26662125401e-13, 1.46146257014
0.13437728394, 0.749720868984, 0.120138733485, 0.151431714324, 0.471743852954, 0.606882123288, 0.479497597195, 0.91270807046, 0.565894136731, 0.525536356158, 0.0674234627109, 0.608630932723, 0.808840871955, 0.43245398777, 1.48683292892, 2.45508165123e-82, 2.17113572631e-92, 7.21675625293e-13, 1.58842943936e-87
0.12032963616, 0.99003033881, 0.0215048013884, 0.315241469323, 0.812658381141, 0.59061802082, 0.504775280321, 0.853959366931, 0.133267087955, 0.363947393983, 0.642531407943, 0.555276401042, 0.635389908485, 0.311229630182, 1.22520206699, 1.40819210097e-50, 3.45041384576e-167, 0.796994442362, 2.50157431038e-92
0.622947030675, 0.985451130759, 0.0812313991246, 0.0343742231892, 0.649517752044, 0.447120778745, 0.423648700883, 0.276294129685, 0.899123889702, 0.198712339246, 0.320796879453, 0.56413776576, 0.971582090979, 0.305695623773, 1.52155211926, 1.00391272379e-146, 2.24284915833e-109, 0.577530123058, 7.12434834316e-21
0.346903668498, 0.0255562700179, 0.933223856834, 0.159315639236, 0.421451365207, 0.456887850461, 0.448023050027, 0.336415585751, 0.908764164005, 0.779364576856, 0.319807318201, 0.687688597879, 0.756741364096, 0.994629067156, 1.6608911367, 4.38835840647e-80, 0.00260042690933, 1.46625121286e-159, 2.73747920563e-46
0.0104062030797, 0.981287130019, 0.120138733485, 0.121215028929, 0.539677250628, 0.522821676331, 0.480029277932, 0.7631844781, 0.661623934612, 0.21659669762, 0.861217399044, 0.608630932723, 0.0609952548487, 0.394246189196, 1.48158362563, 5.27828691439e-92, 2.16347047374e-92, 0.3587019668, 1.2836450396e-198
0.370916401166, 0.99442387827, 0.745083820676, 0.246902368897, 0.412639771246, 0.313010155612, 0.566720591009, 0.883727423239, 0.562884605865, 0.70658915354, 0.524475622337, 0.474631359517, 0.759801628061, 0.565342109775, 0.81881818591, 2.30055719286e-61, 2.13707934239e-13, 1.0276039823, 1.74702250341e-43
0.0362060728876, 0.99442387827, 0.745083820676, 0.246902368897, 0.616113189417, 0.315443353894, 0.567157102873, 0.883727423239, 0.551163532734, 0.707542467569, 0.524475622337, 0.461940326027, 0.759801628061, 0.574888547658, 0.822685982557, 2.31142418085e-61, 2.14717412101e-13, 1.03245800644, 1.5663309064e-144
0.819627470669, 0.0474637588013, 0.366946672716, 0.0307622661866, 0.778999941262, 0.800106576533, 0.351226015342, 0.566372657157, 0.951716465072, 0.213786199431, 0.842034804286, 0.596703559849, 0.00655960926105, 0.401930092624, 1.85985056886, 1.85110267732e-151, 8.43127662202e-44, 1.26418538444e-132, 6.71813163932e-09
0.008892891188, 0.985451130759, 0.0810558480544, 0.0398532176736, 0.320368081474, 0.815368436411, 0.424427992747, 0.0767116206508, 0.60553051395, 0.199422527252, 0.820926926392, 0.946429316926, 0.635930381324, 0.458273840249, 1.62732213464, 2.84401927309e-140, 1.93209647398e-109, 0.617676871385, 2.19339917721e-205
0.00389584032426, 0.997760409969, 0.373767460841, 0.865309883516, 0.855021821969, 0.0142434935769, 0.912169238236, 0.540980393843, 0.66983856069, 0.24279132289, 0.312730948607, 0.401916649749, 0.217201908807, 0.28290290259, 0.55863515978, 4.57524722219e-07, 1.59733925508e-43, 1.71149741515, 3.24783617968e-241
0.814277711647, 0.0225463256471, 0.947474578183, 0.0148392719085, 0.148566023559, 0.512818880625, 0.374550723113, 0.321078935563, 0.967634872013, 0.361665862022, 0.352280047313, 0.653332476026, 0.968592459395, 0.348079743287, 1.69718673068, 3.69070027982e-183, 0.0120952117306, 5.4130006089e-165, 3.18504285909e-09
0.0104062030797, 0.990526615205, 0.120138733485, 0.121215028929, 0.539677250628, 0.590228393409, 0.480029277932, 0.7631844781, 0.560306394814, 0.51355573679, 0.856487697624, 0.608630932723, 0.0923870114003, 0.435036660719, 1.14421321505, 4.07637175235e-92, 1.67082806775e-92, 0.793538560301, 1.17254722759e-198
0.999076636373, 0.766680332869, 0.352106715803, 0.224061223619, 0.0238275755302, 0.521406405989, 0.618352131241, 0.547866660975, 0.119121764828, 0.61020502552, 0.109061519958, 0.930817754538, 0.5741155449, 0.070536600042, 0.266530115759, 4.55550472611e-66, 1.94669098907e-46, 1.21143031881e-12, 1.91057778098
0.999076636373, 0.613420506906, 0.389379529364, 0.0277202778408, 0.519375174651, 0.437454085563, 0.326104745643, 0.0857936865418, 0.792791557134, 0.61020502552, 0.521896475245, 0.930710153026, 0.5741155449, 0.457202460022, 0.206871029608, 6.18838668707e-157, 3.54104249758e-42, 1.93931611649e-22, 1.48292132607
0.756176444261, 0.0200773875892, 0.0250813328527, 0.315241469323, 0.814674449023, 0.847139732526, 0.677609840687, 0.854111929484, 0.134677555976, 0.623162334683, 0.375835121279, 0.892316730984, 0.633329396322, 0.460391967069, 1.71377082438, 1.96973103685e-50, 2.31810868074e-160, 5.02103125238e-170, 1.9605912951e-12
0.0206077827618, 0.0280911671867, 0.946691950061, 0.168410394858, 0.421451365207, 0.457215516007, 0.677212279249, 0.336415585751, 0.360791086269, 0.779364576856, 0.640594235169, 0.69837633449, 0.455363194754, 0.4610657683, 1.22618997447, 8.3477041576e-78, 0.0080454861756, 1.38568793465e-155, 4.873194468e-169
0.0238157387951, 0.998168719079, 0.125867554828, 0.833244226492, 0.857451993891, 0.59315537064, 0.111167299157, 0.765639957384, 0.59403334781, 0.356733380478, 0.335512519091, 0.613527410113, 0.511840736902, 0.586786665137, 0.37322147335, 7.00354323158e-09, 5.74732880352e-91, 1.38581204311, 1.09505267282e-162
0.00193999810907, 0.995340349746, 0.668147084762, 0.415050107624, 0.457009207888, 0.871765173903, 0.710641036232, 0.140922311234, 0.653148391308, 0.402403733817, 0.847007412264, 0.666912854091, 0.00204070673594, 0.797258705621, 1.01279859328, 1.02729706546e-38, 4.88484458991e-18, 1.52531760471, 1.7335067075e-271
0.24047366886, 0.990032082963, 0.0819384650825, 0.0284427493428, 0.616392850192, 0.319240318879, 0.568815507701, 0.880536921998, 0.988015851883, 0.658996392196, 0.135639440549, 0.453675686654, 0.794999052968, 0.552226091166, 1.41140650772, 5.53260154241e-155, 4.94942123187e-109, 0.918324622163, 3.38204278483e-62
0.999076636373, 0.766680332869, 0.386613032443, 0.224061223619, 0.520596518561, 0.511484627109, 0.618352131241, 0.904999253406, 0.119121764828, 0.61020502552, 0.109061519958, 0.930817754538, 0.5741155449, 0.408003144102, 0.233248442537, 3.98665786532e-66, 1.9569854578e-42, 1.06015875279e-12, 1.67200352009
0.122845367179, 0.996602680464, 0.0252331015508, 0.315241469323, 0.594709927855, 0.0348857471, 0.506263795596, 0.854111929484, 0.134677555976, 0.59464497739, 0.375835121279, 0.818214669075, 0.636811156851, 0.321488851283, 0.726850239687, 8.35408944933e-51, 1.79733224992e-160, 1.49287186164, 2.25016712466e-91
0.549218105369, 0.991758145807, 0.0211560614481, 0.039884712143, 0.649517752044, 0.81604996037, 0.423550468613, 0.903570925431, 0.60553051395, 0.199422527252, 0.826336711344, 0.705317924578, 0.666703119418, 0.45891740342, 1.21469742128, 2.29738714297e-140, 6.66914197503e-168, 0.995589597738, 2.32627788552e-26
0.125172804612, 0.0331107628144, 0.0563052545101, 0.796651860032, 0.647435654813, 0.454312184548, 0.505876982831, 0.277195632338, 0.906769364232, 0.220402491092, 0.352945981493, 0.567328154485, 0.965042166497, 0.309244827675, 1.59594677377, 3.35734311254e-10, 2.84466330476e-125, 2.48918345649e-148, 1.41298187558e-90
0.0680202798434, 0.998675574011, 0.718189365793, 0.0336166307096, 0.208989613856, 0.251288314712, 0.657360477274, 0.566963387772, 0.0101687268703, 0.384442013243, 0.829065286228, 0.836991361562, 0.616095154153, 0.540956321484, 0.322786816764, 2.29326369611e-148, 2.13271435122e-15, 1.6345145077, 4.80460474231e-117
0.0176722327557, 0.994770772554, 0.0252331015508, 0.315241469323, 0.594709927855, 0.0348857471, 0.506263795596, 0.854111929484, 0.134677555976, 0.59464497739, 0.375835121279, 0.199676936078, 0.548711086006, 0.328417494809, 0.974986818757, 1.12060595857e-50, 2.41091652299e-160, 1.30697573505, 1.37278891194e-175
0.0199921393639, 0.085411286504, 0.166015305684, 0.751823158599, 0.418275144418, 0.819086742474, 0.652933414648, 0.566768175602, 0.00992720175615, 0.468904749269, 0.638807672719, 0.410213374831, 0.438044196326, 0.781771257972, 1.48804295352, 9.55664098919e-13, 2.41851221902e-78, 3.31330709546e-107, 2.84880289069e-170
0.555844862182, 0.991819741604, 0.0211560614481, 0.0411451626431, 0.201797666167, 0.399037727408, 0.423550468613, 0.899336512498, 0.562311154607, 0.199422527252, 0.826336711344, 0.705317924578, 0.666244334323, 0.45891740342, 1.18427683659, 5.02865048327e-139, 6.50212161695e-168, 0.979154708861, 7.55180811833e-26
0.370882171426, 0.998284142685, 0.0650632224893, 0.35630538344, 0.885642346361, 0.871680804324, 0.417400781785, 0.919846326319, 0.10455353969, 0.397793530529, 0.410284495366, 0.97009792643, 0.75977506396, 0.55208746346, 0.474974304019, 1.13508506751e-45, 1.60822548153e-119, 1.87685328315, 2.55050234484e-43
0.00389584032426, 0.9926712555, 0.373767460841, 0.383796109737, 0.853598604684, 0.0142434935769, 0.912250449261, 0.873872942086, 0.66983856069, 0.24279132289, 0.060160427776, 0.401916649749, 0.217201908807, 0.864901113046, 1.59236299904, 6.43011564735e-42, 4.55313970517e-43, 1.49171139671, 3.93618710923e-241
0.00038078107063, 0.996062475463, 0.761722258556, 0.0233437804312, 0.11111121605, 0.142425588636, 0.280164142024, 0.850945483412, 0.242469031594, 0.101865712403, 0.0504820243735, 0.222662974148, 0.700583543085, 0.304146514317, 0.996156679744, 1.02699065848e-163, 2.36653086835e-12, 1.77221021728, 0.0
0.614204852384, 0.170518830408, 0.0810558480544, 0.0403250207888, 0.616205945079, 0.81604996037, 0.452219459454, 0.452190500023, 0.444536003388, 0.356960441816, 0.531116995518, 0.946429316926, 0.666703119418, 0.458000873634, 1.37131795665, 7.77531576529e-140, 1.62814634691e-109, 3.23960868863e-77, 1.46077173288e-21
0.00940435967711, 0.998675574011, 0.743851049709, 0.683978317001, 0.208989613856, 0.790821303618, 0.679503682101, 0.566768175602, 0.00697178617751, 0.3837991314, 0.748151257952, 0.856180024834, 0.0204637851144, 0.785864379199, 0.380241952506, 1.90727507118e-17, 8.40965016643e-14, 1.92545344335, 6.63565112379e-203
0.120055080981, 0.99022568642, 0.0215048013884, 0.315241469323, 0.814674449023, 0.536324522181, 0.504775280321, 0.826645490675, 0.13326630574, 0.356876681031, 0.648903901432, 0.556776169787, 0.635403904346, 0.317261524277, 1.1972819204, 1.37610194135e-50, 3.37178513383e-167, 0.798561303836, 1.96012486108e-92
0.373160479157, 0.994423948873, 0.0650632224893, 0.252728320559, 0.888345100517, 0.315584209421, 0.506748443422, 0.919846326319, 0.62743614797, 0.467697868209, 0.542677251449, 0.969553831464, 0.759774966082, 0.437248332143, 1.04203612914, 3.01573927693e-60, 3.52825203676e-119, 1.30775610796, 4.06403781649e-43
0.0126028725719, 0.998673136795, 0.0688107586575, 0.358600195787, 0.195706295806, 0.790821303618, 0.679299086212, 0.557550409135, 0.00804962177851, 0.383862912937, 0.748151257952, 0.856180024834, 0.0204637851144, 0.553735855018, 0.366678760251, 1.66516726779e-45, 3.35768723948e-117, 1.85349863475, 3.30676287138e-190
0.00216282069478, 0.861457430102, 0.166015305684, 0.748252010254, 0.228991385348, 0.819130419934, 0.651253955894, 0.566768175602, 0.0159788591517, 0.597797519346, 0.341893713764, 0.410213374831, 0.508528021291, 0.45378288118, 1.48173444719, 5.91125212815e-13, 2.40825902062e-78, 7.76734097295e-07, 7.39506333773e-267
0.122840818292, 0.993261902556, 0.0252331015508, 0.152097546615, 0.472942703353, 0.0348857471, 0.510072399591, 0.854111929484, 0.134677555976, 0.525682124362, 0.378578306591, 0.820298580132, 0.810141863672, 0.440304515257, 1.18138226477, 3.02504056688e-82, 2.92128464438e-160, 1.21374604003, 2.28688004583e-91
0.00938630865876, 0.994191440735, 0.166015305684, 0.677525715883, 0.413007931146, 0.814168122274, 0.652933414648, 0.566768175602, 0.552218458808, 0.431245005582, 0.748151257952, 0.410213374831, 0.761265092448, 0.788260375945, 0.871047154275, 1.69332343624e-17, 1.41571060229e-78, 1.04778701269, 3.80154331355e-203
0.628425596535, 0.260327592716, 0.080619045271, 0.394842161226, 0.616142655145, 0.269951434837, 0.663359474363, 0.450624700372, 0.395146429801, 0.515634404598, 0.327164922199, 0.317840161621, 0.354787424172, 0.906041899815, 1.35578528997, 9.34679755421e-41, 9.37725804614e-110, 7.5915601241e-59, 1.42461463474e-20
0.372364208228, 0.994187843362, 0.0656871346, 0.0503884572058, 0.88356667497, 0.870616376424, 0.506748443422, 0.853496701148, 0.104730632209, 0.401608068301, 0.0613008688993, 0.548007271478, 0.760370353422, 0.506836745414, 1.17543127299, 3.15808089884e-130, 1.03359135844e-118, 1.41301972738, 3.60794253121e-43
0.373538186929, 0.750797608037, 0.0611591587016, 0.0398532176736, 0.879190485553, 0.436151170609, 0.333534176622, 0.0779492156286, 0.657006613075, 0.0920089397795, 0.817112899583, 0.952419643793, 0.666703119418, 0.458000873634, 1.87960559587, 3.2849270754e-140, 1.30718445296e-121, 1.05311218985e-12, 5.05460537615e-43
0.00706164400945, 0.565243334816, 0.613727427308, 0.0737049525201, 0.333711046674, 0.446276019279, 0.556650155416, 0.184795343696, 0.659178896208, 0.228688319401, 0.203958803563, 0.675039446297, 0.216304933625, 0.230723426512, 1.50332140806, 1.32690183672e-113, 1.4815794339e-21, 3.95108812703e-25, 1.83549724969e-215
0.372397365961, 0.994187843362, 0.588682280063, 0.0503884572058, 0.88356667497, 0.868432873925, 0.506748443422, 0.611208819113, 0.111807998917, 0.511891533461, 0.528378452756, 0.735696736739, 0.760370353422, 0.809392502349, 1.06542388633, 2.86251940195e-130, 1.62831579824e-23, 1.28077668512, 3.29952837826e-43
0.116296830548, 0.257919055274, 0.0476572875091, 0.0826941333214, 0.211220740475, 0.0791224507448, 0.0638771597619, 0.551485897563, 0.0925477609972, 0.426853456625, 0.865795645505, 0.855735812441, 0.0148386470185, 0.907724246145, 2.28672806734, 2.00818811042e-108, 2.33488994075e-132, 5.05448992642e-59, 1.29456034637e-93
0.370882171426, 0.994423948873, 0.0650632224893, 0.252728320559, 0.888345100517, 0.315584209421, 0.506748443422, 0.919846326319, 0.104730632209, 0.401608068301, 0.542677251449, 0.969553831464, 0.759774966082, 0.567244086606, 1.13502576108, 3.28485901045e-60, 3.84310758651e-119, 1.4244581644, 2.39945259493e-43
0.808949189541, 0.995292572793, 0.0792634534342, 0.388781866717, 0.837642032421, 0.0198003460776, 0.559476039907, 0.8598541512, 0.395185750305, 0.734151359042, 0.794832629788, 0.40531648469, 0.746080651406, 0.455098540901, 0.948093190497, 1.39178122001e-41, 1.2030119065e-110, 1.41336140848, 1.65645219184e-09
0.799574695694, 0.0115747598864, 0.705326596327, 0.743449770917, 0.615971399844, 0.394200225801, 0.17794322521, 0.340152308831, 0.608784685208, 0.438312511423, 0.339868293942, 0.313986254613, 0.683376463824, 0.905962628079, 1.42823012198, 2.9928245817e-13, 1.54861731359e-15, 5.03636407733e-194, 4.33333446425e-10
0.366274789321, 0.61282379577, 0.580073421901, 0.250790221842, 0.412639771246, 0.511005637946, 0.56765535873, 0.610228866963, 0.79228081349, 0.508741371908, 0.524475622337, 0.733044183957, 0.577689970241, 0.799460300628, 1.26060592072, 1.68950383047e-60, 4.4156631876e-24, 1.07216411544e-21, 4.75775354708e-44
0.370916401166, 0.99442387827, 0.745083820676, 0.247199418588, 0.412639771246, 0.401825790898, 0.566720591009, 0.883727423239, 0.516198948202, 0.724731638912, 0.524475622337, 0.469265212312, 0.759801628061, 0.56725785282, 0.805956540237, 2.55373598812e-61, 2.10351101459e-13, 1.01146281868, 1.71958102152e-43
0.768390453631, 0.691264334098, 0.362404332714, 0.00385378243818, 0.11167507103, 0.524155785616, 0.278538113452, 0.864315032157, 0.224317043145, 0.577948942621, 0.885687418679, 0.233562363387, 0.837743050895, 0.899637618734, 1.90875208651, 1.16302414907e-241, 2.49004688738e-44, 2.76238621465e-16, 1.08409031141e-11
0.370882171426, 0.99444674349, 0.0650632224893, 0.0503884572058, 0.88356667497, 0.870616376424, 0.506748443422, 0.919846326319, 0.104730632209, 0.401608068301, 0.0613008688993, 0.969553831464, 0.75977506396, 0.506832601017, 1.30974192663, 3.51893901068e-130, 4.43468272453e-119, 1.65069533067, 2.77598918613e-43
0.241820197239, 0.994187843362, 0.0656871346, 0.0277969281683, 0.88356667497, 0.876481007177, 0.506748443422, 0.853496701148, 0.104730632209, 0.401608068301, 0.0613008688993, 0.557829109904, 0.760370353422, 0.506836745414, 1.17889805503, 4.64811224975e-156, 1.03663980206e-118, 1.41718724574, 6.47146712204e-62
0.621829929285, 0.165420464569, 0.211879391026, 0.100187023945, 0.650730661459, 0.386675559846, 0.89136222571, 0.835557756688, 0.606483089691, 0.200927853867, 0.344412892468, 0.221509171083, 0.547300194469, 0.33012868956, 1.53496641814, 2.90647347466e-100, 9.79693798643e-68, 1.74237797396e-78, 5.6154023382e-21
0.0450886043269, 0.995331136299, 0.721412430111, 0.0336166307096, 0.208989613856, 0.251288314712, 0.657360477274, 0.567726105036, 0.00715524285435, 0.384442013243, 0.829065286228, 0.836991361562, 0.61900593696, 0.540956321484, 0.924944589524, 6.57133977568e-148, 9.56307799805e-15, 1.39025560005, 6.69069822675e-135
0.750047121431, 0.0179681581361, 0.907112197394, 0.251554720061, 0.389575215431, 0.44954465556, 0.675855116884, 0.924419535498, 0.319991715668, 0.777124686465, 0.54279574016, 0.524994763694, 0.422684491057, 0.460103690427, 1.34502302473, 2.44397444603e-60, 0.000123296362768, 5.95944354231e-175, 6.81874518898e-13
0.812741394609, 0.0143331843772, 0.0481461877274, 0.149700196665, 0.446382726714, 0.537753387405, 0.203975041076, 0.466472224893, 0.485795627184, 0.0844129493114, 0.784845765285, 0.948302055098, 0.227788117703, 0.293483372896, 1.66482964791, 8.70415802438e-83, 4.71715519715e-132, 1.12657064518e-184, 2.58659040414e-09
0.808949189541, 0.995296772983, 0.0743277025199, 0.388781866717, 0.851000559258, 0.0198003460776, 0.912250449261, 0.802150964892, 0.395185750305, 0.51567758505, 0.794832629788, 0.40531648469, 0.362696792339, 0.456476609175, 0.970338004711, 1.42443614779e-41, 1.98661545141e-113, 1.44781675179, 1.69636314374e-09
0.116190534142, 0.750797608037, 0.0474462386011, 0.149096809431, 0.649517752044, 0.436690045412, 0.333534176622, 0.559800001785, 0.657006613075, 0.0847093882053, 0.829369972399, 0.946002392339, 0.668090642772, 0.29347470176, 1.63307786358, 5.70114076405e-83, 1.0698074606e-132, 9.14986744495e-13, 8.43726306807e-94
0.628050801018, 0.743873531923, 0.0643933906729, 0.0423019574962, 0.649517752044, 0.464929697781, 0.333534176622, 0.0779492156286, 0.657043060437, 0.0846666839869, 0.829369972399, 0.859747274375, 0.667063749397, 0.318039565847, 1.72551008154, 1.17242165713e-137, 2.07571035237e-119, 3.8277890432e-13, 1.70810578239e-20
0.249863151717, 0.0313062474147, 0.920235617632, 0.040697048043, 0.423060753784, 0.826273893699, 0.678355935094, 0.335305017057, 0.353867105135, 0.779364576856, 0.857781639522, 0.419648842419, 0.455363194754, 0.458974729919, 1.40884839066, 2.00112870919e-139, 0.000543110272018, 8.09255177176e-151, 1.30378369685e-60
0.248981091765, 0.172101613702, 0.085131462701, 0.100187023945, 0.558062240249, 0.246467873989, 0.320731973966, 0.846844327967, 0.447232933053, 0.447685139052, 0.340104002057, 0.404235113085, 0.68296623954, 0.434359195592, 1.29813198743, 2.45802523332e-100, 2.08184439147e-107, 7.72561349987e-77, 8.43481233453e-61
0.00707644078531, 0.565243334816, 0.613727427308, 0.683639480858, 0.333711046674, 0.446276019279, 0.556650155416, 0.184795343696, 0.659178896208, 0.433921156121, 0.194794949191, 0.675039446297, 0.749513680966, 0.230723426512, 1.42136171299, 6.78481578747e-17, 1.40080509119e-21, 3.73567845061e-25, 2.13949945495e-215
0.964631074897, 0.572041377935, 0.0734452006349, 0.137575902515, 0.202087400098, 0.391333382903, 0.380617236948, 0.559779353323, 0.612515058704, 0.512072206082, 0.644495838255, 0.966611874672, 0.697948829834, 0.0210684140343, 1.63685051697, 1.83808651408e-86, 1.01501171007e-113, 1.42191392544e-24, 0.0702295695749
0.745624973192, 0.0179681581361, 0.58134681775, 0.283804919801, 0.389575215431, 0.451923901516, 0.677690549896, 0.558471453649, 0.642846803612, 0.778933979372, 0.762202584699, 0.529873690388, 0.421635310497, 0.460103690427, 1.22508253374, 3.85724477882e-55, 5.34336911983e-24, 5.428018725e-175, 3.43818914725e-13
0.752296309883, 0.086384040591, 0.0731114035237, 0.155070515881, 0.557450346269, 0.0791224507448, 0.185363565044, 0.53085777143, 0.0925477609972, 0.0321258686224, 0.889256917948, 0.838027072469, 0.798298132935, 0.361666827231, 2.03921136459, 3.61830596151e-81, 8.01852035181e-114, 1.40907315044e-106, 1.39468225358e-12
0.0686814555, 0.00921304335697, 0.0825569894371, 0.273610990172, 0.343418118427, 0.538673680751, 0.178281310606, 0.422943436, 0.663592608398, 0.774959878277, 0.784845765285, 0.838929870978, 0.227788117703, 0.176222412323, 1.61276144715, 1.30931392563e-56, 1.19970577166e-108, 6.98234828141e-204, 1.22359875744e-116
0.122845367179, 0.0285747568626, 0.058416238478, 0.315241469323, 0.814674449023, 0.847139732526, 0.375986415813, 0.854111929484, 0.134677555976, 0.622330368567, 0.352772299059, 0.798612935317, 0.631741411986, 0.300733575963, 1.67663442606, 1.92704813238e-50, 1.18554246115e-123, 1.0442695903e-154, 2.27214755043e-91
0.813760678078, 0.15000011478, 0.0519383214962, 0.0148392719085, 0.148566023559, 0.512818880625, 0.37506997042, 0.864893705654, 0.967634872013, 0.364187485425, 0.352280047313, 0.653332476026, 0.968592459395, 0.348079743287, 1.79754319488, 3.9089353295e-183, 9.99056946588e-129, 1.14804351578e-82, 3.16569631074e-09
0.0776558751743, 0.847746286489, 0.026578343645, 0.159315639236, 0.339990645895, 0.0469441525245, 0.23569000975, 0.373281384367, 0.908756254408, 0.440891106903, 0.640614179092, 0.690617971069, 0.455363194754, 0.4610657683, 1.54697138662, 4.08736294575e-80, 6.89276372679e-158, 1.63001560733e-07, 2.52949607688e-111
0.00809891723235, 0.0193522479079, 0.0169932359526, 0.501557462759, 0.196858776172, 0.407477600488, 0.371717997796, 0.827941450909, 0.127952292532, 0.356575074372, 0.647623885905, 0.193245798626, 0.80134999026, 0.319950210494, 1.62256776431, 2.74405236195e-30, 2.71601076896e-177, 1.20078320082e-171, 1.77426623623e-209
0.848236256055, 0.0101260897541, 0.347019721307, 0.0723324894039, 0.882465377753, 0.146614868178, 0.556650155416, 0.423768752983, 0.487344460325, 0.782653380728, 0.205446717228, 0.675039446297, 0.196809220743, 0.229247287938, 1.64286647989, 2.21341757668e-114, 2.79986964721e-46, 9.03440167373e-200, 1.83402519319e-07
0.0795331996337, 0.326932910363, 0.106709524986, 0.0320281695184, 0.0844141147767, 0.505433515997, 0.180278082789, 0.728266067754, 0.793620747994, 0.354364590135, 0.0696857610806, 0.231699621496, 0.57766164528, 0.507389436866, 1.69773284163, 9.53237401423e-150, 1.7632256421e-97, 7.44480429129e-49, 3.02576142085e-110
0.0208351764276, 0.165420464569, 0.225741666707, 0.100187023945, 0.55687844805, 0.400569482317, 0.89136222571, 0.835557756688, 0.720451963391, 0.448530347805, 0.344412892468, 0.228621310989, 0.547300194469, 0.331934010855, 1.45847040473, 2.76162754757e-100, 5.26247711631e-65, 1.65554547569e-78, 1.73674368962e-168
0.0457164650277, 0.752068177521, 0.0806476998865, 0.400431442896, 0.806425745902, 0.522689690931, 0.37534785416, 0.246816395883, 0.602052216864, 0.208298749159, 0.384208971055, 0.18541873617, 0.479544487451, 0.571324936512, 1.38743053789, 3.9007519266e-40, 9.94328039479e-110, 9.20560614797e-13, 2.21613032749e-134
