0.411094290697, 0.476561424336, 0.382131699068, 0.999253023835, 0.612442232187, 0.851778481195, 0.631617065767, 0.91296031575, 0.299957375629, 0.67928785941, 0.426533805306, 0.989017215358, 0.192649511024, 0.989300493142, 0.417416046832, 355.747879498, 243.511530739, 400.47800943, 443.381344556
0.181447063339, 0.0602467243634, 0.553194312552, 0.347238408163, 0.799813707166, 0.34958253593, 0.963450473427, 0.489565409032, 0.99498944001, 0.940787355623, 0.906690409226, 0.650380220913, 0.60401327524, 0.810074924925, 482.00005093, 292.501578452, 666.883069404, 82.8905425188, 257.014678631
0.901013247758, 0.913991976658, 0.385462609958, 0.012272219355, 0.81434631329, 0.695301778083, 0.347955702433, 0.286512867575, 0.200342176445, 0.300691962585, 0.815372351293, 0.298874111234, 0.598071902325, 0.594683099621, 6.43680149316, 0.12409860593, 4.45649046586, 57.6031929451, 370.856050209
0.300388816874, 0.0602467243634, 0.53084404476, 0.347238408163, 0.785070838575, 0.349033013312, 0.00751044773171, 0.489565409032, 0.99498944001, 0.00705859401102, 0.906690409226, 0.650380220913, 0.604270637806, 0.810074924925, 322.246043457, 195.554909547, 415.357295952, 53.2397451681, 287.509636975
0.489411900171, 0.843484762809, 0.994545567264, 0.944877482062, 0.528941251295, 0.441942566916, 0.0671397916357, 0.533541124015, 0.483365895463, 0.278084006615, 0.232839982401, 0.88394715443, 0.634052505878, 0.180421158573, 0.157431741367, 1.8136611258, 212.474139909, 846.778480106, 844.463010681
0.183502251684, 0.0673122882188, 0.553194312552, 0.343768389383, 0.503665697042, 0.34958253593, 0.521208659636, 0.481558726257, 0.99498944001, 0.940787355623, 0.906690409226, 0.650380220913, 0.60401327524, 0.795260249443, 432.759162959, 259.402851982, 596.789467277, 82.93938363, 233.015016535
0.055968179057, 0.785677055471, 0.753457490368, 0.827065003435, 0.965623030099, 0.372224434051, 0.567682598558, 0.73109557836, 0.048905666257, 0.849409196283, 0.806876617069, 0.660238087669, 0.698277224214, 0.89669076982, 41.3677604151, 148.521393283, 378.004743318, 1166.45561185, 108.928305911
0.970152210683, 0.834313564692, 0.856737091565, 0.238090671941, 0.535098849771, 0.92292270443, 0.79967689988, 0.2976802821, 0.666423770504, 0.278084006615, 0.234578466638, 0.0241427214126, 0.806968997416, 0.122976736665, 2.306015714, 0.905025387489, 10.8217529627, 41.6886569036, 919.485887984
0.575816394517, 0.998637791569, 0.555974608042, 0.202760902761, 0.688839329997, 0.312382996933, 0.92378539412, 0.499040208578, 0.401190042541, 0.53828187836, 0.143134533895, 0.575966653087, 0.255191863228, 0.51508326185, 0.715521993832, 0.235922740316, 0.899083973254, 548.204341514, 697.23268888
0.130261209948, 0.676677362187, 0.810680586767, 0.369913442302, 0.264209518637, 0.500177743158, 0.136690695543, 0.788489186307, 0.75726052259, 0.380130651553, 0.318348508311, 0.915200485816, 0.417488070987, 0.217029481768, 103.382857365, 67.8897244229, 403.566535963, 758.382446371, 180.111614195
0.219562372272, 0.955989425246, 0.204012375272, 0.0576838151613, 0.430238913916, 0.192383523311, 0.0986918131733, 0.60942309517, 0.412744608315, 0.000640396211632, 0.955064643202, 0.574140300836, 0.76700594153, 0.376502699292, 50.0380275506, 4.54637075383, 16.6761357386, 764.554535658, 275.320663269
0.36533243092, 0.480314993269, 0.76939442438, 0.0743821941896, 0.595930688247, 0.190897210618, 0.493264599402, 0.429532116557, 0.208474420955, 0.0305518034012, 0.486487517993, 0.592326049548, 0.757491898759, 0.885136300875, 138.678377069, 16.2772178953, 368.46067605, 370.386177961, 349.579161452
0.161709262539, 0.142867616462, 0.104496232626, 0.832199980447, 0.946238475068, 0.502563049781, 0.567682598558, 0.490429880174, 0.334646142703, 0.843562775108, 0.420137856198, 0.634802393163, 0.999017908756, 0.896790171681, 246.977605697, 915.212566256, 157.011576415, 219.328161841, 255.876720277
0.42305061205, 0.129194734755, 0.382131699068, 0.999671941013, 0.612442232187, 0.851778481195, 0.496214989242, 0.783529278214, 0.299625221035, 0.342564112735, 0.426241599794, 0.95685173917, 0.665535548417, 0.986686945307, 0.339082496867, 658.011550032, 450.412553387, 164.082501333, 637.759559119
0.139238497389, 0.0069707188411, 0.605614825141, 0.30304023997, 0.423447977617, 0.704083630148, 0.394059963901, 0.974049988863, 0.770610179531, 0.452474481182, 0.625450912546, 0.286444908898, 0.370776605153, 0.475289031538, 472.79568753, 243.752458997, 745.887208763, 10.0316665653, 203.641790357
0.967402791711, 0.973220329323, 0.759310614477, 0.630772204787, 0.497081692508, 0.141529177766, 0.463306684681, 0.493780087899, 0.413847017363, 0.29353190755, 0.952642412582, 0.345560867181, 0.593921774796, 0.0268262675099, 0.428699661271, 0.654361195276, 1.96959576573, 50.3504855725, 983.349623988
0.86434308187, 0.641004433261, 0.994545567264, 0.945408692007, 0.530176921563, 0.890327559271, 0.0878270660931, 0.787663572735, 0.466260489458, 0.278084006615, 0.223341207741, 0.210892895227, 0.634052505878, 0.431669008843, 0.0755449942088, 0.878811992503, 102.947215978, 162.791967495, 890.188558879
0.42305061205, 0.476554869012, 0.382131699068, 0.999671941013, 0.612442232187, 0.851778481195, 0.218203369039, 0.788345172923, 0.299625221035, 0.77109907853, 0.428988880792, 0.977506816254, 0.665535548417, 0.986686945307, 0.227363824228, 441.214228937, 302.01358538, 496.679978657, 571.694442672
0.916657763089, 0.913991976658, 0.0665792791915, 0.934011232802, 0.923300546069, 0.695301778083, 0.347955702433, 0.286014347153, 0.200342176445, 0.300691962585, 0.804730710684, 0.202318281777, 0.598071902325, 0.569185822823, 0.964750783556, 9.2739752832, 0.978700053981, 68.9715793534, 528.651767441
0.989294434561, 0.696288365404, 0.209668650178, 0.880405595504, 0.24271089077, 0.569586784966, 0.806056487066, 0.868798961814, 0.210308098734, 0.994973487809, 0.231996240845, 0.68892860955, 0.971972262688, 0.838062805226, 1.44592047272, 7.60610492118, 2.64628728434, 15.8293937007, 1059.52795604
0.304518666161, 0.349756419961, 0.221247139323, 0.580469825123, 0.195352750723, 0.408970784105, 0.119584532892, 0.417771333985, 0.0271430383324, 0.530392272329, 0.196288559941, 0.073525424778, 0.291997386776, 0.485540086738, 275.667195561, 355.930089636, 163.078367531, 293.172267965, 291.109731265
0.0928529838251, 0.580994425939, 0.0988104353789, 0.12293788632, 0.345155103983, 0.483181812238, 0.555990368629, 0.582316391867, 0.432471028068, 0.207690275511, 0.288663647078, 0.031422017918, 0.584962809732, 0.0853011960904, 559.793657863, 109.46608359, 89.2496378919, 746.703050631, 138.650354929
0.828140481653, 0.0449938382121, 0.497134098569, 0.394711822261, 0.270424405681, 0.239529590878, 0.827636730128, 0.640876066335, 0.49540991093, 0.81208453223, 0.794862177716, 0.763146790159, 0.580452389309, 0.484865124302, 149.577196896, 106.787190844, 182.137470111, 18.3178749788, 937.426499274
0.0249882380326, 0.660880791433, 0.905734985057, 0.0537567484257, 0.890793978272, 0.701876809075, 0.952206652978, 0.330066862269, 0.433112922189, 0.436511424006, 0.507842765871, 0.0315696662741, 0.610718168927, 0.694747350469, 68.1110752761, 5.76506937573, 458.254948822, 785.919248666, 35.8285105328
0.389136694273, 0.147989139109, 0.168753132983, 0.239041026541, 0.123391831326, 0.605034656585, 0.987237251241, 0.0102104664425, 0.499604968999, 0.663750685398, 0.111746126258, 0.483360121646, 0.283773384991, 0.412810635788, 394.671932403, 155.57437132, 115.163035354, 104.066760504, 316.568221464
0.0180637156428, 0.660487307919, 0.611427465935, 0.899054158545, 0.899923807123, 0.754505617177, 0.567119649735, 0.795203885334, 0.43326387964, 0.306269304455, 0.512579232513, 0.00757362786866, 0.440839312333, 0.757594371114, 45.3887645096, 283.843352622, 410.954856982, 849.488480662, 27.99829554
0.309465432786, 0.8928717271, 0.53120640371, 0.374420626373, 0.195483254382, 0.408457423626, 0.0132611621986, 0.991562700926, 0.200266569367, 0.00364637661094, 0.811298702411, 0.0736068433989, 0.734867560757, 0.480466747124, 45.5277834479, 30.3607962447, 60.3687163547, 479.621608258, 257.062199129
0.203913558736, 0.106460088535, 0.915226935934, 0.814304317716, 0.388581141746, 0.0873874731409, 0.962893112078, 0.501252625751, 0.962379472892, 0.293496602233, 0.302960837758, 0.238055802897, 0.960261716113, 0.902297605713, 31.2108460197, 103.948034549, 810.22297092, 137.990148234, 275.012167334
0.13246650543, 0.52798010262, 0.726393711786, 0.439455692674, 0.398354983526, 0.378303875836, 0.553536281233, 0.641558174449, 0.106982354674, 0.295834930928, 0.0979016407086, 0.608531590344, 0.141288067964, 0.903812186576, 159.578357028, 131.78504562, 451.528833471, 542.398852026, 155.281350029
0.361113090646, 0.0497307087944, 0.779347148453, 0.110688021115, 0.982873373756, 0.0427267958129, 0.600327627025, 0.843334074297, 0.180104413761, 0.8994815883, 0.0838975826074, 0.498145766794, 0.489602397675, 0.531676499467, 228.649049091, 40.1603328006, 642.750246664, 53.4930592416, 436.70182438
0.247977544342, 0.166726789246, 0.987506885002, 0.971983872437, 0.525720852278, 0.428501227467, 0.127390100848, 0.836791700275, 0.0515888100471, 0.563728395809, 0.0955291872275, 0.303523935312, 0.844406081259, 0.625579133239, 0.970561584553, 22.0401540542, 1124.05855392, 301.362389293, 477.803414984
0.883084896326, 0.147989139109, 0.168753132983, 0.239041026541, 0.122367706487, 0.691184481541, 0.987237251241, 0.0102104664425, 0.499604968999, 0.281787973614, 0.111746126258, 0.483360121646, 0.283773384991, 0.412810635788, 72.3768217752, 28.5299703915, 21.1191468169, 19.0842589992, 445.997315635
0.575816394517, 0.998637791569, 0.749229646999, 0.209893308701, 0.688839329997, 0.312382996933, 0.922106438684, 0.197011575057, 0.40096137011, 0.53828187836, 0.143096264273, 0.575966653087, 0.652381991596, 0.51508326185, 0.426176114785, 0.1458329068, 1.08373959333, 548.483469552, 697.587697364
0.0195604849643, 0.55841740137, 0.419160953557, 0.133708980795, 0.98380468018, 0.891113939825, 0.388103157043, 0.47563694006, 0.708148089906, 0.071511170428, 0.296231210542, 0.984649408927, 0.0118251592168, 0.0713397970812, 320.526281107, 68.3276656241, 253.520925485, 498.324975904, 19.9188449002
0.40028646233, 0.18538320271, 0.890567841077, 0.850249970485, 0.588094285167, 0.0926135777568, 0.59069221971, 0.00529734857328, 0.791829060209, 0.708714834985, 0.785831731757, 0.980686179851, 0.265922061897, 0.583844965437, 14.9551895423, 62.4007772508, 369.611494537, 112.436759824, 284.803456292
0.133378300617, 0.271400288029, 0.726972681532, 0.0610994809093, 0.915288212229, 0.927361725937, 0.607780100236, 0.877642234611, 0.740456553246, 0.718426696821, 0.00713979890506, 0.236927505111, 0.71822944188, 0.821467911023, 338.638761841, 32.6009602304, 744.01553863, 371.557717382, 191.054443616
0.0128678430314, 0.772439041504, 0.814899797817, 0.110521800812, 0.891853539387, 0.773091382158, 0.577777725323, 0.331403558895, 0.43326387964, 0.288170073776, 0.805848217297, 0.00757362786866, 0.845156824532, 0.757594371114, 99.6591038148, 17.4774830303, 338.12912676, 944.969720165, 20.3919977857
0.976244390156, 0.707458755518, 0.93803858285, 0.850249970485, 0.987296996389, 0.446022167415, 0.59069221971, 0.0058589009768, 0.791829060209, 0.708714834985, 0.785831731757, 0.980686179851, 0.148362402639, 0.821196105422, 0.289646634333, 1.20855540208, 12.7285386069, 25.8440945279, 772.391576274
0.119285189823, 0.103844626453, 0.607400187115, 0.132249726057, 0.0283702735129, 0.825891092513, 0.891664348532, 0.950983277957, 0.966832016559, 0.857564751409, 0.0955941000059, 0.838212743943, 0.930437345699, 0.172964927761, 747.686687233, 157.596035015, 1077.84235335, 217.447402495, 253.868547245
0.304770797309, 0.672531583823, 0.221247139323, 0.0765820761977, 0.195352750723, 0.389619081332, 0.262780799014, 0.413059430816, 0.505795575071, 0.530392272329, 0.196288559941, 0.0817557750283, 0.291997386776, 0.485540086738, 214.926061822, 25.9799353844, 78.4208179684, 407.438590028, 242.892723545
0.334957380565, 0.13017294821, 0.121892041863, 0.893047378294, 0.600786312566, 0.181607796556, 0.492277537165, 0.783508042447, 0.209423300939, 0.336397807001, 0.288174630965, 0.881404403559, 0.435399591107, 0.569163012798, 102.598790497, 604.94783234, 118.938908295, 129.609995986, 370.700050958
0.149913046629, 0.120785255582, 0.133970266493, 0.999260948502, 0.64403014917, 0.503049100583, 0.942854539746, 0.799303166701, 0.298968257673, 0.00538453208064, 0.284869906918, 0.970292689088, 0.875823664873, 0.225013438868, 0.938294279557, 808.247360111, 172.643756298, 158.716438895, 201.924561747
0.334957380565, 0.0215189827818, 0.610659373386, 0.893047378294, 0.600306395369, 0.165593770707, 0.492277537165, 0.78254662456, 0.879110538265, 0.435230025061, 0.288174630965, 0.0367037249256, 0.610772786615, 0.572209588181, 70.7450167334, 417.130107618, 603.318856445, 24.9175529107, 428.194121542
0.0787814856795, 0.300585239542, 0.915226935934, 0.206339077315, 0.388581141746, 0.0889947452318, 0.967741675027, 0.0189764797805, 0.962379472892, 0.288356169854, 0.219084822235, 0.23352956173, 0.960261716113, 0.0835650175355, 115.50928205, 38.8070095106, 909.67052354, 468.703501401, 128.18514179
0.0574206805877, 0.107712583493, 0.0926145873976, 0.832199980447, 0.94882252277, 0.374218663488, 0.567682598558, 0.490363561361, 0.0497348063371, 0.84237979458, 0.420684413144, 0.592035080728, 0.993636531465, 0.896790171681, 265.142849103, 982.526600611, 149.103125336, 175.702862779, 94.3701708838
0.967502084053, 0.846177849421, 0.997621323158, 0.945408692007, 0.535152557108, 0.88535358084, 0.0561130982508, 0.787663572735, 0.466260489458, 0.278084006615, 0.220714923813, 0.212624903997, 0.634052505878, 0.431669008843, 0.00436939033444, 0.0508289485763, 13.6537677024, 55.4048900465, 1116.85810779
0.814341209704, 0.0449938382121, 0.501806135215, 0.413070821233, 0.257171059272, 0.240025292395, 0.824999996368, 0.58350756011, 0.495392293344, 0.80994366138, 0.793079890203, 0.760593053179, 0.580653710084, 0.318279249737, 146.491010491, 111.097550179, 184.900152979, 18.4595246854, 870.785801901
0.247977544342, 0.43965084612, 0.987506885002, 0.971983872437, 0.525720852278, 0.428501227467, 0.127390100848, 0.838046593816, 0.0515888100471, 0.563728395809, 0.654155304738, 0.303523935312, 0.844406081259, 0.955409306934, 0.955696519911, 21.7025883397, 1106.84253865, 914.813891548, 589.524553913
0.0810069504804, 0.994107668778, 0.722050615254, 0.0608505090433, 0.915414606447, 0.468754258399, 0.606920371707, 0.0305260724789, 0.235475017435, 0.690042681897, 0.914251698843, 0.233594329351, 0.195525770723, 0.376462790178, 3.3847931594, 0.324520145781, 7.28686884932, 868.761207291, 111.151166266
0.98682239695, 0.534261256726, 0.0269397933815, 0.672099493581, 0.537599918736, 0.719914372069, 0.773084953461, 0.517017069505, 0.106199957053, 0.741593623974, 0.784718580594, 0.471408551977, 0.204252066309, 0.468731771072, 6.50782405435, 11.4973678665, 0.559400062125, 14.729017139, 956.120964918
0.0195604849643, 0.561942082481, 0.419160953557, 0.266303992925, 0.984850291405, 0.896108278729, 0.386913260042, 0.470071890256, 0.182512917313, 0.386865918942, 0.884220968209, 0.984649408927, 0.00765297517124, 0.0713397970812, 298.332903126, 132.622771422, 252.557885629, 502.060482301, 19.9765044906
0.967402791711, 0.974431271037, 0.0487132897946, 0.631548777415, 0.820810705947, 0.141529177766, 0.0113092724618, 0.493780087899, 0.415279343705, 0.914106288533, 0.792913949631, 0.667452139038, 0.593921774796, 0.0237721975685, 0.814895187034, 1.24716085335, 0.114219485111, 37.1821182231, 726.113375737
0.121175943028, 0.127334279796, 0.75388525115, 0.254408392901, 0.530499716089, 0.14912251369, 0.825195240167, 0.409496150465, 0.568264734099, 0.163781639747, 0.238826552246, 0.0230353313272, 0.583363341726, 0.32159914719, 408.052759404, 172.341003569, 1088.12190219, 238.168997443, 230.964703219
0.233137454254, 0.439061359633, 0.978210843856, 0.131312813579, 0.525656239172, 0.896684078388, 0.82697386051, 0.828371651221, 0.7170456227, 0.572747517089, 0.296262873008, 0.309616790619, 0.890303584036, 0.0713397970812, 18.1426708533, 3.79620088875, 541.347595585, 446.760546656, 269.277137717
0.139238497389, 0.556789488108, 0.605351377043, 0.309370987366, 0.423447977617, 0.704083630148, 0.394059963901, 0.986685521535, 0.770610179531, 0.0726655615235, 0.624203935268, 0.285864933562, 0.370776605153, 0.475289031538, 255.856947549, 135.145779677, 405.38771129, 595.909778325, 172.625195937
0.199795883838, 0.286625457412, 0.415931088503, 0.216266828165, 0.426859189402, 0.983432737321, 0.247277861172, 0.733128621909, 0.0938799660412, 0.290804000027, 0.30393297115, 0.506759827473, 0.39739275326, 0.215435079638, 422.762167288, 149.409183093, 343.237089632, 272.931521345, 203.560714064
0.202126409552, 0.30619641401, 0.915226935934, 0.217767977218, 0.388581141746, 0.101074499529, 0.969318248493, 0.000556134171585, 0.96770601821, 0.694757155554, 0.305887009134, 0.233580597165, 0.96454681626, 0.839903586953, 99.4445343527, 35.4088808317, 788.035458821, 414.90719345, 294.710728006
0.575810637586, 0.998637791569, 0.555974608042, 0.0354338999302, 0.685945267152, 0.316119949253, 0.93437253737, 0.499040208578, 0.414020598106, 0.532712239789, 0.143134533895, 0.575966653087, 0.255191863228, 0.515905633434, 0.843516943017, 0.0469982236624, 1.00817048055, 614.718369883, 781.813883451
0.0569447052959, 0.778443686877, 0.123948118284, 0.832199980447, 0.965623030099, 0.372224434051, 0.567682598558, 0.731119483176, 0.048905666257, 0.84237979458, 0.806876617069, 0.660238087669, 0.999017908756, 0.896790171681, 108.493843083, 402.040210372, 82.1164371461, 1169.94894878, 111.621970397
0.173756745876, 0.125974577342, 0.115560870711, 0.254434973161, 0.53503397394, 0.153092643103, 0.796568765425, 0.734126760684, 0.568264734099, 0.163781639747, 0.194762467374, 0.0230353313272, 0.737655359562, 0.628964237461, 1101.17159569, 465.133787754, 219.40321584, 243.682098294, 346.973236056
0.377350045477, 0.773115432176, 0.820524492428, 0.605678107493, 0.305346488269, 0.0151660524189, 0.244355566115, 0.717938082555, 0.167421159366, 0.602788022267, 0.80537719202, 0.128827539601, 0.19221971124, 0.331471424636, 38.0306105523, 53.3386657357, 226.176490215, 632.502871764, 454.574833142
0.306240536304, 0.0898385414762, 0.742128055378, 0.377898171952, 0.783982123423, 0.180995343395, 0.018177405954, 0.991562700926, 0.251257748155, 0.0594829291675, 0.546542699254, 0.0736068433989, 0.387066544298, 0.600262919876, 290.979344553, 196.348120673, 818.678237453, 126.543619403, 469.587799755
0.568066906607, 0.476447045519, 0.832351540719, 0.0743821941896, 0.948765302652, 0.287530240672, 0.679047264254, 0.460657781953, 0.294312398621, 0.0290593404551, 0.489828243077, 0.12461417523, 0.276636174928, 0.890555609247, 110.286596351, 12.9447646971, 411.87883481, 396.133213105, 722.134878603
0.722653208557, 0.060634071103, 0.46845787986, 0.866024885844, 0.595777376267, 0.0738284933771, 0.327065457688, 0.143361529635, 0.215623081026, 0.873518125317, 0.810551744005, 0.349863017343, 0.599197607176, 0.686172894431, 58.5359585432, 274.031354299, 253.736665575, 36.1136734417, 815.806895629
0.763346987937, 0.945073357169, 0.0403655014193, 0.972316616982, 0.220258029055, 0.796161933787, 0.5162044469, 0.377024844562, 0.0976980198888, 0.420690016968, 0.762045982617, 0.923476702046, 0.667789065289, 0.989073186607, 1.08593950781, 24.9570203062, 1.58604772211, 289.397400003, 745.084473014
0.0810069504804, 0.613622875875, 0.48595796479, 0.814195925599, 0.915288212229, 0.924531193936, 0.606920371707, 0.0296476828313, 0.240995659615, 0.687239759054, 0.939651891991, 0.233594329351, 0.212859777963, 0.83023542605, 129.641106838, 431.504240437, 431.108014999, 898.090923934, 139.880125902
0.30453511801, 0.0888816381613, 0.53120640371, 0.374420626373, 0.195483254382, 0.408457423626, 0.0132611621986, 0.991562700926, 0.251257748155, 0.00128122069964, 0.543528956514, 0.0736068433989, 0.738050269604, 0.480466747124, 451.133656106, 300.844363043, 598.192085381, 113.460500463, 422.765669411
0.670417371593, 0.188047854323, 0.0400779060917, 0.383441904657, 0.221126161641, 0.512410799932, 0.514780543687, 0.205020891424, 0.0943098847935, 0.359083900657, 0.217783143376, 0.759483432545, 0.399283187733, 0.786272335316, 262.508140093, 180.482769817, 20.0816383606, 97.1279220437, 585.841085041
0.78554231467, 0.687333722985, 0.975817761599, 0.263865540965, 0.648643020886, 0.297747731073, 0.383092700852, 0.302016859161, 0.665916521985, 0.644871713257, 0.492940000016, 0.571290235337, 0.812662346743, 0.31576850915, 4.55579331598, 2.00439760705, 130.967268826, 245.045430216, 793.484636238
0.43075585006, 0.848993582452, 0.343504751427, 0.939601653323, 0.309576123509, 0.581007769197, 0.822476748805, 0.215727080751, 0.378985444118, 0.0767604788047, 0.295015692838, 0.982841047309, 0.639754389647, 0.0700050094763, 12.4123614242, 130.437875379, 78.4660389066, 631.74538933, 521.97153538
0.300174674039, 0.148002822335, 0.221259642524, 0.13986777522, 0.131252094595, 0.406305952104, 0.997220168091, 0.0160608264447, 0.0190370813733, 0.534052634219, 0.232076772484, 0.0952997340738, 0.291997386776, 0.849748461813, 714.543305349, 159.563534658, 265.225107635, 184.368061408, 408.014329936
0.300174674039, 0.349756419961, 0.221247139323, 0.139589624859, 0.230750532074, 0.408608892721, 0.0116731236723, 0.469585016898, 0.0190370813733, 0.534049607317, 0.232076772484, 0.0997979213913, 0.291997386776, 0.0222622870712, 607.208715693, 135.316314685, 225.34872799, 405.118095477, 395.574438972
0.22313144068, 0.527416216015, 0.202697973732, 0.490288038808, 0.878075300478, 0.192383523311, 0.0986918131733, 0.60942309517, 0.412744608315, 0.000640396211632, 0.955064643202, 0.574140300836, 0.76700594153, 0.376502699292, 336.150327701, 326.047378244, 154.356760674, 537.491497057, 266.660907522
0.78554231467, 0.893476524184, 0.870773029779, 0.263865540965, 0.636697775971, 0.297747731073, 0.383226353261, 0.302016859161, 0.669607524694, 0.644871713257, 0.492940000016, 0.571290235337, 0.812662346743, 0.31576850915, 7.98859676515, 3.51471700518, 42.4031909042, 256.30854755, 742.219718841
0.462139666333, 0.132184851919, 0.949948656954, 0.105307353746, 0.593298250838, 0.47497863491, 0.555412501472, 0.400491921716, 0.541439747674, 0.906694600049, 0.202682756479, 0.842999346223, 0.491005580632, 0.697781336811, 42.5572438682, 7.10458471791, 547.659692045, 115.73392496, 498.317599455
0.161490148349, 0.125666424424, 0.133155437935, 0.989973526321, 0.36325971137, 0.503049100583, 0.942854539746, 0.799303166701, 0.340879916709, 0.4061315697, 0.283328753977, 0.0634315004647, 0.0901423270811, 0.291292506498, 12.8688806124, 817.027672153, 173.447495031, 167.06760907, 220.851733094
0.0574206805877, 0.107712583493, 0.104496232626, 0.832199980447, 0.965623030099, 0.372224434051, 0.567682598558, 0.490363561361, 0.048905666257, 0.84237979458, 0.420684413144, 0.634802393163, 0.999017908756, 0.896790171681, 291.885779172, 1081.62653961, 185.561141026, 193.988879082, 104.191607234
0.133157928016, 0.26810782743, 0.313631334691, 0.102501681881, 0.168206918936, 0.353337741771, 0.48107783052, 0.886339903932, 0.740106675048, 0.718238237846, 0.026715940053, 0.869133027637, 0.728162560955, 0.876899363717, 952.139556699, 154.641917296, 517.804015277, 490.412670966, 254.64354736
0.883084896326, 0.147989139109, 0.168753132983, 0.239041026541, 0.130353407183, 0.691184481541, 0.987237251241, 0.0102104664425, 0.499604968999, 0.282085884188, 0.111746126258, 0.483360121646, 0.283773384991, 0.413656321282, 80.5258292791, 31.742199626, 23.4969810692, 21.2329823885, 496.212776644
0.130261209948, 0.676677362187, 0.810680586767, 0.371304220349, 0.262644912911, 0.500177743158, 0.136690695543, 0.789691914131, 0.769313820816, 0.377826960823, 0.314285572314, 0.937126057639, 0.415939696068, 0.223667210842, 114.939828466, 75.838886876, 449.326142607, 844.373923215, 200.534111808
0.22313144068, 0.527416216015, 0.202697973732, 0.125078795232, 0.350416754842, 0.466029539633, 0.0971693578502, 0.60942309517, 0.412744608315, 0.000640396211632, 0.955532904531, 0.78950330295, 0.780240060631, 0.376502699292, 508.998085964, 101.311507859, 171.062710262, 595.663914089, 295.521474812
0.36676327084, 0.910569362586, 0.0756519257402, 0.776363966767, 0.903170011308, 0.708247176915, 0.429037197248, 0.324095105802, 0.254847473096, 0.613133900593, 0.586849233523, 0.482287941012, 0.491128496773, 0.46728661002, 29.8968296133, 81.5767178205, 10.3734588264, 618.771280212, 405.967347224
0.0928529838251, 0.580994425939, 0.0988104353789, 0.12293788632, 0.345155103983, 0.47115351966, 0.555990368629, 0.982888022017, 0.431288108144, 0.261668735936, 0.288663647078, 0.790426847222, 0.310638406326, 0.0922528432566, 597.908710813, 116.919375555, 95.326438917, 797.544331008, 148.090736301
0.0804213138785, 0.994107668778, 0.720994584259, 0.0608505090433, 0.915288212229, 0.534034362297, 0.606920371707, 0.914002636064, 0.240995659615, 0.685141037309, 0.914177686125, 0.140365954234, 0.214503824117, 0.823624822006, 3.53695665799, 0.339108960641, 7.58160493847, 904.601941721, 114.890991302
0.334957380565, 0.129010717814, 0.963504257383, 0.893047378294, 0.600306395369, 0.181607796556, 0.492277537165, 0.783508042447, 0.874454780457, 0.340352662822, 0.288174630965, 0.881517474271, 0.449034097914, 0.569163012798, 7.17905440269, 42.3294795007, 748.105059362, 153.966046567, 444.273192179
0.244958074383, 0.67073484507, 0.2474540679, 0.0720939713672, 0.737046858377, 0.996957667456, 0.0123525898514, 0.493210730695, 0.511570498198, 0.743500876541, 0.79337050843, 0.667777342348, 0.773373698496, 0.874871437667, 371.899306309, 42.2966815179, 153.288019455, 711.015716528, 331.26503481
0.631981426208, 0.843484762809, 0.994545567264, 0.945408692007, 0.532052235213, 0.876385621911, 0.0715451731303, 0.737472814941, 0.471873927804, 0.278084006615, 0.232839982401, 0.413792773685, 0.0333793648814, 0.180421158573, 0.118090157318, 1.37373822759, 160.924665594, 641.337076604, 1013.47130091
0.399841629954, 0.18538320271, 0.890567841077, 0.850249970485, 0.956460579254, 0.0926135777568, 0.59069221971, 0.00529734857328, 0.791829060209, 0.708714834985, 0.785831731757, 0.977075837892, 0.997148871168, 0.580299354617, 17.8584108535, 74.5145164873, 441.363441562, 134.263885208, 339.592455681
0.202126409552, 0.30619641401, 0.915226935934, 0.215943862077, 0.388581141746, 0.101074499529, 0.962893112078, 0.0189764797805, 0.962379472892, 0.288356169854, 0.302960837758, 0.238055802897, 0.960261716113, 0.0835650175355, 104.932255818, 37.0244367295, 830.678121762, 437.35890854, 310.658297495
0.0195604849643, 0.561942082481, 0.419160953557, 0.133708980795, 0.98380468018, 0.896684078388, 0.824615669892, 0.470071890256, 0.708442333244, 0.071511170428, 0.296262873008, 0.984649408927, 0.0118251592168, 0.0713397970812, 368.97144319, 78.6548837994, 291.838726709, 580.146969163, 23.0834908209
0.179367413324, 0.132819444124, 0.755011566118, 0.262273686253, 0.53503397394, 0.159875272679, 0.796568765425, 0.739536403998, 0.568264734099, 0.422604929158, 0.195856546088, 0.0230353313272, 0.703796248238, 0.849013975927, 361.462362332, 157.953822148, 973.943906309, 222.467089373, 310.89407334
0.431183090793, 0.959959191205, 0.210818269652, 0.374420626373, 0.198279478846, 0.410868122499, 0.0132611621986, 0.993271169606, 0.251257748155, 0.61075858473, 0.0275306434678, 0.0782925618897, 0.738050269604, 0.480466747124, 32.1053445376, 21.4098677786, 13.2675160187, 647.936427239, 522.107253076
