0.182891145453, 0.504556883348, 0.679175513088, 0.08971603499, 0.904703402679, 0.0878348391908, 0.35715552304, 0.462547406028, 0.324592954297, 0.752070428776, 0.149050785485, 0.130030855581, 0.174547519017, 0.388227153647, 0.876339105689, 0.0481751062597, 0.00669517282147, 0.603756446602, 0.524693172143, 0.160238331468, 0.47546982251, 0.196658774201, 0.404424206593, 0.0556176033829, 0.0215907183651, 0.478467853929, 0.31198180526, 0.567910867459, 0.244585338246, 0.270405436561, 0.182891145453, 3.30691674059
0.0721255625074, 0.206944342789, 0.743906075658, 0.0476287158774, 0.386518781402, 0.583735939469, 0.180037252773, 0.161438405467, 0.136168203625, 0.897491716153, 0.33848897151, 0.0751530376268, 0.417991865192, 0.604077129651, 0.560002024534, 0.324887173829, 0.0311589969439, 0.00620140605331, 0.0300812934598, 0.281381298718, 0.191252802066, 0.613572159919, 0.452739397883, 0.00649774407572, 0.301189531346, 0.174050781619, 0.976268946989, 0.500598120192, 0.535731502994, 0.0161993428075, 0.0721255625074, 3.49609543498
0.0359740233216, 0.501726993106, 0.5845095829, 0.258194378977, 0.0813573604462, 0.657505360099, 0.595943221347, 0.274665183324, 0.230801953556, 0.0303163134869, 0.242196627637, 0.389924629435, 0.344445523079, 0.578808994368, 0.0276645069138, 0.104268732913, 0.350719658447, 0.762666775008, 0.432797826159, 0.265148278948, 0.204112626186, 0.293564071001, 0.469947108248, 0.0685255767617, 0.0848231701688, 0.227272321568, 0.181820208439, 0.720584336602, 0.501026681627, 0.887304511018, 0.0359740233216, 3.82358895375
0.389613201984, 0.822897429068, 0.00205728086237, 0.141378359417, 0.77846521669, 0.256046409193, 0.430561172471, 0.0873997441975, 0.291483696646, 0.212185597982, 0.233287756674, 0.0614080548981, 0.0456615505977, 0.846229698701, 0.0115839639298, 0.116927836141, 0.136820205945, 0.388389993132, 0.557028118997, 0.920174288634, 0.244992168135, 0.0841864215879, 0.33235062562, 0.204207732684, 0.729712420901, 0.549760779197, 0.379992092774, 0.675394732883, 0.118638382777, 0.731475931678, 0.389613201984, 2.94173450037
0.00181869550023, 0.662769414589, 0.966104974048, 0.0585190883791, 0.0454786776631, 0.890506293314, 0.900345568982, 0.331985929379, 0.910935920078, 0.996033947533, 0.792652289884, 0.305773680214, 0.0247282396879, 0.19024342248, 0.450974377943, 0.168922249739, 0.136820205945, 0.248690351165, 0.999843703111, 0.595222835195, 0.963006538575, 0.0132572899427, 0.195429388639, 0.772102635318, 0.103676100925, 0.160628663651, 0.942165640161, 0.367806738049, 0.953561205268, 0.61443226, 0.00181869550023, 5.48074959076
0.00116385701243, 0.118173431502, 0.966104974048, 0.106611077499, 0.0454786776631, 0.890506293314, 0.900345568982, 0.331985929379, 0.455120063419, 0.993754320851, 0.792652289884, 0.120252268369, 0.976284330897, 0.801238528917, 0.466596893819, 0.168922249739, 0.956872486038, 0.719434059665, 0.998975856509, 0.637983410322, 0.963006538575, 0.436071033858, 0.0332240643333, 0.772102635318, 0.132736433573, 0.160628663651, 0.138296128375, 0.0475294043723, 0.871332308441, 0.266998703146, 0.00116385701243, 5.65699754781
0.997182850764, 0.138765353407, 0.395088572215, 0.357674789104, 0.649558558246, 0.0122245787525, 0.494370133177, 0.229424891208, 0.668637992146, 0.180569277764, 0.203221164121, 0.394841149736, 0.292382425136, 0.484326727926, 0.12954178327, 0.760044276191, 0.167369897721, 0.467017562763, 0.742338721925, 0.281381298718, 0.227221591737, 0.313879867246, 0.325372839208, 0.592050501268, 0.665288472795, 0.132924629307, 0.344443842015, 0.00837285523751, 0.107827116232, 0.00346934887767, 0.997182850764, 2.02681191902
0.768742323632, 0.264594453634, 0.226094272086, 0.0137383364925, 0.0973883625405, 0.461767428737, 0.0943104415518, 0.297748279851, 0.211178277348, 0.607575016961, 0.589560375624, 0.382303938113, 0.250893928685, 0.0142146411948, 0.321717642785, 0.300939758958, 0.0683943276443, 0.284995980262, 0.0930084138165, 0.469761626675, 0.123386223763, 0.459531504583, 0.558430803897, 0.0551301950207, 0.740209037494, 0.970630343856, 0.31198180526, 0.151660662317, 0.635520187402, 0.314370743283, 0.768742323632, 2.17492099013
0.00397724298584, 0.793044599686, 0.428208052035, 0.106611077499, 0.782893027118, 0.351615541981, 0.356102443753, 0.508108160467, 0.0767415655076, 0.33190263548, 0.879519663241, 0.0609855431208, 0.970001253288, 0.342905460935, 0.0414188377438, 0.312467106247, 0.956872486038, 0.903835168032, 0.208495361649, 0.63435998652, 0.0616552981464, 0.419644675276, 0.886454550428, 0.185268350376, 0.103676100925, 0.227272321568, 0.138296128375, 0.949942794641, 0.501026681627, 0.224217514754, 0.00397724298584, 4.81451151413
0.00701121097491, 0.688477288751, 0.0545784275963, 0.434302520884, 0.649558558246, 0.0135622653584, 0.100289519258, 0.229424891208, 0.668637992146, 0.856550983319, 0.102953167235, 0.0923956078373, 0.292382425136, 0.117202894236, 0.12954178327, 0.184885028195, 0.167369897721, 0.349128827143, 0.749367726076, 0.504661959448, 0.0128751292656, 0.875918958749, 0.0158941544335, 0.0465675603123, 0.0766503226168, 0.0334664733661, 0.562094460072, 0.798075155365, 0.858312890124, 0.00230510938434, 0.00701121097491, 3.83276658977
0.685112922223, 0.9229547652, 0.557272070549, 0.0103395171148, 0.126321247213, 0.401290916446, 0.27883866426, 0.757219668103, 0.211178277348, 0.123959276287, 0.132293284883, 0.382303938113, 0.219099248133, 0.954140901551, 0.46227184629, 0.597031790903, 0.55747466092, 0.469279002564, 0.119339323136, 0.165363621442, 0.354543815964, 0.0236230465182, 0.00629785150995, 0.914679997726, 0.171438552288, 0.315272003539, 0.246348525547, 0.0307380191855, 0.0508593606926, 0.304181202566, 0.685112922223, 2.39366792111
0.958426280116, 0.138765353407, 0.190690873994, 0.357674789104, 0.723227970009, 0.0135622653584, 0.860934717663, 0.229424891208, 0.668637992146, 0.189620459151, 0.540821417553, 0.443697849511, 0.860718875416, 0.504670622621, 0.12954178327, 0.760044276191, 0.167369897721, 0.349128827143, 0.742338721925, 0.504661959448, 0.00349412917875, 0.0774453128751, 0.325372839208, 0.248468077494, 0.213897562189, 0.0729138937494, 0.562094460072, 0.00837285523751, 0.216613489611, 0.00346934887767, 0.958426280116, 2.14566418236
0.648569360538, 0.118173431502, 0.751038071298, 0.412681291168, 0.0919741479252, 0.0411683806519, 0.105279681224, 0.222358312008, 0.253576801549, 0.595515754181, 0.809579111596, 0.409906986895, 0.0253566394758, 0.819159433293, 0.0221796163681, 0.975671017312, 0.0675231627812, 0.00464437021065, 0.44768658347, 0.265148278948, 0.697186730753, 0.231000350021, 0.959335020674, 0.0685475200214, 0.215921326477, 0.160628663651, 0.524040323553, 0.343146740637, 0.000497562674119, 0.267720415377, 0.648569360538, 2.44887469035
0.447146288836, 0.192833582173, 0.647707704398, 0.213050507054, 0.281028709559, 0.398816604587, 0.356102443753, 0.116231431415, 0.489797672912, 0.00306389369509, 0.338933995408, 0.442984052498, 0.924102970509, 0.374511008223, 0.0748605499321, 0.139928738196, 0.125256475885, 0.349636520512, 0.121119260759, 0.194368210284, 0.631949975929, 0.224780484398, 0.957505092051, 0.52579547722, 0.62850455385, 0.295963970861, 0.0577638626575, 0.0912555615667, 0.000497562674119, 0.7948275303, 0.447146288836, 2.74711742046
0.303535826574, 0.388138188864, 0.406450192964, 0.400177185314, 0.211171331759, 0.688286903156, 0.992487082547, 0.146185957646, 0.217395295463, 0.36799777328, 0.226928807056, 0.410193503292, 0.0456615505977, 0.850671420996, 0.487095776134, 0.090220755045, 0.361767010246, 0.299422735799, 0.544017201314, 0.189346056782, 0.284356017135, 0.127658700881, 0.639574301803, 0.530640542338, 0.502621127176, 0.638687232951, 0.00759476275074, 0.733319898335, 0.154391849043, 0.109519676975, 0.303535826574, 3.27033799543
0.350462259686, 0.418008353065, 0.626048980841, 0.139621796861, 0.971971335077, 0.0878348391908, 0.35715552304, 0.38241497937, 0.273821190747, 0.752070428776, 0.0514539192623, 0.170232663323, 0.302097723072, 0.804957859331, 0.120457186147, 0.106861690972, 0.0843330208155, 0.82099917702, 0.524693172143, 0.945117535821, 0.47546982251, 0.196658774201, 0.234687191138, 0.00262631402372, 0.298854519683, 0.478467853929, 0.73414421634, 0.0908136848338, 0.244585338246, 0.270405436561, 0.350462259686, 3.16122792784
0.182891145453, 0.504556883348, 0.679175513088, 0.08971603499, 0.904703402679, 0.0878348391908, 0.35715552304, 0.462547406028, 0.324592954297, 0.752070428776, 0.149050785485, 0.130030855581, 0.174547519017, 0.388227153647, 0.876339105689, 0.0481751062597, 0.00669517282147, 0.603756446602, 0.524693172143, 0.160238331468, 0.47546982251, 0.196658774201, 0.404424206593, 0.0556176033829, 0.0215907183651, 0.478467853929, 0.31198180526, 0.567910867459, 0.244585338246, 0.270405436561, 0.182891145453, 3.30691674059
0.0721255625074, 0.206944342789, 0.743906075658, 0.0476287158774, 0.386518781402, 0.583735939469, 0.180037252773, 0.161438405467, 0.136168203625, 0.897491716153, 0.33848897151, 0.0751530376268, 0.417991865192, 0.604077129651, 0.560002024534, 0.324887173829, 0.0311589969439, 0.00620140605331, 0.0300812934598, 0.281381298718, 0.191252802066, 0.613572159919, 0.452739397883, 0.00649774407572, 0.301189531346, 0.174050781619, 0.976268946989, 0.500598120192, 0.535731502994, 0.0161993428075, 0.0721255625074, 3.49609543498
0.0359740233216, 0.501726993106, 0.5845095829, 0.258194378977, 0.0813573604462, 0.657505360099, 0.595943221347, 0.274665183324, 0.230801953556, 0.0303163134869, 0.242196627637, 0.389924629435, 0.344445523079, 0.578808994368, 0.0276645069138, 0.104268732913, 0.350719658447, 0.762666775008, 0.432797826159, 0.265148278948, 0.204112626186, 0.293564071001, 0.469947108248, 0.0685255767617, 0.0848231701688, 0.227272321568, 0.181820208439, 0.720584336602, 0.501026681627, 0.887304511018, 0.0359740233216, 3.82358895375
0.389613201984, 0.822897429068, 0.00205728086237, 0.141378359417, 0.77846521669, 0.256046409193, 0.430561172471, 0.0873997441975, 0.291483696646, 0.212185597982, 0.233287756674, 0.0614080548981, 0.0456615505977, 0.846229698701, 0.0115839639298, 0.116927836141, 0.136820205945, 0.388389993132, 0.557028118997, 0.920174288634, 0.244992168135, 0.0841864215879, 0.33235062562, 0.204207732684, 0.729712420901, 0.549760779197, 0.379992092774, 0.675394732883, 0.118638382777, 0.731475931678, 0.389613201984, 2.94173450037
0.00181869550023, 0.662769414589, 0.966104974048, 0.0585190883791, 0.0454786776631, 0.890506293314, 0.900345568982, 0.331985929379, 0.910935920078, 0.996033947533, 0.792652289884, 0.305773680214, 0.0247282396879, 0.19024342248, 0.450974377943, 0.168922249739, 0.136820205945, 0.248690351165, 0.999843703111, 0.595222835195, 0.963006538575, 0.0132572899427, 0.195429388639, 0.772102635318, 0.103676100925, 0.160628663651, 0.942165640161, 0.367806738049, 0.953561205268, 0.61443226, 0.00181869550023, 5.48074959076
0.00116385701243, 0.118173431502, 0.966104974048, 0.106611077499, 0.0454786776631, 0.890506293314, 0.900345568982, 0.331985929379, 0.455120063419, 0.993754320851, 0.792652289884, 0.120252268369, 0.976284330897, 0.801238528917, 0.466596893819, 0.168922249739, 0.956872486038, 0.719434059665, 0.998975856509, 0.637983410322, 0.963006538575, 0.436071033858, 0.0332240643333, 0.772102635318, 0.132736433573, 0.160628663651, 0.138296128375, 0.0475294043723, 0.871332308441, 0.266998703146, 0.00116385701243, 5.65699754781
0.997182850764, 0.138765353407, 0.395088572215, 0.357674789104, 0.649558558246, 0.0122245787525, 0.494370133177, 0.229424891208, 0.668637992146, 0.180569277764, 0.203221164121, 0.394841149736, 0.292382425136, 0.484326727926, 0.12954178327, 0.760044276191, 0.167369897721, 0.467017562763, 0.742338721925, 0.281381298718, 0.227221591737, 0.313879867246, 0.325372839208, 0.592050501268, 0.665288472795, 0.132924629307, 0.344443842015, 0.00837285523751, 0.107827116232, 0.00346934887767, 0.997182850764, 2.02681191902
0.768742323632, 0.264594453634, 0.226094272086, 0.0137383364925, 0.0973883625405, 0.461767428737, 0.0943104415518, 0.297748279851, 0.211178277348, 0.607575016961, 0.589560375624, 0.382303938113, 0.250893928685, 0.0142146411948, 0.321717642785, 0.300939758958, 0.0683943276443, 0.284995980262, 0.0930084138165, 0.469761626675, 0.123386223763, 0.459531504583, 0.558430803897, 0.0551301950207, 0.740209037494, 0.970630343856, 0.31198180526, 0.151660662317, 0.635520187402, 0.314370743283, 0.768742323632, 2.17492099013
0.00397724298584, 0.793044599686, 0.428208052035, 0.106611077499, 0.782893027118, 0.351615541981, 0.356102443753, 0.508108160467, 0.0767415655076, 0.33190263548, 0.879519663241, 0.0609855431208, 0.970001253288, 0.342905460935, 0.0414188377438, 0.312467106247, 0.956872486038, 0.903835168032, 0.208495361649, 0.63435998652, 0.0616552981464, 0.419644675276, 0.886454550428, 0.185268350376, 0.103676100925, 0.227272321568, 0.138296128375, 0.949942794641, 0.501026681627, 0.224217514754, 0.00397724298584, 4.81451151413
0.00701121097491, 0.688477288751, 0.0545784275963, 0.434302520884, 0.649558558246, 0.0135622653584, 0.100289519258, 0.229424891208, 0.668637992146, 0.856550983319, 0.102953167235, 0.0923956078373, 0.292382425136, 0.117202894236, 0.12954178327, 0.184885028195, 0.167369897721, 0.349128827143, 0.749367726076, 0.504661959448, 0.0128751292656, 0.875918958749, 0.0158941544335, 0.0465675603123, 0.0766503226168, 0.0334664733661, 0.562094460072, 0.798075155365, 0.858312890124, 0.00230510938434, 0.00701121097491, 3.83276658977
0.685112922223, 0.9229547652, 0.557272070549, 0.0103395171148, 0.126321247213, 0.401290916446, 0.27883866426, 0.757219668103, 0.211178277348, 0.123959276287, 0.132293284883, 0.382303938113, 0.219099248133, 0.954140901551, 0.46227184629, 0.597031790903, 0.55747466092, 0.469279002564, 0.119339323136, 0.165363621442, 0.354543815964, 0.0236230465182, 0.00629785150995, 0.914679997726, 0.171438552288, 0.315272003539, 0.246348525547, 0.0307380191855, 0.0508593606926, 0.304181202566, 0.685112922223, 2.39366792111
0.958426280116, 0.138765353407, 0.190690873994, 0.357674789104, 0.723227970009, 0.0135622653584, 0.860934717663, 0.229424891208, 0.668637992146, 0.189620459151, 0.540821417553, 0.443697849511, 0.860718875416, 0.504670622621, 0.12954178327, 0.760044276191, 0.167369897721, 0.349128827143, 0.742338721925, 0.504661959448, 0.00349412917875, 0.0774453128751, 0.325372839208, 0.248468077494, 0.213897562189, 0.0729138937494, 0.562094460072, 0.00837285523751, 0.216613489611, 0.00346934887767, 0.958426280116, 2.14566418236
0.648569360538, 0.118173431502, 0.751038071298, 0.412681291168, 0.0919741479252, 0.0411683806519, 0.105279681224, 0.222358312008, 0.253576801549, 0.595515754181, 0.809579111596, 0.409906986895, 0.0253566394758, 0.819159433293, 0.0221796163681, 0.975671017312, 0.0675231627812, 0.00464437021065, 0.44768658347, 0.265148278948, 0.697186730753, 0.231000350021, 0.959335020674, 0.0685475200214, 0.215921326477, 0.160628663651, 0.524040323553, 0.343146740637, 0.000497562674119, 0.267720415377, 0.648569360538, 2.44887469035
0.447146288836, 0.192833582173, 0.647707704398, 0.213050507054, 0.281028709559, 0.398816604587, 0.356102443753, 0.116231431415, 0.489797672912, 0.00306389369509, 0.338933995408, 0.442984052498, 0.924102970509, 0.374511008223, 0.0748605499321, 0.139928738196, 0.125256475885, 0.349636520512, 0.121119260759, 0.194368210284, 0.631949975929, 0.224780484398, 0.957505092051, 0.52579547722, 0.62850455385, 0.295963970861, 0.0577638626575, 0.0912555615667, 0.000497562674119, 0.7948275303, 0.447146288836, 2.74711742046
0.303535826574, 0.388138188864, 0.406450192964, 0.400177185314, 0.211171331759, 0.688286903156, 0.992487082547, 0.146185957646, 0.217395295463, 0.36799777328, 0.226928807056, 0.410193503292, 0.0456615505977, 0.850671420996, 0.487095776134, 0.090220755045, 0.361767010246, 0.299422735799, 0.544017201314, 0.189346056782, 0.284356017135, 0.127658700881, 0.639574301803, 0.530640542338, 0.502621127176, 0.638687232951, 0.00759476275074, 0.733319898335, 0.154391849043, 0.109519676975, 0.303535826574, 3.27033799543
0.350462259686, 0.418008353065, 0.626048980841, 0.139621796861, 0.971971335077, 0.0878348391908, 0.35715552304, 0.38241497937, 0.273821190747, 0.752070428776, 0.0514539192623, 0.170232663323, 0.302097723072, 0.804957859331, 0.120457186147, 0.106861690972, 0.0843330208155, 0.82099917702, 0.524693172143, 0.945117535821, 0.47546982251, 0.196658774201, 0.234687191138, 0.00262631402372, 0.298854519683, 0.478467853929, 0.73414421634, 0.0908136848338, 0.244585338246, 0.270405436561, 0.350462259686, 3.16122792784
0.239842616835, 0.595552419057, 0.0176249583411, 0.261045455234, 0.0119258369602, 0.255378832006, 0.285338356531, 0.64701919234, 0.868176362976, 0.44935457722, 0.189303527753, 0.396181074277, 0.24491551603, 0.891363073346, 0.59757862558, 0.0343410618393, 0.69168799654, 0.565006031973, 0.0711477126669, 0.118502958318, 0.631223444298, 0.560483902292, 0.579176787103, 0.579540148056, 0.588041260752, 0.274853016996, 0.137898599662, 0.228543808076, 0.0619976244612, 0.156956374159, 0.239842616835, 3.38220438888
0.239842616835, 0.595552419057, 0.0176249583411, 0.261045455234, 0.0119258369602, 0.255378832006, 0.285338356531, 0.64701919234, 0.868176362976, 0.44935457722, 0.189303527753, 0.396181074277, 0.24491551603, 0.891363073346, 0.59757862558, 0.0343410618393, 0.69168799654, 0.565006031973, 0.0711477126669, 0.118502958318, 0.631223444298, 0.560483902292, 0.579176787103, 0.579540148056, 0.588041260752, 0.274853016996, 0.137898599662, 0.228543808076, 0.0619976244612, 0.156956374159, 0.239842616835, 3.38220438888
0.00116385701243, 0.118173431502, 0.966104974048, 0.106611077499, 0.0454786776631, 0.890506293314, 0.900345568982, 0.331985929379, 0.910935920078, 0.993754320851, 0.792652289884, 0.16869018188, 0.864445233827, 0.801238528917, 0.466596893819, 0.0807673067279, 0.487258341502, 0.719434059665, 0.998975856509, 0.637983410322, 0.963006538575, 0.436071033858, 0.0312750341344, 0.772102635318, 0.132736433573, 0.160628663651, 0.399247275932, 0.0475294043723, 0.994360950329, 0.61443226, 0.00116385701243, 5.83082892212
0.984475782576, 0.198236126121, 0.647707704398, 0.454863725283, 0.281028709559, 0.665390283272, 0.356102443753, 0.116231431415, 0.253576801549, 0.202281286657, 0.338933995408, 0.442984052498, 0.812931208425, 0.374511008223, 0.177981995949, 0.139928738196, 0.125256475885, 0.349636520512, 0.121119260759, 0.469761626675, 0.530033361027, 0.735869079333, 0.909660076133, 0.202631624353, 0.952633024028, 0.0809937953154, 0.0577638626575, 0.0745701569821, 0.000411743316374, 0.267720415377, 0.984475782576, 2.17355261515
0.389613201984, 0.822897429068, 0.00205728086237, 0.141378359417, 0.77846521669, 0.256046409193, 0.430561172471, 0.0573426783488, 0.0224056807709, 0.279521375994, 0.0132513218143, 0.0512144501925, 0.290318610153, 0.846229698701, 0.0115839639298, 0.116927836141, 0.284560579946, 0.388389993132, 0.153595979616, 0.920174288634, 0.244992168135, 0.0841864215879, 0.438213861142, 0.713328182881, 0.351682608332, 0.687121309324, 0.920065049342, 0.692011321985, 0.118638382777, 0.577482020467, 0.389613201984, 3.02181877102
0.00116385701243, 0.118173431502, 0.966104974048, 0.106611077499, 0.0454786776631, 0.890506293314, 0.900345568982, 0.331985929379, 0.910935920078, 0.993754320851, 0.792652289884, 0.16869018188, 0.864445233827, 0.801238528917, 0.466596893819, 0.0807673067279, 0.487258341502, 0.719434059665, 0.998975856509, 0.637983410322, 0.963006538575, 0.436071033858, 0.0312750341344, 0.772102635318, 0.132736433573, 0.160628663651, 0.399247275932, 0.0475294043723, 0.994360950329, 0.61443226, 0.00116385701243, 5.83082892212
0.984475782576, 0.198236126121, 0.647707704398, 0.454863725283, 0.281028709559, 0.665390283272, 0.356102443753, 0.116231431415, 0.253576801549, 0.202281286657, 0.338933995408, 0.442984052498, 0.812931208425, 0.374511008223, 0.177981995949, 0.139928738196, 0.125256475885, 0.349636520512, 0.121119260759, 0.469761626675, 0.530033361027, 0.735869079333, 0.909660076133, 0.202631624353, 0.952633024028, 0.0809937953154, 0.0577638626575, 0.0745701569821, 0.000411743316374, 0.267720415377, 0.984475782576, 2.17355261515
0.389613201984, 0.822897429068, 0.00205728086237, 0.141378359417, 0.77846521669, 0.256046409193, 0.430561172471, 0.0573426783488, 0.0224056807709, 0.279521375994, 0.0132513218143, 0.0512144501925, 0.290318610153, 0.846229698701, 0.0115839639298, 0.116927836141, 0.284560579946, 0.388389993132, 0.153595979616, 0.920174288634, 0.244992168135, 0.0841864215879, 0.438213861142, 0.713328182881, 0.351682608332, 0.687121309324, 0.920065049342, 0.692011321985, 0.118638382777, 0.577482020467, 0.389613201984, 3.02181877102
0.00181869550023, 0.662769414589, 0.966104974048, 0.0585190883791, 0.0305464182932, 0.890506293314, 0.900345568982, 0.331985929379, 0.211391097368, 0.996033947533, 0.792652289884, 0.305773680214, 0.00292494282864, 0.306768776024, 0.450974377943, 0.162535260803, 0.136820205945, 0.248690351165, 0.998975856509, 0.595222835195, 0.963006538575, 0.938853456301, 0.232511402909, 0.772102635318, 0.103676100925, 0.323148715028, 0.942165640161, 0.0150702178215, 0.953561205268, 0.61443226, 0.00181869550023, 5.52548322463
0.303535826574, 0.388138188864, 0.406450192964, 0.626514795672, 0.119232316457, 0.151887894743, 0.703412083138, 0.0339687768642, 0.217395295463, 0.607575016961, 0.211838757022, 0.410193503292, 0.670155168101, 0.850671420996, 0.721006431438, 0.090220755045, 0.361767010246, 0.299422735799, 0.544017201314, 0.189346056782, 0.531325039134, 0.180548628014, 0.19012543313, 0.378713442286, 0.23919273143, 0.705827277141, 0.135753422396, 0.733319898335, 0.0252646823524, 0.558135171534, 0.303535826574, 3.33226134248
0.0721255625074, 0.206944342789, 0.743906075658, 0.0476287158774, 0.386518781402, 0.583735939469, 0.180037252773, 0.161438405467, 0.657921990844, 0.897491716153, 0.33848897151, 0.0751530376268, 0.417991865192, 0.604077129651, 0.560002024534, 0.324887173829, 0.0311589969439, 0.00620140605331, 0.0300812934598, 0.504661959448, 0.191252802066, 0.875918958749, 0.452739397883, 0.0563205959909, 0.301189531346, 0.174050781619, 0.976268946989, 0.12487138784, 0.535731502994, 0.0161993428075, 0.0721255625074, 3.69363196178
0.00181869550023, 0.662769414589, 0.966104974048, 0.0585190883791, 0.0305464182932, 0.890506293314, 0.900345568982, 0.331985929379, 0.211391097368, 0.996033947533, 0.792652289884, 0.305773680214, 0.00292494282864, 0.306768776024, 0.450974377943, 0.162535260803, 0.136820205945, 0.248690351165, 0.998975856509, 0.595222835195, 0.963006538575, 0.938853456301, 0.232511402909, 0.772102635318, 0.103676100925, 0.323148715028, 0.942165640161, 0.0150702178215, 0.953561205268, 0.61443226, 0.00181869550023, 5.52548322463
0.303535826574, 0.388138188864, 0.406450192964, 0.626514795672, 0.119232316457, 0.151887894743, 0.703412083138, 0.0339687768642, 0.217395295463, 0.607575016961, 0.211838757022, 0.410193503292, 0.670155168101, 0.850671420996, 0.721006431438, 0.090220755045, 0.361767010246, 0.299422735799, 0.544017201314, 0.189346056782, 0.531325039134, 0.180548628014, 0.19012543313, 0.378713442286, 0.23919273143, 0.705827277141, 0.135753422396, 0.733319898335, 0.0252646823524, 0.558135171534, 0.303535826574, 3.33226134248
0.0721255625074, 0.206944342789, 0.743906075658, 0.0476287158774, 0.386518781402, 0.583735939469, 0.180037252773, 0.161438405467, 0.657921990844, 0.897491716153, 0.33848897151, 0.0751530376268, 0.417991865192, 0.604077129651, 0.560002024534, 0.324887173829, 0.0311589969439, 0.00620140605331, 0.0300812934598, 0.504661959448, 0.191252802066, 0.875918958749, 0.452739397883, 0.0563205959909, 0.301189531346, 0.174050781619, 0.976268946989, 0.12487138784, 0.535731502994, 0.0161993428075, 0.0721255625074, 3.69363196178
0.768742323632, 0.264594453634, 0.917479129711, 0.0137383364925, 0.374723265499, 0.461767428737, 0.184098949926, 0.297748279851, 0.211178277348, 0.36799777328, 0.589560375624, 0.382303938113, 0.250893928685, 0.0142146411948, 0.321717642785, 0.300939758958, 0.0683943276443, 0.284995980262, 0.0930084138165, 0.469761626675, 0.123386223763, 0.459531504583, 0.558430803897, 0.0551301950207, 0.740209037494, 0.970630343856, 0.31198180526, 0.151660662317, 0.1593255874, 0.314370743283, 0.768742323632, 2.25785874315
0.768742323632, 0.264594453634, 0.917479129711, 0.0137383364925, 0.374723265499, 0.461767428737, 0.184098949926, 0.297748279851, 0.211178277348, 0.36799777328, 0.589560375624, 0.382303938113, 0.250893928685, 0.0142146411948, 0.321717642785, 0.300939758958, 0.0683943276443, 0.284995980262, 0.0930084138165, 0.469761626675, 0.123386223763, 0.459531504583, 0.558430803897, 0.0551301950207, 0.740209037494, 0.970630343856, 0.31198180526, 0.151660662317, 0.1593255874, 0.314370743283, 0.768742323632, 2.25785874315
0.303535826574, 0.388138188864, 0.406450192964, 0.626514795672, 0.211171331759, 0.151887894743, 0.703412083138, 0.146185957646, 0.217395295463, 0.36799777328, 0.211838757022, 0.410193503292, 0.670155168101, 0.850671420996, 0.721006431438, 0.0332621118391, 0.361767010246, 0.299422735799, 0.544017201314, 0.189346056782, 0.284356017135, 0.790811855763, 0.19012543313, 0.378713442286, 0.23919273143, 0.705827277141, 0.171378289879, 0.733319898335, 0.0252646823524, 0.558135171534, 0.303535826574, 3.41510662145
0.303535826574, 0.388138188864, 0.406450192964, 0.626514795672, 0.211171331759, 0.151887894743, 0.703412083138, 0.146185957646, 0.217395295463, 0.36799777328, 0.211838757022, 0.410193503292, 0.670155168101, 0.850671420996, 0.721006431438, 0.0332621118391, 0.361767010246, 0.299422735799, 0.544017201314, 0.189346056782, 0.284356017135, 0.790811855763, 0.19012543313, 0.378713442286, 0.23919273143, 0.705827277141, 0.171378289879, 0.733319898335, 0.0252646823524, 0.558135171534, 0.303535826574, 3.41510662145
0.350462259686, 0.418008353065, 0.711693312164, 0.0918801326206, 0.971971335077, 0.0878348391908, 0.35715552304, 0.322349515612, 0.324592954297, 0.752070428776, 0.0514539192623, 0.170232663323, 0.302097723072, 0.804957859331, 0.143209946096, 0.106861690972, 0.0496759331978, 0.919018873431, 0.544017201314, 0.968725249847, 0.47546982251, 0.196658774201, 0.539600400829, 0.00262631402372, 0.298854519683, 0.667496266816, 0.73414421634, 0.0908136848338, 0.244585338246, 0.270405436561, 0.350462259686, 3.33524375651
0.350462259686, 0.418008353065, 0.711693312164, 0.0918801326206, 0.971971335077, 0.0878348391908, 0.35715552304, 0.322349515612, 0.324592954297, 0.752070428776, 0.0514539192623, 0.170232663323, 0.302097723072, 0.804957859331, 0.143209946096, 0.106861690972, 0.0496759331978, 0.919018873431, 0.544017201314, 0.968725249847, 0.47546982251, 0.196658774201, 0.539600400829, 0.00262631402372, 0.298854519683, 0.667496266816, 0.73414421634, 0.0908136848338, 0.244585338246, 0.270405436561, 0.350462259686, 3.33524375651
0.389613201984, 0.822897429068, 0.00205728086237, 0.141378359417, 0.77846521669, 0.256046409193, 0.430561172471, 0.0873997441975, 0.280648283357, 0.279521375994, 0.032860456214, 0.0614080548981, 0.290318610153, 0.846229698701, 0.0115839639298, 0.116927836141, 0.284560579946, 0.388389993132, 0.153595979616, 0.920174288634, 0.244992168135, 0.0841864215879, 0.438213861142, 0.713328182881, 0.257030340275, 0.687121309324, 0.757859789457, 0.692011321985, 0.118638382777, 0.577482020467, 0.389613201984, 3.03797457995
0.389613201984, 0.822897429068, 0.00205728086237, 0.141378359417, 0.77846521669, 0.256046409193, 0.430561172471, 0.0873997441975, 0.280648283357, 0.279521375994, 0.032860456214, 0.0614080548981, 0.290318610153, 0.846229698701, 0.0115839639298, 0.116927836141, 0.284560579946, 0.388389993132, 0.153595979616, 0.920174288634, 0.244992168135, 0.0841864215879, 0.438213861142, 0.713328182881, 0.257030340275, 0.687121309324, 0.757859789457, 0.692011321985, 0.118638382777, 0.577482020467, 0.389613201984, 3.03797457995
0.116629981376, 0.0188025916612, 0.395088572215, 0.151922967926, 0.649558558246, 0.529475436238, 0.327884967764, 0.203791510004, 0.997055779696, 0.167527914498, 0.797264327095, 0.965364447044, 0.0431351359899, 0.213964691298, 0.12954178327, 0.225469015111, 0.942974529991, 0.916604037737, 0.569997922948, 0.273292312551, 0.4766250367, 0.973168526724, 0.234834444268, 0.0176962286849, 0.486878791029, 0.556239841865, 0.00495330825594, 0.00837285523751, 0.000497562674119, 0.0161993428075, 0.116629981376, 3.78022649987
0.116629981376, 0.0188025916612, 0.395088572215, 0.151922967926, 0.649558558246, 0.529475436238, 0.327884967764, 0.203791510004, 0.997055779696, 0.167527914498, 0.797264327095, 0.965364447044, 0.0431351359899, 0.213964691298, 0.12954178327, 0.225469015111, 0.942974529991, 0.916604037737, 0.569997922948, 0.273292312551, 0.4766250367, 0.973168526724, 0.234834444268, 0.0176962286849, 0.486878791029, 0.556239841865, 0.00495330825594, 0.00837285523751, 0.000497562674119, 0.0161993428075, 0.116629981376, 3.78022649987
0.00181869550023, 0.662769414589, 0.960828390164, 0.539450084017, 0.0454786776631, 0.890506293314, 0.88355142471, 0.157173087523, 0.910935920078, 0.996033947533, 0.792652289884, 0.305773680214, 0.0067485016822, 0.801238528917, 0.450974377943, 0.168922249739, 0.125162513175, 0.648887436185, 0.432797826159, 0.595222835195, 0.992899535883, 0.601079273531, 0.117044496627, 0.772102635318, 0.132736433573, 0.160628663651, 0.942165640161, 0.0150702178215, 0.216613489611, 0.61443226, 0.00181869550023, 5.53526678772
0.00181869550023, 0.662769414589, 0.960828390164, 0.539450084017, 0.0454786776631, 0.890506293314, 0.88355142471, 0.157173087523, 0.910935920078, 0.996033947533, 0.792652289884, 0.305773680214, 0.0067485016822, 0.801238528917, 0.450974377943, 0.168922249739, 0.125162513175, 0.648887436185, 0.432797826159, 0.595222835195, 0.992899535883, 0.601079273531, 0.117044496627, 0.772102635318, 0.132736433573, 0.160628663651, 0.942165640161, 0.0150702178215, 0.216613489611, 0.61443226, 0.00181869550023, 5.53526678772
0.389613201984, 0.822897429068, 0.00205728086237, 0.141378359417, 0.77846521669, 0.256046409193, 0.430561172471, 0.0873997441975, 0.483648203323, 0.212185597982, 0.233287756674, 0.0614080548981, 0.0456615505977, 0.889353536741, 0.629863458275, 0.116927836141, 0.136820205945, 0.388389993132, 0.557028118997, 0.920174288634, 0.299857632174, 0.0841864215879, 0.33235062562, 0.204207732684, 0.729712420901, 0.549760779197, 0.379992092774, 0.675394732883, 0.118638382777, 0.577482020467, 0.389613201984, 3.14079875268
0.00701121097491, 0.672728725629, 0.428208052035, 0.106611077499, 0.782893027118, 0.351615541981, 0.721178969476, 0.316873047395, 0.190196943126, 0.46440512405, 0.879519663241, 0.0609855431208, 0.0518416175931, 0.0270379584905, 0.245805003134, 0.312467106247, 0.956872486038, 0.267339199699, 0.694160718908, 0.63435998652, 0.0616552981464, 0.419644675276, 0.886454550428, 0.185268350376, 0.103676100925, 0.227272321568, 0.141803215244, 0.96105646181, 0.501026681627, 0.224217514754, 0.00701121097491, 4.50476123359
0.0309050759183, 0.650098792613, 0.00597285531969, 0.844545437664, 0.0813573604462, 0.809385308429, 0.86993335881, 0.0036987666326, 0.0582145363077, 0.414607444763, 0.351364102031, 0.401157215476, 0.604926941966, 0.578808994368, 0.144284280203, 0.312467106247, 0.0317416627667, 0.762666775008, 0.432797826159, 0.111610959716, 0.204112626186, 0.0304018906937, 0.33235062562, 0.0685255767617, 0.0848231701688, 0.227272321568, 0.246348525547, 0.599580923941, 0.501026681627, 0.547849852592, 0.0309050759183, 3.83996430719
0.672406207946, 0.132090544041, 0.751038071298, 0.412681291168, 0.0919741479252, 0.290809665262, 0.105279681224, 0.30862183142, 0.740485665624, 0.010634015577, 0.767269939186, 0.409906986895, 0.230758794825, 0.739191689184, 0.159488177576, 0.742170403282, 0.125256475885, 0.00464437021065, 0.44768658347, 0.265148278948, 0.424583082651, 0.25439420348, 0.490704707868, 0.329038635948, 0.186267444671, 0.263443436862, 0.524040323553, 0.967900300364, 0.734281467639, 0.267720415377, 0.672406207946, 2.7354165993
0.0274538612948, 0.198236126121, 0.5845095829, 0.487421388431, 0.0813573604462, 0.657505360099, 0.595943221347, 0.274665183324, 0.230801953556, 0.0303163134869, 0.899319756954, 0.389924629435, 0.344445523079, 0.578808994368, 0.0276645069138, 0.104268732913, 0.350719658447, 0.762666775008, 0.432797826159, 0.587399220726, 0.204112626186, 0.79812316828, 0.225407530131, 0.0685255767617, 0.0848231701688, 0.227272321568, 0.246348525547, 0.720584336602, 0.501026681627, 0.887304511018, 0.0274538612948, 4.23934941593
0.389613201984, 0.822897429068, 0.00205728086237, 0.141378359417, 0.77846521669, 0.256046409193, 0.430561172471, 0.0873997441975, 0.483648203323, 0.212185597982, 0.233287756674, 0.0614080548981, 0.0456615505977, 0.889353536741, 0.629863458275, 0.116927836141, 0.136820205945, 0.388389993132, 0.557028118997, 0.920174288634, 0.299857632174, 0.0841864215879, 0.33235062562, 0.204207732684, 0.729712420901, 0.549760779197, 0.379992092774, 0.675394732883, 0.118638382777, 0.577482020467, 0.389613201984, 3.14079875268
0.00701121097491, 0.672728725629, 0.428208052035, 0.106611077499, 0.782893027118, 0.351615541981, 0.721178969476, 0.316873047395, 0.190196943126, 0.46440512405, 0.879519663241, 0.0609855431208, 0.0518416175931, 0.0270379584905, 0.245805003134, 0.312467106247, 0.956872486038, 0.267339199699, 0.694160718908, 0.63435998652, 0.0616552981464, 0.419644675276, 0.886454550428, 0.185268350376, 0.103676100925, 0.227272321568, 0.141803215244, 0.96105646181, 0.501026681627, 0.224217514754, 0.00701121097491, 4.50476123359
0.0309050759183, 0.650098792613, 0.00597285531969, 0.844545437664, 0.0813573604462, 0.809385308429, 0.86993335881, 0.0036987666326, 0.0582145363077, 0.414607444763, 0.351364102031, 0.401157215476, 0.604926941966, 0.578808994368, 0.144284280203, 0.312467106247, 0.0317416627667, 0.762666775008, 0.432797826159, 0.111610959716, 0.204112626186, 0.0304018906937, 0.33235062562, 0.0685255767617, 0.0848231701688, 0.227272321568, 0.246348525547, 0.599580923941, 0.501026681627, 0.547849852592, 0.0309050759183, 3.83996430719
0.672406207946, 0.132090544041, 0.751038071298, 0.412681291168, 0.0919741479252, 0.290809665262, 0.105279681224, 0.30862183142, 0.740485665624, 0.010634015577, 0.767269939186, 0.409906986895, 0.230758794825, 0.739191689184, 0.159488177576, 0.742170403282, 0.125256475885, 0.00464437021065, 0.44768658347, 0.265148278948, 0.424583082651, 0.25439420348, 0.490704707868, 0.329038635948, 0.186267444671, 0.263443436862, 0.524040323553, 0.967900300364, 0.734281467639, 0.267720415377, 0.672406207946, 2.7354165993
0.0274538612948, 0.198236126121, 0.5845095829, 0.487421388431, 0.0813573604462, 0.657505360099, 0.595943221347, 0.274665183324, 0.230801953556, 0.0303163134869, 0.899319756954, 0.389924629435, 0.344445523079, 0.578808994368, 0.0276645069138, 0.104268732913, 0.350719658447, 0.762666775008, 0.432797826159, 0.587399220726, 0.204112626186, 0.79812316828, 0.225407530131, 0.0685255767617, 0.0848231701688, 0.227272321568, 0.246348525547, 0.720584336602, 0.501026681627, 0.887304511018, 0.0274538612948, 4.23934941593
0.447146288836, 0.198236126121, 0.647707704398, 0.213050507054, 0.281028709559, 0.398816604587, 0.356102443753, 0.116231431415, 0.906876395455, 0.179322491087, 0.338933995408, 0.442984052498, 0.938007192204, 0.374511008223, 0.177981995949, 0.139928738196, 0.365417666971, 0.349636520512, 0.121119260759, 0.216488647278, 0.631949975929, 0.224780484398, 0.957505092051, 0.52579547722, 0.62850455385, 0.295963970861, 0.0577638626575, 0.0912555615667, 0.000497562674119, 0.7948275303, 0.447146288836, 3.00143224155
0.447146288836, 0.198236126121, 0.647707704398, 0.213050507054, 0.281028709559, 0.398816604587, 0.356102443753, 0.116231431415, 0.906876395455, 0.179322491087, 0.338933995408, 0.442984052498, 0.938007192204, 0.374511008223, 0.177981995949, 0.139928738196, 0.365417666971, 0.349636520512, 0.121119260759, 0.216488647278, 0.631949975929, 0.224780484398, 0.957505092051, 0.52579547722, 0.62850455385, 0.295963970861, 0.0577638626575, 0.0912555615667, 0.000497562674119, 0.7948275303, 0.447146288836, 3.00143224155
0.182891145453, 0.504556883348, 0.679175513088, 0.08971603499, 0.904703402679, 0.0878348391908, 0.35715552304, 0.462547406028, 0.324592954297, 0.752070428776, 0.149050785485, 0.130030855581, 0.174547519017, 0.388227153647, 0.876339105689, 0.0481751062597, 0.530888644906, 0.603756446602, 0.524693172143, 0.517997923323, 0.47546982251, 0.196658774201, 0.291189088844, 0.389349851483, 0.0215907183651, 0.478467853929, 0.31198180526, 0.993943504253, 0.244585338246, 0.270405436561, 0.182891145453, 3.73300250376
0.182891145453, 0.504556883348, 0.679175513088, 0.08971603499, 0.904703402679, 0.0878348391908, 0.35715552304, 0.462547406028, 0.324592954297, 0.752070428776, 0.149050785485, 0.130030855581, 0.174547519017, 0.388227153647, 0.876339105689, 0.0481751062597, 0.530888644906, 0.603756446602, 0.524693172143, 0.517997923323, 0.47546982251, 0.196658774201, 0.291189088844, 0.389349851483, 0.0215907183651, 0.478467853929, 0.31198180526, 0.993943504253, 0.244585338246, 0.270405436561, 0.182891145453, 3.73300250376
0.303535826574, 0.388138188864, 0.406450192964, 0.510467601245, 0.211171331759, 0.688286903156, 0.992487082547, 0.889557485345, 0.217395295463, 0.36799777328, 0.373234167055, 0.538527441763, 0.0456615505977, 0.850671420996, 0.487095776134, 0.090220755045, 0.361767010246, 0.552532375889, 0.524693172143, 0.189346056782, 0.284356017135, 0.127658700881, 0.639574301803, 0.378713442286, 0.502621127176, 0.705827277141, 0.00759476275074, 0.733319898335, 0.154391849043, 0.109519676975, 0.303535826574, 3.61597112215
0.303535826574, 0.388138188864, 0.406450192964, 0.510467601245, 0.211171331759, 0.688286903156, 0.992487082547, 0.889557485345, 0.217395295463, 0.36799777328, 0.373234167055, 0.538527441763, 0.0456615505977, 0.850671420996, 0.487095776134, 0.090220755045, 0.361767010246, 0.552532375889, 0.524693172143, 0.189346056782, 0.284356017135, 0.127658700881, 0.639574301803, 0.378713442286, 0.502621127176, 0.705827277141, 0.00759476275074, 0.733319898335, 0.154391849043, 0.109519676975, 0.303535826574, 3.61597112215
0.00701121097491, 0.672728725629, 0.428208052035, 0.106611077499, 0.782893027118, 0.351615541981, 0.721178969476, 0.316873047395, 0.190196943126, 0.46440512405, 0.879519663241, 0.0609855431208, 0.874683590717, 0.0270379584905, 0.245805003134, 0.312467106247, 0.956872486038, 0.267339199699, 0.208495361649, 0.63435998652, 0.00349412917875, 0.419644675276, 0.886454550428, 0.185268350376, 0.103676100925, 0.227272321568, 0.138296128375, 0.96105646181, 0.501026681627, 0.224217514754, 0.00701121097491, 4.58861765269
0.389613201984, 0.822897429068, 0.00205728086237, 0.141378359417, 0.77846521669, 0.256046409193, 0.430561172471, 0.0873997441975, 0.483648203323, 0.110068807416, 0.032860456214, 0.0614080548981, 0.290318610153, 0.00445851339831, 0.0115839639298, 0.116927836141, 0.942974529991, 0.388389993132, 0.557028118997, 0.920174288634, 0.244992168135, 0.0265277851318, 0.438213861142, 0.831341859825, 0.351682608332, 0.687121309324, 0.891635064506, 0.675394732883, 0.118638382777, 0.67931836402, 0.389613201984, 3.20388840813
0.00701121097491, 0.672728725629, 0.428208052035, 0.106611077499, 0.782893027118, 0.351615541981, 0.721178969476, 0.316873047395, 0.190196943126, 0.46440512405, 0.879519663241, 0.0609855431208, 0.874683590717, 0.0270379584905, 0.245805003134, 0.312467106247, 0.956872486038, 0.267339199699, 0.208495361649, 0.63435998652, 0.00349412917875, 0.419644675276, 0.886454550428, 0.185268350376, 0.103676100925, 0.227272321568, 0.138296128375, 0.96105646181, 0.501026681627, 0.224217514754, 0.00701121097491, 4.58861765269
0.389613201984, 0.822897429068, 0.00205728086237, 0.141378359417, 0.77846521669, 0.256046409193, 0.430561172471, 0.0873997441975, 0.483648203323, 0.110068807416, 0.032860456214, 0.0614080548981, 0.290318610153, 0.00445851339831, 0.0115839639298, 0.116927836141, 0.942974529991, 0.388389993132, 0.557028118997, 0.920174288634, 0.244992168135, 0.0265277851318, 0.438213861142, 0.831341859825, 0.351682608332, 0.687121309324, 0.891635064506, 0.675394732883, 0.118638382777, 0.67931836402, 0.389613201984, 3.20388840813
0.00701121097491, 0.672728725629, 0.428208052035, 0.106611077499, 0.782893027118, 0.351615541981, 0.356102443753, 0.787261562778, 0.413560543088, 0.46440512405, 0.879519663241, 0.378641497449, 0.970001253288, 0.342905460935, 0.245805003134, 0.312467106247, 0.28771932963, 0.267339199699, 0.208495361649, 0.63435998652, 0.0616552981464, 0.419644675276, 0.886454550428, 0.185268350376, 0.103676100925, 0.227272321568, 0.138296128375, 0.965365432753, 0.501026681627, 0.224217514754, 0.00701121097491, 4.725869302
0.00701121097491, 0.672728725629, 0.428208052035, 0.106611077499, 0.782893027118, 0.351615541981, 0.356102443753, 0.787261562778, 0.413560543088, 0.46440512405, 0.879519663241, 0.378641497449, 0.970001253288, 0.342905460935, 0.245805003134, 0.312467106247, 0.28771932963, 0.267339199699, 0.208495361649, 0.63435998652, 0.0616552981464, 0.419644675276, 0.886454550428, 0.185268350376, 0.103676100925, 0.227272321568, 0.138296128375, 0.965365432753, 0.501026681627, 0.224217514754, 0.00701121097491, 4.725869302
0.389613201984, 0.822897429068, 0.00205728086237, 0.141378359417, 0.77846521669, 0.256046409193, 0.624522640375, 0.0873997441975, 0.483648203323, 0.0181873951383, 0.032860456214, 0.0614080548981, 0.290318610153, 0.846229698701, 0.0115839639298, 0.144944738103, 0.284560579946, 0.388389993132, 0.557028118997, 0.920174288634, 0.244992168135, 0.0841864215879, 0.438213861142, 0.831341859825, 0.351682608332, 0.687121309324, 0.891635064506, 0.675394732883, 0.118638382777, 0.577482020467, 0.389613201984, 3.2752626465
0.389613201984, 0.822897429068, 0.00205728086237, 0.141378359417, 0.77846521669, 0.256046409193, 0.624522640375, 0.0873997441975, 0.483648203323, 0.0181873951383, 0.032860456214, 0.0614080548981, 0.290318610153, 0.846229698701, 0.0115839639298, 0.144944738103, 0.284560579946, 0.388389993132, 0.557028118997, 0.920174288634, 0.244992168135, 0.0841864215879, 0.438213861142, 0.831341859825, 0.351682608332, 0.687121309324, 0.891635064506, 0.675394732883, 0.118638382777, 0.577482020467, 0.389613201984, 3.2752626465
0.00701121097491, 0.672728725629, 0.217367808463, 0.106611077499, 0.782893027118, 0.142690634797, 0.230662346599, 0.316873047395, 0.598589796456, 0.46440512405, 0.949892463103, 0.0609855431208, 0.864445233827, 0.0270379584905, 0.688627961041, 0.305197781687, 0.956872486038, 0.267339199699, 0.547525455522, 0.63435998652, 0.0616552981464, 0.650154733307, 0.202557817126, 0.185268350376, 0.132736433573, 0.635768761662, 0.138296128375, 0.914737424266, 0.503844073376, 0.482966812402, 0.00701121097491, 4.7683690145
0.00701121097491, 0.672728725629, 0.217367808463, 0.106611077499, 0.782893027118, 0.142690634797, 0.230662346599, 0.316873047395, 0.598589796456, 0.46440512405, 0.949892463103, 0.0609855431208, 0.864445233827, 0.0270379584905, 0.688627961041, 0.305197781687, 0.956872486038, 0.267339199699, 0.547525455522, 0.63435998652, 0.0616552981464, 0.650154733307, 0.202557817126, 0.185268350376, 0.132736433573, 0.635768761662, 0.138296128375, 0.914737424266, 0.503844073376, 0.482966812402, 0.00701121097491, 4.7683690145
0.667537804468, 0.198236126121, 0.671871225956, 0.429625678576, 0.599143928739, 0.664892258251, 0.456272664126, 0.111006305065, 0.148837261752, 0.0303163134869, 0.899319756954, 0.410193503292, 0.142869721534, 0.932295136538, 0.832033174614, 0.107293848054, 0.588891509331, 0.967599155122, 0.454738654604, 0.458543417532, 0.00918820442917, 0.450927366815, 0.0106090550507, 0.214985497355, 0.272465386611, 0.00638937520212, 0.121620687663, 0.644120444561, 0.563655200552, 0.433053619331, 0.667537804468, 2.90575240687
0.958426280116, 0.138765353407, 0.395088572215, 0.357674789104, 0.523335922355, 0.00135101490805, 0.860934717663, 0.0468618233406, 0.668637992146, 0.856550983319, 0.203221164121, 0.394841149736, 0.0896452984501, 0.523898313737, 0.12954178327, 0.760044276191, 0.167369897721, 0.467017562763, 0.742338721925, 0.504661959448, 0.00859147923869, 0.875918958749, 0.325372839208, 0.248468077494, 0.486878791029, 0.132924629307, 0.562094460072, 0.00837285523751, 0.107827116232, 0.00346934887767, 0.958426280116, 2.26004955751
0.667537804468, 0.198236126121, 0.671871225956, 0.429625678576, 0.599143928739, 0.664892258251, 0.456272664126, 0.111006305065, 0.148837261752, 0.0303163134869, 0.899319756954, 0.410193503292, 0.142869721534, 0.932295136538, 0.832033174614, 0.107293848054, 0.588891509331, 0.967599155122, 0.454738654604, 0.458543417532, 0.00918820442917, 0.450927366815, 0.0106090550507, 0.214985497355, 0.272465386611, 0.00638937520212, 0.121620687663, 0.644120444561, 0.563655200552, 0.433053619331, 0.667537804468, 2.90575240687
0.958426280116, 0.138765353407, 0.395088572215, 0.357674789104, 0.523335922355, 0.00135101490805, 0.860934717663, 0.0468618233406, 0.668637992146, 0.856550983319, 0.203221164121, 0.394841149736, 0.0896452984501, 0.523898313737, 0.12954178327, 0.760044276191, 0.167369897721, 0.467017562763, 0.742338721925, 0.504661959448, 0.00859147923869, 0.875918958749, 0.325372839208, 0.248468077494, 0.486878791029, 0.132924629307, 0.562094460072, 0.00837285523751, 0.107827116232, 0.00346934887767, 0.958426280116, 2.26004955751
0.0309050759183, 0.650098792613, 0.00597285531969, 0.844545437664, 0.0813573604462, 0.809385308429, 0.86993335881, 0.0036987666326, 0.0582145363077, 0.414607444763, 0.351364102031, 0.401157215476, 0.604926941966, 0.578808994368, 0.144284280203, 0.312467106247, 0.0317416627667, 0.762666775008, 0.432797826159, 0.298681540934, 0.204112626186, 0.443631372947, 0.33235062562, 0.0685255767617, 0.0848231701688, 0.570242759703, 0.246348525547, 0.599580923941, 0.501026681627, 0.547849852592, 0.0309050759183, 4.12035956205
0.00701121097491, 0.672728725629, 0.428208052035, 0.166753490039, 0.782893027118, 0.142690634797, 0.230662346599, 0.517149840954, 0.18037830157, 0.46440512405, 0.963749255068, 0.0609855431208, 0.864445233827, 0.450667995671, 0.327416359111, 0.305197781687, 0.956872486038, 0.267339199699, 0.191204944597, 0.63435998652, 0.0616552981464, 0.650154733307, 0.997703483247, 0.185268350376, 0.132736433573, 0.635768761662, 0.942165640161, 0.914737424266, 0.503844073376, 0.482966812402, 0.00701121097491, 5.18632404042
0.00181869550023, 0.650098792613, 0.960828390164, 0.539450084017, 0.0454786776631, 0.890506293314, 0.900345568982, 0.331985929379, 0.910935920078, 0.996033947533, 0.792652289884, 0.305773680214, 0.0067485016822, 0.801238528917, 0.450974377943, 0.168922249739, 0.125162513175, 0.719434059665, 0.998975856509, 0.595222835195, 0.992899535883, 0.436071033858, 0.117044496627, 0.772102635318, 0.132736433573, 0.160628663651, 0.942165640161, 0.0150702178215, 0.216613489611, 0.61443226, 0.00181869550023, 5.73539588288
0.0309050759183, 0.650098792613, 0.00597285531969, 0.844545437664, 0.0813573604462, 0.809385308429, 0.86993335881, 0.0036987666326, 0.0582145363077, 0.414607444763, 0.351364102031, 0.401157215476, 0.604926941966, 0.578808994368, 0.144284280203, 0.312467106247, 0.0317416627667, 0.762666775008, 0.432797826159, 0.298681540934, 0.204112626186, 0.443631372947, 0.33235062562, 0.0685255767617, 0.0848231701688, 0.570242759703, 0.246348525547, 0.599580923941, 0.501026681627, 0.547849852592, 0.0309050759183, 4.12035956205
0.00701121097491, 0.672728725629, 0.428208052035, 0.166753490039, 0.782893027118, 0.142690634797, 0.230662346599, 0.517149840954, 0.18037830157, 0.46440512405, 0.963749255068, 0.0609855431208, 0.864445233827, 0.450667995671, 0.327416359111, 0.305197781687, 0.956872486038, 0.267339199699, 0.191204944597, 0.63435998652, 0.0616552981464, 0.650154733307, 0.997703483247, 0.185268350376, 0.132736433573, 0.635768761662, 0.942165640161, 0.914737424266, 0.503844073376, 0.482966812402, 0.00701121097491, 5.18632404042
0.00181869550023, 0.650098792613, 0.960828390164, 0.539450084017, 0.0454786776631, 0.890506293314, 0.900345568982, 0.331985929379, 0.910935920078, 0.996033947533, 0.792652289884, 0.305773680214, 0.0067485016822, 0.801238528917, 0.450974377943, 0.168922249739, 0.125162513175, 0.719434059665, 0.998975856509, 0.595222835195, 0.992899535883, 0.436071033858, 0.117044496627, 0.772102635318, 0.132736433573, 0.160628663651, 0.942165640161, 0.0150702178215, 0.216613489611, 0.61443226, 0.00181869550023, 5.73539588288
0.00701121097491, 0.672728725629, 0.428208052035, 0.166753490039, 0.782893027118, 0.142690634797, 0.230662346599, 0.316873047395, 0.598589796456, 0.46440512405, 0.963749255068, 0.0609855431208, 0.864445233827, 0.450667995671, 0.362229607141, 0.256300162207, 0.956872486038, 0.267339199699, 0.41314420903, 0.63435998652, 0.0616552981464, 0.650154733307, 0.886454550428, 0.185268350376, 0.132736433573, 0.635768761662, 0.942165640161, 0.914737424266, 0.503844073376, 0.482966812402, 0.00701121097491, 5.28218615487
0.00701121097491, 0.672728725629, 0.428208052035, 0.166753490039, 0.782893027118, 0.142690634797, 0.230662346599, 0.316873047395, 0.598589796456, 0.46440512405, 0.963749255068, 0.0609855431208, 0.864445233827, 0.450667995671, 0.362229607141, 0.256300162207, 0.956872486038, 0.267339199699, 0.41314420903, 0.63435998652, 0.0616552981464, 0.650154733307, 0.886454550428, 0.185268350376, 0.132736433573, 0.635768761662, 0.942165640161, 0.914737424266, 0.503844073376, 0.482966812402, 0.00701121097491, 5.28218615487
0.447146288836, 0.198236126121, 0.647707704398, 0.412681291168, 0.281028709559, 0.598247993681, 0.356102443753, 0.116231431415, 0.253576801549, 0.202281286657, 0.338933995408, 0.442984052498, 0.812931208425, 0.374511008223, 0.177981995949, 0.841344773934, 0.49192075058, 0.349636520512, 0.121119260759, 0.469761626675, 0.530033361027, 0.735869079333, 0.959335020674, 0.202631624353, 0.952633024028, 0.0809937953154, 0.0577638626575, 0.0745701569821, 0.000411743316374, 0.267720415377, 0.447146288836, 3.10016565303
0.447146288836, 0.198236126121, 0.647707704398, 0.412681291168, 0.281028709559, 0.598247993681, 0.356102443753, 0.116231431415, 0.253576801549, 0.202281286657, 0.338933995408, 0.442984052498, 0.812931208425, 0.374511008223, 0.177981995949, 0.841344773934, 0.49192075058, 0.349636520512, 0.121119260759, 0.469761626675, 0.530033361027, 0.735869079333, 0.959335020674, 0.202631624353, 0.952633024028, 0.0809937953154, 0.0577638626575, 0.0745701569821, 0.000411743316374, 0.267720415377, 0.447146288836, 3.10016565303
0.685112922223, 0.9229547652, 0.557272070549, 0.897895751149, 0.126321247213, 0.401290916446, 0.27883866426, 0.757219668103, 0.0224056807709, 0.123959276287, 0.132293284883, 0.410102577957, 0.219099248133, 0.954140901551, 0.0961289290316, 0.597031790903, 0.861718853293, 0.469279002564, 0.119339323136, 0.163692421117, 0.354543815964, 0.0304018906937, 0.00629785150995, 0.921682012659, 0.171438552288, 0.723825821061, 0.0678699700215, 0.0307380191855, 0.164690816626, 0.304181202566, 0.685112922223, 2.64661022214
0.759496078613, 0.264594453634, 0.917479129711, 0.00404800022809, 0.119232316457, 0.461767428737, 0.184098949926, 0.297748279851, 0.0224056807709, 0.607575016961, 0.589560375624, 0.410102577957, 0.250893928685, 0.0142146411948, 0.321717642785, 0.300939758958, 0.0683943276443, 0.284995980262, 0.533489366947, 0.469761626675, 0.123386223763, 0.459531504583, 0.731622194615, 0.265010849326, 0.750253035636, 0.970630343856, 0.31198180526, 0.0946316958111, 0.635520187402, 0.314370743283, 0.759496078613, 2.52880573291
