0.139238497389, 0.162767054983, 0.605614825141, 0.30304023997, 0.423447977617, 0.704083630148, 0.394059963901, 0.974049988863, 0.599710940085, 0.778889025019, 0.625450912546, 0.286444908898, 0.370776605153, 0.468731771072, 355.705889756, 183.38615938, 561.165171866, 180.165827232, 158.347258745
0.173756745876, 0.127334279796, 0.00216658360131, 0.999671941013, 0.801867709567, 0.153134237483, 0.914226922221, 0.739863056451, 0.478716732532, 0.00970713196665, 0.194762467374, 0.491658051695, 0.703796248238, 0.628964237461, 0.36084342918, 700.240048799, 2.38310955965, 141.958349998, 200.001173279
0.00218914384763, 0.778623279858, 0.989717229221, 0.7662900988, 0.0411703153291, 0.481599001695, 0.133496778517, 0.60942309517, 0.514948153986, 0.000640396211632, 0.425659916519, 0.00789904005981, 0.120806225865, 0.569235325369, 1.73952479345, 4.5236174447, 300.030239456, 827.853177526, 3.02798619569
0.362517421562, 0.998637791569, 0.354831549903, 0.0354338999302, 0.686784935793, 0.0569825089538, 0.998677705019, 0.048330161434, 0.414020598106, 0.460355214022, 0.143134533895, 0.954787677024, 0.0124835580508, 0.515905633434, 1.87477669012, 0.104456910948, 1.17034034352, 1034.02201259, 661.96195736
0.0113000244102, 0.676677362187, 0.810680586767, 0.371304220349, 0.262644912911, 0.500177743158, 0.136690695543, 0.6687746071, 0.769313820816, 0.377826960823, 0.586849233523, 0.491658051695, 0.415939696068, 0.494165868278, 97.9728575827, 64.6438450649, 382.998363278, 719.730725457, 14.622196635
0.183502251684, 0.141366977183, 0.553194312552, 0.343768389383, 0.503665697042, 0.34958253593, 0.521208659636, 0.0154067754548, 0.996007520729, 0.940787355623, 0.101749937303, 0.554236974038, 0.60401327524, 0.795260249443, 419.782511444, 251.624436871, 578.894227596, 171.155747407, 230.423373912
0.334957380565, 0.974376784416, 0.963504257383, 0.893047378294, 0.600306395369, 0.785032032149, 0.492277537165, 0.398993914962, 0.874454780457, 0.685273046352, 0.288174630965, 0.986192981771, 0.364127095257, 0.51910831909, 0.181127708728, 1.06797374745, 18.8747079615, 469.468178031, 272.867774259
0.130261209948, 0.107712583493, 0.93803858285, 0.126201131309, 0.991960561706, 0.446022167415, 0.59069221971, 0.0058589009768, 0.704787598908, 0.240826799214, 0.785831731757, 0.980686179851, 0.148362402639, 0.821196105422, 84.094240476, 16.8923876203, 878.497450928, 150.785350907, 185.82435332
0.249527729238, 0.707458755518, 0.104496232626, 0.999671941013, 0.158981357986, 0.372224434051, 0.594744634935, 0.490363561361, 0.800115711871, 0.934326565869, 0.0156915403783, 0.777530212022, 0.999483727427, 0.594683099621, 0.148974542096, 289.094749111, 47.8834940556, 592.16094921, 273.09644985
0.938094731889, 0.627860376021, 0.385462609958, 0.012272219355, 0.146672788467, 0.695301778083, 0.927035919331, 0.286512867575, 0.200342176445, 0.300691962585, 0.815372351293, 0.298874111234, 0.723329265749, 0.592592470533, 24.895395599, 0.47997190704, 17.2362147953, 45.7664731831, 562.579878933
0.22715441021, 0.132184851919, 0.949948656954, 0.0822889605705, 0.366099769185, 0.47497863491, 0.555412501472, 0.310788595729, 0.214363750682, 0.272837831872, 0.288174630965, 0.705204130228, 0.491674275228, 0.920081264619, 55.8559386959, 7.26037419349, 714.95031786, 151.086537204, 273.205288444
0.23519064914, 0.275686196361, 0.948375919191, 0.239041026541, 0.236557868332, 0.0256699442679, 0.478448788627, 0.0202750059078, 0.475468577099, 0.715520492648, 0.111746126258, 0.300954509441, 0.714118972789, 0.494192699464, 45.4331504479, 17.9091372801, 600.911119066, 278.725483684, 257.189861818
0.979032693765, 0.998637791569, 0.987574206986, 0.999324845097, 0.219783023555, 0.139120784256, 0.93437253737, 0.815320337003, 0.471873927804, 0.14912015293, 0.0728532474338, 0.106874043092, 0.929211187282, 0.515905633434, 1.7107884742e-06, 0.00161314293437, 0.0826368866737, 38.6271418595, 1172.39506516
0.130261209948, 0.235666286738, 0.810680586767, 0.371304220349, 0.262644912911, 0.500177743158, 0.136690695543, 0.889786772804, 0.769313820816, 0.377826960823, 0.314285572314, 0.147953615829, 0.415939696068, 0.821196105422, 224.185849012, 147.920920618, 876.393884592, 355.719843543, 204.038067625
0.976244390156, 0.707458755518, 0.93803858285, 0.966922617291, 0.987296996389, 0.446022167415, 0.59069221971, 0.0058589009768, 0.704787598908, 0.708714834985, 0.785831731757, 0.980686179851, 0.13788858512, 0.494165868278, 0.0546037551216, 1.04997857991, 10.7684034368, 21.864225339, 653.446900811
0.173756745876, 0.127334279796, 0.758631079747, 0.295049239444, 0.53503397394, 0.201766252159, 0.796568765425, 0.739536403998, 0.568264734099, 0.187106124725, 0.194762467374, 0.00888045476141, 0.703796248238, 0.628964237461, 229.738306714, 114.815931524, 644.628900712, 140.673904589, 198.191553846
0.0329541581398, 0.580994425939, 0.915226935934, 0.12293788632, 0.388581141746, 0.47115351966, 0.812202610378, 0.631640941459, 0.431288108144, 0.132253386316, 0.288663647078, 0.790426847222, 0.310638406326, 0.0922528432566, 58.5421665705, 11.4477568821, 445.309551849, 581.089332849, 38.0560304668
0.183502251684, 0.0673122882188, 0.553194312552, 0.893326313003, 0.499695540089, 0.34958253593, 0.521208659636, 0.481558726257, 0.999850300216, 0.979489465822, 0.101749937303, 0.642639519452, 0.60401327524, 0.835047133306, 86.4691995489, 511.202322968, 613.247397539, 85.226640136, 239.440975944
0.421812679505, 0.287678741538, 0.424790629953, 0.257847445806, 0.820810705947, 0.983432737321, 0.606920371707, 0.733128621909, 0.0917289658944, 0.561667256361, 0.808814770257, 0.497308488259, 0.0889515043429, 0.0237721975685, 362.728025727, 155.512419377, 310.913671892, 243.864105216, 435.749104172
0.219231540518, 0.129010717814, 0.811741865351, 0.905387878966, 0.502516441678, 0.368452506302, 0.484077196543, 0.888889625346, 0.364649796634, 0.423931406089, 0.46807617403, 0.514946605197, 0.924951350498, 0.569163012798, 36.6859884102, 245.030187371, 813.271711082, 174.685302432, 311.292932922
0.23519064914, 0.129575686169, 0.994128892581, 0.867118023167, 0.748330320667, 0.567629697164, 0.478448788627, 0.185759403317, 0.0144444356739, 0.715520492648, 0.635454994866, 0.617357257163, 0.120806225865, 0.449999977893, 1.91076314813, 9.02087797807, 999.831612318, 206.369066992, 395.326852059
0.139238497389, 0.0736541475325, 0.605614825141, 0.30304023997, 0.423447977617, 0.372224434051, 0.394059963901, 0.974049988863, 0.770610179531, 0.778889025019, 0.625450912546, 0.286444908898, 0.849190236319, 0.487438146937, 475.474748722, 245.133663966, 750.113722513, 107.071317501, 206.161683382
0.0574206805877, 0.563417906132, 0.104496232626, 0.999671941013, 0.968348054257, 0.323783340298, 0.594744634935, 0.490363561361, 0.414020598106, 0.377826960823, 0.420684413144, 0.491658051695, 0.370776605153, 0.896790171681, 0.20423018976, 396.321912717, 65.6438002076, 490.940883037, 57.3718504159
0.00218914384763, 0.880283827503, 0.332653645792, 0.102501681881, 0.171578221319, 0.350030326049, 0.143351802386, 0.884023467131, 0.756946173544, 0.294852266855, 0.769578152597, 0.542327921143, 0.731654164763, 0.302004496769, 205.840188608, 33.4315712427, 120.102454945, 1264.59464755, 4.42661579831
0.362517421562, 0.999007271902, 0.844206262116, 0.0354338999302, 0.686784935793, 0.0569825089538, 0.998677705019, 0.6687746071, 0.79684740317, 0.460355214022, 0.143134533895, 0.954787677024, 0.0124835580508, 0.515905633434, 0.356638226191, 0.0198708078834, 1.43033636005, 945.418423893, 605.238912699
0.215585668954, 0.990946189677, 0.019005461292, 0.776363966767, 0.567134035235, 0.708247176915, 0.973041068355, 0.324095105802, 0.254847473096, 0.613133900593, 0.586849233523, 0.482287941012, 0.491128496773, 0.633436142644, 4.10412620896, 11.1985501466, 0.356168559441, 838.95999053, 295.518942164
0.334957380565, 0.964035292876, 0.0487132897946, 0.893047378294, 0.600306395369, 0.785032032149, 0.492277537165, 0.398993914962, 0.874454780457, 0.685273046352, 0.755230761575, 0.986192981771, 0.364127095257, 0.51910831909, 5.80947094628, 34.2540768654, 2.66370575114, 616.146571765, 358.40301058
0.198671214413, 0.164834860643, 0.605614825141, 0.0641664334833, 0.0283702735129, 0.704083630148, 0.394059963901, 0.974049988863, 0.388928081416, 0.778889025019, 0.625450912546, 0.137473911303, 0.370776605153, 0.487438146937, 447.387516649, 45.2465861646, 630.537839549, 205.128065256, 258.465349448
0.130261209948, 0.707458755518, 0.93803858285, 0.126201131309, 0.991960561706, 0.446022167415, 0.9409993733, 0.0058589009768, 0.704787598908, 0.708714834985, 0.314285572314, 0.980686179851, 0.148362402639, 0.821196105422, 38.2807442984, 7.68962496626, 399.902967141, 811.965175578, 187.999655554
0.0574206805877, 0.107712583493, 0.104496232626, 0.999856301635, 0.981596503829, 0.372224434051, 0.594744634935, 0.490363561361, 0.800115711871, 0.934326565869, 0.420684413144, 0.777530212022, 0.999483727427, 0.594683099621, 0.132767428878, 588.192975965, 97.4238789627, 101.848635826, 54.7029969526
0.938094731889, 0.823294753283, 0.385462609958, 0.012272219355, 0.146672788467, 0.695301778083, 0.927035919331, 0.286512867575, 0.200342176445, 0.647633106078, 0.815372351293, 0.298874111234, 0.598071902325, 0.592592470533, 14.6408680836, 0.282269279348, 10.1365389466, 62.5069324856, 666.281942031
0.22715441021, 0.132184851919, 0.974800958253, 0.769561326585, 0.366099769185, 0.47497863491, 0.555412501472, 0.398993914962, 0.544605966104, 0.272837831872, 0.288174630965, 0.705204130228, 0.520896415095, 0.0592944506019, 13.9125335847, 36.7418640581, 992.032214547, 209.156988119, 378.212356487
0.00218914384763, 0.880283827503, 0.209668650178, 0.120422655152, 0.679178154243, 0.258969174632, 0.567119649735, 0.868798961814, 0.43326387964, 0.306269304455, 0.51219806074, 0.00757362786866, 0.731654164763, 0.757594371114, 197.090472766, 37.7326465566, 68.5879939757, 1114.39700646, 3.90086056742
0.22313144068, 0.601402862864, 0.948375919191, 0.490288038808, 0.878075300478, 0.192383523311, 0.0986918131733, 0.60942309517, 0.412744608315, 0.000640396211632, 0.721175613341, 0.574140300836, 0.887870033626, 0.0498091153665, 21.0446255215, 20.4121323466, 360.749110011, 500.481098842, 225.802541699
0.979032693765, 0.998637791569, 0.354831549903, 0.999324845097, 0.219783023555, 0.139120784256, 0.93437253737, 0.215842169204, 0.0909259386638, 0.14912015293, 0.0728532474338, 0.106874043092, 0.929211187282, 0.515905633434, 6.89231430703e-05, 0.0649892625156, 0.0405071249832, 35.7889558635, 1086.25161535
0.130261209948, 0.676677362187, 0.810680586767, 0.371304220349, 0.262644912911, 0.500177743158, 0.998677705019, 0.889786772804, 0.769313820816, 0.377826960823, 0.314285572314, 0.491658051695, 0.415939696068, 0.494165868278, 66.5035332899, 43.8799501039, 259.977559405, 488.549966197, 116.027900497
0.976244390156, 0.707458755518, 0.93803858285, 0.975124526467, 0.987296996389, 0.201766252159, 0.59069221971, 0.0058589009768, 0.568264734099, 0.708714834985, 0.785831731757, 0.980686179851, 0.148362402639, 0.628964237461, 0.0467973227456, 1.19704001478, 12.269438662, 24.9119354844, 744.532531252
0.202126409552, 0.189875397506, 0.0988104353789, 0.215943862077, 0.345155103983, 0.298820995874, 0.378722092962, 0.351877306862, 0.962379472892, 0.288356169854, 0.13672221811, 0.959944277072, 0.968456483722, 0.0422215259736, 1234.71108499, 435.657101709, 204.868118647, 407.415285511, 455.613098981
0.421812679505, 0.336136502596, 0.424790629953, 0.257847445806, 0.820810705947, 0.983432737321, 0.606920371707, 0.481558726257, 0.0917289658944, 0.561667256361, 0.808814770257, 0.497308488259, 0.179726551162, 0.0237721975685, 322.042640312, 138.069370397, 276.040042961, 260.16043453, 402.911519506
0.967402791711, 0.974431271037, 0.0487132897946, 0.105307353746, 0.451550180123, 0.141529177766, 0.398353920497, 0.223615235837, 0.415279343705, 0.914106288533, 0.850975618205, 0.667452139038, 0.491674275228, 0.215435079638, 2.06779472668, 0.345201462304, 0.1607283699, 52.3222569741, 1021.77854445
0.22715441021, 0.132184851919, 0.949948656954, 0.0114909819115, 0.366099769185, 0.47497863491, 0.555412501472, 0.223615235837, 0.544605966104, 0.272837831872, 0.288174630965, 0.842999346223, 0.491674275228, 0.558819082911, 93.2142152417, 1.68269860226, 1183.37169182, 250.075462133, 452.204015192
0.993645894519, 0.534261256726, 0.0269397933815, 0.672099493581, 0.404701820347, 0.719914372069, 0.642572208532, 0.517017069505, 0.0965370029048, 0.00927381438999, 0.867492015276, 0.471408551977, 0.204252066309, 0.487438146937, 2.31492550044, 4.08977714209, 0.198986551872, 5.23932071406, 705.413340968
0.139238497389, 0.162767054983, 0.605614825141, 0.30304023997, 0.423447977617, 0.704083630148, 0.394059963901, 0.974049988863, 0.599710940085, 0.778889025019, 0.625450912546, 0.286444908898, 0.370776605153, 0.468731771072, 355.705889756, 183.38615938, 561.165171866, 180.165827232, 158.347258745
0.173756745876, 0.127334279796, 0.00216658360131, 0.999671941013, 0.801867709567, 0.153134237483, 0.914226922221, 0.739863056451, 0.478716732532, 0.00970713196665, 0.194762467374, 0.491658051695, 0.703796248238, 0.628964237461, 0.36084342918, 700.240048799, 2.38310955965, 141.958349998, 200.001173279
0.00218914384763, 0.778623279858, 0.989717229221, 0.7662900988, 0.0411703153291, 0.481599001695, 0.133496778517, 0.60942309517, 0.514948153986, 0.000640396211632, 0.425659916519, 0.00789904005981, 0.120806225865, 0.569235325369, 1.73952479345, 4.5236174447, 300.030239456, 827.853177526, 3.02798619569
0.979032693765, 0.407498630959, 0.97605027502, 0.999561516724, 0.219783023555, 0.316119949253, 0.93437253737, 0.940245588345, 0.471873927804, 0.132425714858, 0.232839982401, 0.106874043092, 0.785062052488, 0.039299639595, 0.000826718079901, 1.20028521381, 31.8903438321, 23.76539978, 1207.68110937
0.362517421562, 0.998637791569, 0.354831549903, 0.0354338999302, 0.686784935793, 0.0569825089538, 0.998677705019, 0.048330161434, 0.414020598106, 0.460355214022, 0.143134533895, 0.954787677024, 0.0124835580508, 0.515905633434, 1.87477669012, 0.104456910948, 1.17034034352, 1034.02201259, 661.96195736
0.0113000244102, 0.676677362187, 0.810680586767, 0.371304220349, 0.262644912911, 0.500177743158, 0.136690695543, 0.6687746071, 0.769313820816, 0.377826960823, 0.586849233523, 0.491658051695, 0.415939696068, 0.494165868278, 97.9728575827, 64.6438450649, 382.998363278, 719.730725457, 14.622196635
0.215585668954, 0.990946189677, 0.0756519257402, 0.776363966767, 0.567134035235, 0.708247176915, 0.978651964428, 0.324095105802, 0.254847473096, 0.613133900593, 0.314285572314, 0.482287941012, 0.491128496773, 0.30101990539, 3.27698264834, 8.94159990421, 1.13703175277, 674.333609234, 237.530224464
0.183502251684, 0.141366977183, 0.553194312552, 0.343768389383, 0.503665697042, 0.34958253593, 0.521208659636, 0.0154067754548, 0.996007520729, 0.940787355623, 0.101749937303, 0.554236974038, 0.60401327524, 0.795260249443, 419.782511444, 251.624436871, 578.894227596, 171.155747407, 230.423373912
0.334957380565, 0.974376784416, 0.963504257383, 0.893047378294, 0.600306395369, 0.785032032149, 0.492277537165, 0.398993914962, 0.874454780457, 0.685273046352, 0.288174630965, 0.986192981771, 0.364127095257, 0.51910831909, 0.181127708728, 1.06797374745, 18.8747079615, 469.468178031, 272.867774259
0.979975544107, 0.676677362187, 0.555974608042, 0.30304023997, 0.262644912911, 0.500177743158, 0.136690695543, 0.6687746071, 0.414020598106, 0.377826960823, 0.314285572314, 0.491658051695, 0.506978546931, 0.494165868278, 6.01989153512, 3.10358872401, 8.08235453569, 18.9462714208, 689.12435344
0.130261209948, 0.107712583493, 0.93803858285, 0.126201131309, 0.991960561706, 0.446022167415, 0.59069221971, 0.0058589009768, 0.704787598908, 0.240826799214, 0.785831731757, 0.980686179851, 0.148362402639, 0.821196105422, 84.094240476, 16.8923876203, 878.497450928, 150.785350907, 185.82435332
0.249527729238, 0.707458755518, 0.104496232626, 0.999671941013, 0.158981357986, 0.372224434051, 0.594744634935, 0.490363561361, 0.800115711871, 0.934326565869, 0.0156915403783, 0.777530212022, 0.999483727427, 0.594683099621, 0.148974542096, 289.094749111, 47.8834940556, 592.16094921, 273.09644985
0.938094731889, 0.627860376021, 0.385462609958, 0.012272219355, 0.146672788467, 0.695301778083, 0.927035919331, 0.286512867575, 0.200342176445, 0.300691962585, 0.815372351293, 0.298874111234, 0.723329265749, 0.592592470533, 24.895395599, 0.47997190704, 17.2362147953, 45.7664731831, 562.579878933
0.22715441021, 0.132184851919, 0.949948656954, 0.0822889605705, 0.366099769185, 0.47497863491, 0.555412501472, 0.310788595729, 0.214363750682, 0.272837831872, 0.288174630965, 0.705204130228, 0.491674275228, 0.920081264619, 55.8559386959, 7.26037419349, 714.95031786, 151.086537204, 273.205288444
0.23519064914, 0.275686196361, 0.948375919191, 0.239041026541, 0.236557868332, 0.0256699442679, 0.478448788627, 0.0202750059078, 0.475468577099, 0.715520492648, 0.111746126258, 0.300954509441, 0.714118972789, 0.494192699464, 45.4331504479, 17.9091372801, 600.911119066, 278.725483684, 257.189861818
0.226893601336, 0.984544214582, 0.108393687896, 0.969771633985, 0.481438765014, 0.385415935071, 0.19323694027, 0.215842169204, 0.412744608315, 0.420690016968, 0.805633037338, 0.894905642178, 0.265414060998, 0.0498091153665, 0.742529526285, 15.6261727193, 2.68962419595, 653.689988612, 243.442151534
0.979032693765, 0.998637791569, 0.987574206986, 0.999324845097, 0.219783023555, 0.139120784256, 0.93437253737, 0.815320337003, 0.471873927804, 0.14912015293, 0.0728532474338, 0.106874043092, 0.929211187282, 0.515905633434, 1.7107884742e-06, 0.00161314293437, 0.0826368866737, 38.6271418595, 1172.39506516
0.130261209948, 0.235666286738, 0.810680586767, 0.371304220349, 0.262644912911, 0.500177743158, 0.136690695543, 0.889786772804, 0.769313820816, 0.377826960823, 0.314285572314, 0.147953615829, 0.415939696068, 0.821196105422, 224.185849012, 147.920920618, 876.393884592, 355.719843543, 204.038067625
0.976244390156, 0.707458755518, 0.93803858285, 0.966922617291, 0.987296996389, 0.446022167415, 0.59069221971, 0.0058589009768, 0.704787598908, 0.708714834985, 0.785831731757, 0.980686179851, 0.13788858512, 0.494165868278, 0.0546037551216, 1.04997857991, 10.7684034368, 21.864225339, 653.446900811
0.173756745876, 0.127334279796, 0.758631079747, 0.295049239444, 0.53503397394, 0.201766252159, 0.796568765425, 0.739536403998, 0.568264734099, 0.187106124725, 0.194762467374, 0.00888045476141, 0.703796248238, 0.628964237461, 229.738306714, 114.815931524, 644.628900712, 140.673904589, 198.191553846
0.0329541581398, 0.580994425939, 0.915226935934, 0.12293788632, 0.388581141746, 0.47115351966, 0.812202610378, 0.631640941459, 0.431288108144, 0.132253386316, 0.288663647078, 0.790426847222, 0.310638406326, 0.0922528432566, 58.5421665705, 11.4477568821, 445.309551849, 581.089332849, 38.0560304668
0.183502251684, 0.0673122882188, 0.553194312552, 0.893326313003, 0.499695540089, 0.34958253593, 0.521208659636, 0.481558726257, 0.999850300216, 0.979489465822, 0.101749937303, 0.642639519452, 0.60401327524, 0.835047133306, 86.4691995489, 511.202322968, 613.247397539, 85.226640136, 239.440975944
0.421812679505, 0.287678741538, 0.424790629953, 0.257847445806, 0.820810705947, 0.983432737321, 0.606920371707, 0.733128621909, 0.0917289658944, 0.561667256361, 0.808814770257, 0.497308488259, 0.0889515043429, 0.0237721975685, 362.728025727, 155.512419377, 310.913671892, 243.864105216, 435.749104172
0.219231540518, 0.129010717814, 0.811741865351, 0.905387878966, 0.502516441678, 0.368452506302, 0.484077196543, 0.888889625346, 0.364649796634, 0.423931406089, 0.46807617403, 0.514946605197, 0.924951350498, 0.569163012798, 36.6859884102, 245.030187371, 813.271711082, 174.685302432, 311.292932922
0.23519064914, 0.129575686169, 0.994128892581, 0.867118023167, 0.748330320667, 0.567629697164, 0.478448788627, 0.185759403317, 0.0144444356739, 0.715520492648, 0.635454994866, 0.617357257163, 0.120806225865, 0.449999977893, 1.91076314813, 9.02087797807, 999.831612318, 206.369066992, 395.326852059
0.98682239695, 0.407498630959, 0.716019639178, 0.962805804752, 0.219783023555, 0.890327559271, 0.642572208532, 0.745894500208, 0.471873927804, 0.278084006615, 0.232839982401, 0.76823859792, 0.634052505878, 0.110823559731, 0.503934466108, 8.61557924646, 18.0465842375, 14.8969068244, 1204.77100402
0.139238497389, 0.0736541475325, 0.605614825141, 0.30304023997, 0.423447977617, 0.372224434051, 0.394059963901, 0.974049988863, 0.770610179531, 0.778889025019, 0.625450912546, 0.286444908898, 0.849190236319, 0.487438146937, 475.474748722, 245.133663966, 750.113722513, 107.071317501, 206.161683382
0.0574206805877, 0.563417906132, 0.104496232626, 0.999671941013, 0.968348054257, 0.323783340298, 0.594744634935, 0.490363561361, 0.414020598106, 0.377826960823, 0.420684413144, 0.491658051695, 0.370776605153, 0.896790171681, 0.20423018976, 396.321912717, 65.6438002076, 490.940883037, 57.3718504159
0.00218914384763, 0.880283827503, 0.332653645792, 0.102501681881, 0.171578221319, 0.350030326049, 0.143351802386, 0.884023467131, 0.756946173544, 0.294852266855, 0.769578152597, 0.542327921143, 0.731654164763, 0.302004496769, 205.840188608, 33.4315712427, 120.102454945, 1264.59464755, 4.42661579831
0.979032693765, 0.407498630959, 0.634406900999, 0.999561516724, 0.054726900778, 0.316119949253, 0.93437253737, 0.880884085543, 0.514948153986, 0.132425714858, 0.232839982401, 0.106874043092, 0.785062052488, 0.039299639595, 0.0113313796199, 16.4516631976, 25.4271173626, 22.5532700293, 1146.08457763
0.362517421562, 0.999007271902, 0.844206262116, 0.0354338999302, 0.686784935793, 0.0569825089538, 0.998677705019, 0.6687746071, 0.79684740317, 0.460355214022, 0.143134533895, 0.954787677024, 0.0124835580508, 0.515905633434, 0.356638226191, 0.0198708078834, 1.43033636005, 945.418423893, 605.238912699
0.215585668954, 0.990946189677, 0.019005461292, 0.776363966767, 0.567134035235, 0.708247176915, 0.973041068355, 0.324095105802, 0.254847473096, 0.613133900593, 0.586849233523, 0.482287941012, 0.491128496773, 0.633436142644, 4.10412620896, 11.1985501466, 0.356168559441, 838.95999053, 295.518942164
0.967402791711, 0.975548613185, 0.963504257383, 0.631548777415, 0.820810705947, 0.141529177766, 0.398353920497, 0.223615235837, 0.415279343705, 0.914106288533, 0.0272146154365, 0.667452139038, 0.593921774796, 0.413427895373, 0.0498380756944, 0.0762749590392, 1.5876157322, 41.3830429888, 808.095654291
0.334957380565, 0.964035292876, 0.0487132897946, 0.893047378294, 0.600306395369, 0.785032032149, 0.492277537165, 0.398993914962, 0.874454780457, 0.685273046352, 0.755230761575, 0.986192981771, 0.364127095257, 0.51910831909, 5.80947094628, 34.2540768654, 2.66370575114, 616.146571765, 358.40301058
0.198671214413, 0.164834860643, 0.605614825141, 0.0641664334833, 0.0283702735129, 0.704083630148, 0.394059963901, 0.974049988863, 0.388928081416, 0.778889025019, 0.625450912546, 0.137473911303, 0.370776605153, 0.487438146937, 447.387516649, 45.2465861646, 630.537839549, 205.128065256, 258.465349448
0.130261209948, 0.707458755518, 0.93803858285, 0.126201131309, 0.991960561706, 0.446022167415, 0.9409993733, 0.0058589009768, 0.704787598908, 0.708714834985, 0.314285572314, 0.980686179851, 0.148362402639, 0.821196105422, 38.2807442984, 7.68962496626, 399.902967141, 811.965175578, 187.999655554
0.0574206805877, 0.107712583493, 0.104496232626, 0.999856301635, 0.981596503829, 0.372224434051, 0.594744634935, 0.490363561361, 0.800115711871, 0.934326565869, 0.420684413144, 0.777530212022, 0.999483727427, 0.594683099621, 0.132767428878, 588.192975965, 97.4238789627, 101.848635826, 54.7029969526
0.938094731889, 0.823294753283, 0.385462609958, 0.012272219355, 0.146672788467, 0.695301778083, 0.927035919331, 0.286512867575, 0.200342176445, 0.647633106078, 0.815372351293, 0.298874111234, 0.598071902325, 0.592592470533, 14.6408680836, 0.282269279348, 10.1365389466, 62.5069324856, 666.281942031
0.22715441021, 0.132184851919, 0.974800958253, 0.769561326585, 0.366099769185, 0.47497863491, 0.555412501472, 0.398993914962, 0.544605966104, 0.272837831872, 0.288174630965, 0.705204130228, 0.520896415095, 0.0592944506019, 13.9125335847, 36.7418640581, 992.032214547, 209.156988119, 378.212356487
0.00218914384763, 0.880283827503, 0.209668650178, 0.120422655152, 0.679178154243, 0.258969174632, 0.567119649735, 0.868798961814, 0.43326387964, 0.306269304455, 0.51219806074, 0.00757362786866, 0.731654164763, 0.757594371114, 197.090472766, 37.7326465566, 68.5879939757, 1114.39700646, 3.90086056742
0.22313144068, 0.601402862864, 0.948375919191, 0.490288038808, 0.878075300478, 0.192383523311, 0.0986918131733, 0.60942309517, 0.412744608315, 0.000640396211632, 0.721175613341, 0.574140300836, 0.887870033626, 0.0498091153665, 21.0446255215, 20.4121323466, 360.749110011, 500.481098842, 225.802541699
0.979032693765, 0.998637791569, 0.354831549903, 0.999324845097, 0.219783023555, 0.139120784256, 0.93437253737, 0.215842169204, 0.0909259386638, 0.14912015293, 0.0728532474338, 0.106874043092, 0.929211187282, 0.515905633434, 6.89231430703e-05, 0.0649892625156, 0.0405071249832, 35.7889558635, 1086.25161535
0.130261209948, 0.676677362187, 0.810680586767, 0.371304220349, 0.262644912911, 0.500177743158, 0.998677705019, 0.889786772804, 0.769313820816, 0.377826960823, 0.314285572314, 0.491658051695, 0.415939696068, 0.494165868278, 66.5035332899, 43.8799501039, 259.977559405, 488.549966197, 116.027900497
0.976244390156, 0.707458755518, 0.93803858285, 0.975124526467, 0.987296996389, 0.201766252159, 0.59069221971, 0.0058589009768, 0.568264734099, 0.708714834985, 0.785831731757, 0.980686179851, 0.148362402639, 0.628964237461, 0.0467973227456, 1.19704001478, 12.269438662, 24.9119354844, 744.532531252
0.202126409552, 0.189875397506, 0.0988104353789, 0.215943862077, 0.345155103983, 0.298820995874, 0.378722092962, 0.351877306862, 0.962379472892, 0.288356169854, 0.13672221811, 0.959944277072, 0.968456483722, 0.0422215259736, 1234.71108499, 435.657101709, 204.868118647, 407.415285511, 455.613098981
0.421812679505, 0.336136502596, 0.424790629953, 0.257847445806, 0.820810705947, 0.983432737321, 0.606920371707, 0.481558726257, 0.0917289658944, 0.561667256361, 0.808814770257, 0.497308488259, 0.179726551162, 0.0237721975685, 322.042640312, 138.069370397, 276.040042961, 260.16043453, 402.911519506
0.976851299619, 0.407498630959, 0.994545567264, 0.962805804752, 0.219783023555, 0.890327559271, 0.0671397916357, 0.745894500208, 0.471873927804, 0.278084006615, 0.232839982401, 0.76823859792, 0.634052505878, 0.0922636233591, 0.0170759001691, 0.291940283919, 34.1315152563, 25.418506918, 1169.87326493
0.967402791711, 0.974431271037, 0.0487132897946, 0.105307353746, 0.451550180123, 0.141529177766, 0.398353920497, 0.223615235837, 0.415279343705, 0.914106288533, 0.850975618205, 0.667452139038, 0.491674275228, 0.215435079638, 2.06779472668, 0.345201462304, 0.1607283699, 52.3222569741, 1021.77854445
0.22715441021, 0.132184851919, 0.949948656954, 0.0114909819115, 0.366099769185, 0.47497863491, 0.555412501472, 0.223615235837, 0.544605966104, 0.272837831872, 0.288174630965, 0.842999346223, 0.491674275228, 0.558819082911, 93.2142152417, 1.68269860226, 1183.37169182, 250.075462133, 452.204015192
0.967402791711, 0.974431271037, 0.0487132897946, 0.631548777415, 0.426859189402, 0.141529177766, 0.398353920497, 0.398993914962, 0.415279343705, 0.914106288533, 0.850975618205, 0.667452139038, 0.593921774796, 0.215435079638, 0.933093927252, 1.42805877011, 0.130786768196, 42.5753020369, 831.43451106
