0.312711238245, 0.275686196361, 0.948375919191, 0.205566990907, 0.236557868332, 0.0256699442679, 0.478448788627, 0.0202750059078, 0.471873927804, 0.715520492648, 0.591946936347, 0.300954509441, 0.714118972789, 0.494192699464, 43.4682539982, 14.5451425572, 564.01754635, 261.61283828, 333.493350572
0.173756745876, 0.0674129123767, 0.758631079747, 0.040000680264, 0.930661001684, 0.201766252159, 0.796568765425, 0.0058589009768, 0.568264734099, 0.187106124725, 0.0916451318885, 0.980686179851, 0.703796248238, 0.494165868278, 184.078507387, 11.5814355176, 462.937678475, 52.9669987765, 140.278628156
0.301820780484, 0.0376415312702, 0.332653645792, 0.867118023167, 0.129240182037, 0.567629697164, 0.478448788627, 0.185759403317, 0.225929118146, 0.715520492648, 0.658728655656, 0.699739054564, 0.120806225865, 0.449999977893, 168.154979971, 793.874194827, 467.358189452, 55.4341798249, 481.364167277
0.22313144068, 0.601402862864, 0.00216658360131, 0.490288038808, 0.878075300478, 0.192383523311, 0.0986918131733, 0.381202816733, 0.412744608315, 0.000640396211632, 0.9977913936, 0.574140300836, 0.887870033626, 0.736867054619, 237.299356756, 230.167358927, 1.12507957451, 457.132071245, 206.244718968
0.00218914384763, 0.778623279858, 0.989717229221, 0.0354338999302, 0.0411703153291, 0.00653911314767, 0.529735445925, 0.590684032313, 0.816152497408, 0.305296522499, 0.425659916519, 0.00580771091118, 0.120806225865, 0.569235325369, 4.46805222769, 0.248946413787, 277.027895614, 764.384363601, 2.79584033016
0.175013696185, 0.0673122882188, 0.274771095633, 0.12293788632, 0.388581141746, 0.47115351966, 0.934245143772, 0.631640941459, 0.999850300216, 0.312958056653, 0.288663647078, 0.790426847222, 0.310638406326, 0.0922528432566, 541.625806095, 105.913411008, 254.181528723, 64.4849795464, 172.339027168
0.421812679505, 0.134015609365, 0.424790629953, 0.257847445806, 0.87558259068, 0.983432737321, 0.606920371707, 0.21816540021, 0.0917289658944, 0.423931406089, 0.808814770257, 0.497308488259, 0.0889515043429, 0.106119986535, 263.591787453, 113.009730948, 225.938677755, 78.0140722973, 291.302309744
0.23519064914, 0.0206357883569, 0.0532555609119, 0.867118023167, 0.748330320667, 0.508124690617, 0.478448788627, 0.490363561361, 0.823521046033, 0.97056008221, 0.635454994866, 0.617357257163, 0.316740419507, 0.449999977893, 199.901907425, 943.754183366, 80.888859768, 31.3908881534, 375.051635758
0.22715441021, 0.534261256726, 0.949948656954, 0.0114909819115, 0.775116458606, 0.47497863491, 0.700641737639, 0.223615235837, 0.544605966104, 0.00927381438999, 0.288174630965, 0.906046321076, 0.204252066309, 0.558819082911, 39.2417166791, 0.708389612409, 498.180846514, 556.629741058, 278.84549234
0.295108568, 0.0703346837975, 0.963504257383, 0.893047378294, 0.600306395369, 0.785032032149, 0.492277537165, 0.398993914962, 0.794909953788, 0.685273046352, 0.288174630965, 0.839790085751, 0.364127095257, 0.51910831909, 4.87490702115, 28.7436569281, 507.997627803, 56.4465239199, 255.91845119
0.0574206805877, 0.0736541475325, 0.104496232626, 0.999671941013, 0.968348054257, 0.323783340298, 0.907811670371, 0.490363561361, 0.053829773165, 0.377826960823, 0.343987498166, 0.491658051695, 0.370776605153, 0.896790171681, 0.483092725392, 937.472727083, 155.275977487, 110.432422809, 86.5200952714
0.454842635001, 0.107712583493, 0.00534873023275, 0.999856301635, 0.600306395369, 0.372224434051, 0.202115728104, 0.558811295839, 0.200342176445, 0.934326565869, 0.420684413144, 0.986192981771, 0.999483727427, 0.799521056055, 0.111969095884, 496.051149597, 4.16780375963, 84.7422864976, 436.484235058
0.00218914384763, 0.28816035251, 0.989717229221, 0.0354338999302, 0.0411703153291, 0.0569825089538, 0.133496778517, 0.60942309517, 0.816152497408, 0.512824255278, 0.425659916519, 0.00580771091118, 0.120806225865, 0.927161806093, 15.1340181622, 0.843221913187, 938.338450401, 456.389254078, 3.58847411777
0.493290679541, 0.69816336287, 0.37179131385, 0.607353313514, 0.503665697042, 0.332266990172, 0.998677705019, 0.6687746071, 0.996007520729, 0.377826960823, 0.586849233523, 0.491658051695, 0.415939696068, 0.494165868278, 83.1401179955, 117.2571473, 95.0003357449, 335.755591313, 369.511818209
0.203902175336, 0.0736541475325, 0.994128892581, 0.867118023167, 0.748330320667, 0.567629697164, 0.478448788627, 0.185759403317, 0.0144444356739, 0.920701123401, 0.635454994866, 0.168125437614, 0.316740419507, 0.449999977893, 2.16277342818, 10.2106402925, 1131.69926157, 131.525635378, 377.938481803
0.692531810691, 0.0160078800327, 0.00216658360131, 0.999762191022, 0.334924403651, 0.704083630148, 0.914226922221, 0.739863056451, 0.478716732532, 0.00970713196665, 0.194762467374, 0.906046321076, 0.491674275228, 0.468731771072, 0.124753244785, 333.967116471, 1.13658191801, 8.39946249222, 637.071059604
0.301820780484, 0.120064771621, 0.994128892581, 0.867118023167, 0.129240182037, 0.567629697164, 0.478448788627, 0.149481553346, 0.00680168159424, 0.715520492648, 0.635454994866, 0.699739054564, 0.120806225865, 0.449999977893, 1.86102232324, 8.78604724443, 973.80408023, 185.873652739, 508.733332828
0.202126409552, 0.676677362187, 0.0988104353789, 0.975124526467, 0.99473996001, 0.707275717045, 0.796698722889, 0.0058589009768, 0.726688305552, 0.708714834985, 0.68872953218, 0.491658051695, 0.148362402639, 0.628964237461, 10.7238942584, 274.309079847, 42.9538097294, 499.23343995, 187.754670338
0.00218914384763, 0.127334279796, 0.00216658360131, 0.999762191022, 0.801867709567, 0.704083630148, 0.914226922221, 0.739863056451, 0.48439599604, 0.00970713196665, 0.194762467374, 0.842290754849, 0.703796248238, 0.0654810505186, 0.271791286474, 727.591113018, 2.47619260092, 147.503170587, 2.55288745125
0.183502251684, 0.0703346837975, 0.0756519257402, 0.656381170067, 0.567134035235, 0.708247176915, 0.802655835292, 0.775588743692, 0.221230366311, 0.613133900593, 0.300886418472, 0.737156050998, 0.491128496773, 0.30101990539, 290.186184729, 484.372698133, 67.4166327333, 63.0828502524, 169.642079384
0.00218914384763, 0.0736541475325, 0.332653645792, 0.102501681881, 0.171578221319, 0.350030326049, 0.143351802386, 0.884023467131, 0.640616339532, 0.294852266855, 0.769578152597, 0.542327921143, 0.370776605153, 0.224023701989, 1150.2792095, 186.822804631, 671.158328544, 156.285967705, 4.65551893017
0.454842635001, 0.107712583493, 0.715194148964, 0.999856301635, 0.600306395369, 0.372224434051, 0.594744634935, 0.286512867575, 0.200342176445, 0.934326565869, 0.420684413144, 0.777530212022, 0.999483727427, 0.594683099621, 0.039700302691, 175.882288178, 366.560487509, 69.4538530817, 357.737714985
0.00218914384763, 0.880283827503, 0.209668650178, 0.120422655152, 0.679178154243, 0.258969174632, 0.927035919331, 0.868798961814, 0.43326387964, 0.306269304455, 0.612348545645, 0.00757362786866, 0.989490496698, 0.757594371114, 176.927436514, 33.872466459, 61.5712052413, 1000.3903428, 3.50178905508
0.334957380565, 0.974376784416, 0.963504257383, 0.893047378294, 0.991960561706, 0.785032032149, 0.492277537165, 0.301343782378, 0.967211254561, 0.685273046352, 0.785831731757, 0.986192981771, 0.0674116695767, 0.51910831909, 0.215856255113, 1.27274184222, 22.4936527134, 559.481724337, 325.186114848
0.312711238245, 0.275686196361, 0.948375919191, 0.205566990907, 0.236557868332, 0.0256699442679, 0.478448788627, 0.0202750059078, 0.471873927804, 0.715520492648, 0.591946936347, 0.300954509441, 0.714118972789, 0.494192699464, 43.4682539982, 14.5451425572, 564.01754635, 261.61283828, 333.493350572
0.173756745876, 0.0674129123767, 0.758631079747, 0.040000680264, 0.930661001684, 0.201766252159, 0.796568765425, 0.0058589009768, 0.568264734099, 0.187106124725, 0.0916451318885, 0.980686179851, 0.703796248238, 0.494165868278, 184.078507387, 11.5814355176, 462.937678475, 52.9669987765, 140.278628156
0.301820780484, 0.0376415312702, 0.332653645792, 0.867118023167, 0.129240182037, 0.567629697164, 0.478448788627, 0.185759403317, 0.225929118146, 0.715520492648, 0.658728655656, 0.699739054564, 0.120806225865, 0.449999977893, 168.154979971, 793.874194827, 467.358189452, 55.4341798249, 481.364167277
0.00218914384763, 0.880283827503, 0.994128892581, 0.102501681881, 0.748330320667, 0.350030326049, 0.143351802386, 0.884023467131, 0.0144444356739, 0.294852266855, 0.769578152597, 0.542327921143, 0.731654164763, 0.302004496769, 2.08558157622, 0.338730106688, 229.101946444, 1203.96152167, 4.21437422868
0.22313144068, 0.601402862864, 0.00216658360131, 0.490288038808, 0.878075300478, 0.192383523311, 0.0986918131733, 0.381202816733, 0.412744608315, 0.000640396211632, 0.9977913936, 0.574140300836, 0.887870033626, 0.736867054619, 237.299356756, 230.167358927, 1.12507957451, 457.132071245, 206.244718968
0.00218914384763, 0.778623279858, 0.989717229221, 0.0354338999302, 0.0411703153291, 0.00653911314767, 0.529735445925, 0.590684032313, 0.816152497408, 0.305296522499, 0.425659916519, 0.00580771091118, 0.120806225865, 0.569235325369, 4.46805222769, 0.248946413787, 277.027895614, 764.384363601, 2.79584033016
0.175013696185, 0.0673122882188, 0.274771095633, 0.12293788632, 0.388581141746, 0.47115351966, 0.934245143772, 0.631640941459, 0.999850300216, 0.312958056653, 0.288663647078, 0.790426847222, 0.310638406326, 0.0922528432566, 541.625806095, 105.913411008, 254.181528723, 64.4849795464, 172.339027168
0.421812679505, 0.134015609365, 0.424790629953, 0.257847445806, 0.87558259068, 0.983432737321, 0.606920371707, 0.21816540021, 0.0917289658944, 0.423931406089, 0.808814770257, 0.497308488259, 0.0889515043429, 0.106119986535, 263.591787453, 113.009730948, 225.938677755, 78.0140722973, 291.302309744
0.23519064914, 0.0206357883569, 0.0532555609119, 0.867118023167, 0.748330320667, 0.508124690617, 0.478448788627, 0.490363561361, 0.823521046033, 0.97056008221, 0.635454994866, 0.617357257163, 0.316740419507, 0.449999977893, 199.901907425, 943.754183366, 80.888859768, 31.3908881534, 375.051635758
0.22715441021, 0.534261256726, 0.949948656954, 0.0114909819115, 0.775116458606, 0.47497863491, 0.700641737639, 0.223615235837, 0.544605966104, 0.00927381438999, 0.288174630965, 0.906046321076, 0.204252066309, 0.558819082911, 39.2417166791, 0.708389612409, 498.180846514, 556.629741058, 278.84549234
0.979032693765, 0.407498630959, 0.98139913394, 0.999561516724, 0.219783023555, 0.316119949253, 0.478002961382, 0.940245588345, 0.471873927804, 0.132425714858, 0.232839982401, 0.954787677024, 0.785062052488, 0.039299639595, 0.000694452141439, 1.00825258009, 34.49791056, 25.7013966601, 1306.06223831
0.295108568, 0.0703346837975, 0.963504257383, 0.893047378294, 0.600306395369, 0.785032032149, 0.492277537165, 0.398993914962, 0.794909953788, 0.685273046352, 0.288174630965, 0.839790085751, 0.364127095257, 0.51910831909, 4.87490702115, 28.7436569281, 507.997627803, 56.4465239199, 255.91845119
0.0574206805877, 0.0736541475325, 0.104496232626, 0.999671941013, 0.968348054257, 0.323783340298, 0.907811670371, 0.490363561361, 0.053829773165, 0.377826960823, 0.343987498166, 0.491658051695, 0.370776605153, 0.896790171681, 0.483092725392, 937.472727083, 155.275977487, 110.432422809, 86.5200952714
0.0574206805877, 0.964035292876, 0.577776650082, 0.893047378294, 0.981596503829, 0.785032032149, 0.67281653233, 0.895124638222, 0.874454780457, 0.109171551981, 0.755230761575, 0.777530212022, 0.364127095257, 0.594683099621, 5.11366378284, 30.1514258184, 39.1430176821, 878.342701117, 79.5656388843
0.454842635001, 0.107712583493, 0.00534873023275, 0.999856301635, 0.600306395369, 0.372224434051, 0.202115728104, 0.558811295839, 0.200342176445, 0.934326565869, 0.420684413144, 0.986192981771, 0.999483727427, 0.799521056055, 0.111969095884, 496.051149597, 4.16780375963, 84.7422864976, 436.484235058
0.00218914384763, 0.28816035251, 0.989717229221, 0.0354338999302, 0.0411703153291, 0.0569825089538, 0.133496778517, 0.60942309517, 0.816152497408, 0.512824255278, 0.425659916519, 0.00580771091118, 0.120806225865, 0.927161806093, 15.1340181622, 0.843221913187, 938.338450401, 456.389254078, 3.58847411777
0.362517421562, 0.998637791569, 0.723917289796, 0.7662900988, 0.686784935793, 0.499696203225, 0.136690695543, 0.257505918688, 0.414020598106, 0.460355214022, 0.143134533895, 0.954787677024, 0.32039563385, 0.515905633434, 0.31785126529, 0.82656914917, 1.91240298267, 984.922939792, 630.529630059
0.493290679541, 0.69816336287, 0.37179131385, 0.607353313514, 0.503665697042, 0.332266990172, 0.998677705019, 0.6687746071, 0.996007520729, 0.377826960823, 0.586849233523, 0.491658051695, 0.415939696068, 0.494165868278, 83.1401179955, 117.2571473, 95.0003357449, 335.755591313, 369.511818209
0.334957380565, 0.974376784416, 0.963504257383, 0.489350285476, 0.991960561706, 0.785032032149, 0.59069221971, 0.301343782378, 0.910162272872, 0.685273046352, 0.785831731757, 0.986192981771, 0.148362402639, 0.51910831909, 0.814471649101, 0.787667708506, 19.7427594967, 491.059111969, 285.41701692
0.978392443466, 0.998637791569, 0.987574206986, 0.999324845097, 0.275805736954, 0.139120784256, 0.879529810658, 0.0202750059078, 0.475468577099, 0.14912015293, 0.0728532474338, 0.106874043092, 0.929211187282, 0.821196105422, 1.7560945586e-06, 0.00165586311342, 0.0848253242383, 39.6500880481, 1167.75786743
0.203902175336, 0.0736541475325, 0.994128892581, 0.867118023167, 0.748330320667, 0.567629697164, 0.478448788627, 0.185759403317, 0.0144444356739, 0.920701123401, 0.635454994866, 0.168125437614, 0.316740419507, 0.449999977893, 2.16277342818, 10.2106402925, 1131.69926157, 131.525635378, 377.938481803
0.58933885885, 0.563417906132, 0.0532555609119, 0.999671941013, 0.990958031752, 0.323783340298, 0.594744634935, 0.471735704474, 0.604889398985, 0.377826960823, 0.666262436264, 0.288506594819, 0.885772128856, 0.904310710924, 0.119124377695, 231.168571478, 19.3833304142, 283.500785846, 486.833156913
0.130261209948, 0.707458755518, 0.93803858285, 0.364953653562, 0.991960561706, 0.372224434051, 0.0986918131733, 0.0058589009768, 0.384755354818, 0.708714834985, 0.314285572314, 0.935326069834, 0.148362402639, 0.821196105422, 27.8653569409, 17.9895588133, 339.704222723, 689.73731508, 159.699432387
0.692531810691, 0.0160078800327, 0.00216658360131, 0.999762191022, 0.334924403651, 0.704083630148, 0.914226922221, 0.739863056451, 0.478716732532, 0.00970713196665, 0.194762467374, 0.906046321076, 0.491674275228, 0.468731771072, 0.124753244785, 333.967116471, 1.13658191801, 8.39946249222, 637.071059604
0.130261209948, 0.107712583493, 0.972065350787, 0.126201131309, 0.99491191499, 0.446022167415, 0.602855916063, 0.0058589009768, 0.301652193171, 0.240826799214, 0.91013126247, 0.984057979696, 0.108865208963, 0.655643956695, 32.7549670905, 6.57963729087, 760.895581515, 130.107303035, 160.341208899
0.0954023509827, 0.348682938067, 0.953564602108, 0.239041026541, 0.236557868332, 0.227541417727, 0.478448788627, 0.0202750059078, 0.475468577099, 0.715520492648, 0.111746126258, 0.42659996076, 0.714118972789, 0.519128830901, 49.9466352957, 19.6882923454, 734.732126646, 449.351034263, 130.291887767
0.130261209948, 0.999178042569, 0.987574206986, 0.399311895628, 0.219783023555, 0.139120784256, 0.93437253737, 0.815320337003, 0.568238810267, 0.0747632109514, 0.194762467374, 0.0145461828982, 0.360276190637, 0.515905633434, 0.0211881978609, 0.0153591635571, 1.34059181621, 1038.50800993, 215.509269269
0.0329541581398, 0.580994425939, 0.811741865351, 0.12293788632, 0.388581141746, 0.164802348169, 0.812202610378, 0.481558726257, 0.999850300216, 0.979489465822, 0.288663647078, 0.790426847222, 0.310638406326, 0.0922528432566, 91.525110628, 17.897479312, 306.119567823, 413.88766055, 27.1058519394
0.134129938555, 0.129010717814, 0.915226935934, 0.907005354589, 0.502516441678, 0.368452506302, 0.484077196543, 0.888889625346, 0.364649796634, 0.423931406089, 0.808814770257, 0.497308488259, 0.984779690465, 0.569163012798, 13.1959170835, 89.6927376246, 676.786944679, 140.301455888, 149.084438076
0.301820780484, 0.120064771621, 0.994128892581, 0.867118023167, 0.129240182037, 0.567629697164, 0.478448788627, 0.149481553346, 0.00680168159424, 0.715520492648, 0.635454994866, 0.699739054564, 0.120806225865, 0.449999977893, 1.86102232324, 8.78604724443, 973.80408023, 185.873652739, 508.733332828
0.334957380565, 0.964035292876, 0.0487132897946, 0.893047378294, 0.600306395369, 0.785032032149, 0.492277537165, 0.577083524498, 0.882153849925, 0.109171551981, 0.755230761575, 0.986192981771, 0.167801835406, 0.51910831909, 5.95552969848, 35.1152753757, 2.73067528104, 631.637414266, 367.41379607
0.00218914384763, 0.880283827503, 0.762958120205, 0.0545974639532, 0.679178154243, 0.258969174632, 0.567119649735, 0.868798961814, 0.43326387964, 0.306269304455, 0.872441269443, 0.00757362786866, 0.985434482537, 0.757594371114, 78.1226802334, 6.71639242673, 200.763751533, 1132.60516892, 3.96459683244
0.567222987825, 0.601402862864, 0.00216658360131, 0.999671941013, 0.878075300478, 0.192383523311, 0.0986918131733, 0.381202816733, 0.412744608315, 0.0367712348956, 0.995773820609, 0.549808612829, 0.887870033626, 0.690082323087, 0.134798796903, 261.585797298, 0.890248444486, 361.717628308, 552.236680766
0.362517421562, 0.998637791569, 0.354831549903, 0.7662900988, 0.686784935793, 0.499696203225, 0.998677705019, 0.048330161434, 0.414020598106, 0.460355214022, 0.266779774454, 0.6863048849, 0.32039563385, 0.515905633434, 0.44608124886, 1.16002998445, 0.774650387444, 684.421037963, 438.153815326
0.130261209948, 0.107712583493, 0.93803858285, 0.0838499282589, 0.778346688309, 0.270157487078, 0.59069221971, 0.0058589009768, 0.704787598908, 0.0765833648358, 0.984028890274, 0.980686179851, 0.148362402639, 0.494165868278, 71.0962974144, 9.41870353668, 734.529698727, 126.074717983, 155.371545035
0.979032693765, 0.275686196361, 0.948375919191, 0.239041026541, 0.236557868332, 0.183816674824, 0.879529810658, 0.0202750059078, 0.842314692686, 0.715520492648, 0.111746126258, 0.300954509441, 0.714118972789, 0.494192699464, 1.69809956877, 0.669368027366, 22.4595235438, 10.417583174, 753.480833912
0.23519064914, 0.998637791569, 0.987574206986, 0.999324845097, 0.219783023555, 0.139120784256, 0.478448788627, 0.815320337003, 0.471873927804, 0.14912015293, 0.0728532474338, 0.106874043092, 0.929211187282, 0.932684435586, 4.9411998861e-05, 0.0465917429523, 2.38676716132, 1115.65182858, 431.998285192
0.0348524907715, 0.563417906132, 0.994128892581, 0.999671941013, 0.968348054257, 0.323783340298, 0.594744634935, 0.185759403317, 0.604889398985, 0.393712879745, 0.455214876107, 0.217918482456, 0.370776605153, 0.896790171681, 0.00220170622752, 4.27255355517, 463.271257943, 566.184386301, 40.0910344709
0.362517421562, 0.999007271902, 0.774902268468, 0.0354338999302, 0.923924904646, 0.492893907323, 0.998677705019, 0.15970719046, 0.254847473096, 0.0537555600279, 0.586849233523, 0.954787677024, 0.00338037061185, 0.356459914277, 0.558188362563, 0.0311005744777, 1.51466635101, 1035.37963453, 662.830370547
0.215585668954, 0.998263514461, 0.019005461292, 0.776363966767, 0.567134035235, 0.708247176915, 0.973041068355, 0.740743639453, 0.79684740317, 0.907357538578, 0.026349919355, 0.482287941012, 0.491128496773, 0.633436142644, 0.780867399107, 2.13068075432, 0.0677660487262, 832.31219678, 293.148736698
0.198671214413, 0.987407089091, 0.0487132897946, 0.893047378294, 0.600306395369, 0.785032032149, 0.492277537165, 0.398993914962, 0.874454780457, 0.685273046352, 0.755230761575, 0.962483102799, 0.364127095257, 0.51910831909, 2.65781441161, 15.6711308122, 1.21863687746, 805.801759329, 260.013513276
0.00218914384763, 0.648396849769, 0.962501927361, 0.908771997494, 0.878075300478, 0.192383523311, 0.0986918131733, 0.60942309517, 0.295855488136, 0.000640396211632, 0.721175613341, 0.574140300836, 0.887870033626, 0.0498091153665, 2.79640868797, 19.3805241279, 332.053846387, 539.748298701, 2.18018561526
0.979032693765, 0.998637791569, 0.354831549903, 0.371304220349, 0.219783023555, 0.139120784256, 0.990039797361, 0.215842169204, 0.0125213981761, 0.14912015293, 0.33463588124, 0.151727198802, 0.929211187282, 0.515905633434, 0.0594364070163, 0.0392169625463, 0.044383512401, 39.2138313209, 1190.20202151
0.130261209948, 0.707458755518, 0.810680586767, 0.999324845097, 0.262644912911, 0.500177743158, 0.59069221971, 0.889786772804, 0.769313820816, 0.377826960823, 0.0728532474338, 0.980686179851, 0.988278515086, 0.494165868278, 0.0987183809016, 93.0838973054, 303.729092221, 641.951897571, 148.635359318
0.202126409552, 0.676677362187, 0.0988104353789, 0.975124526467, 0.99473996001, 0.707275717045, 0.796698722889, 0.0058589009768, 0.726688305552, 0.708714834985, 0.68872953218, 0.491658051695, 0.148362402639, 0.628964237461, 10.7238942584, 274.309079847, 42.9538097294, 499.23343995, 187.754670338
0.00218914384763, 0.127334279796, 0.00216658360131, 0.999762191022, 0.801867709567, 0.704083630148, 0.914226922221, 0.739863056451, 0.48439599604, 0.00970713196665, 0.194762467374, 0.842290754849, 0.703796248238, 0.0654810505186, 0.271791286474, 727.591113018, 2.47619260092, 147.503170587, 2.55288745125
0.979032693765, 0.407498630959, 0.999598657665, 0.999561516724, 0.219783023555, 0.316119949253, 0.93437253737, 0.940245588345, 0.471873927804, 0.132425714858, 0.143134533895, 0.954787677024, 0.785062052488, 0.039299639595, 1.66175013974e-05, 0.0241264122591, 38.2699540204, 28.499454924, 1448.25055155
0.282441525295, 0.998637791569, 0.354831549903, 0.0354338999302, 0.686784935793, 0.0348604145944, 0.998677705019, 0.0332745709381, 0.769313820816, 0.460355214022, 0.340343795246, 0.106874043092, 0.0124835580508, 0.515905633434, 1.70899086022, 0.0952198237994, 1.06684756695, 942.583817103, 447.970705172
0.183502251684, 0.0703346837975, 0.0756519257402, 0.656381170067, 0.567134035235, 0.708247176915, 0.802655835292, 0.775588743692, 0.221230366311, 0.613133900593, 0.300886418472, 0.737156050998, 0.491128496773, 0.30101990539, 290.186184729, 484.372698133, 67.4166327333, 63.0828502524, 169.642079384
0.295108568, 0.699261219859, 0.963504257383, 0.893047378294, 0.600306395369, 0.785032032149, 0.492277537165, 0.398993914962, 0.794909953788, 0.685273046352, 0.288174630965, 0.839790085751, 0.364127095257, 0.287032070062, 2.12292416334, 12.5172856776, 221.222770877, 433.643759174, 243.432927177
0.979975544107, 0.676677362187, 0.555974608042, 0.00221881518327, 0.262644912911, 0.500177743158, 0.136690695543, 0.0058589009768, 0.414020598106, 0.116579226354, 0.314285572314, 0.491658051695, 0.148362402639, 0.494165868278, 7.48908083596, 0.0261018496015, 8.93713377814, 20.950004301, 762.005243556
0.91714308239, 0.707458755518, 0.104496232626, 0.857072111584, 0.158981357986, 0.372224434051, 0.594744634935, 0.490363561361, 0.800115711871, 0.934326565869, 0.815372351293, 0.777530212022, 0.999483727427, 0.594683099621, 8.84669065405, 38.7400394743, 6.58179186974, 81.395065209, 693.827277614
0.972893307037, 0.627860376021, 0.385462609958, 0.012272219355, 0.146672788467, 0.690383278976, 0.478448788627, 0.286512867575, 0.148313636365, 0.300691962585, 0.0156915403783, 0.298874111234, 0.723329265749, 0.592592470533, 14.3660029332, 0.27697000423, 9.94623730004, 26.4097545819, 743.295502266
0.161252877052, 0.275686196361, 0.953564602108, 0.239041026541, 0.201092742983, 0.0256699442679, 0.927035919331, 0.0202750059078, 0.475468577099, 0.715520492648, 0.111746126258, 0.42659996076, 0.773377247139, 0.519128830901, 50.0794225554, 19.7406352985, 736.685472754, 341.487956924, 210.647868131
0.226893601336, 0.987004255207, 0.108393687896, 0.969771633985, 0.481438765014, 0.816222744494, 0.19323694027, 0.215842169204, 0.412744608315, 0.583271713542, 0.805633037338, 0.119617707425, 0.265414060998, 0.15110544849, 0.666064896889, 14.0170117856, 2.41265054026, 697.412237519, 259.702422301
0.17559256829, 0.998637791569, 0.987574206986, 0.954588158089, 0.219783023555, 0.849038989877, 0.753143713119, 0.815320337003, 0.568238810267, 0.0747632109514, 0.0675875706154, 0.106874043092, 0.929211187282, 0.515905633434, 0.00339647585956, 0.0475337465514, 2.44123035037, 1141.10967694, 322.973887333
0.108921534843, 0.129010717814, 0.836183710573, 0.907005354589, 0.502516441678, 0.368452506302, 0.484077196543, 0.888889625346, 0.364649796634, 0.979489465822, 0.288663647078, 0.497308488259, 0.984779690465, 0.569163012798, 25.687925979, 174.601006537, 670.630655334, 142.485803725, 122.32156838
0.98682239695, 0.407498630959, 0.716019639178, 0.962805804752, 0.219783023555, 0.646132985203, 0.478448788627, 0.745894500208, 0.471873927804, 0.278084006615, 0.0299308881382, 0.700897137857, 0.0276405636168, 0.110823559731, 0.458089134729, 7.8317787483, 16.4048000567, 13.5416638795, 1095.16721696
0.0574206805877, 0.97207034358, 0.0796801477811, 0.999671941013, 0.968348054257, 0.323783340298, 0.907811670371, 0.490363561361, 0.053829773165, 0.377826960823, 0.343987498166, 0.491658051695, 0.731654164763, 0.896790171681, 0.0218550275184, 42.4110966099, 5.33612119581, 973.701717112, 88.1479440711
0.00218914384763, 0.0736541475325, 0.332653645792, 0.102501681881, 0.171578221319, 0.350030326049, 0.143351802386, 0.884023467131, 0.640616339532, 0.294852266855, 0.769578152597, 0.542327921143, 0.370776605153, 0.224023701989, 1150.2792095, 186.822804631, 671.158328544, 156.285967705, 4.65551893017
0.979032693765, 0.999007271902, 0.634406900999, 0.999561516724, 0.054726900778, 0.316119949253, 0.93437253737, 0.880884085543, 0.514948153986, 0.796059316661, 0.232839982401, 0.47459483468, 0.785062052488, 0.039299639595, 2.07111574028e-05, 0.0300698588744, 0.0464749260603, 35.4978483081, 1077.41488245
0.0574206805877, 0.964035292876, 0.353123125465, 0.893047378294, 0.981596503829, 0.785032032149, 0.67281653233, 0.895124638222, 0.874454780457, 0.109171551981, 0.755230761575, 0.986192981771, 0.364127095257, 0.799521056055, 6.81831109393, 40.2024477724, 25.2638892409, 848.200701252, 76.8351927003
0.454842635001, 0.107712583493, 0.715194148964, 0.999856301635, 0.600306395369, 0.372224434051, 0.594744634935, 0.286512867575, 0.200342176445, 0.934326565869, 0.420684413144, 0.777530212022, 0.999483727427, 0.594683099621, 0.039700302691, 175.882288178, 366.560487509, 69.4538530817, 357.737714985
0.938094731889, 0.823294753283, 0.385462609958, 0.012272219355, 0.146672788467, 0.695301778083, 0.567119649735, 0.490363561361, 0.800115711871, 0.647633106078, 0.51219806074, 0.298874111234, 0.598071902325, 0.592592470533, 14.0131773615, 0.270167687641, 9.70196010771, 59.8271035734, 637.716764682
0.00218914384763, 0.880283827503, 0.209668650178, 0.120422655152, 0.679178154243, 0.258969174632, 0.927035919331, 0.868798961814, 0.43326387964, 0.306269304455, 0.612348545645, 0.00757362786866, 0.989490496698, 0.757594371114, 176.927436514, 33.872466459, 61.5712052413, 1000.3903428, 3.50178905508
0.22313144068, 0.601402862864, 0.948375919191, 0.490288038808, 0.878075300478, 0.217420390634, 0.0986918131733, 0.381202816733, 0.412744608315, 0.398244492294, 0.721175613341, 0.207663847656, 0.887870033626, 0.635373345638, 18.4675822209, 17.9125417096, 316.57317178, 439.194122673, 198.151637351
0.976244390156, 0.622224749055, 0.999496186741, 0.975124526467, 0.987296996389, 0.00112948787908, 0.551757858135, 0.0058589009768, 0.568264734099, 0.000640396211632, 0.785831731757, 0.76823859792, 0.148362402639, 0.494165868278, 0.000573698918117, 0.0146747831101, 18.5572558822, 27.5125074225, 888.929043163
0.976851299619, 0.295690495583, 0.27746396729, 0.962805804752, 0.219783023555, 0.901565013126, 0.0671397916357, 0.398993914962, 0.415279343705, 0.914106288533, 0.288174630965, 0.491658051695, 0.807358091546, 0.0831976856872, 0.843444758903, 14.4200598472, 6.72701040311, 7.9835323029, 489.92425587
