0.000399905712327, 0.500352305636, 0.131474612358, 0.658246804762, 0.184310428747, 0.475333930664, 0.795589589562, 0.718968083542, 0.99449533025, 0.798959785816, 0.360213691572, 0.566757955629, 0.343553035984, 0.898333743881, 0.759892408004, 0.65382507835, 0.0764691035647, 0.920289835167, 0.309437862248, 0.110069010575, 0.316406004015, 0.215846638233, 0.0748522413131, 0.0612098923719, 0.0192083326107, 0.0221255815222, 0.0772830151218, 0.782197769091, 0.00800130651986, 0.943307932213, 0.000399905712327, 4.920718811
0.000399905712327, 0.500352305636, 0.131474612358, 0.658246804762, 0.184310428747, 0.475333930664, 0.795589589562, 0.718968083542, 0.99449533025, 0.798959785816, 0.360213691572, 0.566757955629, 0.343553035984, 0.898333743881, 0.759892408004, 0.65382507835, 0.0764691035647, 0.920289835167, 0.309437862248, 0.110069010575, 0.316406004015, 0.215846638233, 0.0748522413131, 0.0612098923719, 0.0192083326107, 0.0221255815222, 0.0772830151218, 0.782197769091, 0.00800130651986, 0.943307932213, 0.000399905712327, 4.920718811
0.447146288836, 0.228659000885, 0.767701159773, 0.0100866769626, 0.316252231987, 0.283866746869, 0.0442171393883, 0.116231431415, 0.0633113609539, 0.202281286657, 0.338933995408, 0.011383631807, 0.635083355499, 0.358601498531, 0.177981995949, 0.0929821308878, 0.791034352919, 0.0366137926752, 0.0162792539275, 0.0991955162147, 0.465489851188, 0.224780484398, 0.615983183176, 0.357169588434, 0.686190778231, 0.544051180952, 0.427032343729, 0.00165057783014, 0.000497562674119, 0.103134321424, 0.447146288836, 2.23908788814
0.447146288836, 0.228659000885, 0.767701159773, 0.0100866769626, 0.316252231987, 0.283866746869, 0.0442171393883, 0.116231431415, 0.0633113609539, 0.202281286657, 0.338933995408, 0.011383631807, 0.635083355499, 0.358601498531, 0.177981995949, 0.0929821308878, 0.791034352919, 0.0366137926752, 0.0162792539275, 0.0991955162147, 0.465489851188, 0.224780484398, 0.615983183176, 0.357169588434, 0.686190778231, 0.544051180952, 0.427032343729, 0.00165057783014, 0.000497562674119, 0.103134321424, 0.447146288836, 2.23908788814
0.968132754666, 0.191971195618, 0.273243721141, 0.145876826735, 0.473307716743, 0.249554404733, 0.405589711071, 0.521743544053, 0.0319509601816, 0.083105791081, 0.152064108288, 0.0457749939174, 0.976030487269, 0.130775552532, 0.12954178327, 0.559682717882, 0.49547874127, 0.615498551368, 0.320356096011, 0.0608231157473, 0.00186934855129, 0.875918958749, 0.000866468003585, 0.0703802304446, 0.265121734954, 0.0203434068157, 0.00484918549594, 0.408841121379, 0.108278521059, 0.688663743663, 0.968132754666, 1.71696418061
0.968132754666, 0.191971195618, 0.273243721141, 0.145876826735, 0.473307716743, 0.249554404733, 0.405589711071, 0.521743544053, 0.0319509601816, 0.083105791081, 0.152064108288, 0.0457749939174, 0.976030487269, 0.130775552532, 0.12954178327, 0.559682717882, 0.49547874127, 0.615498551368, 0.320356096011, 0.0608231157473, 0.00186934855129, 0.875918958749, 0.000866468003585, 0.0703802304446, 0.265121734954, 0.0203434068157, 0.00484918549594, 0.408841121379, 0.108278521059, 0.688663743663, 0.968132754666, 1.71696418061
0.671537268011, 0.228659000885, 0.733338812975, 0.0100866769626, 0.747178378753, 0.27940952971, 0.0182093796202, 0.0994130994336, 0.0633113609539, 0.202281286657, 0.338933995408, 0.28946528095, 0.635083355499, 0.443824699359, 0.177981995949, 0.0929821308878, 0.791034352919, 0.0366137926752, 0.0162792539275, 0.194368210284, 0.531030978666, 0.224780484398, 0.0252847309053, 0.357169588434, 0.686190778231, 0.228794884802, 0.00584947097364, 0.00165057783014, 0.000497562674119, 0.103134321424, 0.671537268011, 1.84785647892
0.671537268011, 0.228659000885, 0.733338812975, 0.0100866769626, 0.747178378753, 0.27940952971, 0.0182093796202, 0.0994130994336, 0.0633113609539, 0.202281286657, 0.338933995408, 0.28946528095, 0.635083355499, 0.443824699359, 0.177981995949, 0.0929821308878, 0.791034352919, 0.0366137926752, 0.0162792539275, 0.194368210284, 0.531030978666, 0.224780484398, 0.0252847309053, 0.357169588434, 0.686190778231, 0.228794884802, 0.00584947097364, 0.00165057783014, 0.000497562674119, 0.103134321424, 0.671537268011, 1.84785647892
0.00636124154145, 0.864605394905, 0.297560194955, 0.897895751149, 0.00723521665098, 0.0475693380978, 0.27883866426, 0.0681512145741, 0.0306575732723, 0.123959276287, 0.21078026423, 0.410102577957, 0.720681007802, 0.321358215309, 0.144284280203, 0.732689675947, 0.215623276975, 0.294339215229, 0.0230605031902, 0.163692421117, 0.357220258524, 0.0304018906937, 0.2805956797, 0.407195499012, 0.0361982211952, 0.00557734918153, 0.11868225763, 0.00840168233125, 0.357433476328, 0.304181202566, 0.00636124154145, 3.26071935219
0.00636124154145, 0.864605394905, 0.297560194955, 0.897895751149, 0.00723521665098, 0.0475693380978, 0.27883866426, 0.0681512145741, 0.0306575732723, 0.123959276287, 0.21078026423, 0.410102577957, 0.720681007802, 0.321358215309, 0.144284280203, 0.732689675947, 0.215623276975, 0.294339215229, 0.0230605031902, 0.163692421117, 0.357220258524, 0.0304018906937, 0.2805956797, 0.407195499012, 0.0361982211952, 0.00557734918153, 0.11868225763, 0.00840168233125, 0.357433476328, 0.304181202566, 0.00636124154145, 3.26071935219
0.363539767688, 0.864605394905, 0.0428444875695, 0.65349208689, 0.126321247213, 0.0475693380978, 0.0640972937099, 0.757219668103, 0.00796172423018, 0.123959276287, 0.21078026423, 0.410102577957, 0.438998959453, 0.321358215309, 0.144284280203, 0.597031790903, 0.737452889852, 0.0940703425479, 0.0230605031902, 0.0163810744244, 0.354543815964, 0.0201730076037, 0.2805956797, 0.0474980344127, 0.0406476358332, 0.632715615599, 0.11868225763, 0.145696000959, 0.898183972869, 0.304181202566, 0.363539767688, 2.49432140034
0.363539767688, 0.864605394905, 0.0428444875695, 0.65349208689, 0.126321247213, 0.0475693380978, 0.0640972937099, 0.757219668103, 0.00796172423018, 0.123959276287, 0.21078026423, 0.410102577957, 0.438998959453, 0.321358215309, 0.144284280203, 0.597031790903, 0.737452889852, 0.0940703425479, 0.0230605031902, 0.0163810744244, 0.354543815964, 0.0201730076037, 0.2805956797, 0.0474980344127, 0.0406476358332, 0.632715615599, 0.11868225763, 0.145696000959, 0.898183972869, 0.304181202566, 0.363539767688, 2.49432140034
0.00376379923789, 0.630348007273, 0.392259588351, 0.725111209894, 0.532608886866, 0.65619694407, 0.178554843366, 0.976158072207, 0.0792377683269, 0.234690118717, 0.28221920658, 0.744186641247, 0.023490689247, 0.0782918494821, 0.556666263247, 0.726223948444, 0.0764691035647, 0.112913372043, 0.309437862248, 0.110069010575, 0.0048043767369, 0.215846638233, 0.0748522413131, 0.112416893391, 0.0956374988984, 0.221860698223, 0.0476760355707, 0.850205538258, 0.0411035465976, 0.563705073254, 0.00376379923789, 3.87319799747
0.00376379923789, 0.630348007273, 0.392259588351, 0.725111209894, 0.532608886866, 0.65619694407, 0.178554843366, 0.976158072207, 0.0792377683269, 0.234690118717, 0.28221920658, 0.744186641247, 0.023490689247, 0.0782918494821, 0.556666263247, 0.726223948444, 0.0764691035647, 0.112913372043, 0.309437862248, 0.110069010575, 0.0048043767369, 0.215846638233, 0.0748522413131, 0.112416893391, 0.0956374988984, 0.221860698223, 0.0476760355707, 0.850205538258, 0.0411035465976, 0.563705073254, 0.00376379923789, 3.87319799747
0.65736667544, 0.121646176118, 0.291867160708, 0.0654196238162, 0.195098953989, 0.0348983936298, 0.475548034639, 0.00133631379827, 0.237923859427, 0.414607444763, 0.869765539994, 0.30254129168, 0.344445523079, 0.475493675741, 0.144284280203, 0.150550192355, 0.176799364838, 0.418299229913, 0.0866694162409, 0.00997608262849, 0.80701061289, 0.443247400291, 0.815923676012, 0.100582963941, 0.0848231701688, 0.0236786651472, 0.246348525547, 0.222201710308, 0.340794217772, 0.547849852592, 0.65736667544, 2.07919248535
0.65736667544, 0.121646176118, 0.291867160708, 0.0654196238162, 0.195098953989, 0.0348983936298, 0.475548034639, 0.00133631379827, 0.237923859427, 0.414607444763, 0.869765539994, 0.30254129168, 0.344445523079, 0.475493675741, 0.144284280203, 0.150550192355, 0.176799364838, 0.418299229913, 0.0866694162409, 0.00997608262849, 0.80701061289, 0.443247400291, 0.815923676012, 0.100582963941, 0.0848231701688, 0.0236786651472, 0.246348525547, 0.222201710308, 0.340794217772, 0.547849852592, 0.65736667544, 2.07919248535
0.000750845346986, 0.500352305636, 0.131474612358, 0.8020139176, 0.184310428747, 0.475333930664, 0.795589589562, 0.976158072207, 0.768468113086, 0.561413317824, 0.483563106697, 0.566757955629, 0.21286380658, 0.898333743881, 0.491608847362, 0.65382507835, 0.0764691035647, 0.920289835167, 0.309437862248, 0.110069010575, 0.316406004015, 0.215846638233, 0.0748522413131, 0.0612098923719, 0.0192083326107, 0.0221255815222, 0.0772830151218, 0.782197769091, 0.00800130651986, 0.943307932213, 0.000750845346986, 4.79989858356
0.000750845346986, 0.500352305636, 0.131474612358, 0.8020139176, 0.184310428747, 0.475333930664, 0.795589589562, 0.976158072207, 0.768468113086, 0.561413317824, 0.483563106697, 0.566757955629, 0.21286380658, 0.898333743881, 0.491608847362, 0.65382507835, 0.0764691035647, 0.920289835167, 0.309437862248, 0.110069010575, 0.316406004015, 0.215846638233, 0.0748522413131, 0.0612098923719, 0.0192083326107, 0.0221255815222, 0.0772830151218, 0.782197769091, 0.00800130651986, 0.943307932213, 0.000750845346986, 4.79989858356
0.147211095827, 0.219721880266, 0.208543607891, 0.218729731601, 0.274183592634, 0.00206929999716, 0.587679077184, 0.116231431415, 0.776272256337, 0.202281286657, 0.290218794119, 0.30924398994, 0.813659649987, 0.49195001814, 0.177981995949, 0.0330911857875, 0.691582685082, 0.0366137926752, 0.0614869941521, 0.194368210284, 0.559214443605, 0.507778608462, 0.872377584784, 0.357169588434, 0.0228671918156, 0.544051180952, 0.00584947097364, 0.0428216834504, 0.340968622929, 0.103134321424, 0.147211095827, 3.06323879611
0.147211095827, 0.219721880266, 0.208543607891, 0.218729731601, 0.274183592634, 0.00206929999716, 0.587679077184, 0.116231431415, 0.776272256337, 0.202281286657, 0.290218794119, 0.30924398994, 0.813659649987, 0.49195001814, 0.177981995949, 0.0330911857875, 0.691582685082, 0.0366137926752, 0.0614869941521, 0.194368210284, 0.559214443605, 0.507778608462, 0.872377584784, 0.357169588434, 0.0228671918156, 0.544051180952, 0.00584947097364, 0.0428216834504, 0.340968622929, 0.103134321424, 0.147211095827, 3.06323879611
0.198214899878, 0.864605394905, 0.159861831917, 0.897895751149, 0.0504289752146, 0.0475693380978, 0.27883866426, 0.0681512145741, 0.0306575732723, 0.529590396159, 0.498299002202, 0.410102577957, 0.285370742066, 0.321358215309, 0.144284280203, 0.597031790903, 0.215623276975, 0.482860434102, 0.0230605031902, 0.163692421117, 0.354543815964, 0.0304018906937, 0.2805956797, 0.407195499012, 0.0406476358332, 0.00557734918153, 0.11868225763, 0.0242386805105, 0.357433476328, 0.304181202566, 0.198214899878, 2.64992141539
0.198214899878, 0.864605394905, 0.159861831917, 0.897895751149, 0.0504289752146, 0.0475693380978, 0.27883866426, 0.0681512145741, 0.0306575732723, 0.529590396159, 0.498299002202, 0.410102577957, 0.285370742066, 0.321358215309, 0.144284280203, 0.597031790903, 0.215623276975, 0.482860434102, 0.0230605031902, 0.163692421117, 0.354543815964, 0.0304018906937, 0.2805956797, 0.407195499012, 0.0406476358332, 0.00557734918153, 0.11868225763, 0.0242386805105, 0.357433476328, 0.304181202566, 0.198214899878, 2.64992141539
0.00140696578254, 0.220604957872, 0.0252551028286, 0.874811215543, 0.184310428747, 0.924595298111, 0.306022259892, 0.976158072207, 0.344661897833, 0.631741922769, 0.740699143318, 0.566757955629, 0.023490689247, 0.769875244543, 0.753596409963, 0.466693164375, 0.0764691035647, 0.514754806396, 0.309437862248, 0.648603031441, 0.0103159309592, 0.12181269981, 0.0748522413131, 0.129557017423, 0.0579100875547, 0.0877338696864, 0.113036321328, 0.738348716332, 0.0673917567709, 0.588906952673, 0.00140696578254, 4.44215522865
0.00140696578254, 0.220604957872, 0.0252551028286, 0.874811215543, 0.184310428747, 0.924595298111, 0.306022259892, 0.976158072207, 0.344661897833, 0.631741922769, 0.740699143318, 0.566757955629, 0.023490689247, 0.769875244543, 0.753596409963, 0.466693164375, 0.0764691035647, 0.514754806396, 0.309437862248, 0.648603031441, 0.0103159309592, 0.12181269981, 0.0748522413131, 0.129557017423, 0.0579100875547, 0.0877338696864, 0.113036321328, 0.738348716332, 0.0673917567709, 0.588906952673, 0.00140696578254, 4.44215522865
0.598720737082, 0.228659000885, 0.733338812975, 0.0100866769626, 0.316252231987, 0.27940952971, 0.0182093796202, 0.116231431415, 0.0633113609539, 0.202281286657, 0.338933995408, 0.28946528095, 0.635083355499, 0.62753339082, 0.486919645874, 0.0929821308878, 0.791034352919, 0.00550261094443, 0.0162792539275, 0.62105549502, 0.531030978666, 0.224780484398, 0.615983183176, 0.357169588434, 0.240227433297, 0.228794884802, 0.00584947097364, 0.00165057783014, 0.000497562674119, 0.103134321424, 0.598720737082, 2.08347994632
0.598720737082, 0.228659000885, 0.733338812975, 0.0100866769626, 0.316252231987, 0.27940952971, 0.0182093796202, 0.116231431415, 0.0633113609539, 0.202281286657, 0.338933995408, 0.28946528095, 0.635083355499, 0.62753339082, 0.486919645874, 0.0929821308878, 0.791034352919, 0.00550261094443, 0.0162792539275, 0.62105549502, 0.531030978666, 0.224780484398, 0.615983183176, 0.357169588434, 0.240227433297, 0.228794884802, 0.00584947097364, 0.00165057783014, 0.000497562674119, 0.103134321424, 0.598720737082, 2.08347994632
0.0960306180444, 0.325770857803, 0.10235931938, 0.0682463325446, 0.313838154281, 0.193760909993, 0.356102443753, 0.0598477209059, 0.189690129285, 0.202281286657, 0.0965119563158, 0.938465243842, 0.137964219592, 0.202177166416, 0.0768077324092, 0.529077844505, 0.524107702706, 0.11281349546, 0.02180258197, 0.194368210284, 0.631949975929, 0.345919008746, 0.0524963198786, 0.982992910558, 0.259311470027, 0.544051180952, 0.0011305421209, 0.209800874959, 0.000497562674119, 0.903771389906, 0.0960306180444, 3.06908963816
0.0960306180444, 0.325770857803, 0.10235931938, 0.0682463325446, 0.313838154281, 0.193760909993, 0.356102443753, 0.0598477209059, 0.189690129285, 0.202281286657, 0.0965119563158, 0.938465243842, 0.137964219592, 0.202177166416, 0.0768077324092, 0.529077844505, 0.524107702706, 0.11281349546, 0.02180258197, 0.194368210284, 0.631949975929, 0.345919008746, 0.0524963198786, 0.982992910558, 0.259311470027, 0.544051180952, 0.0011305421209, 0.209800874959, 0.000497562674119, 0.903771389906, 0.0960306180444, 3.06908963816
0.00172672063314, 0.496617817052, 0.136575139995, 0.0274590622285, 0.184310428747, 0.430409366929, 0.286743250945, 0.976158072207, 0.344661897833, 0.069010177529, 0.740699143318, 0.949159965098, 0.023490689247, 0.769875244543, 0.753596409963, 0.547190292491, 0.0764691035647, 0.620523989005, 0.309437862248, 0.110069010575, 0.0179748561648, 0.214034417515, 0.0748522413131, 0.102708745196, 0.0956374988984, 0.0877338696864, 0.113036321328, 0.761332601209, 0.0673917567709, 0.576503219871, 0.00172672063314, 4.00811138708
0.00172672063314, 0.496617817052, 0.136575139995, 0.0274590622285, 0.184310428747, 0.430409366929, 0.286743250945, 0.976158072207, 0.344661897833, 0.069010177529, 0.740699143318, 0.949159965098, 0.023490689247, 0.769875244543, 0.753596409963, 0.547190292491, 0.0764691035647, 0.620523989005, 0.309437862248, 0.110069010575, 0.0179748561648, 0.214034417515, 0.0748522413131, 0.102708745196, 0.0956374988984, 0.0877338696864, 0.113036321328, 0.761332601209, 0.0673917567709, 0.576503219871, 0.00172672063314, 4.00811138708
0.000399905712327, 0.500352305636, 0.131474612358, 0.658246804762, 0.337469902105, 0.475333930664, 0.795589589562, 0.718968083542, 0.99449533025, 0.798959785816, 0.360213691572, 0.566757955629, 0.343553035984, 0.898333743881, 0.759892408004, 0.65382507835, 0.0764691035647, 0.920289835167, 0.309437862248, 0.110069010575, 0.316406004015, 0.215846638233, 0.0748522413131, 0.0612098923719, 0.0192083326107, 0.0221255815222, 0.0772830151218, 0.782197769091, 0.00800130651986, 0.943307932213, 0.000399905712327, 4.9680382819
0.000399905712327, 0.500352305636, 0.131474612358, 0.658246804762, 0.337469902105, 0.475333930664, 0.795589589562, 0.718968083542, 0.99449533025, 0.798959785816, 0.360213691572, 0.566757955629, 0.343553035984, 0.898333743881, 0.759892408004, 0.65382507835, 0.0764691035647, 0.920289835167, 0.309437862248, 0.110069010575, 0.316406004015, 0.215846638233, 0.0748522413131, 0.0612098923719, 0.0192083326107, 0.0221255815222, 0.0772830151218, 0.782197769091, 0.00800130651986, 0.943307932213, 0.000399905712327, 4.9680382819
0.447146288836, 0.219721880266, 0.47616123325, 0.218729731601, 0.274183592634, 0.00206929999716, 0.587679077184, 0.116231431415, 0.776272256337, 0.202281286657, 0.250030937522, 0.197874860949, 0.0628266126436, 0.49195001814, 0.177981995949, 0.0929821308878, 0.691582685082, 0.379080311269, 0.0162792539275, 0.194368210284, 0.703593410893, 0.0244251498546, 0.615983183176, 0.357169588434, 0.0228671918156, 0.729943126792, 0.00584947097364, 0.0428216834504, 0.000292650886052, 0.0957619386116, 0.447146288836, 2.24171684022
0.447146288836, 0.219721880266, 0.47616123325, 0.218729731601, 0.274183592634, 0.00206929999716, 0.587679077184, 0.116231431415, 0.776272256337, 0.202281286657, 0.250030937522, 0.197874860949, 0.0628266126436, 0.49195001814, 0.177981995949, 0.0929821308878, 0.691582685082, 0.379080311269, 0.0162792539275, 0.194368210284, 0.703593410893, 0.0244251498546, 0.615983183176, 0.357169588434, 0.0228671918156, 0.729943126792, 0.00584947097364, 0.0428216834504, 0.000292650886052, 0.0957619386116, 0.447146288836, 2.24171684022
0.968132754666, 0.191971195618, 0.273243721141, 0.465750214542, 0.715853992318, 0.249554404733, 0.869552788583, 0.521743544053, 0.0319509601816, 0.083105791081, 0.152064108288, 0.0457749939174, 0.976030487269, 0.130775552532, 0.12954178327, 0.641820428791, 0.49547874127, 0.615498551368, 0.115345586355, 0.0608231157473, 0.00186934855129, 0.0358279739872, 0.000866468003585, 0.0703802304446, 0.265121734954, 0.0203434068157, 0.00371664080604, 0.789343025334, 0.108278521059, 0.688663743663, 0.968132754666, 1.81897861427
0.968132754666, 0.191971195618, 0.273243721141, 0.465750214542, 0.715853992318, 0.249554404733, 0.869552788583, 0.521743544053, 0.0319509601816, 0.083105791081, 0.152064108288, 0.0457749939174, 0.976030487269, 0.130775552532, 0.12954178327, 0.641820428791, 0.49547874127, 0.615498551368, 0.115345586355, 0.0608231157473, 0.00186934855129, 0.0358279739872, 0.000866468003585, 0.0703802304446, 0.265121734954, 0.0203434068157, 0.00371664080604, 0.789343025334, 0.108278521059, 0.688663743663, 0.968132754666, 1.81897861427
0.714039823848, 0.864605394905, 0.515035504591, 0.65349208689, 0.126321247213, 0.0475693380978, 0.0640972937099, 0.757219668103, 0.00796172423018, 0.207585558219, 0.21078026423, 0.134026333471, 0.897766032715, 0.321358215309, 0.0443963657553, 0.281838729325, 0.752896716707, 0.0940703425479, 0.0230605031902, 0.0163810744244, 0.265020468323, 0.0201730076037, 0.2805956797, 0.0474980344127, 0.0406476358332, 0.0106204796576, 0.11868225763, 0.145696000959, 0.898183972869, 0.103610260666, 0.714039823848, 1.89407582141
0.714039823848, 0.864605394905, 0.515035504591, 0.65349208689, 0.126321247213, 0.0475693380978, 0.0640972937099, 0.757219668103, 0.00796172423018, 0.207585558219, 0.21078026423, 0.134026333471, 0.897766032715, 0.321358215309, 0.0443963657553, 0.281838729325, 0.752896716707, 0.0940703425479, 0.0230605031902, 0.0163810744244, 0.265020468323, 0.0201730076037, 0.2805956797, 0.0474980344127, 0.0406476358332, 0.0106204796576, 0.11868225763, 0.145696000959, 0.898183972869, 0.103610260666, 0.714039823848, 1.89407582141
0.0559016975867, 0.0660516102463, 0.0166371685258, 0.39041088005, 0.0182592867866, 0.102611195425, 0.452726956225, 0.0908919119556, 0.21561029013, 0.625856599935, 0.158517422392, 0.395166906252, 0.397252429256, 0.0984145561965, 0.235735920852, 0.0376404359228, 0.810703055348, 0.0759541420133, 0.568578314619, 0.160128459915, 0.154440439551, 0.547588916979, 0.147953954487, 0.40725278668, 0.1544441111, 0.889737363487, 0.0564322184188, 0.263671603386, 0.973653753693, 0.504290697473, 0.0559016975867, 3.33746746056
0.0559016975867, 0.0660516102463, 0.0166371685258, 0.39041088005, 0.0182592867866, 0.102611195425, 0.452726956225, 0.0908919119556, 0.21561029013, 0.625856599935, 0.158517422392, 0.395166906252, 0.397252429256, 0.0984145561965, 0.235735920852, 0.0376404359228, 0.810703055348, 0.0759541420133, 0.568578314619, 0.160128459915, 0.154440439551, 0.547588916979, 0.147953954487, 0.40725278668, 0.1544441111, 0.889737363487, 0.0564322184188, 0.263671603386, 0.973653753693, 0.504290697473, 0.0559016975867, 3.33746746056
0.0150506938194, 0.114665519568, 0.561591382364, 0.39041088005, 0.0218249759771, 0.256837839596, 0.411951750234, 0.0908919119556, 0.265377824125, 0.711324651369, 0.179394863576, 0.617015454519, 0.357252500311, 0.199369531088, 0.940904854901, 0.0162860293983, 0.610658339422, 0.135671727124, 0.568578314619, 0.160128459915, 0.154440439551, 0.209136956689, 0.166041829385, 0.655214906654, 0.507620815457, 0.152655315083, 0.0148582802523, 0.0212988521604, 0.189322359022, 0.048829025887, 0.0150506938194, 3.47289796872
0.0150506938194, 0.114665519568, 0.561591382364, 0.39041088005, 0.0218249759771, 0.256837839596, 0.411951750234, 0.0908919119556, 0.265377824125, 0.711324651369, 0.179394863576, 0.617015454519, 0.357252500311, 0.199369531088, 0.940904854901, 0.0162860293983, 0.610658339422, 0.135671727124, 0.568578314619, 0.160128459915, 0.154440439551, 0.209136956689, 0.166041829385, 0.655214906654, 0.507620815457, 0.152655315083, 0.0148582802523, 0.0212988521604, 0.189322359022, 0.048829025887, 0.0150506938194, 3.47289796872
0.0212156242235, 0.0105982276884, 0.0153380236913, 0.39041088005, 0.0182592867866, 0.0594285435663, 0.452726956225, 0.0908919119556, 0.537669705595, 0.625856599935, 0.158517422392, 0.395166906252, 0.397252429256, 0.107898179437, 0.172250835204, 0.0376404359228, 0.776838089569, 0.0759541420133, 0.877606527633, 0.0773968233098, 0.267403330717, 0.0508215579862, 0.147953954487, 0.025309918818, 0.507620815457, 0.889737363487, 0.00926918287231, 0.328993204255, 0.973653753693, 0.036559040322, 0.0212156242235, 3.36460104713
0.0212156242235, 0.0105982276884, 0.0153380236913, 0.39041088005, 0.0182592867866, 0.0594285435663, 0.452726956225, 0.0908919119556, 0.537669705595, 0.625856599935, 0.158517422392, 0.395166906252, 0.397252429256, 0.107898179437, 0.172250835204, 0.0376404359228, 0.776838089569, 0.0759541420133, 0.877606527633, 0.0773968233098, 0.267403330717, 0.0508215579862, 0.147953954487, 0.025309918818, 0.507620815457, 0.889737363487, 0.00926918287231, 0.328993204255, 0.973653753693, 0.036559040322, 0.0212156242235, 3.36460104713
0.363539767688, 0.886574857821, 0.660975926272, 0.964857279257, 0.0953217468641, 0.0475693380978, 0.131331703781, 0.757219668103, 0.00796172423018, 0.123959276287, 0.034045465318, 0.113932913678, 0.773926421878, 0.063398859966, 0.144284280203, 0.597031790903, 0.588891509331, 0.0940703425479, 0.0230605031902, 0.0108621229086, 0.354543815964, 0.0137184237517, 0.2805956797, 0.407195499012, 0.0406476358332, 0.0106204796576, 0.11868225763, 0.0581210365247, 0.889928421598, 0.304181202566, 0.363539767688, 2.51340540466
0.363539767688, 0.886574857821, 0.660975926272, 0.964857279257, 0.0953217468641, 0.0475693380978, 0.131331703781, 0.757219668103, 0.00796172423018, 0.123959276287, 0.034045465318, 0.113932913678, 0.773926421878, 0.063398859966, 0.144284280203, 0.597031790903, 0.588891509331, 0.0940703425479, 0.0230605031902, 0.0108621229086, 0.354543815964, 0.0137184237517, 0.2805956797, 0.407195499012, 0.0406476358332, 0.0106204796576, 0.11868225763, 0.0581210365247, 0.889928421598, 0.304181202566, 0.363539767688, 2.51340540466
0.00376379923789, 0.630348007273, 0.524411612991, 0.725111209894, 0.184310428747, 0.65619694407, 0.299102722805, 0.976158072207, 0.0792377683269, 0.798959785816, 0.202283157502, 0.744186641247, 0.023490689247, 0.0782918494821, 0.556666263247, 0.423208496315, 0.0764691035647, 0.112913372043, 0.309437862248, 0.0026470812638, 0.0048043767369, 0.215846638233, 0.0748522413131, 0.112416893391, 0.0956374988984, 0.221860698223, 0.0476760355707, 0.850205538258, 0.00983301645043, 0.82994205866, 0.00376379923789, 3.93837194591
0.00376379923789, 0.630348007273, 0.524411612991, 0.725111209894, 0.184310428747, 0.65619694407, 0.299102722805, 0.976158072207, 0.0792377683269, 0.798959785816, 0.202283157502, 0.744186641247, 0.023490689247, 0.0782918494821, 0.556666263247, 0.423208496315, 0.0764691035647, 0.112913372043, 0.309437862248, 0.0026470812638, 0.0048043767369, 0.215846638233, 0.0748522413131, 0.112416893391, 0.0956374988984, 0.221860698223, 0.0476760355707, 0.850205538258, 0.00983301645043, 0.82994205866, 0.00376379923789, 3.93837194591
0.198214899878, 0.864605394905, 0.24071598513, 0.897895751149, 0.409794266156, 0.0475693380978, 0.27883866426, 0.0681512145741, 0.0306575732723, 0.123959276287, 0.21078026423, 0.410102577957, 0.720681007802, 0.321358215309, 0.144284280203, 0.878298167384, 0.215623276975, 0.482860434102, 0.0230605031902, 0.163692421117, 0.354543815964, 0.0304018906937, 0.2805956797, 0.407195499012, 0.0406476358332, 0.00557734918153, 0.11868225763, 0.00922680813659, 0.357433476328, 0.304181202566, 0.198214899878, 2.77270247102
0.198214899878, 0.864605394905, 0.24071598513, 0.897895751149, 0.409794266156, 0.0475693380978, 0.27883866426, 0.0681512145741, 0.0306575732723, 0.123959276287, 0.21078026423, 0.410102577957, 0.720681007802, 0.321358215309, 0.144284280203, 0.878298167384, 0.215623276975, 0.482860434102, 0.0230605031902, 0.163692421117, 0.354543815964, 0.0304018906937, 0.2805956797, 0.407195499012, 0.0406476358332, 0.00557734918153, 0.11868225763, 0.00922680813659, 0.357433476328, 0.304181202566, 0.198214899878, 2.77270247102
0.598720737082, 0.228659000885, 0.733338812975, 0.0100866769626, 0.747178378753, 0.27940952971, 0.0182093796202, 0.0994130994336, 0.0633113609539, 0.202281286657, 0.338933995408, 0.28946528095, 0.635083355499, 0.443824699359, 0.177981995949, 0.0929821308878, 0.791034352919, 0.0366137926752, 0.0162792539275, 0.194368210284, 0.531030978666, 0.464595799299, 0.615983183176, 0.330413958443, 0.686190778231, 0.228794884802, 0.00584947097364, 0.00165057783014, 0.000497562674119, 0.103134321424, 0.598720737082, 2.12911134924
0.598720737082, 0.228659000885, 0.733338812975, 0.0100866769626, 0.747178378753, 0.27940952971, 0.0182093796202, 0.0994130994336, 0.0633113609539, 0.202281286657, 0.338933995408, 0.28946528095, 0.635083355499, 0.443824699359, 0.177981995949, 0.0929821308878, 0.791034352919, 0.0366137926752, 0.0162792539275, 0.194368210284, 0.531030978666, 0.464595799299, 0.615983183176, 0.330413958443, 0.686190778231, 0.228794884802, 0.00584947097364, 0.00165057783014, 0.000497562674119, 0.103134321424, 0.598720737082, 2.12911134924
0.0960306180444, 0.325770857803, 0.10235931938, 0.0682463325446, 0.465151583338, 0.193760909993, 0.356102443753, 0.116231431415, 0.189690129285, 0.221765200075, 0.651463116688, 0.00863436152818, 0.248760097882, 0.0949674260323, 0.0768077324092, 0.159388514928, 0.524107702706, 0.0217382103533, 0.02180258197, 0.194368210284, 0.397579105491, 0.345919008746, 0.133667719298, 0.982992910558, 0.759973958925, 0.994858036188, 0.0011305421209, 0.0392944392792, 3.23717321855e-05, 0.903771389906, 0.0960306180444, 3.07548478636
0.0960306180444, 0.325770857803, 0.10235931938, 0.0682463325446, 0.465151583338, 0.193760909993, 0.356102443753, 0.116231431415, 0.189690129285, 0.221765200075, 0.651463116688, 0.00863436152818, 0.248760097882, 0.0949674260323, 0.0768077324092, 0.159388514928, 0.524107702706, 0.0217382103533, 0.02180258197, 0.194368210284, 0.397579105491, 0.345919008746, 0.133667719298, 0.982992910558, 0.759973958925, 0.994858036188, 0.0011305421209, 0.0392944392792, 3.23717321855e-05, 0.903771389906, 0.0960306180444, 3.07548478636
0.00172672063314, 0.496617817052, 0.136575139995, 0.0274590622285, 0.184310428747, 0.430409366929, 0.286743250945, 0.976158072207, 0.344661897833, 0.069010177529, 0.740699143318, 0.949159965098, 0.023490689247, 0.769875244543, 0.753596409963, 0.547190292491, 0.0764691035647, 0.620523989005, 0.309437862248, 0.110069010575, 0.0179748561648, 0.214034417515, 0.0748522413131, 0.129557017423, 0.0756812791683, 0.0877338696864, 0.113036321328, 0.761332601209, 0.0673917567709, 0.576503219871, 0.00172672063314, 4.01022833445
0.00172672063314, 0.496617817052, 0.136575139995, 0.0274590622285, 0.184310428747, 0.430409366929, 0.286743250945, 0.976158072207, 0.344661897833, 0.069010177529, 0.740699143318, 0.949159965098, 0.023490689247, 0.769875244543, 0.753596409963, 0.547190292491, 0.0764691035647, 0.620523989005, 0.309437862248, 0.110069010575, 0.0179748561648, 0.214034417515, 0.0748522413131, 0.129557017423, 0.0756812791683, 0.0877338696864, 0.113036321328, 0.761332601209, 0.0673917567709, 0.576503219871, 0.00172672063314, 4.01022833445
0.000399905712327, 0.712523756876, 0.131474612358, 0.658246804762, 0.184310428747, 0.475333930664, 0.795589589562, 0.718968083542, 0.99449533025, 0.798959785816, 0.360213691572, 0.566757955629, 0.343553035984, 0.898333743881, 0.759892408004, 0.65382507835, 0.0764691035647, 0.920289835167, 0.309437862248, 0.110069010575, 0.316406004015, 0.215846638233, 0.0748522413131, 0.0612098923719, 0.0192083326107, 0.0221255815222, 0.0772830151218, 0.782197769091, 0.00597163182383, 0.943307932213, 0.000399905712327, 4.98564353894
0.000399905712327, 0.712523756876, 0.131474612358, 0.658246804762, 0.184310428747, 0.475333930664, 0.795589589562, 0.718968083542, 0.99449533025, 0.798959785816, 0.360213691572, 0.566757955629, 0.343553035984, 0.898333743881, 0.759892408004, 0.65382507835, 0.0764691035647, 0.920289835167, 0.309437862248, 0.110069010575, 0.316406004015, 0.215846638233, 0.0748522413131, 0.0612098923719, 0.0192083326107, 0.0221255815222, 0.0772830151218, 0.782197769091, 0.00597163182383, 0.943307932213, 0.000399905712327, 4.98564353894
0.447146288836, 0.01955028916, 0.47616123325, 0.218729731601, 0.370040621439, 0.283866746869, 0.587679077184, 0.0118509454301, 0.0633113609539, 0.202281286657, 0.116213151649, 0.7914078296, 0.635083355499, 0.0169647452233, 0.177981995949, 0.212133451927, 0.665007528681, 0.017963018313, 0.0102226224797, 0.281184939502, 0.703593410893, 0.000549010541302, 0.615983183176, 0.249796363436, 0.965142618397, 0.544051180952, 0.00584947097364, 0.0428216834504, 0.000292650886052, 0.103134321424, 0.447146288836, 2.3340802527
0.447146288836, 0.01955028916, 0.47616123325, 0.218729731601, 0.370040621439, 0.283866746869, 0.587679077184, 0.0118509454301, 0.0633113609539, 0.202281286657, 0.116213151649, 0.7914078296, 0.635083355499, 0.0169647452233, 0.177981995949, 0.212133451927, 0.665007528681, 0.017963018313, 0.0102226224797, 0.281184939502, 0.703593410893, 0.000549010541302, 0.615983183176, 0.249796363436, 0.965142618397, 0.544051180952, 0.00584947097364, 0.0428216834504, 0.000292650886052, 0.103134321424, 0.447146288836, 2.3340802527
0.484308767816, 0.864605394905, 0.225737663105, 0.897895751149, 0.126321247213, 0.0024314725061, 0.517954749821, 0.0681512145741, 0.0306575732723, 0.123959276287, 0.21078026423, 0.410102577957, 0.720681007802, 0.321358215309, 0.144284280203, 0.732689675947, 0.0807245901392, 0.294339215229, 0.0230605031902, 0.163692421117, 0.357220258524, 0.0304018906937, 0.978465872153, 0.407195499012, 0.0406476358332, 0.00557734918153, 0.11868225763, 0.0242386805105, 0.357433476328, 0.304181202566, 0.484308767816, 2.33175937755
0.484308767816, 0.864605394905, 0.225737663105, 0.897895751149, 0.126321247213, 0.0024314725061, 0.517954749821, 0.0681512145741, 0.0306575732723, 0.123959276287, 0.21078026423, 0.410102577957, 0.720681007802, 0.321358215309, 0.144284280203, 0.732689675947, 0.0807245901392, 0.294339215229, 0.0230605031902, 0.163692421117, 0.357220258524, 0.0304018906937, 0.978465872153, 0.407195499012, 0.0406476358332, 0.00557734918153, 0.11868225763, 0.0242386805105, 0.357433476328, 0.304181202566, 0.484308767816, 2.33175937755
0.968132754666, 0.499095041003, 0.273243721141, 0.465750214542, 0.419965559323, 0.249554404733, 0.299347592286, 0.487621564683, 0.0319509601816, 0.00885473272636, 0.152064108288, 0.0457749939174, 0.380349317305, 0.857177085599, 0.0110533377487, 0.651777656023, 0.848297434153, 0.615498551368, 0.320356096011, 0.0608231157473, 0.000282830120749, 0.875918958749, 0.00484398868676, 0.0395187954227, 0.215727369299, 0.0203434068157, 0.00484918549594, 0.129663265877, 0.108278521059, 0.808915796341, 0.968132754666, 1.8505841586
0.968132754666, 0.499095041003, 0.273243721141, 0.465750214542, 0.419965559323, 0.249554404733, 0.299347592286, 0.487621564683, 0.0319509601816, 0.00885473272636, 0.152064108288, 0.0457749939174, 0.380349317305, 0.857177085599, 0.0110533377487, 0.651777656023, 0.848297434153, 0.615498551368, 0.320356096011, 0.0608231157473, 0.000282830120749, 0.875918958749, 0.00484398868676, 0.0395187954227, 0.215727369299, 0.0203434068157, 0.00484918549594, 0.129663265877, 0.108278521059, 0.808915796341, 0.968132754666, 1.8505841586
0.714039823848, 0.845580423319, 0.826732491601, 0.65349208689, 0.126321247213, 0.0475693380978, 0.0640972937099, 0.757219668103, 0.00796172423018, 0.123959276287, 0.21078026423, 0.410102577957, 0.897766032715, 0.321358215309, 0.0443963657553, 0.281838729325, 0.752896716707, 0.0940703425479, 0.00440287745586, 0.0163810744244, 0.265020468323, 0.0201730076037, 0.2805956797, 0.0474980344127, 0.0406476358332, 0.0106204796576, 0.11868225763, 0.145696000959, 0.898183972869, 0.380705486528, 0.714039823848, 2.07332172508
0.714039823848, 0.845580423319, 0.826732491601, 0.65349208689, 0.126321247213, 0.0475693380978, 0.0640972937099, 0.757219668103, 0.00796172423018, 0.123959276287, 0.21078026423, 0.410102577957, 0.897766032715, 0.321358215309, 0.0443963657553, 0.281838729325, 0.752896716707, 0.0940703425479, 0.00440287745586, 0.0163810744244, 0.265020468323, 0.0201730076037, 0.2805956797, 0.0474980344127, 0.0406476358332, 0.0106204796576, 0.11868225763, 0.145696000959, 0.898183972869, 0.380705486528, 0.714039823848, 2.07332172508
0.839457655722, 0.499095041003, 0.273243721141, 0.465750214542, 0.378891775852, 0.105133541252, 0.756204096701, 0.298130971878, 0.00212278064585, 0.083105791081, 0.152064108288, 0.170817345184, 0.908442335707, 0.475149310747, 0.12954178327, 0.651777656023, 0.141911931806, 0.615498551368, 0.593360464813, 0.0608231157473, 0.00186934855129, 0.467041322275, 0.00572362732208, 0.0703802304446, 0.0283920226443, 0.0203434068157, 0.00484918549594, 0.408841121379, 0.108278521059, 0.688663743663, 0.839457655722, 1.90583259045
0.839457655722, 0.499095041003, 0.273243721141, 0.465750214542, 0.378891775852, 0.105133541252, 0.756204096701, 0.298130971878, 0.00212278064585, 0.083105791081, 0.152064108288, 0.170817345184, 0.908442335707, 0.475149310747, 0.12954178327, 0.651777656023, 0.141911931806, 0.615498551368, 0.593360464813, 0.0608231157473, 0.00186934855129, 0.467041322275, 0.00572362732208, 0.0703802304446, 0.0283920226443, 0.0203434068157, 0.00484918549594, 0.408841121379, 0.108278521059, 0.688663743663, 0.839457655722, 1.90583259045
0.0559016975867, 0.0660516102463, 0.0166371685258, 0.39041088005, 0.0182592867866, 0.102611195425, 0.452726956225, 0.0908919119556, 0.225877663488, 0.625856599935, 0.158517422392, 0.395166906252, 0.414395491832, 0.0984145561965, 0.531274789226, 0.0376404359228, 0.810703055348, 0.0759541420133, 0.568578314619, 0.160128459915, 0.154440439551, 0.547588916979, 0.147953954487, 0.259405771853, 0.0300489806929, 0.889737363487, 0.00895053927048, 0.263671603386, 0.973653753693, 0.504290697473, 0.0559016975867, 3.33840775595
0.0559016975867, 0.0660516102463, 0.0166371685258, 0.39041088005, 0.0182592867866, 0.102611195425, 0.452726956225, 0.0908919119556, 0.225877663488, 0.625856599935, 0.158517422392, 0.395166906252, 0.414395491832, 0.0984145561965, 0.531274789226, 0.0376404359228, 0.810703055348, 0.0759541420133, 0.568578314619, 0.160128459915, 0.154440439551, 0.547588916979, 0.147953954487, 0.259405771853, 0.0300489806929, 0.889737363487, 0.00895053927048, 0.263671603386, 0.973653753693, 0.504290697473, 0.0559016975867, 3.33840775595
0.0150506938194, 0.114665519568, 0.561591382364, 0.0967335767486, 0.0218249759771, 0.256837839596, 0.281248043805, 0.0270964880954, 0.636103773409, 0.625856599935, 0.0914725795558, 0.172005214323, 0.357252500311, 0.0236193423832, 0.940904854901, 0.0162860293983, 0.610658339422, 0.135671727124, 0.568578314619, 0.160128459915, 0.154440439551, 0.209136956689, 0.166041829385, 0.774638897582, 0.507620815457, 0.152655315083, 0.153399159134, 0.263671603386, 0.189322359022, 0.472944428925, 0.0150506938194, 3.47675945163
0.0150506938194, 0.114665519568, 0.561591382364, 0.0967335767486, 0.0218249759771, 0.256837839596, 0.281248043805, 0.0270964880954, 0.636103773409, 0.625856599935, 0.0914725795558, 0.172005214323, 0.357252500311, 0.0236193423832, 0.940904854901, 0.0162860293983, 0.610658339422, 0.135671727124, 0.568578314619, 0.160128459915, 0.154440439551, 0.209136956689, 0.166041829385, 0.774638897582, 0.507620815457, 0.152655315083, 0.153399159134, 0.263671603386, 0.189322359022, 0.472944428925, 0.0150506938194, 3.47675945163
0.0212156242235, 0.0105982276884, 0.0153380236913, 0.39041088005, 0.0182592867866, 0.0232582334578, 0.452726956225, 0.0908919119556, 0.537669705595, 0.625856599935, 0.0327452298858, 0.0705571247562, 0.397252429256, 0.0273440126583, 0.295512164894, 0.750255108783, 0.776838089569, 0.0299931729198, 0.877606527633, 0.0773968233098, 0.154440439551, 0.0508215579862, 0.0733858360353, 0.210387101885, 0.507620815457, 0.994120325984, 0.00758137285665, 0.263671603386, 0.973653753693, 0.048829025887, 0.0212156242235, 3.44521439216
0.0212156242235, 0.0105982276884, 0.0153380236913, 0.39041088005, 0.0182592867866, 0.0232582334578, 0.452726956225, 0.0908919119556, 0.537669705595, 0.625856599935, 0.0327452298858, 0.0705571247562, 0.397252429256, 0.0273440126583, 0.295512164894, 0.750255108783, 0.776838089569, 0.0299931729198, 0.877606527633, 0.0773968233098, 0.154440439551, 0.0508215579862, 0.0733858360353, 0.210387101885, 0.507620815457, 0.994120325984, 0.00758137285665, 0.263671603386, 0.973653753693, 0.048829025887, 0.0212156242235, 3.44521439216
0.363539767688, 0.864605394905, 0.660975926272, 0.65349208689, 0.126321247213, 0.0475693380978, 0.0640972937099, 0.757219668103, 0.00796172423018, 0.123959276287, 0.130060245689, 0.410102577957, 0.897766032715, 0.200976424063, 0.144284280203, 0.597031790903, 0.752896716707, 0.0940703425479, 0.0230605031902, 0.0163810744244, 0.354543815964, 0.0201730076037, 0.2805956797, 0.0474980344127, 0.0406476358332, 0.632715615599, 0.11868225763, 0.145696000959, 0.898183972869, 0.304181202566, 0.363539767688, 2.72803948894
0.363539767688, 0.864605394905, 0.660975926272, 0.65349208689, 0.126321247213, 0.0475693380978, 0.0640972937099, 0.757219668103, 0.00796172423018, 0.123959276287, 0.130060245689, 0.410102577957, 0.897766032715, 0.200976424063, 0.144284280203, 0.597031790903, 0.752896716707, 0.0940703425479, 0.0230605031902, 0.0163810744244, 0.354543815964, 0.0201730076037, 0.2805956797, 0.0474980344127, 0.0406476358332, 0.632715615599, 0.11868225763, 0.145696000959, 0.898183972869, 0.304181202566, 0.363539767688, 2.72803948894
0.402614369358, 0.499095041003, 0.322265869768, 0.465750214542, 0.301746317889, 0.23598522783, 0.756204096701, 0.298130971878, 0.00212278064585, 0.083105791081, 0.152064108288, 0.170817345184, 0.908442335707, 0.751184792312, 0.12954178327, 0.651777656023, 0.256750895856, 0.615498551368, 0.593360464813, 0.0608231157473, 0.00186934855129, 0.467041322275, 0.00572362732208, 0.0703802304446, 0.0283920226443, 0.0203434068157, 0.00484918549594, 0.873072510822, 0.108278521059, 0.688663743663, 0.402614369358, 2.69354166748
0.402614369358, 0.499095041003, 0.322265869768, 0.465750214542, 0.301746317889, 0.23598522783, 0.756204096701, 0.298130971878, 0.00212278064585, 0.083105791081, 0.152064108288, 0.170817345184, 0.908442335707, 0.751184792312, 0.12954178327, 0.651777656023, 0.256750895856, 0.615498551368, 0.593360464813, 0.0608231157473, 0.00186934855129, 0.467041322275, 0.00572362732208, 0.0703802304446, 0.0283920226443, 0.0203434068157, 0.00484918549594, 0.873072510822, 0.108278521059, 0.688663743663, 0.402614369358, 2.69354166748
0.00376379923789, 0.630348007273, 0.140359978552, 0.725111209894, 0.159560231828, 0.65619694407, 0.299102722805, 0.196793126148, 0.0792377683269, 0.798959785816, 0.28221920658, 0.744186641247, 0.023490689247, 0.0553674927502, 0.556666263247, 0.423208496315, 0.0764691035647, 0.112913372043, 0.56564192585, 0.956047386846, 0.0340254765006, 0.215846638233, 0.0748522413131, 0.129557017423, 0.0956374988984, 0.221860698223, 0.0389348716114, 0.850205538258, 0.0411035465976, 0.82994205866, 0.00376379923789, 3.98340411294
0.00376379923789, 0.630348007273, 0.140359978552, 0.725111209894, 0.159560231828, 0.65619694407, 0.299102722805, 0.196793126148, 0.0792377683269, 0.798959785816, 0.28221920658, 0.744186641247, 0.023490689247, 0.0553674927502, 0.556666263247, 0.423208496315, 0.0764691035647, 0.112913372043, 0.56564192585, 0.956047386846, 0.0340254765006, 0.215846638233, 0.0748522413131, 0.129557017423, 0.0956374988984, 0.221860698223, 0.0389348716114, 0.850205538258, 0.0411035465976, 0.82994205866, 0.00376379923789, 3.98340411294
0.198214899878, 0.864605394905, 0.24071598513, 0.897895751149, 0.409794266156, 0.0475693380978, 0.27883866426, 0.0681512145741, 0.0306575732723, 0.123959276287, 0.21078026423, 0.410102577957, 0.720681007802, 0.321358215309, 0.144284280203, 0.878298167384, 0.215623276975, 0.482860434102, 0.0230605031902, 0.163692421117, 0.354543815964, 0.0304018906937, 0.2805956797, 0.407195499012, 0.0406476358332, 0.00557734918153, 0.11868225763, 0.0158549591824, 0.357433476328, 0.304181202566, 0.198214899878, 2.77451883991
0.198214899878, 0.864605394905, 0.24071598513, 0.897895751149, 0.409794266156, 0.0475693380978, 0.27883866426, 0.0681512145741, 0.0306575732723, 0.123959276287, 0.21078026423, 0.410102577957, 0.720681007802, 0.321358215309, 0.144284280203, 0.878298167384, 0.215623276975, 0.482860434102, 0.0230605031902, 0.163692421117, 0.354543815964, 0.0304018906937, 0.2805956797, 0.407195499012, 0.0406476358332, 0.00557734918153, 0.11868225763, 0.0158549591824, 0.357433476328, 0.304181202566, 0.198214899878, 2.77451883991
0.65736667544, 0.224504895565, 0.291867160708, 0.844545437664, 0.300819008906, 0.0117282480003, 0.475548034639, 0.00133631379827, 0.00924336573384, 0.414607444763, 0.869765539994, 0.317637050722, 0.10046672636, 0.578808994368, 0.144284280203, 0.464339367364, 0.176799364838, 0.000782581874168, 0.0866694162409, 0.00997608262849, 0.714151351225, 0.221798217776, 0.877747696395, 0.100582963941, 0.0848231701688, 0.227272321568, 0.246348525547, 0.222201710308, 0.316473774846, 0.547849852592, 0.65736667544, 2.18529481511
0.65736667544, 0.224504895565, 0.291867160708, 0.844545437664, 0.300819008906, 0.0117282480003, 0.475548034639, 0.00133631379827, 0.00924336573384, 0.414607444763, 0.869765539994, 0.317637050722, 0.10046672636, 0.578808994368, 0.144284280203, 0.464339367364, 0.176799364838, 0.000782581874168, 0.0866694162409, 0.00997608262849, 0.714151351225, 0.221798217776, 0.877747696395, 0.100582963941, 0.0848231701688, 0.227272321568, 0.246348525547, 0.222201710308, 0.316473774846, 0.547849852592, 0.65736667544, 2.18529481511
0.598720737082, 0.228659000885, 0.733338812975, 0.0100866769626, 0.316252231987, 0.27940952971, 0.0127210692324, 0.116231431415, 0.0633113609539, 0.202281286657, 0.338933995408, 0.28946528095, 0.635083355499, 0.770295799087, 0.486919645874, 0.0929821308878, 0.791034352919, 0.00550261094443, 0.0162792539275, 0.62105549502, 0.459678132825, 0.224780484398, 0.615983183176, 0.357169588434, 0.686190778231, 0.228794884802, 0.00584947097364, 0.00165057783014, 0.000497562674119, 0.103134321424, 0.598720737082, 2.21002925839
0.598720737082, 0.228659000885, 0.733338812975, 0.0100866769626, 0.316252231987, 0.27940952971, 0.0127210692324, 0.116231431415, 0.0633113609539, 0.202281286657, 0.338933995408, 0.28946528095, 0.635083355499, 0.770295799087, 0.486919645874, 0.0929821308878, 0.791034352919, 0.00550261094443, 0.0162792539275, 0.62105549502, 0.459678132825, 0.224780484398, 0.615983183176, 0.357169588434, 0.686190778231, 0.228794884802, 0.00584947097364, 0.00165057783014, 0.000497562674119, 0.103134321424, 0.598720737082, 2.21002925839
0.0960306180444, 0.325770857803, 0.10235931938, 0.0682463325446, 0.465151583338, 0.193760909993, 0.356102443753, 0.116231431415, 0.189690129285, 0.202281286657, 0.0965119563158, 0.938465243842, 0.248760097882, 0.202177166416, 0.0768077324092, 0.218552257139, 0.524107702706, 0.11281349546, 0.00493200426524, 0.194368210284, 0.631949975929, 0.345919008746, 0.0718572549651, 0.984405026562, 0.759973958925, 0.544051180952, 0.0011305421209, 0.0392944392792, 0.000497562674119, 0.903771389906, 0.0960306180444, 3.16670267218
0.0960306180444, 0.325770857803, 0.10235931938, 0.0682463325446, 0.465151583338, 0.193760909993, 0.356102443753, 0.116231431415, 0.189690129285, 0.202281286657, 0.0965119563158, 0.938465243842, 0.248760097882, 0.202177166416, 0.0768077324092, 0.218552257139, 0.524107702706, 0.11281349546, 0.00493200426524, 0.194368210284, 0.631949975929, 0.345919008746, 0.0718572549651, 0.984405026562, 0.759973958925, 0.544051180952, 0.0011305421209, 0.0392944392792, 0.000497562674119, 0.903771389906, 0.0960306180444, 3.16670267218
0.00172672063314, 0.496617817052, 0.136575139995, 0.0274590622285, 0.184310428747, 0.430409366929, 0.286743250945, 0.976158072207, 0.344661897833, 0.069010177529, 0.740699143318, 0.949159965098, 0.023490689247, 0.769875244543, 0.753596409963, 0.547190292491, 0.0764691035647, 0.620523989005, 0.309437862248, 0.110069010575, 0.0179748561648, 0.214034417515, 0.0748522413131, 0.575000760594, 0.0956374988984, 0.327511416008, 0.113036321328, 0.761332601209, 0.0673917567709, 0.576503219871, 0.00172672063314, 4.22685862074
0.00172672063314, 0.496617817052, 0.136575139995, 0.0274590622285, 0.184310428747, 0.430409366929, 0.286743250945, 0.976158072207, 0.344661897833, 0.069010177529, 0.740699143318, 0.949159965098, 0.023490689247, 0.769875244543, 0.753596409963, 0.547190292491, 0.0764691035647, 0.620523989005, 0.309437862248, 0.110069010575, 0.0179748561648, 0.214034417515, 0.0748522413131, 0.575000760594, 0.0956374988984, 0.327511416008, 0.113036321328, 0.761332601209, 0.0673917567709, 0.576503219871, 0.00172672063314, 4.22685862074
0.000399905712327, 0.500352305636, 0.131474612358, 0.658246804762, 0.337469902105, 0.475333930664, 0.795589589562, 0.718968083542, 0.99449533025, 0.951039597313, 0.360213691572, 0.566757955629, 0.8562299354, 0.898333743881, 0.759892408004, 0.916723725399, 0.0764691035647, 0.920289835167, 0.309437862248, 0.110069010575, 0.316406004015, 0.215846638233, 0.0748522413131, 0.0612098923719, 0.0192083326107, 0.0221255815222, 0.0772830151218, 0.782197769091, 0.376205744848, 0.943307932213, 0.000399905712327, 5.36844029509
0.000399905712327, 0.500352305636, 0.131474612358, 0.658246804762, 0.337469902105, 0.475333930664, 0.795589589562, 0.718968083542, 0.99449533025, 0.951039597313, 0.360213691572, 0.566757955629, 0.8562299354, 0.898333743881, 0.759892408004, 0.916723725399, 0.0764691035647, 0.920289835167, 0.309437862248, 0.110069010575, 0.316406004015, 0.215846638233, 0.0748522413131, 0.0612098923719, 0.0192083326107, 0.0221255815222, 0.0772830151218, 0.782197769091, 0.376205744848, 0.943307932213, 0.000399905712327, 5.36844029509
0.968132754666, 0.191971195618, 0.273243721141, 0.465750214542, 0.715853992318, 0.570128975352, 0.869552788583, 0.521743544053, 0.0319509601816, 0.083105791081, 0.152064108288, 0.0457749939174, 0.976030487269, 0.0244060679236, 0.12954178327, 0.641820428791, 0.49547874127, 0.615498551368, 0.320356096011, 0.0608231157473, 0.00186934855129, 0.166757914584, 0.000866468003585, 0.0703802304446, 0.265121734954, 0.0203434068157, 0.00484918549594, 0.408841121379, 0.108278521059, 0.688663743663, 0.968132754666, 1.85849923574
0.968132754666, 0.191971195618, 0.273243721141, 0.465750214542, 0.715853992318, 0.570128975352, 0.869552788583, 0.521743544053, 0.0319509601816, 0.083105791081, 0.152064108288, 0.0457749939174, 0.976030487269, 0.0244060679236, 0.12954178327, 0.641820428791, 0.49547874127, 0.615498551368, 0.320356096011, 0.0608231157473, 0.00186934855129, 0.166757914584, 0.000866468003585, 0.0703802304446, 0.265121734954, 0.0203434068157, 0.00484918549594, 0.408841121379, 0.108278521059, 0.688663743663, 0.968132754666, 1.85849923574
0.198214899878, 0.864605394905, 0.10614768767, 0.999541752318, 0.126321247213, 0.0475693380978, 0.27883866426, 0.757219668103, 0.0306575732723, 0.123959276287, 0.00223786579424, 0.597969382326, 0.720681007802, 0.354995630933, 0.144284280203, 0.597031790903, 0.215623276975, 0.482860434102, 0.0230605031902, 0.163692421117, 0.535640120135, 0.0304018906937, 0.106291962697, 0.401455927152, 0.0406476358332, 0.264925938481, 0.0860937586043, 0.0195079667083, 0.0455075068545, 0.304181202566, 0.198214899878, 2.78107132011
0.447146288836, 0.228659000885, 0.733338812975, 0.0100866769626, 0.98546398465, 0.283866746869, 0.0442171393883, 0.116231431415, 0.0633113609539, 0.202281286657, 0.338933995408, 0.011383631807, 0.635083355499, 0.358601498531, 0.177981995949, 0.0929821308878, 0.791034352919, 0.0366137926752, 0.0162792539275, 0.0991955162147, 0.531030978666, 0.224780484398, 0.615983183176, 0.357169588434, 0.686190778231, 0.544051180952, 0.427032343729, 0.00165057783014, 0.000497562674119, 0.103134321424, 0.447146288836, 2.41812546527
0.447146288836, 0.228659000885, 0.733338812975, 0.0100866769626, 0.98546398465, 0.283866746869, 0.0442171393883, 0.116231431415, 0.0633113609539, 0.202281286657, 0.338933995408, 0.011383631807, 0.635083355499, 0.358601498531, 0.177981995949, 0.0929821308878, 0.791034352919, 0.0366137926752, 0.0162792539275, 0.0991955162147, 0.531030978666, 0.224780484398, 0.615983183176, 0.357169588434, 0.686190778231, 0.544051180952, 0.427032343729, 0.00165057783014, 0.000497562674119, 0.103134321424, 0.447146288836, 2.41812546527
0.65736667544, 0.0128610877182, 0.291867160708, 0.844545437664, 0.195098953989, 0.0348983936298, 0.475548034639, 0.00133631379827, 0.237923859427, 0.435619985141, 0.869765539994, 0.30254129168, 0.344445523079, 0.475493675741, 0.144284280203, 0.150550192355, 0.176799364838, 0.418299229913, 0.0866694162409, 0.00997608262849, 0.714151351225, 0.443247400291, 0.815923676012, 0.100582963941, 0.0848231701688, 0.0236786651472, 0.246348525547, 0.222201710308, 0.340794217772, 0.547849852592, 0.65736667544, 2.22586385837
0.65736667544, 0.0128610877182, 0.291867160708, 0.844545437664, 0.195098953989, 0.0348983936298, 0.475548034639, 0.00133631379827, 0.237923859427, 0.435619985141, 0.869765539994, 0.30254129168, 0.344445523079, 0.475493675741, 0.144284280203, 0.150550192355, 0.176799364838, 0.418299229913, 0.0866694162409, 0.00997608262849, 0.714151351225, 0.443247400291, 0.815923676012, 0.100582963941, 0.0848231701688, 0.0236786651472, 0.246348525547, 0.222201710308, 0.340794217772, 0.547849852592, 0.65736667544, 2.22586385837
0.839457655722, 0.499095041003, 0.273243721141, 0.573127923454, 0.419965559323, 0.105133541252, 0.756204096701, 0.298130971878, 0.000317876334902, 0.083105791081, 0.152064108288, 0.211109618677, 0.908442335707, 0.857177085599, 0.12954178327, 0.651777656023, 0.49547874127, 0.615498551368, 0.203357401273, 0.0608231157473, 0.00186934855129, 0.467041322275, 0.014665891749, 0.0703802304446, 0.45914704777, 0.0203434068157, 0.00484918549594, 0.207761526419, 0.108278521059, 0.688663743663, 0.839457655722, 2.08874120314
