0.198214899878, 0.428628148898, 0.2287160797, 0.897895751149, 0.409794266156, 0.0475693380978, 0.27883866426, 0.0483200696569, 0.0306575732723, 0.123959276287, 0.186706083909, 0.410102577957, 0.542719092616, 0.217845178973, 0.144284280203, 0.878298167384, 0.215623276975, 0.248546829453, 0.0230605031902, 0.163692421117, 0.354543815964, 0.0304018906937, 0.0829500757339, 0.407195499012, 0.0406476358332, 0.00557734918153, 0.11868225763, 0.0023865386589, 0.0747270240388, 0.304181202566, 0.198214899878, 2.36492047308
0.198214899878, 0.428628148898, 0.2287160797, 0.897895751149, 0.409794266156, 0.0475693380978, 0.27883866426, 0.0483200696569, 0.0306575732723, 0.123959276287, 0.186706083909, 0.410102577957, 0.542719092616, 0.217845178973, 0.144284280203, 0.878298167384, 0.215623276975, 0.248546829453, 0.0230605031902, 0.163692421117, 0.354543815964, 0.0304018906937, 0.0829500757339, 0.407195499012, 0.0406476358332, 0.00557734918153, 0.11868225763, 0.0023865386589, 0.0747270240388, 0.304181202566, 0.198214899878, 2.36492047308
0.363539767688, 0.864605394905, 0.0428444875695, 0.0563531697369, 0.126321247213, 0.131468027503, 0.0640972937099, 0.757219668103, 0.00796172423018, 0.123959276287, 0.21078026423, 0.410102577957, 0.438998959453, 0.321358215309, 0.144284280203, 0.520649489152, 0.855308679096, 0.0940703425479, 0.0494372348927, 0.0145343413106, 0.256862270546, 0.0201730076037, 0.110234659816, 0.0474980344127, 0.0406476358332, 0.644910022544, 0.11868225763, 0.145696000959, 0.898183972869, 0.155386173465, 0.363539767688, 2.27247386504
0.363539767688, 0.864605394905, 0.0428444875695, 0.0563531697369, 0.126321247213, 0.131468027503, 0.0640972937099, 0.757219668103, 0.00796172423018, 0.123959276287, 0.21078026423, 0.410102577957, 0.438998959453, 0.321358215309, 0.144284280203, 0.520649489152, 0.855308679096, 0.0940703425479, 0.0494372348927, 0.0145343413106, 0.256862270546, 0.0201730076037, 0.110234659816, 0.0474980344127, 0.0406476358332, 0.644910022544, 0.11868225763, 0.145696000959, 0.898183972869, 0.155386173465, 0.363539767688, 2.27247386504
0.125950822567, 0.864605394905, 0.193346565551, 0.897895751149, 0.0164079359767, 0.0475693380978, 0.27883866426, 0.0681512145741, 0.0306575732723, 0.00416596348868, 0.0859802157628, 0.410102577957, 0.215636917374, 0.384387000252, 0.531950252423, 0.878298167384, 0.0495309560325, 0.482860434102, 0.0230605031902, 0.0722465941779, 0.354543815964, 0.0304018906937, 0.2805956797, 0.407195499012, 0.0406476358332, 0.00557734918153, 0.0711425649015, 0.0023865386589, 0.238196836774, 0.304181202566, 0.125950822567, 2.61595625529
0.125950822567, 0.864605394905, 0.193346565551, 0.897895751149, 0.0164079359767, 0.0475693380978, 0.27883866426, 0.0681512145741, 0.0306575732723, 0.00416596348868, 0.0859802157628, 0.410102577957, 0.215636917374, 0.384387000252, 0.531950252423, 0.878298167384, 0.0495309560325, 0.482860434102, 0.0230605031902, 0.0722465941779, 0.354543815964, 0.0304018906937, 0.2805956797, 0.407195499012, 0.0406476358332, 0.00557734918153, 0.0711425649015, 0.0023865386589, 0.238196836774, 0.304181202566, 0.125950822567, 2.61595625529
0.0786597619007, 0.201286202582, 0.10235931938, 0.0682463325446, 0.621514437464, 0.212879998916, 0.023453188783, 0.116231431415, 0.251660762893, 0.202281286657, 0.0965119563158, 0.938465243842, 0.248760097882, 0.202177166416, 0.00596125559823, 0.218552257139, 0.125116034793, 0.11281349546, 0.00404152072606, 0.327309757373, 0.631949975929, 0.345919008746, 0.0718572549651, 0.984405026562, 0.759973958925, 0.544051180952, 0.0011305421209, 0.0392944392792, 0.000497562674119, 0.903771389906, 0.0786597619007, 3.06345911014
0.0786597619007, 0.201286202582, 0.10235931938, 0.0682463325446, 0.621514437464, 0.212879998916, 0.023453188783, 0.116231431415, 0.251660762893, 0.202281286657, 0.0965119563158, 0.938465243842, 0.248760097882, 0.202177166416, 0.00596125559823, 0.218552257139, 0.125116034793, 0.11281349546, 0.00404152072606, 0.327309757373, 0.631949975929, 0.345919008746, 0.0718572549651, 0.984405026562, 0.759973958925, 0.544051180952, 0.0011305421209, 0.0392944392792, 0.000497562674119, 0.903771389906, 0.0786597619007, 3.06345911014
0.671537268011, 0.180834431726, 0.351359994633, 0.0648194389232, 0.00723521665098, 0.27940952971, 0.0182093796202, 0.0994130994336, 0.0113380680146, 0.202281286657, 0.338933995408, 0.28946528095, 0.736234797857, 0.443824699359, 0.177981995949, 0.0929821308878, 0.791034352919, 0.0366137926752, 0.0162792539275, 0.194368210284, 0.531030978666, 0.224780484398, 0.0252847309053, 0.357169588434, 0.686190778231, 0.228794884802, 0.00584947097364, 0.241070733482, 0.0477029486807, 0.103134321424, 0.671537268011, 1.66120690475
0.671537268011, 0.180834431726, 0.351359994633, 0.0648194389232, 0.00723521665098, 0.27940952971, 0.0182093796202, 0.0994130994336, 0.0113380680146, 0.202281286657, 0.338933995408, 0.28946528095, 0.736234797857, 0.443824699359, 0.177981995949, 0.0929821308878, 0.791034352919, 0.0366137926752, 0.0162792539275, 0.194368210284, 0.531030978666, 0.224780484398, 0.0252847309053, 0.357169588434, 0.686190778231, 0.228794884802, 0.00584947097364, 0.241070733482, 0.0477029486807, 0.103134321424, 0.671537268011, 1.66120690475
0.0039471199962, 0.596270868707, 0.297560194955, 0.697749510534, 0.00723521665098, 0.0475693380978, 0.27883866426, 0.515384432787, 0.0306575732723, 0.123959276287, 0.21078026423, 0.410102577957, 0.724083272972, 0.0698173247868, 0.144284280203, 0.732689675947, 0.215623276975, 0.294339215229, 0.000633726336265, 0.163692421117, 0.357220258524, 0.0304018906937, 0.2805956797, 0.134933659453, 0.0361982211952, 0.00557734918153, 0.11868225763, 0.000449490610483, 0.357433476328, 0.304181202566, 0.0039471199962, 3.11751120268
0.0039471199962, 0.596270868707, 0.297560194955, 0.697749510534, 0.00723521665098, 0.0475693380978, 0.27883866426, 0.515384432787, 0.0306575732723, 0.123959276287, 0.21078026423, 0.410102577957, 0.724083272972, 0.0698173247868, 0.144284280203, 0.732689675947, 0.215623276975, 0.294339215229, 0.000633726336265, 0.163692421117, 0.357220258524, 0.0304018906937, 0.2805956797, 0.134933659453, 0.0361982211952, 0.00557734918153, 0.11868225763, 0.000449490610483, 0.357433476328, 0.304181202566, 0.0039471199962, 3.11751120268
0.598720737082, 0.228659000885, 0.733338812975, 0.0100866769626, 0.221334720897, 0.27940952971, 0.0127210692324, 0.116231431415, 0.0633113609539, 0.202281286657, 0.338933995408, 0.28946528095, 0.635083355499, 0.28970139742, 0.229833523099, 0.0929821308878, 0.821088818821, 0.00550261094443, 0.0162792539275, 0.62105549502, 0.459678132825, 0.224780484398, 0.00636137160654, 0.007061018058, 0.318153262177, 0.215797725811, 0.00584947097364, 2.79443127527e-08, 0.000497562674119, 0.103134321424, 0.598720737082, 1.68491670067
0.598720737082, 0.228659000885, 0.733338812975, 0.0100866769626, 0.221334720897, 0.27940952971, 0.0127210692324, 0.116231431415, 0.0633113609539, 0.202281286657, 0.338933995408, 0.28946528095, 0.635083355499, 0.28970139742, 0.229833523099, 0.0929821308878, 0.821088818821, 0.00550261094443, 0.0162792539275, 0.62105549502, 0.459678132825, 0.224780484398, 0.00636137160654, 0.007061018058, 0.318153262177, 0.215797725811, 0.00584947097364, 2.79443127527e-08, 0.000497562674119, 0.103134321424, 0.598720737082, 1.68491670067
0.447146288836, 0.219721880266, 0.47616123325, 0.109703574664, 0.274183592634, 0.00206929999716, 0.70638903151, 0.116231431415, 0.860548096949, 0.202281286657, 0.250030937522, 0.197874860949, 0.0628266126436, 0.49195001814, 0.211674239794, 0.0929821308878, 0.691582685082, 0.379080311269, 0.0162792539275, 0.0520741842784, 0.0808567577262, 0.00775374507524, 0.615983183176, 0.357169588434, 0.0228671918156, 0.729943126792, 0.00584947097364, 0.463782006321, 0.000292650886052, 0.0957619386116, 0.447146288836, 2.18239068245
0.447146288836, 0.219721880266, 0.47616123325, 0.109703574664, 0.274183592634, 0.00206929999716, 0.70638903151, 0.116231431415, 0.860548096949, 0.202281286657, 0.250030937522, 0.197874860949, 0.0628266126436, 0.49195001814, 0.211674239794, 0.0929821308878, 0.691582685082, 0.379080311269, 0.0162792539275, 0.0520741842784, 0.0808567577262, 0.00775374507524, 0.615983183176, 0.357169588434, 0.0228671918156, 0.729943126792, 0.00584947097364, 0.463782006321, 0.000292650886052, 0.0957619386116, 0.447146288836, 2.18239068245
0.000166332013799, 0.864605394905, 0.297560194955, 0.533458332079, 0.00723521665098, 0.0187337857324, 0.182664814713, 0.0681512145741, 0.0306575732723, 0.123959276287, 0.21078026423, 0.379588897304, 0.720681007802, 0.418284178706, 0.144284280203, 0.732689675947, 0.215623276975, 0.294339215229, 0.0230605031902, 0.319697420999, 0.357220258524, 0.0304018906937, 0.2805956797, 0.407195499012, 0.0361982211952, 0.0534983134256, 0.11868225763, 0.00840168233125, 0.218090268877, 0.304181202566, 0.000166332013799, 3.27329618949
0.000166332013799, 0.864605394905, 0.297560194955, 0.533458332079, 0.00723521665098, 0.0187337857324, 0.182664814713, 0.0681512145741, 0.0306575732723, 0.123959276287, 0.21078026423, 0.379588897304, 0.720681007802, 0.418284178706, 0.144284280203, 0.732689675947, 0.215623276975, 0.294339215229, 0.0230605031902, 0.319697420999, 0.357220258524, 0.0304018906937, 0.2805956797, 0.407195499012, 0.0361982211952, 0.0534983134256, 0.11868225763, 0.00840168233125, 0.218090268877, 0.304181202566, 0.000166332013799, 3.27329618949
0.779363418347, 0.121646176118, 0.428833076279, 0.0353540893831, 0.0373230976778, 0.0348983936298, 0.232755178144, 0.00133631379827, 0.237923859427, 0.414607444763, 0.267306586131, 0.110233650939, 0.546933169016, 0.329431896448, 0.144284280203, 0.150550192355, 0.176799364838, 0.113430600511, 0.0866694162409, 0.00997608262849, 0.80701061289, 0.397393593104, 0.815923676012, 0.100582963941, 0.0848231701688, 0.0236786651472, 0.246348525547, 0.155357757287, 0.340794217772, 0.0886126668723, 0.779363418347, 1.49322437205
0.779363418347, 0.121646176118, 0.428833076279, 0.0353540893831, 0.0373230976778, 0.0348983936298, 0.232755178144, 0.00133631379827, 0.237923859427, 0.414607444763, 0.267306586131, 0.110233650939, 0.546933169016, 0.329431896448, 0.144284280203, 0.150550192355, 0.176799364838, 0.113430600511, 0.0866694162409, 0.00997608262849, 0.80701061289, 0.397393593104, 0.815923676012, 0.100582963941, 0.0848231701688, 0.0236786651472, 0.246348525547, 0.155357757287, 0.340794217772, 0.0886126668723, 0.779363418347, 1.49322437205
0.116847290077, 0.864605394905, 0.2287160797, 0.582731967542, 0.409794266156, 0.0475693380978, 0.27883866426, 0.0681512145741, 0.0306575732723, 0.123959276287, 0.186706083909, 0.410102577957, 0.542719092616, 0.217845178973, 0.144284280203, 0.878298167384, 0.215623276975, 0.248546829453, 0.0230605031902, 0.163692421117, 0.354543815964, 0.0536491486633, 0.57997492859, 0.407195499012, 0.0406476358332, 0.00557734918153, 0.144928208512, 0.0023865386589, 0.0747270240388, 0.304181202566, 0.116847290077, 2.74165361249
0.116847290077, 0.864605394905, 0.2287160797, 0.582731967542, 0.409794266156, 0.0475693380978, 0.27883866426, 0.0681512145741, 0.0306575732723, 0.123959276287, 0.186706083909, 0.410102577957, 0.542719092616, 0.217845178973, 0.144284280203, 0.878298167384, 0.215623276975, 0.248546829453, 0.0230605031902, 0.163692421117, 0.354543815964, 0.0536491486633, 0.57997492859, 0.407195499012, 0.0406476358332, 0.00557734918153, 0.144928208512, 0.0023865386589, 0.0747270240388, 0.304181202566, 0.116847290077, 2.74165361249
0.02968406876, 0.415409592667, 0.191820888132, 0.222635217554, 0.313838154281, 0.193760909993, 0.356102443753, 0.0598477209059, 0.580392786368, 0.202281286657, 0.0965119563158, 0.938465243842, 0.137964219592, 0.202177166416, 0.0768077324092, 0.529077844505, 0.470401192348, 0.11281349546, 0.02180258197, 0.194368210284, 0.373624561545, 0.244115768474, 0.0420388879297, 0.709913040811, 0.259311470027, 0.303315888105, 0.0011305421209, 0.209800874959, 0.000497562674119, 0.30128536489, 0.02968406876, 3.09064871843
0.02968406876, 0.415409592667, 0.191820888132, 0.222635217554, 0.313838154281, 0.193760909993, 0.356102443753, 0.0598477209059, 0.580392786368, 0.202281286657, 0.0965119563158, 0.938465243842, 0.137964219592, 0.202177166416, 0.0768077324092, 0.529077844505, 0.470401192348, 0.11281349546, 0.02180258197, 0.194368210284, 0.373624561545, 0.244115768474, 0.0420388879297, 0.709913040811, 0.259311470027, 0.303315888105, 0.0011305421209, 0.209800874959, 0.000497562674119, 0.30128536489, 0.02968406876, 3.09064871843
0.198214899878, 0.864605394905, 0.2287160797, 0.698485260602, 0.38820021091, 0.0475693380978, 0.174575750248, 0.0681512145741, 0.0306575732723, 0.123959276287, 0.186706083909, 0.410102577957, 0.542719092616, 0.0624432292859, 0.144284280203, 0.878298167384, 0.215623276975, 0.248546829453, 0.007967722467, 0.163692421117, 0.354543815964, 0.0304018906937, 0.2805956797, 0.407195499012, 0.0406476358332, 0.00557734918153, 0.0988573255627, 0.0023865386589, 0.0747270240388, 0.304181202566, 0.198214899878, 2.40236329751
0.198214899878, 0.864605394905, 0.2287160797, 0.698485260602, 0.38820021091, 0.0475693380978, 0.174575750248, 0.0681512145741, 0.0306575732723, 0.123959276287, 0.186706083909, 0.410102577957, 0.542719092616, 0.0624432292859, 0.144284280203, 0.878298167384, 0.215623276975, 0.248546829453, 0.007967722467, 0.163692421117, 0.354543815964, 0.0304018906937, 0.2805956797, 0.407195499012, 0.0406476358332, 0.00557734918153, 0.0988573255627, 0.0023865386589, 0.0747270240388, 0.304181202566, 0.198214899878, 2.40236329751
0.363539767688, 0.864605394905, 0.0378906054375, 0.65349208689, 0.0504289752146, 0.0475693380978, 0.0640972937099, 0.757219668103, 0.00796172423018, 0.123959276287, 0.21078026423, 0.410102577957, 0.51896212071, 0.321358215309, 0.144284280203, 0.209813679361, 0.382294684008, 0.0940703425479, 0.0230605031902, 0.0163810744244, 0.354543815964, 0.0201730076037, 0.2805956797, 0.0474980344127, 0.0406476358332, 0.644910022544, 0.11868225763, 0.0878622705604, 0.898183972869, 0.304181202566, 0.363539767688, 2.28881983663
0.363539767688, 0.864605394905, 0.0378906054375, 0.65349208689, 0.0504289752146, 0.0475693380978, 0.0640972937099, 0.757219668103, 0.00796172423018, 0.123959276287, 0.21078026423, 0.410102577957, 0.51896212071, 0.321358215309, 0.144284280203, 0.209813679361, 0.382294684008, 0.0940703425479, 0.0230605031902, 0.0163810744244, 0.354543815964, 0.0201730076037, 0.2805956797, 0.0474980344127, 0.0406476358332, 0.644910022544, 0.11868225763, 0.0878622705604, 0.898183972869, 0.304181202566, 0.363539767688, 2.28881983663
0.0960306180444, 0.0328463323788, 0.10235931938, 0.0682463325446, 0.575983798414, 0.00476414307536, 0.356102443753, 0.0424689131765, 0.189690129285, 0.0321978683779, 0.877792225696, 0.00863436152818, 0.0958762228956, 0.0949674260323, 0.0768077324092, 0.159388514928, 0.656987441414, 0.0217382103533, 0.29722857955, 0.205834826451, 0.683504298037, 0.345919008746, 0.0391338241902, 0.862890352488, 0.759973958925, 0.994858036188, 0.0011305421209, 0.0392944392792, 3.23717321855e-05, 0.940268883559, 0.0960306180444, 3.065954024
0.0960306180444, 0.0328463323788, 0.10235931938, 0.0682463325446, 0.575983798414, 0.00476414307536, 0.356102443753, 0.0424689131765, 0.189690129285, 0.0321978683779, 0.877792225696, 0.00863436152818, 0.0958762228956, 0.0949674260323, 0.0768077324092, 0.159388514928, 0.656987441414, 0.0217382103533, 0.29722857955, 0.205834826451, 0.683504298037, 0.345919008746, 0.0391338241902, 0.862890352488, 0.759973958925, 0.994858036188, 0.0011305421209, 0.0392944392792, 3.23717321855e-05, 0.940268883559, 0.0960306180444, 3.065954024
0.671537268011, 0.194690055211, 0.733338812975, 0.00813168206416, 0.747178378753, 0.27940952971, 0.00191725342214, 0.0994130994336, 0.0633113609539, 0.0812387763733, 0.0397832757891, 0.0541548647818, 0.635083355499, 0.443824699359, 0.177981995949, 0.0170695369557, 0.791034352919, 0.0150287889139, 0.0640942045471, 0.194368210284, 0.531030978666, 0.224780484398, 0.0252847309053, 0.357169588434, 0.686190778231, 0.228794884802, 0.00466700870249, 0.00165057783014, 0.000497562674119, 0.103134321424, 0.671537268011, 1.66612028535
0.671537268011, 0.194690055211, 0.733338812975, 0.00813168206416, 0.747178378753, 0.27940952971, 0.00191725342214, 0.0994130994336, 0.0633113609539, 0.0812387763733, 0.0397832757891, 0.0541548647818, 0.635083355499, 0.443824699359, 0.177981995949, 0.0170695369557, 0.791034352919, 0.0150287889139, 0.0640942045471, 0.194368210284, 0.531030978666, 0.224780484398, 0.0252847309053, 0.357169588434, 0.686190778231, 0.228794884802, 0.00466700870249, 0.00165057783014, 0.000497562674119, 0.103134321424, 0.671537268011, 1.66612028535
0.00636124154145, 0.645078494453, 0.297560194955, 0.892008150943, 0.00723521665098, 0.0475693380978, 0.27883866426, 0.515384432787, 0.0306575732723, 0.0597068339622, 0.21078026423, 0.410102577957, 0.724083272972, 0.299199225367, 0.144284280203, 0.607749853168, 0.215623276975, 0.294339215229, 0.000701107328899, 0.163692421117, 0.357220258524, 0.0304018906937, 0.2805956797, 0.160600768883, 0.015127834221, 0.00557734918153, 0.11868225763, 0.000449490610483, 0.357433476328, 0.304181202566, 0.00636124154145, 3.17446537543
0.00636124154145, 0.645078494453, 0.297560194955, 0.892008150943, 0.00723521665098, 0.0475693380978, 0.27883866426, 0.515384432787, 0.0306575732723, 0.0597068339622, 0.21078026423, 0.410102577957, 0.724083272972, 0.299199225367, 0.144284280203, 0.607749853168, 0.215623276975, 0.294339215229, 0.000701107328899, 0.163692421117, 0.357220258524, 0.0304018906937, 0.2805956797, 0.160600768883, 0.015127834221, 0.00557734918153, 0.11868225763, 0.000449490610483, 0.357433476328, 0.304181202566, 0.00636124154145, 3.17446537543
0.598720737082, 0.228659000885, 0.733338812975, 0.0100866769626, 0.25903352317, 0.27940952971, 0.0127210692324, 0.116231431415, 0.0633113609539, 0.202281286657, 0.338933995408, 0.28946528095, 0.635083355499, 0.28970139742, 0.229833523099, 0.0929821308878, 0.821088818821, 0.00550261094443, 0.0162792539275, 0.630836882727, 0.459678132825, 0.224780484398, 0.615983183176, 0.205585317706, 0.318153262177, 0.215797725811, 0.00584947097364, 0.00165057783014, 0.000497562674119, 0.103134321424, 0.598720737082, 1.89310092424
0.598720737082, 0.228659000885, 0.733338812975, 0.0100866769626, 0.25903352317, 0.27940952971, 0.0127210692324, 0.116231431415, 0.0633113609539, 0.202281286657, 0.338933995408, 0.28946528095, 0.635083355499, 0.28970139742, 0.229833523099, 0.0929821308878, 0.821088818821, 0.00550261094443, 0.0162792539275, 0.630836882727, 0.459678132825, 0.224780484398, 0.615983183176, 0.205585317706, 0.318153262177, 0.215797725811, 0.00584947097364, 0.00165057783014, 0.000497562674119, 0.103134321424, 0.598720737082, 1.89310092424
0.447146288836, 0.01955028916, 0.136575139995, 0.218729731601, 0.370040621439, 0.265923249685, 0.587679077184, 0.00724976835266, 0.00356253190912, 0.202281286657, 0.769737726798, 0.949159965098, 0.552921436934, 0.0508327711327, 0.177981995949, 0.212133451927, 0.410489185457, 0.017963018313, 0.0102226224797, 0.201629526354, 0.0179748561648, 0.000549010541302, 0.615983183176, 0.249796363436, 0.965142618397, 0.544051180952, 0.00584947097364, 0.295555353504, 0.000292650886052, 0.103134321424, 0.447146288836, 2.22541353504
0.447146288836, 0.01955028916, 0.136575139995, 0.218729731601, 0.370040621439, 0.265923249685, 0.587679077184, 0.00724976835266, 0.00356253190912, 0.202281286657, 0.769737726798, 0.949159965098, 0.552921436934, 0.0508327711327, 0.177981995949, 0.212133451927, 0.410489185457, 0.017963018313, 0.0102226224797, 0.201629526354, 0.0179748561648, 0.000549010541302, 0.615983183176, 0.249796363436, 0.965142618397, 0.544051180952, 0.00584947097364, 0.295555353504, 0.000292650886052, 0.103134321424, 0.447146288836, 2.22541353504
0.000166332013799, 0.864605394905, 0.297560194955, 0.533458332079, 0.00644350903176, 0.0475693380978, 0.182664814713, 0.0681512145741, 0.0306575732723, 0.123959276287, 0.21078026423, 0.379588897304, 0.720681007802, 0.418284178706, 0.144284280203, 0.732689675947, 0.215623276975, 0.294339215229, 0.0230605031902, 0.319697420999, 0.348821374113, 0.0304018906937, 0.2805956797, 0.280636055276, 0.0361982211952, 0.0534983134256, 0.11868225763, 0.00840168233125, 0.218090268877, 0.415326872195, 0.000166332013799, 3.27460465309
0.000166332013799, 0.864605394905, 0.297560194955, 0.533458332079, 0.00644350903176, 0.0475693380978, 0.182664814713, 0.0681512145741, 0.0306575732723, 0.123959276287, 0.21078026423, 0.379588897304, 0.720681007802, 0.418284178706, 0.144284280203, 0.732689675947, 0.215623276975, 0.294339215229, 0.0230605031902, 0.319697420999, 0.348821374113, 0.0304018906937, 0.2805956797, 0.280636055276, 0.0361982211952, 0.0534983134256, 0.11868225763, 0.00840168233125, 0.218090268877, 0.415326872195, 0.000166332013799, 3.27460465309
0.779363418347, 0.121646176118, 0.428833076279, 0.0353540893831, 0.195098953989, 0.0348983936298, 0.280615065779, 0.00133631379827, 0.237923859427, 0.194518667988, 0.869765539994, 0.110233650939, 0.546933169016, 0.565079638835, 0.144284280203, 0.150550192355, 0.176799364838, 0.0239808941229, 0.0866694162409, 0.00997608262849, 0.335443883687, 0.397393593104, 0.815923676012, 0.000743729763204, 0.0327845186061, 0.0236786651472, 0.246348525547, 0.155357757287, 0.340794217772, 0.0886126668723, 0.779363418347, 1.51890588434
0.779363418347, 0.121646176118, 0.428833076279, 0.0353540893831, 0.195098953989, 0.0348983936298, 0.280615065779, 0.00133631379827, 0.237923859427, 0.194518667988, 0.869765539994, 0.110233650939, 0.546933169016, 0.565079638835, 0.144284280203, 0.150550192355, 0.176799364838, 0.0239808941229, 0.0866694162409, 0.00997608262849, 0.335443883687, 0.397393593104, 0.815923676012, 0.000743729763204, 0.0327845186061, 0.0236786651472, 0.246348525547, 0.155357757287, 0.340794217772, 0.0886126668723, 0.779363418347, 1.51890588434
0.871927991059, 0.228659000885, 0.733338812975, 0.0100866769626, 0.300155471297, 0.27940952971, 0.0100457950393, 0.116231431415, 0.121487666023, 0.202281286657, 0.338933995408, 0.28946528095, 0.179049405903, 0.28970139742, 0.382049427127, 0.0929821308878, 0.821088818821, 0.00550261094443, 0.0162792539275, 0.62105549502, 0.459678132825, 0.224780484398, 0.615983183176, 0.007061018058, 0.318153262177, 0.215797725811, 0.00584947097364, 0.00165057783014, 0.000497562674119, 0.103134321424, 0.871927991059, 1.50704859427
0.871927991059, 0.228659000885, 0.733338812975, 0.0100866769626, 0.300155471297, 0.27940952971, 0.0100457950393, 0.116231431415, 0.121487666023, 0.202281286657, 0.338933995408, 0.28946528095, 0.179049405903, 0.28970139742, 0.382049427127, 0.0929821308878, 0.821088818821, 0.00550261094443, 0.0162792539275, 0.62105549502, 0.459678132825, 0.224780484398, 0.615983183176, 0.007061018058, 0.318153262177, 0.215797725811, 0.00584947097364, 0.00165057783014, 0.000497562674119, 0.103134321424, 0.871927991059, 1.50704859427
0.147211095827, 0.682440922861, 0.0478025520486, 0.0675043934959, 0.0999149113337, 0.00105575897487, 0.578001524085, 0.116231431415, 0.550904466916, 0.202281286657, 0.290218794119, 0.30924398994, 0.813659649987, 0.0436360049137, 0.177981995949, 0.0330911857875, 0.691582685082, 0.0366137926752, 0.0614869941521, 0.149167317526, 0.559214443605, 0.507778608462, 0.872377584784, 0.61545025574, 0.0228671918156, 0.444944733396, 0.00584947097364, 0.0276413037133, 0.340968622929, 0.103134321424, 0.147211095827, 2.89301768685
0.147211095827, 0.682440922861, 0.0478025520486, 0.0675043934959, 0.0999149113337, 0.00105575897487, 0.578001524085, 0.116231431415, 0.550904466916, 0.202281286657, 0.290218794119, 0.30924398994, 0.813659649987, 0.0436360049137, 0.177981995949, 0.0330911857875, 0.691582685082, 0.0366137926752, 0.0614869941521, 0.149167317526, 0.559214443605, 0.507778608462, 0.872377584784, 0.61545025574, 0.0228671918156, 0.444944733396, 0.00584947097364, 0.0276413037133, 0.340968622929, 0.103134321424, 0.147211095827, 2.89301768685
0.0786597619007, 0.201286202582, 0.10235931938, 0.0682463325446, 0.621514437464, 0.212879998916, 0.356102443753, 0.116231431415, 0.251660762893, 0.202281286657, 0.0965119563158, 0.938465243842, 0.248760097882, 0.202177166416, 0.00596125559823, 0.218552257139, 0.125116034793, 0.11281349546, 0.00404152072606, 0.194368210284, 0.631949975929, 0.345919008746, 0.0718572549651, 0.984405026562, 0.759973958925, 0.544051180952, 0.0011305421209, 0.0392944392792, 0.000497562674119, 0.903771389906, 0.0786597619007, 3.1208731986
0.0786597619007, 0.201286202582, 0.10235931938, 0.0682463325446, 0.621514437464, 0.212879998916, 0.356102443753, 0.116231431415, 0.251660762893, 0.202281286657, 0.0965119563158, 0.938465243842, 0.248760097882, 0.202177166416, 0.00596125559823, 0.218552257139, 0.125116034793, 0.11281349546, 0.00404152072606, 0.194368210284, 0.631949975929, 0.345919008746, 0.0718572549651, 0.984405026562, 0.759973958925, 0.544051180952, 0.0011305421209, 0.0392944392792, 0.000497562674119, 0.903771389906, 0.0786597619007, 3.1208731986
0.358934821112, 0.83013206691, 0.297560194955, 0.897895751149, 0.478873864932, 0.0475693380978, 0.27883866426, 0.0681512145741, 0.0306575732723, 0.0354594544678, 0.21078026423, 0.410102577957, 0.720681007802, 0.321358215309, 0.0243717073507, 0.732689675947, 0.215623276975, 0.271165211837, 0.108609188398, 0.143646142234, 0.357220258524, 0.0304018906937, 0.2805956797, 0.419215279298, 0.0361982211952, 0.0240345278591, 0.586509060462, 0.00261117870598, 0.357433476328, 0.304181202566, 0.358934821112, 2.50112759075
0.358934821112, 0.83013206691, 0.297560194955, 0.897895751149, 0.478873864932, 0.0475693380978, 0.27883866426, 0.0681512145741, 0.0306575732723, 0.0354594544678, 0.21078026423, 0.410102577957, 0.720681007802, 0.321358215309, 0.0243717073507, 0.732689675947, 0.215623276975, 0.271165211837, 0.108609188398, 0.143646142234, 0.357220258524, 0.0304018906937, 0.2805956797, 0.419215279298, 0.0361982211952, 0.0240345278591, 0.586509060462, 0.00261117870598, 0.357433476328, 0.304181202566, 0.358934821112, 2.50112759075
0.198214899878, 0.864605394905, 0.193346565551, 0.897895751149, 0.0178806161932, 0.0475693380978, 0.27883866426, 0.0681512145741, 0.0306575732723, 0.00416596348868, 0.0859802157628, 0.410102577957, 0.720681007802, 0.321358215309, 0.531950252423, 0.878298167384, 0.0495309560325, 0.482860434102, 0.0230605031902, 0.0722465941779, 0.354543815964, 0.0304018906937, 0.2805956797, 0.407195499012, 0.0406476358332, 0.174459502669, 0.0711425649015, 0.0023865386589, 0.0747270240388, 0.304181202566, 0.198214899878, 2.57528200529
0.198214899878, 0.864605394905, 0.193346565551, 0.897895751149, 0.0178806161932, 0.0475693380978, 0.27883866426, 0.0681512145741, 0.0306575732723, 0.00416596348868, 0.0859802157628, 0.410102577957, 0.720681007802, 0.321358215309, 0.531950252423, 0.878298167384, 0.0495309560325, 0.482860434102, 0.0230605031902, 0.0722465941779, 0.354543815964, 0.0304018906937, 0.2805956797, 0.407195499012, 0.0406476358332, 0.174459502669, 0.0711425649015, 0.0023865386589, 0.0747270240388, 0.304181202566, 0.198214899878, 2.57528200529
0.363539767688, 0.893560054579, 0.0378906054375, 0.65349208689, 0.126321247213, 0.0475693380978, 0.0640972937099, 0.757219668103, 0.00796172423018, 0.123959276287, 0.21078026423, 0.410102577957, 0.438998959453, 0.321358215309, 0.0902130527156, 0.597031790903, 0.737452889852, 0.0940703425479, 0.0230605031902, 0.0163810744244, 0.354543815964, 0.0201730076037, 0.2805956797, 0.0474980344127, 0.0406476358332, 0.0877338696864, 0.11868225763, 0.145696000959, 0.898183972869, 0.304181202566, 0.363539767688, 2.34438894016
0.363539767688, 0.893560054579, 0.0378906054375, 0.65349208689, 0.126321247213, 0.0475693380978, 0.0640972937099, 0.757219668103, 0.00796172423018, 0.123959276287, 0.21078026423, 0.410102577957, 0.438998959453, 0.321358215309, 0.0902130527156, 0.597031790903, 0.737452889852, 0.0940703425479, 0.0230605031902, 0.0163810744244, 0.354543815964, 0.0201730076037, 0.2805956797, 0.0474980344127, 0.0406476358332, 0.0877338696864, 0.11868225763, 0.145696000959, 0.898183972869, 0.304181202566, 0.363539767688, 2.34438894016
0.671537268011, 0.194690055211, 0.187011860685, 0.0100866769626, 0.568626913595, 0.27940952971, 0.00191725342214, 0.0994130994336, 0.0633113609539, 0.202281286657, 0.338933995408, 0.28946528095, 0.635083355499, 0.651613128105, 0.177981995949, 0.0525844613707, 0.791034352919, 0.0150287889139, 0.0640942045471, 0.619212634374, 0.531030978666, 0.224780484398, 0.165329551805, 0.357169588434, 0.109325970624, 0.228794884802, 0.00466700870249, 0.00165057783014, 0.000497562674119, 0.0883773626207, 0.671537268011, 1.70169647566
0.671537268011, 0.194690055211, 0.187011860685, 0.0100866769626, 0.568626913595, 0.27940952971, 0.00191725342214, 0.0994130994336, 0.0633113609539, 0.202281286657, 0.338933995408, 0.28946528095, 0.635083355499, 0.651613128105, 0.177981995949, 0.0525844613707, 0.791034352919, 0.0150287889139, 0.0640942045471, 0.619212634374, 0.531030978666, 0.224780484398, 0.165329551805, 0.357169588434, 0.109325970624, 0.228794884802, 0.00466700870249, 0.00165057783014, 0.000497562674119, 0.0883773626207, 0.671537268011, 1.70169647566
0.0212156242235, 0.0105982276884, 0.0153380236913, 0.39041088005, 0.0182592867866, 0.126325857393, 0.179049655178, 0.0819798697105, 0.963793355909, 0.625856599935, 0.158517422392, 0.395166906252, 0.716981894933, 0.107898179437, 0.172250835204, 0.0376404359228, 0.57980506461, 0.0759541420133, 0.877606527633, 0.0107981727993, 0.267403330717, 0.0508215579862, 0.147953954487, 0.025309918818, 0.118178128784, 0.0324931574245, 0.00926918287231, 0.328993204255, 0.984023555137, 0.523265206333, 0.0212156242235, 3.22046011499
0.0212156242235, 0.0105982276884, 0.0153380236913, 0.39041088005, 0.0182592867866, 0.126325857393, 0.179049655178, 0.0819798697105, 0.963793355909, 0.625856599935, 0.158517422392, 0.395166906252, 0.716981894933, 0.107898179437, 0.172250835204, 0.0376404359228, 0.57980506461, 0.0759541420133, 0.877606527633, 0.0107981727993, 0.267403330717, 0.0508215579862, 0.147953954487, 0.025309918818, 0.118178128784, 0.0324931574245, 0.00926918287231, 0.328993204255, 0.984023555137, 0.523265206333, 0.0212156242235, 3.22046011499
0.00636124154145, 0.83013206691, 0.297560194955, 0.897895751149, 0.478873864932, 0.0475693380978, 0.27883866426, 0.0681512145741, 0.0306575732723, 0.0354594544678, 0.21078026423, 0.410102577957, 0.720681007802, 0.321358215309, 0.0243717073507, 0.446072615985, 0.215623276975, 0.271165211837, 0.108609188398, 0.115611632271, 0.357220258524, 0.0304018906937, 0.2805956797, 0.419215279298, 0.0361982211952, 0.00557734918153, 0.11868225763, 0.00261117870598, 0.357433476328, 0.304181202566, 0.00636124154145, 3.24938132648
0.00636124154145, 0.83013206691, 0.297560194955, 0.897895751149, 0.478873864932, 0.0475693380978, 0.27883866426, 0.0681512145741, 0.0306575732723, 0.0354594544678, 0.21078026423, 0.410102577957, 0.720681007802, 0.321358215309, 0.0243717073507, 0.446072615985, 0.215623276975, 0.271165211837, 0.108609188398, 0.115611632271, 0.357220258524, 0.0304018906937, 0.2805956797, 0.419215279298, 0.0361982211952, 0.00557734918153, 0.11868225763, 0.00261117870598, 0.357433476328, 0.304181202566, 0.00636124154145, 3.24938132648
0.598720737082, 0.211728999091, 0.733338812975, 0.264108114769, 0.300506507585, 0.0666810410062, 0.0182093796202, 0.0994130994336, 0.0633113609539, 0.202281286657, 0.338933995408, 0.376818020377, 0.327200490281, 0.443824699359, 0.177981995949, 0.0929821308878, 0.791034352919, 0.0366137926752, 0.0162792539275, 0.194368210284, 0.637105935877, 0.973479430342, 0.615983183176, 0.330413958443, 0.716956992271, 0.228794884802, 0.00584947097364, 0.373000822127, 0.000497562674119, 0.103134321424, 0.598720737082, 2.22174824682
0.598720737082, 0.211728999091, 0.733338812975, 0.264108114769, 0.300506507585, 0.0666810410062, 0.0182093796202, 0.0994130994336, 0.0633113609539, 0.202281286657, 0.338933995408, 0.376818020377, 0.327200490281, 0.443824699359, 0.177981995949, 0.0929821308878, 0.791034352919, 0.0366137926752, 0.0162792539275, 0.194368210284, 0.637105935877, 0.973479430342, 0.615983183176, 0.330413958443, 0.716956992271, 0.228794884802, 0.00584947097364, 0.373000822127, 0.000497562674119, 0.103134321424, 0.598720737082, 2.22174824682
0.65736667544, 0.121646176118, 0.291867160708, 0.0654196238162, 0.557322499708, 0.00259749684616, 0.0676963888627, 0.00133631379827, 0.237923859427, 0.414607444763, 0.869765539994, 0.30254129168, 0.344445523079, 0.347556057177, 0.144284280203, 0.150550192355, 0.0191284736832, 0.418299229913, 0.0866694162409, 0.00997608262849, 0.80701061289, 0.443247400291, 0.815923676012, 0.100582963941, 0.0848231701688, 0.0236786651472, 0.246348525547, 0.222201710308, 0.340794217772, 0.336142823672, 0.65736667544, 1.93917458538
0.65736667544, 0.121646176118, 0.291867160708, 0.0654196238162, 0.557322499708, 0.00259749684616, 0.0676963888627, 0.00133631379827, 0.237923859427, 0.414607444763, 0.869765539994, 0.30254129168, 0.344445523079, 0.347556057177, 0.144284280203, 0.150550192355, 0.0191284736832, 0.418299229913, 0.0866694162409, 0.00997608262849, 0.80701061289, 0.443247400291, 0.815923676012, 0.100582963941, 0.0848231701688, 0.0236786651472, 0.246348525547, 0.222201710308, 0.340794217772, 0.336142823672, 0.65736667544, 1.93917458538
0.664421738137, 0.228659000885, 0.868169832972, 0.00552309300852, 0.256077170992, 0.249554404733, 0.0182093796202, 0.236530591583, 0.0633113609539, 0.0646183376403, 0.266078177628, 0.241045751808, 0.742936844632, 0.697331751437, 0.486919645874, 0.0929821308878, 0.791034352919, 0.00550261094443, 0.0162792539275, 0.0608231157473, 0.531030978666, 0.224780484398, 0.615983183176, 0.53351021337, 0.240227433297, 0.228794884802, 0.00584947097364, 0.00165057783014, 0.000362968405825, 0.103134321424, 0.664421738137, 1.93173362437
0.664421738137, 0.228659000885, 0.868169832972, 0.00552309300852, 0.256077170992, 0.249554404733, 0.0182093796202, 0.236530591583, 0.0633113609539, 0.0646183376403, 0.266078177628, 0.241045751808, 0.742936844632, 0.697331751437, 0.486919645874, 0.0929821308878, 0.791034352919, 0.00550261094443, 0.0162792539275, 0.0608231157473, 0.531030978666, 0.224780484398, 0.615983183176, 0.53351021337, 0.240227433297, 0.228794884802, 0.00584947097364, 0.00165057783014, 0.000362968405825, 0.103134321424, 0.664421738137, 1.93173362437
0.466625780992, 0.0128610877182, 0.273243721141, 0.0100866769626, 0.862388272023, 0.283866746869, 0.0442171393883, 0.116231431415, 0.0319509601816, 0.619833638296, 0.338933995408, 0.011383631807, 0.0461258539634, 0.660627686216, 0.177981995949, 0.559682717882, 0.181332301086, 0.0366137926752, 0.0162792539275, 0.0991955162147, 0.531030978666, 0.224780484398, 0.000866468003585, 0.357169588434, 0.686190778231, 0.544051180952, 0.246348525547, 0.00165057783014, 0.378508538174, 0.732770076786, 0.466625780992, 2.22981285833
0.466625780992, 0.0128610877182, 0.273243721141, 0.0100866769626, 0.862388272023, 0.283866746869, 0.0442171393883, 0.116231431415, 0.0319509601816, 0.619833638296, 0.338933995408, 0.011383631807, 0.0461258539634, 0.660627686216, 0.177981995949, 0.559682717882, 0.181332301086, 0.0366137926752, 0.0162792539275, 0.0991955162147, 0.531030978666, 0.224780484398, 0.000866468003585, 0.357169588434, 0.686190778231, 0.544051180952, 0.246348525547, 0.00165057783014, 0.378508538174, 0.732770076786, 0.466625780992, 2.22981285833
0.447146288836, 0.219721880266, 0.47616123325, 0.109703574664, 0.274183592634, 0.0162309006397, 0.554313854788, 0.116231431415, 0.776272256337, 0.202281286657, 0.250030937522, 0.197874860949, 0.640374979858, 0.49195001814, 0.177981995949, 0.0929821308878, 0.691582685082, 0.379080311269, 0.00741265444014, 0.0200588612392, 0.703593410893, 0.00775374507524, 0.52520182271, 0.357169588434, 0.0228671918156, 0.729943126792, 0.00584947097364, 0.0428216834504, 0.00015501674829, 0.0957619386116, 0.447146288836, 2.28214853777
0.447146288836, 0.219721880266, 0.47616123325, 0.109703574664, 0.274183592634, 0.0162309006397, 0.554313854788, 0.116231431415, 0.776272256337, 0.202281286657, 0.250030937522, 0.197874860949, 0.640374979858, 0.49195001814, 0.177981995949, 0.0929821308878, 0.691582685082, 0.379080311269, 0.00741265444014, 0.0200588612392, 0.703593410893, 0.00775374507524, 0.52520182271, 0.357169588434, 0.0228671918156, 0.729943126792, 0.00584947097364, 0.0428216834504, 0.00015501674829, 0.0957619386116, 0.447146288836, 2.28214853777
0.00376379923789, 0.630348007273, 0.392259588351, 0.725111209894, 0.532608886866, 0.65619694407, 0.178554843366, 0.731636127034, 0.0435933559522, 0.0506162976509, 0.28221920658, 0.744186641247, 0.023490689247, 0.0782918494821, 0.556666263247, 0.726223948444, 0.0764691035647, 0.0522722436409, 0.174224457335, 0.110069010575, 0.00358520364432, 0.215846638233, 0.0748522413131, 0.112416893391, 0.0956374988984, 0.221860698223, 0.0476760355707, 0.433008966455, 0.0411035465976, 0.563705073254, 0.00376379923789, 3.54373644747
0.00376379923789, 0.630348007273, 0.392259588351, 0.725111209894, 0.532608886866, 0.65619694407, 0.178554843366, 0.731636127034, 0.0435933559522, 0.0506162976509, 0.28221920658, 0.744186641247, 0.023490689247, 0.0782918494821, 0.556666263247, 0.726223948444, 0.0764691035647, 0.0522722436409, 0.174224457335, 0.110069010575, 0.00358520364432, 0.215846638233, 0.0748522413131, 0.112416893391, 0.0956374988984, 0.221860698223, 0.0476760355707, 0.433008966455, 0.0411035465976, 0.563705073254, 0.00376379923789, 3.54373644747
0.000166332013799, 0.864605394905, 0.382159950711, 0.533458332079, 0.00723521665098, 0.0475693380978, 0.182664814713, 0.0681512145741, 0.0306575732723, 0.0435488145155, 0.21078026423, 0.668364257728, 0.720681007802, 0.256547956603, 0.0534831897429, 0.73811695953, 0.215623276975, 0.294339215229, 0.375406192275, 0.163692421117, 0.693065178567, 0.761113547247, 0.275702467126, 0.407195499012, 0.0361982211952, 0.0534983134256, 0.11868225763, 0.00840168233125, 0.218090268877, 0.304181202566, 0.000166332013799, 3.68546543964
0.000166332013799, 0.864605394905, 0.382159950711, 0.533458332079, 0.00723521665098, 0.0475693380978, 0.182664814713, 0.0681512145741, 0.0306575732723, 0.0435488145155, 0.21078026423, 0.668364257728, 0.720681007802, 0.256547956603, 0.0534831897429, 0.73811695953, 0.215623276975, 0.294339215229, 0.375406192275, 0.163692421117, 0.693065178567, 0.761113547247, 0.275702467126, 0.407195499012, 0.0361982211952, 0.0534983134256, 0.11868225763, 0.00840168233125, 0.218090268877, 0.304181202566, 0.000166332013799, 3.68546543964
0.00103490521769, 0.496617817052, 0.136575139995, 0.0274590622285, 0.184310428747, 0.430409366929, 0.286743250945, 0.976158072207, 0.240009674132, 0.069010177529, 0.740699143318, 0.949159965098, 0.63483504827, 0.769875244543, 0.200701198373, 0.547190292491, 0.141244339865, 0.190469206152, 0.309437862248, 0.110069010575, 0.0179748561648, 0.2649439917, 0.0748522413131, 0.102708745196, 0.0956374988984, 0.0877338696864, 0.113036321328, 0.528586842606, 0.0289789012317, 0.0756128969434, 0.00103490521769, 3.67844846885
0.00103490521769, 0.496617817052, 0.136575139995, 0.0274590622285, 0.184310428747, 0.430409366929, 0.286743250945, 0.976158072207, 0.240009674132, 0.069010177529, 0.740699143318, 0.949159965098, 0.63483504827, 0.769875244543, 0.200701198373, 0.547190292491, 0.141244339865, 0.190469206152, 0.309437862248, 0.110069010575, 0.0179748561648, 0.2649439917, 0.0748522413131, 0.102708745196, 0.0956374988984, 0.0877338696864, 0.113036321328, 0.528586842606, 0.0289789012317, 0.0756128969434, 0.00103490521769, 3.67844846885
0.871927991059, 0.228659000885, 0.733338812975, 0.0341571580784, 0.221334720897, 0.27940952971, 0.0127210692324, 0.116231431415, 0.121487666023, 0.202281286657, 0.338933995408, 0.28946528095, 0.635083355499, 0.28970139742, 0.382049427127, 0.0836495062809, 0.821088818821, 0.00550261094443, 0.0162792539275, 0.62105549502, 0.459678132825, 0.224780484398, 0.615983183176, 0.007061018058, 0.318153262177, 0.177783125944, 0.0728770325625, 0.00165057783014, 0.000497562674119, 0.103134321424, 0.871927991059, 1.6043937412
0.871927991059, 0.228659000885, 0.733338812975, 0.0341571580784, 0.221334720897, 0.27940952971, 0.0127210692324, 0.116231431415, 0.121487666023, 0.202281286657, 0.338933995408, 0.28946528095, 0.635083355499, 0.28970139742, 0.382049427127, 0.0836495062809, 0.821088818821, 0.00550261094443, 0.0162792539275, 0.62105549502, 0.459678132825, 0.224780484398, 0.615983183176, 0.007061018058, 0.318153262177, 0.177783125944, 0.0728770325625, 0.00165057783014, 0.000497562674119, 0.103134321424, 0.871927991059, 1.6043937412
0.0913520776171, 0.325770857803, 0.10235931938, 0.0682463325446, 0.864182334733, 0.193760909993, 0.356102443753, 0.116231431415, 0.189690129285, 0.221765200075, 0.651463116688, 0.383131787826, 0.248760097882, 0.0949674260323, 0.0768077324092, 0.159388514928, 0.253626556361, 0.0117315830223, 0.02180258197, 0.189354448799, 0.209723683482, 0.345919008746, 0.292319693768, 0.996295151997, 0.759973958925, 0.618701518084, 0.000123784322323, 0.0392944392792, 3.23717321855e-05, 0.944558978169, 0.0913520776171, 3.12893975352
0.0913520776171, 0.325770857803, 0.10235931938, 0.0682463325446, 0.864182334733, 0.193760909993, 0.356102443753, 0.116231431415, 0.189690129285, 0.221765200075, 0.651463116688, 0.383131787826, 0.248760097882, 0.0949674260323, 0.0768077324092, 0.159388514928, 0.253626556361, 0.0117315830223, 0.02180258197, 0.189354448799, 0.209723683482, 0.345919008746, 0.292319693768, 0.996295151997, 0.759973958925, 0.618701518084, 0.000123784322323, 0.0392944392792, 3.23717321855e-05, 0.944558978169, 0.0913520776171, 3.12893975352
0.000166332013799, 0.864605394905, 0.592823314157, 0.533458332079, 0.00723521665098, 0.0475693380978, 0.182664814713, 0.0536750537957, 0.0306575732723, 0.123959276287, 0.242344021178, 0.668364257728, 0.720681007802, 0.256547956603, 0.696909819403, 0.73811695953, 0.13303092551, 0.294339215229, 0.0230605031902, 0.163692421117, 0.693065178567, 0.761113547247, 0.2805956797, 0.407195499012, 0.0361982211952, 0.0534983134256, 0.11868225763, 0.00840168233125, 0.218090268877, 0.304181202566, 0.000166332013799, 3.84678760447
0.000166332013799, 0.864605394905, 0.592823314157, 0.533458332079, 0.00723521665098, 0.0475693380978, 0.182664814713, 0.0536750537957, 0.0306575732723, 0.123959276287, 0.242344021178, 0.668364257728, 0.720681007802, 0.256547956603, 0.696909819403, 0.73811695953, 0.13303092551, 0.294339215229, 0.0230605031902, 0.163692421117, 0.693065178567, 0.761113547247, 0.2805956797, 0.407195499012, 0.0361982211952, 0.0534983134256, 0.11868225763, 0.00840168233125, 0.218090268877, 0.304181202566, 0.000166332013799, 3.84678760447
0.872709984795, 0.864605394905, 0.515035504591, 0.394968398097, 0.00571215342724, 0.0475693380978, 0.0640972937099, 0.757219668103, 0.723915336036, 0.207585558219, 0.229946860766, 0.182534547974, 0.483137556038, 0.0715313032287, 0.570714528736, 0.281838729325, 0.245022890231, 0.0940703425479, 0.00259410810695, 0.0163810744244, 0.265020468323, 0.0076224051301, 0.2805956797, 0.00349127085453, 0.0406476358332, 0.000324649663619, 0.11868225763, 0.127098927339, 0.914860777556, 0.103610260666, 0.872709984795, 1.65130086012
0.872709984795, 0.864605394905, 0.515035504591, 0.394968398097, 0.00571215342724, 0.0475693380978, 0.0640972937099, 0.757219668103, 0.723915336036, 0.207585558219, 0.229946860766, 0.182534547974, 0.483137556038, 0.0715313032287, 0.570714528736, 0.281838729325, 0.245022890231, 0.0940703425479, 0.00259410810695, 0.0163810744244, 0.265020468323, 0.0076224051301, 0.2805956797, 0.00349127085453, 0.0406476358332, 0.000324649663619, 0.11868225763, 0.127098927339, 0.914860777556, 0.103610260666, 0.872709984795, 1.65130086012
0.198214899878, 0.864605394905, 0.193346565551, 0.897895751149, 0.0178806161932, 0.0475693380978, 0.27883866426, 0.0681512145741, 0.0306575732723, 0.123959276287, 0.186706083909, 0.410102577957, 0.720681007802, 0.202177166416, 0.144284280203, 0.878298167384, 0.269855850877, 0.500497585541, 0.0230605031902, 0.194368210284, 0.354543815964, 0.0304018906937, 0.2805956797, 0.407195499012, 0.0406476358332, 0.544051180952, 0.11868225763, 0.0023865386589, 0.0747270240388, 0.304181202566, 0.198214899878, 2.70942473208
0.598720737082, 0.228659000885, 0.733338812975, 0.0100866769626, 0.42129840332, 0.27940952971, 0.0182093796202, 0.116231431415, 0.0633113609539, 0.202281286657, 0.338933995408, 0.241045751808, 0.635083355499, 0.65728844946, 0.486919645874, 0.0929821308878, 0.791034352919, 0.137775489229, 0.0657432959925, 0.62105549502, 0.228577585988, 0.198389180325, 0.628991146438, 0.357169588434, 0.240227433297, 0.865847483952, 0.00584947097364, 0.00165057783014, 0.000169382420599, 0.103134321424, 0.598720737082, 2.22915609038
0.0960306180444, 0.0328463323788, 0.189544200372, 0.0682463325446, 0.575983798414, 0.00476414307536, 0.356102443753, 0.0424689131765, 0.349705842881, 0.221765200075, 0.877792225696, 0.00863436152818, 0.0958762228956, 0.0949674260323, 0.355899641638, 0.159388514928, 0.738364362468, 0.0217382103533, 0.29722857955, 0.105330442646, 0.397579105491, 0.345919008746, 0.0391338241902, 0.982992910558, 0.759973958925, 0.994858036188, 0.0011305421209, 0.0392944392792, 3.23717321855e-05, 0.940268883559, 0.0960306180444, 3.21751930203
0.198214899878, 0.864605394905, 0.193346565551, 0.897895751149, 0.0178806161932, 0.0475693380978, 0.27883866426, 0.0681512145741, 0.0306575732723, 0.123959276287, 0.186706083909, 0.410102577957, 0.720681007802, 0.202177166416, 0.144284280203, 0.878298167384, 0.269855850877, 0.500497585541, 0.0230605031902, 0.194368210284, 0.354543815964, 0.0304018906937, 0.2805956797, 0.407195499012, 0.0406476358332, 0.544051180952, 0.11868225763, 0.0023865386589, 0.0747270240388, 0.304181202566, 0.198214899878, 2.70942473208
0.363539767688, 0.864605394905, 0.0378906054375, 0.65349208689, 0.0504289752146, 0.0475693380978, 0.0640972937099, 0.757219668103, 0.00796172423018, 0.123959276287, 0.169355716095, 0.485523099387, 0.438998959453, 0.321358215309, 0.144284280203, 0.597031790903, 0.382294684008, 0.396122031882, 0.0230605031902, 0.0163810744244, 0.354543815964, 0.0201730076037, 0.2805956797, 0.0474980344127, 0.0406476358332, 0.336619204093, 0.11868225763, 0.0878622705604, 0.898183972869, 0.298523690806, 0.363539767688, 2.3744472199
0.363539767688, 0.864605394905, 0.0378906054375, 0.65349208689, 0.0504289752146, 0.0475693380978, 0.0640972937099, 0.757219668103, 0.00796172423018, 0.123959276287, 0.169355716095, 0.485523099387, 0.438998959453, 0.321358215309, 0.144284280203, 0.597031790903, 0.382294684008, 0.396122031882, 0.0230605031902, 0.0163810744244, 0.354543815964, 0.0201730076037, 0.2805956797, 0.0474980344127, 0.0406476358332, 0.336619204093, 0.11868225763, 0.0878622705604, 0.898183972869, 0.298523690806, 0.363539767688, 2.3744472199
0.447146288836, 0.219721880266, 0.47616123325, 0.109703574664, 0.274183592634, 0.000756513494868, 0.70638903151, 0.116231431415, 0.860548096949, 0.202281286657, 0.250030937522, 0.197874860949, 0.0628266126436, 0.49195001814, 0.177981995949, 0.0929821308878, 0.691582685082, 0.379080311269, 0.0162792539275, 0.384975327894, 0.703593410893, 0.00775374507524, 0.615983183176, 0.357169588434, 0.0228671918156, 0.729943126792, 0.00584947097364, 0.0428216834504, 0.000292650886052, 0.0957619386116, 0.447146288836, 2.30973175038
0.779363418347, 0.121646176118, 0.428833076279, 0.0353540893831, 0.195098953989, 0.0348983936298, 0.141629993916, 0.00133631379827, 0.067504775023, 0.194518667988, 0.869765539994, 0.110233650939, 0.546933169016, 0.545669533164, 0.144284280203, 0.150550192355, 0.176799364838, 0.113430600511, 0.0866694162409, 0.451232646836, 0.80701061289, 0.397393593104, 0.815923676012, 0.100582963941, 0.0848231701688, 0.0236786651472, 0.246348525547, 0.155357757287, 0.340794217772, 0.0886126668723, 0.779363418347, 1.71175300597
0.65736667544, 0.121646176118, 0.291867160708, 0.0654196238162, 0.252123254416, 0.00259749684616, 0.070500782556, 0.00133631379827, 0.237923859427, 0.414607444763, 0.869765539994, 0.024547856966, 0.344445523079, 0.347556057177, 0.144284280203, 0.150550192355, 0.0191284736832, 0.418299229913, 0.0866694162409, 0.00997608262849, 0.80701061289, 0.443247400291, 0.815923676012, 0.82230835777, 0.0848231701688, 0.0236786651472, 0.230323223664, 0.222201710308, 0.340794217772, 0.336142823672, 0.65736667544, 1.96959272802
0.0212156242235, 0.0105982276884, 0.0153380236913, 0.39041088005, 0.0182592867866, 0.126325857393, 0.155036776448, 0.0819798697105, 0.963793355909, 0.625856599935, 0.158517422392, 0.395166906252, 0.716981894933, 0.107898179437, 0.275483591288, 0.0376404359228, 0.492291178452, 0.0471076528682, 0.877606527633, 0.0107981727993, 0.267403330717, 0.0508215579862, 0.147953954487, 0.417120197353, 0.118178128784, 0.0324931574245, 0.00926918287231, 0.328993204255, 0.973653753693, 0.523265206333, 0.0212156242235, 3.32317929903
0.65736667544, 0.121646176118, 0.291867160708, 0.0654196238162, 0.252123254416, 0.00259749684616, 0.070500782556, 0.00133631379827, 0.237923859427, 0.414607444763, 0.869765539994, 0.024547856966, 0.344445523079, 0.347556057177, 0.144284280203, 0.150550192355, 0.0191284736832, 0.418299229913, 0.0866694162409, 0.00997608262849, 0.80701061289, 0.443247400291, 0.815923676012, 0.82230835777, 0.0848231701688, 0.0236786651472, 0.230323223664, 0.222201710308, 0.340794217772, 0.336142823672, 0.65736667544, 1.96959272802
0.447146288836, 0.219721880266, 0.47616123325, 0.109703574664, 0.274183592634, 0.000756513494868, 0.70638903151, 0.116231431415, 0.860548096949, 0.202281286657, 0.250030937522, 0.197874860949, 0.0628266126436, 0.49195001814, 0.177981995949, 0.0929821308878, 0.691582685082, 0.379080311269, 0.0162792539275, 0.384975327894, 0.703593410893, 0.00775374507524, 0.615983183176, 0.357169588434, 0.0228671918156, 0.729943126792, 0.00584947097364, 0.0428216834504, 0.000292650886052, 0.0957619386116, 0.447146288836, 2.30973175038
0.0960306180444, 0.0328463323788, 0.189544200372, 0.0682463325446, 0.575983798414, 0.00476414307536, 0.356102443753, 0.0424689131765, 0.349705842881, 0.221765200075, 0.877792225696, 0.00863436152818, 0.0958762228956, 0.0949674260323, 0.355899641638, 0.159388514928, 0.738364362468, 0.0217382103533, 0.29722857955, 0.105330442646, 0.397579105491, 0.345919008746, 0.0391338241902, 0.982992910558, 0.759973958925, 0.994858036188, 0.0011305421209, 0.0392944392792, 3.23717321855e-05, 0.940268883559, 0.0960306180444, 3.21751930203
0.671537268011, 0.194690055211, 0.610754197811, 0.0100866769626, 0.568626913595, 0.27940952971, 0.00191725342214, 0.0994130994336, 0.0633113609539, 0.202281286657, 0.338933995408, 0.28946528095, 0.635083355499, 0.616028749806, 0.177981995949, 0.0929821308878, 0.791034352919, 0.0150287889139, 0.0640942045471, 0.109408417316, 0.531030978666, 0.224780484398, 0.165329551805, 0.357169588434, 0.109325970624, 0.228794884802, 0.00466700870249, 0.00165057783014, 0.559154304323, 0.0883773626207, 0.671537268011, 1.81608770913
0.00684933774621, 0.0045268413583, 0.0153380236913, 0.553558031938, 0.0182592867866, 0.0594285435663, 0.452726956225, 0.0908919119556, 0.537669705595, 0.625856599935, 0.158517422392, 0.256411445509, 0.397252429256, 0.0814594015147, 0.172250835204, 0.0376404359228, 0.776838089569, 0.97025893425, 0.877606527633, 0.270544915641, 0.267403330717, 0.0508215579862, 0.147953954487, 0.025309918818, 0.507620815457, 0.0324931574245, 0.00926918287231, 0.328993204255, 0.983405157465, 0.036559040322, 0.00684933774621, 3.55503849593
0.598720737082, 0.228659000885, 0.733338812975, 0.0100866769626, 0.42129840332, 0.27940952971, 0.0182093796202, 0.116231431415, 0.0633113609539, 0.202281286657, 0.338933995408, 0.241045751808, 0.635083355499, 0.65728844946, 0.486919645874, 0.0929821308878, 0.791034352919, 0.137775489229, 0.0657432959925, 0.62105549502, 0.228577585988, 0.198389180325, 0.628991146438, 0.357169588434, 0.240227433297, 0.865847483952, 0.00584947097364, 0.00165057783014, 0.000169382420599, 0.103134321424, 0.598720737082, 2.22915609038
