0.198214899878, 0.337889912328, 0.298189233106, 0.32469265373, 0.0421107461882, 0.531553178337, 0.00644601605597, 0.0477873744209, 0.245021463384, 0.0852887531945, 0.744398893219, 0.0271859312112, 0.0385579582759, 0.384986927118, 0.298704227896, 0.771496622191, 0.0135453792838, 0.223717697098, 0.121119260759, 0.00323400759495, 0.0384873375913, 0.170899807956, 0.119943634688, 0.100582963941, 0.0312496504523, 0.869320655873, 0.217474970149, 0.0570922772167, 0.427743570066, 0.585046668218, 0.198214899878, 2.42392991556
0.0585941163064, 0.487863123862, 0.324919514302, 0.613580028406, 0.152373943326, 0.829563479371, 0.0264077256066, 0.757219668103, 0.0264767497365, 0.1328242812, 0.143703522482, 0.070037592223, 0.00627858227176, 0.0132928969069, 0.736457178061, 0.0363640428216, 0.0764691035647, 0.583276034878, 0.679067419241, 0.110069010575, 0.0384021050675, 0.0252324033776, 0.00557709222361, 0.193633334255, 0.486878791029, 0.284090062501, 0.0166319238471, 0.991085814578, 0.132339898895, 0.245009351482, 0.0585941163064, 3.09637615476
1.40526613769e-05, 0.469480360897, 0.0345438162749, 0.370218822981, 0.185196062765, 0.274239811751, 0.27883866426, 0.0533785104531, 0.116722966208, 0.149652819036, 0.209715232944, 0.0444857686339, 0.192318330109, 0.740559119876, 0.793518675031, 0.220988457851, 0.61308692926, 0.775102475475, 0.00466656120476, 0.163692421117, 0.354543815964, 0.00829431312726, 0.188834272075, 0.374027412146, 0.549531319268, 0.325252512677, 0.0420587617624, 0.00106387304754, 0.118578842933, 0.0748874270732, 1.40526613769e-05, 3.39127254638
0.65736667544, 0.0427440266666, 0.298189233106, 0.38977921934, 0.15552729122, 0.137014337782, 0.220429290168, 0.0434072660401, 0.371623647887, 0.045395915406, 0.744398893219, 0.247306587647, 0.0385579582759, 0.219739234202, 0.508195068955, 0.503069033398, 0.0317416627667, 0.223717697098, 0.533580808204, 0.228767130893, 0.354543815964, 0.184726706547, 0.00557709222361, 0.100582963941, 0.000700185302629, 0.227272321568, 0.00924158135427, 0.0570922772167, 0.427743570066, 0.278703478919, 0.65736667544, 1.63970669617
0.914771625702, 0.337889912328, 0.298189233106, 0.32469265373, 0.0421107461882, 0.531553178337, 0.00644601605597, 0.0477873744209, 0.245021463384, 0.0852887531945, 0.744398893219, 0.0515612118882, 0.0385579582759, 0.384986927118, 0.298704227896, 0.822778653772, 0.0317416627667, 0.223717697098, 0.121119260759, 0.0508031351989, 0.354543815964, 0.170899807956, 0.386076711229, 0.0872403212118, 0.0312496504523, 0.359453266265, 0.217474970149, 0.0570922772167, 0.427743570066, 0.585046668218, 0.914771625702, 1.55181734215
0.175315635895, 0.198236126121, 0.332796972269, 0.213050507054, 0.205378913135, 0.0140559379174, 0.256165037151, 0.391581477737, 0.481657646874, 0.0395219134953, 0.236984578719, 0.247306587647, 0.812931208425, 0.0623438573048, 0.0986484412992, 0.120702789037, 0.289392875244, 0.064164266598, 0.451545364863, 0.12041399593, 0.701959119244, 0.186252775977, 0.949032039602, 0.232018841809, 0.00280077337817, 0.922472649367, 0.0036192936431, 0.0266151765254, 0.000497562674119, 0.7948275303, 0.175315635895, 2.82743002942
0.0395438336456, 0.149270996708, 0.746837674916, 0.427985501833, 0.118018317717, 0.329290760192, 0.474553570893, 0.0199547562642, 0.116722966208, 0.448885638676, 0.0345911440664, 0.352498643654, 0.0329884916988, 0.293966070001, 0.0607578901795, 0.363714551901, 0.773507301924, 0.724398979096, 0.257711133866, 0.0750387258347, 0.11476621939, 0.0969993094979, 0.0495655555649, 0.407195499012, 0.0253279047672, 0.483222859621, 0.0106083229747, 0.000321192886808, 0.43585572808, 0.586202492314, 0.0395438336456, 3.1148108865
0.239466694773, 0.396222353509, 0.0319864106962, 0.0801709653925, 0.0576610403535, 0.719051754536, 0.19526001145, 0.0307329712546, 0.363234210805, 0.0907161556422, 0.37326258989, 0.070037592223, 0.0215672734241, 0.168375701064, 0.963204453952, 0.596948719523, 0.617835059776, 0.0412525261023, 0.243854645485, 0.137562512073, 0.000255181082836, 0.339892430617, 0.00269563252323, 0.0606777661382, 0.151473053224, 0.251001235899, 0.123470354364, 0.613793460694, 0.0679272180507, 0.0174629310052, 0.239466694773, 2.25468726974
0.184098205804, 0.487863123862, 0.324919514302, 0.613580028406, 0.126321247213, 0.829563479371, 0.0264077256066, 0.757219668103, 0.0264767497365, 0.1328242812, 0.163917788063, 0.070037592223, 0.00627858227176, 0.0132928969069, 0.736457178061, 0.0363640428216, 0.0764691035647, 0.583276034878, 0.644157287723, 0.110069010575, 0.0384021050675, 0.0252324033776, 0.00557709222361, 0.193633334255, 0.486878791029, 0.284090062501, 0.0166319238471, 0.991085814578, 0.175576736345, 0.245009351482, 0.184098205804, 2.7445868635
0.582821294876, 0.337889912328, 0.298189233106, 0.32469265373, 0.0421107461882, 0.531553178337, 0.00644601605597, 0.0678103596879, 0.245021463384, 0.0852887531945, 0.744398893219, 0.0515612118882, 0.0794769261868, 0.384986927118, 0.293677694585, 0.503069033398, 0.00587562429866, 0.223717697098, 0.121119260759, 0.0508031351989, 0.354543815964, 0.170899807956, 0.386076711229, 0.713132874916, 0.329674296999, 0.497591436113, 0.00942218209011, 0.0570922772167, 0.427743570066, 0.00381522569268, 0.582821294876, 1.89762271934
0.510863220273, 0.0286884812514, 0.254989485262, 0.26366029792, 0.966009689066, 0.011961894298, 0.242701666765, 0.999400203914, 0.710555700177, 0.0269310482418, 0.145914269625, 0.723350936183, 0.999221838302, 0.0046993798042, 0.792412120212, 0.18191806573, 0.120333912182, 0.278839093277, 0.062368475505, 0.0491681012167, 0.448103151483, 0.277072166072, 0.149061382338, 0.144339427298, 0.134074378497, 0.00173200004805, 0.266629038708, 0.0196613219486, 0.0136025639628, 0.000487535578017, 0.510863220273, 2.2287817499
0.0697926597252, 0.487863123862, 0.747605663696, 0.454035008439, 0.126321247213, 0.140906269518, 0.00657276580695, 0.757219668103, 0.0264767497365, 0.0598222353413, 0.0805993648662, 0.127896765082, 0.0215672734241, 0.0072412273661, 0.700513488577, 0.0539253652963, 0.0764691035647, 0.39322691756, 0.428195394653, 0.0750387258347, 0.00852215143478, 0.233417221253, 0.464617913243, 0.0130678563771, 0.28736694803, 0.258266934639, 0.0166319238471, 0.999994336642, 0.117650569098, 0.7948275303, 0.0697926597252, 2.97989157718
0.013686703403, 0.198236126121, 0.0997954826684, 0.764894323732, 0.129520211102, 0.412642876275, 0.513550197072, 0.41465509142, 0.00385114059769, 0.27034746608, 0.108055507755, 0.300751527715, 0.877617196623, 0.874939015564, 0.143756358857, 0.0178048584032, 0.234610083969, 0.032831958981, 0.160991173961, 0.0684938053347, 0.313751541083, 0.0304018906937, 0.00557709222361, 0.407195499012, 0.00188767170375, 0.267229842661, 0.141908430057, 0.232602352053, 0.242722429575, 0.304181202566, 0.013686703403, 3.13664794449
0.198214899878, 0.337889912328, 0.298189233106, 0.32469265373, 0.0421107461882, 0.531553178337, 0.00644601605597, 0.0477873744209, 0.245021463384, 0.0852887531945, 0.744398893219, 0.0271859312112, 0.0385579582759, 0.384986927118, 0.298704227896, 0.771496622191, 0.0135453792838, 0.223717697098, 0.121119260759, 0.00323400759495, 0.0384873375913, 0.170899807956, 0.119943634688, 0.100582963941, 0.0312496504523, 0.869320655873, 0.217474970149, 0.0570922772167, 0.427743570066, 0.585046668218, 0.198214899878, 2.42392991556
0.0585941163064, 0.487863123862, 0.324919514302, 0.613580028406, 0.152373943326, 0.829563479371, 0.0264077256066, 0.757219668103, 0.0264767497365, 0.1328242812, 0.143703522482, 0.070037592223, 0.00627858227176, 0.0132928969069, 0.736457178061, 0.0363640428216, 0.0764691035647, 0.583276034878, 0.679067419241, 0.110069010575, 0.0384021050675, 0.0252324033776, 0.00557709222361, 0.193633334255, 0.486878791029, 0.284090062501, 0.0166319238471, 0.991085814578, 0.132339898895, 0.245009351482, 0.0585941163064, 3.09637615476
1.40526613769e-05, 0.469480360897, 0.0345438162749, 0.370218822981, 0.185196062765, 0.274239811751, 0.27883866426, 0.0533785104531, 0.116722966208, 0.149652819036, 0.209715232944, 0.0444857686339, 0.192318330109, 0.740559119876, 0.793518675031, 0.220988457851, 0.61308692926, 0.775102475475, 0.00466656120476, 0.163692421117, 0.354543815964, 0.00829431312726, 0.188834272075, 0.374027412146, 0.549531319268, 0.325252512677, 0.0420587617624, 0.00106387304754, 0.118578842933, 0.0748874270732, 1.40526613769e-05, 3.39127254638
0.65736667544, 0.0427440266666, 0.298189233106, 0.38977921934, 0.15552729122, 0.137014337782, 0.220429290168, 0.0434072660401, 0.371623647887, 0.045395915406, 0.744398893219, 0.247306587647, 0.0385579582759, 0.219739234202, 0.508195068955, 0.503069033398, 0.0317416627667, 0.223717697098, 0.533580808204, 0.228767130893, 0.354543815964, 0.184726706547, 0.00557709222361, 0.100582963941, 0.000700185302629, 0.227272321568, 0.00924158135427, 0.0570922772167, 0.427743570066, 0.278703478919, 0.65736667544, 1.63970669617
0.914771625702, 0.337889912328, 0.298189233106, 0.32469265373, 0.0421107461882, 0.531553178337, 0.00644601605597, 0.0477873744209, 0.245021463384, 0.0852887531945, 0.744398893219, 0.0515612118882, 0.0385579582759, 0.384986927118, 0.298704227896, 0.822778653772, 0.0317416627667, 0.223717697098, 0.121119260759, 0.0508031351989, 0.354543815964, 0.170899807956, 0.386076711229, 0.0872403212118, 0.0312496504523, 0.359453266265, 0.217474970149, 0.0570922772167, 0.427743570066, 0.585046668218, 0.914771625702, 1.55181734215
0.175315635895, 0.198236126121, 0.332796972269, 0.213050507054, 0.205378913135, 0.0140559379174, 0.256165037151, 0.391581477737, 0.481657646874, 0.0395219134953, 0.236984578719, 0.247306587647, 0.812931208425, 0.0623438573048, 0.0986484412992, 0.120702789037, 0.289392875244, 0.064164266598, 0.451545364863, 0.12041399593, 0.701959119244, 0.186252775977, 0.949032039602, 0.232018841809, 0.00280077337817, 0.922472649367, 0.0036192936431, 0.0266151765254, 0.000497562674119, 0.7948275303, 0.175315635895, 2.82743002942
0.0395438336456, 0.149270996708, 0.746837674916, 0.427985501833, 0.118018317717, 0.329290760192, 0.474553570893, 0.0199547562642, 0.116722966208, 0.448885638676, 0.0345911440664, 0.352498643654, 0.0329884916988, 0.293966070001, 0.0607578901795, 0.363714551901, 0.773507301924, 0.724398979096, 0.257711133866, 0.0750387258347, 0.11476621939, 0.0969993094979, 0.0495655555649, 0.407195499012, 0.0253279047672, 0.483222859621, 0.0106083229747, 0.000321192886808, 0.43585572808, 0.586202492314, 0.0395438336456, 3.1148108865
0.239466694773, 0.396222353509, 0.0319864106962, 0.0801709653925, 0.0576610403535, 0.719051754536, 0.19526001145, 0.0307329712546, 0.363234210805, 0.0907161556422, 0.37326258989, 0.070037592223, 0.0215672734241, 0.168375701064, 0.963204453952, 0.596948719523, 0.617835059776, 0.0412525261023, 0.243854645485, 0.137562512073, 0.000255181082836, 0.339892430617, 0.00269563252323, 0.0606777661382, 0.151473053224, 0.251001235899, 0.123470354364, 0.613793460694, 0.0679272180507, 0.0174629310052, 0.239466694773, 2.25468726974
0.184098205804, 0.487863123862, 0.324919514302, 0.613580028406, 0.126321247213, 0.829563479371, 0.0264077256066, 0.757219668103, 0.0264767497365, 0.1328242812, 0.163917788063, 0.070037592223, 0.00627858227176, 0.0132928969069, 0.736457178061, 0.0363640428216, 0.0764691035647, 0.583276034878, 0.644157287723, 0.110069010575, 0.0384021050675, 0.0252324033776, 0.00557709222361, 0.193633334255, 0.486878791029, 0.284090062501, 0.0166319238471, 0.991085814578, 0.175576736345, 0.245009351482, 0.184098205804, 2.7445868635
0.582821294876, 0.337889912328, 0.298189233106, 0.32469265373, 0.0421107461882, 0.531553178337, 0.00644601605597, 0.0678103596879, 0.245021463384, 0.0852887531945, 0.744398893219, 0.0515612118882, 0.0794769261868, 0.384986927118, 0.293677694585, 0.503069033398, 0.00587562429866, 0.223717697098, 0.121119260759, 0.0508031351989, 0.354543815964, 0.170899807956, 0.386076711229, 0.713132874916, 0.329674296999, 0.497591436113, 0.00942218209011, 0.0570922772167, 0.427743570066, 0.00381522569268, 0.582821294876, 1.89762271934
0.510863220273, 0.0286884812514, 0.254989485262, 0.26366029792, 0.966009689066, 0.011961894298, 0.242701666765, 0.999400203914, 0.710555700177, 0.0269310482418, 0.145914269625, 0.723350936183, 0.999221838302, 0.0046993798042, 0.792412120212, 0.18191806573, 0.120333912182, 0.278839093277, 0.062368475505, 0.0491681012167, 0.448103151483, 0.277072166072, 0.149061382338, 0.144339427298, 0.134074378497, 0.00173200004805, 0.266629038708, 0.0196613219486, 0.0136025639628, 0.000487535578017, 0.510863220273, 2.2287817499
0.0697926597252, 0.487863123862, 0.747605663696, 0.454035008439, 0.126321247213, 0.140906269518, 0.00657276580695, 0.757219668103, 0.0264767497365, 0.0598222353413, 0.0805993648662, 0.127896765082, 0.0215672734241, 0.0072412273661, 0.700513488577, 0.0539253652963, 0.0764691035647, 0.39322691756, 0.428195394653, 0.0750387258347, 0.00852215143478, 0.233417221253, 0.464617913243, 0.0130678563771, 0.28736694803, 0.258266934639, 0.0166319238471, 0.999994336642, 0.117650569098, 0.7948275303, 0.0697926597252, 2.97989157718
0.013686703403, 0.198236126121, 0.0997954826684, 0.764894323732, 0.129520211102, 0.412642876275, 0.513550197072, 0.41465509142, 0.00385114059769, 0.27034746608, 0.108055507755, 0.300751527715, 0.877617196623, 0.874939015564, 0.143756358857, 0.0178048584032, 0.234610083969, 0.032831958981, 0.160991173961, 0.0684938053347, 0.313751541083, 0.0304018906937, 0.00557709222361, 0.407195499012, 0.00188767170375, 0.267229842661, 0.141908430057, 0.232602352053, 0.242722429575, 0.304181202566, 0.013686703403, 3.13664794449
0.65736667544, 0.0644657216109, 0.0997954826684, 0.764894323732, 0.15552729122, 0.137014337782, 0.220429290168, 0.0434072660401, 0.371623647887, 0.045395915406, 0.744398893219, 0.247306587647, 0.0385579582759, 0.412894558385, 0.508195068955, 0.503069033398, 0.0317416627667, 0.223717697098, 0.533580808204, 0.228767130893, 0.354543815964, 0.013870628495, 0.00557709222361, 0.0908902870557, 0.00188767170375, 0.227272321568, 0.00924158135427, 0.0570922772167, 0.427743570066, 0.278703478919, 0.65736667544, 1.69038387032
0.65736667544, 0.0644657216109, 0.0997954826684, 0.764894323732, 0.15552729122, 0.137014337782, 0.220429290168, 0.0434072660401, 0.371623647887, 0.045395915406, 0.744398893219, 0.247306587647, 0.0385579582759, 0.412894558385, 0.508195068955, 0.503069033398, 0.0317416627667, 0.223717697098, 0.533580808204, 0.228767130893, 0.354543815964, 0.013870628495, 0.00557709222361, 0.0908902870557, 0.00188767170375, 0.227272321568, 0.00924158135427, 0.0570922772167, 0.427743570066, 0.278703478919, 0.65736667544, 1.69038387032
0.652187856863, 0.650098792613, 0.0193284145853, 0.285092918032, 0.205378913135, 0.0077971133146, 0.242701666765, 0.995501335204, 0.0314403132949, 0.0269310482418, 0.561262563915, 0.950369827495, 0.179512635738, 0.297867336197, 0.93417091194, 0.130268508295, 0.120333912182, 0.278839093277, 0.00448513267359, 0.0491681012167, 0.218805103775, 0.0969993094979, 0.415869917809, 0.504710428531, 0.330840474248, 0.00173200004805, 0.314402681238, 0.0167667750266, 0.257053726036, 0.00766047160874, 0.652187856863, 2.00859130249
0.652187856863, 0.650098792613, 0.0193284145853, 0.285092918032, 0.205378913135, 0.0077971133146, 0.242701666765, 0.995501335204, 0.0314403132949, 0.0269310482418, 0.561262563915, 0.950369827495, 0.179512635738, 0.297867336197, 0.93417091194, 0.130268508295, 0.120333912182, 0.278839093277, 0.00448513267359, 0.0491681012167, 0.218805103775, 0.0969993094979, 0.415869917809, 0.504710428531, 0.330840474248, 0.00173200004805, 0.314402681238, 0.0167667750266, 0.257053726036, 0.00766047160874, 0.652187856863, 2.00859130249
0.0697926597252, 0.198236126121, 0.324919514302, 0.427985501833, 0.34476104496, 0.140906269518, 0.00657276580695, 0.69388650038, 0.00195912131612, 0.1328242812, 0.0805993648662, 0.320615274662, 0.0215672734241, 0.0072412273661, 0.819906954222, 0.0539253652963, 0.00360801764383, 0.620523989005, 0.284866973342, 0.0750387258347, 0.00852215143478, 0.233417221253, 0.464617913243, 0.502542035927, 0.486878791029, 0.120470307584, 0.0166319238471, 0.999994336642, 0.0599625902797, 0.7948275303, 0.0697926597252, 3.06122885635
0.0697926597252, 0.198236126121, 0.324919514302, 0.427985501833, 0.34476104496, 0.140906269518, 0.00657276580695, 0.69388650038, 0.00195912131612, 0.1328242812, 0.0805993648662, 0.320615274662, 0.0215672734241, 0.0072412273661, 0.819906954222, 0.0539253652963, 0.00360801764383, 0.620523989005, 0.284866973342, 0.0750387258347, 0.00852215143478, 0.233417221253, 0.464617913243, 0.502542035927, 0.486878791029, 0.120470307584, 0.0166319238471, 0.999994336642, 0.0599625902797, 0.7948275303, 0.0697926597252, 3.06122885635
0.652187856863, 0.650098792613, 0.254989485262, 0.285092918032, 0.205378913135, 0.0077971133146, 0.242701666765, 0.995501335204, 0.0314403132949, 0.0269310482418, 0.561262563915, 0.950369827495, 0.179512635738, 0.297867336197, 0.93417091194, 0.130268508295, 0.120333912182, 0.278839093277, 0.00448513267359, 0.0491681012167, 0.218805103775, 0.277072166072, 0.415869917809, 0.407195499012, 0.330840474248, 0.00173200004805, 0.266629038708, 0.0167667750266, 0.257053726036, 0.00766047160874, 0.652187856863, 2.0745772634
0.65736667544, 0.337889912328, 0.298189233106, 0.32469265373, 0.0421107461882, 0.531553178337, 0.00644601605597, 0.0434072660401, 0.221945147092, 0.0232866758271, 0.744398893219, 0.247306587647, 0.0385579582759, 0.384986927118, 0.14646202114, 0.419029819878, 0.0317416627667, 0.607001134824, 0.121119260759, 0.0508031351989, 0.354543815964, 0.170899807956, 0.386076711229, 0.100582963941, 0.0312496504523, 0.359453266265, 0.00942218209011, 0.0570922772167, 0.243529146599, 0.585046668218, 0.65736667544, 1.70886180481
0.652187856863, 0.650098792613, 0.254989485262, 0.285092918032, 0.205378913135, 0.0077971133146, 0.242701666765, 0.995501335204, 0.0314403132949, 0.0269310482418, 0.561262563915, 0.950369827495, 0.179512635738, 0.297867336197, 0.93417091194, 0.130268508295, 0.120333912182, 0.278839093277, 0.00448513267359, 0.0491681012167, 0.218805103775, 0.277072166072, 0.415869917809, 0.407195499012, 0.330840474248, 0.00173200004805, 0.266629038708, 0.0167667750266, 0.257053726036, 0.00766047160874, 0.652187856863, 2.0745772634
0.65736667544, 0.337889912328, 0.298189233106, 0.32469265373, 0.0421107461882, 0.531553178337, 0.00644601605597, 0.0434072660401, 0.221945147092, 0.0232866758271, 0.744398893219, 0.247306587647, 0.0385579582759, 0.384986927118, 0.14646202114, 0.419029819878, 0.0317416627667, 0.607001134824, 0.121119260759, 0.0508031351989, 0.354543815964, 0.170899807956, 0.386076711229, 0.100582963941, 0.0312496504523, 0.359453266265, 0.00942218209011, 0.0570922772167, 0.243529146599, 0.585046668218, 0.65736667544, 1.70886180481
0.013686703403, 0.4344901292, 0.0997954826684, 0.764894323732, 0.129520211102, 0.412642876275, 0.27883866426, 0.41465509142, 0.00385114059769, 0.450508695108, 0.108055507755, 0.531413774896, 0.877617196623, 0.95067421438, 0.0982392146973, 0.0178048584032, 0.234610083969, 0.172822518965, 0.160991173961, 0.00434899347097, 0.313751541083, 0.0304018906937, 0.00557709222361, 0.134279694423, 0.00188767170375, 0.267229842661, 0.141908430057, 0.0307380191855, 0.242722429575, 0.304181202566, 0.013686703403, 3.14976192986
0.013686703403, 0.4344901292, 0.0997954826684, 0.764894323732, 0.129520211102, 0.412642876275, 0.27883866426, 0.41465509142, 0.00385114059769, 0.450508695108, 0.108055507755, 0.531413774896, 0.877617196623, 0.95067421438, 0.0982392146973, 0.0178048584032, 0.234610083969, 0.172822518965, 0.160991173961, 0.00434899347097, 0.313751541083, 0.0304018906937, 0.00557709222361, 0.134279694423, 0.00188767170375, 0.267229842661, 0.141908430057, 0.0307380191855, 0.242722429575, 0.304181202566, 0.013686703403, 3.14976192986
0.239466694773, 0.396222353509, 0.0319864106962, 0.0801709653925, 0.0576610403535, 0.719051754536, 0.19526001145, 0.0307329712546, 0.363234210805, 0.0907161556422, 0.37326258989, 0.070037592223, 0.361124971156, 0.168375701064, 0.963204453952, 0.596948719523, 0.617835059776, 0.0412525261023, 0.243854645485, 0.137562512073, 0.000255181082836, 0.339892430617, 0.00269563252323, 0.0606777661382, 0.0256586823755, 0.543083854207, 0.123470354364, 0.613793460694, 0.0679272180507, 0.0174629310052, 0.239466694773, 2.39018583675
0.34346765869, 0.469480360897, 0.0345438162749, 0.370218822981, 0.185196062765, 0.00244934209987, 0.27883866426, 0.0533785104531, 0.116722966208, 0.00496944507065, 0.209715232944, 0.0155865013243, 0.192318330109, 0.740559119876, 0.793518675031, 0.220988457851, 0.61308692926, 0.775102475475, 0.00466656120476, 0.0252169978626, 0.354543815964, 0.00829431312726, 0.371241555058, 0.374027412146, 0.549531319268, 0.535960526026, 0.0420587617624, 0.00106387304754, 0.118578842933, 0.0748874270732, 0.34346765869, 2.26808602592
0.652187856863, 0.650098792613, 0.254989485262, 0.285092918032, 0.746096679515, 0.0077971133146, 0.242701666765, 0.998661666231, 0.0314403132949, 0.0269310482418, 0.501062865402, 0.658450340216, 0.179512635738, 0.297867336197, 0.93417091194, 0.130268508295, 0.120333912182, 0.278839093277, 0.00448513267359, 0.194413650771, 0.218805103775, 0.277072166072, 0.415869917809, 0.144339427298, 0.549531319268, 0.00173200004805, 0.266629038708, 0.0167667750266, 0.257053726036, 0.00766047160874, 0.652187856863, 2.14626087019
0.239466694773, 0.396222353509, 0.0319864106962, 0.0801709653925, 0.0576610403535, 0.719051754536, 0.19526001145, 0.0307329712546, 0.363234210805, 0.0907161556422, 0.37326258989, 0.070037592223, 0.361124971156, 0.168375701064, 0.963204453952, 0.596948719523, 0.617835059776, 0.0412525261023, 0.243854645485, 0.137562512073, 0.000255181082836, 0.339892430617, 0.00269563252323, 0.0606777661382, 0.0256586823755, 0.543083854207, 0.123470354364, 0.613793460694, 0.0679272180507, 0.0174629310052, 0.239466694773, 2.39018583675
0.34346765869, 0.469480360897, 0.0345438162749, 0.370218822981, 0.185196062765, 0.00244934209987, 0.27883866426, 0.0533785104531, 0.116722966208, 0.00496944507065, 0.209715232944, 0.0155865013243, 0.192318330109, 0.740559119876, 0.793518675031, 0.220988457851, 0.61308692926, 0.775102475475, 0.00466656120476, 0.0252169978626, 0.354543815964, 0.00829431312726, 0.371241555058, 0.374027412146, 0.549531319268, 0.535960526026, 0.0420587617624, 0.00106387304754, 0.118578842933, 0.0748874270732, 0.34346765869, 2.26808602592
0.652187856863, 0.650098792613, 0.254989485262, 0.285092918032, 0.746096679515, 0.0077971133146, 0.242701666765, 0.998661666231, 0.0314403132949, 0.0269310482418, 0.501062865402, 0.658450340216, 0.179512635738, 0.297867336197, 0.93417091194, 0.130268508295, 0.120333912182, 0.278839093277, 0.00448513267359, 0.194413650771, 0.218805103775, 0.277072166072, 0.415869917809, 0.144339427298, 0.549531319268, 0.00173200004805, 0.266629038708, 0.0167667750266, 0.257053726036, 0.00766047160874, 0.652187856863, 2.14626087019
0.198214899878, 0.149270996708, 0.588395764988, 0.427985501833, 0.0343038581858, 0.412642876275, 0.27883866426, 0.41465509142, 0.000338349551817, 0.27034746608, 0.179469347291, 0.862003200643, 0.00428434538668, 0.451659477257, 0.84820382866, 0.03654952918, 0.234610083969, 0.444404936508, 0.46034853093, 0.294124863658, 0.313751541083, 0.0248079084649, 0.00557709222361, 0.407195499012, 0.00142493407667, 0.267229842661, 0.0106083229747, 0.0307380191855, 0.242722429575, 0.304181202566, 0.198214899878, 2.6520789092
0.198214899878, 0.149270996708, 0.588395764988, 0.427985501833, 0.0343038581858, 0.412642876275, 0.27883866426, 0.41465509142, 0.000338349551817, 0.27034746608, 0.179469347291, 0.862003200643, 0.00428434538668, 0.451659477257, 0.84820382866, 0.03654952918, 0.234610083969, 0.444404936508, 0.46034853093, 0.294124863658, 0.313751541083, 0.0248079084649, 0.00557709222361, 0.407195499012, 0.00142493407667, 0.267229842661, 0.0106083229747, 0.0307380191855, 0.242722429575, 0.304181202566, 0.198214899878, 2.6520789092
0.65736667544, 0.0311710683118, 0.298189233106, 0.930117970305, 0.15552729122, 0.137014337782, 0.220429290168, 0.0434072660401, 0.371623647887, 0.045395915406, 0.744398893219, 0.413233511594, 0.0154721712476, 0.00363580214043, 0.508195068955, 0.507023416167, 0.0317416627667, 0.223717697098, 0.432797826159, 0.480440297035, 0.354543815964, 0.184726706547, 0.00557709222361, 0.100582963941, 0.0029430825292, 0.227272321568, 0.00924158135427, 0.0570922772167, 0.427743570066, 0.278703478919, 0.65736667544, 1.78640867255
0.65736667544, 0.0311710683118, 0.298189233106, 0.930117970305, 0.15552729122, 0.137014337782, 0.220429290168, 0.0434072660401, 0.371623647887, 0.045395915406, 0.744398893219, 0.413233511594, 0.0154721712476, 0.00363580214043, 0.508195068955, 0.507023416167, 0.0317416627667, 0.223717697098, 0.432797826159, 0.480440297035, 0.354543815964, 0.184726706547, 0.00557709222361, 0.100582963941, 0.0029430825292, 0.227272321568, 0.00924158135427, 0.0570922772167, 0.427743570066, 0.278703478919, 0.65736667544, 1.78640867255
1.40526613769e-05, 0.469480360897, 0.0345438162749, 0.370218822981, 0.185196062765, 0.274239811751, 0.27883866426, 0.0533785104531, 0.116722966208, 0.149652819036, 0.209715232944, 0.0444857686339, 0.192318330109, 0.740559119876, 0.86151749541, 0.220988457851, 0.61308692926, 0.775102475475, 0.00466656120476, 0.163692421117, 0.434197502591, 0.00829431312726, 0.188834272075, 0.374027412146, 0.549531319268, 0.554404846651, 0.0114213829885, 0.00106387304754, 0.118578842933, 0.0748874270732, 1.40526613769e-05, 3.498595444
0.000942133271481, 0.0225258321253, 0.0572434435973, 0.905935827169, 0.0271325693578, 0.652156641714, 0.0323525861348, 0.117995326975, 0.133398007519, 0.160820447078, 0.0231605870009, 0.941812077958, 0.0602426640032, 0.995879418028, 0.135212829743, 0.0178048584032, 0.470603626405, 0.973178797698, 0.453414252964, 0.241628905097, 0.0203705201744, 0.170899807956, 0.319576201508, 0.0279879443957, 0.0153636694841, 0.0773812753158, 0.0124360586384, 0.168417067644, 0.125300680458, 0.734987089465, 0.000942133271481, 3.45478488918
1.40526613769e-05, 0.469480360897, 0.0345438162749, 0.370218822981, 0.185196062765, 0.274239811751, 0.27883866426, 0.0533785104531, 0.116722966208, 0.149652819036, 0.209715232944, 0.0444857686339, 0.192318330109, 0.740559119876, 0.86151749541, 0.220988457851, 0.61308692926, 0.775102475475, 0.00466656120476, 0.163692421117, 0.434197502591, 0.00829431312726, 0.188834272075, 0.374027412146, 0.549531319268, 0.554404846651, 0.0114213829885, 0.00106387304754, 0.118578842933, 0.0748874270732, 1.40526613769e-05, 3.498595444
0.000942133271481, 0.0225258321253, 0.0572434435973, 0.905935827169, 0.0271325693578, 0.652156641714, 0.0323525861348, 0.117995326975, 0.133398007519, 0.160820447078, 0.0231605870009, 0.941812077958, 0.0602426640032, 0.995879418028, 0.135212829743, 0.0178048584032, 0.470603626405, 0.973178797698, 0.453414252964, 0.241628905097, 0.0203705201744, 0.170899807956, 0.319576201508, 0.0279879443957, 0.0153636694841, 0.0773812753158, 0.0124360586384, 0.168417067644, 0.125300680458, 0.734987089465, 0.000942133271481, 3.45478488918
0.186651114846, 0.198236126121, 0.260000453362, 0.213050507054, 0.205378913135, 0.000553693407703, 0.256165037151, 0.992321653327, 0.335296110399, 0.202281286657, 0.236984578719, 0.0515612118882, 0.911217319737, 0.200117206703, 0.757424000073, 0.599982470872, 0.0502526518185, 0.172822518965, 0.17868312027, 0.12041399593, 0.701959119244, 0.0701721373671, 0.77715964892, 0.232018841809, 0.138142337895, 0.503642926642, 0.0036192936431, 0.0227873160847, 0.000497562674119, 0.25919777444, 0.186651114846, 2.85573250426
0.186651114846, 0.198236126121, 0.260000453362, 0.213050507054, 0.205378913135, 0.000553693407703, 0.256165037151, 0.992321653327, 0.335296110399, 0.202281286657, 0.236984578719, 0.0515612118882, 0.911217319737, 0.200117206703, 0.757424000073, 0.599982470872, 0.0502526518185, 0.172822518965, 0.17868312027, 0.12041399593, 0.701959119244, 0.0701721373671, 0.77715964892, 0.232018841809, 0.138142337895, 0.503642926642, 0.0036192936431, 0.0227873160847, 0.000497562674119, 0.25919777444, 0.186651114846, 2.85573250426
0.65736667544, 0.337889912328, 0.298189233106, 0.32469265373, 0.0421107461882, 0.531553178337, 0.00644601605597, 0.0434072660401, 0.221945147092, 0.0232866758271, 0.744398893219, 0.247306587647, 0.0385579582759, 0.316281319514, 0.201076590363, 0.419029819878, 0.0317416627667, 0.607001134824, 0.121119260759, 0.0508031351989, 0.75686746221, 0.170899807956, 0.386076711229, 0.100582963941, 0.0312496504523, 0.359453266265, 0.00942218209011, 0.0570922772167, 0.243529146599, 0.585046668218, 0.65736667544, 1.80207380175
0.65736667544, 0.337889912328, 0.298189233106, 0.32469265373, 0.0421107461882, 0.531553178337, 0.00644601605597, 0.0434072660401, 0.221945147092, 0.0232866758271, 0.744398893219, 0.247306587647, 0.0385579582759, 0.316281319514, 0.201076590363, 0.419029819878, 0.0317416627667, 0.607001134824, 0.121119260759, 0.0508031351989, 0.75686746221, 0.170899807956, 0.386076711229, 0.100582963941, 0.0312496504523, 0.359453266265, 0.00942218209011, 0.0570922772167, 0.243529146599, 0.585046668218, 0.65736667544, 1.80207380175
0.825156434343, 0.149270996708, 0.0997954826684, 0.427985501833, 0.0797240909419, 0.412642876275, 0.27883866426, 0.41465509142, 0.000338349551817, 0.0338802124141, 0.179469347291, 0.862003200643, 0.0866826921208, 0.451659477257, 0.971381647771, 0.713707087903, 0.234610083969, 0.27753121984, 0.46034853093, 0.294124863658, 0.313751541083, 0.0304018906937, 0.00557709222361, 0.424056671759, 0.00188767170375, 0.172638516184, 0.0106083229747, 0.0307380191855, 0.242722429575, 0.77449519189, 0.825156434343, 1.89010506647
0.013686703403, 0.4344901292, 0.62717965286, 0.38977921934, 0.129520211102, 0.412642876275, 0.27883866426, 0.41465509142, 0.00385114059769, 0.450508695108, 0.108055507755, 0.531413774896, 0.877617196623, 0.95067421438, 0.410448103626, 0.0178048584032, 0.234610083969, 0.172822518965, 0.160991173961, 0.0684938053347, 0.313751541083, 0.0304018906937, 0.00557709222361, 0.407195499012, 0.0029430825292, 0.267229842661, 0.141908430057, 0.0307380191855, 0.242722429575, 0.304181202566, 0.013686703403, 3.39104118704
0.0252127488741, 0.0809623878058, 0.746837674916, 0.427985501833, 0.233567203799, 0.663197937078, 0.474553570893, 0.329437628288, 0.116722966208, 0.448885638676, 0.137299452693, 0.352498643654, 0.0801897981975, 0.47498391863, 0.116367660232, 0.659381721833, 0.154378436228, 0.387087395004, 0.160991173961, 0.0750387258347, 0.575209202428, 0.186252775977, 0.161812778151, 0.106022219351, 0.0406476358332, 0.104193926961, 0.703944455078, 0.00450662823615, 0.125868580565, 0.0748874270732, 0.0252127488741, 3.24697506546
0.825156434343, 0.149270996708, 0.0997954826684, 0.427985501833, 0.0797240909419, 0.412642876275, 0.27883866426, 0.41465509142, 0.000338349551817, 0.0338802124141, 0.179469347291, 0.862003200643, 0.0866826921208, 0.451659477257, 0.971381647771, 0.713707087903, 0.234610083969, 0.27753121984, 0.46034853093, 0.294124863658, 0.313751541083, 0.0304018906937, 0.00557709222361, 0.424056671759, 0.00188767170375, 0.172638516184, 0.0106083229747, 0.0307380191855, 0.242722429575, 0.77449519189, 0.825156434343, 1.89010506647
0.013686703403, 0.4344901292, 0.62717965286, 0.38977921934, 0.129520211102, 0.412642876275, 0.27883866426, 0.41465509142, 0.00385114059769, 0.450508695108, 0.108055507755, 0.531413774896, 0.877617196623, 0.95067421438, 0.410448103626, 0.0178048584032, 0.234610083969, 0.172822518965, 0.160991173961, 0.0684938053347, 0.313751541083, 0.0304018906937, 0.00557709222361, 0.407195499012, 0.0029430825292, 0.267229842661, 0.141908430057, 0.0307380191855, 0.242722429575, 0.304181202566, 0.013686703403, 3.39104118704
0.0252127488741, 0.0809623878058, 0.746837674916, 0.427985501833, 0.233567203799, 0.663197937078, 0.474553570893, 0.329437628288, 0.116722966208, 0.448885638676, 0.137299452693, 0.352498643654, 0.0801897981975, 0.47498391863, 0.116367660232, 0.659381721833, 0.154378436228, 0.387087395004, 0.160991173961, 0.0750387258347, 0.575209202428, 0.186252775977, 0.161812778151, 0.106022219351, 0.0406476358332, 0.104193926961, 0.703944455078, 0.00450662823615, 0.125868580565, 0.0748874270732, 0.0252127488741, 3.24697506546
0.198214899878, 0.149270996708, 0.0997954826684, 0.427985501833, 0.0797240909419, 0.412642876275, 0.27883866426, 0.41465509142, 0.000338349551817, 0.27034746608, 0.179469347291, 0.862003200643, 0.107886141274, 0.451659477257, 0.96437051813, 0.0178048584032, 0.234610083969, 0.444404936508, 0.46034853093, 0.294124863658, 0.313751541083, 0.610475261101, 0.00557709222361, 0.133369238135, 0.00188767170375, 0.267229842661, 0.0106083229747, 0.0307380191855, 0.242722429575, 0.304181202566, 0.198214899878, 2.67125620353
0.186651114846, 0.198236126121, 0.260000453362, 0.213050507054, 0.205378913135, 0.000553693407703, 0.256165037151, 0.992321653327, 0.0776382532904, 0.202281286657, 0.236984578719, 0.0515612118882, 0.911217319737, 0.200117206703, 0.99114714884, 0.599982470872, 0.0502526518185, 0.172822518965, 0.17868312027, 0.0112976774384, 0.701959119244, 0.0701721373671, 0.77715964892, 0.232018841809, 0.138142337895, 0.503642926642, 0.0036192936431, 0.0227873160847, 0.000497562674119, 0.682861273049, 0.186651114846, 2.93583499898
0.198214899878, 0.149270996708, 0.0997954826684, 0.427985501833, 0.0797240909419, 0.412642876275, 0.27883866426, 0.41465509142, 0.000338349551817, 0.27034746608, 0.179469347291, 0.862003200643, 0.107886141274, 0.451659477257, 0.96437051813, 0.0178048584032, 0.234610083969, 0.444404936508, 0.46034853093, 0.294124863658, 0.313751541083, 0.610475261101, 0.00557709222361, 0.133369238135, 0.00188767170375, 0.267229842661, 0.0106083229747, 0.0307380191855, 0.242722429575, 0.304181202566, 0.198214899878, 2.67125620353
0.186651114846, 0.198236126121, 0.260000453362, 0.213050507054, 0.205378913135, 0.000553693407703, 0.256165037151, 0.992321653327, 0.0776382532904, 0.202281286657, 0.236984578719, 0.0515612118882, 0.911217319737, 0.200117206703, 0.99114714884, 0.599982470872, 0.0502526518185, 0.172822518965, 0.17868312027, 0.0112976774384, 0.701959119244, 0.0701721373671, 0.77715964892, 0.232018841809, 0.138142337895, 0.503642926642, 0.0036192936431, 0.0227873160847, 0.000497562674119, 0.682861273049, 0.186651114846, 2.93583499898
0.34346765869, 0.469480360897, 0.0345438162749, 0.370218822981, 0.185196062765, 0.011961894298, 0.27883866426, 0.0533785104531, 0.116722966208, 0.00496944507065, 0.209715232944, 0.0444857686339, 0.551416595029, 0.0046993798042, 0.793518675031, 0.220988457851, 0.61308692926, 0.775102475475, 0.00466656120476, 0.163692421117, 0.354543815964, 0.277072166072, 0.188834272075, 0.374027412146, 0.549531319268, 0.535960526026, 0.439247862534, 0.00106387304754, 0.118578842933, 0.0748874270732, 0.34346765869, 2.34209974657
0.383064469954, 0.0286884812514, 0.254989485262, 0.26366029792, 0.867864431901, 0.00635605937789, 0.242701666765, 0.999400203914, 0.704203762403, 0.0269310482418, 0.145914269625, 0.723350936183, 0.570808046688, 0.740559119876, 0.792412120212, 0.0933247671295, 0.120333912182, 0.278839093277, 0.00466656120476, 0.0491681012167, 0.448103151483, 0.00829431312726, 0.149061382338, 0.144339427298, 0.134074378497, 0.00173200004805, 0.0420587617624, 0.0196613219486, 0.0220237746395, 0.00766047160874, 0.383064469954, 2.29955941458
0.34346765869, 0.469480360897, 0.0345438162749, 0.370218822981, 0.185196062765, 0.011961894298, 0.27883866426, 0.0533785104531, 0.116722966208, 0.00496944507065, 0.209715232944, 0.0444857686339, 0.551416595029, 0.0046993798042, 0.793518675031, 0.220988457851, 0.61308692926, 0.775102475475, 0.00466656120476, 0.163692421117, 0.354543815964, 0.277072166072, 0.188834272075, 0.374027412146, 0.549531319268, 0.535960526026, 0.439247862534, 0.00106387304754, 0.118578842933, 0.0748874270732, 0.34346765869, 2.34209974657
0.383064469954, 0.0286884812514, 0.254989485262, 0.26366029792, 0.867864431901, 0.00635605937789, 0.242701666765, 0.999400203914, 0.704203762403, 0.0269310482418, 0.145914269625, 0.723350936183, 0.570808046688, 0.740559119876, 0.792412120212, 0.0933247671295, 0.120333912182, 0.278839093277, 0.00466656120476, 0.0491681012167, 0.448103151483, 0.00829431312726, 0.149061382338, 0.144339427298, 0.134074378497, 0.00173200004805, 0.0420587617624, 0.0196613219486, 0.0220237746395, 0.00766047160874, 0.383064469954, 2.29955941458
0.186651114846, 0.487863123862, 0.260000453362, 0.213050507054, 0.205378913135, 0.000553693407703, 0.256165037151, 0.992321653327, 0.0948302777742, 0.202281286657, 0.236984578719, 0.0515612118882, 0.812931208425, 0.200117206703, 0.379663508416, 0.599982470872, 0.0502526518185, 0.172822518965, 0.17868312027, 0.329732261754, 0.701959119244, 0.286967111058, 0.77715964892, 0.232018841809, 0.138142337895, 0.503642926642, 0.0036192936431, 0.0227873160847, 0.000497562674119, 0.682861273049, 0.186651114846, 2.97233538697
7.05109004301e-05, 0.0644657216109, 0.0345438162749, 0.385541396488, 0.0750558038256, 0.115671419225, 0.0600983382689, 0.0533785104531, 0.645410489645, 0.816413255951, 0.860539072783, 0.963252190743, 0.0509479958964, 0.187710303147, 0.85354431614, 0.339678306975, 0.271309030029, 0.00075919247248, 0.998924237816, 0.111712291737, 0.301982345584, 0.799117833926, 0.697598872011, 0.402414831473, 0.123075245775, 0.208658752764, 0.374989805002, 0.202815363782, 0.141849987329, 0.762177616735, 7.05109004301e-05, 4.36630556477
0.000348710465058, 0.0297831703231, 0.226889420405, 0.144346382438, 0.205378913135, 0.573143365217, 0.151040975465, 0.140726642906, 0.877507898561, 0.160820447078, 0.0202042676275, 0.0541406161887, 0.10904456106, 0.657410653154, 0.84325853564, 0.0136118992676, 0.49547874127, 0.542677715408, 0.0116090091533, 0.305337858364, 0.247921444857, 0.170899807956, 0.739512626824, 0.514385497926, 0.123075245775, 0.503642926642, 0.0339253047147, 0.468439443188, 0.116845224932, 0.762177616735, 0.000348710465058, 3.83186156811
0.186651114846, 0.487863123862, 0.260000453362, 0.213050507054, 0.205378913135, 0.000553693407703, 0.256165037151, 0.992321653327, 0.0948302777742, 0.202281286657, 0.236984578719, 0.0515612118882, 0.812931208425, 0.200117206703, 0.379663508416, 0.599982470872, 0.0502526518185, 0.172822518965, 0.17868312027, 0.329732261754, 0.701959119244, 0.286967111058, 0.77715964892, 0.232018841809, 0.138142337895, 0.503642926642, 0.0036192936431, 0.0227873160847, 0.000497562674119, 0.682861273049, 0.186651114846, 2.97233538697
7.05109004301e-05, 0.0644657216109, 0.0345438162749, 0.385541396488, 0.0750558038256, 0.115671419225, 0.0600983382689, 0.0533785104531, 0.645410489645, 0.816413255951, 0.860539072783, 0.963252190743, 0.0509479958964, 0.187710303147, 0.85354431614, 0.339678306975, 0.271309030029, 0.00075919247248, 0.998924237816, 0.111712291737, 0.301982345584, 0.799117833926, 0.697598872011, 0.402414831473, 0.123075245775, 0.208658752764, 0.374989805002, 0.202815363782, 0.141849987329, 0.762177616735, 7.05109004301e-05, 4.36630556477
0.000348710465058, 0.0297831703231, 0.226889420405, 0.144346382438, 0.205378913135, 0.573143365217, 0.151040975465, 0.140726642906, 0.877507898561, 0.160820447078, 0.0202042676275, 0.0541406161887, 0.10904456106, 0.657410653154, 0.84325853564, 0.0136118992676, 0.49547874127, 0.542677715408, 0.0116090091533, 0.305337858364, 0.247921444857, 0.170899807956, 0.739512626824, 0.514385497926, 0.123075245775, 0.503642926642, 0.0339253047147, 0.468439443188, 0.116845224932, 0.762177616735, 0.000348710465058, 3.83186156811
0.65736667544, 0.337889912328, 0.298189233106, 0.32469265373, 0.0421107461882, 0.531553178337, 0.00644601605597, 0.0678103596879, 0.245021463384, 0.0852887531945, 0.744398893219, 0.0515612118882, 0.0385579582759, 0.384986927118, 0.298704227896, 0.503069033398, 0.0317416627667, 0.223717697098, 0.0792926717896, 0.528915551264, 0.354543815964, 0.170899807956, 0.386076711229, 0.713132874916, 0.329674296999, 0.497591436113, 0.00942218209011, 0.0570922772167, 0.427743570066, 0.00381522569268, 0.65736667544, 1.91482684436
0.0252127488741, 0.0809623878058, 0.746837674916, 0.427985501833, 0.233567203799, 0.663197937078, 0.474553570893, 0.329437628288, 0.116722966208, 0.448885638676, 0.137299452693, 0.352498643654, 0.0801897981975, 0.662501328981, 0.116367660232, 0.659381721833, 0.154378436228, 0.301946120559, 0.160991173961, 0.0750387258347, 0.879642928595, 0.148586583917, 0.171965718893, 0.106022219351, 0.0406476358332, 0.104193926961, 0.703944455078, 0.00450662823615, 0.125868580565, 0.0748874270732, 0.0252127488741, 3.35976542515
0.65736667544, 0.337889912328, 0.298189233106, 0.32469265373, 0.0421107461882, 0.531553178337, 0.00644601605597, 0.0678103596879, 0.245021463384, 0.0852887531945, 0.744398893219, 0.0515612118882, 0.0385579582759, 0.384986927118, 0.298704227896, 0.503069033398, 0.0317416627667, 0.223717697098, 0.0792926717896, 0.528915551264, 0.354543815964, 0.170899807956, 0.386076711229, 0.713132874916, 0.329674296999, 0.497591436113, 0.00942218209011, 0.0570922772167, 0.427743570066, 0.00381522569268, 0.65736667544, 1.91482684436
0.0252127488741, 0.0809623878058, 0.746837674916, 0.427985501833, 0.233567203799, 0.663197937078, 0.474553570893, 0.329437628288, 0.116722966208, 0.448885638676, 0.137299452693, 0.352498643654, 0.0801897981975, 0.662501328981, 0.116367660232, 0.659381721833, 0.154378436228, 0.301946120559, 0.160991173961, 0.0750387258347, 0.879642928595, 0.148586583917, 0.171965718893, 0.106022219351, 0.0406476358332, 0.104193926961, 0.703944455078, 0.00450662823615, 0.125868580565, 0.0748874270732, 0.0252127488741, 3.35976542515
0.198214899878, 0.149270996708, 0.588395764988, 0.40327371852, 0.129520211102, 0.412642876275, 0.27883866426, 0.41465509142, 0.000338349551817, 0.27034746608, 0.179469347291, 0.862003200643, 0.00428434538668, 0.36538203013, 0.84820382866, 0.0178048584032, 0.234610083969, 0.444404936508, 0.46034853093, 0.294124863658, 0.313751541083, 0.0304018906937, 0.00557709222361, 0.407195499012, 0.00142493407667, 0.267229842661, 0.11249390752, 0.0307380191855, 0.242722429575, 0.304181202566, 0.198214899878, 2.67202579288
7.05109004301e-05, 0.0644657216109, 0.0164240885492, 0.385541396488, 0.085462115194, 0.115671419225, 0.100197965084, 0.0533785104531, 0.974349867294, 0.816413255951, 0.642682979268, 0.963252190743, 0.0509479958964, 0.610257894987, 0.940365693676, 0.369141606519, 0.334318106065, 0.542677715408, 0.000546679042832, 0.111712291737, 0.247921444857, 0.799117833926, 0.914932593617, 0.475650237859, 0.134074378497, 0.271438196542, 0.374989805002, 0.202815363782, 0.542031521577, 0.762177616735, 7.05109004301e-05, 4.67582813228
0.198214899878, 0.149270996708, 0.588395764988, 0.40327371852, 0.129520211102, 0.412642876275, 0.27883866426, 0.41465509142, 0.000338349551817, 0.27034746608, 0.179469347291, 0.862003200643, 0.00428434538668, 0.36538203013, 0.84820382866, 0.0178048584032, 0.234610083969, 0.444404936508, 0.46034853093, 0.294124863658, 0.313751541083, 0.0304018906937, 0.00557709222361, 0.407195499012, 0.00142493407667, 0.267229842661, 0.11249390752, 0.0307380191855, 0.242722429575, 0.304181202566, 0.198214899878, 2.67202579288
7.05109004301e-05, 0.0644657216109, 0.0164240885492, 0.385541396488, 0.085462115194, 0.115671419225, 0.100197965084, 0.0533785104531, 0.974349867294, 0.816413255951, 0.642682979268, 0.963252190743, 0.0509479958964, 0.610257894987, 0.940365693676, 0.369141606519, 0.334318106065, 0.542677715408, 0.000546679042832, 0.111712291737, 0.247921444857, 0.799117833926, 0.914932593617, 0.475650237859, 0.134074378497, 0.271438196542, 0.374989805002, 0.202815363782, 0.542031521577, 0.762177616735, 7.05109004301e-05, 4.67582813228
0.0395438336456, 0.149270996708, 0.746837674916, 0.454035008439, 0.118018317717, 0.329290760192, 0.474553570893, 0.0199547562642, 0.116722966208, 0.448885638676, 0.0345911440664, 0.352498643654, 0.0329884916988, 0.35294391324, 0.0607578901795, 0.363714551901, 0.780819290279, 0.724398979096, 0.257711133866, 0.0750387258347, 0.11476621939, 0.186252775977, 0.0495655555649, 0.407195499012, 0.0406476358332, 0.593411980995, 0.0106083229747, 0.000321192886808, 0.43585572808, 0.586202492314, 0.0395438336456, 3.20507716663
0.694546120481, 0.0311710683118, 0.298189233106, 0.930117970305, 0.15552729122, 0.137014337782, 0.220429290168, 0.0434072660401, 0.577182723761, 0.045395915406, 0.744398893219, 0.866301021992, 0.0385579582759, 0.219739234202, 0.508195068955, 0.729769784455, 0.0317416627667, 0.000199291192324, 0.432797826159, 0.228767130893, 0.354543815964, 0.184726706547, 0.00557709222361, 0.100582963941, 0.100856967904, 0.227272321568, 0.00924158135427, 0.0570922772167, 0.427743570066, 0.278703478919, 0.694546120481, 1.92390891201
7.05109004301e-05, 0.0644657216109, 0.0345438162749, 0.385541396488, 0.085462115194, 0.223858587389, 0.100197965084, 0.0533785104531, 0.974349867294, 0.816413255951, 0.412603963454, 0.963252190743, 0.0509479958964, 0.187710303147, 0.940365693676, 0.369141606519, 0.934209585429, 0.542677715408, 0.223329447465, 0.111712291737, 0.247921444857, 0.799117833926, 0.590155532907, 0.475650237859, 0.134074378497, 0.208658752764, 0.374989805002, 0.202815363782, 0.772316201007, 0.74115019745, 7.05109004301e-05, 4.71239511987
0.0395438336456, 0.149270996708, 0.746837674916, 0.454035008439, 0.118018317717, 0.329290760192, 0.474553570893, 0.0199547562642, 0.116722966208, 0.448885638676, 0.0345911440664, 0.352498643654, 0.0329884916988, 0.35294391324, 0.0607578901795, 0.363714551901, 0.780819290279, 0.724398979096, 0.257711133866, 0.0750387258347, 0.11476621939, 0.186252775977, 0.0495655555649, 0.407195499012, 0.0406476358332, 0.593411980995, 0.0106083229747, 0.000321192886808, 0.43585572808, 0.586202492314, 0.0395438336456, 3.20507716663
0.694546120481, 0.0311710683118, 0.298189233106, 0.930117970305, 0.15552729122, 0.137014337782, 0.220429290168, 0.0434072660401, 0.577182723761, 0.045395915406, 0.744398893219, 0.866301021992, 0.0385579582759, 0.219739234202, 0.508195068955, 0.729769784455, 0.0317416627667, 0.000199291192324, 0.432797826159, 0.228767130893, 0.354543815964, 0.184726706547, 0.00557709222361, 0.100582963941, 0.100856967904, 0.227272321568, 0.00924158135427, 0.0570922772167, 0.427743570066, 0.278703478919, 0.694546120481, 1.92390891201
7.05109004301e-05, 0.0644657216109, 0.0345438162749, 0.385541396488, 0.085462115194, 0.223858587389, 0.100197965084, 0.0533785104531, 0.974349867294, 0.816413255951, 0.412603963454, 0.963252190743, 0.0509479958964, 0.187710303147, 0.940365693676, 0.369141606519, 0.934209585429, 0.542677715408, 0.223329447465, 0.111712291737, 0.247921444857, 0.799117833926, 0.590155532907, 0.475650237859, 0.134074378497, 0.208658752764, 0.374989805002, 0.202815363782, 0.772316201007, 0.74115019745, 7.05109004301e-05, 4.71239511987
0.000942133271481, 0.0138607880435, 0.0572434435973, 0.905935827169, 0.0271325693578, 0.652156641714, 0.0323525861348, 0.0533785104531, 0.133398007519, 0.170065404891, 0.0130582846282, 0.941812077958, 0.0424501736476, 0.995879418028, 0.135212829743, 0.0178048584032, 0.470603626405, 0.913512579563, 0.453414252964, 0.305337858364, 0.00506403501134, 0.170899807956, 0.319576201508, 0.0274079078188, 0.713398342147, 0.235553645278, 0.0233162487783, 0.00232165652728, 0.0452618552891, 0.762177616735, 0.000942133271481, 3.62235948181
0.000942133271481, 0.0138607880435, 0.0572434435973, 0.905935827169, 0.0271325693578, 0.652156641714, 0.0323525861348, 0.0533785104531, 0.133398007519, 0.170065404891, 0.0130582846282, 0.941812077958, 0.0424501736476, 0.995879418028, 0.135212829743, 0.0178048584032, 0.470603626405, 0.913512579563, 0.453414252964, 0.305337858364, 0.00506403501134, 0.170899807956, 0.319576201508, 0.0274079078188, 0.713398342147, 0.235553645278, 0.0233162487783, 0.00232165652728, 0.0452618552891, 0.762177616735, 0.000942133271481, 3.62235948181
0.652187856863, 0.650098792613, 0.254989485262, 0.154539848819, 0.636654736207, 0.0077971133146, 0.242701666765, 0.99662322941, 0.681562993065, 0.0269310482418, 0.501062865402, 0.67817280982, 0.375737625179, 0.297867336197, 0.792412120212, 0.18191806573, 0.120333912182, 0.278839093277, 0.00448513267359, 0.0491681012167, 0.218805103775, 0.277072166072, 0.415869917809, 0.0516502754242, 0.549531319268, 0.00173200004805, 0.266629038708, 0.0167667750266, 0.403843606624, 0.00766047160874, 0.652187856863, 2.25509125013
0.652187856863, 0.650098792613, 0.254989485262, 0.154539848819, 0.636654736207, 0.0077971133146, 0.242701666765, 0.99662322941, 0.681562993065, 0.0269310482418, 0.501062865402, 0.67817280982, 0.375737625179, 0.297867336197, 0.792412120212, 0.18191806573, 0.120333912182, 0.278839093277, 0.00448513267359, 0.0491681012167, 0.218805103775, 0.277072166072, 0.415869917809, 0.0516502754242, 0.549531319268, 0.00173200004805, 0.266629038708, 0.0167667750266, 0.403843606624, 0.00766047160874, 0.652187856863, 2.25509125013
0.000942133271481, 0.0225258321253, 0.0572434435973, 0.905935827169, 0.0271325693578, 0.652156641714, 0.0323525861348, 0.117995326975, 0.133398007519, 0.160820447078, 0.0231605870009, 0.941812077958, 0.0602426640032, 0.995879418028, 0.135212829743, 0.0178048584032, 0.470603626405, 0.913512579563, 0.453414252964, 0.305337858364, 0.0253628962284, 0.170899807956, 0.213954415705, 0.0279879443957, 0.0153636694841, 0.235553645278, 0.0233162487783, 0.673563124471, 0.125300680458, 0.734987089465, 0.000942133271481, 3.63259408729
0.000942133271481, 0.0225258321253, 0.0572434435973, 0.905935827169, 0.0271325693578, 0.652156641714, 0.0323525861348, 0.117995326975, 0.133398007519, 0.160820447078, 0.0231605870009, 0.941812077958, 0.0602426640032, 0.995879418028, 0.135212829743, 0.0178048584032, 0.470603626405, 0.913512579563, 0.453414252964, 0.305337858364, 0.0253628962284, 0.170899807956, 0.213954415705, 0.0279879443957, 0.0153636694841, 0.235553645278, 0.0233162487783, 0.673563124471, 0.125300680458, 0.734987089465, 0.000942133271481, 3.63259408729
0.00851873053091, 0.198236126121, 0.260000453362, 0.213050507054, 0.0210059402451, 0.0140559379174, 0.256165037151, 0.999994727632, 0.181706530313, 0.202281286657, 0.160822697486, 0.0515612118882, 0.812931208425, 0.200117206703, 0.0986484412992, 0.120702789037, 0.289392875244, 0.997221931041, 0.121119260759, 0.334642782277, 0.701959119244, 0.43623895831, 0.77715964892, 0.232018841809, 0.0346372631024, 0.922472649367, 0.063678608149, 0.0192367108748, 0.00036294523763, 0.814208848846, 0.00851873053091, 3.77568042189
0.00851873053091, 0.198236126121, 0.260000453362, 0.213050507054, 0.0210059402451, 0.0140559379174, 0.256165037151, 0.999994727632, 0.181706530313, 0.202281286657, 0.160822697486, 0.0515612118882, 0.812931208425, 0.200117206703, 0.0986484412992, 0.120702789037, 0.289392875244, 0.997221931041, 0.121119260759, 0.334642782277, 0.701959119244, 0.43623895831, 0.77715964892, 0.232018841809, 0.0346372631024, 0.922472649367, 0.063678608149, 0.0192367108748, 0.00036294523763, 0.814208848846, 0.00851873053091, 3.77568042189
0.65736667544, 0.192416356625, 0.298189233106, 0.32469265373, 0.0421107461882, 0.531553178337, 0.00644601605597, 0.151155677726, 0.860338452765, 0.0852887531945, 0.744398893219, 0.247306587647, 0.185635392709, 0.384986927118, 0.154659082646, 0.503069033398, 0.0317416627667, 0.607001134824, 0.121119260759, 0.0508031351989, 0.354543815964, 0.170899807956, 0.386076711229, 0.524840973165, 0.0312496504523, 0.359453266265, 0.00942218209011, 0.0570922772167, 0.243529146599, 0.585046668218, 0.65736667544, 2.02928916635
0.000607480261502, 0.614702389112, 0.0207516918176, 0.51018966788, 0.468863246411, 0.562739283833, 0.0100714229527, 0.489369363184, 0.363234210805, 0.000334350205224, 0.420133619906, 0.0165784786714, 0.33022384485, 0.065449376347, 0.124244752339, 0.719833753515, 0.200237026493, 0.990905134161, 0.321681772428, 0.159487668913, 0.357002847793, 0.197336388707, 0.726743251598, 0.060149707938, 0.274979547653, 0.424865330891, 0.015096596509, 0.418913108989, 0.214023463682, 0.322228626046, 0.000607480261502, 3.8685738446
