0.582821294876, 0.337889912328, 0.298189233106, 0.32469265373, 0.0421107461882, 0.531553178337, 0.00644601605597, 0.0678103596879, 0.245021463384, 0.0518108208268, 0.744398893219, 0.049983849354, 0.0794769261868, 0.384986927118, 0.293677694585, 0.503069033398, 0.00587562429866, 0.223717697098, 0.0193311578203, 0.0508031351989, 0.354543815964, 0.170899807956, 0.386076711229, 0.713132874916, 0.329674296999, 0.497591436113, 0.00942218209011, 0.0570922772167, 0.427743570066, 0.00381522569268, 0.582821294876, 1.8641337581
0.013686703403, 0.198236126121, 0.140429669693, 0.764894323732, 0.129520211102, 0.412642876275, 0.513550197072, 0.41465509142, 0.00385114059769, 0.27034746608, 0.108055507755, 0.300751527715, 0.877617196623, 0.874939015564, 0.143756358857, 0.0178048584032, 0.0135453792838, 0.032831958981, 0.160991173961, 0.0684938053347, 0.313751541083, 0.0304018906937, 0.00557709222361, 0.407195499012, 0.00188767170375, 0.267229842661, 0.141908430057, 0.232602352053, 0.242722429575, 0.304181202566, 0.013686703403, 3.08244917319
0.175315635895, 0.198236126121, 0.332796972269, 0.213050507054, 0.205378913135, 0.0140559379174, 0.256165037151, 0.391581477737, 0.481657646874, 0.0395219134953, 0.236984578719, 0.247306587647, 0.812931208425, 0.0623438573048, 0.0986484412992, 0.120702789037, 0.09177893852, 0.064164266598, 0.451545364863, 0.12041399593, 0.701959119244, 0.186252775977, 0.949032039602, 0.232018841809, 0.00280077337817, 0.922472649367, 0.0036192936431, 0.0266151765254, 0.000497562674119, 0.91773626465, 0.175315635895, 2.80679919886
0.239466694773, 0.396222353509, 0.0319864106962, 0.0801709653925, 0.0576610403535, 0.719051754536, 0.19526001145, 0.0307329712546, 0.363234210805, 0.0907161556422, 0.37326258989, 0.070037592223, 0.0215672734241, 0.168375701064, 0.963204453952, 0.596948719523, 0.617835059776, 0.0276879826586, 0.243854645485, 0.137562512073, 0.0384021050675, 0.0399367468725, 0.00269563252323, 0.013373536542, 0.151473053224, 0.251001235899, 0.123470354364, 0.613793460694, 0.0679272180507, 0.0174629310052, 0.239466694773, 2.16853325254
0.184098205804, 0.487863123862, 0.324919514302, 0.613580028406, 0.126321247213, 0.829563479371, 0.0264077256066, 0.757219668103, 0.0264767497365, 0.1328242812, 0.163917788063, 0.070037592223, 0.00627858227176, 0.0132928969069, 0.736457178061, 0.0363640428216, 0.0671780108169, 0.583276034878, 0.644157287723, 0.110069010575, 3.83193724295e-05, 0.0252324033776, 0.00557709222361, 0.0211640492691, 0.486878791029, 0.284090062501, 0.0166319238471, 0.991085814578, 0.175576736345, 0.245009351482, 0.184098205804, 2.68408492582
0.510863220273, 0.0286884812514, 0.254989485262, 0.32469265373, 0.966009689066, 0.011961894298, 0.242701666765, 0.538464836128, 0.710555700177, 0.0269310482418, 0.145914269625, 0.723350936183, 0.938063397659, 0.0046993798042, 0.293677694585, 0.0728369651514, 0.120333912182, 0.278839093277, 0.00668980954628, 0.0491681012167, 0.448103151483, 0.277072166072, 0.149061382338, 0.144339427298, 0.134074378497, 0.00173200004805, 0.328119103459, 0.0196613219486, 0.0136025639628, 0.000487535578017, 0.510863220273, 1.96267146161
0.0697926597252, 0.487863123862, 0.747605663696, 0.454035008439, 0.126321247213, 0.140906269518, 0.00657276580695, 0.757219668103, 0.0264767497365, 0.0598222353413, 0.0805993648662, 0.127896765082, 0.0215672734241, 0.000105790755049, 0.700513488577, 0.0539253652963, 0.0764691035647, 0.39322691756, 0.428195394653, 0.0750387258347, 0.00852215143478, 0.233417221253, 0.464617913243, 0.0130678563771, 0.28736694803, 0.258266934639, 0.0166319238471, 0.999994336642, 0.117650569098, 0.7948275303, 0.0697926597252, 2.97783413476
0.65736667544, 0.0644657216109, 0.0997954826684, 0.318510935157, 0.15552729122, 0.137014337782, 0.220429290168, 0.0434072660401, 0.371623647887, 0.045395915406, 0.744398893219, 0.247306587647, 0.0385579582759, 0.412894558385, 0.226668979018, 0.503069033398, 0.0300172417152, 0.223717697098, 0.533580808204, 0.0406324516139, 0.354543815964, 0.013870628495, 0.00557709222361, 0.0908902870557, 0.00188767170375, 0.227272321568, 0.00924158135427, 0.0570922772167, 0.280521431936, 0.278703478919, 0.65736667544, 1.43780490823
0.34346765869, 0.469480360897, 0.0345438162749, 0.370218822981, 0.185196062765, 0.00244934209987, 0.27883866426, 0.0533785104531, 0.116722966208, 0.00496944507065, 0.501062865402, 0.0155865013243, 0.192318330109, 0.740559119876, 0.793518675031, 0.220988457851, 0.187246838955, 0.278839093277, 0.00466656120476, 0.0252169978626, 0.354543815964, 0.277072166072, 0.371241555058, 0.0805684120226, 0.549531319268, 0.535960526026, 0.0420587617624, 0.00106387304754, 0.118578842933, 0.0146282295184, 0.34346765869, 2.08220506886
1.40526613769e-05, 0.469480360897, 0.0345438162749, 0.370218822981, 0.185196062765, 0.274239811751, 0.27883866426, 0.0533785104531, 0.116722966208, 0.303130304211, 0.209715232944, 0.0444857686339, 0.192318330109, 0.740559119876, 0.86151749541, 0.220988457851, 0.61308692926, 0.775102475475, 0.00466656120476, 0.163692421117, 0.434197502591, 0.00829431312726, 0.188834272075, 0.151679042415, 0.043662755892, 0.554404846651, 0.0114213829885, 0.00106387304754, 0.118578842933, 0.0748874270732, 1.40526613769e-05, 3.32040891953
0.198214899878, 0.149270996708, 0.0997954826684, 0.427985501833, 0.0797240909419, 0.000553693407703, 0.27883866426, 0.41465509142, 0.000338349551817, 0.27034746608, 0.179469347291, 0.862003200643, 0.107886141274, 0.451659477257, 0.96437051813, 0.0178048584032, 0.234610083969, 0.444404936508, 0.46034853093, 0.294124863658, 0.147659759834, 0.610475261101, 0.00557709222361, 0.133369238135, 0.00188767170375, 0.267229842661, 0.0106083229747, 0.0307380191855, 0.242722429575, 0.073096344184, 0.198214899878, 2.45052370237
0.582821294876, 0.337889912328, 0.298189233106, 0.32469265373, 0.0421107461882, 0.531553178337, 0.00644601605597, 0.0678103596879, 0.245021463384, 0.0518108208268, 0.744398893219, 0.049983849354, 0.0794769261868, 0.384986927118, 0.293677694585, 0.503069033398, 0.00587562429866, 0.223717697098, 0.0193311578203, 0.0508031351989, 0.354543815964, 0.170899807956, 0.386076711229, 0.713132874916, 0.329674296999, 0.497591436113, 0.00942218209011, 0.0570922772167, 0.427743570066, 0.00381522569268, 0.582821294876, 1.8641337581
0.013686703403, 0.198236126121, 0.140429669693, 0.764894323732, 0.129520211102, 0.412642876275, 0.513550197072, 0.41465509142, 0.00385114059769, 0.27034746608, 0.108055507755, 0.300751527715, 0.877617196623, 0.874939015564, 0.143756358857, 0.0178048584032, 0.0135453792838, 0.032831958981, 0.160991173961, 0.0684938053347, 0.313751541083, 0.0304018906937, 0.00557709222361, 0.407195499012, 0.00188767170375, 0.267229842661, 0.141908430057, 0.232602352053, 0.242722429575, 0.304181202566, 0.013686703403, 3.08244917319
0.175315635895, 0.198236126121, 0.332796972269, 0.213050507054, 0.205378913135, 0.0140559379174, 0.256165037151, 0.391581477737, 0.481657646874, 0.0395219134953, 0.236984578719, 0.247306587647, 0.812931208425, 0.0623438573048, 0.0986484412992, 0.120702789037, 0.09177893852, 0.064164266598, 0.451545364863, 0.12041399593, 0.701959119244, 0.186252775977, 0.949032039602, 0.232018841809, 0.00280077337817, 0.922472649367, 0.0036192936431, 0.0266151765254, 0.000497562674119, 0.91773626465, 0.175315635895, 2.80679919886
0.239466694773, 0.396222353509, 0.0319864106962, 0.0801709653925, 0.0576610403535, 0.719051754536, 0.19526001145, 0.0307329712546, 0.363234210805, 0.0907161556422, 0.37326258989, 0.070037592223, 0.0215672734241, 0.168375701064, 0.963204453952, 0.596948719523, 0.617835059776, 0.0276879826586, 0.243854645485, 0.137562512073, 0.0384021050675, 0.0399367468725, 0.00269563252323, 0.013373536542, 0.151473053224, 0.251001235899, 0.123470354364, 0.613793460694, 0.0679272180507, 0.0174629310052, 0.239466694773, 2.16853325254
0.184098205804, 0.487863123862, 0.324919514302, 0.613580028406, 0.126321247213, 0.829563479371, 0.0264077256066, 0.757219668103, 0.0264767497365, 0.1328242812, 0.163917788063, 0.070037592223, 0.00627858227176, 0.0132928969069, 0.736457178061, 0.0363640428216, 0.0671780108169, 0.583276034878, 0.644157287723, 0.110069010575, 3.83193724295e-05, 0.0252324033776, 0.00557709222361, 0.0211640492691, 0.486878791029, 0.284090062501, 0.0166319238471, 0.991085814578, 0.175576736345, 0.245009351482, 0.184098205804, 2.68408492582
0.510863220273, 0.0286884812514, 0.254989485262, 0.32469265373, 0.966009689066, 0.011961894298, 0.242701666765, 0.538464836128, 0.710555700177, 0.0269310482418, 0.145914269625, 0.723350936183, 0.938063397659, 0.0046993798042, 0.293677694585, 0.0728369651514, 0.120333912182, 0.278839093277, 0.00668980954628, 0.0491681012167, 0.448103151483, 0.277072166072, 0.149061382338, 0.144339427298, 0.134074378497, 0.00173200004805, 0.328119103459, 0.0196613219486, 0.0136025639628, 0.000487535578017, 0.510863220273, 1.96267146161
0.0697926597252, 0.487863123862, 0.747605663696, 0.454035008439, 0.126321247213, 0.140906269518, 0.00657276580695, 0.757219668103, 0.0264767497365, 0.0598222353413, 0.0805993648662, 0.127896765082, 0.0215672734241, 0.000105790755049, 0.700513488577, 0.0539253652963, 0.0764691035647, 0.39322691756, 0.428195394653, 0.0750387258347, 0.00852215143478, 0.233417221253, 0.464617913243, 0.0130678563771, 0.28736694803, 0.258266934639, 0.0166319238471, 0.999994336642, 0.117650569098, 0.7948275303, 0.0697926597252, 2.97783413476
0.65736667544, 0.0644657216109, 0.0997954826684, 0.318510935157, 0.15552729122, 0.137014337782, 0.220429290168, 0.0434072660401, 0.371623647887, 0.045395915406, 0.744398893219, 0.247306587647, 0.0385579582759, 0.412894558385, 0.226668979018, 0.503069033398, 0.0300172417152, 0.223717697098, 0.533580808204, 0.0406324516139, 0.354543815964, 0.013870628495, 0.00557709222361, 0.0908902870557, 0.00188767170375, 0.227272321568, 0.00924158135427, 0.0570922772167, 0.280521431936, 0.278703478919, 0.65736667544, 1.43780490823
0.34346765869, 0.469480360897, 0.0345438162749, 0.370218822981, 0.185196062765, 0.00244934209987, 0.27883866426, 0.0533785104531, 0.116722966208, 0.00496944507065, 0.501062865402, 0.0155865013243, 0.192318330109, 0.740559119876, 0.793518675031, 0.220988457851, 0.187246838955, 0.278839093277, 0.00466656120476, 0.0252169978626, 0.354543815964, 0.277072166072, 0.371241555058, 0.0805684120226, 0.549531319268, 0.535960526026, 0.0420587617624, 0.00106387304754, 0.118578842933, 0.0146282295184, 0.34346765869, 2.08220506886
1.40526613769e-05, 0.469480360897, 0.0345438162749, 0.370218822981, 0.185196062765, 0.274239811751, 0.27883866426, 0.0533785104531, 0.116722966208, 0.303130304211, 0.209715232944, 0.0444857686339, 0.192318330109, 0.740559119876, 0.86151749541, 0.220988457851, 0.61308692926, 0.775102475475, 0.00466656120476, 0.163692421117, 0.434197502591, 0.00829431312726, 0.188834272075, 0.151679042415, 0.043662755892, 0.554404846651, 0.0114213829885, 0.00106387304754, 0.118578842933, 0.0748874270732, 1.40526613769e-05, 3.32040891953
0.198214899878, 0.149270996708, 0.0997954826684, 0.427985501833, 0.0797240909419, 0.000553693407703, 0.27883866426, 0.41465509142, 0.000338349551817, 0.27034746608, 0.179469347291, 0.862003200643, 0.107886141274, 0.451659477257, 0.96437051813, 0.0178048584032, 0.234610083969, 0.444404936508, 0.46034853093, 0.294124863658, 0.147659759834, 0.610475261101, 0.00557709222361, 0.133369238135, 0.00188767170375, 0.267229842661, 0.0106083229747, 0.0307380191855, 0.242722429575, 0.073096344184, 0.198214899878, 2.45052370237
0.175315635895, 0.198236126121, 0.287678923431, 0.213050507054, 0.205378913135, 0.0140559379174, 0.256165037151, 0.391581477737, 0.481657646874, 0.0395219134953, 0.236984578719, 0.247306587647, 0.756824890849, 0.0453536148459, 0.0986484412992, 0.0185222755158, 0.289392875244, 0.064164266598, 0.818156109915, 0.12041399593, 0.701959119244, 0.186252775977, 0.949032039602, 0.232018841809, 0.000351794574972, 0.922472649367, 0.0036192936431, 0.0266151765254, 0.000497562674119, 0.7948275303, 0.175315635895, 2.86715596864
0.175315635895, 0.198236126121, 0.287678923431, 0.213050507054, 0.205378913135, 0.0140559379174, 0.256165037151, 0.391581477737, 0.481657646874, 0.0395219134953, 0.236984578719, 0.247306587647, 0.756824890849, 0.0453536148459, 0.0986484412992, 0.0185222755158, 0.289392875244, 0.064164266598, 0.818156109915, 0.12041399593, 0.701959119244, 0.186252775977, 0.949032039602, 0.232018841809, 0.000351794574972, 0.922472649367, 0.0036192936431, 0.0266151765254, 0.000497562674119, 0.7948275303, 0.175315635895, 2.86715596864
0.184098205804, 0.487863123862, 0.324919514302, 0.613580028406, 0.126321247213, 0.860964836863, 0.0264077256066, 0.757219668103, 0.0264767497365, 0.1328242812, 0.163917788063, 0.070037592223, 0.00627858227176, 0.0132928969069, 0.736457178061, 0.0363640428216, 0.0764691035647, 0.583276034878, 0.644157287723, 0.110069010575, 0.0384021050675, 0.0252324033776, 0.00557709222361, 0.193633334255, 0.486878791029, 0.284090062501, 0.0166319238471, 0.991085814578, 0.175576736345, 0.245009351482, 0.184098205804, 2.75322378417
0.184098205804, 0.487863123862, 0.324919514302, 0.613580028406, 0.126321247213, 0.860964836863, 0.0264077256066, 0.757219668103, 0.0264767497365, 0.1328242812, 0.163917788063, 0.070037592223, 0.00627858227176, 0.0132928969069, 0.736457178061, 0.0363640428216, 0.0764691035647, 0.583276034878, 0.644157287723, 0.110069010575, 0.0384021050675, 0.0252324033776, 0.00557709222361, 0.193633334255, 0.486878791029, 0.284090062501, 0.0166319238471, 0.991085814578, 0.175576736345, 0.245009351482, 0.184098205804, 2.75322378417
0.198214899878, 0.149270996708, 0.0997954826684, 0.427985501833, 0.0145169961319, 0.412642876275, 0.256165037151, 0.41465509142, 0.000338349551817, 0.27034746608, 0.179469347291, 0.862003200643, 0.107886141274, 0.451659477257, 0.96437051813, 0.0178048584032, 0.234610083969, 0.444404936508, 0.46034853093, 0.294124863658, 0.313751541083, 0.610475261101, 0.00557709222361, 0.133369238135, 0.00188767170375, 0.267229842661, 0.0106083229747, 0.0307380191855, 0.242722429575, 0.304181202566, 0.198214899878, 2.64723222165
0.198214899878, 0.149270996708, 0.0997954826684, 0.427985501833, 0.0145169961319, 0.412642876275, 0.256165037151, 0.41465509142, 0.000338349551817, 0.27034746608, 0.179469347291, 0.862003200643, 0.107886141274, 0.451659477257, 0.96437051813, 0.0178048584032, 0.234610083969, 0.444404936508, 0.46034853093, 0.294124863658, 0.313751541083, 0.610475261101, 0.00557709222361, 0.133369238135, 0.00188767170375, 0.267229842661, 0.0106083229747, 0.0307380191855, 0.242722429575, 0.304181202566, 0.198214899878, 2.64723222165
0.239466694773, 0.396222353509, 0.0319864106962, 0.0801709653925, 0.0576610403535, 0.762201516465, 0.19526001145, 0.0307329712546, 0.363234210805, 0.448885638676, 0.37326258989, 0.070037592223, 0.0215672734241, 0.168375701064, 0.998304213923, 0.596948719523, 0.817381031653, 0.0412525261023, 0.243854645485, 0.137562512073, 0.000255181082836, 0.339892430617, 0.00269563252323, 0.0606777661382, 0.151473053224, 0.251001235899, 0.123470354364, 0.613793460694, 0.0679272180507, 0.0174629310052, 0.239466694773, 2.42513069372
0.652187856863, 0.650098792613, 0.254989485262, 0.285092918032, 0.205378913135, 0.0077971133146, 0.242701666765, 0.995501335204, 0.0314403132949, 0.0269310482418, 0.561262563915, 0.950369827495, 0.179512635738, 0.297867336197, 0.93417091194, 0.130268508295, 0.120333912182, 0.278839093277, 0.00448513267359, 0.0491681012167, 0.218805103775, 0.170899807956, 0.0170825501773, 0.407195499012, 0.330840474248, 0.00173200004805, 0.266629038708, 0.0167667750266, 0.257053726036, 0.00766047160874, 0.652187856863, 1.95154588031
0.198214899878, 0.149270996708, 0.588395764988, 0.40327371852, 0.129520211102, 0.412642876275, 0.27883866426, 0.41465509142, 0.000338349551817, 0.27034746608, 0.152640580152, 0.862003200643, 0.00365895556723, 0.36538203013, 0.84820382866, 0.0178048584032, 0.234610083969, 0.444404936508, 0.46034853093, 0.294124863658, 0.313751541083, 0.0304018906937, 0.00557709222361, 0.407195499012, 0.00142493407667, 0.267229842661, 0.11249390752, 0.0307380191855, 0.205697333596, 0.304181202566, 0.198214899878, 2.65439753952
0.239466694773, 0.396222353509, 0.0319864106962, 0.0801709653925, 0.0576610403535, 0.762201516465, 0.19526001145, 0.0307329712546, 0.363234210805, 0.448885638676, 0.37326258989, 0.070037592223, 0.0215672734241, 0.168375701064, 0.998304213923, 0.596948719523, 0.817381031653, 0.0412525261023, 0.243854645485, 0.137562512073, 0.000255181082836, 0.339892430617, 0.00269563252323, 0.0606777661382, 0.151473053224, 0.251001235899, 0.123470354364, 0.613793460694, 0.0679272180507, 0.0174629310052, 0.239466694773, 2.42513069372
0.652187856863, 0.650098792613, 0.254989485262, 0.285092918032, 0.205378913135, 0.0077971133146, 0.242701666765, 0.995501335204, 0.0314403132949, 0.0269310482418, 0.561262563915, 0.950369827495, 0.179512635738, 0.297867336197, 0.93417091194, 0.130268508295, 0.120333912182, 0.278839093277, 0.00448513267359, 0.0491681012167, 0.218805103775, 0.170899807956, 0.0170825501773, 0.407195499012, 0.330840474248, 0.00173200004805, 0.266629038708, 0.0167667750266, 0.257053726036, 0.00766047160874, 0.652187856863, 1.95154588031
0.198214899878, 0.149270996708, 0.588395764988, 0.40327371852, 0.129520211102, 0.412642876275, 0.27883866426, 0.41465509142, 0.000338349551817, 0.27034746608, 0.152640580152, 0.862003200643, 0.00365895556723, 0.36538203013, 0.84820382866, 0.0178048584032, 0.234610083969, 0.444404936508, 0.46034853093, 0.294124863658, 0.313751541083, 0.0304018906937, 0.00557709222361, 0.407195499012, 0.00142493407667, 0.267229842661, 0.11249390752, 0.0307380191855, 0.205697333596, 0.304181202566, 0.198214899878, 2.65439753952
0.65736667544, 0.0427440266666, 0.298189233106, 0.38977921934, 0.112548923133, 0.137014337782, 0.27883866426, 0.0434072660401, 0.371623647887, 0.045395915406, 0.744398893219, 0.247306587647, 0.0385579582759, 0.219739234202, 0.508195068955, 0.503069033398, 0.0317416627667, 0.223717697098, 0.118204390688, 0.228767130893, 0.451321649208, 0.184726706547, 0.00557709222361, 0.0907305943195, 0.000700185302629, 0.0104559020397, 0.00924158135427, 0.0570922772167, 0.427743570066, 0.278703478919, 0.65736667544, 1.51392435466
0.186651114846, 0.198236126121, 0.260000453362, 0.213050507054, 0.135943433688, 0.000553693407703, 0.256165037151, 0.992321653327, 0.335296110399, 0.202281286657, 0.236984578719, 0.0515612118882, 0.911217319737, 0.200117206703, 0.757424000073, 0.599982470872, 0.0502526518185, 0.373676936878, 0.17868312027, 0.12041399593, 0.701959119244, 0.0701721373671, 0.77715964892, 0.0067442452149, 0.138142337895, 0.503642926642, 0.0036192936431, 0.0227873160847, 0.000497562674119, 0.25919777444, 0.186651114846, 2.82988906862
0.65736667544, 0.0427440266666, 0.298189233106, 0.38977921934, 0.112548923133, 0.137014337782, 0.27883866426, 0.0434072660401, 0.371623647887, 0.045395915406, 0.744398893219, 0.247306587647, 0.0385579582759, 0.219739234202, 0.508195068955, 0.503069033398, 0.0317416627667, 0.223717697098, 0.118204390688, 0.228767130893, 0.451321649208, 0.184726706547, 0.00557709222361, 0.0907305943195, 0.000700185302629, 0.0104559020397, 0.00924158135427, 0.0570922772167, 0.427743570066, 0.278703478919, 0.65736667544, 1.51392435466
0.186651114846, 0.198236126121, 0.260000453362, 0.213050507054, 0.135943433688, 0.000553693407703, 0.256165037151, 0.992321653327, 0.335296110399, 0.202281286657, 0.236984578719, 0.0515612118882, 0.911217319737, 0.200117206703, 0.757424000073, 0.599982470872, 0.0502526518185, 0.373676936878, 0.17868312027, 0.12041399593, 0.701959119244, 0.0701721373671, 0.77715964892, 0.0067442452149, 0.138142337895, 0.503642926642, 0.0036192936431, 0.0227873160847, 0.000497562674119, 0.25919777444, 0.186651114846, 2.82988906862
0.198214899878, 0.149270996708, 0.588395764988, 0.40327371852, 0.0344763383315, 0.412642876275, 0.27883866426, 0.41465509142, 0.037517309172, 0.27034746608, 0.179469347291, 0.862003200643, 0.00428434538668, 0.36538203013, 0.84820382866, 0.0178048584032, 0.234610083969, 0.509992923183, 0.46034853093, 0.294124863658, 0.313751541083, 0.00628394949047, 0.00557709222361, 0.407195499012, 0.00142493407667, 0.267229842661, 0.11249390752, 0.0307380191855, 0.242722429575, 0.304181202566, 0.198214899878, 2.66754288517
0.198214899878, 0.149270996708, 0.588395764988, 0.40327371852, 0.0344763383315, 0.412642876275, 0.27883866426, 0.41465509142, 0.037517309172, 0.27034746608, 0.179469347291, 0.862003200643, 0.00428434538668, 0.36538203013, 0.84820382866, 0.0178048584032, 0.234610083969, 0.509992923183, 0.46034853093, 0.294124863658, 0.313751541083, 0.00628394949047, 0.00557709222361, 0.407195499012, 0.00142493407667, 0.267229842661, 0.11249390752, 0.0307380191855, 0.242722429575, 0.304181202566, 0.198214899878, 2.66754288517
0.0148294508112, 0.487863123862, 0.298189233106, 0.32469265373, 0.0421107461882, 0.531553178337, 0.00644601605597, 0.0477873744209, 0.245021463384, 0.0852887531945, 0.744398893219, 0.0245961641536, 0.00627858227176, 0.384986927118, 0.298704227896, 0.771496622191, 0.0135453792838, 0.607955666291, 0.121119260759, 0.0993161584814, 0.0384873375913, 0.170899807956, 0.119943634688, 0.100582963941, 0.0312496504523, 0.905089898711, 0.449573682046, 0.0570922772167, 0.427743570066, 0.0102463391081, 0.0148294508112, 3.0911250878
0.013686703403, 0.4344901292, 0.0997954826684, 0.764894323732, 0.129520211102, 0.412642876275, 0.27883866426, 0.41465509142, 0.00385114059769, 0.450508695108, 0.108055507755, 0.531413774896, 0.877617196623, 0.95067421438, 0.0982392146973, 0.0178048584032, 0.234610083969, 0.172822518965, 0.160991173961, 0.00434899347097, 0.313751541083, 0.0147089787709, 0.00557709222361, 0.134279694423, 0.00188767170375, 0.267229842661, 0.141908430057, 0.0307380191855, 0.242722429575, 0.304181202566, 0.013686703403, 3.14504708838
0.0148294508112, 0.487863123862, 0.298189233106, 0.32469265373, 0.0421107461882, 0.531553178337, 0.00644601605597, 0.0477873744209, 0.245021463384, 0.0852887531945, 0.744398893219, 0.0245961641536, 0.00627858227176, 0.384986927118, 0.298704227896, 0.771496622191, 0.0135453792838, 0.607955666291, 0.121119260759, 0.0993161584814, 0.0384873375913, 0.170899807956, 0.119943634688, 0.100582963941, 0.0312496504523, 0.905089898711, 0.449573682046, 0.0570922772167, 0.427743570066, 0.0102463391081, 0.0148294508112, 3.0911250878
0.013686703403, 0.4344901292, 0.0997954826684, 0.764894323732, 0.129520211102, 0.412642876275, 0.27883866426, 0.41465509142, 0.00385114059769, 0.450508695108, 0.108055507755, 0.531413774896, 0.877617196623, 0.95067421438, 0.0982392146973, 0.0178048584032, 0.234610083969, 0.172822518965, 0.160991173961, 0.00434899347097, 0.313751541083, 0.0147089787709, 0.00557709222361, 0.134279694423, 0.00188767170375, 0.267229842661, 0.141908430057, 0.0307380191855, 0.242722429575, 0.304181202566, 0.013686703403, 3.14504708838
0.186651114846, 0.645445916857, 0.260000453362, 0.213050507054, 0.205378913135, 0.000553693407703, 0.256165037151, 0.99858824097, 0.0948302777742, 0.202281286657, 0.236984578719, 0.0515612118882, 0.812931208425, 0.200117206703, 0.379663508416, 0.599982470872, 0.0502526518185, 0.172822518965, 0.17868312027, 0.329732261754, 0.736274179717, 0.286967111058, 0.77715964892, 0.232018841809, 0.138142337895, 0.503642926642, 0.0036192936431, 0.0227873160847, 0.000263342578337, 0.315216053346, 0.186651114846, 2.92550952868
0.186651114846, 0.645445916857, 0.260000453362, 0.213050507054, 0.205378913135, 0.000553693407703, 0.256165037151, 0.99858824097, 0.0948302777742, 0.202281286657, 0.236984578719, 0.0515612118882, 0.812931208425, 0.200117206703, 0.379663508416, 0.599982470872, 0.0502526518185, 0.172822518965, 0.17868312027, 0.329732261754, 0.736274179717, 0.286967111058, 0.77715964892, 0.232018841809, 0.138142337895, 0.503642926642, 0.0036192936431, 0.0227873160847, 0.000263342578337, 0.315216053346, 0.186651114846, 2.92550952868
1.40526613769e-05, 0.469480360897, 0.0345438162749, 0.370218822981, 0.185196062765, 0.274239811751, 0.220429290168, 0.0533785104531, 0.116722966208, 0.149652819036, 0.209715232944, 0.0444857686339, 0.192318330109, 0.740559119876, 0.793518675031, 0.272898927699, 0.61308692926, 0.775102475475, 0.00466656120476, 0.163692421117, 0.354543815964, 0.00829431312726, 0.188834272075, 0.374027412146, 0.549531319268, 0.325252512677, 0.0420587617624, 0.00106387304754, 0.118578842933, 0.0748874270732, 1.40526613769e-05, 3.38925769611
1.40526613769e-05, 0.469480360897, 0.0345438162749, 0.370218822981, 0.185196062765, 0.274239811751, 0.220429290168, 0.0533785104531, 0.116722966208, 0.149652819036, 0.209715232944, 0.0444857686339, 0.192318330109, 0.740559119876, 0.793518675031, 0.272898927699, 0.61308692926, 0.775102475475, 0.00466656120476, 0.163692421117, 0.354543815964, 0.00829431312726, 0.188834272075, 0.374027412146, 0.549531319268, 0.325252512677, 0.0420587617624, 0.00106387304754, 0.118578842933, 0.0748874270732, 1.40526613769e-05, 3.38925769611
0.510863220273, 0.0286884812514, 0.254989485262, 0.26366029792, 0.483462788954, 0.281117564605, 0.242701666765, 0.999400203914, 0.0264767497365, 0.0269310482418, 0.145914269625, 0.723350936183, 0.999221838302, 0.0874663151154, 0.913142819034, 0.18191806573, 0.120333912182, 0.278839093277, 0.062368475505, 0.0491681012167, 0.448103151483, 0.277072166072, 0.149061382338, 0.144339427298, 0.134074378497, 0.258266934639, 0.266629038708, 0.0196613219486, 0.113004885568, 0.000487535578017, 0.510863220273, 2.14383226939
0.162308922651, 0.487863123862, 0.260000453362, 0.213050507054, 0.205378913135, 0.0548611540519, 0.256165037151, 0.822797633401, 0.0948302777742, 0.202281286657, 0.236984578719, 0.207088249372, 0.812931208425, 0.200117206703, 0.379663508416, 0.599982470872, 0.0502526518185, 0.172822518965, 0.17868312027, 0.449546429915, 0.701959119244, 0.286967111058, 0.77715964892, 0.274726887357, 0.138142337895, 0.503642926642, 0.0036192936431, 0.0227873160847, 0.000497562674119, 0.682861273049, 0.162308922651, 3.08577579877
0.510863220273, 0.0286884812514, 0.254989485262, 0.26366029792, 0.483462788954, 0.281117564605, 0.242701666765, 0.999400203914, 0.0264767497365, 0.0269310482418, 0.145914269625, 0.723350936183, 0.999221838302, 0.0874663151154, 0.913142819034, 0.18191806573, 0.120333912182, 0.278839093277, 0.062368475505, 0.0491681012167, 0.448103151483, 0.277072166072, 0.149061382338, 0.144339427298, 0.134074378497, 0.258266934639, 0.266629038708, 0.0196613219486, 0.113004885568, 0.000487535578017, 0.510863220273, 2.14383226939
0.162308922651, 0.487863123862, 0.260000453362, 0.213050507054, 0.205378913135, 0.0548611540519, 0.256165037151, 0.822797633401, 0.0948302777742, 0.202281286657, 0.236984578719, 0.207088249372, 0.812931208425, 0.200117206703, 0.379663508416, 0.599982470872, 0.0502526518185, 0.172822518965, 0.17868312027, 0.449546429915, 0.701959119244, 0.286967111058, 0.77715964892, 0.274726887357, 0.138142337895, 0.503642926642, 0.0036192936431, 0.0227873160847, 0.000497562674119, 0.682861273049, 0.162308922651, 3.08577579877
0.198214899878, 0.149270996708, 0.588395764988, 0.427985501833, 0.0343038581858, 0.412642876275, 0.27883866426, 0.41465509142, 0.000338349551817, 0.27034746608, 0.179469347291, 0.862003200643, 0.00428434538668, 0.451659477257, 0.84820382866, 0.03654952918, 0.234610083969, 0.444404936508, 0.46034853093, 0.294124863658, 0.313751541083, 0.0248079084649, 0.00557709222361, 0.407195499012, 0.00142493407667, 0.267229842661, 0.0106083229747, 0.0307380191855, 0.242722429575, 0.458293682047, 0.198214899878, 2.69422150152
0.198214899878, 0.149270996708, 0.588395764988, 0.427985501833, 0.0343038581858, 0.412642876275, 0.27883866426, 0.41465509142, 0.000338349551817, 0.27034746608, 0.179469347291, 0.862003200643, 0.00428434538668, 0.451659477257, 0.84820382866, 0.03654952918, 0.234610083969, 0.444404936508, 0.46034853093, 0.294124863658, 0.313751541083, 0.0248079084649, 0.00557709222361, 0.407195499012, 0.00142493407667, 0.267229842661, 0.0106083229747, 0.0307380191855, 0.242722429575, 0.458293682047, 0.198214899878, 2.69422150152
0.186651114846, 0.198236126121, 0.383826364412, 0.213050507054, 0.205378913135, 0.412642876275, 0.256165037151, 0.995095191113, 0.0776382532904, 0.202281286657, 0.236984578719, 0.048785308251, 0.911217319737, 0.200117206703, 0.99114714884, 0.599982470872, 0.0502526518185, 0.172822518965, 0.17868312027, 0.0112976774384, 0.701959119244, 0.0701721373671, 0.77715964892, 0.109795308797, 0.138142337895, 0.503642926642, 0.0036192936431, 0.0227873160847, 0.000497562674119, 0.682861273049, 0.186651114846, 3.05006715596
0.186651114846, 0.198236126121, 0.383826364412, 0.213050507054, 0.205378913135, 0.412642876275, 0.256165037151, 0.995095191113, 0.0776382532904, 0.202281286657, 0.236984578719, 0.048785308251, 0.911217319737, 0.200117206703, 0.99114714884, 0.599982470872, 0.0502526518185, 0.172822518965, 0.17868312027, 0.0112976774384, 0.701959119244, 0.0701721373671, 0.77715964892, 0.109795308797, 0.138142337895, 0.503642926642, 0.0036192936431, 0.0227873160847, 0.000497562674119, 0.682861273049, 0.186651114846, 3.05006715596
0.484880320144, 0.337889912328, 0.455827075577, 0.32469265373, 0.0421107461882, 0.531553178337, 0.00644601605597, 0.0477873744209, 0.245021463384, 0.0852887531945, 0.744398893219, 0.40829653342, 0.000530190496947, 0.384986927118, 0.298704227896, 0.771496622191, 0.234610083969, 0.223717697098, 0.121119260759, 0.00323400759495, 0.0384873375913, 0.257983803215, 0.119943634688, 0.100582963941, 0.0312496504523, 0.869320655873, 0.217474970149, 0.0570922772167, 0.427743570066, 0.585046668218, 0.484880320144, 2.17634391833
0.239466694773, 0.396222353509, 0.0319864106962, 0.265992834414, 0.0576610403535, 0.719051754536, 0.19526001145, 0.0307329712546, 0.363234210805, 0.0907161556422, 0.37326258989, 0.070037592223, 0.361124971156, 0.168375701064, 0.810382836678, 0.87640976273, 0.120333912182, 0.0412525261023, 0.906406834259, 0.137562512073, 0.000255181082836, 0.339892430617, 0.00269563252323, 0.0606777661382, 0.0256586823755, 0.543083854207, 0.123470354364, 0.613793460694, 0.257053726036, 0.0174629310052, 0.239466694773, 2.56953379777
0.198214899878, 0.149270996708, 0.588395764988, 0.427985501833, 0.0343038581858, 0.412642876275, 0.27883866426, 0.41465509142, 0.000338349551817, 0.27034746608, 0.179469347291, 0.862003200643, 0.00428434538668, 0.451659477257, 0.84820382866, 0.03654952918, 0.234610083969, 0.444404936508, 0.46034853093, 0.652319648591, 0.313751541083, 0.00592678638107, 0.00472729683019, 0.308156738105, 0.00142493407667, 0.267229842661, 0.0106083229747, 0.0307380191855, 0.242722429575, 0.304181202566, 0.198214899878, 2.71756708824
0.34346765869, 0.469480360897, 0.0656918104157, 0.370218822981, 0.185196062765, 0.011961894298, 0.27883866426, 0.0533785104531, 0.116722966208, 0.00496944507065, 0.209715232944, 0.0444857686339, 0.551416595029, 0.00321088766373, 0.793518675031, 0.220988457851, 0.61308692926, 0.775102475475, 0.00466656120476, 0.163692421117, 0.354543815964, 0.277072166072, 0.188834272075, 0.374027412146, 0.549531319268, 0.00173200004805, 0.439247862534, 0.00106387304754, 0.118578842933, 0.0748874270732, 0.34346765869, 2.21058588279
0.484880320144, 0.337889912328, 0.455827075577, 0.32469265373, 0.0421107461882, 0.531553178337, 0.00644601605597, 0.0477873744209, 0.245021463384, 0.0852887531945, 0.744398893219, 0.40829653342, 0.000530190496947, 0.384986927118, 0.298704227896, 0.771496622191, 0.234610083969, 0.223717697098, 0.121119260759, 0.00323400759495, 0.0384873375913, 0.257983803215, 0.119943634688, 0.100582963941, 0.0312496504523, 0.869320655873, 0.217474970149, 0.0570922772167, 0.427743570066, 0.585046668218, 0.484880320144, 2.17634391833
0.239466694773, 0.396222353509, 0.0319864106962, 0.265992834414, 0.0576610403535, 0.719051754536, 0.19526001145, 0.0307329712546, 0.363234210805, 0.0907161556422, 0.37326258989, 0.070037592223, 0.361124971156, 0.168375701064, 0.810382836678, 0.87640976273, 0.120333912182, 0.0412525261023, 0.906406834259, 0.137562512073, 0.000255181082836, 0.339892430617, 0.00269563252323, 0.0606777661382, 0.0256586823755, 0.543083854207, 0.123470354364, 0.613793460694, 0.257053726036, 0.0174629310052, 0.239466694773, 2.56953379777
0.198214899878, 0.149270996708, 0.588395764988, 0.427985501833, 0.0343038581858, 0.412642876275, 0.27883866426, 0.41465509142, 0.000338349551817, 0.27034746608, 0.179469347291, 0.862003200643, 0.00428434538668, 0.451659477257, 0.84820382866, 0.03654952918, 0.234610083969, 0.444404936508, 0.46034853093, 0.652319648591, 0.313751541083, 0.00592678638107, 0.00472729683019, 0.308156738105, 0.00142493407667, 0.267229842661, 0.0106083229747, 0.0307380191855, 0.242722429575, 0.304181202566, 0.198214899878, 2.71756708824
0.34346765869, 0.469480360897, 0.0656918104157, 0.370218822981, 0.185196062765, 0.011961894298, 0.27883866426, 0.0533785104531, 0.116722966208, 0.00496944507065, 0.209715232944, 0.0444857686339, 0.551416595029, 0.00321088766373, 0.793518675031, 0.220988457851, 0.61308692926, 0.775102475475, 0.00466656120476, 0.163692421117, 0.354543815964, 0.277072166072, 0.188834272075, 0.374027412146, 0.549531319268, 0.00173200004805, 0.439247862534, 0.00106387304754, 0.118578842933, 0.0748874270732, 0.34346765869, 2.21058588279
0.914771625702, 0.337889912328, 0.298189233106, 0.233458074369, 0.0421107461882, 0.531553178337, 0.00644601605597, 0.0477873744209, 0.245021463384, 0.0852887531945, 0.744398893219, 0.0515612118882, 0.0385579582759, 0.384986927118, 0.298704227896, 0.822778653772, 0.0317416627667, 0.0894523548639, 0.121119260759, 0.548496107057, 0.354543815964, 0.170899807956, 0.386076711229, 0.0872403212118, 0.0312496504523, 0.359453266265, 0.217474970149, 0.0570922772167, 0.427743570066, 0.585046668218, 0.914771625702, 1.61414549176
0.65736667544, 0.0644657216109, 0.0357240533831, 0.764894323732, 0.15552729122, 0.137014337782, 0.220429290168, 0.0434072660401, 0.371623647887, 0.045395915406, 0.744398893219, 0.247306587647, 0.0385579582759, 0.412894558385, 0.508195068955, 0.503069033398, 0.0317416627667, 0.223717697098, 0.533580808204, 0.228767130893, 0.354543815964, 0.013870628495, 0.00557709222361, 0.0908902870557, 0.00188767170375, 0.227272321568, 0.00924158135427, 0.0570922772167, 0.427743570066, 0.278703478919, 0.65736667544, 1.67506811452
0.239466694773, 0.396222353509, 0.0319864106962, 0.0801709653925, 0.0576610403535, 0.719051754536, 0.19526001145, 0.0307329712546, 0.363234210805, 0.0907161556422, 0.37326258989, 0.070037592223, 0.361124971156, 0.168375701064, 0.963204453952, 0.890695236149, 0.617835059776, 0.0412525261023, 0.243854645485, 0.137562512073, 0.000255181082836, 0.339892430617, 0.546558455007, 0.0606777661382, 0.0256586823755, 0.543083854207, 0.123470354364, 0.613793460694, 0.0679272180507, 0.0174629310052, 0.239466694773, 2.61566332579
0.914771625702, 0.337889912328, 0.298189233106, 0.233458074369, 0.0421107461882, 0.531553178337, 0.00644601605597, 0.0477873744209, 0.245021463384, 0.0852887531945, 0.744398893219, 0.0515612118882, 0.0385579582759, 0.384986927118, 0.298704227896, 0.822778653772, 0.0317416627667, 0.0894523548639, 0.121119260759, 0.548496107057, 0.354543815964, 0.170899807956, 0.386076711229, 0.0872403212118, 0.0312496504523, 0.359453266265, 0.217474970149, 0.0570922772167, 0.427743570066, 0.585046668218, 0.914771625702, 1.61414549176
0.65736667544, 0.0644657216109, 0.0357240533831, 0.764894323732, 0.15552729122, 0.137014337782, 0.220429290168, 0.0434072660401, 0.371623647887, 0.045395915406, 0.744398893219, 0.247306587647, 0.0385579582759, 0.412894558385, 0.508195068955, 0.503069033398, 0.0317416627667, 0.223717697098, 0.533580808204, 0.228767130893, 0.354543815964, 0.013870628495, 0.00557709222361, 0.0908902870557, 0.00188767170375, 0.227272321568, 0.00924158135427, 0.0570922772167, 0.427743570066, 0.278703478919, 0.65736667544, 1.67506811452
0.239466694773, 0.396222353509, 0.0319864106962, 0.0801709653925, 0.0576610403535, 0.719051754536, 0.19526001145, 0.0307329712546, 0.363234210805, 0.0907161556422, 0.37326258989, 0.070037592223, 0.361124971156, 0.168375701064, 0.963204453952, 0.890695236149, 0.617835059776, 0.0412525261023, 0.243854645485, 0.137562512073, 0.000255181082836, 0.339892430617, 0.546558455007, 0.0606777661382, 0.0256586823755, 0.543083854207, 0.123470354364, 0.613793460694, 0.0679272180507, 0.0174629310052, 0.239466694773, 2.61566332579
0.0585941163064, 0.487863123862, 0.324919514302, 0.613580028406, 0.152373943326, 0.829563479371, 0.0264077256066, 0.757219668103, 0.0226285388312, 0.1328242812, 0.143703522482, 0.070037592223, 0.00627858227176, 0.0132928969069, 0.736457178061, 0.0363640428216, 0.0764691035647, 0.583276034878, 0.679067419241, 0.110069010575, 0.0384021050675, 0.0252324033776, 0.00557709222361, 0.193633334255, 0.486878791029, 0.284090062501, 0.0166319238471, 0.997098498276, 0.132339898895, 0.245009351482, 0.0585941163064, 3.09700475581
0.0585941163064, 0.487863123862, 0.324919514302, 0.613580028406, 0.152373943326, 0.829563479371, 0.0264077256066, 0.757219668103, 0.0226285388312, 0.1328242812, 0.143703522482, 0.070037592223, 0.00627858227176, 0.0132928969069, 0.736457178061, 0.0363640428216, 0.0764691035647, 0.583276034878, 0.679067419241, 0.110069010575, 0.0384021050675, 0.0252324033776, 0.00557709222361, 0.193633334255, 0.486878791029, 0.284090062501, 0.0166319238471, 0.997098498276, 0.132339898895, 0.245009351482, 0.0585941163064, 3.09700475581
0.013686703403, 0.4344901292, 0.0997954826684, 0.764894323732, 0.0886639873344, 0.412642876275, 0.27883866426, 0.41465509142, 0.00385114059769, 0.875430038676, 0.108055507755, 0.531413774896, 0.877617196623, 0.95067421438, 0.0982392146973, 0.0178048584032, 0.234610083969, 0.172822518965, 0.160991173961, 0.00434899347097, 0.313751541083, 0.0304018906937, 0.00557709222361, 0.134279694423, 0.00188767170375, 0.267229842661, 0.141908430057, 0.0307380191855, 0.242722429575, 0.304181202566, 0.013686703403, 3.26518645718
0.013686703403, 0.4344901292, 0.0997954826684, 0.764894323732, 0.0886639873344, 0.412642876275, 0.27883866426, 0.41465509142, 0.00385114059769, 0.875430038676, 0.108055507755, 0.531413774896, 0.877617196623, 0.95067421438, 0.0982392146973, 0.0178048584032, 0.234610083969, 0.172822518965, 0.160991173961, 0.00434899347097, 0.313751541083, 0.0304018906937, 0.00557709222361, 0.134279694423, 0.00188767170375, 0.267229842661, 0.141908430057, 0.0307380191855, 0.242722429575, 0.304181202566, 0.013686703403, 3.26518645718
0.34346765869, 0.469480360897, 0.0082215773786, 0.370218822981, 0.185196062765, 0.00244934209987, 0.27883866426, 0.0533785104531, 0.116722966208, 0.00496944507065, 0.209715232944, 0.0155865013243, 0.192318330109, 0.740559119876, 0.793518675031, 0.220988457851, 0.61308692926, 0.775102475475, 0.00466656120476, 0.0252169978626, 0.354543815964, 0.00829431312726, 0.371241555058, 0.374027412146, 0.549531319268, 0.535960526026, 0.0420587617624, 0.00106387304754, 0.118578842933, 0.0748874270732, 0.34346765869, 2.26122786174
0.34346765869, 0.469480360897, 0.0082215773786, 0.370218822981, 0.185196062765, 0.00244934209987, 0.27883866426, 0.0533785104531, 0.116722966208, 0.00496944507065, 0.209715232944, 0.0155865013243, 0.192318330109, 0.740559119876, 0.793518675031, 0.220988457851, 0.61308692926, 0.775102475475, 0.00466656120476, 0.0252169978626, 0.354543815964, 0.00829431312726, 0.371241555058, 0.374027412146, 0.549531319268, 0.535960526026, 0.0420587617624, 0.00106387304754, 0.118578842933, 0.0748874270732, 0.34346765869, 2.26122786174
0.0697926597252, 0.487863123862, 0.747605663696, 0.446039057342, 0.126321247213, 0.140906269518, 0.00657276580695, 0.757219668103, 0.710555700177, 0.0598222353413, 0.0805993648662, 0.127896765082, 0.0215672734241, 0.0072412273661, 0.700513488577, 0.0539253652963, 0.0764691035647, 0.39322691756, 0.428195394653, 0.0750387258347, 0.00852215143478, 0.233417221253, 0.464617913243, 0.0130678563771, 0.28736694803, 0.00173200004805, 0.0166319238471, 0.999994336642, 0.117650569098, 0.86973490197, 0.0697926597252, 3.12258293153
0.0697926597252, 0.487863123862, 0.747605663696, 0.446039057342, 0.126321247213, 0.140906269518, 0.00657276580695, 0.757219668103, 0.710555700177, 0.0598222353413, 0.0805993648662, 0.127896765082, 0.0215672734241, 0.0072412273661, 0.700513488577, 0.0539253652963, 0.0764691035647, 0.39322691756, 0.428195394653, 0.0750387258347, 0.00852215143478, 0.233417221253, 0.464617913243, 0.0130678563771, 0.28736694803, 0.00173200004805, 0.0166319238471, 0.999994336642, 0.117650569098, 0.86973490197, 0.0697926597252, 3.12258293153
1.40526613769e-05, 0.469480360897, 0.0345438162749, 0.370218822981, 0.185196062765, 0.274239811751, 0.27883866426, 0.0533785104531, 0.116722966208, 0.149652819036, 0.209715232944, 0.0444857686339, 0.192318330109, 0.740559119876, 0.793518675031, 0.220988457851, 0.839626136822, 0.775102475475, 0.00466656120476, 0.163692421117, 0.354543815964, 0.00829431312726, 0.188834272075, 0.374027412146, 0.549531319268, 0.325252512677, 0.0420587617624, 0.00106387304754, 0.118578842933, 0.0748874270732, 1.40526613769e-05, 3.46150669884
1.40526613769e-05, 0.469480360897, 0.0345438162749, 0.370218822981, 0.185196062765, 0.274239811751, 0.27883866426, 0.0533785104531, 0.116722966208, 0.149652819036, 0.209715232944, 0.0444857686339, 0.192318330109, 0.740559119876, 0.793518675031, 0.220988457851, 0.839626136822, 0.775102475475, 0.00466656120476, 0.163692421117, 0.354543815964, 0.00829431312726, 0.188834272075, 0.374027412146, 0.549531319268, 0.325252512677, 0.0420587617624, 0.00106387304754, 0.118578842933, 0.0748874270732, 1.40526613769e-05, 3.46150669884
0.0697926597252, 0.198236126121, 0.324919514302, 0.427985501833, 0.34476104496, 0.140906269518, 0.00657276580695, 0.132124117602, 0.00195912131612, 0.213937925053, 0.0805993648662, 0.320615274662, 0.0215672734241, 0.0072412273661, 0.819906954222, 0.0539253652963, 0.00360801764383, 0.620523989005, 0.284866973342, 0.0750387258347, 0.00852215143478, 0.60405050221, 0.955511943636, 0.357779832711, 0.486878791029, 0.120470307584, 0.0166319238471, 0.999994336642, 0.0599625902797, 0.7948275303, 0.0697926597252, 3.12940220592
0.65736667544, 0.337889912328, 0.298189233106, 0.32469265373, 0.0421107461882, 0.531553178337, 0.00644601605597, 0.0434072660401, 0.221945147092, 0.0232866758271, 0.744398893219, 0.247306587647, 0.0385579582759, 0.384986927118, 0.14646202114, 0.1892608319, 0.0317416627667, 0.607001134824, 0.121119260759, 0.285416493392, 0.354543815964, 0.170899807956, 0.386076711229, 0.100582963941, 0.0312496504523, 0.359453266265, 0.00942218209011, 0.0570922772167, 0.243529146599, 0.585046668218, 0.65736667544, 1.71002171942
0.0697926597252, 0.198236126121, 0.324919514302, 0.427985501833, 0.34476104496, 0.140906269518, 0.00657276580695, 0.132124117602, 0.00195912131612, 0.213937925053, 0.0805993648662, 0.320615274662, 0.0215672734241, 0.0072412273661, 0.819906954222, 0.0539253652963, 0.00360801764383, 0.620523989005, 0.284866973342, 0.0750387258347, 0.00852215143478, 0.60405050221, 0.955511943636, 0.357779832711, 0.486878791029, 0.120470307584, 0.0166319238471, 0.999994336642, 0.0599625902797, 0.7948275303, 0.0697926597252, 3.12940220592
0.65736667544, 0.337889912328, 0.298189233106, 0.32469265373, 0.0421107461882, 0.531553178337, 0.00644601605597, 0.0434072660401, 0.221945147092, 0.0232866758271, 0.744398893219, 0.247306587647, 0.0385579582759, 0.384986927118, 0.14646202114, 0.1892608319, 0.0317416627667, 0.607001134824, 0.121119260759, 0.285416493392, 0.354543815964, 0.170899807956, 0.386076711229, 0.100582963941, 0.0312496504523, 0.359453266265, 0.00942218209011, 0.0570922772167, 0.243529146599, 0.585046668218, 0.65736667544, 1.71002171942
0.34346765869, 0.469480360897, 0.0345438162749, 0.370218822981, 0.185196062765, 0.011961894298, 0.27883866426, 0.0437831178569, 0.116722966208, 0.00496944507065, 0.209715232944, 0.0444857686339, 0.551416595029, 0.0046993798042, 0.793518675031, 0.220988457851, 0.61308692926, 0.775102475475, 0.00466656120476, 0.163692421117, 0.354543815964, 0.277072166072, 0.188834272075, 0.374027412146, 0.549531319268, 0.535960526026, 0.439247862534, 0.0196613219486, 0.000812997193115, 0.0748874270732, 0.34346765869, 2.31370165945
0.34346765869, 0.469480360897, 0.0345438162749, 0.370218822981, 0.185196062765, 0.011961894298, 0.27883866426, 0.0437831178569, 0.116722966208, 0.00496944507065, 0.209715232944, 0.0444857686339, 0.551416595029, 0.0046993798042, 0.793518675031, 0.220988457851, 0.61308692926, 0.775102475475, 0.00466656120476, 0.163692421117, 0.354543815964, 0.277072166072, 0.188834272075, 0.374027412146, 0.549531319268, 0.535960526026, 0.439247862534, 0.0196613219486, 0.000812997193115, 0.0748874270732, 0.34346765869, 2.31370165945
0.652187856863, 0.650098792613, 0.254989485262, 0.285092918032, 0.746096679515, 0.0077971133146, 0.242701666765, 0.998661666231, 0.0314403132949, 0.0269310482418, 0.209715232944, 0.658450340216, 0.179512635738, 0.297867336197, 0.93417091194, 0.130268508295, 0.120333912182, 0.775102475475, 0.00448513267359, 0.20634549628, 0.218805103775, 0.00829431312726, 0.415869917809, 0.144339427298, 0.549531319268, 0.00173200004805, 0.266629038708, 0.0167667750266, 0.257053726036, 0.00766047160874, 0.652187856863, 2.13353160819
0.652187856863, 0.650098792613, 0.254989485262, 0.285092918032, 0.746096679515, 0.0077971133146, 0.242701666765, 0.998661666231, 0.0314403132949, 0.0269310482418, 0.209715232944, 0.658450340216, 0.179512635738, 0.297867336197, 0.93417091194, 0.130268508295, 0.120333912182, 0.775102475475, 0.00448513267359, 0.20634549628, 0.218805103775, 0.00829431312726, 0.415869917809, 0.144339427298, 0.549531319268, 0.00173200004805, 0.266629038708, 0.0167667750266, 0.257053726036, 0.00766047160874, 0.652187856863, 2.13353160819
0.582821294876, 0.337889912328, 0.298189233106, 0.26366029792, 0.0421107461882, 0.531553178337, 0.00644601605597, 0.0678103596879, 0.245021463384, 0.0852887531945, 0.744398893219, 0.0515612118882, 0.0794769261868, 0.384986927118, 0.792412120212, 0.503069033398, 0.00587562429866, 0.223717697098, 0.0355557818396, 0.0508031351989, 0.354543815964, 0.170899807956, 0.386076711229, 0.651890933699, 0.329674296999, 0.497591436113, 0.00942218209011, 0.773075864722, 0.427743570066, 0.00381522569268, 0.582821294876, 2.14574358384
0.0252127488741, 0.0809623878058, 0.746837674916, 0.427985501833, 0.233567203799, 0.663197937078, 0.474553570893, 0.329437628288, 0.116722966208, 0.448885638676, 0.137299452693, 0.352498643654, 0.0801897981975, 0.47498391863, 0.116367660232, 0.659381721833, 0.035231967477, 0.387087395004, 0.160991173961, 0.0750387258347, 0.575209202428, 0.186252775977, 0.161812778151, 0.106022219351, 0.0406476358332, 0.104193926961, 0.703944455078, 0.00450662823615, 0.125868580565, 0.0748874270732, 0.0252127488741, 3.21156163024
0.582821294876, 0.337889912328, 0.298189233106, 0.26366029792, 0.0421107461882, 0.531553178337, 0.00644601605597, 0.0678103596879, 0.245021463384, 0.0852887531945, 0.744398893219, 0.0515612118882, 0.0794769261868, 0.384986927118, 0.792412120212, 0.503069033398, 0.00587562429866, 0.223717697098, 0.0355557818396, 0.0508031351989, 0.354543815964, 0.170899807956, 0.386076711229, 0.651890933699, 0.329674296999, 0.497591436113, 0.00942218209011, 0.773075864722, 0.427743570066, 0.00381522569268, 0.582821294876, 2.14574358384
0.0252127488741, 0.0809623878058, 0.746837674916, 0.427985501833, 0.233567203799, 0.663197937078, 0.474553570893, 0.329437628288, 0.116722966208, 0.448885638676, 0.137299452693, 0.352498643654, 0.0801897981975, 0.47498391863, 0.116367660232, 0.659381721833, 0.035231967477, 0.387087395004, 0.160991173961, 0.0750387258347, 0.575209202428, 0.186252775977, 0.161812778151, 0.106022219351, 0.0406476358332, 0.104193926961, 0.703944455078, 0.00450662823615, 0.125868580565, 0.0748874270732, 0.0252127488741, 3.21156163024
0.0395438336456, 0.149270996708, 0.746837674916, 0.427985501833, 0.118018317717, 0.329290760192, 0.474553570893, 0.0199547562642, 0.116722966208, 0.555209504839, 0.0345911440664, 0.352498643654, 0.0329884916988, 0.293966070001, 0.00227775256147, 0.363714551901, 0.773507301924, 0.724398979096, 0.257711133866, 0.0285462627889, 0.139299548328, 0.0969993094979, 0.0417609291444, 0.407195499012, 0.0253279047672, 0.794842394064, 0.0106083229747, 0.000321192886808, 0.43585572808, 0.586202492314, 0.0395438336456, 3.21172200796
0.0252127488741, 0.0809623878058, 0.746837674916, 0.427985501833, 0.403026073306, 0.570666932319, 0.474553570893, 0.329437628288, 0.116722966208, 0.448885638676, 0.137299452693, 0.352498643654, 0.0801897981975, 0.47498391863, 0.116367660232, 0.659381721833, 0.0421573993968, 0.387087395004, 0.160991173961, 0.0750387258347, 0.575209202428, 0.186252775977, 0.161812778151, 0.106022219351, 0.0406476358332, 0.104193926961, 0.703944455078, 0.00450662823615, 0.125868580565, 0.0748874270732, 0.0252127488741, 3.23648416203
0.0395438336456, 0.149270996708, 0.746837674916, 0.427985501833, 0.118018317717, 0.329290760192, 0.474553570893, 0.0199547562642, 0.116722966208, 0.555209504839, 0.0345911440664, 0.352498643654, 0.0329884916988, 0.293966070001, 0.00227775256147, 0.363714551901, 0.773507301924, 0.724398979096, 0.257711133866, 0.0285462627889, 0.139299548328, 0.0969993094979, 0.0417609291444, 0.407195499012, 0.0253279047672, 0.794842394064, 0.0106083229747, 0.000321192886808, 0.43585572808, 0.586202492314, 0.0395438336456, 3.21172200796
0.0252127488741, 0.0809623878058, 0.746837674916, 0.427985501833, 0.403026073306, 0.570666932319, 0.474553570893, 0.329437628288, 0.116722966208, 0.448885638676, 0.137299452693, 0.352498643654, 0.0801897981975, 0.47498391863, 0.116367660232, 0.659381721833, 0.0421573993968, 0.387087395004, 0.160991173961, 0.0750387258347, 0.575209202428, 0.186252775977, 0.161812778151, 0.106022219351, 0.0406476358332, 0.104193926961, 0.703944455078, 0.00450662823615, 0.125868580565, 0.0748874270732, 0.0252127488741, 3.23648416203
0.65736667544, 0.0109039475944, 0.298189233106, 0.930117970305, 0.15552729122, 0.137014337782, 0.220429290168, 0.0434072660401, 0.371623647887, 0.045395915406, 0.744398893219, 0.413233511594, 0.0154721712476, 0.00363580214043, 0.508195068955, 0.507023416167, 0.0187295922014, 0.0146390349892, 0.432797826159, 0.480440297035, 0.354543815964, 0.184726706547, 0.00557709222361, 0.100582963941, 0.0029430825292, 0.227272321568, 0.00924158135427, 0.0570922772167, 0.427743570066, 0.278703478919, 0.65736667544, 1.72821329554
0.325673505347, 0.0225258321253, 0.64538132212, 0.905935827169, 0.0271325693578, 0.652156641714, 0.0323525861348, 0.117995326975, 0.133398007519, 0.160820447078, 0.0231605870009, 0.941812077958, 0.0602426640032, 0.995879418028, 0.135212829743, 0.0178048584032, 0.470603626405, 0.973178797698, 0.488536993595, 0.241628905097, 0.0203705201744, 0.170899807956, 0.319576201508, 0.0279879443957, 0.0153636694841, 0.667055698311, 0.0124360586384, 0.168417067644, 0.125300680458, 0.734987089465, 0.325673505347, 2.7633669659
0.65736667544, 0.0109039475944, 0.298189233106, 0.930117970305, 0.15552729122, 0.137014337782, 0.220429290168, 0.0434072660401, 0.371623647887, 0.045395915406, 0.744398893219, 0.413233511594, 0.0154721712476, 0.00363580214043, 0.508195068955, 0.507023416167, 0.0187295922014, 0.0146390349892, 0.432797826159, 0.480440297035, 0.354543815964, 0.184726706547, 0.00557709222361, 0.100582963941, 0.0029430825292, 0.227272321568, 0.00924158135427, 0.0570922772167, 0.427743570066, 0.278703478919, 0.65736667544, 1.72821329554
0.325673505347, 0.0225258321253, 0.64538132212, 0.905935827169, 0.0271325693578, 0.652156641714, 0.0323525861348, 0.117995326975, 0.133398007519, 0.160820447078, 0.0231605870009, 0.941812077958, 0.0602426640032, 0.995879418028, 0.135212829743, 0.0178048584032, 0.470603626405, 0.973178797698, 0.488536993595, 0.241628905097, 0.0203705201744, 0.170899807956, 0.319576201508, 0.0279879443957, 0.0153636694841, 0.667055698311, 0.0124360586384, 0.168417067644, 0.125300680458, 0.734987089465, 0.325673505347, 2.7633669659
