0.00128452339187, 0.87302113682, 0.557312173051, 0.965715827914, 0.1335083492, 0.706540438369, 0.958536160406, 0.757219668103, 0.353557316983, 0.0294491696232, 0.793101091408, 0.316346171513, 0.137354814978, 0.634704192673, 0.707141999402, 0.0551115954718, 0.0556719533695, 0.348545279042, 0.934786690028, 0.0513352265881, 0.0185008637934, 0.0676941346176, 0.577525181804, 0.031532644949, 0.975300835895, 6.74238751224e-05, 0.00887809449866, 0.520804933597, 0.242722429575, 0.161429470848, 0.00128452339187, 4.63805647626
0.287604781159, 0.4344901292, 0.477001882925, 0.897895751149, 0.0883886808163, 0.274239811751, 0.27883866426, 0.638492986722, 0.0314685903904, 0.123959276287, 0.0334972649808, 0.410102577957, 0.142869721534, 0.72047334194, 0.849022427486, 0.491563530796, 0.394330776091, 0.935841408599, 0.460613291481, 0.163692421117, 0.354543815964, 0.00465843095674, 0.00423211278162, 0.407195499012, 0.0346938340884, 0.841328341002, 0.11868225763, 0.0307380191855, 0.407377525183, 0.284287209485, 0.287604781159, 3.10725131456
0.417714834895, 0.404927840638, 0.218612616621, 0.350789585215, 0.289089952129, 0.0921093359241, 0.642701760608, 0.867802237553, 0.13348647103, 0.677155463262, 0.145914269625, 0.201515831224, 0.961455548657, 0.0046993798042, 0.792412120212, 0.22044994709, 0.159679487124, 0.121845417102, 0.578758470466, 0.371971280529, 0.0185008637934, 0.277072166072, 0.53271208322, 0.00611385630368, 0.82595057554, 0.0384482467084, 0.564342634667, 0.0370821546869, 0.257053726036, 0.42562375674, 0.417714834895, 2.85120167025
0.617850752555, 0.247367796728, 0.0189257482976, 0.0872926442955, 0.0232477978821, 0.528749109462, 0.233460079993, 0.0734432616676, 0.878518167783, 0.1832144308, 0.431330926946, 0.241228138763, 0.330315755278, 0.528789023149, 0.233839783104, 0.89260877838, 0.394330776091, 0.240389416229, 0.520970602779, 0.4010511197, 0.523805526651, 0.000563372964321, 0.449949996179, 0.0519993906441, 0.960260959245, 0.788295591049, 0.156811515122, 0.0175468195493, 0.0162798151408, 0.220674862096, 0.617850752555, 2.43007355803
0.881014461608, 0.34272815608, 0.0494925871828, 0.018548173015, 0.00277771404281, 0.621704832323, 0.233460079993, 0.0734432616676, 0.116722966208, 0.101604866658, 0.431330926946, 0.410102577957, 0.378142440257, 0.438014989743, 0.315930804704, 0.414851559321, 0.600493788434, 0.246691117718, 0.194963444702, 0.130185150912, 0.802632201339, 0.497846555681, 0.449949996179, 0.106176561151, 0.706896593113, 0.90969821376, 0.519918066198, 0.0824404364279, 0.0162798151408, 0.77818297573, 0.881014461608, 2.19998544641
0.639441151554, 0.4344901292, 0.173260218108, 0.912600086615, 0.190711975566, 0.274239811751, 0.27883866426, 0.787471673355, 0.48489853285, 0.123959276287, 0.115743087125, 0.202769412675, 0.227367928953, 0.72047334194, 0.851506976965, 0.20153437147, 0.663560811124, 0.0229982479395, 0.46034853093, 0.163692421117, 0.354543815964, 0.0304018906937, 0.00629785150995, 0.407195499012, 0.0406476358332, 0.242915799731, 0.11868225763, 0.0307380191855, 0.242722429575, 0.470338688174, 0.639441151554, 2.29373015714
0.00154831356129, 0.576340385002, 0.557312173051, 0.965715827914, 0.1335083492, 0.857401814373, 0.958536160406, 0.847925545192, 0.353557316983, 0.0294491696232, 0.984747079193, 0.316346171513, 0.117110404812, 0.528789023149, 0.707141999402, 0.0551115954718, 0.0556719533695, 0.348545279042, 0.744619823517, 0.0513352265881, 0.0185008637934, 0.0676941346176, 0.577525181804, 0.0114773098606, 0.228159360045, 6.74238751224e-05, 0.270833725111, 0.520804933597, 0.407377525183, 0.284287209485, 0.00154831356129, 4.50819378477
0.0559016975867, 0.639870080156, 0.961532068442, 0.0593383299283, 0.184978525128, 0.0280046150178, 0.431914335425, 0.0339415674204, 0.829845255072, 0.483281543482, 0.132293284883, 0.994177109719, 0.142869721534, 0.199369531088, 0.896972362158, 0.0376404359228, 0.0360044749098, 0.0759541420133, 0.568578314619, 7.01285060758e-05, 0.154440439551, 0.587123614511, 0.324040570871, 0.492582608005, 0.711500735438, 0.629021797201, 0.380795956999, 0.167767360575, 0.230465830356, 0.0130195012722, 0.0559016975867, 3.74946223852
0.0241163973013, 0.34272815608, 0.0494925871828, 0.018548173015, 0.00277771404281, 0.621704832323, 0.233460079993, 0.0734432616676, 0.48489853285, 0.101604866658, 0.431330926946, 0.202769412675, 0.378142440257, 0.438014989743, 0.315930804704, 0.802664112573, 0.600493788434, 0.383895983355, 0.194963444702, 0.130185150912, 0.802632201339, 0.497846555681, 0.449949996179, 0.106176561151, 0.706896593113, 0.907793484194, 0.519918066198, 0.0824404364279, 0.0162798151408, 0.77818297573, 0.0241163973013, 3.99047113843
0.560957340539, 0.114665519568, 0.961532068442, 0.39041088005, 0.0218249759771, 0.0280046150178, 0.431914335425, 0.0339415674204, 0.642492585453, 0.625856599935, 0.132293284883, 0.994177109719, 0.0461789814447, 0.199369531088, 0.896972362158, 0.0376404359228, 0.524107702706, 0.349636520512, 0.121119260759, 0.160128459915, 0.154440439551, 0.0485129673188, 0.324040570871, 0.492582608005, 0.377132882437, 0.629021797201, 0.0577638626575, 0.205186103669, 0.982225076797, 0.147214056234, 0.560957340539, 2.61926294945
0.447146288836, 0.198236126121, 0.647707704398, 0.213050507054, 0.524584895893, 0.232641658309, 0.356102443753, 0.0185650238179, 0.141998492613, 0.202281286657, 0.338933995408, 0.270035912538, 0.281709791588, 0.374511008223, 0.177981995949, 0.099384149282, 0.398851062346, 0.0759541420133, 0.46034853093, 0.194368210284, 0.631949975929, 0.607983265895, 0.734024461075, 0.52579547722, 0.840397699929, 0.111915083892, 0.0133466750616, 0.0933916835472, 0.000289086926551, 0.960180457418, 0.447146288836, 2.67809375989
0.813102970198, 0.114665519568, 0.961532068442, 0.39041088005, 0.0218249759771, 0.784759896899, 0.431914335425, 0.0339415674204, 0.981366457383, 0.625856599935, 0.132293284883, 0.996301734208, 0.0461789814447, 0.132632008889, 0.233839783104, 0.0448191790154, 0.0360044749098, 0.0759541420133, 0.46034853093, 0.160128459915, 0.154440439551, 0.0304018906937, 0.324040570871, 0.492582608005, 0.377132882437, 0.397319207756, 0.310917942086, 0.205186103669, 0.982225076797, 0.048829025887, 0.813102970198, 2.27390070207
0.198214899878, 0.4344901292, 0.586165321892, 0.897895751149, 0.126321247213, 0.507851253156, 0.27883866426, 0.061499743292, 0.116722966208, 0.123959276287, 0.132293284883, 0.410102577957, 0.572344559396, 0.72047334194, 0.546589904993, 0.597031790903, 0.394330776091, 0.942592701664, 0.522092449881, 0.163692421117, 0.365027528218, 0.159774873274, 0.00629785150995, 0.407195499012, 0.0406476358332, 0.660179511472, 0.11868225763, 0.0307380191855, 0.242722429575, 0.0514072363556, 0.198214899878, 3.26182105965
0.123977929671, 0.4344901292, 0.290844753827, 0.937346519321, 0.233567203799, 0.274239811751, 0.27883866426, 0.0560193436653, 0.461677120168, 0.123959276287, 0.588505854143, 0.410102577957, 0.155310994006, 0.72047334194, 0.84820382866, 0.597031790903, 0.394330776091, 0.366959530023, 0.46034853093, 0.163692421117, 0.354543815964, 0.0185519009542, 0.00629785150995, 0.407195499012, 0.0406476358332, 0.699405914991, 0.11868225763, 0.0135220555976, 0.242722429575, 0.246951352123, 0.123977929671, 3.37445419046
0.00128452339187, 0.87302113682, 0.557312173051, 0.965715827914, 0.1335083492, 0.706540438369, 0.958536160406, 0.757219668103, 0.353557316983, 0.0294491696232, 0.793101091408, 0.316346171513, 0.137354814978, 0.634704192673, 0.707141999402, 0.0551115954718, 0.0556719533695, 0.348545279042, 0.934786690028, 0.0513352265881, 0.0185008637934, 0.0676941346176, 0.577525181804, 0.031532644949, 0.975300835895, 6.74238751224e-05, 0.00887809449866, 0.520804933597, 0.242722429575, 0.161429470848, 0.00128452339187, 4.63805647626
0.287604781159, 0.4344901292, 0.477001882925, 0.897895751149, 0.0883886808163, 0.274239811751, 0.27883866426, 0.638492986722, 0.0314685903904, 0.123959276287, 0.0334972649808, 0.410102577957, 0.142869721534, 0.72047334194, 0.849022427486, 0.491563530796, 0.394330776091, 0.935841408599, 0.460613291481, 0.163692421117, 0.354543815964, 0.00465843095674, 0.00423211278162, 0.407195499012, 0.0346938340884, 0.841328341002, 0.11868225763, 0.0307380191855, 0.407377525183, 0.284287209485, 0.287604781159, 3.10725131456
0.417714834895, 0.404927840638, 0.218612616621, 0.350789585215, 0.289089952129, 0.0921093359241, 0.642701760608, 0.867802237553, 0.13348647103, 0.677155463262, 0.145914269625, 0.201515831224, 0.961455548657, 0.0046993798042, 0.792412120212, 0.22044994709, 0.159679487124, 0.121845417102, 0.578758470466, 0.371971280529, 0.0185008637934, 0.277072166072, 0.53271208322, 0.00611385630368, 0.82595057554, 0.0384482467084, 0.564342634667, 0.0370821546869, 0.257053726036, 0.42562375674, 0.417714834895, 2.85120167025
0.617850752555, 0.247367796728, 0.0189257482976, 0.0872926442955, 0.0232477978821, 0.528749109462, 0.233460079993, 0.0734432616676, 0.878518167783, 0.1832144308, 0.431330926946, 0.241228138763, 0.330315755278, 0.528789023149, 0.233839783104, 0.89260877838, 0.394330776091, 0.240389416229, 0.520970602779, 0.4010511197, 0.523805526651, 0.000563372964321, 0.449949996179, 0.0519993906441, 0.960260959245, 0.788295591049, 0.156811515122, 0.0175468195493, 0.0162798151408, 0.220674862096, 0.617850752555, 2.43007355803
0.881014461608, 0.34272815608, 0.0494925871828, 0.018548173015, 0.00277771404281, 0.621704832323, 0.233460079993, 0.0734432616676, 0.116722966208, 0.101604866658, 0.431330926946, 0.410102577957, 0.378142440257, 0.438014989743, 0.315930804704, 0.414851559321, 0.600493788434, 0.246691117718, 0.194963444702, 0.130185150912, 0.802632201339, 0.497846555681, 0.449949996179, 0.106176561151, 0.706896593113, 0.90969821376, 0.519918066198, 0.0824404364279, 0.0162798151408, 0.77818297573, 0.881014461608, 2.19998544641
0.639441151554, 0.4344901292, 0.173260218108, 0.912600086615, 0.190711975566, 0.274239811751, 0.27883866426, 0.787471673355, 0.48489853285, 0.123959276287, 0.115743087125, 0.202769412675, 0.227367928953, 0.72047334194, 0.851506976965, 0.20153437147, 0.663560811124, 0.0229982479395, 0.46034853093, 0.163692421117, 0.354543815964, 0.0304018906937, 0.00629785150995, 0.407195499012, 0.0406476358332, 0.242915799731, 0.11868225763, 0.0307380191855, 0.242722429575, 0.470338688174, 0.639441151554, 2.29373015714
0.00154831356129, 0.576340385002, 0.557312173051, 0.965715827914, 0.1335083492, 0.857401814373, 0.958536160406, 0.847925545192, 0.353557316983, 0.0294491696232, 0.984747079193, 0.316346171513, 0.117110404812, 0.528789023149, 0.707141999402, 0.0551115954718, 0.0556719533695, 0.348545279042, 0.744619823517, 0.0513352265881, 0.0185008637934, 0.0676941346176, 0.577525181804, 0.0114773098606, 0.228159360045, 6.74238751224e-05, 0.270833725111, 0.520804933597, 0.407377525183, 0.284287209485, 0.00154831356129, 4.50819378477
0.0559016975867, 0.639870080156, 0.961532068442, 0.0593383299283, 0.184978525128, 0.0280046150178, 0.431914335425, 0.0339415674204, 0.829845255072, 0.483281543482, 0.132293284883, 0.994177109719, 0.142869721534, 0.199369531088, 0.896972362158, 0.0376404359228, 0.0360044749098, 0.0759541420133, 0.568578314619, 7.01285060758e-05, 0.154440439551, 0.587123614511, 0.324040570871, 0.492582608005, 0.711500735438, 0.629021797201, 0.380795956999, 0.167767360575, 0.230465830356, 0.0130195012722, 0.0559016975867, 3.74946223852
0.0241163973013, 0.34272815608, 0.0494925871828, 0.018548173015, 0.00277771404281, 0.621704832323, 0.233460079993, 0.0734432616676, 0.48489853285, 0.101604866658, 0.431330926946, 0.202769412675, 0.378142440257, 0.438014989743, 0.315930804704, 0.802664112573, 0.600493788434, 0.383895983355, 0.194963444702, 0.130185150912, 0.802632201339, 0.497846555681, 0.449949996179, 0.106176561151, 0.706896593113, 0.907793484194, 0.519918066198, 0.0824404364279, 0.0162798151408, 0.77818297573, 0.0241163973013, 3.99047113843
0.560957340539, 0.114665519568, 0.961532068442, 0.39041088005, 0.0218249759771, 0.0280046150178, 0.431914335425, 0.0339415674204, 0.642492585453, 0.625856599935, 0.132293284883, 0.994177109719, 0.0461789814447, 0.199369531088, 0.896972362158, 0.0376404359228, 0.524107702706, 0.349636520512, 0.121119260759, 0.160128459915, 0.154440439551, 0.0485129673188, 0.324040570871, 0.492582608005, 0.377132882437, 0.629021797201, 0.0577638626575, 0.205186103669, 0.982225076797, 0.147214056234, 0.560957340539, 2.61926294945
0.447146288836, 0.198236126121, 0.647707704398, 0.213050507054, 0.524584895893, 0.232641658309, 0.356102443753, 0.0185650238179, 0.141998492613, 0.202281286657, 0.338933995408, 0.270035912538, 0.281709791588, 0.374511008223, 0.177981995949, 0.099384149282, 0.398851062346, 0.0759541420133, 0.46034853093, 0.194368210284, 0.631949975929, 0.607983265895, 0.734024461075, 0.52579547722, 0.840397699929, 0.111915083892, 0.0133466750616, 0.0933916835472, 0.000289086926551, 0.960180457418, 0.447146288836, 2.67809375989
0.813102970198, 0.114665519568, 0.961532068442, 0.39041088005, 0.0218249759771, 0.784759896899, 0.431914335425, 0.0339415674204, 0.981366457383, 0.625856599935, 0.132293284883, 0.996301734208, 0.0461789814447, 0.132632008889, 0.233839783104, 0.0448191790154, 0.0360044749098, 0.0759541420133, 0.46034853093, 0.160128459915, 0.154440439551, 0.0304018906937, 0.324040570871, 0.492582608005, 0.377132882437, 0.397319207756, 0.310917942086, 0.205186103669, 0.982225076797, 0.048829025887, 0.813102970198, 2.27390070207
0.198214899878, 0.4344901292, 0.586165321892, 0.897895751149, 0.126321247213, 0.507851253156, 0.27883866426, 0.061499743292, 0.116722966208, 0.123959276287, 0.132293284883, 0.410102577957, 0.572344559396, 0.72047334194, 0.546589904993, 0.597031790903, 0.394330776091, 0.942592701664, 0.522092449881, 0.163692421117, 0.365027528218, 0.159774873274, 0.00629785150995, 0.407195499012, 0.0406476358332, 0.660179511472, 0.11868225763, 0.0307380191855, 0.242722429575, 0.0514072363556, 0.198214899878, 3.26182105965
0.123977929671, 0.4344901292, 0.290844753827, 0.937346519321, 0.233567203799, 0.274239811751, 0.27883866426, 0.0560193436653, 0.461677120168, 0.123959276287, 0.588505854143, 0.410102577957, 0.155310994006, 0.72047334194, 0.84820382866, 0.597031790903, 0.394330776091, 0.366959530023, 0.46034853093, 0.163692421117, 0.354543815964, 0.0185519009542, 0.00629785150995, 0.407195499012, 0.0406476358332, 0.699405914991, 0.11868225763, 0.0135220555976, 0.242722429575, 0.246951352123, 0.123977929671, 3.37445419046
0.00128452339187, 0.87302113682, 0.557312173051, 0.965715827914, 0.603286012941, 0.857401814373, 0.958536160406, 0.757219668103, 0.353557316983, 0.0294491696232, 0.984747079193, 0.316346171513, 0.117110404812, 0.634704192673, 0.707141999402, 0.0551115954718, 0.0556719533695, 0.348545279042, 0.934786690028, 0.0443389260255, 0.0185008637934, 0.0676941346176, 0.577525181804, 0.031532644949, 0.975300835895, 6.74238751224e-05, 0.00887809449866, 0.95966934163, 0.242722429575, 0.161429470848, 0.00128452339187, 5.01481652291
0.00128452339187, 0.87302113682, 0.557312173051, 0.965715827914, 0.603286012941, 0.857401814373, 0.958536160406, 0.757219668103, 0.353557316983, 0.0294491696232, 0.984747079193, 0.316346171513, 0.117110404812, 0.634704192673, 0.707141999402, 0.0551115954718, 0.0556719533695, 0.348545279042, 0.934786690028, 0.0443389260255, 0.0185008637934, 0.0676941346176, 0.577525181804, 0.031532644949, 0.975300835895, 6.74238751224e-05, 0.00887809449866, 0.95966934163, 0.242722429575, 0.161429470848, 0.00128452339187, 5.01481652291
0.639441151554, 0.4344901292, 0.521622632818, 0.897895751149, 0.462739306984, 0.274239811751, 0.27883866426, 0.787471673355, 0.116722966208, 0.625856599935, 0.0774957180266, 0.410102577957, 0.164480131709, 0.400336981946, 0.851506976965, 0.0246912284674, 0.394330776091, 0.0264891544189, 0.46034853093, 0.163692421117, 0.354543815964, 0.224780484398, 0.00629785150995, 0.407195499012, 0.026317602836, 0.0324182821845, 0.11868225763, 0.0307380191855, 0.242722429575, 0.470338688174, 0.639441151554, 2.3066981449
0.639441151554, 0.4344901292, 0.521622632818, 0.897895751149, 0.462739306984, 0.274239811751, 0.27883866426, 0.787471673355, 0.116722966208, 0.625856599935, 0.0774957180266, 0.410102577957, 0.164480131709, 0.400336981946, 0.851506976965, 0.0246912284674, 0.394330776091, 0.0264891544189, 0.46034853093, 0.163692421117, 0.354543815964, 0.224780484398, 0.00629785150995, 0.407195499012, 0.026317602836, 0.0324182821845, 0.11868225763, 0.0307380191855, 0.242722429575, 0.470338688174, 0.639441151554, 2.3066981449
0.148954323321, 0.595552419057, 0.0999598742373, 0.213050507054, 0.524584895893, 0.184464026767, 0.396194791407, 0.116231431415, 0.589622387031, 0.202281286657, 0.338933995408, 0.442984052498, 0.0811773321184, 0.301203279945, 0.177981995949, 0.366134104219, 0.524107702706, 0.514292255962, 0.121119260759, 0.273292312551, 0.631949975929, 0.574401085114, 0.8948671833, 0.52579547722, 0.588041260752, 0.110053731221, 0.0577638626575, 0.0203985810378, 0.376291588247, 0.960180457418, 0.148954323321, 3.54743028416
0.128143035097, 0.7758924224, 0.0112216423295, 0.166480720803, 0.211764611543, 0.282845336945, 0.353318601416, 0.712970523, 0.379578250385, 0.512850977762, 0.656138952365, 0.455229347812, 0.133864782315, 0.492218875193, 0.137367050431, 0.28132661082, 0.915326760071, 0.83481665863, 0.221355179433, 0.0123605544341, 0.958153572542, 0.0932431913235, 0.45973214649, 0.0777061916901, 0.301189531346, 0.109619780916, 0.0299172815451, 0.0033766218858, 0.315108078307, 0.902736167347, 0.128143035097, 3.60431947453
0.198214899878, 0.372526950671, 0.521622632818, 0.897895751149, 0.261926810081, 0.274239811751, 0.148058471261, 0.8622080063, 0.116722966208, 0.123959276287, 0.189303527753, 0.410102577957, 0.750328628286, 0.302559704814, 0.84820382866, 0.449217676023, 0.394330776091, 0.935841408599, 0.46034853093, 0.163692421117, 0.211936876505, 0.0304018906937, 0.00629785150995, 0.407195499012, 0.0406476358332, 0.660179511472, 0.11868225763, 0.0307380191855, 0.242722429575, 0.161429470848, 0.198214899878, 3.310330581
0.148954323321, 0.595552419057, 0.0999598742373, 0.213050507054, 0.524584895893, 0.184464026767, 0.396194791407, 0.116231431415, 0.589622387031, 0.202281286657, 0.338933995408, 0.442984052498, 0.0811773321184, 0.301203279945, 0.177981995949, 0.366134104219, 0.524107702706, 0.514292255962, 0.121119260759, 0.273292312551, 0.631949975929, 0.574401085114, 0.8948671833, 0.52579547722, 0.588041260752, 0.110053731221, 0.0577638626575, 0.0203985810378, 0.376291588247, 0.960180457418, 0.148954323321, 3.54743028416
0.128143035097, 0.7758924224, 0.0112216423295, 0.166480720803, 0.211764611543, 0.282845336945, 0.353318601416, 0.712970523, 0.379578250385, 0.512850977762, 0.656138952365, 0.455229347812, 0.133864782315, 0.492218875193, 0.137367050431, 0.28132661082, 0.915326760071, 0.83481665863, 0.221355179433, 0.0123605544341, 0.958153572542, 0.0932431913235, 0.45973214649, 0.0777061916901, 0.301189531346, 0.109619780916, 0.0299172815451, 0.0033766218858, 0.315108078307, 0.902736167347, 0.128143035097, 3.60431947453
0.198214899878, 0.372526950671, 0.521622632818, 0.897895751149, 0.261926810081, 0.274239811751, 0.148058471261, 0.8622080063, 0.116722966208, 0.123959276287, 0.189303527753, 0.410102577957, 0.750328628286, 0.302559704814, 0.84820382866, 0.449217676023, 0.394330776091, 0.935841408599, 0.46034853093, 0.163692421117, 0.211936876505, 0.0304018906937, 0.00629785150995, 0.407195499012, 0.0406476358332, 0.660179511472, 0.11868225763, 0.0307380191855, 0.242722429575, 0.161429470848, 0.198214899878, 3.310330581
0.0433689383801, 0.114665519568, 0.961532068442, 0.427985501833, 0.0218249759771, 0.256837839596, 0.431914335425, 0.0908919119556, 0.347329430085, 0.625856599935, 0.598050442641, 0.762992979809, 0.408892682168, 0.199369531088, 0.904757601924, 0.44606252736, 0.373833916506, 0.0759541420133, 0.568578314619, 0.0358635563121, 0.204982832696, 0.547588916979, 0.66396650686, 0.576751763142, 0.507620815457, 0.629021797201, 0.380795956999, 0.474585110753, 0.95602172549, 0.048829025887, 0.0433689383801, 4.46169695877
0.0497486393733, 0.555165726029, 0.0482904402119, 0.960716124698, 0.289089952129, 0.0464317137495, 0.821863645333, 0.867802237553, 0.13348647103, 0.677155463262, 0.444712375292, 0.152781798037, 0.961455548657, 0.0046993798042, 0.792412120212, 0.22044994709, 0.159679487124, 0.788442014176, 0.578758470466, 0.395583019562, 0.332395015469, 0.027742576108, 0.53271208322, 0.277646604503, 0.229819710964, 0.0384482467084, 0.564342634667, 0.0625092245901, 0.257053726036, 0.606568858821, 0.0497486393733, 4.1887804146
0.0433689383801, 0.114665519568, 0.961532068442, 0.427985501833, 0.0218249759771, 0.256837839596, 0.431914335425, 0.0908919119556, 0.347329430085, 0.625856599935, 0.598050442641, 0.762992979809, 0.408892682168, 0.199369531088, 0.904757601924, 0.44606252736, 0.373833916506, 0.0759541420133, 0.568578314619, 0.0358635563121, 0.204982832696, 0.547588916979, 0.66396650686, 0.576751763142, 0.507620815457, 0.629021797201, 0.380795956999, 0.474585110753, 0.95602172549, 0.048829025887, 0.0433689383801, 4.46169695877
0.0497486393733, 0.555165726029, 0.0482904402119, 0.960716124698, 0.289089952129, 0.0464317137495, 0.821863645333, 0.867802237553, 0.13348647103, 0.677155463262, 0.444712375292, 0.152781798037, 0.961455548657, 0.0046993798042, 0.792412120212, 0.22044994709, 0.159679487124, 0.788442014176, 0.578758470466, 0.395583019562, 0.332395015469, 0.027742576108, 0.53271208322, 0.277646604503, 0.229819710964, 0.0384482467084, 0.564342634667, 0.0625092245901, 0.257053726036, 0.606568858821, 0.0497486393733, 4.1887804146
0.617850752555, 0.50180249666, 0.0494925871828, 0.0872926442955, 0.0232477978821, 0.528749109462, 0.233460079993, 0.0734432616676, 0.48489853285, 0.1832144308, 0.431330926946, 0.241228138763, 0.330315755278, 0.634704192673, 0.596714038387, 0.981942109629, 0.600493788434, 0.1841699149, 0.194963444702, 0.4010511197, 0.523805526651, 0.208026337385, 0.449949996179, 0.0519993906441, 0.960260959245, 0.907793484194, 0.156811515122, 0.00944306347978, 0.0162798151408, 0.220674862096, 0.617850752555, 2.57818599289
0.447146288836, 0.198236126121, 0.647707704398, 0.213050507054, 0.524584895893, 0.232641658309, 0.356102443753, 0.0185650238179, 0.141998492613, 0.202281286657, 0.338933995408, 0.270035912538, 0.281709791588, 0.374511008223, 0.177981995949, 0.148720727262, 0.398851062346, 0.349636520512, 0.121119260759, 0.0582003748661, 0.631949975929, 0.607983265895, 0.734024461075, 0.52579547722, 0.952633024028, 0.295963970861, 0.0133466750616, 0.0933916835472, 0.000289086926551, 0.960180457418, 0.447146288836, 2.71532611091
0.617850752555, 0.50180249666, 0.0494925871828, 0.0872926442955, 0.0232477978821, 0.528749109462, 0.233460079993, 0.0734432616676, 0.48489853285, 0.1832144308, 0.431330926946, 0.241228138763, 0.330315755278, 0.634704192673, 0.596714038387, 0.981942109629, 0.600493788434, 0.1841699149, 0.194963444702, 0.4010511197, 0.523805526651, 0.208026337385, 0.449949996179, 0.0519993906441, 0.960260959245, 0.907793484194, 0.156811515122, 0.00944306347978, 0.0162798151408, 0.220674862096, 0.617850752555, 2.57818599289
0.447146288836, 0.198236126121, 0.647707704398, 0.213050507054, 0.524584895893, 0.232641658309, 0.356102443753, 0.0185650238179, 0.141998492613, 0.202281286657, 0.338933995408, 0.270035912538, 0.281709791588, 0.374511008223, 0.177981995949, 0.148720727262, 0.398851062346, 0.349636520512, 0.121119260759, 0.0582003748661, 0.631949975929, 0.607983265895, 0.734024461075, 0.52579547722, 0.952633024028, 0.295963970861, 0.0133466750616, 0.0933916835472, 0.000289086926551, 0.960180457418, 0.447146288836, 2.71532611091
0.0433689383801, 0.114665519568, 0.752484730039, 0.427985501833, 0.295892476447, 0.256837839596, 0.431914335425, 0.0908919119556, 0.347329430085, 0.625856599935, 0.598050442641, 0.994177109719, 0.328999526697, 0.199369531088, 0.948076016502, 0.181829201202, 0.632751512446, 0.0759541420133, 0.568578314619, 0.0358635563121, 0.204982832696, 0.547588916979, 0.66396650686, 0.576751763142, 0.507620815457, 0.629021797201, 0.380795956999, 0.474585110753, 0.817990856723, 0.048829025887, 0.0433689383801, 4.49609442345
0.417714834895, 0.526802121382, 0.218612616621, 0.24496573893, 0.2517985518, 0.147574401102, 0.642701760608, 0.581569030424, 0.13348647103, 0.677155463262, 0.503700291929, 0.115677033149, 0.578708090059, 0.00335373487395, 0.792412120212, 0.22044994709, 0.383398149186, 0.383895983355, 0.578758470466, 0.395583019562, 0.448103151483, 0.0576318326337, 0.53271208322, 0.277646604503, 0.82595057554, 0.0114962078819, 0.564342634667, 0.0266151765254, 0.257053726036, 0.274724546634, 0.417714834895, 2.9659550581
0.0433689383801, 0.114665519568, 0.752484730039, 0.427985501833, 0.295892476447, 0.256837839596, 0.431914335425, 0.0908919119556, 0.347329430085, 0.625856599935, 0.598050442641, 0.994177109719, 0.328999526697, 0.199369531088, 0.948076016502, 0.181829201202, 0.632751512446, 0.0759541420133, 0.568578314619, 0.0358635563121, 0.204982832696, 0.547588916979, 0.66396650686, 0.576751763142, 0.507620815457, 0.629021797201, 0.380795956999, 0.474585110753, 0.817990856723, 0.048829025887, 0.0433689383801, 4.49609442345
0.417714834895, 0.526802121382, 0.218612616621, 0.24496573893, 0.2517985518, 0.147574401102, 0.642701760608, 0.581569030424, 0.13348647103, 0.677155463262, 0.503700291929, 0.115677033149, 0.578708090059, 0.00335373487395, 0.792412120212, 0.22044994709, 0.383398149186, 0.383895983355, 0.578758470466, 0.395583019562, 0.448103151483, 0.0576318326337, 0.53271208322, 0.277646604503, 0.82595057554, 0.0114962078819, 0.564342634667, 0.0266151765254, 0.257053726036, 0.274724546634, 0.417714834895, 2.9659550581
0.128143035097, 0.595552419057, 0.0176249583411, 0.166480720803, 0.500844278405, 0.524460524206, 0.379132691309, 0.64701919234, 0.965749046, 0.0590186304636, 0.189303527753, 0.292995274257, 0.24491551603, 0.880701051736, 0.582065053486, 0.0343410618393, 0.156370389929, 0.323211913699, 0.229608567744, 0.118502958318, 0.639581781638, 0.560483902292, 0.53271208322, 0.579540148056, 0.588041260752, 0.274853016996, 0.0299172815451, 0.395537208095, 0.407825891321, 0.355860118028, 0.128143035097, 3.73905880842
0.00154831356129, 0.792603212564, 0.557312173051, 0.965715827914, 0.1335083492, 0.857401814373, 0.958536160406, 0.638492986722, 0.353557316983, 0.0294491696232, 0.984747079193, 0.316346171513, 0.117110404812, 0.634704192673, 0.707141999402, 0.0551115954718, 0.0556719533695, 0.360969239221, 0.744619823517, 0.0513352265881, 0.448103151483, 0.0676941346176, 0.390752410527, 0.031532644949, 0.926461235476, 6.74238751224e-05, 0.270833725111, 0.520804933597, 0.407377525183, 0.284287209485, 0.00154831356129, 4.84229838711
0.00319874980212, 0.87302113682, 0.557312173051, 0.965715827914, 0.1335083492, 0.672970189563, 0.958536160406, 0.638492986722, 0.652309568124, 0.0598319830763, 0.207823498035, 0.999575997415, 0.312854932721, 0.199369531088, 0.707141999402, 0.0113822723871, 0.0370255388111, 0.348545279042, 0.744619823517, 0.0513352265881, 0.0185008637934, 0.0676941346176, 0.324040570871, 0.031532644949, 0.644066213411, 0.109431914353, 0.245964396536, 0.366859847864, 0.954161083532, 0.284287209485, 0.00319874980212, 4.65570734685
0.00154831356129, 0.792603212564, 0.557312173051, 0.965715827914, 0.1335083492, 0.857401814373, 0.958536160406, 0.638492986722, 0.353557316983, 0.0294491696232, 0.984747079193, 0.316346171513, 0.117110404812, 0.634704192673, 0.707141999402, 0.0551115954718, 0.0556719533695, 0.360969239221, 0.744619823517, 0.0513352265881, 0.448103151483, 0.0676941346176, 0.390752410527, 0.031532644949, 0.926461235476, 6.74238751224e-05, 0.270833725111, 0.520804933597, 0.407377525183, 0.284287209485, 0.00154831356129, 4.84229838711
0.128143035097, 0.595552419057, 0.0176249583411, 0.166480720803, 0.500844278405, 0.524460524206, 0.379132691309, 0.64701919234, 0.965749046, 0.0590186304636, 0.189303527753, 0.292995274257, 0.24491551603, 0.880701051736, 0.582065053486, 0.0343410618393, 0.156370389929, 0.323211913699, 0.229608567744, 0.118502958318, 0.639581781638, 0.560483902292, 0.53271208322, 0.579540148056, 0.588041260752, 0.274853016996, 0.0299172815451, 0.395537208095, 0.407825891321, 0.355860118028, 0.128143035097, 3.73905880842
0.00319874980212, 0.87302113682, 0.557312173051, 0.965715827914, 0.1335083492, 0.672970189563, 0.958536160406, 0.638492986722, 0.652309568124, 0.0598319830763, 0.207823498035, 0.999575997415, 0.312854932721, 0.199369531088, 0.707141999402, 0.0113822723871, 0.0370255388111, 0.348545279042, 0.744619823517, 0.0513352265881, 0.0185008637934, 0.0676941346176, 0.324040570871, 0.031532644949, 0.644066213411, 0.109431914353, 0.245964396536, 0.366859847864, 0.954161083532, 0.284287209485, 0.00319874980212, 4.65570734685
0.0497486393733, 0.614702389112, 0.0610138741469, 0.445430442561, 0.254869823554, 0.663197937078, 0.814104883028, 0.699101850648, 0.950536499739, 0.816413255951, 0.098271773595, 0.352498643654, 0.113308275475, 0.47498391863, 0.41832193676, 0.981507367007, 0.245545717693, 0.735237385929, 0.0684949154263, 0.122838449574, 0.357002847793, 0.186252775977, 0.425995569612, 0.0263036631367, 0.560265499567, 0.0123573284278, 0.255953978236, 0.418913108989, 0.379545032311, 0.586202492314, 0.0497486393733, 4.28033001383
0.0497486393733, 0.614702389112, 0.0610138741469, 0.445430442561, 0.254869823554, 0.663197937078, 0.814104883028, 0.699101850648, 0.950536499739, 0.816413255951, 0.098271773595, 0.352498643654, 0.113308275475, 0.47498391863, 0.41832193676, 0.981507367007, 0.245545717693, 0.735237385929, 0.0684949154263, 0.122838449574, 0.357002847793, 0.186252775977, 0.425995569612, 0.0263036631367, 0.560265499567, 0.0123573284278, 0.255953978236, 0.418913108989, 0.379545032311, 0.586202492314, 0.0497486393733, 4.28033001383
0.0559016975867, 0.227561528041, 0.961532068442, 0.68646502262, 0.0218249759771, 0.256837839596, 0.431914335425, 0.0339415674204, 0.642492585453, 0.625856599935, 0.11630102016, 0.994177109719, 0.640413706883, 0.199369531088, 0.896972362158, 0.0376404359228, 0.002506626888, 0.0759541420133, 0.568578314619, 0.160128459915, 0.554408682216, 0.246961552824, 0.288029532263, 0.576751763142, 0.281911712604, 0.629021797201, 0.380795956999, 0.162992536846, 0.988063382843, 0.048829025887, 0.0559016975867, 4.1334436818
0.750015863298, 0.50180249666, 0.0494925871828, 0.0872926442955, 0.289089952129, 0.970510258315, 0.233460079993, 0.0734432616676, 0.48489853285, 0.1832144308, 0.431330926946, 0.471638308274, 0.330315755278, 0.528789023149, 0.233839783104, 0.89260877838, 0.600493788434, 0.240389416229, 0.192036558943, 0.277325973399, 0.0683148676354, 0.208026337385, 0.449949996179, 0.00123511733259, 0.960260959245, 0.812557204581, 0.156811515122, 0.0266151765254, 0.0162798151408, 0.220674862096, 0.750015863298, 2.34734311648
0.0559016975867, 0.227561528041, 0.961532068442, 0.68646502262, 0.0218249759771, 0.256837839596, 0.431914335425, 0.0339415674204, 0.642492585453, 0.625856599935, 0.11630102016, 0.994177109719, 0.640413706883, 0.199369531088, 0.896972362158, 0.0376404359228, 0.002506626888, 0.0759541420133, 0.568578314619, 0.160128459915, 0.554408682216, 0.246961552824, 0.288029532263, 0.576751763142, 0.281911712604, 0.629021797201, 0.380795956999, 0.162992536846, 0.988063382843, 0.048829025887, 0.0559016975867, 4.1334436818
0.750015863298, 0.50180249666, 0.0494925871828, 0.0872926442955, 0.289089952129, 0.970510258315, 0.233460079993, 0.0734432616676, 0.48489853285, 0.1832144308, 0.431330926946, 0.471638308274, 0.330315755278, 0.528789023149, 0.233839783104, 0.89260877838, 0.600493788434, 0.240389416229, 0.192036558943, 0.277325973399, 0.0683148676354, 0.208026337385, 0.449949996179, 0.00123511733259, 0.960260959245, 0.812557204581, 0.156811515122, 0.0266151765254, 0.0162798151408, 0.220674862096, 0.750015863298, 2.34734311648
0.0559016975867, 0.555165726029, 0.961532068442, 0.339974997333, 0.00120996560836, 0.256837839596, 0.431914335425, 0.0339415674204, 0.642492585453, 0.87260624071, 0.145914269625, 0.998126933688, 0.129334534021, 0.634704192673, 0.896972362158, 0.0376404359228, 0.0418249807876, 0.0759541420133, 0.657764491704, 0.0898335018431, 0.154440439551, 0.246961552824, 0.577525181804, 0.576751763142, 0.133149745778, 0.629021797201, 0.380795956999, 0.205186103669, 0.982225076797, 0.048829025887, 0.0559016975867, 4.13356031655
0.0559016975867, 0.555165726029, 0.961532068442, 0.339974997333, 0.00120996560836, 0.256837839596, 0.431914335425, 0.0339415674204, 0.642492585453, 0.87260624071, 0.145914269625, 0.998126933688, 0.129334534021, 0.634704192673, 0.896972362158, 0.0376404359228, 0.0418249807876, 0.0759541420133, 0.657764491704, 0.0898335018431, 0.154440439551, 0.246961552824, 0.577525181804, 0.576751763142, 0.133149745778, 0.629021797201, 0.380795956999, 0.205186103669, 0.982225076797, 0.048829025887, 0.0559016975867, 4.13356031655
0.0241163973013, 0.561542582291, 0.218612616621, 0.960716124698, 0.289089952129, 0.0921093359241, 0.642701760608, 0.867802237553, 0.13348647103, 0.579925469567, 0.145914269625, 0.152781798037, 0.961455548657, 0.0046993798042, 0.870919000273, 0.115323359407, 0.159679487124, 0.383895983355, 0.578758470466, 0.544292659256, 0.586583255915, 0.277072166072, 0.651305599059, 0.702485114498, 0.84826133689, 0.0341644368053, 0.564342634667, 0.0218404446704, 0.257053726036, 0.342253314915, 0.0241163973013, 4.5509709991
0.560957340539, 0.114665519568, 0.961532068442, 0.39041088005, 0.0218249759771, 0.017299118517, 0.431914335425, 0.0339415674204, 0.642492585453, 0.625856599935, 0.132293284883, 0.994177109719, 0.0461789814447, 0.199369531088, 0.896972362158, 0.0376404359228, 0.524107702706, 0.0759541420133, 0.46034853093, 0.160128459915, 0.154440439551, 0.246961552824, 0.324040570871, 0.492582608005, 0.377132882437, 0.629021797201, 0.0577638626575, 0.205186103669, 0.9855973278, 0.147214056234, 0.560957340539, 2.68433317156
0.0497486393733, 0.614702389112, 0.0610138741469, 0.39041088005, 0.0554835477924, 0.663197937078, 0.914490607517, 0.699101850648, 0.797426403248, 0.816413255951, 0.098271773595, 0.352498643654, 0.113308275475, 0.47498391863, 0.41832193676, 0.20153437147, 0.394330776091, 0.724398979096, 0.0369543063144, 0.122838449574, 0.576837852803, 0.186252775977, 0.464617913243, 0.00731507279427, 0.560265499567, 0.339165722369, 0.824245340244, 0.418913108989, 0.772887276753, 0.586202492314, 0.0497486393733, 4.44155672522
0.0241163973013, 0.561542582291, 0.218612616621, 0.960716124698, 0.289089952129, 0.0921093359241, 0.642701760608, 0.867802237553, 0.13348647103, 0.579925469567, 0.145914269625, 0.152781798037, 0.961455548657, 0.0046993798042, 0.870919000273, 0.115323359407, 0.159679487124, 0.383895983355, 0.578758470466, 0.544292659256, 0.586583255915, 0.277072166072, 0.651305599059, 0.702485114498, 0.84826133689, 0.0341644368053, 0.564342634667, 0.0218404446704, 0.257053726036, 0.342253314915, 0.0241163973013, 4.5509709991
0.560957340539, 0.114665519568, 0.961532068442, 0.39041088005, 0.0218249759771, 0.017299118517, 0.431914335425, 0.0339415674204, 0.642492585453, 0.625856599935, 0.132293284883, 0.994177109719, 0.0461789814447, 0.199369531088, 0.896972362158, 0.0376404359228, 0.524107702706, 0.0759541420133, 0.46034853093, 0.160128459915, 0.154440439551, 0.246961552824, 0.324040570871, 0.492582608005, 0.377132882437, 0.629021797201, 0.0577638626575, 0.205186103669, 0.9855973278, 0.147214056234, 0.560957340539, 2.68433317156
0.0497486393733, 0.614702389112, 0.0610138741469, 0.39041088005, 0.0554835477924, 0.663197937078, 0.914490607517, 0.699101850648, 0.797426403248, 0.816413255951, 0.098271773595, 0.352498643654, 0.113308275475, 0.47498391863, 0.41832193676, 0.20153437147, 0.394330776091, 0.724398979096, 0.0369543063144, 0.122838449574, 0.576837852803, 0.186252775977, 0.464617913243, 0.00731507279427, 0.560265499567, 0.339165722369, 0.824245340244, 0.418913108989, 0.772887276753, 0.586202492314, 0.0497486393733, 4.44155672522
0.00319874980212, 0.87302113682, 0.557312173051, 0.961185007413, 0.1335083492, 0.857401814373, 0.958536160406, 0.638492986722, 0.652309568124, 0.0598319830763, 0.984747079193, 0.999575997415, 0.281174582923, 0.634704192673, 0.475449687451, 0.0356909310168, 0.0556719533695, 0.768335146696, 0.0692530147153, 0.0513352265881, 0.0119105058791, 0.0676941346176, 0.219008761596, 0.031532644949, 0.970462658626, 0.109431914353, 0.539211029306, 0.29096752552, 0.0848478395968, 0.263750550261, 0.00319874980212, 4.79615594748
0.0559016975867, 0.555165726029, 0.961532068442, 0.568842643491, 0.00120996560836, 0.256837839596, 0.431914335425, 0.0339415674204, 0.735542173144, 0.87260624071, 0.145914269625, 0.998126933688, 0.0461789814447, 0.199369531088, 0.928249597635, 0.0376404359228, 0.0418249807876, 0.0759541420133, 0.568578314619, 0.481025022283, 0.154440439551, 0.246961552824, 0.324040570871, 0.576751763142, 0.133149745778, 0.748233884297, 0.380795956999, 0.205186103669, 0.982225076797, 0.048829025887, 0.0559016975867, 4.13427515679
0.00319874980212, 0.87302113682, 0.557312173051, 0.961185007413, 0.1335083492, 0.857401814373, 0.958536160406, 0.638492986722, 0.652309568124, 0.0598319830763, 0.984747079193, 0.999575997415, 0.281174582923, 0.634704192673, 0.475449687451, 0.0356909310168, 0.0556719533695, 0.768335146696, 0.0692530147153, 0.0513352265881, 0.0119105058791, 0.0676941346176, 0.219008761596, 0.031532644949, 0.970462658626, 0.109431914353, 0.539211029306, 0.29096752552, 0.0848478395968, 0.263750550261, 0.00319874980212, 4.79615594748
0.0559016975867, 0.555165726029, 0.961532068442, 0.568842643491, 0.00120996560836, 0.256837839596, 0.431914335425, 0.0339415674204, 0.735542173144, 0.87260624071, 0.145914269625, 0.998126933688, 0.0461789814447, 0.199369531088, 0.928249597635, 0.0376404359228, 0.0418249807876, 0.0759541420133, 0.568578314619, 0.481025022283, 0.154440439551, 0.246961552824, 0.324040570871, 0.576751763142, 0.133149745778, 0.748233884297, 0.380795956999, 0.205186103669, 0.982225076797, 0.048829025887, 0.0559016975867, 4.13427515679
0.198214899878, 0.4344901292, 0.521622632818, 0.897895751149, 0.0146745144008, 0.274239811751, 0.27883866426, 0.757219668103, 0.0849511103512, 0.123959276287, 0.694977301395, 0.410102577957, 0.142869721534, 0.72047334194, 0.647758520212, 0.597031790903, 0.394330776091, 0.788826814457, 0.568578314619, 0.163692421117, 0.354543815964, 0.0304018906937, 0.00629785150995, 0.407195499012, 0.0406476358332, 0.660179511472, 0.11868225763, 0.0307380191855, 0.242722429575, 0.161429470848, 0.198214899878, 3.35906918821
0.286285872245, 0.73087097529, 0.793035980622, 0.639030130923, 0.0598386661096, 0.918449776036, 0.167864005283, 0.0597911210355, 0.372718776774, 0.210373358794, 0.560948019768, 0.0400851550999, 0.46458876244, 0.382222039659, 0.294620992175, 0.436825246592, 0.0257949025724, 0.0827990319772, 0.0875961963875, 0.643224537781, 0.149252345426, 0.34053427914, 0.0901115160077, 0.200283985437, 0.84338641434, 0.355728145099, 0.331152417569, 0.0683293457429, 0.97160564441, 0.880762864073, 0.286285872245, 3.34437789799
0.617850752555, 0.50180249666, 0.0494925871828, 0.0872926442955, 0.0232477978821, 0.320353663302, 0.155335695907, 0.0734432616676, 0.48489853285, 0.1832144308, 0.580011974606, 0.241228138763, 0.84254721839, 0.528789023149, 0.233839783104, 0.94462527794, 0.636814857409, 0.00449819923922, 0.369362587028, 0.4010511197, 0.523805526651, 0.208026337385, 0.449949996179, 0.0519993906441, 0.960260959245, 0.970105842739, 0.328645053781, 0.00587435665675, 0.0162798151408, 0.220674862096, 0.617850752555, 2.61077781696
0.198214899878, 0.4344901292, 0.521622632818, 0.897895751149, 0.0146745144008, 0.274239811751, 0.27883866426, 0.757219668103, 0.0849511103512, 0.123959276287, 0.694977301395, 0.410102577957, 0.142869721534, 0.72047334194, 0.647758520212, 0.597031790903, 0.394330776091, 0.788826814457, 0.568578314619, 0.163692421117, 0.354543815964, 0.0304018906937, 0.00629785150995, 0.407195499012, 0.0406476358332, 0.660179511472, 0.11868225763, 0.0307380191855, 0.242722429575, 0.161429470848, 0.198214899878, 3.35906918821
0.286285872245, 0.73087097529, 0.793035980622, 0.639030130923, 0.0598386661096, 0.918449776036, 0.167864005283, 0.0597911210355, 0.372718776774, 0.210373358794, 0.560948019768, 0.0400851550999, 0.46458876244, 0.382222039659, 0.294620992175, 0.436825246592, 0.0257949025724, 0.0827990319772, 0.0875961963875, 0.643224537781, 0.149252345426, 0.34053427914, 0.0901115160077, 0.200283985437, 0.84338641434, 0.355728145099, 0.331152417569, 0.0683293457429, 0.97160564441, 0.880762864073, 0.286285872245, 3.34437789799
0.617850752555, 0.50180249666, 0.0494925871828, 0.0872926442955, 0.0232477978821, 0.320353663302, 0.155335695907, 0.0734432616676, 0.48489853285, 0.1832144308, 0.580011974606, 0.241228138763, 0.84254721839, 0.528789023149, 0.233839783104, 0.94462527794, 0.636814857409, 0.00449819923922, 0.369362587028, 0.4010511197, 0.523805526651, 0.208026337385, 0.449949996179, 0.0519993906441, 0.960260959245, 0.970105842739, 0.328645053781, 0.00587435665675, 0.0162798151408, 0.220674862096, 0.617850752555, 2.61077781696
0.447146288836, 0.144542690916, 0.647707704398, 0.213050507054, 0.524584895893, 0.184464026767, 0.356102443753, 0.0185650238179, 0.141998492613, 0.202281286657, 0.338933995408, 0.270035912538, 0.281709791588, 0.374511008223, 0.177981995949, 0.148720727262, 0.524107702706, 0.349636520512, 0.0190801997384, 0.194368210284, 0.631949975929, 0.607983265895, 0.734024461075, 0.52579547722, 0.952633024028, 0.295963970861, 0.0133466750616, 0.0933916835472, 0.000289086926551, 0.960180457418, 0.447146288836, 2.73021803711
0.0497486393733, 0.614702389112, 0.0610138741469, 0.39041088005, 0.430302149202, 0.663197937078, 0.854564349995, 0.699101850648, 0.797426403248, 0.816413255951, 0.098271773595, 0.352498643654, 0.113308275475, 0.47498391863, 0.12441067038, 0.20153437147, 0.394330776091, 0.724398979096, 0.0366492460145, 0.122838449574, 0.576837852803, 0.538365351215, 0.464617913243, 0.00731507279427, 0.560265499567, 0.00729719983295, 0.824245340244, 0.418913108989, 0.772887276753, 0.586202492314, 0.0497486393733, 4.45361907968
0.447146288836, 0.144542690916, 0.647707704398, 0.213050507054, 0.524584895893, 0.184464026767, 0.356102443753, 0.0185650238179, 0.141998492613, 0.202281286657, 0.338933995408, 0.270035912538, 0.281709791588, 0.374511008223, 0.177981995949, 0.148720727262, 0.524107702706, 0.349636520512, 0.0190801997384, 0.194368210284, 0.631949975929, 0.607983265895, 0.734024461075, 0.52579547722, 0.952633024028, 0.295963970861, 0.0133466750616, 0.0933916835472, 0.000289086926551, 0.960180457418, 0.447146288836, 2.73021803711
0.0497486393733, 0.614702389112, 0.0610138741469, 0.39041088005, 0.430302149202, 0.663197937078, 0.854564349995, 0.699101850648, 0.797426403248, 0.816413255951, 0.098271773595, 0.352498643654, 0.113308275475, 0.47498391863, 0.12441067038, 0.20153437147, 0.394330776091, 0.724398979096, 0.0366492460145, 0.122838449574, 0.576837852803, 0.538365351215, 0.464617913243, 0.00731507279427, 0.560265499567, 0.00729719983295, 0.824245340244, 0.418913108989, 0.772887276753, 0.586202492314, 0.0497486393733, 4.45361907968
0.128143035097, 0.662602511444, 0.0112216423295, 0.166480720803, 0.211764611543, 0.355677366356, 0.966336637302, 0.712970523, 0.379578250385, 0.512850977762, 0.656138952365, 0.455229347812, 0.133864782315, 0.492218875193, 0.300358082354, 0.28132661082, 0.915326760071, 0.83481665863, 0.594454681404, 0.192548983372, 0.958153572542, 0.256642176238, 0.186382801812, 0.0777061916901, 0.301189531346, 0.109619780916, 0.0299172815451, 0.0033766218858, 0.315108078307, 0.902736167347, 0.128143035097, 3.93942158514
0.128143035097, 0.662602511444, 0.0112216423295, 0.166480720803, 0.211764611543, 0.355677366356, 0.966336637302, 0.712970523, 0.379578250385, 0.512850977762, 0.656138952365, 0.455229347812, 0.133864782315, 0.492218875193, 0.300358082354, 0.28132661082, 0.915326760071, 0.83481665863, 0.594454681404, 0.192548983372, 0.958153572542, 0.256642176238, 0.186382801812, 0.0777061916901, 0.301189531346, 0.109619780916, 0.0299172815451, 0.0033766218858, 0.315108078307, 0.902736167347, 0.128143035097, 3.93942158514
0.00319874980212, 0.87302113682, 0.557312173051, 0.965715827914, 0.1335083492, 0.672970189563, 0.958536160406, 0.638492986722, 0.463513075246, 0.0598319830763, 0.207823498035, 0.999575997415, 0.312854932721, 0.634704192673, 0.707141999402, 0.0113822723871, 0.0556719533695, 0.348545279042, 0.744619823517, 0.0513352265881, 0.0185008637934, 0.0676941346176, 0.577525181804, 0.031532644949, 0.644066213411, 0.109431914353, 0.245964396536, 0.366859847864, 0.954161083532, 0.284287209485, 0.00319874980212, 4.81460874748
0.00319874980212, 0.87302113682, 0.557312173051, 0.965715827914, 0.1335083492, 0.672970189563, 0.958536160406, 0.638492986722, 0.463513075246, 0.0598319830763, 0.207823498035, 0.999575997415, 0.312854932721, 0.634704192673, 0.707141999402, 0.0113822723871, 0.0556719533695, 0.348545279042, 0.744619823517, 0.0513352265881, 0.0185008637934, 0.0676941346176, 0.577525181804, 0.031532644949, 0.644066213411, 0.109431914353, 0.245964396536, 0.366859847864, 0.954161083532, 0.284287209485, 0.00319874980212, 4.81460874748
0.417714834895, 0.555165726029, 0.218612616621, 0.0328655067307, 0.2517985518, 0.147574401102, 0.642701760608, 0.867802237553, 0.283626314556, 0.677155463262, 0.145914269625, 0.913971965382, 0.578708090059, 0.000822299618693, 0.464391732152, 0.22044994709, 0.0878329946257, 0.383895983355, 0.578758470466, 0.449724383371, 0.448103151483, 0.000814563520881, 0.53271208322, 0.277646604503, 0.82595057554, 0.0384482467084, 0.564342634667, 0.0266151765254, 0.257053726036, 0.230361540057, 0.417714834895, 2.97825667809
0.417714834895, 0.555165726029, 0.218612616621, 0.0328655067307, 0.2517985518, 0.147574401102, 0.642701760608, 0.867802237553, 0.283626314556, 0.677155463262, 0.145914269625, 0.913971965382, 0.578708090059, 0.000822299618693, 0.464391732152, 0.22044994709, 0.0878329946257, 0.383895983355, 0.578758470466, 0.449724383371, 0.448103151483, 0.000814563520881, 0.53271208322, 0.277646604503, 0.82595057554, 0.0384482467084, 0.564342634667, 0.0266151765254, 0.257053726036, 0.230361540057, 0.417714834895, 2.97825667809
0.148954323321, 0.198236126121, 0.0648310116904, 0.213050507054, 0.524584895893, 0.184464026767, 0.396194791407, 0.116231431415, 0.589622387031, 0.202281286657, 0.338933995408, 0.442984052498, 0.113308275475, 0.199369531088, 0.177981995949, 0.366134104219, 0.524107702706, 0.169807689122, 0.882112118259, 0.273292312551, 0.631949975929, 0.574401085114, 0.8948671833, 0.566326496331, 0.952633024028, 0.800419081119, 0.0577638626575, 0.0912555615667, 0.376291588247, 0.960180457418, 0.148954323321, 3.85237505539
0.148954323321, 0.198236126121, 0.0648310116904, 0.213050507054, 0.524584895893, 0.184464026767, 0.396194791407, 0.116231431415, 0.589622387031, 0.202281286657, 0.338933995408, 0.442984052498, 0.113308275475, 0.199369531088, 0.177981995949, 0.366134104219, 0.524107702706, 0.169807689122, 0.882112118259, 0.273292312551, 0.631949975929, 0.574401085114, 0.8948671833, 0.566326496331, 0.952633024028, 0.800419081119, 0.0577638626575, 0.0912555615667, 0.376291588247, 0.960180457418, 0.148954323321, 3.85237505539
0.00319874980212, 0.87302113682, 0.557312173051, 0.965715827914, 0.0961003509246, 0.0265734564892, 0.958536160406, 0.387528979081, 0.652309568124, 0.0598319830763, 0.984747079193, 0.99965094292, 0.286151808705, 0.63431823473, 0.715535017131, 0.0343410618393, 0.0556719533695, 0.348545279042, 0.744619823517, 0.0513352265881, 0.0185008637934, 0.0676941346176, 0.533869428882, 0.031532644949, 0.755300186059, 0.0922180028641, 0.0324765769701, 0.366859847864, 0.954161083532, 0.435013994219, 0.00319874980212, 4.82162289126
0.00319874980212, 0.87302113682, 0.557312173051, 0.965715827914, 0.0961003509246, 0.0265734564892, 0.958536160406, 0.387528979081, 0.652309568124, 0.0598319830763, 0.984747079193, 0.99965094292, 0.286151808705, 0.63431823473, 0.715535017131, 0.0343410618393, 0.0556719533695, 0.348545279042, 0.744619823517, 0.0513352265881, 0.0185008637934, 0.0676941346176, 0.533869428882, 0.031532644949, 0.755300186059, 0.0922180028641, 0.0324765769701, 0.366859847864, 0.954161083532, 0.435013994219, 0.00319874980212, 4.82162289126
0.821101987242, 0.4344901292, 0.521622632818, 0.912600086615, 0.190711975566, 0.274239811751, 0.213606086496, 0.787471673355, 0.116722966208, 0.111434205139, 0.115743087125, 0.410102577957, 0.227367928953, 0.72047334194, 0.851506976965, 0.20153437147, 0.394330776091, 0.0229982479395, 0.46034853093, 0.713648110025, 0.354543815964, 0.0304018906937, 0.00629785150995, 0.407195499012, 0.834133495283, 0.242915799731, 0.11868225763, 0.0307380191855, 0.242722429575, 0.470338688174, 0.821101987242, 2.3690283198
0.821101987242, 0.4344901292, 0.521622632818, 0.912600086615, 0.190711975566, 0.274239811751, 0.213606086496, 0.787471673355, 0.116722966208, 0.111434205139, 0.115743087125, 0.410102577957, 0.227367928953, 0.72047334194, 0.851506976965, 0.20153437147, 0.394330776091, 0.0229982479395, 0.46034853093, 0.713648110025, 0.354543815964, 0.0304018906937, 0.00629785150995, 0.407195499012, 0.834133495283, 0.242915799731, 0.11868225763, 0.0307380191855, 0.242722429575, 0.470338688174, 0.821101987242, 2.3690283198
0.0559016975867, 0.227561528041, 0.961532068442, 0.68646502262, 0.0218249759771, 0.256837839596, 0.431914335425, 0.0339415674204, 0.642492585453, 0.625856599935, 0.117350568152, 0.994177109719, 0.763439481562, 0.918327203474, 0.896972362158, 0.0376404359228, 0.002506626888, 0.0759541420133, 0.568578314619, 0.160128459915, 0.154440439551, 0.246961552824, 0.324040570871, 0.576751763142, 0.327690143979, 0.629021797201, 0.380795956999, 0.162992536846, 0.997022389287, 0.048829025887, 0.0559016975867, 4.29010040334
0.639441151554, 0.4344901292, 0.290844753827, 0.897895751149, 0.233567203799, 0.274239811751, 0.27883866426, 0.110406349594, 0.461677120168, 0.123959276287, 0.588505854143, 0.410102577957, 0.155310994006, 0.72047334194, 0.84820382866, 0.512178259386, 0.694388645882, 0.366959530023, 0.46034853093, 0.163692421117, 0.354543815964, 0.0185519009542, 0.00629785150995, 0.407195499012, 0.0406476358332, 0.699405914991, 0.11868225763, 0.0135220555976, 0.242722429575, 0.246951352123, 0.639441151554, 2.52712550563
0.0559016975867, 0.227561528041, 0.961532068442, 0.68646502262, 0.0218249759771, 0.256837839596, 0.431914335425, 0.0339415674204, 0.642492585453, 0.625856599935, 0.117350568152, 0.994177109719, 0.763439481562, 0.918327203474, 0.896972362158, 0.0376404359228, 0.002506626888, 0.0759541420133, 0.568578314619, 0.160128459915, 0.154440439551, 0.246961552824, 0.324040570871, 0.576751763142, 0.327690143979, 0.629021797201, 0.380795956999, 0.162992536846, 0.997022389287, 0.048829025887, 0.0559016975867, 4.29010040334
0.639441151554, 0.4344901292, 0.290844753827, 0.897895751149, 0.233567203799, 0.274239811751, 0.27883866426, 0.110406349594, 0.461677120168, 0.123959276287, 0.588505854143, 0.410102577957, 0.155310994006, 0.72047334194, 0.84820382866, 0.512178259386, 0.694388645882, 0.366959530023, 0.46034853093, 0.163692421117, 0.354543815964, 0.0185519009542, 0.00629785150995, 0.407195499012, 0.0406476358332, 0.699405914991, 0.11868225763, 0.0135220555976, 0.242722429575, 0.246951352123, 0.639441151554, 2.52712550563
