0.617850752555, 0.247367796728, 0.0189257482976, 0.0872926442955, 0.0232477978821, 0.528749109462, 0.233460079993, 0.0734432616676, 0.13348647103, 0.483281543482, 0.145914269625, 0.241228138763, 0.330315755278, 0.478076247574, 0.233839783104, 0.99965291082, 0.394330776091, 0.407374801114, 0.520970602779, 0.0513352265881, 0.523805526651, 0.000563372964321, 0.449949996179, 0.0519993906441, 0.960260959245, 0.788295591049, 0.156811515122, 0.0175468195493, 0.00664227958397, 0.174813410254, 0.617850752555, 2.20358950564
0.00736874582155, 0.020148110954, 0.0494925871828, 0.018548173015, 0.257707428266, 0.621704832323, 0.233460079993, 0.0734432616676, 0.150939495542, 0.101604866658, 0.431330926946, 0.202769412675, 0.378142440257, 0.994600452899, 0.58693387362, 0.854498951077, 0.600493788434, 0.349636520512, 0.46034853093, 0.130185150912, 0.802632201339, 0.497846555681, 0.449949996179, 0.106176561151, 0.628354160874, 0.439083868024, 0.519918066198, 0.0824404364279, 0.0162798151408, 0.586258790163, 0.00736874582155, 4.12551977282
0.00128452339187, 0.87302113682, 0.825523045669, 0.965715827914, 0.1335083492, 0.77208495694, 0.858980769353, 0.757219668103, 0.353557316983, 0.0294491696232, 0.113866156435, 0.303469760206, 0.137354814978, 0.634704192673, 0.707141999402, 0.0551115954718, 0.0556719533695, 0.112284382809, 0.459051307865, 0.0330872497389, 0.0185008637934, 0.0676941346176, 0.577525181804, 0.0279749245493, 0.975300835895, 6.74238751224e-05, 0.00887809449866, 0.0135220555976, 0.283187139093, 0.161429470848, 0.00128452339187, 4.12770993877
0.427603725761, 0.247367796728, 0.0189257482976, 0.0872926442955, 0.0232477978821, 0.528749109462, 0.262861173368, 0.0734432616676, 0.878518167783, 0.1832144308, 0.431330926946, 0.241228138763, 0.330315755278, 0.0587249398517, 0.233839783104, 0.89260877838, 0.070699052175, 0.240389416229, 0.520970602779, 0.4010511197, 0.523805526651, 0.000563372964321, 0.449949996179, 0.0519993906441, 0.960260959245, 0.643676278344, 0.156811515122, 0.0175468195493, 0.0162798151408, 0.220674862096, 0.427603725761, 2.459266453
0.560957340539, 0.114665519568, 0.594584504679, 0.39041088005, 0.00277771404281, 0.0478371596012, 0.431914335425, 0.0339415674204, 0.642492585453, 0.596285540914, 0.132293284883, 0.994177109719, 0.0461789814447, 0.199369531088, 0.956681953459, 0.0376404359228, 0.524107702706, 0.349636520512, 0.0589326199722, 7.01285060758e-05, 0.0846925221816, 0.0485129673188, 0.324040570871, 0.492582608005, 0.377132882437, 0.629021797201, 0.0577638626575, 0.191807367245, 0.510822975592, 0.147214056234, 0.560957340539, 2.33882555395
0.639441151554, 0.4344901292, 0.47009335394, 0.897895751149, 0.462739306984, 0.274239811751, 0.32127059406, 0.53961197509, 0.116722966208, 0.625856599935, 0.0774957180266, 0.410102577957, 0.164480131709, 0.400336981946, 0.851506976965, 0.0246912284674, 0.394330776091, 0.0264891544189, 0.46034853093, 0.163692421117, 0.354543815964, 0.224780484398, 0.00629785150995, 0.117347016836, 0.000885367250888, 0.0324182821845, 0.11868225763, 0.0307380191855, 0.175698314319, 0.470338688174, 0.639441151554, 2.14909216176
0.813102970198, 0.176062099884, 0.961532068442, 0.352807143558, 0.467088000979, 0.784759896899, 0.356102443753, 0.0339415674204, 0.981366457383, 0.625856599935, 0.132293284883, 0.996301734208, 0.0461789814447, 0.132632008889, 0.233839783104, 0.0448191790154, 0.0360044749098, 0.0759541420133, 0.46034853093, 0.0515776444644, 0.10789765637, 0.0304018906937, 0.324040570871, 0.251751371253, 0.377132882437, 0.117785805755, 0.310917942086, 0.205186103669, 0.633206361195, 0.048829025887, 0.813102970198, 2.12215640984
0.0559016975867, 0.639870080156, 0.961532068442, 0.0593383299283, 0.184978525128, 0.0280046150178, 0.431914335425, 0.0339415674204, 0.353557316983, 0.483281543482, 0.132293284883, 0.316346171513, 0.142869721534, 0.199369531088, 0.896972362158, 0.0376404359228, 0.0093671118752, 0.0759541420133, 0.568578314619, 7.01285060758e-05, 0.154440439551, 0.587123614511, 0.324040570871, 0.492582608005, 0.711500735438, 0.991127146669, 0.380795956999, 0.167767360575, 0.230465830356, 0.0130195012722, 0.0559016975867, 3.51021675079
0.123977929671, 0.4344901292, 0.110033975353, 0.937346519321, 0.233567203799, 0.274239811751, 0.27883866426, 0.0560193436653, 0.249209320604, 0.123959276287, 0.134596125977, 0.410102577957, 0.155310994006, 0.72047334194, 0.859319082374, 0.597031790903, 0.394330776091, 0.366959530023, 0.46034853093, 0.163692421117, 0.354543815964, 0.0185519009542, 0.00629785150995, 0.488770889794, 0.0406476358332, 0.699405914991, 0.11868225763, 0.0135220555976, 0.242722429575, 0.246951352123, 0.123977929671, 3.16099371731
0.198214899878, 0.372526950671, 0.521622632818, 0.646529210457, 0.226232317902, 0.274239811751, 0.148058471261, 0.116231431415, 0.116722966208, 0.123959276287, 0.189303527753, 0.410102577957, 0.750328628286, 0.302559704814, 0.84820382866, 0.52546024338, 0.394330776091, 0.0264891544189, 0.46034853093, 0.163692421117, 0.211936876505, 0.0304018906937, 0.00629785150995, 0.407195499012, 0.0406476358332, 0.660179511472, 0.11868225763, 0.0307380191855, 0.242722429575, 0.161429470848, 0.198214899878, 2.79620918953
0.417714834895, 0.367529523101, 0.218612616621, 0.24496573893, 0.2517985518, 0.147574401102, 0.642701760608, 0.581569030424, 0.13348647103, 0.677155463262, 0.503700291929, 0.115677033149, 0.578708090059, 0.00335373487395, 0.642925487936, 0.22044994709, 0.383398149186, 0.0759541420133, 0.578758470466, 0.395583019562, 0.448103151483, 0.0576318326337, 0.34302036784, 0.277646604503, 0.82595057554, 0.0114962078819, 0.564342634667, 0.0266151765254, 0.257053726036, 0.274724546634, 0.417714834895, 2.75524540914
0.447146288836, 0.198236126121, 0.0494925871828, 0.213050507054, 0.524584895893, 0.232641658309, 0.356102443753, 0.0185650238179, 0.141998492613, 0.202281286657, 0.338933995408, 0.270035912538, 0.281709791588, 0.374511008223, 0.177981995949, 0.148720727262, 0.398851062346, 0.119488203188, 0.121119260759, 0.0582003748661, 0.631949975929, 0.607983265895, 0.734024461075, 0.52579547722, 0.574499538308, 0.295963970861, 0.0133466750616, 0.0933916835472, 0.000289086926551, 0.960180457418, 0.447146288836, 2.4045022036
0.0241163973013, 0.34272815608, 0.0494925871828, 0.018548173015, 0.0218249759771, 0.397321182179, 0.44821174298, 0.0734432616676, 0.48489853285, 0.101604866658, 0.431330926946, 0.153467931382, 0.727593182812, 0.438014989743, 0.315930804704, 0.802664112573, 0.600493788434, 0.788442014176, 0.194963444702, 0.130185150912, 0.989586434288, 0.497846555681, 0.449949996179, 0.106176561151, 0.289312762446, 0.0384482467084, 0.519918066198, 0.0824404364279, 0.0162798151408, 0.77818297573, 0.0241163973013, 3.87522897861
0.617850752555, 0.247367796728, 0.0189257482976, 0.0872926442955, 0.0232477978821, 0.528749109462, 0.233460079993, 0.0734432616676, 0.13348647103, 0.483281543482, 0.145914269625, 0.241228138763, 0.330315755278, 0.478076247574, 0.233839783104, 0.99965291082, 0.394330776091, 0.407374801114, 0.520970602779, 0.0513352265881, 0.523805526651, 0.000563372964321, 0.449949996179, 0.0519993906441, 0.960260959245, 0.788295591049, 0.156811515122, 0.0175468195493, 0.00664227958397, 0.174813410254, 0.617850752555, 2.20358950564
0.00736874582155, 0.020148110954, 0.0494925871828, 0.018548173015, 0.257707428266, 0.621704832323, 0.233460079993, 0.0734432616676, 0.150939495542, 0.101604866658, 0.431330926946, 0.202769412675, 0.378142440257, 0.994600452899, 0.58693387362, 0.854498951077, 0.600493788434, 0.349636520512, 0.46034853093, 0.130185150912, 0.802632201339, 0.497846555681, 0.449949996179, 0.106176561151, 0.628354160874, 0.439083868024, 0.519918066198, 0.0824404364279, 0.0162798151408, 0.586258790163, 0.00736874582155, 4.12551977282
0.00128452339187, 0.87302113682, 0.825523045669, 0.965715827914, 0.1335083492, 0.77208495694, 0.858980769353, 0.757219668103, 0.353557316983, 0.0294491696232, 0.113866156435, 0.303469760206, 0.137354814978, 0.634704192673, 0.707141999402, 0.0551115954718, 0.0556719533695, 0.112284382809, 0.459051307865, 0.0330872497389, 0.0185008637934, 0.0676941346176, 0.577525181804, 0.0279749245493, 0.975300835895, 6.74238751224e-05, 0.00887809449866, 0.0135220555976, 0.283187139093, 0.161429470848, 0.00128452339187, 4.12770993877
0.427603725761, 0.247367796728, 0.0189257482976, 0.0872926442955, 0.0232477978821, 0.528749109462, 0.262861173368, 0.0734432616676, 0.878518167783, 0.1832144308, 0.431330926946, 0.241228138763, 0.330315755278, 0.0587249398517, 0.233839783104, 0.89260877838, 0.070699052175, 0.240389416229, 0.520970602779, 0.4010511197, 0.523805526651, 0.000563372964321, 0.449949996179, 0.0519993906441, 0.960260959245, 0.643676278344, 0.156811515122, 0.0175468195493, 0.0162798151408, 0.220674862096, 0.427603725761, 2.459266453
0.560957340539, 0.114665519568, 0.594584504679, 0.39041088005, 0.00277771404281, 0.0478371596012, 0.431914335425, 0.0339415674204, 0.642492585453, 0.596285540914, 0.132293284883, 0.994177109719, 0.0461789814447, 0.199369531088, 0.956681953459, 0.0376404359228, 0.524107702706, 0.349636520512, 0.0589326199722, 7.01285060758e-05, 0.0846925221816, 0.0485129673188, 0.324040570871, 0.492582608005, 0.377132882437, 0.629021797201, 0.0577638626575, 0.191807367245, 0.510822975592, 0.147214056234, 0.560957340539, 2.33882555395
0.639441151554, 0.4344901292, 0.47009335394, 0.897895751149, 0.462739306984, 0.274239811751, 0.32127059406, 0.53961197509, 0.116722966208, 0.625856599935, 0.0774957180266, 0.410102577957, 0.164480131709, 0.400336981946, 0.851506976965, 0.0246912284674, 0.394330776091, 0.0264891544189, 0.46034853093, 0.163692421117, 0.354543815964, 0.224780484398, 0.00629785150995, 0.117347016836, 0.000885367250888, 0.0324182821845, 0.11868225763, 0.0307380191855, 0.175698314319, 0.470338688174, 0.639441151554, 2.14909216176
0.813102970198, 0.176062099884, 0.961532068442, 0.352807143558, 0.467088000979, 0.784759896899, 0.356102443753, 0.0339415674204, 0.981366457383, 0.625856599935, 0.132293284883, 0.996301734208, 0.0461789814447, 0.132632008889, 0.233839783104, 0.0448191790154, 0.0360044749098, 0.0759541420133, 0.46034853093, 0.0515776444644, 0.10789765637, 0.0304018906937, 0.324040570871, 0.251751371253, 0.377132882437, 0.117785805755, 0.310917942086, 0.205186103669, 0.633206361195, 0.048829025887, 0.813102970198, 2.12215640984
0.0559016975867, 0.639870080156, 0.961532068442, 0.0593383299283, 0.184978525128, 0.0280046150178, 0.431914335425, 0.0339415674204, 0.353557316983, 0.483281543482, 0.132293284883, 0.316346171513, 0.142869721534, 0.199369531088, 0.896972362158, 0.0376404359228, 0.0093671118752, 0.0759541420133, 0.568578314619, 7.01285060758e-05, 0.154440439551, 0.587123614511, 0.324040570871, 0.492582608005, 0.711500735438, 0.991127146669, 0.380795956999, 0.167767360575, 0.230465830356, 0.0130195012722, 0.0559016975867, 3.51021675079
0.123977929671, 0.4344901292, 0.110033975353, 0.937346519321, 0.233567203799, 0.274239811751, 0.27883866426, 0.0560193436653, 0.249209320604, 0.123959276287, 0.134596125977, 0.410102577957, 0.155310994006, 0.72047334194, 0.859319082374, 0.597031790903, 0.394330776091, 0.366959530023, 0.46034853093, 0.163692421117, 0.354543815964, 0.0185519009542, 0.00629785150995, 0.488770889794, 0.0406476358332, 0.699405914991, 0.11868225763, 0.0135220555976, 0.242722429575, 0.246951352123, 0.123977929671, 3.16099371731
0.198214899878, 0.372526950671, 0.521622632818, 0.646529210457, 0.226232317902, 0.274239811751, 0.148058471261, 0.116231431415, 0.116722966208, 0.123959276287, 0.189303527753, 0.410102577957, 0.750328628286, 0.302559704814, 0.84820382866, 0.52546024338, 0.394330776091, 0.0264891544189, 0.46034853093, 0.163692421117, 0.211936876505, 0.0304018906937, 0.00629785150995, 0.407195499012, 0.0406476358332, 0.660179511472, 0.11868225763, 0.0307380191855, 0.242722429575, 0.161429470848, 0.198214899878, 2.79620918953
0.417714834895, 0.367529523101, 0.218612616621, 0.24496573893, 0.2517985518, 0.147574401102, 0.642701760608, 0.581569030424, 0.13348647103, 0.677155463262, 0.503700291929, 0.115677033149, 0.578708090059, 0.00335373487395, 0.642925487936, 0.22044994709, 0.383398149186, 0.0759541420133, 0.578758470466, 0.395583019562, 0.448103151483, 0.0576318326337, 0.34302036784, 0.277646604503, 0.82595057554, 0.0114962078819, 0.564342634667, 0.0266151765254, 0.257053726036, 0.274724546634, 0.417714834895, 2.75524540914
0.447146288836, 0.198236126121, 0.0494925871828, 0.213050507054, 0.524584895893, 0.232641658309, 0.356102443753, 0.0185650238179, 0.141998492613, 0.202281286657, 0.338933995408, 0.270035912538, 0.281709791588, 0.374511008223, 0.177981995949, 0.148720727262, 0.398851062346, 0.119488203188, 0.121119260759, 0.0582003748661, 0.631949975929, 0.607983265895, 0.734024461075, 0.52579547722, 0.574499538308, 0.295963970861, 0.0133466750616, 0.0933916835472, 0.000289086926551, 0.960180457418, 0.447146288836, 2.4045022036
0.0241163973013, 0.34272815608, 0.0494925871828, 0.018548173015, 0.0218249759771, 0.397321182179, 0.44821174298, 0.0734432616676, 0.48489853285, 0.101604866658, 0.431330926946, 0.153467931382, 0.727593182812, 0.438014989743, 0.315930804704, 0.802664112573, 0.600493788434, 0.788442014176, 0.194963444702, 0.130185150912, 0.989586434288, 0.497846555681, 0.449949996179, 0.106176561151, 0.289312762446, 0.0384482467084, 0.519918066198, 0.0824404364279, 0.0162798151408, 0.77818297573, 0.0241163973013, 3.87522897861
0.0241163973013, 0.176709876319, 0.0494925871828, 0.018548173015, 0.364109235969, 0.621704832323, 0.233460079993, 0.0734432616676, 0.150939495542, 0.101604866658, 0.984747079193, 0.202769412675, 0.378142440257, 0.438014989743, 0.315930804704, 0.802664112573, 0.600493788434, 0.349636520512, 0.194963444702, 0.130185150912, 0.802632201339, 0.497846555681, 0.449949996179, 0.106176561151, 0.706896593113, 0.742664996438, 0.270833725111, 0.0824404364279, 0.0162798151408, 0.586258790163, 0.0241163973013, 3.92307796189
0.0241163973013, 0.176709876319, 0.0494925871828, 0.018548173015, 0.364109235969, 0.621704832323, 0.233460079993, 0.0734432616676, 0.150939495542, 0.101604866658, 0.984747079193, 0.202769412675, 0.378142440257, 0.438014989743, 0.315930804704, 0.802664112573, 0.600493788434, 0.349636520512, 0.194963444702, 0.130185150912, 0.802632201339, 0.497846555681, 0.449949996179, 0.106176561151, 0.706896593113, 0.742664996438, 0.270833725111, 0.0824404364279, 0.0162798151408, 0.586258790163, 0.0241163973013, 3.92307796189
0.0559016975867, 0.639870080156, 0.961532068442, 0.0593383299283, 0.184978525128, 0.0280046150178, 0.431914335425, 0.0339415674204, 0.353557316983, 0.483281543482, 0.132293284883, 0.316346171513, 0.142869721534, 0.199369531088, 0.896972362158, 0.0376404359228, 0.0093671118752, 0.0759541420133, 0.568578314619, 0.160128459915, 0.154440439551, 0.587123614511, 0.324040570871, 0.492582608005, 0.711500735438, 0.991127146669, 0.380795956999, 0.167767360575, 0.230465830356, 0.0130195012722, 0.0559016975867, 3.55695639646
0.813102970198, 0.114665519568, 0.138715906063, 0.39041088005, 0.0218249759771, 0.511995491267, 0.431914335425, 0.0339415674204, 0.981366457383, 0.625856599935, 0.132293284883, 0.996301734208, 0.0461789814447, 0.132632008889, 0.233839783104, 0.0448191790154, 0.0360044749098, 0.0759541420133, 0.46034853093, 0.160128459915, 0.772872102367, 0.0304018906937, 0.324040570871, 0.492582608005, 0.292052261983, 0.397319207756, 0.310917942086, 0.205186103669, 0.982225076797, 0.048829025887, 0.813102970198, 2.13869125819
0.0559016975867, 0.639870080156, 0.961532068442, 0.0593383299283, 0.184978525128, 0.0280046150178, 0.431914335425, 0.0339415674204, 0.353557316983, 0.483281543482, 0.132293284883, 0.316346171513, 0.142869721534, 0.199369531088, 0.896972362158, 0.0376404359228, 0.0093671118752, 0.0759541420133, 0.568578314619, 0.160128459915, 0.154440439551, 0.587123614511, 0.324040570871, 0.492582608005, 0.711500735438, 0.991127146669, 0.380795956999, 0.167767360575, 0.230465830356, 0.0130195012722, 0.0559016975867, 3.55695639646
0.813102970198, 0.114665519568, 0.138715906063, 0.39041088005, 0.0218249759771, 0.511995491267, 0.431914335425, 0.0339415674204, 0.981366457383, 0.625856599935, 0.132293284883, 0.996301734208, 0.0461789814447, 0.132632008889, 0.233839783104, 0.0448191790154, 0.0360044749098, 0.0759541420133, 0.46034853093, 0.160128459915, 0.772872102367, 0.0304018906937, 0.324040570871, 0.492582608005, 0.292052261983, 0.397319207756, 0.310917942086, 0.205186103669, 0.982225076797, 0.048829025887, 0.813102970198, 2.13869125819
0.0241163973013, 0.34272815608, 0.0494925871828, 0.018548173015, 0.0218249759771, 0.447263858199, 0.44821174298, 0.0734432616676, 0.48489853285, 0.101604866658, 0.431330926946, 0.202769412675, 0.251707265617, 0.438014989743, 0.315930804704, 0.802664112573, 0.600493788434, 0.383895983355, 0.194963444702, 0.130185150912, 0.802632201339, 0.497846555681, 0.449949996179, 0.106176561151, 0.706896593113, 0.907793484194, 0.519918066198, 0.0289305888231, 0.0162798151408, 0.77818297573, 0.0241163973013, 3.95444982212
0.0344791975665, 0.7758924224, 0.0112216423295, 0.166480720803, 0.211764611543, 0.282845336945, 0.353318601416, 0.712970523, 0.379578250385, 0.776523479873, 0.309651249207, 0.455229347812, 0.133864782315, 0.492218875193, 0.0284703761714, 0.28132661082, 0.915326760071, 0.933608306549, 0.221355179433, 0.0123605544341, 0.958153572542, 0.0932431913235, 0.45973214649, 0.0777061916901, 0.301189531346, 0.109619780916, 0.0299172815451, 0.00220652648708, 0.315108078307, 0.902736167347, 0.0344791975665, 3.93579156875
0.0241163973013, 0.34272815608, 0.0494925871828, 0.018548173015, 0.0218249759771, 0.447263858199, 0.44821174298, 0.0734432616676, 0.48489853285, 0.101604866658, 0.431330926946, 0.202769412675, 0.251707265617, 0.438014989743, 0.315930804704, 0.802664112573, 0.600493788434, 0.383895983355, 0.194963444702, 0.130185150912, 0.802632201339, 0.497846555681, 0.449949996179, 0.106176561151, 0.706896593113, 0.907793484194, 0.519918066198, 0.0289305888231, 0.0162798151408, 0.77818297573, 0.0241163973013, 3.95444982212
0.0344791975665, 0.7758924224, 0.0112216423295, 0.166480720803, 0.211764611543, 0.282845336945, 0.353318601416, 0.712970523, 0.379578250385, 0.776523479873, 0.309651249207, 0.455229347812, 0.133864782315, 0.492218875193, 0.0284703761714, 0.28132661082, 0.915326760071, 0.933608306549, 0.221355179433, 0.0123605544341, 0.958153572542, 0.0932431913235, 0.45973214649, 0.0777061916901, 0.301189531346, 0.109619780916, 0.0299172815451, 0.00220652648708, 0.315108078307, 0.902736167347, 0.0344791975665, 3.93579156875
0.00154831356129, 0.576340385002, 0.557312173051, 0.965715827914, 0.1335083492, 0.857401814373, 0.958536160406, 0.0339415674204, 0.353557316983, 0.483281543482, 0.431330926946, 0.316346171513, 0.117110404812, 0.199369531088, 0.707141999402, 0.0551115954718, 0.0556719533695, 0.536463081353, 0.744619823517, 0.0513352265881, 0.0185008637934, 0.0676941346176, 0.577525181804, 0.0114773098606, 0.228159360045, 6.74238751224e-05, 0.519918066198, 0.520804933597, 0.407377525183, 0.284287209485, 0.00154831356129, 4.26038901587
0.00128452339187, 0.87302113682, 0.557312173051, 0.965715827914, 0.1335083492, 0.706540438369, 0.958536160406, 0.757219668103, 0.353557316983, 0.0294491696232, 0.793101091408, 0.201515831224, 0.137354814978, 0.634704192673, 0.707141999402, 0.0551115954718, 0.0556719533695, 0.132942408517, 0.459051307865, 0.0330872497389, 0.0185008637934, 0.0676941346176, 0.577525181804, 0.031532644949, 0.975300835895, 6.74238751224e-05, 0.00887809449866, 0.520804933597, 0.242722429575, 0.161429470848, 0.00128452339187, 4.3843438014
0.427603725761, 0.247367796728, 0.0189257482976, 0.0872926442955, 0.0232477978821, 0.528749109462, 0.262861173368, 0.0734432616676, 0.878518167783, 0.1832144308, 0.431330926946, 0.148720397761, 0.330315755278, 0.326962688437, 0.233839783104, 0.907504620895, 0.070699052175, 0.240389416229, 0.520970602779, 0.4010511197, 0.523805526651, 0.000563372964321, 0.449949996179, 0.0519993906441, 0.960260959245, 0.787906816773, 0.156811515122, 0.0175468195493, 0.0162798151408, 0.220674862096, 0.427603725761, 2.54569350333
0.00154831356129, 0.576340385002, 0.557312173051, 0.965715827914, 0.1335083492, 0.857401814373, 0.958536160406, 0.0339415674204, 0.353557316983, 0.483281543482, 0.431330926946, 0.316346171513, 0.117110404812, 0.199369531088, 0.707141999402, 0.0551115954718, 0.0556719533695, 0.536463081353, 0.744619823517, 0.0513352265881, 0.0185008637934, 0.0676941346176, 0.577525181804, 0.0114773098606, 0.228159360045, 6.74238751224e-05, 0.519918066198, 0.520804933597, 0.407377525183, 0.284287209485, 0.00154831356129, 4.26038901587
0.00128452339187, 0.87302113682, 0.557312173051, 0.965715827914, 0.1335083492, 0.706540438369, 0.958536160406, 0.757219668103, 0.353557316983, 0.0294491696232, 0.793101091408, 0.201515831224, 0.137354814978, 0.634704192673, 0.707141999402, 0.0551115954718, 0.0556719533695, 0.132942408517, 0.459051307865, 0.0330872497389, 0.0185008637934, 0.0676941346176, 0.577525181804, 0.031532644949, 0.975300835895, 6.74238751224e-05, 0.00887809449866, 0.520804933597, 0.242722429575, 0.161429470848, 0.00128452339187, 4.3843438014
0.427603725761, 0.247367796728, 0.0189257482976, 0.0872926442955, 0.0232477978821, 0.528749109462, 0.262861173368, 0.0734432616676, 0.878518167783, 0.1832144308, 0.431330926946, 0.148720397761, 0.330315755278, 0.326962688437, 0.233839783104, 0.907504620895, 0.070699052175, 0.240389416229, 0.520970602779, 0.4010511197, 0.523805526651, 0.000563372964321, 0.449949996179, 0.0519993906441, 0.960260959245, 0.787906816773, 0.156811515122, 0.0175468195493, 0.0162798151408, 0.220674862096, 0.427603725761, 2.54569350333
0.617850752555, 0.247367796728, 0.0189257482976, 0.0872926442955, 0.0232477978821, 0.528749109462, 0.233460079993, 0.0734432616676, 0.13348647103, 0.1832144308, 0.132537779323, 0.241228138763, 0.330315755278, 0.528789023149, 0.233839783104, 0.99965291082, 0.394330776091, 0.240389416229, 0.520970602779, 0.4010511197, 0.523805526651, 0.000563372964321, 0.883897895822, 0.0519993906441, 0.960260959245, 0.906158887791, 0.156811515122, 0.0175468195493, 0.0162798151408, 0.174813410254, 0.617850752555, 2.32285615332
0.617850752555, 0.247367796728, 0.0189257482976, 0.0872926442955, 0.0232477978821, 0.528749109462, 0.233460079993, 0.0734432616676, 0.13348647103, 0.1832144308, 0.132537779323, 0.241228138763, 0.330315755278, 0.528789023149, 0.233839783104, 0.99965291082, 0.394330776091, 0.240389416229, 0.520970602779, 0.4010511197, 0.523805526651, 0.000563372964321, 0.883897895822, 0.0519993906441, 0.960260959245, 0.906158887791, 0.156811515122, 0.0175468195493, 0.0162798151408, 0.174813410254, 0.617850752555, 2.32285615332
0.00154831356129, 0.576340385002, 0.557312173051, 0.965715827914, 0.1335083492, 0.857401814373, 0.958536160406, 0.0339415674204, 0.353557316983, 0.1832144308, 0.984747079193, 0.316346171513, 0.0597750772661, 0.199369531088, 0.707141999402, 0.0551115954718, 0.0556719533695, 0.348545279042, 0.744619823517, 0.4010511197, 0.0185008637934, 0.0676941346176, 0.577525181804, 0.0114773098606, 0.353483935381, 6.74238751224e-05, 0.270833725111, 0.520804933597, 0.407377525183, 0.284287209485, 0.00154831356129, 4.3323429074
0.0433689383801, 0.555165726029, 0.0482904402119, 0.969994375986, 0.289089952129, 0.0464317137495, 0.821863645333, 0.867802237553, 0.16708085806, 0.677155463262, 0.598050442641, 0.152781798037, 0.239539703317, 0.0046993798042, 0.792412120212, 0.22044994709, 0.159679487124, 0.788442014176, 0.578758470466, 0.395583019562, 0.332395015469, 0.027742576108, 0.53271208322, 0.277646604503, 0.229819710964, 0.0384482467084, 0.564342634667, 0.0625092245901, 0.257053726036, 0.606568858821, 0.0433689383801, 4.06552934397
0.00732995401848, 0.555165726029, 0.961532068442, 0.568842643491, 0.00120996560836, 0.256837839596, 0.431914335425, 0.0339415674204, 0.164495618191, 0.87260624071, 0.145914269625, 0.998126933688, 0.0461789814447, 0.199369531088, 0.928249597635, 0.0356909310168, 0.0418249807876, 0.0759541420133, 0.568578314619, 0.219998781223, 0.154440439551, 0.246961552824, 0.324040570871, 0.858099699506, 0.133149745778, 0.748233884297, 0.380795956999, 0.205186103669, 0.982225076797, 0.048829025887, 0.00732995401848, 4.29120385115
0.00154831356129, 0.576340385002, 0.557312173051, 0.965715827914, 0.1335083492, 0.857401814373, 0.958536160406, 0.0339415674204, 0.353557316983, 0.1832144308, 0.984747079193, 0.316346171513, 0.0597750772661, 0.199369531088, 0.707141999402, 0.0551115954718, 0.0556719533695, 0.348545279042, 0.744619823517, 0.4010511197, 0.0185008637934, 0.0676941346176, 0.577525181804, 0.0114773098606, 0.353483935381, 6.74238751224e-05, 0.270833725111, 0.520804933597, 0.407377525183, 0.284287209485, 0.00154831356129, 4.3323429074
0.0433689383801, 0.555165726029, 0.0482904402119, 0.969994375986, 0.289089952129, 0.0464317137495, 0.821863645333, 0.867802237553, 0.16708085806, 0.677155463262, 0.598050442641, 0.152781798037, 0.239539703317, 0.0046993798042, 0.792412120212, 0.22044994709, 0.159679487124, 0.788442014176, 0.578758470466, 0.395583019562, 0.332395015469, 0.027742576108, 0.53271208322, 0.277646604503, 0.229819710964, 0.0384482467084, 0.564342634667, 0.0625092245901, 0.257053726036, 0.606568858821, 0.0433689383801, 4.06552934397
0.00732995401848, 0.555165726029, 0.961532068442, 0.568842643491, 0.00120996560836, 0.256837839596, 0.431914335425, 0.0339415674204, 0.164495618191, 0.87260624071, 0.145914269625, 0.998126933688, 0.0461789814447, 0.199369531088, 0.928249597635, 0.0356909310168, 0.0418249807876, 0.0759541420133, 0.568578314619, 0.219998781223, 0.154440439551, 0.246961552824, 0.324040570871, 0.858099699506, 0.133149745778, 0.748233884297, 0.380795956999, 0.205186103669, 0.982225076797, 0.048829025887, 0.00732995401848, 4.29120385115
0.00208985549858, 0.109617194704, 0.6566369249, 0.397692847052, 0.155540844963, 0.0160955699005, 0.821863645333, 0.867802237553, 0.40963294299, 0.677155463262, 0.444712375292, 0.152781798037, 0.961455548657, 0.00212006637577, 0.792412120212, 0.22044994709, 0.159679487124, 0.6655563667, 0.578758470466, 0.395583019562, 0.332395015469, 0.027742576108, 0.53271208322, 0.277646604503, 0.0117453110105, 0.0384482467084, 0.564342634667, 0.0478344665556, 0.257053726036, 0.606568858821, 0.00208985549858, 4.37363181941
0.00208985549858, 0.109617194704, 0.6566369249, 0.397692847052, 0.155540844963, 0.0160955699005, 0.821863645333, 0.867802237553, 0.40963294299, 0.677155463262, 0.444712375292, 0.152781798037, 0.961455548657, 0.00212006637577, 0.792412120212, 0.22044994709, 0.159679487124, 0.6655563667, 0.578758470466, 0.395583019562, 0.332395015469, 0.027742576108, 0.53271208322, 0.277646604503, 0.0117453110105, 0.0384482467084, 0.564342634667, 0.0478344665556, 0.257053726036, 0.606568858821, 0.00208985549858, 4.37363181941
0.00128452339187, 0.87302113682, 0.557312173051, 0.965715827914, 0.1335083492, 0.706540438369, 0.958536160406, 0.757219668103, 0.353557316983, 0.0294491696232, 0.793101091408, 0.316346171513, 0.137354814978, 0.634704192673, 0.707141999402, 0.0551115954718, 0.0556719533695, 0.348545279042, 0.955174601356, 0.0513352265881, 0.00859097213045, 0.0676941346176, 0.577525181804, 0.031532644949, 0.975300835895, 6.74238751224e-05, 0.00887809449866, 0.520804933597, 0.00464897657075, 0.161429470848, 0.00128452339187, 4.56800847389
0.00128452339187, 0.87302113682, 0.557312173051, 0.965715827914, 0.1335083492, 0.706540438369, 0.958536160406, 0.757219668103, 0.353557316983, 0.0294491696232, 0.793101091408, 0.316346171513, 0.137354814978, 0.634704192673, 0.707141999402, 0.0551115954718, 0.0556719533695, 0.348545279042, 0.955174601356, 0.0513352265881, 0.00859097213045, 0.0676941346176, 0.577525181804, 0.031532644949, 0.975300835895, 6.74238751224e-05, 0.00887809449866, 0.520804933597, 0.00464897657075, 0.161429470848, 0.00128452339187, 4.56800847389
0.123977929671, 0.4344901292, 0.290844753827, 0.937346519321, 0.233567203799, 0.274239811751, 0.27883866426, 0.0560193436653, 0.461677120168, 0.123959276287, 0.588505854143, 0.410102577957, 0.155310994006, 0.72047334194, 0.84820382866, 0.597031790903, 0.394330776091, 0.366959530023, 0.46034853093, 0.163692421117, 0.354543815964, 0.0185519009542, 0.00629785150995, 0.407195499012, 0.0406476358332, 0.699405914991, 0.11868225763, 0.0135220555976, 0.242722429575, 0.246951352123, 0.123977929671, 3.37445419046
0.123977929671, 0.4344901292, 0.290844753827, 0.937346519321, 0.233567203799, 0.274239811751, 0.27883866426, 0.0560193436653, 0.461677120168, 0.123959276287, 0.588505854143, 0.410102577957, 0.155310994006, 0.72047334194, 0.84820382866, 0.597031790903, 0.394330776091, 0.366959530023, 0.46034853093, 0.163692421117, 0.354543815964, 0.0185519009542, 0.00629785150995, 0.407195499012, 0.0406476358332, 0.699405914991, 0.11868225763, 0.0135220555976, 0.242722429575, 0.246951352123, 0.123977929671, 3.37445419046
0.198214899878, 0.702415123055, 0.521622632818, 0.689472522413, 0.261926810081, 0.274239811751, 0.148058471261, 0.116231431415, 0.116722966208, 0.123959276287, 0.11619279207, 0.410102577957, 0.750328628286, 0.302559704814, 0.84820382866, 0.449217676023, 0.394330776091, 0.935841408599, 0.46034853093, 0.163692421117, 0.211936876505, 0.10989840628, 0.00629785150995, 0.407195499012, 0.0406476358332, 0.660179511472, 0.11868225763, 0.0307380191855, 0.242722429575, 0.161429470848, 0.198214899878, 3.13951369184
0.264058285118, 0.50180249666, 0.492192515518, 0.0872926442955, 0.289089952129, 0.970510258315, 0.233460079993, 0.0236099605897, 0.48489853285, 0.1832144308, 0.431330926946, 0.462314710381, 0.330315755278, 0.528789023149, 0.233839783104, 0.15007489671, 0.524107702706, 0.240389416229, 0.375565519864, 0.277325973399, 0.0154528576845, 0.208026337385, 0.449949996179, 0.00123511733259, 0.960260959245, 0.286954631517, 0.156811515122, 0.0266151765254, 0.218189189364, 0.130871175963, 0.264058285118, 2.86631481844
0.365308697659, 0.0288213808104, 0.647707704398, 0.213050507054, 0.524584895893, 0.184464026767, 0.19190631322, 0.0185650238179, 0.141998492613, 0.816413255951, 0.338933995408, 0.270035912538, 0.0676696251668, 0.374511008223, 0.177981995949, 0.148720727262, 0.614494203845, 0.349636520512, 0.0190801997384, 0.194368210284, 0.576837852803, 0.607983265895, 0.734024461075, 0.52579547722, 0.952633024028, 0.134041583933, 0.0133466750616, 0.0933916835472, 0.000289086926551, 0.960180457418, 0.365308697659, 2.85837061079
0.00128452339187, 0.904416335951, 0.557312173051, 0.965715827914, 0.622677619989, 0.706540438369, 0.958536160406, 0.757219668103, 0.353557316983, 0.0294491696232, 0.793101091408, 0.316346171513, 0.137354814978, 0.634704192673, 0.707141999402, 0.0551115954718, 0.0556719533695, 0.348545279042, 0.46034853093, 0.0513352265881, 0.0122915077802, 0.0676941346176, 0.577525181804, 0.302999716618, 0.975300835895, 0.361317954724, 0.00887809449866, 0.520804933597, 0.0808816977473, 0.161429470848, 0.00128452339187, 4.79528138439
0.198214899878, 0.702415123055, 0.521622632818, 0.689472522413, 0.261926810081, 0.274239811751, 0.148058471261, 0.116231431415, 0.116722966208, 0.123959276287, 0.11619279207, 0.410102577957, 0.750328628286, 0.302559704814, 0.84820382866, 0.449217676023, 0.394330776091, 0.935841408599, 0.46034853093, 0.163692421117, 0.211936876505, 0.10989840628, 0.00629785150995, 0.407195499012, 0.0406476358332, 0.660179511472, 0.11868225763, 0.0307380191855, 0.242722429575, 0.161429470848, 0.198214899878, 3.13951369184
0.264058285118, 0.50180249666, 0.492192515518, 0.0872926442955, 0.289089952129, 0.970510258315, 0.233460079993, 0.0236099605897, 0.48489853285, 0.1832144308, 0.431330926946, 0.462314710381, 0.330315755278, 0.528789023149, 0.233839783104, 0.15007489671, 0.524107702706, 0.240389416229, 0.375565519864, 0.277325973399, 0.0154528576845, 0.208026337385, 0.449949996179, 0.00123511733259, 0.960260959245, 0.286954631517, 0.156811515122, 0.0266151765254, 0.218189189364, 0.130871175963, 0.264058285118, 2.86631481844
0.365308697659, 0.0288213808104, 0.647707704398, 0.213050507054, 0.524584895893, 0.184464026767, 0.19190631322, 0.0185650238179, 0.141998492613, 0.816413255951, 0.338933995408, 0.270035912538, 0.0676696251668, 0.374511008223, 0.177981995949, 0.148720727262, 0.614494203845, 0.349636520512, 0.0190801997384, 0.194368210284, 0.576837852803, 0.607983265895, 0.734024461075, 0.52579547722, 0.952633024028, 0.134041583933, 0.0133466750616, 0.0933916835472, 0.000289086926551, 0.960180457418, 0.365308697659, 2.85837061079
0.00128452339187, 0.904416335951, 0.557312173051, 0.965715827914, 0.622677619989, 0.706540438369, 0.958536160406, 0.757219668103, 0.353557316983, 0.0294491696232, 0.793101091408, 0.316346171513, 0.137354814978, 0.634704192673, 0.707141999402, 0.0551115954718, 0.0556719533695, 0.348545279042, 0.46034853093, 0.0513352265881, 0.0122915077802, 0.0676941346176, 0.577525181804, 0.302999716618, 0.975300835895, 0.361317954724, 0.00887809449866, 0.520804933597, 0.0808816977473, 0.161429470848, 0.00128452339187, 4.79528138439
0.00128452339187, 0.833412159971, 0.495882853065, 0.965715827914, 0.603286012941, 0.857401814373, 0.972848158881, 0.948579814252, 0.353557316983, 0.0294491696232, 0.984747079193, 0.316346171513, 0.117110404812, 0.634704192673, 0.707141999402, 0.0551115954718, 0.0556719533695, 0.348545279042, 0.934786690028, 0.0443389260255, 0.00633480218708, 0.0676941346176, 0.577525181804, 0.031532644949, 0.975300835895, 6.74238751224e-05, 0.00887809449866, 0.95966934163, 0.242722429575, 0.161429470848, 0.00128452339187, 5.04328593171
0.00128452339187, 0.833412159971, 0.495882853065, 0.965715827914, 0.603286012941, 0.857401814373, 0.972848158881, 0.948579814252, 0.353557316983, 0.0294491696232, 0.984747079193, 0.316346171513, 0.117110404812, 0.634704192673, 0.707141999402, 0.0551115954718, 0.0556719533695, 0.348545279042, 0.934786690028, 0.0443389260255, 0.00633480218708, 0.0676941346176, 0.577525181804, 0.031532644949, 0.975300835895, 6.74238751224e-05, 0.00887809449866, 0.95966934163, 0.242722429575, 0.161429470848, 0.00128452339187, 5.04328593171
0.813102970198, 0.176062099884, 0.961532068442, 0.352807143558, 0.0218249759771, 0.784759896899, 0.356102443753, 0.0501031928573, 0.981366457383, 0.625856599935, 0.132293284883, 0.996301734208, 0.0461789814447, 0.132632008889, 0.233839783104, 0.0448191790154, 0.0360044749098, 0.0759541420133, 0.194963444702, 0.0549280480238, 0.154440439551, 0.0304018906937, 0.324040570871, 0.547866674619, 0.377132882437, 0.774692214765, 0.310917942086, 0.205186103669, 0.633206361195, 0.048829025887, 0.813102970198, 2.19616550782
0.560957340539, 0.114665519568, 0.594584504679, 0.39041088005, 0.00277771404281, 0.0280046150178, 0.431914335425, 0.0339415674204, 0.642492585453, 0.625856599935, 0.132293284883, 0.994177109719, 0.0461789814447, 0.199369531088, 0.896972362158, 0.0376404359228, 0.524107702706, 0.349636520512, 0.0589326199722, 0.160128459915, 0.154440439551, 0.0485129673188, 0.324040570871, 0.492582608005, 0.377132882437, 0.629021797201, 0.0577638626575, 0.205186103669, 0.620019079937, 0.147214056234, 0.560957340539, 2.41475405073
0.938448570724, 0.198236126121, 0.0494925871828, 0.213050507054, 0.524584895893, 0.481218031249, 0.356102443753, 0.0185650238179, 0.141998492613, 0.202281286657, 0.338933995408, 0.270035912538, 0.281709791588, 0.374511008223, 0.177981995949, 0.148720727262, 0.398851062346, 0.349636520512, 0.121119260759, 0.0582003748661, 0.631949975929, 0.607983265895, 0.734024461075, 0.52579547722, 0.952633024028, 0.918881713037, 0.0133466750616, 0.0933916835472, 0.000289086926551, 0.960180457418, 0.938448570724, 2.17504678742
0.0344791975665, 0.7758924224, 0.0112216423295, 0.166480720803, 0.211764611543, 0.282845336945, 0.353318601416, 0.712970523, 0.379578250385, 0.776523479873, 0.656138952365, 0.455229347812, 0.133864782315, 0.492218875193, 0.613327744522, 0.28132661082, 0.915326760071, 0.83481665863, 0.221355179433, 0.0123605544341, 0.958153572542, 0.0932431913235, 0.45973214649, 0.0777061916901, 0.301189531346, 0.194522755351, 0.0299172815451, 0.00220652648708, 0.315108078307, 0.902736167347, 0.0344791975665, 4.20800637019
0.639441151554, 0.4344901292, 0.521622632818, 0.990274247263, 0.462739306984, 0.274239811751, 0.27883866426, 0.787471673355, 0.116722966208, 0.625856599935, 0.0774957180266, 0.410102577957, 0.164480131709, 0.400336981946, 0.851506976965, 0.0246912284674, 0.313792600859, 0.0264891544189, 0.496330664427, 0.163692421117, 0.354543815964, 0.224780484398, 0.00198023009426, 0.407195499012, 0.026317602836, 0.0324182821845, 0.11868225763, 0.00225714368159, 0.0808816977473, 0.470338688174, 0.639441151554, 2.27040744645
0.00128452339187, 0.833412159971, 0.557312173051, 0.965715827914, 0.603286012941, 0.857401814373, 0.958536160406, 0.954893345347, 0.353557316983, 0.0294491696232, 0.984747079193, 0.316346171513, 0.117110404812, 0.956744183738, 0.707141999402, 0.0551115954718, 0.0556719533695, 0.348545279042, 0.990748335925, 0.0443389260255, 0.00633480218708, 0.0676941346176, 0.577525181804, 0.031532644949, 0.975300835895, 4.44066343962e-05, 0.00887809449866, 0.95966934163, 0.242722429575, 0.161429470848, 0.00128452339187, 5.17611859306
0.813102970198, 0.176062099884, 0.961532068442, 0.352807143558, 0.0218249759771, 0.784759896899, 0.356102443753, 0.0501031928573, 0.981366457383, 0.625856599935, 0.132293284883, 0.996301734208, 0.0461789814447, 0.132632008889, 0.233839783104, 0.0448191790154, 0.0360044749098, 0.0759541420133, 0.194963444702, 0.0549280480238, 0.154440439551, 0.0304018906937, 0.324040570871, 0.547866674619, 0.377132882437, 0.774692214765, 0.310917942086, 0.205186103669, 0.633206361195, 0.048829025887, 0.813102970198, 2.19616550782
0.560957340539, 0.114665519568, 0.594584504679, 0.39041088005, 0.00277771404281, 0.0280046150178, 0.431914335425, 0.0339415674204, 0.642492585453, 0.625856599935, 0.132293284883, 0.994177109719, 0.0461789814447, 0.199369531088, 0.896972362158, 0.0376404359228, 0.524107702706, 0.349636520512, 0.0589326199722, 0.160128459915, 0.154440439551, 0.0485129673188, 0.324040570871, 0.492582608005, 0.377132882437, 0.629021797201, 0.0577638626575, 0.205186103669, 0.620019079937, 0.147214056234, 0.560957340539, 2.41475405073
0.938448570724, 0.198236126121, 0.0494925871828, 0.213050507054, 0.524584895893, 0.481218031249, 0.356102443753, 0.0185650238179, 0.141998492613, 0.202281286657, 0.338933995408, 0.270035912538, 0.281709791588, 0.374511008223, 0.177981995949, 0.148720727262, 0.398851062346, 0.349636520512, 0.121119260759, 0.0582003748661, 0.631949975929, 0.607983265895, 0.734024461075, 0.52579547722, 0.952633024028, 0.918881713037, 0.0133466750616, 0.0933916835472, 0.000289086926551, 0.960180457418, 0.938448570724, 2.17504678742
0.0344791975665, 0.7758924224, 0.0112216423295, 0.166480720803, 0.211764611543, 0.282845336945, 0.353318601416, 0.712970523, 0.379578250385, 0.776523479873, 0.656138952365, 0.455229347812, 0.133864782315, 0.492218875193, 0.613327744522, 0.28132661082, 0.915326760071, 0.83481665863, 0.221355179433, 0.0123605544341, 0.958153572542, 0.0932431913235, 0.45973214649, 0.0777061916901, 0.301189531346, 0.194522755351, 0.0299172815451, 0.00220652648708, 0.315108078307, 0.902736167347, 0.0344791975665, 4.20800637019
0.639441151554, 0.4344901292, 0.521622632818, 0.990274247263, 0.462739306984, 0.274239811751, 0.27883866426, 0.787471673355, 0.116722966208, 0.625856599935, 0.0774957180266, 0.410102577957, 0.164480131709, 0.400336981946, 0.851506976965, 0.0246912284674, 0.313792600859, 0.0264891544189, 0.496330664427, 0.163692421117, 0.354543815964, 0.224780484398, 0.00198023009426, 0.407195499012, 0.026317602836, 0.0324182821845, 0.11868225763, 0.00225714368159, 0.0808816977473, 0.470338688174, 0.639441151554, 2.27040744645
0.00128452339187, 0.833412159971, 0.557312173051, 0.965715827914, 0.603286012941, 0.857401814373, 0.958536160406, 0.954893345347, 0.353557316983, 0.0294491696232, 0.984747079193, 0.316346171513, 0.117110404812, 0.956744183738, 0.707141999402, 0.0551115954718, 0.0556719533695, 0.348545279042, 0.990748335925, 0.0443389260255, 0.00633480218708, 0.0676941346176, 0.577525181804, 0.031532644949, 0.975300835895, 4.44066343962e-05, 0.00887809449866, 0.95966934163, 0.242722429575, 0.161429470848, 0.00128452339187, 5.17611859306
0.0497486393733, 0.555165726029, 0.0482904402119, 0.737756235817, 0.0953135644958, 0.0160955699005, 0.821863645333, 0.64122846527, 0.13348647103, 0.677155463262, 0.444712375292, 0.152781798037, 0.961455548657, 0.0046993798042, 0.792412120212, 0.22044994709, 0.581448522058, 0.383895983355, 0.578758470466, 0.395583019562, 0.332395015469, 0.027742576108, 0.53271208322, 0.277646604503, 0.0117453110105, 0.907793484194, 0.564342634667, 0.0478344665556, 0.257053726036, 0.606568858821, 0.0497486393733, 4.18294479603
0.00732995401848, 0.555165726029, 0.961532068442, 0.568842643491, 0.00120996560836, 0.691775389147, 0.431914335425, 0.0339415674204, 0.652309568124, 0.87260624071, 0.145914269625, 0.998126933688, 0.0461789814447, 0.199369531088, 0.928249597635, 0.377444522009, 0.0418249807876, 0.0759541420133, 0.568578314619, 0.481025022283, 0.154440439551, 0.246961552824, 0.324040570871, 0.858099699506, 0.133149745778, 0.748233884297, 0.380795956999, 0.205186103669, 0.982225076797, 0.048829025887, 0.00732995401848, 4.7553021732
0.0497486393733, 0.555165726029, 0.0482904402119, 0.737756235817, 0.0953135644958, 0.0160955699005, 0.821863645333, 0.64122846527, 0.13348647103, 0.677155463262, 0.444712375292, 0.152781798037, 0.961455548657, 0.0046993798042, 0.792412120212, 0.22044994709, 0.581448522058, 0.383895983355, 0.578758470466, 0.395583019562, 0.332395015469, 0.027742576108, 0.53271208322, 0.277646604503, 0.0117453110105, 0.907793484194, 0.564342634667, 0.0478344665556, 0.257053726036, 0.606568858821, 0.0497486393733, 4.18294479603
0.00732995401848, 0.555165726029, 0.961532068442, 0.568842643491, 0.00120996560836, 0.691775389147, 0.431914335425, 0.0339415674204, 0.652309568124, 0.87260624071, 0.145914269625, 0.998126933688, 0.0461789814447, 0.199369531088, 0.928249597635, 0.377444522009, 0.0418249807876, 0.0759541420133, 0.568578314619, 0.481025022283, 0.154440439551, 0.246961552824, 0.324040570871, 0.858099699506, 0.133149745778, 0.748233884297, 0.380795956999, 0.205186103669, 0.982225076797, 0.048829025887, 0.00732995401848, 4.7553021732
0.952838264247, 0.4344901292, 0.586165321892, 0.897895751149, 0.126321247213, 0.507851253156, 0.27883866426, 0.061499743292, 0.116722966208, 0.123959276287, 0.132293284883, 0.410102577957, 0.572344559396, 0.72047334194, 0.546589904993, 0.597031790903, 0.394330776091, 0.942592701664, 0.522092449881, 0.163692421117, 0.365027528218, 0.159774873274, 0.00629785150995, 0.407195499012, 0.0406476358332, 0.660179511472, 0.11868225763, 0.0307380191855, 0.242722429575, 0.0514072363556, 0.952838264247, 2.17750777906
0.00128452339187, 0.87302113682, 0.557312173051, 0.965715827914, 0.603286012941, 0.857401814373, 0.576117288193, 0.757219668103, 0.573330130981, 0.47121040347, 0.993644793119, 0.316346171513, 0.117110404812, 0.634704192673, 0.707141999402, 0.0551115954718, 0.0556719533695, 0.348545279042, 0.934786690028, 0.0443389260255, 0.226513567814, 0.0676941346176, 0.577525181804, 0.031532644949, 0.975300835895, 6.74238751224e-05, 0.0894244420851, 0.95966934163, 0.242722429575, 0.161429470848, 0.00128452339187, 5.19234441488
0.952838264247, 0.4344901292, 0.586165321892, 0.897895751149, 0.126321247213, 0.507851253156, 0.27883866426, 0.061499743292, 0.116722966208, 0.123959276287, 0.132293284883, 0.410102577957, 0.572344559396, 0.72047334194, 0.546589904993, 0.597031790903, 0.394330776091, 0.942592701664, 0.522092449881, 0.163692421117, 0.365027528218, 0.159774873274, 0.00629785150995, 0.407195499012, 0.0406476358332, 0.660179511472, 0.11868225763, 0.0307380191855, 0.242722429575, 0.0514072363556, 0.952838264247, 2.17750777906
0.00128452339187, 0.87302113682, 0.557312173051, 0.965715827914, 0.603286012941, 0.857401814373, 0.576117288193, 0.757219668103, 0.573330130981, 0.47121040347, 0.993644793119, 0.316346171513, 0.117110404812, 0.634704192673, 0.707141999402, 0.0551115954718, 0.0556719533695, 0.348545279042, 0.934786690028, 0.0443389260255, 0.226513567814, 0.0676941346176, 0.577525181804, 0.031532644949, 0.975300835895, 6.74238751224e-05, 0.0894244420851, 0.95966934163, 0.242722429575, 0.161429470848, 0.00128452339187, 5.19234441488
0.00128452339187, 0.87302113682, 0.557312173051, 0.965715827914, 0.603286012941, 0.942408038375, 0.963505057481, 0.757219668103, 0.672769244017, 0.00801424823184, 0.993644793119, 0.971637530043, 0.964587165144, 0.634704192673, 0.707141999402, 0.0551115954718, 0.0556719533695, 0.348545279042, 0.934786690028, 0.0443389260255, 0.226513567814, 0.0676941346176, 0.577525181804, 0.031532644949, 0.975300835895, 6.74238751224e-05, 0.00326085428508, 0.95966934163, 0.242722429575, 0.161429470848, 0.00128452339187, 5.66208115436
0.00128452339187, 0.87302113682, 0.557312173051, 0.965715827914, 0.603286012941, 0.942408038375, 0.963505057481, 0.757219668103, 0.672769244017, 0.00801424823184, 0.993644793119, 0.971637530043, 0.964587165144, 0.634704192673, 0.707141999402, 0.0551115954718, 0.0556719533695, 0.348545279042, 0.934786690028, 0.0443389260255, 0.226513567814, 0.0676941346176, 0.577525181804, 0.031532644949, 0.975300835895, 6.74238751224e-05, 0.00326085428508, 0.95966934163, 0.242722429575, 0.161429470848, 0.00128452339187, 5.66208115436
0.417714834895, 0.404927840638, 0.218612616621, 0.350789585215, 0.289089952129, 0.0921093359241, 0.642701760608, 0.867802237553, 0.204030187089, 0.677155463262, 0.145914269625, 0.303469760206, 0.961455548657, 0.0046993798042, 0.282964130362, 0.22044994709, 0.159679487124, 0.121845417102, 0.578758470466, 0.371971280529, 0.0185008637934, 0.397597416298, 0.53271208322, 0.00611385630368, 0.82595057554, 0.00917539672635, 0.564342634667, 0.207764526333, 0.257053726036, 0.42562375674, 0.417714834895, 2.83160975894
0.417714834895, 0.404927840638, 0.218612616621, 0.350789585215, 0.289089952129, 0.0921093359241, 0.642701760608, 0.867802237553, 0.204030187089, 0.677155463262, 0.145914269625, 0.303469760206, 0.961455548657, 0.0046993798042, 0.282964130362, 0.22044994709, 0.159679487124, 0.121845417102, 0.578758470466, 0.371971280529, 0.0185008637934, 0.397597416298, 0.53271208322, 0.00611385630368, 0.82595057554, 0.00917539672635, 0.564342634667, 0.207764526333, 0.257053726036, 0.42562375674, 0.417714834895, 2.83160975894
0.127190110617, 0.250856729953, 0.173260218108, 0.912600086615, 0.796903528552, 0.274239811751, 0.471075403664, 0.787471673355, 0.48489853285, 0.123959276287, 0.115743087125, 0.202769412675, 0.227367928953, 0.72047334194, 0.851506976965, 0.20153437147, 0.663560811124, 0.0113569327996, 0.46034853093, 0.163692421117, 0.354543815964, 0.0304018906937, 0.00629785150995, 0.407195499012, 0.245710279407, 0.242915799731, 0.11868225763, 0.0307380191855, 0.242722429575, 0.470338688174, 0.127190110617, 3.39322726072
0.127190110617, 0.250856729953, 0.173260218108, 0.912600086615, 0.796903528552, 0.274239811751, 0.471075403664, 0.787471673355, 0.48489853285, 0.123959276287, 0.115743087125, 0.202769412675, 0.227367928953, 0.72047334194, 0.851506976965, 0.20153437147, 0.663560811124, 0.0113569327996, 0.46034853093, 0.163692421117, 0.354543815964, 0.0304018906937, 0.00629785150995, 0.407195499012, 0.245710279407, 0.242915799731, 0.11868225763, 0.0307380191855, 0.242722429575, 0.470338688174, 0.127190110617, 3.39322726072
0.447146288836, 0.144542690916, 0.647707704398, 0.213050507054, 0.682971170158, 0.184464026767, 0.356102443753, 0.0185650238179, 0.141998492613, 0.017066810919, 0.308432177525, 0.270035912538, 0.571850669851, 0.374511008223, 0.177981995949, 0.148720727262, 0.524107702706, 0.349636520512, 0.0190801997384, 0.194368210284, 0.254758020423, 0.607983265895, 0.734024461075, 0.52579547722, 0.952633024028, 0.356564026165, 0.0133466750616, 0.0933916835472, 0.000289086926551, 0.960180457418, 0.447146288836, 2.70852715704
0.447146288836, 0.144542690916, 0.647707704398, 0.213050507054, 0.682971170158, 0.184464026767, 0.356102443753, 0.0185650238179, 0.141998492613, 0.017066810919, 0.308432177525, 0.270035912538, 0.571850669851, 0.374511008223, 0.177981995949, 0.148720727262, 0.524107702706, 0.349636520512, 0.0190801997384, 0.194368210284, 0.254758020423, 0.607983265895, 0.734024461075, 0.52579547722, 0.952633024028, 0.356564026165, 0.0133466750616, 0.0933916835472, 0.000289086926551, 0.960180457418, 0.447146288836, 2.70852715704
0.264058285118, 0.50180249666, 0.0494925871828, 0.0872926442955, 0.289089952129, 0.970510258315, 0.233460079993, 0.0236099605897, 0.48489853285, 0.1832144308, 0.431330926946, 0.471638308274, 0.330315755278, 0.528789023149, 0.233839783104, 0.89260877838, 0.600493788434, 0.240389416229, 0.192036558943, 0.277325973399, 0.0154528576845, 0.208026337385, 0.449949996179, 0.00123511733259, 0.960260959245, 0.812557204581, 0.156811515122, 0.0266151765254, 0.0162798151408, 0.130871175963, 0.264058285118, 3.0083990714
0.264058285118, 0.50180249666, 0.0494925871828, 0.0872926442955, 0.289089952129, 0.970510258315, 0.233460079993, 0.0236099605897, 0.48489853285, 0.1832144308, 0.431330926946, 0.471638308274, 0.330315755278, 0.528789023149, 0.233839783104, 0.89260877838, 0.600493788434, 0.240389416229, 0.192036558943, 0.277325973399, 0.0154528576845, 0.208026337385, 0.449949996179, 0.00123511733259, 0.960260959245, 0.812557204581, 0.156811515122, 0.0266151765254, 0.0162798151408, 0.130871175963, 0.264058285118, 3.0083990714
0.639441151554, 0.4344901292, 0.173260218108, 0.912600086615, 0.167244824536, 0.274239811751, 0.27883866426, 0.787471673355, 0.48489853285, 0.165367951397, 0.115743087125, 0.701991372689, 0.227367928953, 0.108163499851, 0.851506976965, 0.20153437147, 0.663560811124, 0.0229982479395, 0.46034853093, 0.163692421117, 0.354543815964, 0.0304018906937, 0.404983899476, 0.407195499012, 0.0406476358332, 0.242915799731, 0.11868225763, 0.0307380191855, 0.241450037363, 0.181863366257, 0.639441151554, 2.29714028545
0.639441151554, 0.4344901292, 0.173260218108, 0.912600086615, 0.167244824536, 0.274239811751, 0.27883866426, 0.787471673355, 0.48489853285, 0.165367951397, 0.115743087125, 0.701991372689, 0.227367928953, 0.108163499851, 0.851506976965, 0.20153437147, 0.663560811124, 0.0229982479395, 0.46034853093, 0.163692421117, 0.354543815964, 0.0304018906937, 0.404983899476, 0.407195499012, 0.0406476358332, 0.242915799731, 0.11868225763, 0.0307380191855, 0.241450037363, 0.181863366257, 0.639441151554, 2.29714028545
0.447146288836, 0.198236126121, 0.647707704398, 0.411149034602, 0.524584895893, 0.232641658309, 0.356102443753, 0.0185650238179, 0.13419377236, 0.202281286657, 0.338933995408, 0.358743077337, 0.281709791588, 0.374511008223, 0.0535936253095, 0.422004356694, 0.597332363666, 0.0759541420133, 0.46034853093, 0.194368210284, 0.631949975929, 0.667047572384, 0.734024461075, 0.52579547722, 0.739560175961, 0.111915083892, 0.0133466750616, 0.0933916835472, 0.000289086926551, 0.457318321501, 0.447146288836, 2.71200568102
0.447146288836, 0.198236126121, 0.647707704398, 0.411149034602, 0.524584895893, 0.232641658309, 0.356102443753, 0.0185650238179, 0.13419377236, 0.202281286657, 0.338933995408, 0.358743077337, 0.281709791588, 0.374511008223, 0.0535936253095, 0.422004356694, 0.597332363666, 0.0759541420133, 0.46034853093, 0.194368210284, 0.631949975929, 0.667047572384, 0.734024461075, 0.52579547722, 0.739560175961, 0.111915083892, 0.0133466750616, 0.0933916835472, 0.000289086926551, 0.457318321501, 0.447146288836, 2.71200568102
