0.640380733976, 0.0, 1.0, 1.0, 0.0, 1.0, 0.0, 1.0, 0.0, 1.0, 0.0, 1.0, 0.0, 1.0, 0.0, 1.0, 0.0, 1.0, 1.0, 0.0, 1.0, 0.0, 1.0, 0.0, 1.0, 0.0, 1.0, 0.0, 7.0, 0.0, 15.7346720911
0.640380733976, 0.0, 1.0, 1.0, 0.0, 1.0, 0.0, 1.0, 0.0, 1.0, 0.0, 1.0, 0.0, 1.0, 0.0, 1.0, 0.0, 1.0, 1.0, 0.0, 1.0, 0.0, 1.0, 0.0, 1.0, 0.0, 1.0, 0.0, 7.0, 0.0, 15.7346720911
0.640380733976, 0.0, 1.0, 1.0, 0.0, 1.0, 0.0, 1.0, 0.0, 1.0, 0.0, 1.0, 0.0, 1.0, 0.0, 1.0, 0.0, 1.0, 1.0, 0.0, 1.0, 0.0, 1.0, 0.0, 1.0, 0.0, 1.0, 0.0, 7.0, 0.0, 15.7346720911
0.640380733976, 0.0, 1.0, 1.0, 0.0, 1.0, 0.0, 1.0, 0.0, 1.0, 0.0, 1.0, 0.0, 1.0, 0.0, 1.0, 0.0, 1.0, 1.0, 0.0, 1.0, 0.0, 1.0, 0.0, 1.0, 0.0, 1.0, 0.0, 7.0, 0.0, 15.7346720911
1.0, 0.0, 1.0, 1.0, 1.0, 0.822035921927, 1.0, 1.0, 0.0, 1.0, 0.0, 0.395721234845, 1.0, 1.0, 1.0, 1.0, 1.0, 1.0, 0.0, 1.0, 0.0, 1.0, 1.0, 0.139883703583, 1.0, 0.0, 0.0, 1.0, 6.0, 0.0, 16.7353604847
1.0, 0.0, 1.0, 1.0, 1.0, 0.822035921927, 1.0, 1.0, 0.0, 1.0, 0.0, 0.395721234845, 1.0, 1.0, 1.0, 1.0, 1.0, 1.0, 0.0, 1.0, 0.0, 1.0, 1.0, 0.139883703583, 1.0, 0.0, 0.0, 1.0, 6.0, 0.0, 16.7353604847
0.182211886148, 0.843758592242, 0.507010929356, 1.0, 0.0, 1.0, 0.0, 1.0, 1.0, 1.0, 0.0, 0.0, 0.0, 1.0, 1.0, 1.0, 0.0, 0.202237699697, 0.535656362314, 0.0, 0.0, 1.0, 1.0, 0.0, 0.0, 0.0, 1.0, 0.0, 12.0, 0.0, 14.4859069445
0.182211886148, 0.843758592242, 0.507010929356, 1.0, 0.0, 1.0, 0.0, 1.0, 1.0, 1.0, 0.0, 0.0, 0.0, 1.0, 1.0, 1.0, 0.0, 0.202237699697, 0.535656362314, 0.0, 0.0, 1.0, 1.0, 0.0, 0.0, 0.0, 1.0, 0.0, 12.0, 0.0, 14.4859069445
0.0, 1.0, 0.0, 0.0, 1.0, 1.0, 0.0, 0.0, 0.0, 0.0, 0.0, 0.0, 0.0, 0.0707955956396, 0.0, 0.61781826969, 0.0, 0.0, 0.0, 1.0, 0.0, 0.984622537125, 0.0, 0.0, 0.0, 0.0, 0.0, 0.0, 34.0, 0.0, 4.2986039247
0.0, 1.0, 0.0, 0.0, 1.0, 1.0, 0.0, 0.0, 0.0, 0.0, 0.0, 0.0, 0.0, 0.0707955956396, 0.0, 0.61781826969, 0.0, 0.0, 0.0, 1.0, 0.0, 0.984622537125, 0.0, 0.0, 0.0, 0.0, 0.0, 0.0, 34.0, 0.0, 4.2986039247
1.0, 0.994713165451, 0.167288030127, 1.0, 1.0, 1.0, 1.0, 1.0, 0.0, 0.0, 0.0, 0.0, 0.0, 0.0, 1.0, 1.0, 0.0, 0.0, 1.0, 0.0, 1.0, 0.0, 1.0, 1.0, 1.0, 0.74198342916, 0.0, 0.0, 10.0, 1.0, 13.5786382064
1.0, 0.994713165451, 0.167288030127, 1.0, 1.0, 1.0, 1.0, 1.0, 0.0, 0.0, 0.0, 0.0, 0.0, 0.0, 1.0, 1.0, 0.0, 0.0, 1.0, 0.0, 1.0, 0.0, 1.0, 1.0, 1.0, 0.74198342916, 0.0, 0.0, 10.0, 1.0, 13.5786382064
0.0, 0.0, 0.0, 0.0, 0.0, 0.0, 0.0, 0.0, 1.0, 0.0, 0.0, 1.0, 1.0, 1.0, 0.0, 1.0, 0.340855429224, 1.0, 0.0, 1.0, 1.0, 0.0, 0.0, 0.0, 1.0, 0.0, 1.0, 0.0, 18.0, 0.0, 8.85076218324
0.0, 0.0, 0.0, 0.0, 0.0, 0.0, 0.0, 0.0, 1.0, 0.0, 0.0, 1.0, 1.0, 1.0, 0.0, 1.0, 0.340855429224, 1.0, 0.0, 1.0, 1.0, 0.0, 0.0, 0.0, 1.0, 0.0, 1.0, 0.0, 18.0, 0.0, 8.85076218324
0.0, 0.0, 0.0, 0.0, 0.0, 0.0, 1.0, 0.0, 0.0, 0.0, 0.0, 0.0, 1.0, 0.186741343391, 1.0, 1.0, 0.0, 0.0, 0.0, 0.717425899697, 0.0, 0.0, 1.0, 0.0, 0.705866671301, 0.0, 0.0, 0.15916982755, 30.0, 0.0, 5.61741572963
0.0, 0.0, 0.0, 0.0, 0.0, 0.0, 1.0, 0.0, 0.0, 0.0, 0.0, 0.0, 1.0, 0.0, 1.0, 1.0, 0.0, 0.0, 0.0, 0.717425899697, 0.0, 0.0, 1.0, 0.0, 1.0, 0.0, 0.0, 0.0, 30.0, 0.0, 5.61741572963
0.0, 0.0, 0.0, 0.0, 0.0, 0.0, 1.0, 0.0, 0.0, 0.0, 0.0, 0.0, 1.0, 0.186741343391, 1.0, 1.0, 0.0, 0.0, 0.0, 0.717425899697, 0.0, 0.0, 1.0, 0.0, 0.705866671301, 0.0, 0.0, 0.15916982755, 30.0, 0.0, 5.61741572963
0.0, 0.0, 0.0, 0.0, 0.0, 0.0, 1.0, 0.0, 0.0, 0.0, 0.0, 0.0, 1.0, 0.0, 1.0, 1.0, 0.0, 0.0, 0.0, 0.717425899697, 0.0, 0.0, 1.0, 0.0, 1.0, 0.0, 0.0, 0.0, 30.0, 0.0, 5.61741572963
0.0, 0.0, 0.0, 0.0, 1.0, 0.0, 1.0, 0.0, 1.0, 0.0, 0.0, 0.0, 0.0, 0.487827473086, 0.552872243049, 1.0, 0.0, 0.0, 1.0, 1.0, 0.0, 1.0, 0.307363746156, 0.0, 0.0, 0.0, 1.0, 0.0, 25.0, 0.0, 6.62555725499
0.0, 0.0, 0.0, 0.0, 1.0, 0.0, 1.0, 0.0, 1.0, 0.0, 0.0, 0.0, 0.0, 0.487827473086, 0.552872243049, 1.0, 0.0, 0.0, 1.0, 1.0, 0.0, 1.0, 0.307363746156, 0.0, 0.0, 0.0, 1.0, 0.0, 25.0, 0.0, 6.62555725499
0.0, 0.0459765552636, 0.0, 0.0, 0.0, 0.0, 1.0, 0.0, 0.852576123611, 0.0, 0.0, 0.0, 0.406834353371, 1.0, 0.416756983167, 1.0, 0.0, 0.0, 0.0, 0.0, 0.0, 0.0, 0.0, 0.0, 0.0, 0.0, 0.0, 0.0, 39.0, 0.0, 3.90508280141
0.0, 0.0459765552636, 0.0, 0.0, 0.0, 0.0, 1.0, 0.0, 0.852576123611, 0.0, 0.0, 0.0, 0.406834353371, 1.0, 0.416756983167, 1.0, 0.0, 0.0, 0.0, 0.0, 0.0, 0.0, 0.0, 0.0, 0.0, 0.0, 0.0, 0.0, 39.0, 0.0, 3.90508280141
1.0, 0.0, 1.0, 1.0, 1.0, 1.0, 1.0, 1.0, 0.0, 1.0, 0.0, 0.0, 1.0, 1.0, 1.0, 1.0, 1.0, 1.0, 0.0, 1.0, 0.399819594914, 1.0, 1.0, 1.0, 0.790817140395, 0.0, 0.0, 1.0, 5.0, 0.0, 16.7431868635
1.0, 0.0, 1.0, 1.0, 1.0, 1.0, 1.0, 1.0, 0.0, 1.0, 0.0, 0.0, 1.0, 1.0, 1.0, 1.0, 1.0, 1.0, 0.0, 1.0, 0.399819594914, 1.0, 1.0, 1.0, 0.790817140395, 0.0, 0.0, 1.0, 5.0, 0.0, 16.7431868635
0.0, 0.0, 0.0, 0.0, 0.0, 0.0, 0.0, 0.0, 1.0, 0.0, 0.470274156005, 1.0, 1.0, 1.0, 0.0, 0.896079348048, 1.0, 1.0, 0.0, 1.0, 1.0, 0.230372307202, 0.0, 0.0, 1.0, 0.0, 1.0, 0.0, 17.0, 0.0, 9.68084845347
0.0, 0.0, 0.0, 0.0, 0.0, 0.0, 0.0, 0.0, 1.0, 0.0, 0.470274156005, 1.0, 1.0, 1.0, 0.0, 0.896079348048, 1.0, 1.0, 0.0, 1.0, 1.0, 0.230372307202, 0.0, 0.0, 1.0, 0.0, 1.0, 0.0, 17.0, 0.0, 9.68084845347
0.0, 0.0, 0.0, 0.0, 0.0, 0.0, 0.0, 0.0, 0.0, 0.0, 0.0, 0.0, 0.0, 0.0, 0.131200966248, 1.0, 0.0, 1.0, 1.0, 1.0, 0.0, 1.0, 0.0, 0.0, 0.0, 0.0, 0.0, 0.0, 35.0, 0.0, 3.9842000029
0.0, 0.0, 0.0, 0.181135334677, 0.0, 0.0, 0.0, 0.0, 0.0, 0.0, 0.0, 0.0, 0.0, 0.0, 0.0, 1.0, 0.0, 1.0, 1.0, 1.0, 0.0, 1.0, 0.0, 0.0, 0.0, 0.0, 0.0, 0.0, 35.0, 0.0, 3.9842000029
0.0, 0.0, 0.0, 0.0, 0.0, 0.0, 0.0, 0.0, 0.0, 0.0, 0.0, 0.0, 0.0, 0.0, 0.131200966248, 1.0, 0.0, 1.0, 1.0, 1.0, 0.0, 1.0, 0.0, 0.0, 0.0, 0.0, 0.0, 0.0, 35.0, 0.0, 3.9842000029
0.0, 0.0, 0.0, 0.181135334677, 0.0, 0.0, 0.0, 0.0, 0.0, 0.0, 0.0, 0.0, 0.0, 0.0, 0.0, 1.0, 0.0, 1.0, 1.0, 1.0, 0.0, 1.0, 0.0, 0.0, 0.0, 0.0, 0.0, 0.0, 35.0, 0.0, 3.9842000029
0.0, 0.0, 0.152265859741, 0.0, 1.0, 0.0, 1.0, 0.0, 1.0, 0.0, 0.0, 0.0, 0.0, 0.0, 0.552872243049, 1.0, 0.356342591588, 0.638018436849, 1.0, 1.0, 0.0, 1.0, 0.307363746156, 0.0, 0.0, 0.0, 1.0, 0.0, 24.0, 0.0, 7.22346526406
0.0, 0.0, 0.152265859741, 0.0, 1.0, 0.0, 1.0, 0.0, 1.0, 0.0, 0.0, 0.0, 0.0, 0.0, 0.552872243049, 1.0, 0.356342591588, 0.638018436849, 1.0, 1.0, 0.0, 1.0, 0.307363746156, 0.0, 0.0, 0.0, 1.0, 0.0, 24.0, 0.0, 7.22346526406
1.0, 1.0, 0.0, 1.0, 0.0, 0.629321858696, 1.0, 0.266350467017, 0.0, 0.464687272702, 0.0, 0.0, 0.0, 1.0, 1.0, 1.0, 0.0, 0.852139128319, 0.0, 0.0, 0.691727460176, 0.0, 1.0, 1.0, 1.0, 0.0, 1.0, 0.0, 13.0, 0.0, 11.7544409572
1.0, 1.0, 0.0, 1.0, 0.0, 0.629321858696, 1.0, 0.266350467017, 0.0, 0.464687272702, 0.0, 0.0, 0.0, 1.0, 1.0, 1.0, 0.0, 0.852139128319, 0.0, 0.0, 0.691727460176, 0.0, 1.0, 1.0, 1.0, 0.0, 1.0, 0.0, 13.0, 0.0, 11.7544409572
0.0, 0.463916784236, 0.0, 0.0, 0.0, 1.0, 0.0, 0.699286354717, 0.0, 0.0, 0.0, 0.0, 1.0, 0.675252944429, 1.0, 1.0, 1.0, 0.0, 1.0, 0.655168472684, 0.0, 1.0, 0.0, 0.0, 1.0, 0.0, 1.0, 0.0, 16.0, 0.0, 11.4410730109
0.0, 0.463916784236, 0.0, 0.0, 0.0, 1.0, 0.0, 0.699286354717, 0.0, 0.0, 0.0, 0.0, 1.0, 0.675252944429, 1.0, 1.0, 1.0, 0.0, 1.0, 0.655168472684, 0.0, 1.0, 0.0, 0.0, 1.0, 0.0, 1.0, 0.0, 16.0, 0.0, 11.4410730109
0.931845256216, 0.0, 0.0, 0.0, 0.776483026851, 0.0, 0.0, 0.0, 0.0, 0.0, 0.0618978436979, 0.0, 0.0, 1.0, 0.0, 1.0, 0.0, 0.0, 0.0, 0.0, 0.0, 0.0, 1.0, 0.0, 0.561721143308, 0.0, 1.0, 0.0, 28.0, 1.0, 6.37266263815
0.931845256216, 0.0, 0.0, 0.0, 0.776483026851, 0.0, 0.0, 0.0, 0.0, 0.0, 0.0618978436979, 0.0, 0.0, 1.0, 0.0, 1.0, 0.0, 0.0, 0.0, 0.0, 0.0, 0.0, 1.0, 0.0, 1.0, 0.0, 1.0, 0.0, 28.0, 1.0, 6.37266263815
0.931845256216, 0.0, 0.0, 0.0, 0.776483026851, 0.0, 0.0, 0.0, 0.0, 0.0, 0.0618978436979, 0.0, 0.0, 1.0, 0.0, 1.0, 0.0, 0.0, 0.0, 0.0, 0.0, 0.0, 1.0, 0.0, 0.561721143308, 0.0, 1.0, 0.0, 28.0, 1.0, 6.37266263815
0.931845256216, 0.0, 0.0, 0.0, 0.776483026851, 0.0, 0.0, 0.0, 0.0, 0.0, 0.0618978436979, 0.0, 0.0, 1.0, 0.0, 1.0, 0.0, 0.0, 0.0, 0.0, 0.0, 0.0, 1.0, 0.0, 1.0, 0.0, 1.0, 0.0, 28.0, 1.0, 6.37266263815
0.0, 0.0, 0.0, 0.0, 0.0, 0.864387837843, 0.611739380656, 0.0, 1.0, 0.0, 0.0, 0.0, 0.0169245738376, 1.0, 0.0, 1.0, 1.0, 0.781840665094, 1.0, 1.0, 1.0, 0.0, 0.318465051943, 0.0, 0.0, 0.0, 0.0, 0.791656515025, 23.0, 0.0, 8.42783777957
0.0, 0.0, 0.0, 0.0, 0.0, 0.864387837843, 0.611739380656, 0.0, 1.0, 0.0, 0.0, 0.0, 0.0169245738376, 1.0, 0.0, 1.0, 1.0, 0.781840665094, 1.0, 1.0, 1.0, 0.0, 0.318465051943, 0.0, 0.0, 0.0, 0.0, 0.791656515025, 23.0, 0.0, 8.42783777957
0.0, 0.0, 0.0, 0.0, 1.0, 0.913129465384, 0.303275675268, 0.0, 0.728916505356, 0.0, 0.0, 0.970572020274, 0.0, 1.0, 0.0, 1.0, 0.730147565814, 0.0, 0.0, 0.0, 1.0, 0.0, 0.0, 0.804149940784, 0.80181170278, 0.0, 0.699969484858, 0.0, 17.0, 1.0, 8.76619800589
0.0, 0.0, 0.0, 0.0, 1.0, 0.913129465384, 0.303275675268, 0.0, 0.728916505356, 0.0, 0.0, 0.970572020274, 0.0, 1.0, 0.0, 1.0, 0.730147565814, 0.0, 0.0, 0.0, 1.0, 0.0, 0.0, 0.804149940784, 0.80181170278, 0.0, 0.699969484858, 0.0, 17.0, 1.0, 8.76619800589
0.0, 0.0, 0.428937029449, 0.903806108726, 1.0, 1.0, 0.962092174888, 1.0, 0.0, 0.0, 0.0, 1.0, 1.0, 1.0, 1.0, 1.0, 1.0, 1.0, 0.0, 0.0, 0.0, 0.0, 0.0, 1.0, 1.0, 0.0, 1.0, 0.0, 11.0, 0.0, 14.645134245
0.0, 0.0, 0.428937029449, 0.903806108726, 1.0, 1.0, 0.962092174888, 1.0, 0.0, 0.0, 0.0, 1.0, 1.0, 1.0, 1.0, 1.0, 1.0, 1.0, 0.0, 0.0, 0.0, 0.0, 0.0, 1.0, 1.0, 0.0, 1.0, 0.0, 11.0, 0.0, 14.645134245
0.0, 0.0, 0.0, 0.0, 0.0, 0.0, 0.0, 0.0, 0.0, 0.0, 0.0, 0.0, 0.0, 0.0, 0.0, 1.0, 0.0, 0.0, 0.0, 0.0, 0.0, 0.0, 0.0, 0.0, 0.0, 0.0, 0.0444198616047, 1.0, 41.0, 0.0, 2.4680098357
0.0, 0.0, 0.0, 0.0, 0.0, 0.0, 0.0, 0.0, 0.0, 0.0, 0.0, 0.0, 0.0, 0.0, 0.0, 1.0, 0.0, 0.0, 0.0, 0.0, 0.0, 0.0, 0.0, 0.0, 0.0, 0.0, 0.130356524295, 1.0, 41.0, 0.0, 2.4680098357
0.0, 0.0, 0.0, 0.0, 0.0, 0.0, 0.0, 0.0, 0.0, 0.0, 0.0, 0.0, 0.0, 0.0, 0.0, 1.0, 0.0, 0.0, 0.0, 0.0, 0.0, 0.0, 0.0, 0.0, 0.0, 0.0, 0.0444198616047, 1.0, 41.0, 0.0, 2.4680098357
0.0, 0.0, 0.0, 0.0, 0.0, 0.0, 0.0, 0.0, 0.0, 0.0, 0.0, 0.0, 0.0, 0.0, 0.0, 1.0, 0.0, 0.0, 0.0, 0.0, 0.0, 0.0, 0.0, 0.0, 0.0, 0.0, 0.130356524295, 1.0, 41.0, 0.0, 2.4680098357
0.0, 0.0, 0.0, 0.0, 0.0, 0.0, 0.0, 0.0, 1.0, 0.0, 0.35178702271, 0.0693497666495, 0.0, 0.235921331356, 0.0, 1.0, 0.0, 0.0, 0.0, 0.0, 0.0, 0.0, 0.0, 0.0, 0.443254980941, 0.0, 0.0, 0.0, 44.0, 0.0, 2.36709461606
0.0, 0.0, 0.0, 0.0, 0.0, 0.0, 0.0, 0.0, 1.0, 0.0, 0.35178702271, 0.0693497666495, 0.0, 0.235921331356, 0.0, 1.0, 0.0, 0.0, 0.0, 0.0, 0.0, 0.0, 0.0, 0.0, 0.443254980941, 0.0, 0.0, 0.0, 44.0, 0.0, 2.36709461606
0.0, 0.142476782065, 1.0, 0.903806108726, 1.0, 1.0, 0.962092174888, 1.0, 0.0, 0.0, 0.0, 1.0, 1.0, 1.0, 1.0, 1.0, 1.0, 1.0, 0.0, 0.0, 0.0, 0.0, 0.668161386632, 1.0, 1.0, 0.0, 1.0, 0.0, 9.0, 0.0, 16.0254257865
0.0, 0.142476782065, 1.0, 0.903806108726, 1.0, 1.0, 0.962092174888, 1.0, 0.0, 0.0, 0.0, 1.0, 1.0, 1.0, 1.0, 1.0, 1.0, 1.0, 0.0, 0.0, 0.0, 0.0, 0.668161386632, 1.0, 1.0, 0.0, 1.0, 0.0, 9.0, 0.0, 16.0254257865
0.0, 0.0, 0.0, 0.0, 0.0, 1.0, 1.0, 0.0, 0.0, 0.0, 0.0, 0.0, 0.0, 0.0, 0.116934222196, 1.0, 0.0, 0.0, 0.0, 0.0, 0.0, 0.0, 0.0, 0.0, 0.0, 0.0, 0.0, 0.0, 43.0, 0.0, 2.74962838141
0.0, 0.0, 0.0, 0.0, 0.0, 1.0, 1.0, 0.0, 0.0, 0.0, 0.0, 0.0, 0.0, 0.0, 0.116934222196, 1.0, 0.0, 0.0, 0.0, 0.0, 0.0, 0.0, 0.0, 0.0, 0.0, 0.0, 0.0, 0.0, 43.0, 0.0, 2.74962838141
0.0, 0.0, 0.0, 0.0, 0.0, 1.0, 1.0, 0.0, 0.0, 0.527123047936, 0.0, 0.0, 0.0, 0.0, 0.0, 1.0, 0.0, 0.0, 0.0, 0.0, 0.0, 0.0, 0.0, 0.0, 0.0, 0.0, 0.0, 0.0, 42.0, 1.0, 3.44363724389
1.0, 0.994713165451, 1.0, 1.0, 1.0, 1.0, 1.0, 1.0, 0.0, 0.0, 0.0, 0.0, 0.0, 0.0, 1.0, 1.0, 0.0, 0.0, 1.0, 0.0, 1.0, 0.0, 1.0, 1.0, 1.0, 0.654541054491, 0.852777083925, 0.0, 11.0, 1.0, 14.9437493403
0.0, 1.0, 0.0, 0.0, 0.762855565169, 1.0, 1.0, 1.0, 0.0, 0.0, 0.0, 0.0, 1.0, 1.0, 1.0, 1.0, 0.0, 0.749761215539, 0.809239624619, 0.0, 1.0, 0.0, 1.0, 1.0, 0.0, 0.0, 0.0, 1.0, 13.0, 0.0, 12.7446160586
0.383243284688, 1.0, 0.0, 1.0, 0.0, 0.0, 1.0, 0.0, 0.00486498105332, 0.0, 0.0, 0.0, 0.0, 1.0, 1.0, 1.0, 0.0, 0.0, 0.0, 0.0, 1.0, 0.0, 1.0, 1.0, 1.0, 0.0, 1.0, 0.0, 20.0, 0.0, 9.00766570932
1.0, 1.0, 1.0, 1.0, 0.0, 1.0, 0.0, 0.0, 0.249919425536, 1.0, 0.0, 0.0, 0.0, 1.0, 0.905879781979, 1.0, 0.0, 0.0, 0.0, 0.0, 1.0, 0.0, 1.0, 1.0, 0.0, 0.0, 0.0, 1.0, 17.0, 0.0, 10.7782718929
0.0, 1.0, 0.0, 0.0, 0.236807172833, 1.0, 0.0, 0.0, 0.0, 0.0, 0.0, 0.0, 0.0, 0.0707955956396, 0.0, 1.0, 0.0, 0.0, 0.0, 1.0, 0.0, 0.984622537125, 0.0, 0.0, 0.0, 0.0, 0.0, 0.0, 35.0, 0.0, 4.08817083665
0.0, 0.0, 0.0, 0.0, 0.0, 1.0, 1.0, 0.0, 0.0, 0.527123047936, 0.0, 0.0, 0.0, 0.0, 0.0, 1.0, 0.0, 0.0, 0.0, 0.0, 0.0, 0.0, 0.0, 0.0, 0.0, 0.0, 0.0, 0.0, 42.0, 1.0, 3.44363724389
1.0, 1.0, 1.0, 1.0, 0.204690564038, 1.0, 0.0, 0.0, 0.0, 1.0, 0.0, 0.0, 0.0, 1.0, 1.0, 1.0, 0.0, 0.0, 0.0, 0.0, 1.0, 0.0, 1.0, 1.0, 0.0, 0.0, 0.0, 1.0, 17.0, 0.0, 10.7782718929
0.0, 1.0, 0.0, 0.0, 0.0, 1.0, 0.0, 0.0, 0.438421705501, 0.0, 0.0, 1.0, 1.0, 1.0, 0.0, 1.0, 1.0, 1.0, 0.278163944025, 1.0, 1.0, 0.0, 0.0, 0.0, 0.0, 0.0, 0.0, 0.0, 24.0, 0.0, 8.53633077339
1.0, 0.0, 0.0, 1.0, 1.0, 1.0, 0.0, 0.0, 0.0, 0.389262342465, 0.0, 0.0, 0.0, 0.0, 0.0, 1.0, 0.0, 0.0, 0.0, 1.0, 0.0, 0.0, 0.0, 0.0, 1.0, 0.0, 0.0, 0.0, 29.0, 0.0, 6.77426163628
1.0, 0.994713165451, 1.0, 1.0, 1.0, 1.0, 1.0, 1.0, 0.0, 0.0, 0.0, 0.0, 0.0, 0.0, 1.0, 1.0, 0.0, 0.0, 1.0, 0.0, 1.0, 0.0, 1.0, 1.0, 1.0, 0.654541054491, 0.852777083925, 0.0, 11.0, 1.0, 14.9437493403
0.0, 1.0, 0.0, 0.0, 1.0, 0.0, 1.0, 1.0, 1.0, 0.0, 0.0, 0.0, 1.0, 1.0, 0.675810074665, 1.0, 0.12225190844, 0.571198346234, 0.0, 0.0, 0.0, 1.0, 1.0, 1.0, 1.0, 0.0, 1.0, 0.0, 15.0, 0.0, 11.8553065941
0.0, 0.0, 0.0, 0.0, 1.0, 0.913129465384, 1.0, 0.0, 1.0, 0.0, 0.0, 0.0, 0.0, 1.0, 0.0, 1.0, 1.0, 0.0, 0.0, 0.0, 1.0, 0.0, 0.0, 0.0, 0.944346259917, 0.0, 0.0, 0.0, 25.0, 0.0, 7.15846139403
0.0, 0.270327749744, 0.0, 0.0, 0.0, 1.0, 1.0, 0.0, 0.70007223954, 0.0, 0.0, 0.0, 0.0, 0.334183362248, 1.0, 1.0, 0.0, 0.0, 0.0, 0.0, 0.0, 0.0, 0.0, 0.0, 0.0, 0.0, 0.0, 0.0, 38.0, 0.0, 4.03799024755
0.0, 0.0, 0.0, 0.0, 0.0, 0.0, 1.0, 0.0, 0.852576123611, 0.0, 0.0, 0.0, 0.0, 1.0, 0.0, 1.0, 0.591921006652, 0.0, 0.0, 0.0, 0.530568672276, 0.0, 0.0, 0.0, 0.0, 0.0, 0.0, 0.0, 31.0, 0.0, 5.82912838847
0.0, 1.0, 0.144834624182, 0.0, 0.762855565169, 1.0, 1.0, 1.0, 0.0, 0.0, 0.0, 0.0, 1.0, 1.0, 1.0, 1.0, 0.0, 0.950846418837, 0.809239624619, 0.0, 1.0, 0.0626660844949, 1.0, 1.0, 0.0, 0.0, 0.0679154194496, 1.0, 13.0, 0.0, 12.7446160586
0.0, 1.0, 0.0, 0.0, 1.0, 0.0, 1.0, 1.0, 1.0, 0.0, 0.0, 0.0, 1.0, 1.0, 0.675810074665, 1.0, 0.0, 1.0, 0.0, 0.0, 0.0, 1.0, 1.0, 1.0, 1.0, 0.0, 0.680639906333, 0.0, 15.0, 0.0, 11.8553065941
0.0, 0.270327749744, 0.0, 0.0, 0.0, 1.0, 1.0, 0.0, 0.70007223954, 0.0, 0.0, 0.0, 0.0, 0.334183362248, 1.0, 1.0, 0.0, 0.0, 0.0, 0.0, 0.0, 0.0, 0.0, 0.0, 0.0, 0.0, 0.0, 0.0, 38.0, 0.0, 4.03799024755
0.0, 0.0, 0.0, 0.0, 1.0, 0.0, 0.0, 0.554586225897, 0.0, 0.0, 0.0, 0.0, 0.0, 0.0, 0.0, 1.0, 0.0, 0.0, 1.0, 0.0, 1.0, 0.0, 0.0, 0.0, 0.0, 0.0, 0.0, 0.0, 34.0, 0.0, 5.24561005636
0.0, 0.0, 0.0, 0.0, 0.0162380316211, 0.204493278285, 0.0, 1.0, 0.0, 0.0, 0.0, 0.0, 1.0, 0.0, 1.0, 1.0, 0.0, 0.0, 0.0, 1.0, 0.0, 1.0, 0.0, 0.0, 0.0, 0.0, 1.0, 0.0, 26.0, 0.0, 7.03948214294
0.0, 1.0, 0.0, 0.0, 1.0, 0.0, 1.0, 0.0, 1.0, 0.0, 0.0, 0.0, 0.0, 0.0, 0.0, 1.0, 0.0, 0.0, 0.0, 1.0, 0.0, 0.0, 0.0, 0.0, 0.0, 1.0, 0.0, 0.0, 33.0, 0.0, 5.74918363906
1.0, 1.0, 0.0, 0.0, 1.0, 0.0, 0.0, 1.0, 0.0, 0.0, 0.0, 0.0, 0.0, 1.0, 0.0, 1.0, 0.388257007804, 0.0, 0.0, 1.0, 0.0, 0.7304459151, 0.0, 0.0, 0.0, 0.0, 1.0, 0.0, 22.0, 0.0, 8.97829362275
0.383243284688, 1.0, 0.0, 1.0, 0.0, 0.0, 1.0, 0.0, 0.00486498105332, 0.0, 0.0, 0.0, 0.0, 1.0, 1.0, 1.0, 0.0, 0.0, 0.0, 0.0, 1.0, 0.0, 1.0, 1.0, 1.0, 0.0, 1.0, 0.0, 20.0, 0.0, 9.00766570932
1.0, 0.0, 0.0, 1.0, 1.0, 1.0, 0.0, 0.0, 0.0, 0.389262342465, 0.0, 0.0, 0.0, 0.0, 0.0, 1.0, 0.0, 0.0, 0.0, 1.0, 0.0, 0.0, 0.0, 0.0, 1.0, 0.0, 0.0, 0.0, 29.0, 0.0, 6.77426163628
0.0, 0.0, 0.0, 0.0, 1.0, 0.0, 0.0, 0.554586225897, 0.0, 0.0, 0.0, 0.0, 0.0, 0.0945410814969, 0.0, 1.0, 0.0, 0.0, 1.0, 0.0, 1.0, 0.0, 0.0, 0.0, 0.346637492841, 0.0, 0.0, 0.0, 34.0, 0.0, 5.24561005636
0.0, 0.0, 0.0, 0.0, 0.0, 0.0, 1.0, 0.0, 0.852576123611, 0.0, 0.0, 0.0, 0.0, 1.0, 0.0, 1.0, 0.591921006652, 0.0, 0.0, 0.0, 0.530568672276, 0.0, 0.0, 0.0, 0.0, 0.0, 0.0, 0.0, 31.0, 0.0, 5.82912838847
0.0, 1.0, 0.0, 0.0, 0.0, 1.0, 0.0, 0.0, 0.438421705501, 0.0, 0.0, 1.0, 1.0, 1.0, 0.0, 1.0, 1.0, 1.0, 0.278163944025, 1.0, 1.0, 0.0, 0.0, 0.0, 0.0, 0.0, 0.0, 0.0, 24.0, 0.0, 8.53633077339
1.0, 1.0, 0.0, 0.0, 1.0, 0.0, 0.0, 1.0, 0.0, 0.0, 0.0, 0.0, 0.0, 1.0, 0.0, 1.0, 0.388257007804, 0.0, 0.0, 1.0, 0.0, 0.7304459151, 0.0, 0.0, 0.0, 0.0, 1.0, 0.0, 22.0, 0.0, 8.97829362275
0.0, 0.0, 0.0, 0.0, 0.0162380316211, 0.204493278285, 0.0, 1.0, 0.0, 0.0, 0.0, 0.0, 1.0, 0.0, 1.0, 1.0, 0.0, 0.0, 0.0, 1.0, 0.0, 1.0, 0.0, 0.0, 0.0, 0.0, 1.0, 0.0, 26.0, 0.0, 7.03948214294
0.0, 0.0, 0.0, 0.0, 1.0, 0.913129465384, 1.0, 0.0, 1.0, 0.0, 0.0, 0.0, 0.0, 1.0, 0.0, 1.0, 1.0, 0.0, 0.0, 0.0, 1.0, 0.0, 0.0, 0.0, 0.944346259917, 0.0, 0.0, 0.0, 25.0, 0.0, 7.15846139403
0.0, 1.0, 0.0, 0.0, 1.0, 0.0, 1.0, 0.0, 1.0, 0.0, 0.0, 0.0, 0.0, 0.0, 0.0, 1.0, 0.0, 0.0, 0.0, 1.0, 0.0, 0.0, 0.0, 0.0, 0.0, 1.0, 0.0, 0.0, 33.0, 0.0, 5.74918363906
0.0, 1.0, 0.0, 0.0, 0.236807172833, 1.0, 0.0, 0.0, 0.0, 0.0, 0.0, 0.0, 0.0, 0.0707955956396, 0.0, 1.0, 0.0, 0.0, 0.0, 1.0, 0.0, 0.984622537125, 0.0, 0.0, 0.0, 0.0, 0.0, 0.0, 35.0, 0.0, 4.08817083665
0.0, 0.0, 0.0, 0.0, 1.0, 0.0, 0.0, 0.554586225897, 0.0, 0.0, 0.0, 0.0, 0.0, 0.0945410814969, 0.0, 1.0, 0.0, 0.0, 1.0, 0.0, 1.0, 0.0, 0.0, 0.0, 0.346637492841, 0.0, 0.0, 0.0, 34.0, 0.0, 5.24561005636
0.0, 0.0, 0.0, 0.0, 1.0, 0.0, 0.0, 0.554586225897, 0.0, 0.0, 0.0, 0.0, 0.0, 0.0, 0.0, 1.0, 0.0, 0.0, 1.0, 0.0, 1.0, 0.0, 0.0, 0.0, 0.0, 0.0, 0.0, 0.0, 34.0, 0.0, 5.24561005636
1.0, 1.0, 1.0, 1.0, 0.204690564038, 1.0, 0.0, 0.0, 0.0, 1.0, 0.0, 0.0, 0.0, 1.0, 1.0, 1.0, 0.0, 0.0, 0.0, 0.0, 1.0, 0.0, 1.0, 1.0, 0.0, 0.0, 0.0, 1.0, 17.0, 0.0, 10.7782718929
1.0, 1.0, 1.0, 1.0, 0.0, 1.0, 0.0, 0.0, 0.249919425536, 1.0, 0.0, 0.0, 0.0, 1.0, 0.905879781979, 1.0, 0.0, 0.0, 0.0, 0.0, 1.0, 0.0, 1.0, 1.0, 0.0, 0.0, 0.0, 1.0, 17.0, 0.0, 10.7782718929
