0.818466251549, 0.694115231648, 0.416860035222, 0.884278326997, 0.731643171271, 0.672080327177, 0.682361060515, 0.627948623356, 0.787935304574, 50.5264883639, 6.61218259672, 79.9305276497, 60.4040628319, 43.7990708847
0.744667328613, 0.95807991203, 0.758230781021, 0.275380425821, 0.0543345534828, 0.499879377112, 0.38282538456, 0.811220533537, 0.974533156494, 32.0521318902, 84.3400619073, 37.112776867, 6.71649806377, 54.9369819946
0.53023075264, 0.2162661476, 0.79117849143, 0.44489455513, 0.0122273704855, 0.743080868688, 0.297103228632, 0.79596644692, 0.311322534689, 5.95408834525, 7.42905666425, 3.53231105315, 61.300465617, 69.2970644877
0.618145379395, 0.693112752229, 0.924219559218, 0.689881405504, 0.70108267552, 0.566648489111, 0.169912189003, 0.388214153175, 0.096759860806, 46.9732271812, 21.1156165047, 5.58287534107, 32.6193841018, 65.6605229317
0.958150252658, 0.235793176253, 0.975237655743, 0.560798721504, 0.996879238742, 0.200991394493, 0.595363356275, 0.123108145555, 0.450097082023, 21.2807007213, 16.6664270186, 0.963518825518, 126.109593561, 7.20769559516
0.935582434132, 0.43459408215, 0.0890804680963, 0.437728935578, 0.431828768279, 0.380422772731, 0.785316292354, 0.912175336856, 0.25177248111, 4.0368702349, 5.18543587007, 94.3055075904, 134.689451444, 16.4019500669
0.428478700922, 0.765844970173, 0.0798433973206, 0.207427113995, 0.643934536401, 0.190741847952, 0.00753709668157, 0.191340692587, 0.0877041946629, 0.88726562461, 3.39021578813, 49.2959079505, 16.3799190082, 93.3064014366
0.822327989996, 0.430237982755, 0.146676493356, 0.999915066233, 0.225508507982, 0.76157653013, 0.368306187458, 0.035086372851, 0.944792283007, 21.5635339265, 0.0018316277232, 125.461366956, 194.70676942, 73.8348674889
0.946853146921, 0.957541562668, 0.40029913468, 0.293550183433, 0.0750488122105, 0.281235081727, 0.879579436011, 0.566000162642, 0.331737774132, 30.3270731466, 72.9843020738, 154.774057073, 11.4437895759, 15.1286712219
0.63207771932, 0.394857973505, 0.785887407514, 0.190917456104, 0.0804459335841, 0.08946225648, 0.580109911173, 0.314205115162, 0.913589039524, 5.32159242478, 22.5521941497, 7.59412690519, 54.3565699032, 52.2853879783
0.120358080318, 0.88362480496, 0.199116367561, 0.14756470817, 0.983332405175, 0.0575148280811, 0.908632514993, 0.212456633212, 0.555960154997, 0.851219114997, 4.91722732151, 23.2017809093, 3.81543822535, 239.615368779
0.973102729961, 0.389296584319, 0.426352695969, 0.682911237373, 0.3023287069, 0.784539334506, 0.159621704225, 0.812069123004, 0.397184941104, 16.0638877079, 7.45877062426, 31.6491713632, 86.5500140549, 3.91729524994
0.25822983516, 0.945398937498, 0.32761209979, 0.632482181435, 0.503090119767, 0.278497177299, 0.167751581054, 0.107229999317, 0.32919867163, 10.0052750226, 5.8137872629, 32.4668902042, 2.78873204238, 146.713013006
0.565145503787, 0.00305492121286, 0.644729538908, 0.470502763387, 0.17315994669, 0.277860169187, 0.0117577994629, 0.664428762102, 0.541556485239, 0.159986492334, 0.180046563332, 0.187371127244, 172.113441902, 132.839503538
0.0425690182058, 0.499445795314, 0.0399933882731, 0.214337073669, 0.828304762276, 0.356320501291, 0.76454270048, 0.971741191487, 0.688571640567, 0.0606516479488, 0.22232155361, 6.79252636917, 7.0912020756, 318.627011797
0.96664976367, 0.361148940846, 0.220376161074, 0.703163268755, 0.477086397439, 0.472802541307, 0.570809310932, 0.354360981634, 0.323477903906, 16.7784255422, 7.08292542387, 84.4142032037, 191.533034265, 10.3436504656
0.994382503375, 0.982249134315, 0.0272311618912, 0.349276259029, 0.735113461065, 0.362756588958, 0.562872444561, 0.107363103424, 0.327633310493, 3.02909960152, 5.64340396324, 309.804673406, 5.75540908574, 1.83166482896
0.136136611248, 0.583117473723, 0.0890510139141, 0.659500899512, 0.678378808561, 0.706071465525, 0.0409497891039, 0.285639857663, 0.534330006597, 1.16071989277, 0.599277544123, 18.0039261787, 14.1296304386, 215.07366897
0.7968391736, 0.61619039558, 0.012114201569, 0.998626639307, 0.682006968557, 0.877235610142, 0.247932427433, 0.875083586158, 0.692458833366, 1.4722222668, 0.00202467279875, 120.221510821, 75.8012474404, 50.353516892
0.599496836452, 0.528774997404, 0.725444029517, 0.62783853087, 0.33071964135, 0.613333490354, 0.780186429875, 0.002871671905, 0.895368470361, 21.3262595367, 12.6414861306, 12.8556401285, 41.7272945989, 59.157656014
0.874159768487, 0.883579227165, 0.494599292664, 0.253278068935, 0.465575569492, 0.593614934009, 0.709793977181, 0.189477115557, 0.735179950582, 18.5984172869, 54.8324066495, 75.0344590221, 19.5618485019, 24.1884537423
0.814213611143, 0.810770047629, 0.125021936866, 0.401778451975, 0.409720664516, 0.687006190644, 0.81764489559, 0.736524880406, 0.466691147723, 7.33212130495, 10.9170437981, 127.718539129, 34.0681822181, 41.0803955504
0.851537266669, 0.259255836843, 0.149688546936, 0.427427414319, 0.888711104559, 0.583046078978, 0.0845974052708, 0.921170908378, 0.011962703544, 2.10250331779, 2.81646829553, 27.9424043169, 93.8913187455, 22.0989171527
0.0211146367362, 0.154900033247, 0.835687922279, 0.94906868836, 0.270366691802, 0.628761011739, 0.516400613538, 0.977176599674, 0.886196460385, 0.606998030458, 0.0325742554076, 0.12575202817, 4.17543843463, 229.056289172
0.694153071168, 0.664754051899, 0.943430497381, 0.358818202745, 0.72154824812, 0.0765350287776, 0.116528703835, 0.910835569709, 0.901111084446, 24.3803234047, 43.5658488302, 4.07415403561, 36.3209859258, 47.7356637566
0.0663222731466, 0.97767433193, 0.760697485576, 0.792686116477, 0.244677364554, 0.469107353271, 0.465143701175, 0.166643595181, 0.997832449278, 13.3596488017, 3.49399417754, 5.30186995305, 0.505931895208, 319.025348347
0.310080160927, 0.921375982124, 0.00437713410804, 0.807417720364, 0.777112091784, 0.9465503127, 0.74924499623, 0.2016400903, 0.809240443114, 0.279958587182, 0.0667746837399, 78.8679451839, 6.75964689302, 191.290511883
0.879643617591, 0.152671439034, 0.704785118738, 0.383752021415, 0.589179345179, 0.0575077899975, 0.42332191465, 0.62700950584, 0.781133936303, 9.21254921237, 14.7939672313, 10.05566195, 189.045552883, 30.5264983308
0.0743184192121, 0.501362701952, 0.495959515355, 0.989730956858, 0.502185623742, 0.108395304488, 0.321824996924, 0.0925166483819, 0.805648230911, 1.43811337146, 0.0149212754767, 1.47670982201, 2.9138183999, 72.7851664663
0.0991057451382, 0.0507010121407, 0.372295660326, 0.470797544867, 0.616640239236, 0.255093816689, 0.333969407898, 0.874760714346, 0.436131979194, 0.303693428102, 0.341368194273, 1.08759790368, 32.4414023497, 310.650164289
0.252699598898, 0.229773882598, 0.0090564090562, 0.175494846795, 0.433884147382, 0.152412654371, 0.00276516171196, 0.766952983684, 0.346998180027, 0.0345001430786, 0.162087641171, 21.5104467622, 72.7642530559, 279.376902163
0.891643372195, 0.163095867838, 0.709858624855, 0.47979178708, 0.719857390875, 0.495456960545, 0.974944406934, 0.874839202672, 0.974228118589, 10.9814039088, 11.9064491235, 9.35497987963, 165.449685846, 24.02450951
0.551379785619, 0.00652644188548, 0.913296652905, 0.367636936394, 0.947478391531, 0.302272809093, 0.999351392211, 0.442699263625, 0.554867564371, 0.383842955072, 0.660238629431, 0.099119347179, 174.02129938, 142.519435299
0.727523887141, 0.0354923107796, 0.329753490891, 0.684569517385, 0.175814933466, 0.991640953923, 0.711753170777, 0.146128537054, 0.192008350876, 1.18322400251, 0.545196519382, 3.51313284945, 142.439824826, 55.31041466
0.92230194874, 0.509997669751, 0.119292425232, 0.885271781103, 0.921373433848, 0.506072128605, 0.825065030944, 0.854545616065, 0.567138363004, 14.1749466721, 1.8370249898, 118.212574706, 128.962041197, 22.1717898347
0.0727195275265, 0.125957687937, 0.436854784863, 0.0475945420666, 0.812076847978, 0.767104224246, 0.322150077514, 0.653999168783, 0.807047249349, 0.0472840864769, 0.946192989333, 1.28068154677, 15.7807823645, 230.226938739
0.867477457384, 0.710417457694, 0.514696341688, 0.766135937928, 0.960116170175, 0.796246030273, 0.2442831192, 0.288756696187, 0.695816022928, 54.6787457923, 16.6907633058, 67.2938217196, 56.5223720616, 29.818072398
0.845366714651, 0.561422497425, 0.245593625784, 0.483500511251, 0.819051622078, 0.246708669145, 0.487501977486, 0.104435426471, 0.827404264452, 12.7796466964, 13.6518593704, 81.1914258492, 84.0739316931, 35.0649195164
0.463040907243, 0.914333906128, 0.992509115584, 0.493230693439, 0.91695403859, 0.915881232491, 0.58771048562, 0.0661226807719, 0.841435518638, 55.0734459588, 56.5851484706, 0.842734451305, 10.5405140682, 142.683800346
0.578058723371, 0.470138968719, 0.267856764201, 0.697764461266, 0.710907699759, 0.320500494722, 0.413580381657, 0.170569500021, 0.40838477068, 7.39252532388, 3.20206029096, 28.9585899282, 44.5776414593, 61.4094431838
0.268096961191, 0.560494638066, 0.0790462229636, 0.0179235266296, 0.119523391558, 0.574290363664, 0.692259589137, 0.589582563632, 0.226645378934, 0.036331145639, 1.99067762276, 23.6163261362, 20.1079232932, 124.900650703
0.942302676396, 0.00556793975873, 0.106028025453, 0.608427917709, 0.561675397862, 0.482371361609, 0.353274217729, 0.0424633847895, 0.937422142355, 0.140545146196, 0.0904520551245, 1.94764566535, 389.104840985, 23.9583420001
0.0216286003131, 0.235341484961, 0.191472920421, 0.098378580432, 0.942548083343, 0.746633922698, 0.559778218316, 0.520411046154, 0.0708316965244, 0.0389117701112, 0.356619146683, 1.6701967899, 6.71184802348, 397.054313672
0.556725844851, 0.0106684369494, 0.943126308273, 0.820737497525, 0.434365664217, 0.553404015355, 0.782237216536, 0.777397333497, 0.0361143312787, 1.60333943847, 0.350195575228, 0.11780473853, 192.084539132, 154.590062551
0.999006565105, 0.676663627237, 0.195308270221, 0.306641816462, 0.0797691008289, 0.740187961195, 0.736338236588, 0.675940663787, 0.885574285247, 12.1018988422, 27.3640128258, 162.603932191, 96.5568825165, 0.296961222237
0.818466251549, 0.694115231648, 0.416860035222, 0.884278326997, 0.731643171271, 0.672080327177, 0.682361060515, 0.627948623356, 0.787935304574, 50.5264883639, 6.61218259672, 79.9305276497, 60.4040628319, 43.7990708847
0.744667328613, 0.95807991203, 0.758230781021, 0.275380425821, 0.0543345534828, 0.499879377112, 0.38282538456, 0.811220533537, 0.974533156494, 32.0521318902, 84.3400619073, 37.112776867, 6.71649806377, 54.9369819946
0.53023075264, 0.2162661476, 0.79117849143, 0.44489455513, 0.0122273704855, 0.743080868688, 0.297103228632, 0.79596644692, 0.311322534689, 5.95408834525, 7.42905666425, 3.53231105315, 61.300465617, 69.2970644877
0.618145379395, 0.693112752229, 0.924219559218, 0.689881405504, 0.70108267552, 0.566648489111, 0.169912189003, 0.388214153175, 0.096759860806, 46.9732271812, 21.1156165047, 5.58287534107, 32.6193841018, 65.6605229317
0.958150252658, 0.235793176253, 0.975237655743, 0.560798721504, 0.996879238742, 0.200991394493, 0.595363356275, 0.123108145555, 0.450097082023, 21.2807007213, 16.6664270186, 0.963518825518, 126.109593561, 7.20769559516
0.935582434132, 0.43459408215, 0.0890804680963, 0.437728935578, 0.431828768279, 0.380422772731, 0.785316292354, 0.912175336856, 0.25177248111, 4.0368702349, 5.18543587007, 94.3055075904, 134.689451444, 16.4019500669
0.428478700922, 0.765844970173, 0.0798433973206, 0.207427113995, 0.643934536401, 0.190741847952, 0.00753709668157, 0.191340692587, 0.0877041946629, 0.88726562461, 3.39021578813, 49.2959079505, 16.3799190082, 93.3064014366
0.822327989996, 0.430237982755, 0.146676493356, 0.999915066233, 0.225508507982, 0.76157653013, 0.368306187458, 0.035086372851, 0.944792283007, 21.5635339265, 0.0018316277232, 125.461366956, 194.70676942, 73.8348674889
0.946853146921, 0.957541562668, 0.40029913468, 0.293550183433, 0.0750488122105, 0.281235081727, 0.879579436011, 0.566000162642, 0.331737774132, 30.3270731466, 72.9843020738, 154.774057073, 11.4437895759, 15.1286712219
0.63207771932, 0.394857973505, 0.785887407514, 0.190917456104, 0.0804459335841, 0.08946225648, 0.580109911173, 0.314205115162, 0.913589039524, 5.32159242478, 22.5521941497, 7.59412690519, 54.3565699032, 52.2853879783
0.120358080318, 0.88362480496, 0.199116367561, 0.14756470817, 0.983332405175, 0.0575148280811, 0.908632514993, 0.212456633212, 0.555960154997, 0.851219114997, 4.91722732151, 23.2017809093, 3.81543822535, 239.615368779
0.973102729961, 0.389296584319, 0.426352695969, 0.682911237373, 0.3023287069, 0.784539334506, 0.159621704225, 0.812069123004, 0.397184941104, 16.0638877079, 7.45877062426, 31.6491713632, 86.5500140549, 3.91729524994
0.25822983516, 0.945398937498, 0.32761209979, 0.632482181435, 0.503090119767, 0.278497177299, 0.167751581054, 0.107229999317, 0.32919867163, 10.0052750226, 5.8137872629, 32.4668902042, 2.78873204238, 146.713013006
0.565145503787, 0.00305492121286, 0.644729538908, 0.470502763387, 0.17315994669, 0.277860169187, 0.0117577994629, 0.664428762102, 0.541556485239, 0.159986492334, 0.180046563332, 0.187371127244, 172.113441902, 132.839503538
0.0425690182058, 0.499445795314, 0.0399933882731, 0.214337073669, 0.828304762276, 0.356320501291, 0.76454270048, 0.971741191487, 0.688571640567, 0.0606516479488, 0.22232155361, 6.79252636917, 7.0912020756, 318.627011797
0.96664976367, 0.361148940846, 0.220376161074, 0.703163268755, 0.477086397439, 0.472802541307, 0.570809310932, 0.354360981634, 0.323477903906, 16.7784255422, 7.08292542387, 84.4142032037, 191.533034265, 10.3436504656
0.994382503375, 0.982249134315, 0.0272311618912, 0.349276259029, 0.735113461065, 0.362756588958, 0.562872444561, 0.107363103424, 0.327633310493, 3.02909960152, 5.64340396324, 309.804673406, 5.75540908574, 1.83166482896
0.136136611248, 0.583117473723, 0.0890510139141, 0.659500899512, 0.678378808561, 0.706071465525, 0.0409497891039, 0.285639857663, 0.534330006597, 1.16071989277, 0.599277544123, 18.0039261787, 14.1296304386, 215.07366897
0.7968391736, 0.61619039558, 0.012114201569, 0.998626639307, 0.682006968557, 0.877235610142, 0.247932427433, 0.875083586158, 0.692458833366, 1.4722222668, 0.00202467279875, 120.221510821, 75.8012474404, 50.353516892
0.599496836452, 0.528774997404, 0.725444029517, 0.62783853087, 0.33071964135, 0.613333490354, 0.780186429875, 0.002871671905, 0.895368470361, 21.3262595367, 12.6414861306, 12.8556401285, 41.7272945989, 59.157656014
0.874159768487, 0.883579227165, 0.494599292664, 0.253278068935, 0.465575569492, 0.593614934009, 0.709793977181, 0.189477115557, 0.735179950582, 18.5984172869, 54.8324066495, 75.0344590221, 19.5618485019, 24.1884537423
0.814213611143, 0.810770047629, 0.125021936866, 0.401778451975, 0.409720664516, 0.687006190644, 0.81764489559, 0.736524880406, 0.466691147723, 7.33212130495, 10.9170437981, 127.718539129, 34.0681822181, 41.0803955504
0.851537266669, 0.259255836843, 0.149688546936, 0.427427414319, 0.888711104559, 0.583046078978, 0.0845974052708, 0.921170908378, 0.011962703544, 2.10250331779, 2.81646829553, 27.9424043169, 93.8913187455, 22.0989171527
0.0211146367362, 0.154900033247, 0.835687922279, 0.94906868836, 0.270366691802, 0.628761011739, 0.516400613538, 0.977176599674, 0.886196460385, 0.606998030458, 0.0325742554076, 0.12575202817, 4.17543843463, 229.056289172
0.694153071168, 0.664754051899, 0.943430497381, 0.358818202745, 0.72154824812, 0.0765350287776, 0.116528703835, 0.910835569709, 0.901111084446, 24.3803234047, 43.5658488302, 4.07415403561, 36.3209859258, 47.7356637566
0.0663222731466, 0.97767433193, 0.760697485576, 0.792686116477, 0.244677364554, 0.469107353271, 0.465143701175, 0.166643595181, 0.997832449278, 13.3596488017, 3.49399417754, 5.30186995305, 0.505931895208, 319.025348347
0.310080160927, 0.921375982124, 0.00437713410804, 0.807417720364, 0.777112091784, 0.9465503127, 0.74924499623, 0.2016400903, 0.809240443114, 0.279958587182, 0.0667746837399, 78.8679451839, 6.75964689302, 191.290511883
0.879643617591, 0.152671439034, 0.704785118738, 0.383752021415, 0.589179345179, 0.0575077899975, 0.42332191465, 0.62700950584, 0.781133936303, 9.21254921237, 14.7939672313, 10.05566195, 189.045552883, 30.5264983308
0.0743184192121, 0.501362701952, 0.495959515355, 0.989730956858, 0.502185623742, 0.108395304488, 0.321824996924, 0.0925166483819, 0.805648230911, 1.43811337146, 0.0149212754767, 1.47670982201, 2.9138183999, 72.7851664663
0.0991057451382, 0.0507010121407, 0.372295660326, 0.470797544867, 0.616640239236, 0.255093816689, 0.333969407898, 0.874760714346, 0.436131979194, 0.303693428102, 0.341368194273, 1.08759790368, 32.4414023497, 310.650164289
0.252699598898, 0.229773882598, 0.0090564090562, 0.175494846795, 0.433884147382, 0.152412654371, 0.00276516171196, 0.766952983684, 0.346998180027, 0.0345001430786, 0.162087641171, 21.5104467622, 72.7642530559, 279.376902163
0.891643372195, 0.163095867838, 0.709858624855, 0.47979178708, 0.719857390875, 0.495456960545, 0.974944406934, 0.874839202672, 0.974228118589, 10.9814039088, 11.9064491235, 9.35497987963, 165.449685846, 24.02450951
0.551379785619, 0.00652644188548, 0.913296652905, 0.367636936394, 0.947478391531, 0.302272809093, 0.999351392211, 0.442699263625, 0.554867564371, 0.383842955072, 0.660238629431, 0.099119347179, 174.02129938, 142.519435299
0.727523887141, 0.0354923107796, 0.329753490891, 0.684569517385, 0.175814933466, 0.991640953923, 0.711753170777, 0.146128537054, 0.192008350876, 1.18322400251, 0.545196519382, 3.51313284945, 142.439824826, 55.31041466
0.92230194874, 0.509997669751, 0.119292425232, 0.885271781103, 0.921373433848, 0.506072128605, 0.825065030944, 0.854545616065, 0.567138363004, 14.1749466721, 1.8370249898, 118.212574706, 128.962041197, 22.1717898347
0.0727195275265, 0.125957687937, 0.436854784863, 0.0475945420666, 0.812076847978, 0.767104224246, 0.322150077514, 0.653999168783, 0.807047249349, 0.0472840864769, 0.946192989333, 1.28068154677, 15.7807823645, 230.226938739
0.867477457384, 0.710417457694, 0.514696341688, 0.766135937928, 0.960116170175, 0.796246030273, 0.2442831192, 0.288756696187, 0.695816022928, 54.6787457923, 16.6907633058, 67.2938217196, 56.5223720616, 29.818072398
0.845366714651, 0.561422497425, 0.245593625784, 0.483500511251, 0.819051622078, 0.246708669145, 0.487501977486, 0.104435426471, 0.827404264452, 12.7796466964, 13.6518593704, 81.1914258492, 84.0739316931, 35.0649195164
0.463040907243, 0.914333906128, 0.992509115584, 0.493230693439, 0.91695403859, 0.915881232491, 0.58771048562, 0.0661226807719, 0.841435518638, 55.0734459588, 56.5851484706, 0.842734451305, 10.5405140682, 142.683800346
0.578058723371, 0.470138968719, 0.267856764201, 0.697764461266, 0.710907699759, 0.320500494722, 0.413580381657, 0.170569500021, 0.40838477068, 7.39252532388, 3.20206029096, 28.9585899282, 44.5776414593, 61.4094431838
0.268096961191, 0.560494638066, 0.0790462229636, 0.0179235266296, 0.119523391558, 0.574290363664, 0.692259589137, 0.589582563632, 0.226645378934, 0.036331145639, 1.99067762276, 23.6163261362, 20.1079232932, 124.900650703
0.942302676396, 0.00556793975873, 0.106028025453, 0.608427917709, 0.561675397862, 0.482371361609, 0.353274217729, 0.0424633847895, 0.937422142355, 0.140545146196, 0.0904520551245, 1.94764566535, 389.104840985, 23.9583420001
0.0216286003131, 0.235341484961, 0.191472920421, 0.098378580432, 0.942548083343, 0.746633922698, 0.559778218316, 0.520411046154, 0.0708316965244, 0.0389117701112, 0.356619146683, 1.6701967899, 6.71184802348, 397.054313672
0.556725844851, 0.0106684369494, 0.943126308273, 0.820737497525, 0.434365664217, 0.553404015355, 0.782237216536, 0.777397333497, 0.0361143312787, 1.60333943847, 0.350195575228, 0.11780473853, 192.084539132, 154.590062551
0.999006565105, 0.676663627237, 0.195308270221, 0.306641816462, 0.0797691008289, 0.740187961195, 0.736338236588, 0.675940663787, 0.885574285247, 12.1018988422, 27.3640128258, 162.603932191, 96.5568825165, 0.296961222237
0.849284691016, 0.858401771672, 0.836196623598, 0.504799783029, 0.928805187698, 0.772862827121, 0.0962030154056, 0.655051818926, 0.935463375043, 101.631298322, 99.6986184861, 39.438714787, 39.7161478411, 49.7752410294
0.849284691016, 0.858401771672, 0.836196623598, 0.504799783029, 0.928805187698, 0.772862827121, 0.0962030154056, 0.655051818926, 0.935463375043, 101.631298322, 99.6986184861, 39.438714787, 39.7161478411, 49.7752410294
