0.00334315080419, 0.10615724649, 0.37180620372, 0.39041088005, 0.0218249759771, 0.256837839596, 0.770733467825, 0.0507120098591, 0.807157822215, 0.586888969037, 0.694977301395, 0.994177109719, 0.0461789814447, 0.0184174072325, 0.153799785273, 0.00642018298509, 0.145525022313, 0.0656554824664, 0.330023209911, 0.527426676251, 0.286896953719, 0.156334256664, 0.0189739472968, 0.291105972183, 0.00191673980798, 0.37040735947, 0.293406696059, 0.428788322627, 0.660466024705, 0.0110886724047, 0.00334315080419, 3.63907284643
0.00334315080419, 0.10615724649, 0.37180620372, 0.39041088005, 0.0218249759771, 0.256837839596, 0.770733467825, 0.0507120098591, 0.807157822215, 0.586888969037, 0.694977301395, 0.994177109719, 0.0461789814447, 0.0184174072325, 0.153799785273, 0.00642018298509, 0.145525022313, 0.0656554824664, 0.330023209911, 0.527426676251, 0.286896953719, 0.156334256664, 0.0189739472968, 0.291105972183, 0.00191673980798, 0.37040735947, 0.293406696059, 0.428788322627, 0.660466024705, 0.0110886724047, 0.00334315080419, 3.63907284643
0.127642072304, 0.755871292736, 0.0661714239121, 0.0452812108627, 0.50098012019, 0.994155035143, 0.0391118268536, 0.222240469807, 0.0499365632887, 0.160984099639, 0.0945007792217, 0.203481215965, 0.0141091074742, 0.408354736167, 0.330221777359, 0.410403885549, 0.0822124395241, 0.000143775205999, 0.271622920066, 0.35546702489, 0.322280274344, 0.995479569581, 0.694257437116, 0.568170439035, 0.0239021035691, 0.0374120915503, 0.0650713232684, 0.384706836441, 0.818581382449, 0.318704766068, 0.127642072304, 3.16322715809
0.127642072304, 0.755871292736, 0.0661714239121, 0.0452812108627, 0.50098012019, 0.994155035143, 0.0391118268536, 0.222240469807, 0.0499365632887, 0.160984099639, 0.0945007792217, 0.203481215965, 0.0141091074742, 0.408354736167, 0.330221777359, 0.410403885549, 0.0822124395241, 0.000143775205999, 0.271622920066, 0.35546702489, 0.322280274344, 0.995479569581, 0.694257437116, 0.568170439035, 0.0239021035691, 0.0374120915503, 0.0650713232684, 0.384706836441, 0.818581382449, 0.318704766068, 0.127642072304, 3.16322715809
0.257242225612, 0.679990884938, 0.101696475957, 0.317728124148, 0.102300670892, 0.603993995777, 0.654409039945, 0.335760598653, 0.203651759423, 0.123959276287, 0.00957476568792, 0.09026621229, 0.770560044226, 0.276253590021, 0.144284280203, 0.0747000565572, 0.126307029762, 0.182056374738, 0.115899164822, 0.530420951946, 0.18100108174, 0.361488505167, 0.056518474834, 0.143019048046, 0.327811263725, 0.079184367977, 0.0185521998496, 0.203213846053, 0.293860371894, 0.645333524276, 0.257242225612, 2.47026438121
0.257242225612, 0.679990884938, 0.101696475957, 0.317728124148, 0.102300670892, 0.603993995777, 0.654409039945, 0.335760598653, 0.203651759423, 0.123959276287, 0.00957476568792, 0.09026621229, 0.770560044226, 0.276253590021, 0.144284280203, 0.0747000565572, 0.126307029762, 0.182056374738, 0.115899164822, 0.530420951946, 0.18100108174, 0.361488505167, 0.056518474834, 0.143019048046, 0.327811263725, 0.079184367977, 0.0185521998496, 0.203213846053, 0.293860371894, 0.645333524276, 0.257242225612, 2.47026438121
0.0721255625074, 0.232673692586, 0.040747936734, 0.0476287158774, 0.559635192158, 0.195360403498, 0.193363388029, 0.44300789987, 0.136393271149, 0.800464024455, 0.118385355639, 0.358004415694, 0.559505023865, 0.00511769430013, 0.693980463049, 0.470327656389, 0.0311589969439, 0.609952361888, 0.687664837576, 0.281381298718, 0.02723745193, 0.313879867246, 0.00203138606025, 0.0563205959909, 0.0126565639746, 0.31127162152, 0.978831799772, 0.500598120192, 0.528335826289, 0.020954904793, 0.0721255625074, 3.33273960742
0.0721255625074, 0.232673692586, 0.040747936734, 0.0476287158774, 0.559635192158, 0.195360403498, 0.193363388029, 0.44300789987, 0.136393271149, 0.800464024455, 0.118385355639, 0.358004415694, 0.559505023865, 0.00511769430013, 0.693980463049, 0.470327656389, 0.0311589969439, 0.609952361888, 0.687664837576, 0.281381298718, 0.02723745193, 0.313879867246, 0.00203138606025, 0.0563205959909, 0.0126565639746, 0.31127162152, 0.978831799772, 0.500598120192, 0.528335826289, 0.020954904793, 0.0721255625074, 3.33273960742
0.0493788277175, 0.755871292736, 0.00530323110868, 0.241431477657, 0.343975569986, 0.92656148525, 0.756746073788, 0.0481626292052, 0.203651759423, 0.159009951333, 0.0945007792217, 0.203481215965, 0.000642470391124, 0.0665345038619, 0.660655457413, 0.439551739026, 0.126307029762, 0.000143775205999, 0.012449535403, 0.509688806119, 0.617539154846, 0.97828573493, 0.0744265301129, 0.526592665069, 0.674743406606, 0.0195850787977, 0.16734785928, 0.0257164396781, 0.507338301666, 0.119630461693, 0.0493788277175, 3.43815376007
0.0493788277175, 0.755871292736, 0.00530323110868, 0.241431477657, 0.343975569986, 0.92656148525, 0.756746073788, 0.0481626292052, 0.203651759423, 0.159009951333, 0.0945007792217, 0.203481215965, 0.000642470391124, 0.0665345038619, 0.660655457413, 0.439551739026, 0.126307029762, 0.000143775205999, 0.012449535403, 0.509688806119, 0.617539154846, 0.97828573493, 0.0744265301129, 0.526592665069, 0.674743406606, 0.0195850787977, 0.16734785928, 0.0257164396781, 0.507338301666, 0.119630461693, 0.0493788277175, 3.43815376007
0.36085448567, 0.980746613724, 0.0228083554839, 0.142125323522, 0.50098012019, 0.0630162239824, 0.242690154453, 0.00188779683464, 0.0112927642243, 0.328198809519, 0.0945007792217, 0.203481215965, 0.0141091074742, 0.14766262796, 0.572354151016, 0.139639106819, 0.132592779989, 0.000143775205999, 0.271622920066, 0.35546702489, 0.379891010322, 0.492960974844, 0.694257437116, 0.568170439035, 0.0239021035691, 0.157173149275, 0.0439159848612, 0.384706836441, 0.993440378677, 0.318704766068, 0.36085448567, 2.4353363295
0.36085448567, 0.980746613724, 0.0228083554839, 0.142125323522, 0.50098012019, 0.0630162239824, 0.242690154453, 0.00188779683464, 0.0112927642243, 0.328198809519, 0.0945007792217, 0.203481215965, 0.0141091074742, 0.14766262796, 0.572354151016, 0.139639106819, 0.132592779989, 0.000143775205999, 0.271622920066, 0.35546702489, 0.379891010322, 0.492960974844, 0.694257437116, 0.568170439035, 0.0239021035691, 0.157173149275, 0.0439159848612, 0.384706836441, 0.993440378677, 0.318704766068, 0.36085448567, 2.4353363295
0.541307021843, 0.688472649359, 0.5845095829, 0.386509180993, 0.503306558258, 0.627627527198, 0.539570695991, 0.230700109406, 0.310979467105, 0.414607444763, 0.00998463099991, 0.401157215476, 0.0159258114648, 0.179669107492, 0.176122765316, 0.020173758716, 0.13801011814, 0.215248451331, 0.432797826159, 0.0124742749905, 0.202203684106, 0.00542887281668, 0.507095592704, 0.592096821704, 0.0662835167888, 0.0435123247362, 0.122215525994, 0.65458291465, 0.188136540346, 0.418669152347, 0.541307021843, 2.28179048779
0.541307021843, 0.688472649359, 0.5845095829, 0.386509180993, 0.503306558258, 0.627627527198, 0.539570695991, 0.230700109406, 0.310979467105, 0.414607444763, 0.00998463099991, 0.401157215476, 0.0159258114648, 0.179669107492, 0.176122765316, 0.020173758716, 0.13801011814, 0.215248451331, 0.432797826159, 0.0124742749905, 0.202203684106, 0.00542887281668, 0.507095592704, 0.592096821704, 0.0662835167888, 0.0435123247362, 0.122215525994, 0.65458291465, 0.188136540346, 0.418669152347, 0.541307021843, 2.28179048779
0.168329957572, 0.0118958799725, 0.542139467193, 0.844545437664, 0.0813573604462, 0.0630162239824, 0.650168238161, 0.000391041936566, 0.494370074481, 0.15193906626, 0.167564624579, 0.410102577957, 0.139033191687, 0.73935283716, 0.144284280203, 0.00242453004929, 0.000651409165877, 0.75169320031, 0.360120681612, 0.131531011725, 0.170412113887, 0.437826012058, 0.815923676012, 0.157187989432, 0.0766299789503, 0.227272321568, 0.246348525547, 0.527292573693, 0.361105582611, 0.547849852592, 0.168329957572, 3.06473273098
0.168329957572, 0.0118958799725, 0.542139467193, 0.844545437664, 0.0813573604462, 0.0630162239824, 0.650168238161, 0.000391041936566, 0.494370074481, 0.15193906626, 0.167564624579, 0.410102577957, 0.139033191687, 0.73935283716, 0.144284280203, 0.00242453004929, 0.000651409165877, 0.75169320031, 0.360120681612, 0.131531011725, 0.170412113887, 0.437826012058, 0.815923676012, 0.157187989432, 0.0766299789503, 0.227272321568, 0.246348525547, 0.527292573693, 0.361105582611, 0.547849852592, 0.168329957572, 3.06473273098
0.475705095419, 0.755871292736, 0.101696475957, 0.317728124148, 0.102300670892, 0.902788400569, 0.683566520525, 0.73905924741, 0.203651759423, 0.0184406973596, 0.0945007792217, 0.0932619359873, 0.0832140177303, 0.202196559515, 0.572354151016, 0.302722046528, 0.126307029762, 0.0483092770485, 0.115899164822, 0.401297627237, 0.210871602997, 0.796081897561, 0.0147926549756, 0.143019048046, 0.327811263725, 0.079184367977, 0.0439159848612, 0.0307380191855, 0.818581382449, 0.289978332179, 0.475705095419, 2.35297583507
0.475705095419, 0.755871292736, 0.101696475957, 0.317728124148, 0.102300670892, 0.902788400569, 0.683566520525, 0.73905924741, 0.203651759423, 0.0184406973596, 0.0945007792217, 0.0932619359873, 0.0832140177303, 0.202196559515, 0.572354151016, 0.302722046528, 0.126307029762, 0.0483092770485, 0.115899164822, 0.401297627237, 0.210871602997, 0.796081897561, 0.0147926549756, 0.143019048046, 0.327811263725, 0.079184367977, 0.0439159848612, 0.0307380191855, 0.818581382449, 0.289978332179, 0.475705095419, 2.35297583507
0.0258593580967, 0.755871292736, 0.00530323110868, 0.317728124148, 0.343975569986, 0.92656148525, 0.756746073788, 0.0481626292052, 0.203651759423, 0.159009951333, 0.0945007792217, 0.95641593963, 0.00134067384463, 0.0665345038619, 0.572354151016, 0.281669070121, 0.126307029762, 0.000143775205999, 0.012449535403, 0.0383580388644, 0.617539154846, 0.886669368392, 0.0744265301129, 0.526592665069, 0.674743406606, 0.0195850787977, 0.16734785928, 0.206135640608, 0.507338301666, 0.119630461693, 0.0258593580967, 3.61894586662
0.0258593580967, 0.755871292736, 0.00530323110868, 0.317728124148, 0.343975569986, 0.92656148525, 0.756746073788, 0.0481626292052, 0.203651759423, 0.159009951333, 0.0945007792217, 0.95641593963, 0.00134067384463, 0.0665345038619, 0.572354151016, 0.281669070121, 0.126307029762, 0.000143775205999, 0.012449535403, 0.0383580388644, 0.617539154846, 0.886669368392, 0.0744265301129, 0.526592665069, 0.674743406606, 0.0195850787977, 0.16734785928, 0.206135640608, 0.507338301666, 0.119630461693, 0.0258593580967, 3.61894586662
2.39104718163e-05, 0.396163354785, 0.636147018014, 0.987443537478, 0.043831083643, 0.00328374518541, 0.497613449353, 0.622979869166, 0.146590278832, 0.0842317395814, 0.0210391124378, 0.177949485931, 0.1416052158, 0.72047334194, 0.403718042607, 0.605564197856, 0.652286529295, 0.935841408599, 0.075501619483, 0.163692421117, 0.0980205895315, 0.0013490241261, 0.25948221145, 0.0966907265073, 0.755677429396, 0.315272003539, 0.00643049894466, 0.021591877056, 0.48414597344, 0.034460457779, 2.39104718163e-05, 3.90417746725
2.39104718163e-05, 0.396163354785, 0.636147018014, 0.987443537478, 0.043831083643, 0.00328374518541, 0.497613449353, 0.622979869166, 0.146590278832, 0.0842317395814, 0.0210391124378, 0.177949485931, 0.1416052158, 0.72047334194, 0.403718042607, 0.605564197856, 0.652286529295, 0.935841408599, 0.075501619483, 0.163692421117, 0.0980205895315, 0.0013490241261, 0.25948221145, 0.0966907265073, 0.755677429396, 0.315272003539, 0.00643049894466, 0.021591877056, 0.48414597344, 0.034460457779, 2.39104718163e-05, 3.90417746725
0.678286530894, 0.27469304879, 0.26852258139, 0.00276863573865, 0.119232316457, 0.792590556368, 0.126035975592, 0.297748279851, 0.387480445436, 0.650158716607, 0.47072160829, 0.0370318599313, 0.250893928685, 0.0404505325353, 0.177868666385, 0.0391167751785, 0.160881764804, 0.297891038554, 0.571250837497, 0.12926523761, 0.0645822632083, 0.0564317586632, 0.53070152237, 0.265010849326, 0.740209037494, 0.182923781237, 0.171218607722, 0.0978935740072, 0.777913922399, 0.314370743283, 0.678286530894, 2.01746823614
0.678286530894, 0.27469304879, 0.26852258139, 0.00276863573865, 0.119232316457, 0.792590556368, 0.126035975592, 0.297748279851, 0.387480445436, 0.650158716607, 0.47072160829, 0.0370318599313, 0.250893928685, 0.0404505325353, 0.177868666385, 0.0391167751785, 0.160881764804, 0.297891038554, 0.571250837497, 0.12926523761, 0.0645822632083, 0.0564317586632, 0.53070152237, 0.265010849326, 0.740209037494, 0.182923781237, 0.171218607722, 0.0978935740072, 0.777913922399, 0.314370743283, 0.678286530894, 2.01746823614
0.912742160528, 0.27469304879, 0.206276958345, 0.00276863573865, 0.119232316457, 0.88481038278, 0.054524398559, 0.297748279851, 0.0722302745704, 0.607575016961, 0.589560375624, 0.0370318599313, 0.250893928685, 0.0142146411948, 0.55175093904, 0.0391167751785, 0.160881764804, 0.334628176051, 0.571250837497, 0.207101662389, 0.0167841115655, 0.0564317586632, 0.689186119474, 0.201919267248, 0.606034190744, 0.116833201988, 0.473638619044, 0.0978935740072, 0.777913922399, 0.314370743283, 0.912742160528, 1.84534725504
0.912742160528, 0.27469304879, 0.206276958345, 0.00276863573865, 0.119232316457, 0.88481038278, 0.054524398559, 0.297748279851, 0.0722302745704, 0.607575016961, 0.589560375624, 0.0370318599313, 0.250893928685, 0.0142146411948, 0.55175093904, 0.0391167751785, 0.160881764804, 0.334628176051, 0.571250837497, 0.207101662389, 0.0167841115655, 0.0564317586632, 0.689186119474, 0.201919267248, 0.606034190744, 0.116833201988, 0.473638619044, 0.0978935740072, 0.777913922399, 0.314370743283, 0.912742160528, 1.84534725504
0.648079266607, 0.396163354785, 0.660975926272, 0.776090642032, 0.0177207770957, 0.274239811751, 0.269803916929, 0.209174796237, 0.259184764362, 0.385021309068, 0.132293284883, 0.0120829211966, 0.1416052158, 0.385113569407, 0.655187784696, 0.153687667944, 0.652286529295, 0.21764731331, 0.46034853093, 0.163692421117, 0.271091249766, 0.0304018906937, 0.448431468769, 0.285715512942, 0.612088733372, 0.315272003539, 0.0175642650226, 0.0307380191855, 0.212170806784, 0.0175181173085, 0.648079266607, 2.093480122
0.648079266607, 0.396163354785, 0.660975926272, 0.776090642032, 0.0177207770957, 0.274239811751, 0.269803916929, 0.209174796237, 0.259184764362, 0.385021309068, 0.132293284883, 0.0120829211966, 0.1416052158, 0.385113569407, 0.655187784696, 0.153687667944, 0.652286529295, 0.21764731331, 0.46034853093, 0.163692421117, 0.271091249766, 0.0304018906937, 0.448431468769, 0.285715512942, 0.612088733372, 0.315272003539, 0.0175642650226, 0.0307380191855, 0.212170806784, 0.0175181173085, 0.648079266607, 2.093480122
0.193943935018, 0.396163354785, 0.17990337964, 0.991552210894, 0.721374000006, 0.274239811751, 0.372277630545, 0.13925962113, 0.116722966208, 0.430770752366, 0.158672899769, 0.0120728984762, 0.332272054818, 0.234706964797, 0.670898817791, 0.123950602415, 0.782542013263, 0.351400654648, 0.595680828622, 0.0300569407389, 0.0137817822476, 0.0122964476406, 0.25948221145, 0.219724058787, 0.612088733372, 0.315272003539, 0.00915967130029, 0.0307380191855, 0.0413357711646, 0.46655348395, 0.193943935018, 2.90649573645
0.193943935018, 0.396163354785, 0.17990337964, 0.991552210894, 0.721374000006, 0.274239811751, 0.372277630545, 0.13925962113, 0.116722966208, 0.430770752366, 0.158672899769, 0.0120728984762, 0.332272054818, 0.234706964797, 0.670898817791, 0.123950602415, 0.782542013263, 0.351400654648, 0.595680828622, 0.0300569407389, 0.0137817822476, 0.0122964476406, 0.25948221145, 0.219724058787, 0.612088733372, 0.315272003539, 0.00915967130029, 0.0307380191855, 0.0413357711646, 0.46655348395, 0.193943935018, 2.90649573645
0.198214899878, 0.0363881085055, 0.36713115022, 0.607410009991, 0.126321247213, 0.00739143783123, 0.372277630545, 0.137810862808, 0.0603929124093, 0.491000629515, 0.132293284883, 0.410102577957, 0.0218219844119, 0.795048208151, 0.354687458782, 0.451750303622, 0.0161455413212, 0.535718239882, 0.46034853093, 0.62391904492, 0.354543815964, 0.000179017050788, 0.00245969381527, 0.0784263659988, 0.658413656466, 0.455697249294, 0.00557224320154, 0.0729522840698, 0.242722429575, 0.526313892403, 0.198214899878, 2.76279049333
0.198214899878, 0.0363881085055, 0.36713115022, 0.607410009991, 0.126321247213, 0.00739143783123, 0.372277630545, 0.137810862808, 0.0603929124093, 0.491000629515, 0.132293284883, 0.410102577957, 0.0218219844119, 0.795048208151, 0.354687458782, 0.451750303622, 0.0161455413212, 0.535718239882, 0.46034853093, 0.62391904492, 0.354543815964, 0.000179017050788, 0.00245969381527, 0.0784263659988, 0.658413656466, 0.455697249294, 0.00557224320154, 0.0729522840698, 0.242722429575, 0.526313892403, 0.198214899878, 2.76279049333
0.0325010910676, 0.0667982120782, 0.967417583126, 0.39041088005, 0.0138890765096, 0.0868682202274, 0.102592852116, 0.251221940254, 0.09514443047, 0.586888969037, 0.591552728211, 0.658535575072, 0.0461789814447, 0.0708235685067, 0.974072485836, 0.0258317835721, 0.16226847498, 0.0759541420133, 0.321521532888, 0.301896238268, 0.0258336493572, 0.0931236602979, 0.287342282855, 0.641347065482, 0.167359163173, 0.629021797201, 0.714421506729, 0.204226796737, 0.504401425412, 0.0577922802966, 0.0325010910676, 3.47595485638
0.0325010910676, 0.0667982120782, 0.967417583126, 0.39041088005, 0.0138890765096, 0.0868682202274, 0.102592852116, 0.251221940254, 0.09514443047, 0.586888969037, 0.591552728211, 0.658535575072, 0.0461789814447, 0.0708235685067, 0.974072485836, 0.0258317835721, 0.16226847498, 0.0759541420133, 0.321521532888, 0.301896238268, 0.0258336493572, 0.0931236602979, 0.287342282855, 0.641347065482, 0.167359163173, 0.629021797201, 0.714421506729, 0.204226796737, 0.504401425412, 0.0577922802966, 0.0325010910676, 3.47595485638
0.00334315080419, 0.10615724649, 0.37180620372, 0.39041088005, 0.0218249759771, 0.256837839596, 0.770733467825, 0.0507120098591, 0.807157822215, 0.586888969037, 0.694977301395, 0.994177109719, 0.0461789814447, 0.0184174072325, 0.153799785273, 0.00642018298509, 0.145525022313, 0.0656554824664, 0.330023209911, 0.527426676251, 0.286896953719, 0.156334256664, 0.0189739472968, 0.291105972183, 0.0015961166844, 0.561136887701, 0.293406696059, 0.353785348577, 0.660466024705, 0.0110886724047, 0.00334315080419, 3.674355132
0.00334315080419, 0.10615724649, 0.37180620372, 0.39041088005, 0.0218249759771, 0.256837839596, 0.770733467825, 0.0507120098591, 0.807157822215, 0.586888969037, 0.694977301395, 0.994177109719, 0.0461789814447, 0.0184174072325, 0.153799785273, 0.00642018298509, 0.145525022313, 0.0656554824664, 0.330023209911, 0.527426676251, 0.286896953719, 0.156334256664, 0.0189739472968, 0.291105972183, 0.0015961166844, 0.561136887701, 0.293406696059, 0.353785348577, 0.660466024705, 0.0110886724047, 0.00334315080419, 3.674355132
0.257242225612, 0.855580187945, 0.101696475957, 0.317728124148, 0.000766151574437, 0.603993995777, 0.654409039945, 0.335760598653, 0.203651759423, 0.412714096702, 0.00957476568792, 0.0932619359873, 0.133559806534, 0.276253590021, 0.144284280203, 0.0747000565572, 0.126307029762, 0.182056374738, 0.115899164822, 0.530420951946, 0.14303650345, 0.361488505167, 0.056518474834, 0.143019048046, 0.327811263725, 0.269647733987, 0.0185521998496, 0.203213846053, 0.896413054334, 0.645333524276, 0.257242225612, 2.6000164993
0.257242225612, 0.855580187945, 0.101696475957, 0.317728124148, 0.000766151574437, 0.603993995777, 0.654409039945, 0.335760598653, 0.203651759423, 0.412714096702, 0.00957476568792, 0.0932619359873, 0.133559806534, 0.276253590021, 0.144284280203, 0.0747000565572, 0.126307029762, 0.182056374738, 0.115899164822, 0.530420951946, 0.14303650345, 0.361488505167, 0.056518474834, 0.143019048046, 0.327811263725, 0.269647733987, 0.0185521998496, 0.203213846053, 0.896413054334, 0.645333524276, 0.257242225612, 2.6000164993
0.0721255625074, 0.01942300016, 0.40095363833, 0.0476287158774, 0.424867968002, 0.195360403498, 0.193363388029, 0.543486634981, 0.192385610975, 0.800464024455, 0.118385355639, 0.358004415694, 0.559505023865, 0.00805294460719, 0.693980463049, 0.554387631326, 0.0311589969439, 0.609952361888, 0.253239070393, 0.309310375038, 0.0415836028231, 0.313879867246, 0.00203138606025, 0.0563205959909, 0.0126565639746, 0.781463695641, 0.978831799772, 0.500598120192, 0.0851761552833, 0.145971960247, 0.0721255625074, 3.33723662415
0.0721255625074, 0.01942300016, 0.40095363833, 0.0476287158774, 0.424867968002, 0.195360403498, 0.193363388029, 0.543486634981, 0.192385610975, 0.800464024455, 0.118385355639, 0.358004415694, 0.559505023865, 0.00805294460719, 0.693980463049, 0.554387631326, 0.0311589969439, 0.609952361888, 0.253239070393, 0.309310375038, 0.0415836028231, 0.313879867246, 0.00203138606025, 0.0563205959909, 0.0126565639746, 0.781463695641, 0.978831799772, 0.500598120192, 0.0851761552833, 0.145971960247, 0.0721255625074, 3.33723662415
0.430859301026, 0.396163354785, 0.660975926272, 0.776090642032, 0.0177207770957, 0.274239811751, 0.269803916929, 0.209174796237, 0.259184764362, 0.20397791772, 0.132293284883, 0.0120829211966, 0.1416052158, 0.385113569407, 0.84820382866, 0.153687667944, 0.652286529295, 0.21764731331, 0.46034853093, 0.163692421117, 0.271091249766, 0.0304018906937, 0.448431468769, 0.285715512942, 0.612088733372, 0.315272003539, 0.0175642650226, 0.0307380191855, 0.212170806784, 0.868734164579, 0.430859301026, 2.59907357066
0.430859301026, 0.396163354785, 0.660975926272, 0.776090642032, 0.0177207770957, 0.274239811751, 0.269803916929, 0.209174796237, 0.259184764362, 0.20397791772, 0.132293284883, 0.0120829211966, 0.1416052158, 0.385113569407, 0.84820382866, 0.153687667944, 0.652286529295, 0.21764731331, 0.46034853093, 0.163692421117, 0.271091249766, 0.0304018906937, 0.448431468769, 0.285715512942, 0.612088733372, 0.315272003539, 0.0175642650226, 0.0307380191855, 0.212170806784, 0.868734164579, 0.430859301026, 2.59907357066
0.460402026641, 0.755871292736, 0.101696475957, 0.334177345885, 0.102300670892, 0.603993995777, 0.654409039945, 0.970811024489, 0.203651759423, 0.123959276287, 0.196127028923, 0.0932619359873, 0.199860101725, 0.202196559515, 0.369614189455, 0.0747000565572, 0.0839651693964, 0.0828441392194, 0.402331894475, 0.588261511466, 0.506163155068, 0.361488505167, 0.056518474834, 0.0312407990584, 0.327811263725, 0.079184367977, 0.0439159848612, 0.203213846053, 0.896413054334, 0.645333524276, 0.460402026641, 2.54738718806
0.460402026641, 0.755871292736, 0.101696475957, 0.334177345885, 0.102300670892, 0.603993995777, 0.654409039945, 0.970811024489, 0.203651759423, 0.123959276287, 0.196127028923, 0.0932619359873, 0.199860101725, 0.202196559515, 0.369614189455, 0.0747000565572, 0.0839651693964, 0.0828441392194, 0.402331894475, 0.588261511466, 0.506163155068, 0.361488505167, 0.056518474834, 0.0312407990584, 0.327811263725, 0.079184367977, 0.0439159848612, 0.203213846053, 0.896413054334, 0.645333524276, 0.460402026641, 2.54738718806
0.168329957572, 0.0118958799725, 0.866501288969, 0.844545437664, 0.0813573604462, 0.0420197734176, 0.86993335881, 9.89837323709e-05, 0.137291660884, 0.414607444763, 0.167564624579, 0.401157215476, 0.0306724935817, 0.73935283716, 0.144284280203, 0.00242453004929, 0.000120192768808, 0.75169320031, 0.360120681612, 0.131531011725, 0.202203684106, 0.443631372947, 0.815923676012, 0.157187989432, 0.0848231701688, 0.227272321568, 0.0949584879035, 0.527292573693, 0.361105582611, 0.774207512316, 0.168329957572, 3.18476246918
0.168329957572, 0.0118958799725, 0.866501288969, 0.844545437664, 0.0813573604462, 0.0420197734176, 0.86993335881, 9.89837323709e-05, 0.137291660884, 0.414607444763, 0.167564624579, 0.401157215476, 0.0306724935817, 0.73935283716, 0.144284280203, 0.00242453004929, 0.000120192768808, 0.75169320031, 0.360120681612, 0.131531011725, 0.202203684106, 0.443631372947, 0.815923676012, 0.157187989432, 0.0848231701688, 0.227272321568, 0.0949584879035, 0.527292573693, 0.361105582611, 0.774207512316, 0.168329957572, 3.18476246918
0.500334621361, 0.755871292736, 0.101696475957, 0.317728124148, 0.066101895447, 0.902788400569, 0.683566520525, 0.970811024489, 0.580851681696, 0.0184406973596, 0.0945007792217, 0.0932619359873, 0.199860101725, 0.202196559515, 0.572354151016, 0.0639748458692, 0.057815065101, 0.182056374738, 0.115899164822, 0.530420951946, 0.210871602997, 0.796081897561, 0.056518474834, 0.143019048046, 0.327811263725, 0.079184367977, 0.0395919182316, 0.0307380191855, 0.516327657169, 0.110842849489, 0.500334621361, 2.37010903141
0.500334621361, 0.755871292736, 0.101696475957, 0.317728124148, 0.066101895447, 0.902788400569, 0.683566520525, 0.970811024489, 0.580851681696, 0.0184406973596, 0.0945007792217, 0.0932619359873, 0.199860101725, 0.202196559515, 0.572354151016, 0.0639748458692, 0.057815065101, 0.182056374738, 0.115899164822, 0.530420951946, 0.210871602997, 0.796081897561, 0.056518474834, 0.143019048046, 0.327811263725, 0.079184367977, 0.0395919182316, 0.0307380191855, 0.516327657169, 0.110842849489, 0.500334621361, 2.37010903141
0.0276675677844, 0.0667982120782, 0.967417583126, 0.39041088005, 0.0218249759771, 0.0868682202274, 0.102592852116, 0.251221940254, 0.09514443047, 0.586888969037, 0.591552728211, 0.946114767599, 0.0461789814447, 0.0708235685067, 0.974072485836, 0.0258317835721, 0.16226847498, 0.0759541420133, 0.321521532888, 0.301896238268, 0.0258336493572, 0.656270405367, 0.287342282855, 0.641347065482, 0.271743607465, 0.629021797201, 0.293406696059, 0.204226796737, 0.504401425412, 0.0577922802966, 0.0276675677844, 3.66438458407
0.0276675677844, 0.0667982120782, 0.967417583126, 0.39041088005, 0.0218249759771, 0.0868682202274, 0.102592852116, 0.251221940254, 0.09514443047, 0.586888969037, 0.591552728211, 0.946114767599, 0.0461789814447, 0.0708235685067, 0.974072485836, 0.0258317835721, 0.16226847498, 0.0759541420133, 0.321521532888, 0.301896238268, 0.0258336493572, 0.656270405367, 0.287342282855, 0.641347065482, 0.271743607465, 0.629021797201, 0.293406696059, 0.204226796737, 0.504401425412, 0.0577922802966, 0.0276675677844, 3.66438458407
0.000272151984131, 0.396163354785, 0.660975926272, 0.897895751149, 0.0400011790769, 0.00328374518541, 0.0072027897452, 0.622979869166, 0.116722966208, 0.123959276287, 0.0210391124378, 0.410102577957, 0.1416052158, 0.72047334194, 0.657758083273, 0.327088686086, 0.983654093163, 0.888956138958, 0.075501619483, 0.414408515497, 0.0980205895315, 0.0300890721888, 0.25948221145, 0.407195499012, 0.647724206654, 0.315272003539, 0.00369074672416, 0.0307380191855, 0.242722429575, 0.0442581449101, 0.000272151984131, 3.94299128558
0.000272151984131, 0.396163354785, 0.660975926272, 0.897895751149, 0.0400011790769, 0.00328374518541, 0.0072027897452, 0.622979869166, 0.116722966208, 0.123959276287, 0.0210391124378, 0.410102577957, 0.1416052158, 0.72047334194, 0.657758083273, 0.327088686086, 0.983654093163, 0.888956138958, 0.075501619483, 0.414408515497, 0.0980205895315, 0.0300890721888, 0.25948221145, 0.407195499012, 0.647724206654, 0.315272003539, 0.00369074672416, 0.0307380191855, 0.242722429575, 0.0442581449101, 0.000272151984131, 3.94299128558
2.39104718163e-05, 0.396163354785, 0.636147018014, 0.987443537478, 0.043831083643, 0.00231544112252, 0.497613449353, 0.622979869166, 0.0182910803784, 0.0842317395814, 0.0210391124378, 0.410102577957, 0.1416052158, 0.672019170338, 0.598543198722, 0.597031790903, 0.652286529295, 0.935841408599, 0.075501619483, 0.163692421117, 0.0980205895315, 0.0013490241261, 0.25948221145, 0.100269310986, 0.468333864263, 0.41285334871, 0.00643049894466, 0.021591877056, 0.594505539258, 0.0442581449101, 2.39104718163e-05, 3.95832724858
2.39104718163e-05, 0.396163354785, 0.636147018014, 0.987443537478, 0.043831083643, 0.00231544112252, 0.497613449353, 0.622979869166, 0.0182910803784, 0.0842317395814, 0.0210391124378, 0.410102577957, 0.1416052158, 0.672019170338, 0.598543198722, 0.597031790903, 0.652286529295, 0.935841408599, 0.075501619483, 0.163692421117, 0.0980205895315, 0.0013490241261, 0.25948221145, 0.100269310986, 0.468333864263, 0.41285334871, 0.00643049894466, 0.021591877056, 0.594505539258, 0.0442581449101, 2.39104718163e-05, 3.95832724858
0.678286530894, 0.272101792907, 0.110422607633, 0.00276863573865, 0.365727377558, 0.792590556368, 0.126035975592, 0.0285311204262, 0.387480445436, 0.607575016961, 0.0537688789051, 0.0370318599313, 0.250893928685, 0.0118607649663, 0.535067497045, 0.00610600865131, 0.391742177303, 0.334642403435, 0.305811948459, 0.207101662389, 0.123386223763, 0.0564317586632, 0.0418519940258, 0.265010849326, 0.740209037494, 0.135312281559, 0.538827406046, 0.589698838256, 0.777913922399, 0.314370743283, 0.678286530894, 2.04526163472
0.678286530894, 0.272101792907, 0.110422607633, 0.00276863573865, 0.365727377558, 0.792590556368, 0.126035975592, 0.0285311204262, 0.387480445436, 0.607575016961, 0.0537688789051, 0.0370318599313, 0.250893928685, 0.0118607649663, 0.535067497045, 0.00610600865131, 0.391742177303, 0.334642403435, 0.305811948459, 0.207101662389, 0.123386223763, 0.0564317586632, 0.0418519940258, 0.265010849326, 0.740209037494, 0.135312281559, 0.538827406046, 0.589698838256, 0.777913922399, 0.314370743283, 0.678286530894, 2.04526163472
0.918898595648, 0.0669397030693, 0.867427394917, 0.724341567727, 0.20015509193, 0.416479216734, 0.372277630545, 0.622979869166, 0.0209471015452, 0.927798676888, 0.0210391124378, 0.410102577957, 0.545330290575, 0.0507400119295, 0.417693438755, 0.597031790903, 0.652286529295, 0.0656554824664, 0.0583735201201, 0.163692421117, 0.0980205895315, 0.0169732361251, 0.485696660269, 0.0601024577084, 0.22976826658, 0.315272003539, 0.0020970711941, 0.300097481172, 0.242722429575, 0.000254335312359, 0.918898595648, 1.91500236274
0.918898595648, 0.0669397030693, 0.867427394917, 0.724341567727, 0.20015509193, 0.416479216734, 0.372277630545, 0.622979869166, 0.0209471015452, 0.927798676888, 0.0210391124378, 0.410102577957, 0.545330290575, 0.0507400119295, 0.417693438755, 0.597031790903, 0.652286529295, 0.0656554824664, 0.0583735201201, 0.163692421117, 0.0980205895315, 0.0169732361251, 0.485696660269, 0.0601024577084, 0.22976826658, 0.315272003539, 0.0020970711941, 0.300097481172, 0.242722429575, 0.000254335312359, 0.918898595648, 1.91500236274
0.65736667544, 0.0593068008094, 0.5845095829, 0.618115933247, 0.124731376405, 0.815284855009, 0.00454138636716, 0.298092164803, 0.484158802077, 0.515898706173, 0.00776266063019, 0.401157215476, 0.0304552890277, 0.471077209841, 0.071419628256, 0.020173758716, 0.150262588279, 0.458260670992, 0.474846886622, 0.0640812543526, 0.193902841227, 0.00773445951931, 0.956849513847, 0.105343885388, 0.0349424243592, 0.227272321568, 0.246348525547, 0.192211575591, 0.632757334808, 0.786892529769, 0.65736667544, 2.22347085464
0.65736667544, 0.0593068008094, 0.5845095829, 0.618115933247, 0.124731376405, 0.815284855009, 0.00454138636716, 0.298092164803, 0.484158802077, 0.515898706173, 0.00776266063019, 0.401157215476, 0.0304552890277, 0.471077209841, 0.071419628256, 0.020173758716, 0.150262588279, 0.458260670992, 0.474846886622, 0.0640812543526, 0.193902841227, 0.00773445951931, 0.956849513847, 0.105343885388, 0.0349424243592, 0.227272321568, 0.246348525547, 0.192211575591, 0.632757334808, 0.786892529769, 0.65736667544, 2.22347085464
0.193943935018, 0.396163354785, 0.101696475957, 0.991552210894, 0.946560976236, 0.274239811751, 0.0805959775627, 0.13925962113, 0.116722966208, 0.430770752366, 0.132293284883, 0.410102577957, 0.278910714956, 0.632249419785, 0.670898817791, 0.302722046528, 0.26179899812, 0.351400654648, 0.595680828622, 0.163692421117, 0.0274835923639, 0.0122964476406, 0.25948221145, 0.219724058787, 0.395630548047, 0.315272003539, 0.276662427043, 0.0307380191855, 0.0216267892414, 0.318704766068, 0.193943935018, 2.97806684448
0.193943935018, 0.396163354785, 0.101696475957, 0.991552210894, 0.946560976236, 0.274239811751, 0.0805959775627, 0.13925962113, 0.116722966208, 0.430770752366, 0.132293284883, 0.410102577957, 0.278910714956, 0.632249419785, 0.670898817791, 0.302722046528, 0.26179899812, 0.351400654648, 0.595680828622, 0.163692421117, 0.0274835923639, 0.0122964476406, 0.25948221145, 0.219724058787, 0.395630548047, 0.315272003539, 0.276662427043, 0.0307380191855, 0.0216267892414, 0.318704766068, 0.193943935018, 2.97806684448
0.196533259342, 0.396163354785, 0.769137885156, 0.987443537478, 0.043831083643, 0.0100317060186, 0.497613449353, 0.274170805839, 0.116722966208, 0.056979872302, 0.0210391124378, 0.247634211932, 0.1416052158, 0.72047334194, 0.945390838121, 0.0172981026125, 0.228797950486, 0.965051776564, 0.075501619483, 0.203715748455, 0.0980205895315, 0.0013490241261, 0.25948221145, 0.298418963219, 0.633590312045, 0.315272003539, 0.00643049894466, 0.127960597604, 0.534704616965, 0.0442581449101, 0.196533259342, 2.94017340381
0.196533259342, 0.396163354785, 0.769137885156, 0.987443537478, 0.043831083643, 0.0100317060186, 0.497613449353, 0.274170805839, 0.116722966208, 0.056979872302, 0.0210391124378, 0.247634211932, 0.1416052158, 0.72047334194, 0.945390838121, 0.0172981026125, 0.228797950486, 0.965051776564, 0.075501619483, 0.203715748455, 0.0980205895315, 0.0013490241261, 0.25948221145, 0.298418963219, 0.633590312045, 0.315272003539, 0.00643049894466, 0.127960597604, 0.534704616965, 0.0442581449101, 0.196533259342, 2.94017340381
0.198214899878, 0.0363881085055, 0.319421280694, 0.724077540524, 0.126321247213, 0.0864076263453, 0.372277630545, 0.230700109406, 0.0603929124093, 0.123959276287, 0.132293284883, 0.410102577957, 0.1416052158, 0.795048208151, 0.862047756553, 0.429501051332, 0.458368438778, 0.935841408599, 0.46034853093, 0.256108246323, 0.354543815964, 0.00545049840528, 0.00245969381527, 0.0593687968054, 0.658413656466, 0.182923781237, 0.00557224320154, 0.0729522840698, 0.0840055022686, 0.0279131715571, 0.198214899878, 2.76541364313
0.198214899878, 0.0363881085055, 0.319421280694, 0.724077540524, 0.126321247213, 0.0864076263453, 0.372277630545, 0.230700109406, 0.0603929124093, 0.123959276287, 0.132293284883, 0.410102577957, 0.1416052158, 0.795048208151, 0.862047756553, 0.429501051332, 0.458368438778, 0.935841408599, 0.46034853093, 0.256108246323, 0.354543815964, 0.00545049840528, 0.00245969381527, 0.0593687968054, 0.658413656466, 0.182923781237, 0.00557224320154, 0.0729522840698, 0.0840055022686, 0.0279131715571, 0.198214899878, 2.76541364313
0.0600083472332, 0.452212421556, 0.660975926272, 0.285471949292, 0.452631397913, 0.24511287772, 0.650168238161, 0.757219668103, 0.116722966208, 0.342982748535, 0.132293284883, 0.410102577957, 0.0412640083138, 0.111970070838, 0.84820382866, 0.429501051332, 0.0219760200132, 0.935841408599, 0.228755550522, 0.348619035572, 0.315936663955, 0.00665452232342, 0.0511638117935, 0.407195499012, 0.658413656466, 0.416928075091, 0.00311590202142, 0.00932503265421, 0.176586636449, 0.0442581449101, 0.0600083472332, 3.47946292674
0.0600083472332, 0.452212421556, 0.660975926272, 0.285471949292, 0.452631397913, 0.24511287772, 0.650168238161, 0.757219668103, 0.116722966208, 0.342982748535, 0.132293284883, 0.410102577957, 0.0412640083138, 0.111970070838, 0.84820382866, 0.429501051332, 0.0219760200132, 0.935841408599, 0.228755550522, 0.348619035572, 0.315936663955, 0.00665452232342, 0.0511638117935, 0.407195499012, 0.658413656466, 0.416928075091, 0.00311590202142, 0.00932503265421, 0.176586636449, 0.0442581449101, 0.0600083472332, 3.47946292674
0.0325010910676, 0.0667982120782, 0.968744569896, 0.39041088005, 0.0218249759771, 0.0868682202274, 0.102592852116, 0.251221940254, 0.09514443047, 0.586888969037, 0.591552728211, 0.963710799154, 0.0461789814447, 0.0708235685067, 0.974072485836, 0.0258317835721, 0.16226847498, 0.0759541420133, 0.321521532888, 0.301896238268, 0.0258336493572, 0.257638732055, 0.386964931019, 0.641347065482, 0.167359163173, 0.699339789154, 0.293406696059, 0.204226796737, 0.504401425412, 0.0577922802966, 0.0325010910676, 3.54343290802
0.0325010910676, 0.0667982120782, 0.968744569896, 0.39041088005, 0.0218249759771, 0.0868682202274, 0.102592852116, 0.251221940254, 0.09514443047, 0.586888969037, 0.591552728211, 0.963710799154, 0.0461789814447, 0.0708235685067, 0.974072485836, 0.0258317835721, 0.16226847498, 0.0759541420133, 0.321521532888, 0.301896238268, 0.0258336493572, 0.257638732055, 0.386964931019, 0.641347065482, 0.167359163173, 0.699339789154, 0.293406696059, 0.204226796737, 0.504401425412, 0.0577922802966, 0.0325010910676, 3.54343290802
2.39104718163e-05, 0.396163354785, 0.636147018014, 0.987443537478, 0.043831083643, 0.00172208836936, 0.298377712138, 0.622979869166, 0.146590278832, 0.168010593071, 0.0210391124378, 0.643447176084, 0.1416052158, 0.72047334194, 0.403718042607, 0.605564197856, 0.652286529295, 0.935841408599, 0.075501619483, 0.163692421117, 0.0980205895315, 0.0013490241261, 0.25948221145, 0.0966907265073, 0.755677429396, 0.315272003539, 0.00643049894466, 0.021591877056, 0.48414597344, 0.034460457779, 2.39104718163e-05, 4.01219342521
2.39104718163e-05, 0.396163354785, 0.636147018014, 0.987443537478, 0.043831083643, 0.00172208836936, 0.298377712138, 0.622979869166, 0.146590278832, 0.168010593071, 0.0210391124378, 0.643447176084, 0.1416052158, 0.72047334194, 0.403718042607, 0.605564197856, 0.652286529295, 0.935841408599, 0.075501619483, 0.163692421117, 0.0980205895315, 0.0013490241261, 0.25948221145, 0.0966907265073, 0.755677429396, 0.315272003539, 0.00643049894466, 0.021591877056, 0.48414597344, 0.034460457779, 2.39104718163e-05, 4.01219342521
0.921996336033, 0.344710121784, 0.0133384897256, 0.00358565838339, 0.119232316457, 0.747394251976, 0.191273337606, 0.297748279851, 0.132145102266, 0.607575016961, 0.164788534769, 0.0426001697408, 0.0611637239152, 0.0142146411948, 0.55175093904, 0.300939758958, 0.604370905787, 0.894136395608, 0.351324804156, 0.331672580818, 0.307312886084, 0.00611188882089, 0.535031643012, 0.265010849326, 0.389730982938, 0.014812701691, 0.530594178684, 0.108166117816, 0.82404694548, 0.233518593525, 0.921996336033, 1.92028058484
0.921996336033, 0.344710121784, 0.0133384897256, 0.00358565838339, 0.119232316457, 0.747394251976, 0.191273337606, 0.297748279851, 0.132145102266, 0.607575016961, 0.164788534769, 0.0426001697408, 0.0611637239152, 0.0142146411948, 0.55175093904, 0.300939758958, 0.604370905787, 0.894136395608, 0.351324804156, 0.331672580818, 0.307312886084, 0.00611188882089, 0.535031643012, 0.265010849326, 0.389730982938, 0.014812701691, 0.530594178684, 0.108166117816, 0.82404694548, 0.233518593525, 0.921996336033, 1.92028058484
0.257242225612, 0.679990884938, 0.101696475957, 0.317728124148, 0.102300670892, 0.603993995777, 0.547369216969, 0.335760598653, 0.203651759423, 0.123959276287, 0.00957476568792, 0.09026621229, 0.199860101725, 0.276253590021, 0.144284280203, 0.0747000565572, 0.126307029762, 0.77336165021, 0.115899164822, 0.530420951946, 0.18100108174, 0.361488505167, 0.056518474834, 0.143019048046, 0.327811263725, 0.079184367977, 0.0185521998496, 0.203213846053, 0.896413054334, 0.645333524276, 0.257242225612, 2.60868332057
0.678286530894, 0.27469304879, 0.26852258139, 0.00276863573865, 0.119232316457, 0.792590556368, 0.126035975592, 0.297748279851, 0.387480445436, 0.607575016961, 0.527684056868, 0.0370318599313, 0.250893928685, 0.0186459311641, 0.466711910733, 0.0391167751785, 0.447811828123, 0.297891038554, 0.399913021179, 0.207101662389, 0.047280500792, 0.0314605874036, 0.53070152237, 0.265010849326, 0.740209037494, 0.182923781237, 0.171218607722, 0.0978935740072, 0.777913922399, 0.314370743283, 0.678286530894, 2.12274516963
0.460402026641, 0.755871292736, 0.101696475957, 0.317728124148, 0.102300670892, 0.603993995777, 0.654409039945, 0.970811024489, 0.203651759423, 0.123959276287, 0.510090926135, 0.0932619359873, 0.199860101725, 0.202196559515, 0.369614189455, 0.0747000565572, 0.126307029762, 0.0828441392194, 0.0486054690525, 0.530420951946, 0.18100108174, 0.667768905144, 0.00745488872919, 0.26722984572, 0.282792559851, 0.079184367977, 0.0439159848612, 0.203213846053, 0.896413054334, 0.598362599792, 0.460402026641, 2.54850321639
0.168329957572, 0.578034257146, 0.60378426245, 0.922222950344, 0.0813573604462, 0.0420197734176, 0.86993335881, 9.89837323709e-05, 0.137291660884, 0.414607444763, 0.167564624579, 0.401157215476, 0.139033191687, 0.782982052055, 0.144284280203, 0.00242453004929, 0.00893951438525, 0.75169320031, 0.360120681612, 0.126502934397, 0.202203684106, 0.443631372947, 0.815923676012, 0.157187989432, 0.0848231701688, 0.227272321568, 0.246348525547, 0.527292573693, 0.361105582611, 0.547849852592, 0.168329957572, 3.31355098703
0.500334621361, 0.755871292736, 0.0489136314535, 0.317728124148, 0.102300670892, 0.902788400569, 0.683566520525, 0.970811024489, 0.203651759423, 0.0184406973596, 0.0945007792217, 0.0932619359873, 0.199860101725, 0.561054512548, 0.572354151016, 0.0639748458692, 0.057815065101, 0.182056374738, 0.0728496437843, 0.530420951946, 0.210871602997, 0.796081897561, 0.056518474834, 0.143019048046, 0.327811263725, 0.079184367977, 0.0395919182316, 0.0307380191855, 0.8880659298, 0.134638086559, 0.500334621361, 2.45074983494
0.0721255625074, 0.01942300016, 0.40095363833, 0.0476287158774, 0.559635192158, 0.195360403498, 0.193363388029, 0.44300789987, 0.192385610975, 0.800464024455, 0.118385355639, 0.358004415694, 0.559505023865, 0.00805294460719, 0.693980463049, 0.554387631326, 0.0311589969439, 0.609952361888, 0.253239070393, 0.309310375038, 0.0415836028231, 0.313879867246, 0.00203138606025, 0.0563205959909, 0.0126565639746, 0.781463695641, 0.978831799772, 0.500598120192, 0.0851761552833, 0.145971960247, 0.0721255625074, 3.34715157121
0.500334621361, 0.755871292736, 0.0489136314535, 0.317728124148, 0.102300670892, 0.902788400569, 0.683566520525, 0.970811024489, 0.203651759423, 0.0184406973596, 0.0945007792217, 0.0932619359873, 0.199860101725, 0.561054512548, 0.572354151016, 0.0639748458692, 0.057815065101, 0.182056374738, 0.0728496437843, 0.530420951946, 0.210871602997, 0.796081897561, 0.056518474834, 0.143019048046, 0.327811263725, 0.079184367977, 0.0395919182316, 0.0307380191855, 0.8880659298, 0.134638086559, 0.500334621361, 2.45074983494
0.678286530894, 0.27469304879, 0.26852258139, 0.00276863573865, 0.119232316457, 0.792590556368, 0.126035975592, 0.297748279851, 0.387480445436, 0.607575016961, 0.527684056868, 0.0370318599313, 0.250893928685, 0.0186459311641, 0.466711910733, 0.0391167751785, 0.447811828123, 0.297891038554, 0.399913021179, 0.207101662389, 0.047280500792, 0.0314605874036, 0.53070152237, 0.265010849326, 0.740209037494, 0.182923781237, 0.171218607722, 0.0978935740072, 0.777913922399, 0.314370743283, 0.678286530894, 2.12274516963
0.912742160528, 0.27469304879, 0.206276958345, 0.00276863573865, 0.119232316457, 0.792590556368, 0.01562955243, 0.297748279851, 0.416563331581, 0.607575016961, 0.589560375624, 0.0370318599313, 0.250893928685, 0.0142146411948, 0.55175093904, 0.0391167751785, 0.330673809074, 0.544236639552, 0.571250837497, 0.207101662389, 0.123386223763, 0.0564317586632, 0.689186119474, 0.241537217435, 0.606034190744, 0.0711933417516, 0.538827406046, 0.0978935740072, 0.954413072146, 0.314370743283, 0.912742160528, 2.06458368635
0.193943935018, 0.396163354785, 0.0377229081063, 0.991552210894, 0.721374000006, 0.24162747098, 0.372277630545, 0.13925962113, 0.116722966208, 0.430770752366, 0.0256011536585, 0.0120728984762, 0.332272054818, 0.234706964797, 0.670898817791, 0.302722046528, 0.782542013263, 0.351400654648, 0.595680828622, 0.0300569407389, 0.0137817822476, 0.0122964476406, 0.431033764347, 0.124278873079, 0.936914823183, 0.315272003539, 0.00915967130029, 0.0307380191855, 0.0413357711646, 0.46655348395, 0.193943935018, 2.98133332118
0.795916294828, 0.971447221736, 0.101696475957, 0.0989603694309, 0.50098012019, 0.994155035143, 0.0391118268536, 0.00188779683464, 0.0499365632887, 0.160984099639, 0.123696015047, 0.211591381918, 0.0141091074742, 0.188722989517, 0.572354151016, 0.343491206951, 0.119627011617, 0.000143775205999, 0.271622920066, 0.35546702489, 0.852003878337, 0.492960974844, 0.694257437116, 0.625408027235, 0.08047964204, 0.0743873678547, 0.0439159848612, 0.384706836441, 0.847139222495, 0.046935620314, 0.795916294828, 2.11840773676
0.0325010910676, 0.0667982120782, 0.984953070485, 0.39041088005, 0.0218249759771, 0.0868682202274, 0.102592852116, 0.123368309825, 0.09514443047, 0.586888969037, 0.591552728211, 0.963710799154, 0.0461789814447, 0.0708235685067, 0.974072485836, 0.0258317835721, 0.16226847498, 0.0759541420133, 0.321521532888, 0.301896238268, 0.0258336493572, 0.257638732055, 0.386964931019, 0.641347065482, 0.167359163173, 0.699339789154, 0.293406696059, 0.426617463748, 0.504401425412, 0.0577922802966, 0.0325010910676, 3.57623677709
0.0325010910676, 0.0667982120782, 0.984953070485, 0.39041088005, 0.0218249759771, 0.0868682202274, 0.102592852116, 0.123368309825, 0.09514443047, 0.586888969037, 0.591552728211, 0.963710799154, 0.0461789814447, 0.0708235685067, 0.974072485836, 0.0258317835721, 0.16226847498, 0.0759541420133, 0.321521532888, 0.301896238268, 0.0258336493572, 0.257638732055, 0.386964931019, 0.641347065482, 0.167359163173, 0.699339789154, 0.293406696059, 0.426617463748, 0.504401425412, 0.0577922802966, 0.0325010910676, 3.57623677709
0.198214899878, 0.0363881085055, 0.319421280694, 0.607410009991, 0.126321247213, 0.00739143783123, 0.372277630545, 0.230700109406, 0.0603929124093, 0.123959276287, 0.132293284883, 0.410102577957, 0.488008120409, 0.795048208151, 0.354687458782, 0.451750303622, 0.0161455413212, 0.935841408599, 0.46034853093, 0.256108246323, 0.354543815964, 0.000179017050788, 0.00245969381527, 0.0784263659988, 0.658413656466, 0.455697249294, 0.00557224320154, 0.0729522840698, 0.242722429575, 0.526313892403, 0.198214899878, 2.81120904456
0.795916294828, 0.971447221736, 0.101696475957, 0.0989603694309, 0.50098012019, 0.994155035143, 0.0391118268536, 0.00188779683464, 0.0499365632887, 0.160984099639, 0.123696015047, 0.211591381918, 0.0141091074742, 0.188722989517, 0.572354151016, 0.343491206951, 0.119627011617, 0.000143775205999, 0.271622920066, 0.35546702489, 0.852003878337, 0.492960974844, 0.694257437116, 0.625408027235, 0.08047964204, 0.0743873678547, 0.0439159848612, 0.384706836441, 0.847139222495, 0.046935620314, 0.795916294828, 2.11840773676
0.0129218067991, 0.755871292736, 0.00530323110868, 0.317728124148, 0.343975569986, 0.92656148525, 0.756746073788, 0.0481626292052, 0.234144354552, 0.159009951333, 0.0945007792217, 0.203481215965, 0.00134067384463, 0.0665345038619, 0.572354151016, 0.746193644413, 0.126307029762, 0.000143775205999, 0.012449535403, 0.509688806119, 0.617539154846, 0.886669368392, 0.0744265301129, 0.526592665069, 0.674743406606, 0.0195850787977, 0.16734785928, 0.206135640608, 0.507338301666, 0.119630461693, 0.0129218067991, 3.77682447785
0.198214899878, 0.0363881085055, 0.319421280694, 0.607410009991, 0.126321247213, 0.00739143783123, 0.372277630545, 0.230700109406, 0.0603929124093, 0.123959276287, 0.132293284883, 0.410102577957, 0.488008120409, 0.795048208151, 0.354687458782, 0.451750303622, 0.0161455413212, 0.935841408599, 0.46034853093, 0.256108246323, 0.354543815964, 0.000179017050788, 0.00245969381527, 0.0784263659988, 0.658413656466, 0.455697249294, 0.00557224320154, 0.0729522840698, 0.242722429575, 0.526313892403, 0.198214899878, 2.81120904456
0.00693254755345, 0.0416546076479, 0.365535311962, 0.39041088005, 0.0218249759771, 0.256837839596, 0.974202342568, 0.0507120098591, 0.890778838789, 0.586888969037, 0.694977301395, 0.994177109719, 0.0461789814447, 0.0184174072325, 0.258975848249, 0.00642018298509, 0.0259876917513, 0.0513871765749, 0.330023209911, 0.527426676251, 0.286896953719, 0.156334256664, 0.0189739472968, 0.291105972183, 0.00191673980798, 0.561136887701, 0.619715963908, 0.353785348577, 0.660466024705, 0.0110886724047, 0.00693254755345, 3.78108148698
0.257242225612, 0.679990884938, 0.101696475957, 0.317728124148, 0.102300670892, 0.603993995777, 0.547369216969, 0.335760598653, 0.203651759423, 0.123959276287, 0.00957476568792, 0.09026621229, 0.199860101725, 0.276253590021, 0.144284280203, 0.0747000565572, 0.126307029762, 0.77336165021, 0.115899164822, 0.530420951946, 0.18100108174, 0.361488505167, 0.056518474834, 0.143019048046, 0.327811263725, 0.079184367977, 0.0185521998496, 0.203213846053, 0.896413054334, 0.645333524276, 0.257242225612, 2.60868332057
0.000272151984131, 0.396163354785, 0.344426950571, 0.461111682181, 0.0400011790769, 0.00328374518541, 0.0552053766257, 0.938396502562, 0.116722966208, 0.123959276287, 0.0210391124378, 0.410102577957, 0.1416052158, 0.72047334194, 0.9200270028, 0.323862754271, 0.996721982969, 0.888956138958, 0.075501619483, 0.597613098148, 0.0980205895315, 0.0300890721888, 0.25948221145, 0.407195499012, 0.647724206654, 0.315272003539, 0.00369074672416, 0.0307380191855, 0.242722429575, 0.0442581449101, 0.000272151984131, 3.96320448808
0.460402026641, 0.755871292736, 0.101696475957, 0.317728124148, 0.102300670892, 0.603993995777, 0.654409039945, 0.970811024489, 0.203651759423, 0.123959276287, 0.510090926135, 0.0932619359873, 0.199860101725, 0.202196559515, 0.369614189455, 0.0747000565572, 0.126307029762, 0.0828441392194, 0.0486054690525, 0.530420951946, 0.18100108174, 0.667768905144, 0.00745488872919, 0.26722984572, 0.282792559851, 0.079184367977, 0.0439159848612, 0.203213846053, 0.896413054334, 0.598362599792, 0.460402026641, 2.54850321639
0.196533259342, 0.475186811528, 0.636147018014, 0.987443537478, 0.043831083643, 0.0100317060186, 0.497613449353, 0.274170805839, 0.116722966208, 0.056979872302, 0.0210391124378, 0.410102577957, 0.1416052158, 0.72047334194, 0.84820382866, 0.0172981026125, 0.228797950486, 0.965051776564, 0.075501619483, 0.203715748455, 0.0980205895315, 0.0013490241261, 0.25948221145, 0.298418963219, 0.647724206654, 0.315272003539, 0.00643049894466, 0.127960597604, 0.534704616965, 0.0442581449101, 0.196533259342, 2.94717402435
0.0721255625074, 0.01942300016, 0.40095363833, 0.0476287158774, 0.559635192158, 0.195360403498, 0.193363388029, 0.44300789987, 0.192385610975, 0.800464024455, 0.118385355639, 0.358004415694, 0.559505023865, 0.00805294460719, 0.693980463049, 0.554387631326, 0.0311589969439, 0.609952361888, 0.253239070393, 0.309310375038, 0.0415836028231, 0.313879867246, 0.00203138606025, 0.0563205959909, 0.0126565639746, 0.781463695641, 0.978831799772, 0.500598120192, 0.0851761552833, 0.145971960247, 0.0721255625074, 3.34715157121
0.193943935018, 0.396163354785, 0.0377229081063, 0.991552210894, 0.721374000006, 0.24162747098, 0.372277630545, 0.13925962113, 0.116722966208, 0.430770752366, 0.0256011536585, 0.0120728984762, 0.332272054818, 0.234706964797, 0.670898817791, 0.302722046528, 0.782542013263, 0.351400654648, 0.595680828622, 0.0300569407389, 0.0137817822476, 0.0122964476406, 0.431033764347, 0.124278873079, 0.936914823183, 0.315272003539, 0.00915967130029, 0.0307380191855, 0.0413357711646, 0.46655348395, 0.193943935018, 2.98133332118
0.168329957572, 0.578034257146, 0.60378426245, 0.922222950344, 0.0813573604462, 0.0420197734176, 0.86993335881, 9.89837323709e-05, 0.137291660884, 0.414607444763, 0.167564624579, 0.401157215476, 0.139033191687, 0.782982052055, 0.144284280203, 0.00242453004929, 0.00893951438525, 0.75169320031, 0.360120681612, 0.126502934397, 0.202203684106, 0.443631372947, 0.815923676012, 0.157187989432, 0.0848231701688, 0.227272321568, 0.246348525547, 0.527292573693, 0.361105582611, 0.547849852592, 0.168329957572, 3.31355098703
0.918898595648, 0.0669397030693, 0.660975926272, 0.948916988964, 0.20015509193, 0.52475109243, 0.162518002607, 0.622979869166, 0.0209471015452, 0.622186365922, 0.0210391124378, 0.410102577957, 0.545330290575, 0.0507400119295, 0.417693438755, 0.597031790903, 0.652286529295, 0.935841408599, 0.0583735201201, 0.163692421117, 0.0980205895315, 0.0169732361251, 0.25948221145, 0.00217668601342, 0.320753401037, 0.315272003539, 0.0020970711941, 0.341379676222, 0.221381354598, 0.000254335312359, 0.918898595648, 1.98716528108
