0.768923059482, 0.478427414443, 0.246707451878, 0.194793527888, 0.79391252114, 0.206198504541, 0.496402063877, 0.59457785664, 0.899091818707, 0.499052210593, 0.69612075489, 0.199320806785, 0.906452361002, 0.496769025139, 23.1448190063, 7.31148869741, 9.90712226621, 24.4971087647, 94.4709776439
0.768923059482, 0.478427414443, 0.246707451878, 0.194793527888, 0.79391252114, 0.206198504541, 0.496402063877, 0.59457785664, 0.899091818707, 0.499052210593, 0.69612075489, 0.199320806785, 0.906452361002, 0.496769025139, 23.1448190063, 7.31148869741, 9.90712226621, 24.4971087647, 94.4709776439
0.768923059482, 0.478427414443, 0.246707451878, 0.194793527888, 0.79391252114, 0.206198504541, 0.496402063877, 0.59457785664, 0.899091818707, 0.499052210593, 0.69612075489, 0.199320806785, 0.906452361002, 0.496769025139, 23.1448190063, 7.31148869741, 9.90712226621, 24.4971087647, 94.4709776439
0.711715642295, 0.494900634972, 0.214625239962, 0.195150580824, 0.79391252114, 0.206198504541, 0.496402063877, 0.59457785664, 0.899076079894, 0.499052210593, 0.69612075489, 0.2004495311, 0.906452361002, 0.496769025139, 28.3206097402, 8.96400204994, 10.4121517076, 30.9770692528, 90.7669548854
0.718885135331, 0.603322683093, 0.194418296578, 0.224274651054, 0.79391252114, 0.206315494759, 0.496402063877, 0.59457785664, 0.89909201386, 0.499052210593, 0.69612075489, 0.199308782306, 0.906452361002, 0.496769025139, 22.6220684362, 8.31645089765, 7.59834072318, 35.1679760493, 91.6139597737
0.718885135331, 0.548971074676, 0.214432569935, 0.195102497179, 0.79391252114, 0.204371518506, 0.496402063877, 0.59457785664, 0.900000204671, 0.499052210593, 0.69612075489, 0.199308782306, 0.906452361002, 0.496769025139, 24.3556124672, 7.70698252432, 8.94551498247, 31.5877159424, 88.0000557354
0.768923059482, 0.478427414443, 0.21406650579, 0.110363430025, 0.79391252114, 0.206198504541, 0.496402063877, 0.59457785664, 0.899057933567, 0.499052210593, 0.69612075489, 0.199320806785, 0.906452361002, 0.496769025139, 24.3794411218, 4.26923657361, 8.65098353544, 24.4994514836, 94.4800121362
0.768923059482, 0.478427414443, 0.21406650579, 0.110363430025, 0.79391252114, 0.206198504541, 0.496402063877, 0.59457785664, 0.899057933567, 0.499052210593, 0.69612075489, 0.199320806785, 0.906452361002, 0.496769025139, 24.3794411218, 4.26923657361, 8.65098353544, 24.4994514836, 94.4800121362
0.768923059482, 0.478427414443, 0.21406650579, 0.110363430025, 0.79391252114, 0.206198504541, 0.496402063877, 0.59457785664, 0.899057933567, 0.499052210593, 0.69612075489, 0.199320806785, 0.906452361002, 0.496769025139, 24.3794411218, 4.26923657361, 8.65098353544, 24.4994514836, 94.4800121362
0.769499530883, 0.478174290588, 0.21406650579, 0.109770457509, 0.79391252114, 0.206198504541, 0.496402063877, 0.59457785664, 0.899054882396, 0.499052210593, 0.69612075489, 0.199308767984, 0.906452361002, 0.496769025139, 24.3354714153, 4.23817845808, 8.63397645192, 24.4318062254, 94.5170230046
0.718885135331, 0.603004826814, 0.214432569935, 0.194736253915, 0.79391252114, 0.204371518506, 0.496402063877, 0.59457785664, 0.899076796392, 0.499052210593, 0.69612075489, 0.199308782306, 0.906452361002, 0.496769025139, 21.883529053, 6.91087982344, 8.03608775767, 33.8013285367, 88.0854041774
0.769499042433, 0.478422582305, 0.21406650579, 0.110363430025, 0.79391252114, 0.206198504541, 0.496402063877, 0.59457785664, 0.899057960464, 0.499052210593, 0.69612075489, 0.199308677964, 0.906452361002, 0.496769025139, 24.3224909138, 4.25926366612, 8.63077489697, 24.4418490333, 94.5161816608
0.769499042433, 0.478422582305, 0.21406650579, 0.110363430025, 0.79391252114, 0.206198504541, 0.496402063877, 0.59457785664, 0.899057960464, 0.499052210593, 0.69612075489, 0.199308677964, 0.906452361002, 0.496769025139, 24.3224909138, 4.25926366612, 8.63077489697, 24.4418490333, 94.5161816608
0.67072937615, 0.603211001531, 0.229289801879, 0.194740597449, 0.79391252114, 0.204371518506, 0.496402063877, 0.59457785664, 0.89907660999, 0.499052210593, 0.70253574336, 0.199308782306, 0.906452361002, 0.496769025139, 24.7250951822, 7.80843989222, 9.76463090796, 38.5420424329, 83.4409203297
0.67072937615, 0.603211001531, 0.229289801879, 0.194740597449, 0.79391252114, 0.204371518506, 0.496402063877, 0.59457785664, 0.89907660999, 0.499052210593, 0.70253574336, 0.199308782306, 0.906452361002, 0.496769025139, 24.7250951822, 7.80843989222, 9.76463090796, 38.5420424329, 83.4409203297
0.67072937615, 0.603211001531, 0.229289801879, 0.194740597449, 0.79391252114, 0.204371518506, 0.496402063877, 0.59457785664, 0.89907660999, 0.499052210593, 0.70253574336, 0.199308782306, 0.906452361002, 0.496769025139, 24.7250951822, 7.80843989222, 9.76463090796, 38.5420424329, 83.4409203297
0.67072937615, 0.603211001531, 0.229289801879, 0.194740597449, 0.79391252114, 0.204371518506, 0.496402063877, 0.59457785664, 0.89907660999, 0.499052210593, 0.70253574336, 0.199308782306, 0.906452361002, 0.496769025139, 24.7250951822, 7.80843989222, 9.76463090796, 38.5420424329, 83.4409203297
0.67072937615, 0.603211001531, 0.229289801879, 0.194740597449, 0.79391252114, 0.204371518506, 0.496402063877, 0.59457785664, 0.89907660999, 0.499052210593, 0.70253574336, 0.199308782306, 0.906452361002, 0.496769025139, 24.7250951822, 7.80843989222, 9.76463090796, 38.5420424329, 83.4409203297
0.67072937615, 0.603211001531, 0.229289801879, 0.194740597449, 0.79391252114, 0.204371518506, 0.496402063877, 0.59457785664, 0.89907660999, 0.499052210593, 0.70253574336, 0.199308782306, 0.906452361002, 0.496769025139, 24.7250951822, 7.80843989222, 9.76463090796, 38.5420424329, 83.4409203297
0.719898137233, 0.603124759894, 0.229289801879, 0.194740597449, 0.79391252114, 0.204371518506, 0.496402063877, 0.59457785664, 0.899090881607, 0.499052210593, 0.70253574336, 0.199308782306, 0.906452361002, 0.496769025139, 21.3009934255, 6.72707326631, 8.41235745463, 33.1949854372, 86.8509860022
0.719898137233, 0.603124759894, 0.229289801879, 0.194740597449, 0.79391252114, 0.204371518506, 0.496402063877, 0.59457785664, 0.899090881607, 0.499052210593, 0.70253574336, 0.199308782306, 0.906452361002, 0.496769025139, 21.3009934255, 6.72707326631, 8.41235745463, 33.1949854372, 86.8509860022
0.633596388941, 0.603211001531, 0.229289801879, 0.194740597449, 0.79391252114, 0.204371518506, 0.496402063877, 0.59457785664, 0.89907660999, 0.499052210593, 0.70253574336, 0.199308782306, 0.906452361002, 0.496769025139, 27.216755096, 8.59533177375, 10.748657025, 42.4260987497, 80.5319025804
0.63397039634, 0.603211001531, 0.159330936025, 0.194740597449, 0.79391252114, 0.204371518506, 0.496402063877, 0.59457785664, 0.89907660999, 0.499052210593, 0.70253574336, 0.199308782306, 0.906452361002, 0.496769025139, 28.1511491307, 8.89042304038, 7.54680445545, 42.3876757302, 80.5625854348
0.63397039634, 0.603211001531, 0.159330936025, 0.194740597449, 0.79391252114, 0.204371518506, 0.496402063877, 0.59457785664, 0.89907660999, 0.499052210593, 0.70253574336, 0.199308782306, 0.906452361002, 0.496769025139, 28.1511491307, 8.89042304038, 7.54680445545, 42.3876757302, 80.5625854348
0.768923059482, 0.478427414443, 0.21406650579, 0.110363430025, 0.79391252114, 0.206198504541, 0.496402063877, 0.500606817021, 0.888700640486, 0.499052210593, 0.69612075489, 0.199320806785, 0.906452361002, 0.496769025139, 28.384031514, 4.97050546978, 10.0720023921, 28.523754893, 109.999389589
0.589117070587, 0.603211001531, 0.229289801879, 0.194740597449, 0.79391252114, 0.204371518506, 0.496402063877, 0.59457785664, 0.899076957964, 0.499052210593, 0.696027208546, 0.199320493174, 0.906452361002, 0.496769025139, 30.5705276408, 9.65448770965, 12.0731555075, 47.6540359033, 77.9414467892
0.589117070587, 0.603211001531, 0.233126492584, 0.194740597449, 0.79391252114, 0.204371518506, 0.496402063877, 0.59457785664, 0.899076587822, 0.499052210593, 0.70253574336, 0.199320250343, 0.906452361002, 0.496769025139, 30.0087974696, 9.47708753201, 12.0683628892, 46.8856608385, 76.6847166279
0.589117070587, 0.603211001531, 0.233126492584, 0.194740597449, 0.79391252114, 0.204371518506, 0.496402063877, 0.59457785664, 0.899076587822, 0.499052210593, 0.70253574336, 0.199320250343, 0.906452361002, 0.496769025139, 30.0087974696, 9.47708753201, 12.0683628892, 46.8856608385, 76.6847166279
0.589117070587, 0.603211001531, 0.233126492584, 0.194740597449, 0.79391252114, 0.204371518506, 0.496402063877, 0.59457785664, 0.899076587822, 0.499052210593, 0.70253574336, 0.199320250343, 0.906452361002, 0.496769025139, 30.0087974696, 9.47708753201, 12.0683628892, 46.8856608385, 76.6847166279
0.589117070587, 0.603211001531, 0.233126492584, 0.194740597449, 0.79391252114, 0.204371518506, 0.496402063877, 0.59457785664, 0.899076587822, 0.499052210593, 0.70253574336, 0.199320250343, 0.906452361002, 0.496769025139, 30.0087974696, 9.47708753201, 12.0683628892, 46.8856608385, 76.6847166279
0.720003591891, 0.603124759894, 0.229289801879, 0.19474007021, 0.79391252114, 0.204371518506, 0.496402063877, 0.59457785664, 0.899090881525, 0.499052210593, 0.701862774565, 0.199320749606, 0.906452361002, 0.496769025139, 21.157401445, 6.68170616911, 8.35564678417, 32.9712063254, 86.3025874427
0.720003591891, 0.603124759894, 0.229289801879, 0.19474007021, 0.79391252114, 0.204371518506, 0.496402063877, 0.59457785664, 0.899090881525, 0.499052210593, 0.701862774565, 0.199320749606, 0.906452361002, 0.496769025139, 21.157401445, 6.68170616911, 8.35564678417, 32.9712063254, 86.3025874427
0.720003591891, 0.603124759894, 0.229289801879, 0.19474007021, 0.79391252114, 0.204371518506, 0.496402063877, 0.59457785664, 0.899090881525, 0.499052210593, 0.701862774565, 0.199320749606, 0.906452361002, 0.496769025139, 21.157401445, 6.68170616911, 8.35564678417, 32.9712063254, 86.3025874427
0.720003591891, 0.603124759894, 0.229289801879, 0.19474007021, 0.79391252114, 0.204371518506, 0.496402063877, 0.59457785664, 0.899090881525, 0.499052210593, 0.701862774565, 0.199320749606, 0.906452361002, 0.496769025139, 21.157401445, 6.68170616911, 8.35564678417, 32.9712063254, 86.3025874427
0.720003591891, 0.603124759894, 0.229289801879, 0.19474007021, 0.79391252114, 0.204371518506, 0.496402063877, 0.59457785664, 0.899090881525, 0.499052210593, 0.701862774565, 0.199320749606, 0.906452361002, 0.496769025139, 21.157401445, 6.68170616911, 8.35564678417, 32.9712063254, 86.3025874427
0.720003591891, 0.603124759894, 0.229289801879, 0.19474007021, 0.79391252114, 0.204371518506, 0.496402063877, 0.59457785664, 0.899090881525, 0.499052210593, 0.701862774565, 0.199320749606, 0.906452361002, 0.496769025139, 21.157401445, 6.68170616911, 8.35564678417, 32.9712063254, 86.3025874427
0.720003591891, 0.603124759894, 0.229289801879, 0.19474007021, 0.79391252114, 0.204371518506, 0.496402063877, 0.59457785664, 0.899090881525, 0.499052210593, 0.701862774565, 0.199320749606, 0.906452361002, 0.496769025139, 21.157401445, 6.68170616911, 8.35564678417, 32.9712063254, 86.3025874427
0.747580691936, 0.479874177018, 0.176605520316, 0.194740597449, 0.79391252114, 0.204371518506, 0.496402063877, 0.59457785664, 0.899076957124, 0.499052210593, 0.696121630833, 0.199308770422, 0.906452361002, 0.499804476969, 24.631300911, 7.77881869465, 7.3553087252, 25.2106439464, 87.9826851931
0.747580691936, 0.479874177018, 0.176605520316, 0.194740597449, 0.79391252114, 0.204371518506, 0.496402063877, 0.59457785664, 0.899076957124, 0.499052210593, 0.696121630833, 0.199308770422, 0.906452361002, 0.499804476969, 24.631300911, 7.77881869465, 7.3553087252, 25.2106439464, 87.9826851931
0.589185788035, 0.603212852397, 0.229289801879, 0.19474007021, 0.79391252114, 0.204371518506, 0.496402063877, 0.59457785664, 0.899090749917, 0.499052210593, 0.701862774565, 0.199320250648, 0.906452361002, 0.496769025139, 29.8809526104, 9.43668559273, 11.8008199748, 46.5793841639, 76.2007363392
0.589185788035, 0.603212852397, 0.229289801879, 0.19474007021, 0.79391252114, 0.204371518506, 0.496402063877, 0.59457785664, 0.899090749917, 0.499052210593, 0.701862774565, 0.199320250648, 0.906452361002, 0.496769025139, 29.8809526104, 9.43668559273, 11.8008199748, 46.5793841639, 76.2007363392
0.589185788035, 0.603212852397, 0.229289801879, 0.19474007021, 0.79391252114, 0.204371518506, 0.496402063877, 0.59457785664, 0.899090749917, 0.499052210593, 0.701862774565, 0.199320250648, 0.906452361002, 0.496769025139, 29.8809526104, 9.43668559273, 11.8008199748, 46.5793841639, 76.2007363392
0.589185788035, 0.603212852397, 0.229289801879, 0.19474007021, 0.79391252114, 0.204371518506, 0.496402063877, 0.59457785664, 0.899090749917, 0.499052210593, 0.701862774565, 0.199320250648, 0.906452361002, 0.496769025139, 29.8809526104, 9.43668559273, 11.8008199748, 46.5793841639, 76.2007363392
0.589185788035, 0.603212852397, 0.229289801879, 0.19474007021, 0.79391252114, 0.204371518506, 0.496402063877, 0.59457785664, 0.899090749917, 0.499052210593, 0.701862774565, 0.199320250648, 0.906452361002, 0.496769025139, 29.8809526104, 9.43668559273, 11.8008199748, 46.5793841639, 76.2007363392
0.589185788035, 0.603212852397, 0.229289801879, 0.19474007021, 0.79391252114, 0.204371518506, 0.496402063877, 0.59457785664, 0.899090749917, 0.499052210593, 0.701862774565, 0.199320250648, 0.906452361002, 0.496769025139, 29.8809526104, 9.43668559273, 11.8008199748, 46.5793841639, 76.2007363392
0.589185788035, 0.603212852397, 0.229289801879, 0.19474007021, 0.79391252114, 0.204371518506, 0.496402063877, 0.59457785664, 0.899090749917, 0.499052210593, 0.701862774565, 0.199320250648, 0.906452361002, 0.496769025139, 29.8809526104, 9.43668559273, 11.8008199748, 46.5793841639, 76.2007363392
0.589185788035, 0.603212852397, 0.229289801879, 0.19474007021, 0.79391252114, 0.204371518506, 0.496402063877, 0.59457785664, 0.899090749917, 0.499052210593, 0.701862774565, 0.199320250648, 0.906452361002, 0.496769025139, 29.8809526104, 9.43668559273, 11.8008199748, 46.5793841639, 76.2007363392
0.589185788035, 0.603212852397, 0.229289801879, 0.19474007021, 0.79391252114, 0.204371518506, 0.496402063877, 0.59457785664, 0.899090749917, 0.499052210593, 0.701862774565, 0.199320250648, 0.906452361002, 0.496769025139, 29.8809526104, 9.43668559273, 11.8008199748, 46.5793841639, 76.2007363392
0.589117070587, 0.60321102167, 0.229277868819, 0.194740597449, 0.79391252114, 0.204371518506, 0.496402063877, 0.59457785664, 0.899076422536, 0.499052210593, 0.701869742511, 0.199320246839, 0.906452361002, 0.496769025139, 29.8885178563, 9.43910199044, 11.8031399526, 46.5905777258, 76.202086209
0.589185611383, 0.722585035751, 0.229289801879, 0.19474007021, 0.79391252114, 0.204371518506, 0.496402063877, 0.59457785664, 0.899090646458, 0.499052210593, 0.701862774565, 0.199320250422, 0.906452361002, 0.496769025139, 21.6085648547, 6.82418781297, 8.53382377357, 52.0048017501, 76.200743538
0.589117070587, 0.603211001531, 0.233126492584, 0.194740597449, 0.79391252114, 0.204371518506, 0.496402063877, 0.59457785664, 0.899076587822, 0.499052210593, 0.70253574336, 0.199320250343, 0.906452361002, 0.496769025139, 30.0087974696, 9.47708753201, 12.0683628892, 46.8856608385, 76.6847166279
0.719898137233, 0.603124759894, 0.229289801879, 0.194740597449, 0.79391252114, 0.204371518506, 0.496402063877, 0.59457785664, 0.899090881607, 0.499052210593, 0.70253574336, 0.199308782306, 0.906452361002, 0.496769025139, 21.3009934255, 6.72707326631, 8.41235745463, 33.1949854372, 86.8509860022
0.719898137233, 0.603124759894, 0.229289801879, 0.194740597449, 0.79391252114, 0.204371518506, 0.496402063877, 0.59457785664, 0.899090881607, 0.499052210593, 0.70253574336, 0.199308782306, 0.906452361002, 0.496769025139, 21.3009934255, 6.72707326631, 8.41235745463, 33.1949854372, 86.8509860022
0.719898137233, 0.603124759894, 0.229289801879, 0.194740597449, 0.79391252114, 0.204371518506, 0.496402063877, 0.59457785664, 0.899090881607, 0.499052210593, 0.70253574336, 0.199308782306, 0.906452361002, 0.496769025139, 21.3009934255, 6.72707326631, 8.41235745463, 33.1949854372, 86.8509860022
0.633745966041, 0.60321101208, 0.230010533284, 0.194740602138, 0.79391252114, 0.204371518506, 0.496402063877, 0.59457785664, 0.899076659568, 0.499052210593, 0.701869414226, 0.199308783108, 0.906452361002, 0.496769025139, 27.0240385449, 8.53447011951, 10.7091977381, 42.1436843554, 80.0370097968
0.633745966041, 0.60321101208, 0.230010533284, 0.194740602138, 0.79391252114, 0.204371518506, 0.496402063877, 0.59457785664, 0.899076659568, 0.499052210593, 0.701869414226, 0.199308783108, 0.906452361002, 0.496769025139, 27.0240385449, 8.53447011951, 10.7091977381, 42.1436843554, 80.0370097968
0.589185788035, 0.603211026561, 0.233158947296, 0.194740073069, 0.79391252114, 0.204371518506, 0.496402063877, 0.59457785664, 0.899090749917, 0.499052210593, 0.701862774565, 0.199320250648, 0.906452361002, 0.496769025139, 29.8121284304, 9.41495041722, 11.9910954192, 46.5792881309, 76.2007363392
0.589185788035, 0.603211026561, 0.233158947296, 0.194740073069, 0.79391252114, 0.204371518506, 0.496402063877, 0.59457785664, 0.899090749917, 0.499052210593, 0.701862774565, 0.199320250648, 0.906452361002, 0.496769025139, 29.8121284304, 9.41495041722, 11.9910954192, 46.5792881309, 76.2007363392
0.589185788035, 0.603211026561, 0.233158947296, 0.194740073069, 0.79391252114, 0.204371518506, 0.496402063877, 0.59457785664, 0.899090749917, 0.499052210593, 0.701862774565, 0.199320250648, 0.906452361002, 0.496769025139, 29.8121284304, 9.41495041722, 11.9910954192, 46.5792881309, 76.2007363392
0.5836994083, 0.603211001531, 0.233057194341, 0.194740597449, 0.79391252114, 0.201649047194, 0.496402063877, 0.59457785664, 0.899076610344, 0.499052210593, 0.70253574336, 0.199320250343, 0.906452361002, 0.496769025139, 29.383703638, 9.27967645735, 11.8131272736, 45.907099903, 73.7693278148
0.5836994083, 0.603211001531, 0.233057194341, 0.194740597449, 0.79391252114, 0.201649047194, 0.496402063877, 0.59457785664, 0.899076610344, 0.499052210593, 0.70253574336, 0.199320250343, 0.906452361002, 0.496769025139, 29.383703638, 9.27967645735, 11.8131272736, 45.907099903, 73.7693278148
0.5836994083, 0.603211001531, 0.233057194341, 0.194740597449, 0.79391252114, 0.201649047194, 0.496402063877, 0.59457785664, 0.899076610344, 0.499052210593, 0.70253574336, 0.199320250343, 0.906452361002, 0.496769025139, 29.383703638, 9.27967645735, 11.8131272736, 45.907099903, 73.7693278148
0.5836994083, 0.603211001531, 0.233057194341, 0.194740597449, 0.79391252114, 0.201649047194, 0.496402063877, 0.59457785664, 0.899076610344, 0.499052210593, 0.70253574336, 0.199320250343, 0.906452361002, 0.496769025139, 29.383703638, 9.27967645735, 11.8131272736, 45.907099903, 73.7693278148
0.5836994083, 0.603211001531, 0.233057194341, 0.194740597449, 0.79391252114, 0.201649047194, 0.496402063877, 0.59457785664, 0.899076610344, 0.499052210593, 0.70253574336, 0.199320250343, 0.906452361002, 0.496769025139, 29.383703638, 9.27967645735, 11.8131272736, 45.907099903, 73.7693278148
0.5836994083, 0.603211001531, 0.233057194341, 0.194740597449, 0.79391252114, 0.201649047194, 0.496402063877, 0.59457785664, 0.899076610344, 0.499052210593, 0.70253574336, 0.199320250343, 0.906452361002, 0.496769025139, 29.383703638, 9.27967645735, 11.8131272736, 45.907099903, 73.7693278148
0.589117070587, 0.603211001531, 0.233126492584, 0.194740597449, 0.79391252114, 0.204371518506, 0.496402063877, 0.59457785664, 0.899076587822, 0.499052210593, 0.70253574336, 0.199320250343, 0.906452361002, 0.496769025139, 30.0087974696, 9.47708753201, 12.0683628892, 46.8856608385, 76.6847166279
0.589117070587, 0.603211001531, 0.233126492584, 0.194740597449, 0.79391252114, 0.204371518506, 0.496402063877, 0.59457785664, 0.899076587822, 0.499052210593, 0.70253574336, 0.199320250343, 0.906452361002, 0.496769025139, 30.0087974696, 9.47708753201, 12.0683628892, 46.8856608385, 76.6847166279
0.67072937615, 0.477852502513, 0.228438840346, 0.19577151142, 0.79391252114, 0.204240678421, 0.496402063877, 0.59457785664, 0.899058022594, 0.499052210593, 0.70253574336, 0.199308770432, 0.906452361002, 0.496816054349, 30.8902580377, 9.81050141487, 12.1562417521, 32.287010449, 83.2098859523
0.67072937615, 0.477852502513, 0.228438840346, 0.19577151142, 0.79391252114, 0.204240678421, 0.496402063877, 0.59457785664, 0.899058022594, 0.499052210593, 0.70253574336, 0.199308770432, 0.906452361002, 0.496816054349, 30.8902580377, 9.81050141487, 12.1562417521, 32.287010449, 83.2098859523
0.67072937615, 0.477852502513, 0.228438840346, 0.19577151142, 0.79391252114, 0.204240678421, 0.496402063877, 0.59457785664, 0.899058022594, 0.499052210593, 0.70253574336, 0.199308770432, 0.906452361002, 0.496816054349, 30.8902580377, 9.81050141487, 12.1562417521, 32.287010449, 83.2098859523
0.67072937615, 0.477852502513, 0.228438840346, 0.19577151142, 0.79391252114, 0.204240678421, 0.496402063877, 0.59457785664, 0.899058022594, 0.499052210593, 0.70253574336, 0.199308770432, 0.906452361002, 0.496816054349, 30.8902580377, 9.81050141487, 12.1562417521, 32.287010449, 83.2098859523
0.67072937615, 0.477852502513, 0.228438840346, 0.19577151142, 0.79391252114, 0.204240678421, 0.496402063877, 0.59457785664, 0.899058022594, 0.499052210593, 0.70253574336, 0.199308770432, 0.906452361002, 0.496816054349, 30.8902580377, 9.81050141487, 12.1562417521, 32.287010449, 83.2098859523
0.563706922025, 0.603211026561, 0.233158947296, 0.26270138112, 0.79391252114, 0.204371518506, 0.496402063877, 0.59457785664, 0.899090749917, 0.499052210593, 0.701862774565, 0.199320250648, 0.906452361002, 0.496769025139, 30.1384457458, 13.194185862, 12.6188020528, 49.0176081615, 73.844434022
0.563706922025, 0.603211026561, 0.233158947296, 0.26270138112, 0.79391252114, 0.204371518506, 0.496402063877, 0.59457785664, 0.899090749917, 0.499052210593, 0.701862774565, 0.199320250648, 0.906452361002, 0.496769025139, 30.1384457458, 13.194185862, 12.6188020528, 49.0176081615, 73.844434022
0.563706922025, 0.603211026561, 0.233158947296, 0.26270138112, 0.79391252114, 0.204371518506, 0.496402063877, 0.59457785664, 0.899090749917, 0.499052210593, 0.701862774565, 0.199320250648, 0.906452361002, 0.496769025139, 30.1384457458, 13.194185862, 12.6188020528, 49.0176081615, 73.844434022
0.563706922025, 0.603211026561, 0.233158947296, 0.26270138112, 0.79391252114, 0.204371518506, 0.496402063877, 0.59457785664, 0.899090749917, 0.499052210593, 0.701862774565, 0.199320250648, 0.906452361002, 0.496769025139, 30.1384457458, 13.194185862, 12.6188020528, 49.0176081615, 73.844434022
0.563706922025, 0.603211026561, 0.233158947296, 0.26270138112, 0.79391252114, 0.204371518506, 0.496402063877, 0.59457785664, 0.899090749917, 0.499052210593, 0.701862774565, 0.199320250648, 0.906452361002, 0.496769025139, 30.1384457458, 13.194185862, 12.6188020528, 49.0176081615, 73.844434022
0.563706922025, 0.603211026561, 0.233158947296, 0.26270138112, 0.79391252114, 0.204371518506, 0.496402063877, 0.59457785664, 0.899090749917, 0.499052210593, 0.701862774565, 0.199320250648, 0.906452361002, 0.496769025139, 30.1384457458, 13.194185862, 12.6188020528, 49.0176081615, 73.844434022
0.563706922025, 0.603211026561, 0.233158947296, 0.26270138112, 0.79391252114, 0.204371518506, 0.496402063877, 0.59457785664, 0.899090749917, 0.499052210593, 0.701862774565, 0.199320250648, 0.906452361002, 0.496769025139, 30.1384457458, 13.194185862, 12.6188020528, 49.0176081615, 73.844434022
0.563706922025, 0.603211026561, 0.233158947296, 0.26270138112, 0.79391252114, 0.204371518506, 0.496402063877, 0.59457785664, 0.899090749917, 0.499052210593, 0.701862774565, 0.199320250648, 0.906452361002, 0.496769025139, 30.1384457458, 13.194185862, 12.6188020528, 49.0176081615, 73.844434022
0.563706922025, 0.603211026561, 0.233158947296, 0.26270138112, 0.79391252114, 0.204371518506, 0.496402063877, 0.59457785664, 0.899090749917, 0.499052210593, 0.701862774565, 0.199320250648, 0.906452361002, 0.496769025139, 30.1384457458, 13.194185862, 12.6188020528, 49.0176081615, 73.844434022
0.563706922025, 0.603211026561, 0.233158947296, 0.26270138112, 0.79391252114, 0.204371518506, 0.496402063877, 0.59457785664, 0.899090749917, 0.499052210593, 0.701862774565, 0.199320250648, 0.906452361002, 0.496769025139, 30.1384457458, 13.194185862, 12.6188020528, 49.0176081615, 73.844434022
0.563706922025, 0.603211026561, 0.233158947296, 0.26270138112, 0.79391252114, 0.204371518506, 0.496402063877, 0.59457785664, 0.899090749917, 0.499052210593, 0.701862774565, 0.199320250648, 0.906452361002, 0.496769025139, 30.1384457458, 13.194185862, 12.6188020528, 49.0176081615, 73.844434022
0.563706922025, 0.603211026561, 0.233158947296, 0.26270138112, 0.79391252114, 0.204371518506, 0.496402063877, 0.59457785664, 0.899090749917, 0.499052210593, 0.701862774565, 0.199320250648, 0.906452361002, 0.496769025139, 30.1384457458, 13.194185862, 12.6188020528, 49.0176081615, 73.844434022
0.563706922025, 0.603211026561, 0.233158947296, 0.26270138112, 0.79391252114, 0.204371518506, 0.496402063877, 0.59457785664, 0.899090749917, 0.499052210593, 0.701862774565, 0.199320250648, 0.906452361002, 0.496769025139, 30.1384457458, 13.194185862, 12.6188020528, 49.0176081615, 73.844434022
0.563706922025, 0.603211026561, 0.233158947296, 0.26270138112, 0.79391252114, 0.204371518506, 0.496402063877, 0.59457785664, 0.899090749917, 0.499052210593, 0.701862774565, 0.199320250648, 0.906452361002, 0.496769025139, 30.1384457458, 13.194185862, 12.6188020528, 49.0176081615, 73.844434022
0.563706922025, 0.603211026561, 0.233158947296, 0.26270138112, 0.79391252114, 0.204371518506, 0.496402063877, 0.59457785664, 0.899090749917, 0.499052210593, 0.701862774565, 0.199320250648, 0.906452361002, 0.496769025139, 30.1384457458, 13.194185862, 12.6188020528, 49.0176081615, 73.844434022
0.563706922025, 0.603211026561, 0.233158947296, 0.26270138112, 0.79391252114, 0.204371518506, 0.496402063877, 0.59457785664, 0.899090749917, 0.499052210593, 0.701862774565, 0.199320250648, 0.906452361002, 0.496769025139, 30.1384457458, 13.194185862, 12.6188020528, 49.0176081615, 73.844434022
0.563706922025, 0.603211026561, 0.233158947296, 0.26270138112, 0.79391252114, 0.204371518506, 0.496402063877, 0.59457785664, 0.899090749917, 0.499052210593, 0.701862774565, 0.199320250648, 0.906452361002, 0.496769025139, 30.1384457458, 13.194185862, 12.6188020528, 49.0176081615, 73.844434022
0.563706922025, 0.603211026561, 0.233158947296, 0.26270138112, 0.79391252114, 0.204371518506, 0.496402063877, 0.59457785664, 0.899090749917, 0.499052210593, 0.701862774565, 0.199320250648, 0.906452361002, 0.496769025139, 30.1384457458, 13.194185862, 12.6188020528, 49.0176081615, 73.844434022
0.563706922025, 0.603211026561, 0.233158947296, 0.26270138112, 0.79391252114, 0.204371518506, 0.496402063877, 0.59457785664, 0.899090749917, 0.499052210593, 0.701862774565, 0.199320250648, 0.906452361002, 0.496769025139, 30.1384457458, 13.194185862, 12.6188020528, 49.0176081615, 73.844434022
0.563706922025, 0.603211026561, 0.233158947296, 0.26270138112, 0.79391252114, 0.204371518506, 0.496402063877, 0.59457785664, 0.899090749917, 0.499052210593, 0.701862774565, 0.199320250648, 0.906452361002, 0.496769025139, 30.1384457458, 13.194185862, 12.6188020528, 49.0176081615, 73.844434022
