0.640567952937, 0.107150961098, 0.245210359398, 0.190479886286, 0.408470292032, 0.185095408288, 0.3952896407, 0.505623947191, 0.18569366663, 0.966874745179, 0.191868423088, 0.153086558626, 0.295837649357, 0.356966271391, 0.217662244568, 0.375196078588, 0.554514831247, 0.630139532287, 0.000814963376255, 0.929776909418, 0.073778271507, 0.0844986349745, 0.0653320540324, 0.0603389902346, 0.334719700972, 0.085987289985, 0.210364873746, 0.155006598918, 0.831681642694, 0.200103866648, 0.640567952937, 1.62108929649
0.852544120008, 0.489615497134, 0.267237687487, 0.381745420708, 0.202615463498, 0.349139914752, 0.309821179898, 0.198224788813, 0.276169243353, 0.320357672598, 0.348859625542, 0.530041125797, 0.660726464555, 0.183376251577, 0.0751265610921, 0.205034749645, 0.132915123002, 0.564629748975, 0.150846465884, 0.043064310169, 0.778571722811, 0.466040988895, 0.11254793894, 0.300690898661, 0.198816376228, 0.265414270625, 0.431834394114, 0.0602711450876, 0.97900423729, 0.269183578958, 0.852544120008, 1.27613943791
0.0141975761356, 0.44778033181, 0.0148347835612, 0.680998456036, 0.14554527882, 0.130702326583, 0.736599260169, 0.810186570367, 0.106669841923, 0.012988147263, 0.64878338373, 0.0399318999151, 0.295837649357, 0.318686033981, 0.0508510877178, 0.336734252059, 0.442376397946, 0.486318676994, 0.0803075881833, 0.228144669884, 0.573826709566, 0.0436307633766, 0.0346916173613, 0.767782281968, 0.30563386288, 0.141311398398, 0.322860666877, 0.143005566741, 0.0425548190049, 0.695073988426, 0.0141975761356, 3.58038451845
8.78408403252e-05, 0.489615497134, 0.567270753183, 0.249616529798, 0.29717196302, 0.242417092239, 0.286262704719, 0.968761818607, 0.164690040305, 0.0219659374076, 0.226304793093, 0.546510452454, 0.0276640475568, 0.00928974742262, 0.374619508752, 0.246017904702, 0.132915123002, 0.486318676994, 0.0342041263684, 0.0940969632813, 0.122337547294, 0.52649468375, 0.946198959653, 0.144737079095, 0.0885408546288, 0.921471228131, 0.998941381158, 0.437253694547, 0.967721891851, 0.987500899605, 8.78408403252e-05, 4.58203870424
0.629313706521, 0.457202164839, 0.536686764082, 0.131376546133, 0.51501332315, 0.096874030037, 0.532708317007, 0.505623947191, 0.445739026068, 0.0376187462046, 0.0972136708354, 0.153086558626, 0.107855062754, 0.286705818914, 0.751678459123, 0.800180441831, 0.163646521103, 0.0725311095907, 0.59577001487, 0.702414737679, 0.0955887503547, 0.0844986349745, 0.11254793894, 0.174533034202, 0.334719700972, 0.231832873173, 0.194432980633, 0.900958292113, 0.0145224135451, 0.104510290179, 0.629313706521, 1.80597142997
3.33225998673e-05, 0.489615497134, 0.978804730405, 0.812315411227, 0.637617019533, 0.332206450436, 0.833082872757, 0.015707768662, 0.445739026068, 0.196634902219, 0.0712253208718, 0.0759415988553, 0.770608635459, 0.637422575355, 0.8272842908, 0.266512391794, 0.027658444201, 0.744037402816, 0.231132725895, 0.553742666849, 0.803457475132, 0.106539430429, 0.277530974293, 0.300690898661, 0.044013450796, 0.704543608149, 0.950707746032, 0.380124362369, 0.0768932080357, 0.00418561692324, 3.33225998673e-05, 4.89630613085
0.241323719958, 0.446921036718, 0.172435905897, 0.190479886286, 0.153225412887, 0.130702326583, 0.265447822694, 0.505623947191, 0.18569366663, 0.973381377522, 0.894023137732, 0.432641451416, 0.295837649357, 0.356966271391, 0.965601758951, 0.00714166978734, 0.554514831247, 0.341182880177, 0.0430311188203, 0.136412545474, 0.337983169726, 0.0844986349745, 0.0653320540324, 0.0603389902346, 0.181931807954, 0.29802137517, 0.286909966518, 0.245366939419, 0.0307121247295, 0.334433251275, 0.241323719958, 2.5976481324
0.837536405695, 0.0412462389053, 0.567270753183, 0.276974510028, 0.103797296716, 0.398625623738, 0.00387554521714, 0.0982083604408, 0.787158673296, 0.296389339827, 0.35146013812, 0.00256235713476, 0.302163039653, 0.332483108528, 0.202300171066, 0.112222594941, 0.692223777509, 0.0343837260194, 0.286589491296, 0.267163268694, 0.295786652706, 0.686147697101, 0.168951933089, 0.521435618516, 0.0263558702828, 0.163496734361, 0.434516048823, 0.688288928478, 0.518274060402, 0.580887041666, 0.837536405695, 1.29394229419
0.212086189017, 0.349054052767, 0.11032830579, 0.76308753564, 0.0812038303357, 0.168455131923, 0.193507503392, 0.759844558722, 0.114738422904, 0.502976740919, 0.211901010338, 0.445556399138, 0.616666702804, 0.450559468509, 0.751678459123, 0.158474707499, 0.045627625282, 0.425136197518, 0.108233678063, 0.0908776059814, 0.149399091542, 0.0749318977209, 0.526894059655, 0.339130831725, 0.0433988239193, 0.0656835289314, 0.256156909435, 0.370220789588, 0.644565996938, 0.53642507171, 0.212086189017, 2.91473778638
0.220421854395, 0.107150961098, 0.220976512044, 0.131376546133, 0.51501332315, 0.096874030037, 0.833082872757, 0.505623947191, 0.445739026068, 0.0376187462046, 0.0972136708354, 0.153086558626, 0.0700946874445, 0.286705818914, 0.384585705514, 0.318159711487, 0.163646521103, 0.341182880177, 0.59577001487, 0.702414737679, 0.0955887503547, 0.0844986349745, 0.11254793894, 0.174533034202, 0.334719700972, 0.991879628978, 0.210364873746, 0.426619336229, 0.0145224135451, 0.221255836319, 0.220421854395, 2.6576053438
0.404217459921, 0.107150961098, 0.220976512044, 0.131376546133, 0.103797296716, 0.163096074145, 0.0355843777882, 0.505623947191, 0.445739026068, 0.0376187462046, 0.0972136708354, 0.153086558626, 0.159561132612, 0.286705818914, 0.384585705514, 0.336734252059, 0.163646521103, 0.341182880177, 0.59577001487, 0.702414737679, 0.0188575560027, 0.0844986349745, 0.960116235614, 0.174533034202, 0.334719700972, 0.530310657589, 0.210364873746, 0.598650875592, 0.0145224135451, 0.104510290179, 0.404217459921, 2.24361351563
0.65551754901, 0.141761955835, 0.177780879736, 0.190479886286, 0.153399107192, 0.185095408288, 0.129967239693, 0.0881398127362, 0.18569366663, 0.973381377522, 0.01996857279, 0.153086558626, 0.295837649357, 0.356966271391, 0.987602315355, 0.336734252059, 0.261113373544, 0.494349631393, 0.397427479992, 0.769254995322, 0.68674804153, 0.0844986349745, 0.0653320540324, 0.0603389902346, 0.21365325724, 0.270080609549, 0.286909966518, 0.155006598918, 0.0307121247295, 0.334433251275, 0.65551754901, 1.44449794937
0.00128876423154, 0.278535102001, 0.80457717809, 0.523964012848, 0.153399107192, 0.185095408288, 0.129967239693, 0.397145886977, 0.886557820779, 0.966874745179, 0.779779788398, 0.200420126209, 0.295837649357, 0.356966271391, 0.284373470092, 0.336734252059, 0.554514831247, 0.341182880177, 0.59577001487, 0.769254995322, 0.337983169726, 0.0391016185074, 0.0653320540324, 0.0603389902346, 0.334719700972, 0.270080609549, 0.286909966518, 0.155006598918, 0.831681642694, 0.334433251275, 0.00128876423154, 4.50957715791
7.06362884118e-06, 0.489615497134, 0.104752651786, 0.812315411227, 0.313549194241, 0.503477214717, 0.833082872757, 0.582653538602, 0.827539127873, 0.196634902219, 0.0712253208718, 0.141368480248, 0.989332982067, 0.746029529322, 0.162210292266, 0.266512391794, 0.910403509735, 0.390190155096, 0.00217652956949, 0.938976862511, 0.279708950564, 0.106539430429, 0.660631656305, 0.339130831725, 0.646064991807, 0.085987289985, 0.832494756796, 0.641896311895, 0.809989588726, 0.0166200980913, 7.06362884118e-06, 5.24597786678
0.050424940499, 0.564000565081, 0.0713380397253, 0.0465781145619, 0.0550255464331, 0.646804071713, 0.252687275645, 0.190659690063, 0.223979993497, 0.019062657043, 0.193446980579, 0.116575325082, 0.173306358913, 0.368901590102, 0.758913484561, 0.00289930705915, 0.598352403884, 0.22852680172, 0.14164838358, 0.676695429497, 0.469868267699, 0.44484441126, 0.0605533661081, 0.772893385929, 0.185603819813, 0.0347537151977, 0.603860760316, 0.981631251058, 0.00544946218983, 0.173589026205, 0.050424940499, 3.32360715579
0.00216473619363, 0.44778033181, 0.577915216159, 0.680998456036, 0.0046085175785, 0.130702326583, 0.736599260169, 0.810186570367, 0.131214970173, 0.384629704285, 0.524173141245, 0.932160347871, 0.511183800474, 0.271862371701, 0.0508510877178, 0.336734252059, 0.442376397946, 0.486318676994, 0.0803075881833, 0.128338581724, 0.573826709566, 0.19486154994, 0.085547129647, 0.349586542976, 0.30563386288, 0.141311398398, 0.306975109012, 0.143005566741, 0.0425548190049, 0.695073988426, 0.00216473619363, 4.16470464293
0.640567952937, 0.107150961098, 0.245210359398, 0.190479886286, 0.408470292032, 0.185095408288, 0.3952896407, 0.505623947191, 0.18569366663, 0.966874745179, 0.191868423088, 0.153086558626, 0.295837649357, 0.356966271391, 0.217662244568, 0.375196078588, 0.554514831247, 0.630139532287, 0.000814963376255, 0.929776909418, 0.073778271507, 0.0844986349745, 0.0653320540324, 0.0603389902346, 0.334719700972, 0.085987289985, 0.210364873746, 0.155006598918, 0.831681642694, 0.200103866648, 0.640567952937, 1.62108929649
0.852544120008, 0.489615497134, 0.267237687487, 0.381745420708, 0.202615463498, 0.349139914752, 0.309821179898, 0.198224788813, 0.276169243353, 0.320357672598, 0.348859625542, 0.530041125797, 0.660726464555, 0.183376251577, 0.0751265610921, 0.205034749645, 0.132915123002, 0.564629748975, 0.150846465884, 0.043064310169, 0.778571722811, 0.466040988895, 0.11254793894, 0.300690898661, 0.198816376228, 0.265414270625, 0.431834394114, 0.0602711450876, 0.97900423729, 0.269183578958, 0.852544120008, 1.27613943791
0.0141975761356, 0.44778033181, 0.0148347835612, 0.680998456036, 0.14554527882, 0.130702326583, 0.736599260169, 0.810186570367, 0.106669841923, 0.012988147263, 0.64878338373, 0.0399318999151, 0.295837649357, 0.318686033981, 0.0508510877178, 0.336734252059, 0.442376397946, 0.486318676994, 0.0803075881833, 0.228144669884, 0.573826709566, 0.0436307633766, 0.0346916173613, 0.767782281968, 0.30563386288, 0.141311398398, 0.322860666877, 0.143005566741, 0.0425548190049, 0.695073988426, 0.0141975761356, 3.58038451845
8.78408403252e-05, 0.489615497134, 0.567270753183, 0.249616529798, 0.29717196302, 0.242417092239, 0.286262704719, 0.968761818607, 0.164690040305, 0.0219659374076, 0.226304793093, 0.546510452454, 0.0276640475568, 0.00928974742262, 0.374619508752, 0.246017904702, 0.132915123002, 0.486318676994, 0.0342041263684, 0.0940969632813, 0.122337547294, 0.52649468375, 0.946198959653, 0.144737079095, 0.0885408546288, 0.921471228131, 0.998941381158, 0.437253694547, 0.967721891851, 0.987500899605, 8.78408403252e-05, 4.58203870424
0.629313706521, 0.457202164839, 0.536686764082, 0.131376546133, 0.51501332315, 0.096874030037, 0.532708317007, 0.505623947191, 0.445739026068, 0.0376187462046, 0.0972136708354, 0.153086558626, 0.107855062754, 0.286705818914, 0.751678459123, 0.800180441831, 0.163646521103, 0.0725311095907, 0.59577001487, 0.702414737679, 0.0955887503547, 0.0844986349745, 0.11254793894, 0.174533034202, 0.334719700972, 0.231832873173, 0.194432980633, 0.900958292113, 0.0145224135451, 0.104510290179, 0.629313706521, 1.80597142997
3.33225998673e-05, 0.489615497134, 0.978804730405, 0.812315411227, 0.637617019533, 0.332206450436, 0.833082872757, 0.015707768662, 0.445739026068, 0.196634902219, 0.0712253208718, 0.0759415988553, 0.770608635459, 0.637422575355, 0.8272842908, 0.266512391794, 0.027658444201, 0.744037402816, 0.231132725895, 0.553742666849, 0.803457475132, 0.106539430429, 0.277530974293, 0.300690898661, 0.044013450796, 0.704543608149, 0.950707746032, 0.380124362369, 0.0768932080357, 0.00418561692324, 3.33225998673e-05, 4.89630613085
0.241323719958, 0.446921036718, 0.172435905897, 0.190479886286, 0.153225412887, 0.130702326583, 0.265447822694, 0.505623947191, 0.18569366663, 0.973381377522, 0.894023137732, 0.432641451416, 0.295837649357, 0.356966271391, 0.965601758951, 0.00714166978734, 0.554514831247, 0.341182880177, 0.0430311188203, 0.136412545474, 0.337983169726, 0.0844986349745, 0.0653320540324, 0.0603389902346, 0.181931807954, 0.29802137517, 0.286909966518, 0.245366939419, 0.0307121247295, 0.334433251275, 0.241323719958, 2.5976481324
0.837536405695, 0.0412462389053, 0.567270753183, 0.276974510028, 0.103797296716, 0.398625623738, 0.00387554521714, 0.0982083604408, 0.787158673296, 0.296389339827, 0.35146013812, 0.00256235713476, 0.302163039653, 0.332483108528, 0.202300171066, 0.112222594941, 0.692223777509, 0.0343837260194, 0.286589491296, 0.267163268694, 0.295786652706, 0.686147697101, 0.168951933089, 0.521435618516, 0.0263558702828, 0.163496734361, 0.434516048823, 0.688288928478, 0.518274060402, 0.580887041666, 0.837536405695, 1.29394229419
0.212086189017, 0.349054052767, 0.11032830579, 0.76308753564, 0.0812038303357, 0.168455131923, 0.193507503392, 0.759844558722, 0.114738422904, 0.502976740919, 0.211901010338, 0.445556399138, 0.616666702804, 0.450559468509, 0.751678459123, 0.158474707499, 0.045627625282, 0.425136197518, 0.108233678063, 0.0908776059814, 0.149399091542, 0.0749318977209, 0.526894059655, 0.339130831725, 0.0433988239193, 0.0656835289314, 0.256156909435, 0.370220789588, 0.644565996938, 0.53642507171, 0.212086189017, 2.91473778638
0.220421854395, 0.107150961098, 0.220976512044, 0.131376546133, 0.51501332315, 0.096874030037, 0.833082872757, 0.505623947191, 0.445739026068, 0.0376187462046, 0.0972136708354, 0.153086558626, 0.0700946874445, 0.286705818914, 0.384585705514, 0.318159711487, 0.163646521103, 0.341182880177, 0.59577001487, 0.702414737679, 0.0955887503547, 0.0844986349745, 0.11254793894, 0.174533034202, 0.334719700972, 0.991879628978, 0.210364873746, 0.426619336229, 0.0145224135451, 0.221255836319, 0.220421854395, 2.6576053438
0.404217459921, 0.107150961098, 0.220976512044, 0.131376546133, 0.103797296716, 0.163096074145, 0.0355843777882, 0.505623947191, 0.445739026068, 0.0376187462046, 0.0972136708354, 0.153086558626, 0.159561132612, 0.286705818914, 0.384585705514, 0.336734252059, 0.163646521103, 0.341182880177, 0.59577001487, 0.702414737679, 0.0188575560027, 0.0844986349745, 0.960116235614, 0.174533034202, 0.334719700972, 0.530310657589, 0.210364873746, 0.598650875592, 0.0145224135451, 0.104510290179, 0.404217459921, 2.24361351563
0.65551754901, 0.141761955835, 0.177780879736, 0.190479886286, 0.153399107192, 0.185095408288, 0.129967239693, 0.0881398127362, 0.18569366663, 0.973381377522, 0.01996857279, 0.153086558626, 0.295837649357, 0.356966271391, 0.987602315355, 0.336734252059, 0.261113373544, 0.494349631393, 0.397427479992, 0.769254995322, 0.68674804153, 0.0844986349745, 0.0653320540324, 0.0603389902346, 0.21365325724, 0.270080609549, 0.286909966518, 0.155006598918, 0.0307121247295, 0.334433251275, 0.65551754901, 1.44449794937
0.00128876423154, 0.278535102001, 0.80457717809, 0.523964012848, 0.153399107192, 0.185095408288, 0.129967239693, 0.397145886977, 0.886557820779, 0.966874745179, 0.779779788398, 0.200420126209, 0.295837649357, 0.356966271391, 0.284373470092, 0.336734252059, 0.554514831247, 0.341182880177, 0.59577001487, 0.769254995322, 0.337983169726, 0.0391016185074, 0.0653320540324, 0.0603389902346, 0.334719700972, 0.270080609549, 0.286909966518, 0.155006598918, 0.831681642694, 0.334433251275, 0.00128876423154, 4.50957715791
7.06362884118e-06, 0.489615497134, 0.104752651786, 0.812315411227, 0.313549194241, 0.503477214717, 0.833082872757, 0.582653538602, 0.827539127873, 0.196634902219, 0.0712253208718, 0.141368480248, 0.989332982067, 0.746029529322, 0.162210292266, 0.266512391794, 0.910403509735, 0.390190155096, 0.00217652956949, 0.938976862511, 0.279708950564, 0.106539430429, 0.660631656305, 0.339130831725, 0.646064991807, 0.085987289985, 0.832494756796, 0.641896311895, 0.809989588726, 0.0166200980913, 7.06362884118e-06, 5.24597786678
0.050424940499, 0.564000565081, 0.0713380397253, 0.0465781145619, 0.0550255464331, 0.646804071713, 0.252687275645, 0.190659690063, 0.223979993497, 0.019062657043, 0.193446980579, 0.116575325082, 0.173306358913, 0.368901590102, 0.758913484561, 0.00289930705915, 0.598352403884, 0.22852680172, 0.14164838358, 0.676695429497, 0.469868267699, 0.44484441126, 0.0605533661081, 0.772893385929, 0.185603819813, 0.0347537151977, 0.603860760316, 0.981631251058, 0.00544946218983, 0.173589026205, 0.050424940499, 3.32360715579
0.00216473619363, 0.44778033181, 0.577915216159, 0.680998456036, 0.0046085175785, 0.130702326583, 0.736599260169, 0.810186570367, 0.131214970173, 0.384629704285, 0.524173141245, 0.932160347871, 0.511183800474, 0.271862371701, 0.0508510877178, 0.336734252059, 0.442376397946, 0.486318676994, 0.0803075881833, 0.128338581724, 0.573826709566, 0.19486154994, 0.085547129647, 0.349586542976, 0.30563386288, 0.141311398398, 0.306975109012, 0.143005566741, 0.0425548190049, 0.695073988426, 0.00216473619363, 4.16470464293
0.63104184935, 0.0641890016595, 0.970239431522, 0.35245154195, 0.17649650973, 0.701872636911, 0.205829198779, 0.487288465736, 0.542487684746, 0.000149946975822, 0.128956933233, 0.875488524981, 0.303054375342, 0.0844815407589, 0.624122940043, 0.798232740662, 0.0226199670206, 0.159130339121, 0.0803075881833, 0.0379434121137, 0.279025390972, 0.0244253737145, 0.621456881806, 0.119955128896, 0.734863206039, 0.314217253719, 0.00532947710507, 0.0415001189249, 0.790218063812, 0.273184471729, 0.63104184935, 1.92689254088
0.629313706521, 0.0641890016595, 0.65342397769, 0.455812038506, 0.674790154754, 0.701872636911, 0.0408291074305, 0.123512056166, 0.542487684746, 0.962526004453, 0.35146013812, 0.446681298797, 0.0923479485624, 0.00928974742262, 0.957664880041, 0.221584525915, 0.99649775605, 0.0842536731545, 0.103733011173, 0.157415267159, 0.0100375195203, 0.22250471931, 0.11254793894, 0.174533034202, 0.305623608573, 0.930136752024, 0.322860666877, 0.328297034687, 0.518274060402, 0.00439699785912, 0.629313706521, 2.13796445901
0.63104184935, 0.0641890016595, 0.970239431522, 0.35245154195, 0.17649650973, 0.701872636911, 0.205829198779, 0.487288465736, 0.542487684746, 0.000149946975822, 0.128956933233, 0.875488524981, 0.303054375342, 0.0844815407589, 0.624122940043, 0.798232740662, 0.0226199670206, 0.159130339121, 0.0803075881833, 0.0379434121137, 0.279025390972, 0.0244253737145, 0.621456881806, 0.119955128896, 0.734863206039, 0.314217253719, 0.00532947710507, 0.0415001189249, 0.790218063812, 0.273184471729, 0.63104184935, 1.92689254088
0.629313706521, 0.0641890016595, 0.65342397769, 0.455812038506, 0.674790154754, 0.701872636911, 0.0408291074305, 0.123512056166, 0.542487684746, 0.962526004453, 0.35146013812, 0.446681298797, 0.0923479485624, 0.00928974742262, 0.957664880041, 0.221584525915, 0.99649775605, 0.0842536731545, 0.103733011173, 0.157415267159, 0.0100375195203, 0.22250471931, 0.11254793894, 0.174533034202, 0.305623608573, 0.930136752024, 0.322860666877, 0.328297034687, 0.518274060402, 0.00439699785912, 0.629313706521, 2.13796445901
0.629313706521, 0.729555740813, 0.794643580575, 0.455812038506, 0.674790154754, 0.343195506954, 0.168862331626, 0.123512056166, 0.542487684746, 0.962526004453, 0.397913609184, 0.446681298797, 0.0832915382994, 0.00928974742262, 0.971564554686, 0.221584525915, 0.942424040797, 0.0842536731545, 0.103733011173, 0.157415267159, 0.0100375195203, 0.22250471931, 0.11254793894, 0.174533034202, 0.305623608573, 0.930136752024, 0.322860666877, 0.328297034687, 0.271672650883, 0.00439699785912, 0.629313706521, 2.2199951133
0.63104184935, 0.729555740813, 0.970239431522, 0.35245154195, 0.145540740914, 0.343195506954, 0.205829198779, 0.387652015527, 0.789143900311, 0.000149946975822, 0.128956933233, 0.875488524981, 0.594571031007, 0.0844815407589, 0.624122940043, 0.798232740662, 0.0226199670206, 0.159130339121, 0.0803075881833, 0.0379434121137, 0.279025390972, 0.0244253737145, 0.621456881806, 0.0326741705166, 0.734863206039, 0.314217253719, 0.00532947710507, 0.0415001189249, 0.790218063812, 0.273184471729, 0.63104184935, 2.08351023401
0.629313706521, 0.729555740813, 0.794643580575, 0.455812038506, 0.674790154754, 0.343195506954, 0.168862331626, 0.123512056166, 0.542487684746, 0.962526004453, 0.397913609184, 0.446681298797, 0.0832915382994, 0.00928974742262, 0.971564554686, 0.221584525915, 0.942424040797, 0.0842536731545, 0.103733011173, 0.157415267159, 0.0100375195203, 0.22250471931, 0.11254793894, 0.174533034202, 0.305623608573, 0.930136752024, 0.322860666877, 0.328297034687, 0.271672650883, 0.00439699785912, 0.629313706521, 2.2199951133
0.63104184935, 0.729555740813, 0.970239431522, 0.35245154195, 0.145540740914, 0.343195506954, 0.205829198779, 0.387652015527, 0.789143900311, 0.000149946975822, 0.128956933233, 0.875488524981, 0.594571031007, 0.0844815407589, 0.624122940043, 0.798232740662, 0.0226199670206, 0.159130339121, 0.0803075881833, 0.0379434121137, 0.279025390972, 0.0244253737145, 0.621456881806, 0.0326741705166, 0.734863206039, 0.314217253719, 0.00532947710507, 0.0415001189249, 0.790218063812, 0.273184471729, 0.63104184935, 2.08351023401
0.837536405695, 0.0412462389053, 0.392208294799, 0.621573801463, 0.103797296716, 0.398625623738, 0.0418470586771, 0.0982083604408, 0.787158673296, 0.296389339827, 0.35146013812, 0.00199469093142, 0.302163039653, 0.85150607028, 0.202300171066, 0.112222594941, 0.500589757091, 0.0343837260194, 0.286589491296, 0.267163268694, 0.295786652706, 0.686147697101, 0.168951933089, 0.521435618516, 0.0263558702828, 0.163496734361, 0.434516048823, 0.688288928478, 0.518274060402, 0.580887041666, 0.837536405695, 1.42159167585
0.837536405695, 0.0412462389053, 0.392208294799, 0.621573801463, 0.103797296716, 0.398625623738, 0.0418470586771, 0.0982083604408, 0.787158673296, 0.296389339827, 0.35146013812, 0.00199469093142, 0.302163039653, 0.85150607028, 0.202300171066, 0.112222594941, 0.500589757091, 0.0343837260194, 0.286589491296, 0.267163268694, 0.295786652706, 0.686147697101, 0.168951933089, 0.521435618516, 0.0263558702828, 0.163496734361, 0.434516048823, 0.688288928478, 0.518274060402, 0.580887041666, 0.837536405695, 1.42159167585
0.640567952937, 0.107150961098, 0.245210359398, 0.117062565932, 0.566179447459, 0.185095408288, 0.3952896407, 0.505623947191, 0.18569366663, 0.966874745179, 0.626226778855, 0.153086558626, 0.511183800474, 0.0888219569026, 0.217662244568, 0.375196078588, 0.554514831247, 0.341182880177, 0.000814963376255, 0.929776909418, 0.0955887503547, 0.0844986349745, 0.0653320540324, 0.0603389902346, 0.334719700972, 0.085987289985, 0.210364873746, 0.155006598918, 0.831681642694, 0.200103866648, 0.640567952937, 1.6701354822
0.640567952937, 0.107150961098, 0.245210359398, 0.117062565932, 0.566179447459, 0.185095408288, 0.3952896407, 0.505623947191, 0.18569366663, 0.966874745179, 0.626226778855, 0.153086558626, 0.511183800474, 0.0888219569026, 0.217662244568, 0.375196078588, 0.554514831247, 0.341182880177, 0.000814963376255, 0.929776909418, 0.0955887503547, 0.0844986349745, 0.0653320540324, 0.0603389902346, 0.334719700972, 0.085987289985, 0.210364873746, 0.155006598918, 0.831681642694, 0.200103866648, 0.640567952937, 1.6701354822
1.4262557307e-05, 0.381927546021, 0.267237687487, 0.812315411227, 0.637617019533, 0.503477214717, 0.65306678474, 0.0732111699086, 0.906133738911, 0.853387918883, 0.35146013812, 0.100972364067, 0.558692667442, 0.637422575355, 0.162210292266, 0.266512391794, 0.68540535148, 0.93994548794, 0.149280187445, 0.938976862511, 0.803457475132, 0.106539430429, 0.660631656305, 0.339130831725, 0.0433988239193, 0.328599694666, 0.821054685664, 0.900318529979, 0.809989588726, 0.580887041666, 1.4262557307e-05, 5.73092938626
3.0005667948e-05, 0.729555740813, 0.760368134403, 0.682732453134, 0.637617019533, 0.260412633987, 0.833082872757, 0.413491333098, 0.396368977732, 0.0219659374076, 0.456798075685, 0.141368480248, 0.803132408782, 0.637422575355, 0.0294551079153, 0.266512391794, 0.272792990508, 0.947622621572, 0.149280187445, 0.938976862511, 0.803457475132, 0.0394795611448, 0.847403539252, 0.85162862972, 0.0433988239193, 0.355160773261, 0.821054685664, 0.817723684322, 0.809989588726, 0.104812887018, 3.0005667948e-05, 5.60279826014
0.852544120008, 0.489615497134, 0.267237687487, 0.381745420708, 0.881436574904, 0.349139914752, 0.309821179898, 0.17797761835, 0.276169243353, 0.320357672598, 0.348859625542, 0.242407204523, 0.814782219864, 0.183376251577, 0.0751265610921, 0.205034749645, 0.132915123002, 0.606752264455, 0.150846465884, 0.268284293143, 0.778571722811, 0.466040988895, 0.11254793894, 0.300690898661, 0.198816376228, 0.265414270625, 0.00532947710507, 0.0602711450876, 0.967721891851, 0.269183578958, 0.852544120008, 1.36083401108
0.826241102943, 0.00769623939327, 0.234431766975, 0.367873933132, 0.985113379699, 0.0086639257401, 0.995893773575, 0.981929351091, 0.103411520975, 0.00102152134079, 0.01996857279, 0.0501821998405, 0.988896888898, 0.2164356754, 0.580224483901, 0.00714166978734, 0.14981388205, 0.611450652416, 0.0262196355805, 0.112194704022, 0.371901624468, 0.128974521305, 0.46156626672, 0.576363667992, 0.425590792694, 0.66582506847, 0.104479384833, 0.111102336776, 0.00965406770653, 0.196712609216, 0.826241102943, 1.53571709226
1.4262557307e-05, 0.381927546021, 0.267237687487, 0.812315411227, 0.637617019533, 0.503477214717, 0.65306678474, 0.0732111699086, 0.906133738911, 0.853387918883, 0.35146013812, 0.100972364067, 0.558692667442, 0.637422575355, 0.162210292266, 0.266512391794, 0.68540535148, 0.93994548794, 0.149280187445, 0.938976862511, 0.803457475132, 0.106539430429, 0.660631656305, 0.339130831725, 0.0433988239193, 0.328599694666, 0.821054685664, 0.900318529979, 0.809989588726, 0.580887041666, 1.4262557307e-05, 5.73092938626
3.0005667948e-05, 0.729555740813, 0.760368134403, 0.682732453134, 0.637617019533, 0.260412633987, 0.833082872757, 0.413491333098, 0.396368977732, 0.0219659374076, 0.456798075685, 0.141368480248, 0.803132408782, 0.637422575355, 0.0294551079153, 0.266512391794, 0.272792990508, 0.947622621572, 0.149280187445, 0.938976862511, 0.803457475132, 0.0394795611448, 0.847403539252, 0.85162862972, 0.0433988239193, 0.355160773261, 0.821054685664, 0.817723684322, 0.809989588726, 0.104812887018, 3.0005667948e-05, 5.60279826014
0.852544120008, 0.489615497134, 0.267237687487, 0.381745420708, 0.881436574904, 0.349139914752, 0.309821179898, 0.17797761835, 0.276169243353, 0.320357672598, 0.348859625542, 0.242407204523, 0.814782219864, 0.183376251577, 0.0751265610921, 0.205034749645, 0.132915123002, 0.606752264455, 0.150846465884, 0.268284293143, 0.778571722811, 0.466040988895, 0.11254793894, 0.300690898661, 0.198816376228, 0.265414270625, 0.00532947710507, 0.0602711450876, 0.967721891851, 0.269183578958, 0.852544120008, 1.36083401108
0.826241102943, 0.00769623939327, 0.234431766975, 0.367873933132, 0.985113379699, 0.0086639257401, 0.995893773575, 0.981929351091, 0.103411520975, 0.00102152134079, 0.01996857279, 0.0501821998405, 0.988896888898, 0.2164356754, 0.580224483901, 0.00714166978734, 0.14981388205, 0.611450652416, 0.0262196355805, 0.112194704022, 0.371901624468, 0.128974521305, 0.46156626672, 0.576363667992, 0.425590792694, 0.66582506847, 0.104479384833, 0.111102336776, 0.00965406770653, 0.196712609216, 0.826241102943, 1.53571709226
0.212086189017, 0.349054052767, 0.11032830579, 0.76308753564, 0.364646659877, 0.168455131923, 0.74012745972, 0.759844558722, 0.114738422904, 0.629545612837, 0.211901010338, 0.445556399138, 0.616666702804, 0.450559468509, 0.384585705514, 0.382996536301, 0.045627625282, 0.278107902675, 0.108233678063, 0.0908776059814, 0.149399091542, 0.0749318977209, 0.526894059655, 0.0392772412966, 0.531516723608, 0.0656835289314, 0.256156909435, 0.370220789588, 0.644565996938, 0.53642507171, 0.212086189017, 3.14974654416
3.33225998673e-05, 0.489615497134, 0.104752651786, 0.812315411227, 0.313549194241, 0.503477214717, 0.833082872757, 0.582653538602, 0.445739026068, 0.648935584693, 0.0712253208718, 0.141368480248, 0.68339732055, 0.746029529322, 0.162210292266, 0.266512391794, 0.910403509735, 0.390190155096, 0.000357942753963, 0.938976862511, 0.114120009851, 0.106539430429, 0.598294432387, 0.339130831725, 0.0314424470285, 0.085987289985, 0.821054685664, 0.641896311895, 0.809989588726, 0.0166200980913, 3.33225998673e-05, 4.90061164639
0.404217459921, 0.107150961098, 0.220976512044, 0.111061408358, 0.51501332315, 0.0726669145433, 0.532708317007, 0.505623947191, 0.445739026068, 0.0376187462046, 0.0954151758346, 0.153086558626, 0.159561132612, 0.286705818914, 0.384585705514, 0.800180441831, 0.163646521103, 0.341182880177, 0.59577001487, 0.702414737679, 0.0955887503547, 0.0844986349745, 0.611395075063, 0.125861464401, 0.147469557632, 0.570444130114, 0.210364873746, 0.426619336229, 0.0121515556501, 0.104510290179, 0.404217459921, 2.402935931
0.00128876423154, 0.221489242126, 0.80457717809, 0.190479886286, 0.153399107192, 0.152569247813, 0.800727955423, 0.397145886977, 0.886557820779, 0.966874745179, 0.551793886356, 0.200420126209, 0.295837649357, 0.356966271391, 0.957664880041, 0.336734252059, 0.554514831247, 0.611450652416, 0.0342041263684, 0.0210150917201, 0.653745756258, 0.0866767634661, 0.0653320540324, 0.0603389902346, 0.425590792694, 0.270080609549, 0.286909966518, 0.169915562897, 0.831681642694, 0.334433251275, 0.00128876423154, 4.54730406986
0.442004725537, 0.047875481384, 0.930945545346, 0.177350734568, 0.130612941982, 0.398625623738, 0.0418470586771, 0.33578518033, 0.444103752677, 0.721819574577, 0.845230559397, 0.224358669197, 0.10954398167, 0.51537770167, 0.57194695409, 0.00215515842641, 0.500589757091, 0.29982140444, 0.286589491296, 0.553742666849, 0.0188575560027, 0.0844986349745, 0.277530974293, 0.521435618516, 0.0394954282243, 0.317841481822, 0.200866215696, 0.688288928478, 0.0385807192474, 0.835863704012, 0.442004725537, 2.37050267698
0.212086189017, 0.349054052767, 0.11032830579, 0.76308753564, 0.364646659877, 0.168455131923, 0.74012745972, 0.759844558722, 0.114738422904, 0.629545612837, 0.211901010338, 0.445556399138, 0.616666702804, 0.450559468509, 0.384585705514, 0.382996536301, 0.045627625282, 0.278107902675, 0.108233678063, 0.0908776059814, 0.149399091542, 0.0749318977209, 0.526894059655, 0.0392772412966, 0.531516723608, 0.0656835289314, 0.256156909435, 0.370220789588, 0.644565996938, 0.53642507171, 0.212086189017, 3.14974654416
3.33225998673e-05, 0.489615497134, 0.104752651786, 0.812315411227, 0.313549194241, 0.503477214717, 0.833082872757, 0.582653538602, 0.445739026068, 0.648935584693, 0.0712253208718, 0.141368480248, 0.68339732055, 0.746029529322, 0.162210292266, 0.266512391794, 0.910403509735, 0.390190155096, 0.000357942753963, 0.938976862511, 0.114120009851, 0.106539430429, 0.598294432387, 0.339130831725, 0.0314424470285, 0.085987289985, 0.821054685664, 0.641896311895, 0.809989588726, 0.0166200980913, 3.33225998673e-05, 4.90061164639
0.404217459921, 0.107150961098, 0.220976512044, 0.111061408358, 0.51501332315, 0.0726669145433, 0.532708317007, 0.505623947191, 0.445739026068, 0.0376187462046, 0.0954151758346, 0.153086558626, 0.159561132612, 0.286705818914, 0.384585705514, 0.800180441831, 0.163646521103, 0.341182880177, 0.59577001487, 0.702414737679, 0.0955887503547, 0.0844986349745, 0.611395075063, 0.125861464401, 0.147469557632, 0.570444130114, 0.210364873746, 0.426619336229, 0.0121515556501, 0.104510290179, 0.404217459921, 2.402935931
0.00128876423154, 0.221489242126, 0.80457717809, 0.190479886286, 0.153399107192, 0.152569247813, 0.800727955423, 0.397145886977, 0.886557820779, 0.966874745179, 0.551793886356, 0.200420126209, 0.295837649357, 0.356966271391, 0.957664880041, 0.336734252059, 0.554514831247, 0.611450652416, 0.0342041263684, 0.0210150917201, 0.653745756258, 0.0866767634661, 0.0653320540324, 0.0603389902346, 0.425590792694, 0.270080609549, 0.286909966518, 0.169915562897, 0.831681642694, 0.334433251275, 0.00128876423154, 4.54730406986
0.442004725537, 0.047875481384, 0.930945545346, 0.177350734568, 0.130612941982, 0.398625623738, 0.0418470586771, 0.33578518033, 0.444103752677, 0.721819574577, 0.845230559397, 0.224358669197, 0.10954398167, 0.51537770167, 0.57194695409, 0.00215515842641, 0.500589757091, 0.29982140444, 0.286589491296, 0.553742666849, 0.0188575560027, 0.0844986349745, 0.277530974293, 0.521435618516, 0.0394954282243, 0.317841481822, 0.200866215696, 0.688288928478, 0.0385807192474, 0.835863704012, 0.442004725537, 2.37050267698
0.0141975761356, 0.44778033181, 0.0148347835612, 0.680998456036, 0.408470292032, 0.133118650552, 0.736599260169, 0.810186570367, 0.106669841923, 0.012988147263, 0.524173141245, 0.0399318999151, 0.295837649357, 0.318686033981, 0.0508510877178, 0.336734252059, 0.442376397946, 0.682257632972, 0.866429018286, 0.128338581724, 0.573826709566, 0.323430361539, 0.0346916173613, 0.767782281968, 0.30563386288, 0.141311398398, 0.322860666877, 0.143005566741, 0.0425548190049, 0.696749654948, 0.0141975761356, 3.97318672264
8.78408403252e-05, 0.489615497134, 0.947320131228, 0.249616529798, 0.29717196302, 0.242417092239, 0.286262704719, 0.968761818607, 0.164690040305, 0.0219659374076, 0.226304793093, 0.546510452454, 0.0276640475568, 0.00928974742262, 0.374619508752, 0.179504270148, 0.132915123002, 0.486318676994, 0.0342041263684, 0.0979052012601, 0.122337547294, 0.52649468375, 0.946198959653, 0.174533034202, 0.0885408546288, 0.921471228131, 0.991417406533, 0.437253694547, 0.967721891851, 0.987500899605, 8.78408403252e-05, 4.68720783006
0.640567952937, 0.107150961098, 0.245210359398, 0.117062565932, 0.566179447459, 0.185095408288, 0.3952896407, 0.505623947191, 0.18569366663, 0.966874745179, 0.626226778855, 0.153086558626, 0.511183800474, 0.0888219569026, 0.217662244568, 0.375196078588, 0.554514831247, 0.341182880177, 0.000814963376255, 0.929776909418, 0.0955887503547, 0.0844986349745, 0.249543647514, 0.0603389902346, 0.334719700972, 0.085987289985, 0.210364873746, 0.155006598918, 0.831681642694, 0.200103866648, 0.640567952937, 1.71569396895
0.0204054657707, 0.44778033181, 0.0148347835612, 0.680998456036, 0.153399107192, 0.130702326583, 0.736599260169, 0.810186570367, 0.131214970173, 0.012988147263, 0.524173141245, 0.534253650201, 0.511183800474, 0.271862371701, 0.0508510877178, 0.336734252059, 0.442376397946, 0.486318676994, 0.0803075881833, 0.128338581724, 0.573826709566, 0.19486154994, 0.092547202699, 0.349586542976, 0.30563386288, 0.141311398398, 0.306975109012, 0.143005566741, 0.0425548190049, 0.695073988426, 0.0204054657707, 3.60151812052
0.0141975761356, 0.44778033181, 0.0148347835612, 0.680998456036, 0.408470292032, 0.133118650552, 0.736599260169, 0.810186570367, 0.106669841923, 0.012988147263, 0.524173141245, 0.0399318999151, 0.295837649357, 0.318686033981, 0.0508510877178, 0.336734252059, 0.442376397946, 0.682257632972, 0.866429018286, 0.128338581724, 0.573826709566, 0.323430361539, 0.0346916173613, 0.767782281968, 0.30563386288, 0.141311398398, 0.322860666877, 0.143005566741, 0.0425548190049, 0.696749654948, 0.0141975761356, 3.97318672264
8.78408403252e-05, 0.489615497134, 0.947320131228, 0.249616529798, 0.29717196302, 0.242417092239, 0.286262704719, 0.968761818607, 0.164690040305, 0.0219659374076, 0.226304793093, 0.546510452454, 0.0276640475568, 0.00928974742262, 0.374619508752, 0.179504270148, 0.132915123002, 0.486318676994, 0.0342041263684, 0.0979052012601, 0.122337547294, 0.52649468375, 0.946198959653, 0.174533034202, 0.0885408546288, 0.921471228131, 0.991417406533, 0.437253694547, 0.967721891851, 0.987500899605, 8.78408403252e-05, 4.68720783006
0.640567952937, 0.107150961098, 0.245210359398, 0.117062565932, 0.566179447459, 0.185095408288, 0.3952896407, 0.505623947191, 0.18569366663, 0.966874745179, 0.626226778855, 0.153086558626, 0.511183800474, 0.0888219569026, 0.217662244568, 0.375196078588, 0.554514831247, 0.341182880177, 0.000814963376255, 0.929776909418, 0.0955887503547, 0.0844986349745, 0.249543647514, 0.0603389902346, 0.334719700972, 0.085987289985, 0.210364873746, 0.155006598918, 0.831681642694, 0.200103866648, 0.640567952937, 1.71569396895
0.0204054657707, 0.44778033181, 0.0148347835612, 0.680998456036, 0.153399107192, 0.130702326583, 0.736599260169, 0.810186570367, 0.131214970173, 0.012988147263, 0.524173141245, 0.534253650201, 0.511183800474, 0.271862371701, 0.0508510877178, 0.336734252059, 0.442376397946, 0.486318676994, 0.0803075881833, 0.128338581724, 0.573826709566, 0.19486154994, 0.092547202699, 0.349586542976, 0.30563386288, 0.141311398398, 0.306975109012, 0.143005566741, 0.0425548190049, 0.695073988426, 0.0204054657707, 3.60151812052
1.4262557307e-05, 0.381927546021, 0.978804730405, 0.812315411227, 0.637617019533, 0.676986872374, 0.924066168488, 0.0732111699086, 0.445739026068, 0.687074607946, 0.848371769708, 0.0337973970776, 0.484716544054, 0.637422575355, 0.162210292266, 0.266512391794, 0.68540535148, 0.947622621572, 0.149280187445, 0.938976862511, 0.803457475132, 0.106539430429, 0.660631656305, 0.339130831725, 0.265466190372, 0.328599694666, 0.821054685664, 0.900318529979, 0.525454511631, 0.0289655730512, 1.4262557307e-05, 5.81726667779
0.826241102943, 0.00769623939327, 0.234431766975, 0.509538422809, 0.985113379699, 0.0086639257401, 0.995893773575, 0.981929351091, 0.103411520975, 0.00102152134079, 0.01996857279, 0.0501821998405, 0.988896888898, 0.2164356754, 0.580224483901, 0.00491424632325, 0.14981388205, 0.425136197518, 0.0262196355805, 0.112194704022, 0.371901624468, 0.0654915019258, 0.827572973429, 0.576363667992, 0.425590792694, 0.66582506847, 0.104479384833, 0.111102336776, 0.00965406770653, 0.196712609216, 0.826241102943, 1.59699942176
1.4262557307e-05, 0.381927546021, 0.978804730405, 0.812315411227, 0.637617019533, 0.676986872374, 0.924066168488, 0.0732111699086, 0.445739026068, 0.687074607946, 0.848371769708, 0.0337973970776, 0.484716544054, 0.637422575355, 0.162210292266, 0.266512391794, 0.68540535148, 0.947622621572, 0.149280187445, 0.938976862511, 0.803457475132, 0.106539430429, 0.660631656305, 0.339130831725, 0.265466190372, 0.328599694666, 0.821054685664, 0.900318529979, 0.525454511631, 0.0289655730512, 1.4262557307e-05, 5.81726667779
0.826241102943, 0.00769623939327, 0.234431766975, 0.509538422809, 0.985113379699, 0.0086639257401, 0.995893773575, 0.981929351091, 0.103411520975, 0.00102152134079, 0.01996857279, 0.0501821998405, 0.988896888898, 0.2164356754, 0.580224483901, 0.00491424632325, 0.14981388205, 0.425136197518, 0.0262196355805, 0.112194704022, 0.371901624468, 0.0654915019258, 0.827572973429, 0.576363667992, 0.425590792694, 0.66582506847, 0.104479384833, 0.111102336776, 0.00965406770653, 0.196712609216, 0.826241102943, 1.59699942176
0.640567952937, 0.107150961098, 0.245210359398, 0.190479886286, 0.408470292032, 0.124535538686, 0.97070870671, 0.505623947191, 0.18569366663, 0.966874745179, 0.191868423088, 0.153086558626, 0.295837649357, 0.356966271391, 0.217662244568, 0.375196078588, 0.554514831247, 0.630139532287, 0.000814963376255, 0.929776909418, 0.073778271507, 0.0844986349745, 0.0653320540324, 0.276112532902, 0.334719700972, 0.085987289985, 0.210364873746, 0.155006598918, 0.831681642694, 0.200103866648, 0.640567952937, 1.80191849973
0.640567952937, 0.107150961098, 0.245210359398, 0.190479886286, 0.408470292032, 0.124535538686, 0.97070870671, 0.505623947191, 0.18569366663, 0.966874745179, 0.191868423088, 0.153086558626, 0.295837649357, 0.356966271391, 0.217662244568, 0.375196078588, 0.554514831247, 0.630139532287, 0.000814963376255, 0.929776909418, 0.073778271507, 0.0844986349745, 0.0653320540324, 0.276112532902, 0.334719700972, 0.085987289985, 0.210364873746, 0.155006598918, 0.831681642694, 0.200103866648, 0.640567952937, 1.80191849973
0.65551754901, 0.446921036718, 0.177780879736, 0.190479886286, 0.0791524654004, 0.185095408288, 0.683777339626, 0.0881398127362, 0.18569366663, 0.973381377522, 0.01996857279, 0.137266265675, 0.295837649357, 0.356966271391, 0.957664880041, 0.336734252059, 0.261113373544, 0.494349631393, 0.397427479992, 0.769254995322, 0.68674804153, 0.0844986349745, 0.0653320540324, 0.0603389902346, 0.21365325724, 0.270080609549, 0.286909966518, 0.155006598918, 0.0307121247295, 0.334433251275, 0.65551754901, 1.62587273385
0.65551754901, 0.446921036718, 0.177780879736, 0.190479886286, 0.0791524654004, 0.185095408288, 0.683777339626, 0.0881398127362, 0.18569366663, 0.973381377522, 0.01996857279, 0.137266265675, 0.295837649357, 0.356966271391, 0.957664880041, 0.336734252059, 0.261113373544, 0.494349631393, 0.397427479992, 0.769254995322, 0.68674804153, 0.0844986349745, 0.0653320540324, 0.0603389902346, 0.21365325724, 0.270080609549, 0.286909966518, 0.155006598918, 0.0307121247295, 0.334433251275, 0.65551754901, 1.62587273385
0.212086189017, 0.73106736051, 0.0536509973198, 0.812315411227, 0.13442639642, 0.116725759858, 0.193507503392, 0.0388798378451, 0.234662326077, 0.629545612837, 0.436255758718, 0.38867989013, 0.570682408926, 0.364165591333, 0.19746640602, 0.158474707499, 0.539089010325, 0.425136197518, 0.108233678063, 0.619701714051, 0.0711313002335, 0.0654915019258, 0.670563881352, 0.191885654317, 0.872174229451, 0.0656835289314, 0.322860666877, 0.00212207153354, 0.952745018779, 0.53642507171, 0.212086189017, 3.23068118154
0.212086189017, 0.73106736051, 0.0536509973198, 0.812315411227, 0.13442639642, 0.116725759858, 0.193507503392, 0.0388798378451, 0.234662326077, 0.629545612837, 0.436255758718, 0.38867989013, 0.570682408926, 0.364165591333, 0.19746640602, 0.158474707499, 0.539089010325, 0.425136197518, 0.108233678063, 0.619701714051, 0.0711313002335, 0.0654915019258, 0.670563881352, 0.191885654317, 0.872174229451, 0.0656835289314, 0.322860666877, 0.00212207153354, 0.952745018779, 0.53642507171, 0.212086189017, 3.23068118154
0.404217459921, 0.107150961098, 0.220976512044, 0.0787658114764, 0.51501332315, 0.163096074145, 0.0355843777882, 0.505623947191, 0.445739026068, 0.0376187462046, 0.0972136708354, 0.153086558626, 0.159561132612, 0.286705818914, 0.384585705514, 0.336734252059, 0.163646521103, 0.341182880177, 0.59577001487, 0.702414737679, 0.0263384778118, 0.0844986349745, 0.968196241858, 0.758057093262, 0.334719700972, 0.530310657589, 0.210364873746, 0.598650875592, 0.0145224135451, 0.104510290179, 0.404217459921, 2.49124296609
1.4262557307e-05, 0.381927546021, 0.267237687487, 0.812315411227, 0.637617019533, 0.503477214717, 0.833082872757, 0.0732111699086, 0.906133738911, 0.853387918883, 0.848371769708, 0.100972364067, 0.558692667442, 0.637422575355, 0.162210292266, 0.266512391794, 0.68540535148, 0.947622621572, 0.149280187445, 0.826339116372, 0.803457475132, 0.0760152624193, 0.660631656305, 0.339130831725, 0.0433988239193, 0.148250064579, 0.821054685664, 0.900318529979, 0.96476107094, 0.41860533248, 1.4262557307e-05, 5.84057598958
0.431536515348, 0.268331944176, 0.75238455657, 0.249616529798, 0.102745424324, 0.185095408288, 0.465402711612, 0.976643433515, 0.465553689431, 0.196634902219, 0.226304793093, 0.879830435559, 0.123408628353, 0.356966271391, 0.505245013353, 0.624545011553, 0.110399457353, 0.541819654833, 0.0342041263684, 0.0979052012601, 0.175600004999, 0.0609298372672, 0.889194284659, 0.248379191422, 0.202221111108, 0.79847434496, 0.671937256049, 0.0344290412391, 0.0284758551577, 0.000584541408799, 0.431536515348, 2.48291096803
0.404217459921, 0.107150961098, 0.220976512044, 0.0787658114764, 0.51501332315, 0.163096074145, 0.0355843777882, 0.505623947191, 0.445739026068, 0.0376187462046, 0.0972136708354, 0.153086558626, 0.159561132612, 0.286705818914, 0.384585705514, 0.336734252059, 0.163646521103, 0.341182880177, 0.59577001487, 0.702414737679, 0.0263384778118, 0.0844986349745, 0.968196241858, 0.758057093262, 0.334719700972, 0.530310657589, 0.210364873746, 0.598650875592, 0.0145224135451, 0.104510290179, 0.404217459921, 2.49124296609
1.4262557307e-05, 0.381927546021, 0.267237687487, 0.812315411227, 0.637617019533, 0.503477214717, 0.833082872757, 0.0732111699086, 0.906133738911, 0.853387918883, 0.848371769708, 0.100972364067, 0.558692667442, 0.637422575355, 0.162210292266, 0.266512391794, 0.68540535148, 0.947622621572, 0.149280187445, 0.826339116372, 0.803457475132, 0.0760152624193, 0.660631656305, 0.339130831725, 0.0433988239193, 0.148250064579, 0.821054685664, 0.900318529979, 0.96476107094, 0.41860533248, 1.4262557307e-05, 5.84057598958
0.431536515348, 0.268331944176, 0.75238455657, 0.249616529798, 0.102745424324, 0.185095408288, 0.465402711612, 0.976643433515, 0.465553689431, 0.196634902219, 0.226304793093, 0.879830435559, 0.123408628353, 0.356966271391, 0.505245013353, 0.624545011553, 0.110399457353, 0.541819654833, 0.0342041263684, 0.0979052012601, 0.175600004999, 0.0609298372672, 0.889194284659, 0.248379191422, 0.202221111108, 0.79847434496, 0.671937256049, 0.0344290412391, 0.0284758551577, 0.000584541408799, 0.431536515348, 2.48291096803
3.33225998673e-05, 0.489615497134, 0.978804730405, 0.812315411227, 0.637617019533, 0.534196180753, 0.532708317007, 0.015707768662, 0.445739026068, 0.372481581928, 0.0712253208718, 0.0759415988553, 0.770608635459, 0.637422575355, 0.162210292266, 0.266512391794, 0.027658444201, 0.744037402816, 0.231132725895, 0.938976862511, 0.803457475132, 0.106539430429, 0.761410187599, 0.300690898661, 0.044013450796, 0.704543608149, 0.821054685664, 0.380124362369, 0.0768932080357, 0.0166200980913, 3.33225998673e-05, 4.94722416777
0.837536405695, 0.278535102001, 0.947320131228, 0.621573801463, 0.0281195576935, 0.342096358408, 0.0418470586771, 0.0982083604408, 0.787158673296, 0.163798203229, 0.35146013812, 0.00256235713476, 0.302163039653, 0.332483108528, 0.284373470092, 0.112222594941, 0.500589757091, 0.29982140444, 0.286589491296, 0.267163268694, 0.0823504101339, 0.771394422671, 0.168951933089, 0.521435618516, 0.0263558702828, 0.163496734361, 0.434516048823, 0.688288928478, 0.518274060402, 0.580887041666, 0.837536405695, 1.4764119092
0.0204054657707, 0.570985113166, 0.0148347835612, 0.768354604027, 0.408470292032, 0.130702326583, 0.736599260169, 0.189150470649, 0.166346262973, 0.012988147263, 0.960633346879, 0.805675783952, 0.511183800474, 0.271862371701, 0.0508510877178, 0.375196078588, 0.0912001267778, 0.810595393813, 0.0803075881833, 0.426504775242, 0.573826709566, 0.323430361539, 0.0346916173613, 0.767782281968, 0.0844768870802, 0.141311398398, 0.190760240924, 0.143005566741, 0.208807477999, 0.539816233966, 0.0204054657707, 3.91878169542
0.0321347581773, 0.73106736051, 0.116140381128, 0.355692070758, 0.13442639642, 0.274138112769, 0.193507503392, 0.39982104085, 0.234662326077, 0.629545612837, 0.400385727103, 0.445556399138, 0.969680946375, 0.364165591333, 0.0508510877178, 0.196850312368, 0.045627625282, 0.810595393813, 0.108233678063, 0.455805581521, 0.0222007597514, 0.140842833202, 0.785980523112, 0.191885654317, 0.872174229451, 0.0425441816043, 0.322860666877, 0.167981377654, 0.644565996938, 0.53642507171, 0.0321347581773, 3.9043010564
3.33225998673e-05, 0.489615497134, 0.978804730405, 0.812315411227, 0.637617019533, 0.534196180753, 0.532708317007, 0.015707768662, 0.445739026068, 0.372481581928, 0.0712253208718, 0.0759415988553, 0.770608635459, 0.637422575355, 0.162210292266, 0.266512391794, 0.027658444201, 0.744037402816, 0.231132725895, 0.938976862511, 0.803457475132, 0.106539430429, 0.761410187599, 0.300690898661, 0.044013450796, 0.704543608149, 0.821054685664, 0.380124362369, 0.0768932080357, 0.0166200980913, 3.33225998673e-05, 4.94722416777
0.837536405695, 0.278535102001, 0.947320131228, 0.621573801463, 0.0281195576935, 0.342096358408, 0.0418470586771, 0.0982083604408, 0.787158673296, 0.163798203229, 0.35146013812, 0.00256235713476, 0.302163039653, 0.332483108528, 0.284373470092, 0.112222594941, 0.500589757091, 0.29982140444, 0.286589491296, 0.267163268694, 0.0823504101339, 0.771394422671, 0.168951933089, 0.521435618516, 0.0263558702828, 0.163496734361, 0.434516048823, 0.688288928478, 0.518274060402, 0.580887041666, 0.837536405695, 1.4764119092
0.0204054657707, 0.570985113166, 0.0148347835612, 0.768354604027, 0.408470292032, 0.130702326583, 0.736599260169, 0.189150470649, 0.166346262973, 0.012988147263, 0.960633346879, 0.805675783952, 0.511183800474, 0.271862371701, 0.0508510877178, 0.375196078588, 0.0912001267778, 0.810595393813, 0.0803075881833, 0.426504775242, 0.573826709566, 0.323430361539, 0.0346916173613, 0.767782281968, 0.0844768870802, 0.141311398398, 0.190760240924, 0.143005566741, 0.208807477999, 0.539816233966, 0.0204054657707, 3.91878169542
0.0321347581773, 0.73106736051, 0.116140381128, 0.355692070758, 0.13442639642, 0.274138112769, 0.193507503392, 0.39982104085, 0.234662326077, 0.629545612837, 0.400385727103, 0.445556399138, 0.969680946375, 0.364165591333, 0.0508510877178, 0.196850312368, 0.045627625282, 0.810595393813, 0.108233678063, 0.455805581521, 0.0222007597514, 0.140842833202, 0.785980523112, 0.191885654317, 0.872174229451, 0.0425441816043, 0.322860666877, 0.167981377654, 0.644565996938, 0.53642507171, 0.0321347581773, 3.9043010564
0.168837666442, 0.0342938447494, 0.0401403370243, 0.455812038506, 0.901859014216, 0.701872636911, 0.969001306122, 0.0911685013047, 0.542487684746, 0.0507064990344, 0.400385727103, 0.475455269619, 0.0604828921865, 0.379471479023, 0.957664880041, 0.11980576518, 0.522184623741, 0.22852680172, 0.690481133386, 0.95094082023, 0.180103843511, 0.44484441126, 0.168951933089, 0.0381601650906, 0.224262255377, 0.163496734361, 0.639452669501, 0.0372822207444, 0.108944367952, 0.0963570273599, 0.168837666442, 3.59960513378
0.050424940499, 0.564000565081, 0.0713380397253, 0.0465781145619, 0.0550255464331, 0.556475717749, 0.252687275645, 0.190659690063, 0.223979993497, 0.019062657043, 0.193446980579, 0.116575325082, 0.173306358913, 0.248409406536, 0.758913484561, 0.00289930705915, 0.598352403884, 0.604208765949, 0.14164838358, 0.676695429497, 0.469868267699, 0.986133521897, 0.11254793894, 0.772893385929, 0.185603819813, 0.0347537151977, 0.788804110504, 0.981631251058, 0.00544946218983, 0.173589026205, 0.050424940499, 3.59977089844
0.442004725537, 0.0310282319626, 0.930945545346, 0.177350734568, 0.103797296716, 0.398625623738, 0.0418470586771, 0.33578518033, 0.445739026068, 0.721819574577, 0.845230559397, 0.224358669197, 0.139163707342, 0.562326190036, 0.57194695409, 0.0054641073353, 0.643095438835, 0.29982140444, 0.286589491296, 0.553742666849, 0.0188575560027, 0.0844986349745, 0.277530974293, 0.521435618516, 0.0394954282243, 0.317841481822, 0.261477756872, 0.688288928478, 0.0385807192474, 0.835863704012, 0.442004725537, 2.43314231618
0.178379559605, 0.570985113166, 0.0148347835612, 0.624982100646, 0.408470292032, 0.130702326583, 0.736599260169, 0.810186570367, 0.166346262973, 0.012988147263, 0.524173141245, 0.814511158224, 0.511183800474, 0.271862371701, 0.751678459123, 0.375196078588, 0.442376397946, 0.425136197518, 0.0803075881833, 0.426504775242, 0.573826709566, 0.323430361539, 0.0346916173613, 0.767782281968, 0.0844768870802, 0.141311398398, 0.190760240924, 0.143005566741, 0.208807477999, 0.260175178047, 0.178379559605, 3.59033826765
0.168837666442, 0.0342938447494, 0.0401403370243, 0.455812038506, 0.901859014216, 0.701872636911, 0.969001306122, 0.0911685013047, 0.542487684746, 0.0507064990344, 0.400385727103, 0.475455269619, 0.0604828921865, 0.379471479023, 0.957664880041, 0.11980576518, 0.522184623741, 0.22852680172, 0.690481133386, 0.95094082023, 0.180103843511, 0.44484441126, 0.168951933089, 0.0381601650906, 0.224262255377, 0.163496734361, 0.639452669501, 0.0372822207444, 0.108944367952, 0.0963570273599, 0.168837666442, 3.59960513378
0.050424940499, 0.564000565081, 0.0713380397253, 0.0465781145619, 0.0550255464331, 0.556475717749, 0.252687275645, 0.190659690063, 0.223979993497, 0.019062657043, 0.193446980579, 0.116575325082, 0.173306358913, 0.248409406536, 0.758913484561, 0.00289930705915, 0.598352403884, 0.604208765949, 0.14164838358, 0.676695429497, 0.469868267699, 0.986133521897, 0.11254793894, 0.772893385929, 0.185603819813, 0.0347537151977, 0.788804110504, 0.981631251058, 0.00544946218983, 0.173589026205, 0.050424940499, 3.59977089844
