0.63008691461, 0.838105735861, 0.870317583779, 0.810188902742, 0.697530436656, 0.0986956291601, 0.403110568161, 0.800047842865, 0.586118512981, 13.18464162, 3.08889850796, 2.42485277053, 3.61191008409, 13.0979914372
0.630952619544, 0.695087162469, 0.807493163188, 0.811395777734, 0.697530436656, 0.0986956291601, 0.403110568161, 0.800047842865, 0.490068478261, 7.64996129503, 1.77818894306, 2.24767646596, 5.12181729584, 9.8250269893
0.423367754806, 0.69491150711, 0.951184358115, 0.9673306685, 0.697530436656, 0.0938506524238, 0.403110568161, 0.800047842865, 0.589464432071, 8.62702369552, 0.29135755347, 0.457699394998, 4.11640084186, 18.3769307041
0.630952619544, 0.695087162469, 0.807493163188, 0.811340232359, 0.697530436656, 0.0986956291601, 0.403110568161, 0.800047842865, 0.490068478261, 7.64943760489, 1.7787126332, 2.24767646596, 5.12181729584, 9.8250269893
0.631262299748, 0.695087155322, 0.807493163188, 0.811342260307, 0.697530436656, 0.0986956291601, 0.403105561099, 0.800047842865, 0.491559959803, 6.91725080798, 1.60843698913, 2.03252889844, 4.6315571547, 8.8727653768
0.631262299748, 0.695087155322, 0.807493163188, 0.811342260307, 0.697530436656, 0.0986956291601, 0.403105561099, 0.800047842865, 0.491559959803, 6.91725080798, 1.60843698913, 2.03252889844, 4.6315571547, 8.8727653768
0.631262299748, 0.695087155322, 0.807493163188, 0.811342260307, 0.697530436656, 0.0986956291601, 0.403105561099, 0.800047842865, 0.491559959803, 6.91725080798, 1.60843698913, 2.03252889844, 4.6315571547, 8.8727653768
0.674470132274, 0.695086218724, 0.807493163188, 0.811342260307, 0.697530436656, 0.0986956291601, 0.403105598356, 0.800047842865, 0.491509791248, 7.41527466168, 1.72424021935, 2.17886563002, 4.96503902189, 7.85911659099
0.630952619544, 0.695086218724, 0.807493163188, 0.811342260307, 0.697530436656, 0.0986956291601, 0.403105598356, 0.800047842865, 0.491510254359, 6.93662076262, 1.61294099692, 2.03822046488, 4.64454714597, 8.90946654037
0.656986043436, 0.695086223101, 0.808878463072, 0.811342260307, 0.697530436656, 0.0986956291601, 0.403105598313, 0.800047842865, 0.504068292243, 5.63944198323, 1.31131389272, 1.6423223098, 3.76952935869, 6.45454643921
0.656986043436, 0.695086223101, 0.808878463072, 0.811342260307, 0.697530436656, 0.0986956291601, 0.403105598313, 0.800047842865, 0.504068292243, 5.63944198323, 1.31131389272, 1.6423223098, 3.76952935869, 6.45454643921
0.605491096975, 0.695086223101, 0.808878463072, 0.756664367519, 0.697530436656, 0.0986921484303, 0.403105598313, 0.800047842865, 0.496217491376, 4.79093002383, 1.54071479716, 1.49603895358, 3.43377345824, 7.33742438423
0.605491096975, 0.695086223101, 0.808878463072, 0.756664367519, 0.697530436656, 0.0986921484303, 0.403105598313, 0.800047842865, 0.496217491376, 4.79093002383, 1.54071479716, 1.49603895358, 3.43377345824, 7.33742438423
0.605491096975, 0.695086223101, 0.808878463072, 0.756664367519, 0.697530436656, 0.0986921484303, 0.403105598313, 0.800047842865, 0.496217491376, 4.79093002383, 1.54071479716, 1.49603895358, 3.43377345824, 7.33742438423
0.605491096975, 0.695086223101, 0.808878463072, 0.756664367519, 0.697530436656, 0.0986921484303, 0.403105598313, 0.800047842865, 0.496217491376, 4.79093002383, 1.54071479716, 1.49603895358, 3.43377345824, 7.33742438423
0.605491096975, 0.695086223101, 0.808878463072, 0.756664367519, 0.697530436656, 0.0986921484303, 0.403105598313, 0.800047842865, 0.496217491376, 4.79093002383, 1.54071479716, 1.49603895358, 3.43377345824, 7.33742438423
0.605491096975, 0.695086223101, 0.808878463072, 0.756664367519, 0.697530436656, 0.0986921484303, 0.403105598313, 0.800047842865, 0.496217491376, 4.79093002383, 1.54071479716, 1.49603895358, 3.43377345824, 7.33742438423
0.605491096975, 0.695086223101, 0.808878463072, 0.756664367519, 0.697530436656, 0.0986921484303, 0.403105598313, 0.800047842865, 0.496217491376, 4.79093002383, 1.54071479716, 1.49603895358, 3.43377345824, 7.33742438423
0.605491096975, 0.695086223101, 0.808878463072, 0.756664367519, 0.697530436656, 0.0986921484303, 0.403105598313, 0.800047842865, 0.496217491376, 4.79093002383, 1.54071479716, 1.49603895358, 3.43377345824, 7.33742438423
0.631205509289, 0.695087155322, 0.808910404157, 0.800854284064, 0.697530436656, 0.0986956291601, 0.403105561539, 0.800047842865, 0.49626281159, 5.27651087121, 1.31209204471, 1.55643129561, 3.57296999725, 6.84647920641
0.631205509289, 0.695087155322, 0.808910404157, 0.800854284064, 0.697530436656, 0.0986956291601, 0.403105561539, 0.800047842865, 0.49626281159, 5.27651087121, 1.31209204471, 1.55643129561, 3.57296999725, 6.84647920641
0.631205509289, 0.695087155322, 0.808910404157, 0.800854284064, 0.697530436656, 0.0986956291601, 0.403105561539, 0.800047842865, 0.49626281159, 5.27651087121, 1.31209204471, 1.55643129561, 3.57296999725, 6.84647920641
0.605491096975, 0.695086223101, 0.808878463072, 0.756664367519, 0.697530436656, 0.0986921484303, 0.403105598313, 0.800047842865, 0.504051532119, 4.84399800664, 1.55778092544, 1.51261021826, 3.47180854327, 7.4186992743
0.658226989271, 0.695086223101, 0.918882398828, 0.812530512505, 0.697530436656, 0.0986921073323, 0.403105598313, 0.800047842865, 0.496198972181, 6.35801792096, 1.46694104748, 0.690775992227, 3.73560117238, 6.36129496951
0.658226989271, 0.695086223101, 0.918882398828, 0.812530512505, 0.697530436656, 0.0986921073323, 0.403105598313, 0.800047842865, 0.496198972181, 6.35801792096, 1.46694104748, 0.690775992227, 3.73560117238, 6.36129496951
0.658226989271, 0.695086223101, 0.918882398828, 0.812530512505, 0.697530436656, 0.0986921073323, 0.403105598313, 0.800047842865, 0.496198972181, 6.35801792096, 1.46694104748, 0.690775992227, 3.73560117238, 6.36129496951
0.658226989271, 0.695086223101, 0.918882398828, 0.812530512505, 0.697530436656, 0.0986921073323, 0.403105598313, 0.800047842865, 0.496198972181, 6.35801792096, 1.46694104748, 0.690775992227, 3.73560117238, 6.36129496951
0.658226989271, 0.695086223101, 0.918882398828, 0.812530512505, 0.697530436656, 0.0986921073323, 0.403105598313, 0.800047842865, 0.496198972181, 6.35801792096, 1.46694104748, 0.690775992227, 3.73560117238, 6.36129496951
0.658226989271, 0.695086223101, 0.918882398828, 0.812530512505, 0.697530436656, 0.0986921073323, 0.403105598313, 0.800047842865, 0.496198972181, 6.35801792096, 1.46694104748, 0.690775992227, 3.73560117238, 6.36129496951
0.658226989271, 0.695086223101, 0.918882398828, 0.812530512505, 0.697530436656, 0.0986921073323, 0.403105598313, 0.800047842865, 0.496198972181, 6.35801792096, 1.46694104748, 0.690775992227, 3.73560117238, 6.36129496951
0.658226989271, 0.695086223101, 0.918882398828, 0.812530512505, 0.697530436656, 0.0986921073323, 0.403105598313, 0.800047842865, 0.496198972181, 6.35801792096, 1.46694104748, 0.690775992227, 3.73560117238, 6.36129496951
0.424726105272, 0.694911418281, 0.806490337068, 0.757072615249, 0.697530436656, 0.0984250722389, 0.403110709936, 0.800047842865, 0.589464432071, 5.08970234896, 1.63316973285, 1.61308902375, 3.65975645823, 16.2477019362
0.424726105272, 0.694911418281, 0.806490337068, 0.757072615249, 0.697530436656, 0.0984250722389, 0.403110709936, 0.800047842865, 0.589464432071, 5.08970234896, 1.63316973285, 1.61308902375, 3.65975645823, 16.2477019362
0.424726105272, 0.694911418281, 0.806490337068, 0.757072615249, 0.697530436656, 0.0984250722389, 0.403110709936, 0.800047842865, 0.589464432071, 5.08970234896, 1.63316973285, 1.61308902375, 3.65975645823, 16.2477019362
0.424726105272, 0.694911418281, 0.806490337068, 0.757072615249, 0.697530436656, 0.0984250722389, 0.403110709936, 0.800047842865, 0.589464432071, 5.08970234896, 1.63316973285, 1.61308902375, 3.65975645823, 16.2477019362
0.424726105272, 0.694911418281, 0.806490337068, 0.757072615249, 0.697530436656, 0.0984250722389, 0.403110709936, 0.800047842865, 0.589464432071, 5.08970234896, 1.63316973285, 1.61308902375, 3.65975645823, 16.2477019362
0.424726105272, 0.694911418281, 0.806490337068, 0.757072615249, 0.697530436656, 0.0984250722389, 0.403110709936, 0.800047842865, 0.589464432071, 5.08970234896, 1.63316973285, 1.61308902375, 3.65975645823, 16.2477019362
0.605491096975, 0.695086223101, 0.808878463072, 0.756664367519, 0.697530436656, 0.0986921484303, 0.403105598313, 0.800047842865, 0.496217491376, 4.79093002383, 1.54071479716, 1.49603895358, 3.43377345824, 7.33742438423
0.605491096975, 0.695086223101, 0.808878463072, 0.756664367519, 0.697530436656, 0.0986921484303, 0.403105598313, 0.800047842865, 0.496217491376, 4.79093002383, 1.54071479716, 1.49603895358, 3.43377345824, 7.33742438423
0.63012442414, 0.695086223101, 0.808878463072, 0.800805567576, 0.697530436656, 0.0986956291601, 0.403105598571, 0.800047842865, 0.504068292243, 5.33862348637, 1.32794290943, 1.575174113, 3.61540790658, 6.96000572298
0.63012442414, 0.695086223101, 0.808878463072, 0.800805567576, 0.697530436656, 0.0986956291601, 0.403105598571, 0.800047842865, 0.504068292243, 5.33862348637, 1.32794290943, 1.575174113, 3.61540790658, 6.96000572298
0.63012442414, 0.695086223101, 0.808878463072, 0.800805567576, 0.697530436656, 0.0986956291601, 0.403105598571, 0.800047842865, 0.504068292243, 5.33862348637, 1.32794290943, 1.575174113, 3.61540790658, 6.96000572298
0.63012442414, 0.695086223101, 0.808878463072, 0.800805567576, 0.697530436656, 0.0986956291601, 0.403105598571, 0.800047842865, 0.504068292243, 5.33862348637, 1.32794290943, 1.575174113, 3.61540790658, 6.96000572298
0.63012442414, 0.695086223101, 0.808878463072, 0.800805567576, 0.697530436656, 0.0986956291601, 0.403105598571, 0.800047842865, 0.504068292243, 5.33862348637, 1.32794290943, 1.575174113, 3.61540790658, 6.96000572298
0.63012442414, 0.695086223101, 0.808878463072, 0.800805567576, 0.697530436656, 0.0986956291601, 0.403105598571, 0.800047842865, 0.504068292243, 5.33862348637, 1.32794290943, 1.575174113, 3.61540790658, 6.96000572298
0.63012442414, 0.695086223101, 0.808878463072, 0.800805567576, 0.697530436656, 0.0986956291601, 0.403105598571, 0.800047842865, 0.504068292243, 5.33862348637, 1.32794290943, 1.575174113, 3.61540790658, 6.96000572298
0.605491096975, 0.695086223101, 0.808878463072, 0.756664367519, 0.697530436656, 0.0986921484303, 0.403105598313, 0.800047842865, 0.504003728002, 4.83430732366, 1.55466449949, 1.50958415877, 3.46486300037, 7.4038577606
0.605491096975, 0.695086223101, 0.808878463072, 0.756664367519, 0.697530436656, 0.0986921484303, 0.403105598313, 0.800047842865, 0.504003728002, 4.83430732366, 1.55466449949, 1.50958415877, 3.46486300037, 7.4038577606
0.605491096975, 0.695086223101, 0.808878463072, 0.756664367519, 0.697530436656, 0.0986921484303, 0.403105598313, 0.800047842865, 0.504003728002, 4.83430732366, 1.55466449949, 1.50958415877, 3.46486300037, 7.4038577606
0.605491096975, 0.695086223101, 0.808878463072, 0.756664367519, 0.697530436656, 0.0986921484303, 0.403105598313, 0.800047842865, 0.504003728002, 4.83430732366, 1.55466449949, 1.50958415877, 3.46486300037, 7.4038577606
0.605491096975, 0.695086223101, 0.808878463072, 0.756664367519, 0.697530436656, 0.0986921484303, 0.403105598313, 0.800047842865, 0.504003728002, 4.83430732366, 1.55466449949, 1.50958415877, 3.46486300037, 7.4038577606
0.63012442414, 0.695086223101, 0.808878463072, 0.799988457825, 0.697530436656, 0.0986956301559, 0.403105598571, 0.800047842865, 0.504068292243, 5.33317608605, 1.33339020486, 1.57517408822, 3.6154078497, 6.96000561347
0.63012442414, 0.695086223101, 0.808878463072, 0.799988457825, 0.697530436656, 0.0986956301559, 0.403105598571, 0.800047842865, 0.504068292243, 5.33317608605, 1.33339020486, 1.57517408822, 3.6154078497, 6.96000561347
0.63012442414, 0.695086223101, 0.808878463072, 0.799988457825, 0.697530436656, 0.0986956301559, 0.403105598571, 0.800047842865, 0.504068292243, 5.33317608605, 1.33339020486, 1.57517408822, 3.6154078497, 6.96000561347
0.63012442414, 0.695086223101, 0.808878463072, 0.799988457825, 0.697530436656, 0.0986956301559, 0.403105598571, 0.800047842865, 0.504068292243, 5.33317608605, 1.33339020486, 1.57517408822, 3.6154078497, 6.96000561347
0.63012442414, 0.695086223101, 0.808878463072, 0.799988457825, 0.697530436656, 0.0986956301559, 0.403105598571, 0.800047842865, 0.504068292243, 5.33317608605, 1.33339020486, 1.57517408822, 3.6154078497, 6.96000561347
0.63012442414, 0.695086223101, 0.808878463072, 0.799988457825, 0.697530436656, 0.0986956301559, 0.403105598571, 0.800047842865, 0.504068292243, 5.33317608605, 1.33339020486, 1.57517408822, 3.6154078497, 6.96000561347
0.63012442414, 0.695086223101, 0.808878463072, 0.799988457825, 0.697530436656, 0.0986956301559, 0.403105598571, 0.800047842865, 0.504068292243, 5.33317608605, 1.33339020486, 1.57517408822, 3.6154078497, 6.96000561347
0.63012442414, 0.695086223101, 0.808878463072, 0.799988457825, 0.697530436656, 0.0986956301559, 0.403105598571, 0.800047842865, 0.504068292243, 5.33317608605, 1.33339020486, 1.57517408822, 3.6154078497, 6.96000561347
0.63012442414, 0.695086223101, 0.808878463072, 0.799988457825, 0.697530436656, 0.0986956301559, 0.403105598571, 0.800047842865, 0.504068292243, 5.33317608605, 1.33339020486, 1.57517408822, 3.6154078497, 6.96000561347
0.63012442414, 0.695086223101, 0.808878463072, 0.799988457825, 0.697530436656, 0.0986956301559, 0.403105598571, 0.800047842865, 0.504068292243, 5.33317608605, 1.33339020486, 1.57517408822, 3.6154078497, 6.96000561347
0.63012442414, 0.695086223101, 0.808878463072, 0.799988457825, 0.697530436656, 0.0986956301559, 0.403105598571, 0.800047842865, 0.504068292243, 5.33317608605, 1.33339020486, 1.57517408822, 3.6154078497, 6.96000561347
0.63012442414, 0.695086223101, 0.808878463072, 0.799988457825, 0.697530436656, 0.0986956301559, 0.403105598571, 0.800047842865, 0.504068292243, 5.33317608605, 1.33339020486, 1.57517408822, 3.6154078497, 6.96000561347
0.63012442414, 0.695086223101, 0.808878463072, 0.799988457825, 0.697530436656, 0.0986956301559, 0.403105598571, 0.800047842865, 0.504068292243, 5.33317608605, 1.33339020486, 1.57517408822, 3.6154078497, 6.96000561347
0.63012442414, 0.695086223101, 0.808878463072, 0.799988457825, 0.697530436656, 0.0986956301559, 0.403105598571, 0.800047842865, 0.504068292243, 5.33317608605, 1.33339020486, 1.57517408822, 3.6154078497, 6.96000561347
0.63012442414, 0.695086223101, 0.808878463072, 0.799988457825, 0.697530436656, 0.0986956301559, 0.403105598571, 0.800047842865, 0.504068292243, 5.33317608605, 1.33339020486, 1.57517408822, 3.6154078497, 6.96000561347
0.412053486587, 0.695086223101, 0.808878463072, 0.757345378363, 0.697530436656, 0.0986956291601, 0.403105598571, 0.805757873197, 0.502875617577, 3.75745304403, 1.20389372243, 1.17226538043, 2.69063431785, 12.5910473065
0.412053486587, 0.695086223101, 0.808878463072, 0.757345378363, 0.697530436656, 0.0986956291601, 0.403105598571, 0.805757873197, 0.502875617577, 3.75745304403, 1.20389372243, 1.17226538043, 2.69063431785, 12.5910473065
0.412053486587, 0.695086223101, 0.808878463072, 0.757345378363, 0.697530436656, 0.0986956291601, 0.403105598571, 0.805757873197, 0.502875617577, 3.75745304403, 1.20389372243, 1.17226538043, 2.69063431785, 12.5910473065
0.412053486587, 0.695086223101, 0.808878463072, 0.757345378363, 0.697530436656, 0.0986956291601, 0.403105598571, 0.805757873197, 0.502875617577, 3.75745304403, 1.20389372243, 1.17226538043, 2.69063431785, 12.5910473065
0.412053486587, 0.695086223101, 0.808878463072, 0.757345378363, 0.697530436656, 0.0986956291601, 0.403105598571, 0.805757873197, 0.502875617577, 3.75745304403, 1.20389372243, 1.17226538043, 2.69063431785, 12.5910473065
0.412053486587, 0.695086223101, 0.808878463072, 0.757345378363, 0.697530436656, 0.0986956291601, 0.403105598571, 0.805757873197, 0.502875617577, 3.75745304403, 1.20389372243, 1.17226538043, 2.69063431785, 12.5910473065
0.631153077008, 0.695086231744, 0.808910404157, 0.799980167541, 0.697530436656, 0.0986956291569, 0.403105561539, 0.800047842865, 0.50422578822, 5.37823813524, 1.34472619995, 1.58817160847, 3.64584948361, 6.98768245577
0.631153077008, 0.695086231744, 0.808910404157, 0.799980167541, 0.697530436656, 0.0986956291569, 0.403105561539, 0.800047842865, 0.50422578822, 5.37823813524, 1.34472619995, 1.58817160847, 3.64584948361, 6.98768245577
0.631153077008, 0.695086231744, 0.808910404157, 0.799980167541, 0.697530436656, 0.0986956291569, 0.403105561539, 0.800047842865, 0.50422578822, 5.37823813524, 1.34472619995, 1.58817160847, 3.64584948361, 6.98768245577
0.631153077008, 0.695086231744, 0.808910404157, 0.799980167541, 0.697530436656, 0.0986956291569, 0.403105561539, 0.800047842865, 0.50422578822, 5.37823813524, 1.34472619995, 1.58817160847, 3.64584948361, 6.98768245577
0.63012442414, 0.695086223101, 0.808878463072, 0.75686701056, 0.697530436656, 0.0986956291601, 0.403105598565, 0.800047842865, 0.504068292243, 5.04570417772, 1.6208622168, 1.5751741127, 3.61540790589, 6.96000572163
0.63012442414, 0.695086223101, 0.808878463072, 0.799980731948, 0.697530436656, 0.0986956301472, 0.403105598571, 0.800047842865, 0.504068292243, 5.33312458171, 1.33344171011, 1.57517408844, 3.6154078502, 6.96000561442
0.63012442414, 0.695086223101, 0.808878463072, 0.799980731948, 0.697530436656, 0.0986956301472, 0.403105598571, 0.800047842865, 0.504068292243, 5.33312458171, 1.33344171011, 1.57517408844, 3.6154078502, 6.96000561442
0.63012442414, 0.695086223101, 0.808878463072, 0.799980731948, 0.697530436656, 0.0986956301472, 0.403105598571, 0.800047842865, 0.504068292243, 5.33312458171, 1.33344171011, 1.57517408844, 3.6154078502, 6.96000561442
0.63012442414, 0.695086223101, 0.808878463072, 0.799988457825, 0.697530436656, 0.0986956301559, 0.403105598571, 0.800047842865, 0.504068292243, 5.33317608605, 1.33339020486, 1.57517408822, 3.6154078497, 6.96000561347
0.63012442414, 0.695086223101, 0.808878463072, 0.799988457825, 0.697530436656, 0.0986956301559, 0.403105598571, 0.800047842865, 0.504068292243, 5.33317608605, 1.33339020486, 1.57517408822, 3.6154078497, 6.96000561347
0.63012442414, 0.695086223101, 0.808878463072, 0.799988457825, 0.697530436656, 0.0986956301559, 0.403105598571, 0.800047842865, 0.504068292243, 5.33317608605, 1.33339020486, 1.57517408822, 3.6154078497, 6.96000561347
0.63012442414, 0.695086223101, 0.808878463072, 0.799988457825, 0.697530436656, 0.0986956301559, 0.403105598571, 0.800047842865, 0.504068292243, 5.33317608605, 1.33339020486, 1.57517408822, 3.6154078497, 6.96000561347
0.63012442414, 0.695086223101, 0.808878463072, 0.799988457825, 0.697530436656, 0.0986956301559, 0.403105598571, 0.800047842865, 0.504068292243, 5.33317608605, 1.33339020486, 1.57517408822, 3.6154078497, 6.96000561347
0.63012442414, 0.695086223101, 0.808878463072, 0.799988457825, 0.697530436656, 0.0986956301559, 0.403105598571, 0.800047842865, 0.504068292243, 5.33317608605, 1.33339020486, 1.57517408822, 3.6154078497, 6.96000561347
0.657506927882, 0.695087164035, 0.808878463072, 0.87036541673, 0.697530436656, 0.0986956291601, 0.403105598313, 0.800047842865, 0.496075782251, 6.01829936598, 0.896381813094, 1.6337985923, 3.7499487045, 6.40620862275
0.657506927882, 0.695087164035, 0.808878463072, 0.87036541673, 0.697530436656, 0.0986956291601, 0.403105598313, 0.800047842865, 0.496075782251, 6.01829936598, 0.896381813094, 1.6337985923, 3.7499487045, 6.40620862275
0.657506927882, 0.695087164035, 0.808878463072, 0.87036541673, 0.697530436656, 0.0986956291601, 0.403105598313, 0.800047842865, 0.496075782251, 6.01829936598, 0.896381813094, 1.6337985923, 3.7499487045, 6.40620862275
0.657506927882, 0.695087164035, 0.808878463072, 0.87036541673, 0.697530436656, 0.0986956291601, 0.403105598313, 0.800047842865, 0.496075782251, 6.01829936598, 0.896381813094, 1.6337985923, 3.7499487045, 6.40620862275
0.657506927882, 0.695087164035, 0.808878463072, 0.87036541673, 0.697530436656, 0.0986956291601, 0.403105598313, 0.800047842865, 0.496075782251, 6.01829936598, 0.896381813094, 1.6337985923, 3.7499487045, 6.40620862275
0.657506927882, 0.695087164035, 0.808878463072, 0.87036541673, 0.697530436656, 0.0986956291601, 0.403105598313, 0.800047842865, 0.496075782251, 6.01829936598, 0.896381813094, 1.6337985923, 3.7499487045, 6.40620862275
