0.998674969479, 0.151311503708, 0.486201443334, 0.115311811288, 0.597102883602, 0.472061443401, 0.600491757379, 0.493704812727, 0.383042718718, 0.462031630692, 0.528046679766, 0.355571984225, 0.434090536946, 0.317388035118, 0.212197155391, 5.1314350061e-95, 1.60134095099e-32, 3.23634012956e-83, 1.07404455136
0.99970251144, 0.151311503708, 0.512318635352, 0.115315096349, 0.597102883602, 0.472068670912, 0.600503678737, 0.493704812727, 0.383042718718, 0.462031630692, 0.506237348587, 0.355571984225, 0.434984729543, 0.317388035118, 0.0503559809436, 1.22120214313e-95, 7.11518636494e-31, 7.68007853784e-84, 1.09278322329
0.907298909815, 0.151311503708, 0.486201443334, 0.115868227415, 0.597102883602, 0.472491608086, 0.600504056933, 0.490073685747, 0.470100736474, 0.404884594527, 0.506237348587, 0.494657975459, 0.531561646283, 0.34033829893, 1.05688161854, 4.13601901863e-94, 7.9757328179e-32, 1.61191057815e-82, 9.88974575871e-05
0.999223631436, 0.151311503708, 0.486201443334, 0.218917656927, 0.496975102202, 0.472491695311, 0.584555943108, 0.481408867851, 0.45411164261, 0.502611255425, 0.470340814411, 0.494230272577, 0.531288001124, 0.425707972879, 0.119195177125, 1.99736614792e-67, 8.99503661768e-33, 1.81791378998e-83, 1.01078124547
0.999223631436, 0.151311503708, 0.486201443334, 0.220923155891, 0.498496560054, 0.472491699794, 0.600839908828, 0.490051510043, 0.45411164261, 0.502460582988, 0.470340814411, 0.489086755436, 0.53045717213, 0.44088687894, 0.119285849376, 4.97545330094e-67, 9.00187917819e-33, 1.81929668431e-83, 1.01155015083
0.986928426328, 0.151311503708, 0.486201443334, 0.115316915071, 0.597103070708, 0.472494129582, 0.559810158282, 0.481686530356, 0.470651009485, 0.404007514011, 0.504755392709, 0.494305976432, 0.53018590688, 0.419135125527, 0.941428883432, 2.28669882705e-94, 7.10447140869e-32, 1.43582701142e-82, 0.421988422609
0.992294056172, 0.20540288793, 0.486201443334, 0.115869043972, 0.463821235272, 0.472068372454, 0.600497145208, 0.490116886109, 0.461302267378, 0.474203760005, 0.506257341449, 0.493383051948, 0.530364466734, 0.430356599236, 0.763899610776, 2.9915655967e-94, 5.76475083713e-32, 2.18680826611e-69, 0.676371736974
0.926604976686, 0.151311503708, 0.48617081489, 0.115104547735, 0.462118355536, 0.472885464364, 0.600521461034, 0.49388483173, 0.457477280849, 0.461275815792, 0.505263208583, 0.494300129446, 0.530827474209, 0.430804941992, 1.0214180981, 2.06334430208e-94, 7.65970176103e-32, 1.55782313568e-82, 0.00078484944041
0.926604976686, 0.151311503708, 0.48617081489, 0.115104547735, 0.462118355536, 0.472885464364, 0.600521461034, 0.49388483173, 0.457477280849, 0.461275815792, 0.505263208583, 0.494300129446, 0.530827474209, 0.430804941992, 1.0214180981, 2.06334430208e-94, 7.65970176103e-32, 1.55782313568e-82, 0.00078484944041
0.926604976686, 0.151311503708, 0.48617081489, 0.115104547735, 0.462118355536, 0.472885464364, 0.600521461034, 0.49388483173, 0.457477280849, 0.461275815792, 0.505263208583, 0.494300129446, 0.530827474209, 0.430804941992, 1.0214180981, 2.06334430208e-94, 7.65970176103e-32, 1.55782313568e-82, 0.00078484944041
0.99446115893, 0.156078803949, 0.486201443334, 0.110594009907, 0.465501731206, 0.472184276036, 0.55143720365, 0.49361852121, 0.383151526567, 0.46203300991, 0.469853976101, 0.494344475009, 0.5303874231, 0.425632945894, 0.637378746568, 2.36416590794e-96, 4.80996404635e-32, 2.16227182592e-81, 0.805459485885
0.99446115893, 0.151232082999, 0.486201443334, 0.115035060046, 0.597102883602, 0.472065753161, 0.543033487605, 0.478820213014, 0.568506779017, 0.462031630692, 0.50601845984, 0.494344694323, 0.531235191814, 0.424278596317, 0.636312707279, 1.21007649506e-94, 4.80191920538e-32, 9.20839350135e-83, 0.804112325405
0.993320410066, 0.151311503708, 0.485997707104, 0.113532149623, 0.494210562128, 0.472083852163, 0.600353298283, 0.494192106461, 0.480545958009, 0.462010834003, 0.534738676048, 0.493370409606, 0.526356999172, 0.43555785428, 0.707173454177, 3.610205431e-95, 5.1176179039e-32, 1.07855066393e-82, 0.733440471804
0.997638133515, 0.151311503708, 0.421381737728, 0.115573301246, 0.599276767769, 0.472520950385, 0.599759248535, 0.466253518507, 0.45702959481, 0.462011005981, 0.514700687733, 0.472409035517, 0.586194666216, 0.440902155148, 0.336771805671, 1.02142732209e-94, 1.55248202584e-38, 5.13629934005e-83, 0.980676923568
0.992399043545, 0.151311503708, 0.486072362836, 0.116437151189, 0.462750768216, 0.472520907855, 0.600353325287, 0.488365892538, 0.456965800175, 0.4589982565, 0.469606144132, 0.493429838992, 0.526415441942, 0.435513523812, 0.759705003742, 4.852013344e-94, 5.58287269045e-32, 1.15866953339e-82, 0.683176077979
0.994578580306, 0.151311503708, 0.486072682643, 0.115935069781, 0.59316595092, 0.472520920098, 0.600354287795, 0.4900141593, 0.456939330087, 0.484297737998, 0.534440377494, 0.493441777553, 0.530465543445, 0.435510871661, 0.629259869925, 2.60875136004e-94, 4.62456989633e-32, 9.59720202283e-83, 0.812934518056
0.925824069827, 0.151311503708, 0.486200282319, 0.22011630846, 0.462161824568, 0.472885464364, 0.600361368377, 0.49388475876, 0.466701022688, 0.50129489254, 0.469718861172, 0.493399579103, 0.530831406317, 0.430804941992, 1.02008601482, 2.9510647694e-66, 7.69621761647e-32, 1.55579149931e-82, 0.000720449414524
0.993024943607, 0.151311503708, 0.486201443334, 0.214847066453, 0.599227455915, 0.472491592995, 0.600135708092, 0.490235798342, 0.471023539406, 0.486016306412, 0.470981836926, 0.489025421533, 0.46532291007, 0.425681653825, 0.731795650794, 1.87694919032e-67, 5.52247904177e-32, 1.11610338364e-82, 0.72404401364
0.999223631436, 0.151311503708, 0.486201443334, 0.218917656927, 0.496975102202, 0.472491989582, 0.584736677046, 0.490250695461, 0.45411771513, 0.456887543292, 0.470340814411, 0.494230660433, 0.531314754146, 0.435799642449, 0.1192227405, 1.9978280303e-67, 8.99711668144e-33, 1.81833417477e-83, 1.01101498431
0.999223631436, 0.151311503708, 0.486201443334, 0.218917656927, 0.496975102202, 0.472491989582, 0.584736677046, 0.490250695461, 0.45411771513, 0.456887543292, 0.470340814411, 0.494230660433, 0.531314754146, 0.435799642449, 0.1192227405, 1.9978280303e-67, 8.99711668144e-33, 1.81833417477e-83, 1.01101498431
0.994411333655, 0.151311503708, 0.486201443334, 0.0227062169652, 0.599227455915, 0.472476884466, 0.584793969811, 0.490852759908, 0.470562424362, 0.529114080749, 0.510071099451, 0.489025421533, 0.53133023526, 0.440782252058, 0.639229496416, 4.13290116726e-165, 4.82393068749e-32, 9.74925449607e-83, 0.800362174406
0.994411333655, 0.151311503708, 0.486201443334, 0.0227062169652, 0.599227455915, 0.472476884466, 0.584793969811, 0.490852759908, 0.470562424362, 0.529114080749, 0.510071099451, 0.489025421533, 0.53133023526, 0.440782252058, 0.639229496416, 4.13290116726e-165, 4.82393068749e-32, 9.74925449607e-83, 0.800362174406
0.990594380077, 0.205150836856, 0.419225253545, 0.115587363121, 0.538346625612, 0.454351589599, 0.600251941536, 0.491838939579, 0.464123117897, 0.474224045517, 0.506346977877, 0.471793941696, 0.530729294463, 0.44083683677, 0.836472216898, 2.56807103218e-94, 2.30842093076e-38, 2.11787676962e-69, 0.585284324578
0.986824702838, 0.151311503708, 0.486201443334, 0.115312719257, 0.598769435967, 0.472812142399, 0.600504101678, 0.489884014751, 0.47305602222, 0.48579754708, 0.504792409219, 0.488783886195, 0.530772408063, 0.439444849073, 0.938441117221, 2.27116279942e-94, 7.08192429972e-32, 1.43127019836e-82, 0.415693681358
0.924614178119, 0.156615905723, 0.48617081489, 0.115104547735, 0.462161824568, 0.47286443808, 0.600355414373, 0.49388483173, 0.45874310314, 0.461275815792, 0.505115654665, 0.494226845901, 0.53083376326, 0.42572429322, 1.02200526927, 2.06453043369e-94, 7.66410500791e-32, 4.88832025646e-81, 0.000633326899055
0.924614178119, 0.156615905723, 0.48617081489, 0.115104547735, 0.462161824568, 0.47286443808, 0.600355414373, 0.49388483173, 0.45874310314, 0.461275815792, 0.505115654665, 0.494226845901, 0.53083376326, 0.42572429322, 1.02200526927, 2.06453043369e-94, 7.66410500791e-32, 4.88832025646e-81, 0.000633326899055
0.924614178119, 0.156615905723, 0.48617081489, 0.115104547735, 0.462161824568, 0.47286443808, 0.600355414373, 0.49388483173, 0.45874310314, 0.461275815792, 0.505115654665, 0.494226845901, 0.53083376326, 0.42572429322, 1.02200526927, 2.06453043369e-94, 7.66410500791e-32, 4.88832025646e-81, 0.000633326899055
0.998234751593, 0.151311503708, 0.486201443334, 0.116697901681, 0.496975102202, 0.472491695311, 0.584555943108, 0.481408867851, 0.45411164261, 0.461532225593, 0.469690947171, 0.494230272577, 0.531284218369, 0.425261131016, 0.256532707779, 2.0491197467e-94, 1.93591817703e-32, 3.91252698558e-83, 0.986555814134
0.998234751593, 0.151311503708, 0.486201443334, 0.116697901681, 0.496975102202, 0.472491695311, 0.584555943108, 0.481408867851, 0.45411164261, 0.461532225593, 0.469690947171, 0.494230272577, 0.531284218369, 0.425261131016, 0.256532707779, 2.0491197467e-94, 1.93591817703e-32, 3.91252698558e-83, 0.986555814134
0.992399043545, 0.151311503708, 0.418455152753, 0.109531889054, 0.462771689906, 0.472527247022, 0.600253601364, 0.488292666498, 0.454149971767, 0.4589982565, 0.533043371802, 0.493429968491, 0.530506761544, 0.435550870209, 0.760170645479, 1.07420892468e-96, 1.74551254425e-38, 1.15937971022e-82, 0.68359481327
0.992733458373, 0.151311503708, 0.486192955086, 0.220048032122, 0.596732004548, 0.472556755551, 0.599509248658, 0.481570724088, 0.471687600954, 0.486016306412, 0.570825942156, 0.489025421533, 0.46532291007, 0.425681653825, 0.750682177505, 2.10535282017e-66, 5.65512418954e-32, 1.14490830526e-82, 0.709931246062
0.99651767151, 0.0686236918936, 0.486201224953, 0.223068974456, 0.467720732034, 0.47211462135, 0.477630036672, 0.488537484302, 0.466233596616, 0.486389168522, 0.507197873719, 0.494225603253, 0.531098383903, 0.42562440291, 0.450891737142, 4.94435013795e-66, 3.40249129168e-32, 3.14485085857e-117, 0.904171178637
0.996828956666, 0.150477120214, 0.412966749822, 0.220103403544, 0.467262280638, 0.498608241927, 0.595620999628, 0.462214423012, 0.363534076532, 0.485794473769, 0.470904797745, 0.493833002096, 0.522825154715, 0.424868760348, 0.430089085597, 1.23695564121e-66, 2.63746597798e-39, 3.77333549679e-83, 0.944177289568
0.993606533662, 0.151311503708, 0.516722086332, 0.115936714139, 0.598786483804, 0.472813942653, 0.595303957753, 0.494060953468, 0.471451099151, 0.485849368098, 0.470518278568, 0.493456623659, 0.526210771827, 0.455789293372, 0.693378149634, 2.8786494323e-94, 2.30564550304e-29, 1.0575106563e-82, 0.753778018245
0.988258108024, 0.151311503708, 0.41921825909, 0.110675415471, 0.462771689906, 0.472521334327, 0.600253601364, 0.490879194183, 0.456484102476, 0.455401807767, 0.533793619283, 0.488632598033, 0.530469225129, 0.435550870209, 0.905957188754, 3.61695953656e-96, 2.49601140203e-38, 1.38172710196e-82, 0.474099308789
0.988258108024, 0.151311503708, 0.41921825909, 0.110675415471, 0.462771689906, 0.472521334327, 0.600253601364, 0.490879194183, 0.456484102476, 0.455401807767, 0.533793619283, 0.488632598033, 0.530469225129, 0.435550870209, 0.905957188754, 3.61695953656e-96, 2.49601140203e-38, 1.38172710196e-82, 0.474099308789
0.988258108024, 0.151311503708, 0.41921825909, 0.110675415471, 0.462771689906, 0.472521334327, 0.600253601364, 0.490879194183, 0.456484102476, 0.455401807767, 0.533793619283, 0.488632598033, 0.530469225129, 0.435550870209, 0.905957188754, 3.61695953656e-96, 2.49601140203e-38, 1.38172710196e-82, 0.474099308789
0.923287085652, 0.151311503708, 0.486201374414, 0.0310536774457, 0.458978359757, 0.472476884466, 0.584793969811, 0.490855937453, 0.471539880878, 0.529114080749, 0.510081167443, 0.493595580885, 0.530370282463, 0.430814956656, 1.01722296038, 2.5992006036e-151, 7.67634085179e-32, 1.55142489132e-82, 0.000546024550652
0.923287085652, 0.151311503708, 0.486201374414, 0.0310536774457, 0.458978359757, 0.472476884466, 0.584793969811, 0.490855937453, 0.471539880878, 0.529114080749, 0.510081167443, 0.493595580885, 0.530370282463, 0.430814956656, 1.01722296038, 2.5992006036e-151, 7.67634085179e-32, 1.55142489132e-82, 0.000546024550652
0.994402117278, 0.024198599351, 0.483980491513, 0.222487998514, 0.465644107661, 0.498608241927, 0.595288200173, 0.494021897078, 0.475201128947, 0.485207334977, 0.510441189978, 0.511333450925, 0.522825154715, 0.424868760348, 0.635666894569, 5.37042167668e-66, 3.034835101e-32, 2.38985958149e-162, 0.794546840395
0.9906147823, 0.151061692827, 0.40938165249, 0.115587363121, 0.538346625612, 0.453018741062, 0.551351177246, 0.466220011126, 0.47112503816, 0.474224045517, 0.470504144575, 0.471793941696, 0.524869105499, 0.441464841438, 0.830627487218, 2.55012700406e-94, 2.12992174619e-39, 1.07389270828e-82, 0.582753517355
0.9906147823, 0.151061692827, 0.40938165249, 0.115587363121, 0.538346625612, 0.453018741062, 0.551351177246, 0.466220011126, 0.47112503816, 0.474224045517, 0.470504144575, 0.471793941696, 0.524869105499, 0.441464841438, 0.830627487218, 2.55012700406e-94, 2.12992174619e-39, 1.07389270828e-82, 0.582753517355
0.992939112043, 0.117317009713, 0.484138642733, 0.11530932551, 0.599279589788, 0.472500275191, 0.549998204803, 0.490072492502, 0.470692515484, 0.485776786088, 0.506855547501, 0.471778700414, 0.524851958318, 0.455828177212, 0.728222092936, 1.75722310913e-94, 3.59218388053e-32, 9.87375170323e-94, 0.710896825725
0.998235277319, 0.151311503708, 0.497067045864, 0.115318152961, 0.59926810115, 0.472513234466, 0.553585994852, 0.490801910712, 0.456939004423, 0.486208982351, 0.467551241892, 0.494420860717, 0.531284218655, 0.430740562242, 0.257245898457, 6.25512666208e-95, 1.76996833222e-31, 3.92340426434e-83, 0.989580238333
0.9906147823, 0.151061692827, 0.40938165249, 0.115587363121, 0.543360538428, 0.472281914444, 0.551351177246, 0.466220011126, 0.471535622933, 0.530818142185, 0.470504144575, 0.471438806497, 0.530389798362, 0.430437670551, 0.831421815021, 2.55256568664e-94, 2.13195858712e-39, 1.07491967024e-82, 0.583310803658
0.998047727103, 0.151311503708, 0.41921825909, 0.110675415471, 0.496509128963, 0.472521334327, 0.600253601364, 0.490936158172, 0.456484102476, 0.454947685507, 0.470094159025, 0.488580387539, 0.530469225129, 0.435550870209, 0.28099265651, 1.12184006185e-96, 7.74165582261e-39, 4.28557964737e-83, 0.981499852415
0.998047727103, 0.151311503708, 0.41921825909, 0.110675415471, 0.496509128963, 0.472521334327, 0.600253601364, 0.490936158172, 0.456484102476, 0.454947685507, 0.470094159025, 0.488580387539, 0.530469225129, 0.435550870209, 0.28099265651, 1.12184006185e-96, 7.74165582261e-39, 4.28557964737e-83, 0.981499852415
0.998047727103, 0.151311503708, 0.41921825909, 0.110675415471, 0.496509128963, 0.472521334327, 0.600253601364, 0.490936158172, 0.456484102476, 0.454947685507, 0.470094159025, 0.488580387539, 0.530469225129, 0.435550870209, 0.28099265651, 1.12184006185e-96, 7.74165582261e-39, 4.28557964737e-83, 0.981499852415
0.923287085652, 0.348965474338, 0.486201374414, 0.0310536774457, 0.45899739458, 0.472476884466, 0.584793969811, 0.490855937453, 0.471934570035, 0.529114080749, 0.505275480005, 0.493574033731, 0.530370282463, 0.430815100363, 1.01712554639, 2.59895169207e-151, 7.67560572972e-32, 3.03207933389e-46, 0.000545972260803
0.923287085652, 0.348965474338, 0.486201374414, 0.0310536774457, 0.45899739458, 0.472476884466, 0.584793969811, 0.490855937453, 0.471934570035, 0.529114080749, 0.505275480005, 0.493574033731, 0.530370282463, 0.430815100363, 1.01712554639, 2.59895169207e-151, 7.67560572972e-32, 3.03207933389e-46, 0.000545972260803
0.923287085652, 0.348965474338, 0.486201374414, 0.0310536774457, 0.45899739458, 0.472476884466, 0.584793969811, 0.490855937453, 0.471934570035, 0.529114080749, 0.505275480005, 0.493574033731, 0.530370282463, 0.430815100363, 1.01712554639, 2.59895169207e-151, 7.67560572972e-32, 3.03207933389e-46, 0.000545972260803
0.923287085652, 0.348965474338, 0.486201374414, 0.0310536774457, 0.45899739458, 0.472476884466, 0.584793969811, 0.490855937453, 0.471934570035, 0.529114080749, 0.505275480005, 0.493574033731, 0.530370282463, 0.430815100363, 1.01712554639, 2.59895169207e-151, 7.67560572972e-32, 3.03207933389e-46, 0.000545972260803
0.923287085652, 0.348965474338, 0.486201374414, 0.0310536774457, 0.45899739458, 0.472476884466, 0.584793969811, 0.490855937453, 0.471934570035, 0.529114080749, 0.505275480005, 0.493574033731, 0.530370282463, 0.430815100363, 1.01712554639, 2.59895169207e-151, 7.67560572972e-32, 3.03207933389e-46, 0.000545972260803
0.923287085652, 0.348965474338, 0.486201374414, 0.0310536774457, 0.45899739458, 0.472476884466, 0.584793969811, 0.490855937453, 0.471934570035, 0.529114080749, 0.505275480005, 0.493574033731, 0.530370282463, 0.430815100363, 1.01712554639, 2.59895169207e-151, 7.67560572972e-32, 3.03207933389e-46, 0.000545972260803
0.993320410066, 0.151311503708, 0.486194492967, 0.113532149623, 0.494210562128, 0.472083852163, 0.584875077958, 0.493816608509, 0.480545958009, 0.462010834003, 0.510223383743, 0.493596252151, 0.595716314041, 0.43555785428, 0.710296354293, 3.62614821122e-95, 5.35257792891e-32, 1.08331357743e-82, 0.736679367892
0.999569114676, 0.151311503708, 0.421640491754, 0.114422373269, 0.467512433149, 0.472520950385, 0.599761408898, 0.466253518507, 0.45702959481, 0.462011005981, 0.616622444495, 0.494203274655, 0.594770008379, 0.425605845895, 0.0691472529467, 7.70885619193e-96, 3.38942419738e-39, 1.05460428604e-83, 1.04204988402
0.999569114676, 0.151311503708, 0.421640491754, 0.114422373269, 0.467512433149, 0.472520950385, 0.599761408898, 0.466253518507, 0.45702959481, 0.462011005981, 0.616622444495, 0.494203274655, 0.594770008379, 0.425605845895, 0.0691472529467, 7.70885619193e-96, 3.38942419738e-39, 1.05460428604e-83, 1.04204988402
0.996489146707, 0.024198599351, 0.5390130553, 0.222487998514, 0.465673489624, 0.498608241927, 0.595288200173, 0.494295408372, 0.475201128947, 0.485207334977, 0.507097622089, 0.494378301123, 0.531486658702, 0.425631855895, 0.457063332374, 3.86149231424e-66, 1.03758738718e-27, 1.71837985202e-162, 0.90932303001
0.996489146707, 0.024198599351, 0.5390130553, 0.222487998514, 0.465673489624, 0.498608241927, 0.595288200173, 0.494295408372, 0.475201128947, 0.485207334977, 0.507097622089, 0.494378301123, 0.531486658702, 0.425631855895, 0.457063332374, 3.86149231424e-66, 1.03758738718e-27, 1.71837985202e-162, 0.90932303001
0.996489146707, 0.024198599351, 0.5390130553, 0.222487998514, 0.465673489624, 0.498608241927, 0.595288200173, 0.494295408372, 0.475201128947, 0.485207334977, 0.507097622089, 0.494378301123, 0.531486658702, 0.425631855895, 0.457063332374, 3.86149231424e-66, 1.03758738718e-27, 1.71837985202e-162, 0.90932303001
0.996489146707, 0.024198599351, 0.5390130553, 0.222487998514, 0.465673489624, 0.498608241927, 0.595288200173, 0.494295408372, 0.475201128947, 0.485207334977, 0.507097622089, 0.494378301123, 0.531486658702, 0.425631855895, 0.457063332374, 3.86149231424e-66, 1.03758738718e-27, 1.71837985202e-162, 0.90932303001
0.993464814075, 0.151311503708, 0.501545156341, 0.114584615417, 0.498916571892, 0.472074531839, 0.595288607608, 0.494041685533, 0.456939004423, 0.485232659778, 0.470518278568, 0.493727196846, 0.526210679278, 0.440669719729, 0.697292415133, 8.95706990452e-95, 1.17635628247e-30, 1.06348052639e-82, 0.740434916477
0.992801061182, 0.151311503708, 0.504769422728, 0.109428113, 0.495049747841, 0.472083852163, 0.600353298283, 0.494192106461, 0.454163341088, 0.461999865048, 0.615623893977, 0.493370409606, 0.526356999172, 0.43555785428, 0.746637666011, 9.59667516734e-97, 2.39074723626e-30, 1.13873978956e-82, 0.713463172787
0.996488081064, 0.151311503708, 0.485848516871, 0.365807002414, 0.465533209769, 0.502721123019, 0.59490307297, 0.49410835833, 0.475150036856, 0.462696644825, 0.46986819484, 0.493424695682, 0.531494230092, 0.425617910897, 0.458065161163, 1.5214181883e-44, 3.21466166058e-32, 6.98621364783e-83, 0.911047851787
0.996488081064, 0.151311503708, 0.485848516871, 0.365807002414, 0.465533209769, 0.502721123019, 0.59490307297, 0.49410835833, 0.475150036856, 0.462696644825, 0.46986819484, 0.493424695682, 0.531494230092, 0.425617910897, 0.458065161163, 1.5214181883e-44, 3.21466166058e-32, 6.98621364783e-83, 0.911047851787
0.990365126622, 0.102368257549, 0.564010390433, 0.115323192784, 0.616679760265, 0.472513234466, 0.553538666003, 0.466323618285, 0.457054552243, 0.486003240786, 0.467515350215, 0.494420860717, 0.531284218655, 0.430740562242, 0.849835035013, 2.07548817748e-94, 1.79541557875e-25, 1.38670989055e-99, 0.577121209753
0.994569847665, 0.151311503708, 0.388685094476, 0.232024516421, 0.59707588874, 0.452963150147, 0.550389776488, 0.512743403018, 0.471066963505, 0.48279931626, 0.468709023053, 0.52945032271, 0.53139363295, 0.430420786218, 0.626921060015, 3.52144051289e-64, 8.97679636148e-42, 9.5615314958e-83, 0.808575029808
0.992801061182, 0.101565257894, 0.504769422728, 0.109428113, 0.495049747841, 0.472081172885, 0.553169050736, 0.466414241549, 0.454163341088, 0.48577011171, 0.609625999379, 0.494443043486, 0.526356999172, 0.435162846987, 0.740344818861, 9.51579201247e-97, 2.3705974265e-30, 5.49631329301e-100, 0.707449928482
0.992801061182, 0.101565257894, 0.504769422728, 0.109428113, 0.495049747841, 0.472081172885, 0.553169050736, 0.466414241549, 0.454163341088, 0.48577011171, 0.609625999379, 0.494443043486, 0.526356999172, 0.435162846987, 0.740344818861, 9.51579201247e-97, 2.3705974265e-30, 5.49631329301e-100, 0.707449928482
0.992434314075, 0.151058359449, 0.40938165249, 0.109596690243, 0.538346625612, 0.453018741062, 0.551351177246, 0.466220011126, 0.47112503816, 0.474224045517, 0.533269851193, 0.471793941696, 0.524742932799, 0.441473383347, 0.752868332791, 1.12871110352e-96, 1.93052921882e-39, 9.71214785917e-83, 0.680587232387
0.988258108024, 0.156756174391, 0.41921825909, 0.110675415471, 0.462771689906, 0.472521334327, 0.600253601364, 0.490879194183, 0.456378517573, 0.461085894285, 0.533793619283, 0.488632598033, 0.530469225129, 0.435550870209, 0.905544758266, 3.61531294177e-96, 2.49487511081e-38, 4.7369129398e-81, 0.473883478492
0.988258108024, 0.156756174391, 0.41921825909, 0.110675415471, 0.462771689906, 0.472521334327, 0.600253601364, 0.490879194183, 0.456378517573, 0.461085894285, 0.533793619283, 0.488632598033, 0.530469225129, 0.435550870209, 0.905544758266, 3.61531294177e-96, 2.49487511081e-38, 4.7369129398e-81, 0.473883478492
0.988258108024, 0.156756174391, 0.41921825909, 0.110675415471, 0.462771689906, 0.472521334327, 0.600253601364, 0.490879194183, 0.456378517573, 0.461085894285, 0.533793619283, 0.488632598033, 0.530469225129, 0.435550870209, 0.905544758266, 3.61531294177e-96, 2.49487511081e-38, 4.7369129398e-81, 0.473883478492
0.993462372336, 0.151058359449, 0.40938165249, 0.170300368039, 0.538346625612, 0.452609207939, 0.549616334752, 0.463283285572, 0.47112503816, 0.474224045517, 0.535917118611, 0.471793941696, 0.524742932799, 0.430316470973, 0.697093581723, 1.44867049068e-77, 1.78750980637e-39, 8.99264272714e-83, 0.739926651571
0.986824702838, 0.156610412374, 0.486202315744, 0.115312719257, 0.461443705203, 0.472812142399, 0.600354285776, 0.489884014751, 0.47305602222, 0.48666635791, 0.504792409219, 0.488786934675, 0.530768016743, 0.439393968002, 0.930836765766, 2.25275917257e-94, 7.02579878775e-32, 4.4366658106e-81, 0.412325243219
0.9958867469, 0.151311503708, 0.486072362836, 0.113656767034, 0.462720549868, 0.472520907855, 0.600797529002, 0.488376614805, 0.456965800175, 0.4589982565, 0.470079434984, 0.494368437208, 0.526415441942, 0.425667544562, 0.517752784723, 2.94966135726e-95, 3.80482933243e-32, 7.89654371804e-83, 0.882447280325
0.993462372336, 0.0248985898027, 0.366060382778, 0.170300368039, 0.539095703978, 0.493886262804, 0.549616334752, 0.46273117506, 0.475173992538, 0.464283098933, 0.507420975181, 0.514864202553, 0.51659811097, 0.430335361194, 0.694443430652, 1.44316305846e-77, 2.47189319161e-44, 4.52097170342e-161, 0.73711366138
0.993462372336, 0.0248985898027, 0.366060382778, 0.170300368039, 0.539095703978, 0.493886262804, 0.549616334752, 0.46273117506, 0.475173992538, 0.464283098933, 0.507420975181, 0.514864202553, 0.51659811097, 0.430335361194, 0.694443430652, 1.44316305846e-77, 2.47189319161e-44, 4.52097170342e-161, 0.73711366138
0.993462372336, 0.0248985898027, 0.366060382778, 0.170300368039, 0.539095703978, 0.493886262804, 0.549616334752, 0.46273117506, 0.475173992538, 0.464283098933, 0.507420975181, 0.514864202553, 0.51659811097, 0.430335361194, 0.694443430652, 1.44316305846e-77, 2.47189319161e-44, 4.52097170342e-161, 0.73711366138
0.9906147823, 0.151061579656, 0.40938165249, 0.115586934653, 0.538586113402, 0.453021946804, 0.551351177246, 0.466220011126, 0.47112503816, 0.474224045517, 0.470504144575, 0.493285195117, 0.524869105499, 0.441464056144, 0.830028027697, 2.54734214593e-94, 2.12838459279e-39, 1.07303729366e-82, 0.582332947184
0.992378847418, 0.148048727649, 0.409274295323, 0.109596690243, 0.539097348517, 0.453018741062, 0.551411701623, 0.466295134639, 0.47112283884, 0.464410981774, 0.507807233395, 0.471793941696, 0.516154255666, 0.43030668316, 0.756168485857, 1.13365874077e-96, 1.88879747148e-39, 1.30378621905e-83, 0.677962065045
0.992378847418, 0.148048727649, 0.409274295323, 0.109596690243, 0.539097348517, 0.453018741062, 0.551411701623, 0.466295134639, 0.47112283884, 0.464410981774, 0.507807233395, 0.471793941696, 0.516154255666, 0.43030668316, 0.756168485857, 1.13365874077e-96, 1.88879747148e-39, 1.30378621905e-83, 0.677962065045
0.998047727103, 0.151311503708, 0.487058926801, 0.110675415471, 0.496509128963, 0.472522067296, 0.600240693083, 0.481491789057, 0.456470989887, 0.461718439204, 0.469687738913, 0.488548844345, 0.530469225129, 0.425406432035, 0.281303774818, 1.1230821761e-96, 2.53189788563e-32, 4.29032469056e-83, 0.982586580366
0.998047727103, 0.151311503708, 0.487058926801, 0.110675415471, 0.496509128963, 0.472522067296, 0.600240693083, 0.481491789057, 0.456470989887, 0.461718439204, 0.469687738913, 0.488548844345, 0.530469225129, 0.425406432035, 0.281303774818, 1.1230821761e-96, 2.53189788563e-32, 4.29032469056e-83, 0.982586580366
0.986505755899, 0.151311503708, 0.41921825909, 0.110753726936, 0.601895185461, 0.472521334327, 0.600247962776, 0.490921841018, 0.469985605955, 0.455401807767, 0.533447715763, 0.488632598033, 0.530469225129, 0.43669922878, 0.94750881973, 4.06011263681e-96, 2.61049070191e-38, 1.44509986986e-82, 0.404763709693
0.995845419542, 0.151311503708, 0.486072362836, 0.113656767034, 0.497554180263, 0.472520907855, 0.600797529002, 0.488381676328, 0.456965800175, 0.435443036049, 0.481982248873, 0.494368437208, 0.526415441942, 0.425667544562, 0.521820511537, 2.97283538345e-95, 3.83472198923e-32, 7.95858294519e-83, 0.880666404709
0.995845419542, 0.151311503708, 0.486072362836, 0.113656767034, 0.497554180263, 0.472520907855, 0.600797529002, 0.488381676328, 0.456965800175, 0.435443036049, 0.481982248873, 0.494368437208, 0.526415441942, 0.425667544562, 0.521820511537, 2.97283538345e-95, 3.83472198923e-32, 7.95858294519e-83, 0.880666404709
0.995845419542, 0.151311503708, 0.486072362836, 0.113656767034, 0.497554180263, 0.472520907855, 0.600797529002, 0.488381676328, 0.456965800175, 0.435443036049, 0.481982248873, 0.494368437208, 0.526415441942, 0.425667544562, 0.521820511537, 2.97283538345e-95, 3.83472198923e-32, 7.95858294519e-83, 0.880666404709
0.998235277319, 0.151311503708, 0.497067045864, 0.114416976974, 0.464248337248, 0.472513192856, 0.553617326851, 0.490331896797, 0.456939004423, 0.461694902422, 0.467551241892, 0.494418456101, 0.531284218655, 0.425403497836, 0.255605800528, 2.83620413109e-95, 1.75868371538e-31, 3.89839019318e-83, 0.983271066799
0.998235277319, 0.151311503708, 0.497067045864, 0.114416976974, 0.464248337248, 0.472513192856, 0.553617326851, 0.490331896797, 0.456939004423, 0.461694902422, 0.467551241892, 0.494418456101, 0.531284218655, 0.425403497836, 0.255605800528, 2.83620413109e-95, 1.75868371538e-31, 3.89839019318e-83, 0.983271066799
0.998235277319, 0.151311503708, 0.497067045864, 0.114416976974, 0.464248337248, 0.472513192856, 0.553617326851, 0.490331896797, 0.456939004423, 0.461694902422, 0.467551241892, 0.494418456101, 0.531284218655, 0.425403497836, 0.255605800528, 2.83620413109e-95, 1.75868371538e-31, 3.89839019318e-83, 0.983271066799
0.998235277319, 0.151311503708, 0.497067045864, 0.114416976974, 0.464248337248, 0.472513192856, 0.553617326851, 0.490331896797, 0.456939004423, 0.461694902422, 0.467551241892, 0.494418456101, 0.531284218655, 0.425403497836, 0.255605800528, 2.83620413109e-95, 1.75868371538e-31, 3.89839019318e-83, 0.983271066799
