0.736589641234, 0.972694596578, 2.78103640875, 0.589084308459, 29.8028350514, 46.6966492721, 0.00220703625294, 3.77342757803, 4.786939691, 71.423607789, 9999999999.62, 0.0
0.736589641234, 0.972694596578, 2.78103640875, 0.589084308459, 29.8028350514, 46.6966492721, 0.00220703625294, 3.77342757803, 4.786939691, 71.423607789, 9999999999.62, 0.0
0.736589641234, 0.972694596578, 2.78103640875, 0.589084308459, 29.8028350514, 46.6966492721, 0.00220703625294, 3.77342757803, 4.786939691, 71.423607789, 9999999999.62, 0.0
0.736589641234, 0.972694596578, 2.78103640875, 0.589084308459, 29.8028350514, 46.6966492721, 0.00220703625294, 3.77342757803, 4.786939691, 71.423607789, 9999999999.62, 0.0
0.736589641234, 0.972694596578, 2.78103640875, 0.589084308459, 29.8028350514, 46.6966492721, 0.00220703625294, 3.77342757803, 4.786939691, 71.423607789, 9999999999.62, 0.0
0.736589641234, 0.972694596578, 2.78103640875, 0.589084308459, 29.8028350514, 46.6966492721, 0.00220703625294, 3.77342757803, 4.786939691, 71.423607789, 9999999999.62, 0.0
0.736589641234, 0.972694596578, 2.78103640875, 0.589084308459, 29.8028350514, 46.6966492721, 0.00220703625294, 3.77342757803, 4.786939691, 71.423607789, 9999999999.62, 0.0
0.736589641234, 0.972694596578, 2.78103640875, 0.617400966909, 29.8028350514, 46.8041189886, 0.00220703625294, 3.77342757803, 4.786939691, 21.4270823367, 9999999999.69, 0.0
0.736589641234, 0.972694596578, 2.78103640875, 0.617400966909, 29.8028350514, 46.8041189886, 0.00220703625294, 3.77342757803, 4.786939691, 21.4270823367, 9999999999.69, 0.0
0.736589641234, 0.972694596578, 2.78103640875, 0.617400966909, 29.8028350514, 46.8041189886, 0.00220703625294, 3.77342757803, 4.786939691, 21.4270823367, 9999999999.69, 0.0
0.736589641234, 0.972694596578, 2.78103640875, 0.617400966909, 29.8028350514, 46.8041189886, 0.00220703625294, 3.77342757803, 4.786939691, 21.4270823367, 9999999999.69, 0.0
0.736589641234, 0.972694596578, 2.78103640875, 0.617400966909, 29.8028350514, 46.8041189886, 0.00220703625294, 3.77342757803, 4.786939691, 21.4270823367, 9999999999.69, 0.0
0.736589641234, 0.972694596578, 2.78103640875, 0.617400966909, 29.8028350514, 46.8041189886, 0.00220703625294, 3.77342757803, 4.786939691, 21.4270823367, 9999999999.69, 0.0
0.736589641234, 0.972694596578, 2.78103640875, 0.617400966909, 29.8028350514, 46.8041189886, 0.00220703625294, 3.77342757803, 4.786939691, 21.4270823367, 9999999999.69, 0.0
0.736589641234, 0.972694596578, 2.78103640875, 0.617400966909, 29.8028350514, 46.8041189886, 0.00220703625294, 3.77342757803, 4.786939691, 21.4270823367, 9999999999.69, 0.0
0.736589641234, 0.972694596578, 2.78103640875, 0.617400966909, 29.8028350514, 46.8041189886, 0.00220703625294, 3.77342757803, 4.786939691, 21.4270823367, 9999999999.69, 0.0
0.736589641234, 0.972694596578, 2.78103640875, 0.617400966909, 29.8028350514, 46.8041189886, 0.00220703625294, 3.77342757803, 4.786939691, 21.4270823367, 9999999999.69, 0.0
0.736589641234, 0.972694596578, 2.78103640875, 0.617400966909, 29.8028350514, 46.8041189886, 0.00220703625294, 3.77342757803, 4.786939691, 21.4270823367, 9999999999.69, 0.0
0.736589641234, 0.972694596578, 2.78103640875, 0.617400966909, 29.8028350514, 46.8041189886, 0.00220703625294, 3.77342757803, 4.786939691, 21.4270823367, 9999999999.69, 0.0
0.736589641234, 0.972694596578, 2.78103640875, 0.617400966909, 29.8028350514, 46.8041189886, 0.00220703625294, 3.77342757803, 4.786939691, 21.4270823367, 9999999999.69, 0.0
0.736589641234, 0.972694596578, 2.78103640875, 0.617400966909, 29.8028350514, 46.8041189886, 0.00220703625294, 3.77342757803, 4.786939691, 21.4270823367, 9999999999.69, 0.0
0.736589641234, 0.972694596578, 2.78103640875, 0.617400966909, 29.8028350514, 46.8041189886, 0.00220703625294, 3.77342757803, 4.786939691, 21.4270823367, 9999999999.69, 0.0
0.736589641234, 0.972694596578, 2.78103640875, 0.617400966909, 29.8028350514, 46.8041189886, 0.00220703625294, 3.77342757803, 4.786939691, 21.4270823367, 9999999999.69, 0.0
0.736589641234, 0.972694596578, 2.78103640875, 0.617400966909, 29.8028350514, 46.8041189886, 0.00220703625294, 3.77342757803, 4.786939691, 21.4270823367, 9999999999.69, 0.0
0.736589641234, 0.972694596578, 2.78103640875, 0.617400966909, 29.8028350514, 46.8041189886, 0.00220703625294, 3.77342757803, 4.786939691, 21.4270823367, 9999999999.69, 0.0
0.736589641234, 0.972694596578, 2.78103640875, 0.617400966909, 29.8028350514, 46.8041189886, 0.00220703625294, 3.77342757803, 4.786939691, 21.4270823367, 9999999999.69, 0.0
0.736589641234, 0.972694596578, 2.78103640875, 0.617400966909, 29.8028350514, 46.8041189886, 0.00220703625294, 3.77342757803, 4.786939691, 21.4270823367, 9999999999.69, 0.0
0.737419557679, 0.990043325604, 2.55710835688, 0.584705020354, 24.5535201711, 22.2328965785, 0.00247873788245, 0.474216981187, 10.7839455898, 81.847206147, 9999999999.4, 0.0
0.737393036684, 0.988809832843, 2.34007338182, 0.584707093, 24.5540518611, 46.5951861938, 0.0020377199092, 4.10896149992, 10.7889538846, 96.6628401489, 9999999999.55, 0.0
0.736589641234, 0.972694596578, 2.33714607006, 0.603624329787, 29.4973942347, 46.6966492721, 0.00204031908036, 3.77342757803, 4.786939691, 72.6390013243, 9999999999.54, 0.0
0.736589641234, 0.972694596578, 2.33714607006, 0.603624329787, 29.4973942347, 46.6966492721, 0.00204031908036, 3.77342757803, 4.786939691, 72.6390013243, 9999999999.54, 0.0
0.736589641234, 0.972694596578, 2.33714607006, 0.603624329787, 29.4973942347, 46.6966492721, 0.00204031908036, 3.77342757803, 4.786939691, 72.6390013243, 9999999999.54, 0.0
0.736589641234, 0.972694596578, 2.33714607006, 0.603624329787, 29.4973942347, 46.6966492721, 0.00204031908036, 3.77342757803, 4.786939691, 72.6390013243, 9999999999.54, 0.0
0.736589641234, 0.972694596578, 2.33714607006, 0.603624329787, 29.4973942347, 46.6966492721, 0.00204031908036, 3.77342757803, 4.786939691, 72.6390013243, 9999999999.54, 0.0
0.736589641234, 0.972694596578, 2.33714607006, 0.603624329787, 29.4973942347, 46.6966492721, 0.00204031908036, 3.77342757803, 4.786939691, 72.6390013243, 9999999999.54, 0.0
0.736589641234, 0.972694596578, 2.33714607006, 0.603624329787, 29.4973942347, 46.6966492721, 0.00204031908036, 3.77342757803, 4.786939691, 72.6390013243, 9999999999.54, 0.0
0.736589641234, 0.972694596578, 2.33714607006, 0.603624329787, 29.4973942347, 46.6966492721, 0.00204031908036, 3.77342757803, 4.786939691, 72.6390013243, 9999999999.54, 0.0
0.736589641234, 0.972694596578, 2.33714607006, 0.603624329787, 29.4973942347, 46.6966492721, 0.00204031908036, 3.77342757803, 4.786939691, 72.6390013243, 9999999999.54, 0.0
0.736589641234, 0.972694596578, 2.33714607006, 0.603624329787, 29.4973942347, 46.6966492721, 0.00204031908036, 3.77342757803, 4.786939691, 72.6390013243, 9999999999.54, 0.0
0.736589641234, 0.972694596578, 2.33714607006, 0.603624329787, 29.4973942347, 46.6966492721, 0.00204031908036, 3.77342757803, 4.786939691, 72.6390013243, 9999999999.54, 0.0
0.736589641234, 0.972694596578, 2.33714607006, 0.603624329787, 29.4973942347, 46.6966492721, 0.00204031908036, 3.77342757803, 4.786939691, 72.6390013243, 9999999999.54, 0.0
0.736589641234, 0.972694596578, 2.33714607006, 0.603624329787, 29.4973942347, 46.6966492721, 0.00204031908036, 3.77342757803, 4.786939691, 72.6390013243, 9999999999.54, 0.0
0.736589641234, 0.972694596578, 2.33714607006, 0.603624329787, 29.4973942347, 46.6966492721, 0.00204031908036, 3.77342757803, 4.786939691, 72.6390013243, 9999999999.54, 0.0
0.736589641234, 0.972694596578, 2.33714607006, 0.603624329787, 29.4973942347, 46.6966492721, 0.00204031908036, 3.77342757803, 4.786939691, 72.6390013243, 9999999999.54, 0.0
0.736589641234, 0.972694596578, 2.33714607006, 0.603624329787, 29.4973942347, 46.6966492721, 0.00204031908036, 3.77342757803, 4.786939691, 72.6390013243, 9999999999.54, 0.0
0.736589641234, 0.972694596578, 2.33714607006, 0.603624329787, 29.4973942347, 46.6966492721, 0.00204031908036, 3.77342757803, 4.786939691, 72.6390013243, 9999999999.54, 0.0
0.736589641234, 0.972694596578, 2.78076101429, 0.59036438582, 29.8028350514, 46.6966492721, 0.00220703625294, 3.77342757803, 4.786939691, 83.9860722719, 9999999999.31, 0.0
0.736589641234, 0.966674189839, 2.78103640875, 0.617400966909, 29.8028350514, 45.0757909735, 0.00220703625294, 3.77342757803, 4.786939691, 92.7539238853, 9999999999.62, 0.4
0.736589641234, 0.972694596578, 2.33714607006, 0.603624329787, 29.4973942347, 46.6966492721, 0.00204031908036, 3.77342757803, 4.786939691, 77.8849386893, 9999999999.39, 0.461538461538
0.736589641234, 0.972694596578, 2.33714607006, 0.603624329787, 29.4973942347, 46.6966492721, 0.00204031908036, 3.77342757803, 4.786939691, 77.8849386893, 9999999999.39, 0.461538461538
0.736589641234, 0.972694596578, 2.33714607006, 0.603624329787, 29.4973942347, 46.6966492721, 0.00204031908036, 3.77342757803, 4.786939691, 77.8849386893, 9999999999.39, 0.461538461538
0.736589641234, 0.972694596578, 2.33714607006, 0.603624329787, 29.4973942347, 46.6966492721, 0.00204031908036, 3.77342757803, 4.786939691, 77.8849386893, 9999999999.39, 0.461538461538
0.736589641234, 0.972694596578, 2.33714607006, 0.603624329787, 29.4973942347, 46.6966492721, 0.00204031908036, 3.77342757803, 4.786939691, 77.8849386893, 9999999999.39, 0.461538461538
0.736589641234, 0.972694596578, 2.33714607006, 0.603624329787, 29.4973942347, 46.6966492721, 0.00204031908036, 3.77342757803, 4.786939691, 77.8849386893, 9999999999.39, 0.461538461538
0.736589641234, 0.972694596578, 2.33714607006, 0.603624329787, 29.4973942347, 46.6966492721, 0.00204031908036, 3.77342757803, 4.786939691, 77.8849386893, 9999999999.39, 0.461538461538
0.736589641234, 0.972694596578, 2.33714607006, 0.603624329787, 29.4973942347, 46.6966492721, 0.00204031908036, 3.77342757803, 4.786939691, 77.8849386893, 9999999999.39, 0.461538461538
0.736589641234, 0.972694596578, 2.33714607006, 0.603624329787, 29.4973942347, 46.6966492721, 0.00204031908036, 3.77342757803, 4.786939691, 77.8849386893, 9999999999.39, 0.461538461538
0.736589641234, 0.972694596578, 2.33714607006, 0.603624329787, 29.4973942347, 46.6966492721, 0.00204031908036, 3.77342757803, 4.786939691, 77.8849386893, 9999999999.39, 0.461538461538
0.736589641234, 0.972694596578, 2.33714607006, 0.603624329787, 29.4973942347, 46.6966492721, 0.00204031908036, 3.77342757803, 4.786939691, 77.8849386893, 9999999999.39, 0.461538461538
0.736589641234, 0.972694596578, 2.33714607006, 0.603624329787, 29.4973942347, 46.6966492721, 0.00204031908036, 3.77342757803, 4.786939691, 77.8849386893, 9999999999.39, 0.461538461538
0.736589641234, 0.972694596578, 2.33714607006, 0.603624329787, 29.4973942347, 46.6966492721, 0.00204031908036, 3.77342757803, 4.786939691, 77.8849386893, 9999999999.39, 0.461538461538
0.736589641234, 0.972694596578, 2.33714607006, 0.603624329787, 29.4973942347, 46.6966492721, 0.00204031908036, 3.77342757803, 4.786939691, 77.8849386893, 9999999999.39, 0.461538461538
0.736589641234, 0.972694596578, 2.33714607006, 0.603624329787, 29.4973942347, 46.6966492721, 0.00204031908036, 3.77342757803, 4.786939691, 77.8849386893, 9999999999.39, 0.461538461538
0.736589641234, 0.972694596578, 2.33714607006, 0.603624329787, 21.1235997773, 46.6966492721, 0.00204031908036, 3.77342757803, 4.786939691, 86.8451528748, 9999999999.58, 0.461538461538
0.736589641234, 0.972694596578, 2.33714607006, 0.603624329787, 21.1235997773, 46.6966492721, 0.00204031908036, 3.77342757803, 4.786939691, 86.8451528748, 9999999999.58, 0.461538461538
0.736589641234, 0.96781929332, 2.33714607006, 0.603624329787, 29.4973942347, 47.2913746066, 0.00204031908036, 3.77342757803, 4.786939691, 36.9969862963, 9999999999.64, 0.545454545455
0.736589641234, 0.96781929332, 2.33714607006, 0.603624329787, 29.4973942347, 47.2913746066, 0.00204031908036, 3.77342757803, 4.786939691, 36.9969862963, 9999999999.64, 0.545454545455
0.736589641234, 0.96781929332, 2.33714607006, 0.603624329787, 29.4973942347, 47.2913746066, 0.00204031908036, 3.77342757803, 4.786939691, 36.9969862963, 9999999999.64, 0.545454545455
0.736589641234, 0.96781929332, 2.33714607006, 0.603624329787, 29.4973942347, 47.2913746066, 0.00204031908036, 3.77342757803, 4.786939691, 36.9969862963, 9999999999.64, 0.545454545455
0.736589641234, 0.96781929332, 2.33714607006, 0.603624329787, 29.4973942347, 47.2913746066, 0.00204031908036, 3.77342757803, 4.786939691, 36.9969862963, 9999999999.64, 0.545454545455
0.736589641234, 0.96781929332, 2.33714607006, 0.603624329787, 29.4973942347, 47.2913746066, 0.00204031908036, 3.77342757803, 4.786939691, 36.9969862963, 9999999999.64, 0.545454545455
0.736589641234, 0.96781929332, 2.33714607006, 0.603624329787, 29.4973942347, 47.2913746066, 0.00204031908036, 3.77342757803, 4.786939691, 36.9969862963, 9999999999.64, 0.545454545455
0.736589641234, 0.96781929332, 2.33714607006, 0.603624329787, 29.4973942347, 47.2913746066, 0.00204031908036, 3.77342757803, 4.786939691, 36.9969862963, 9999999999.64, 0.545454545455
0.736589641234, 0.96781929332, 2.33714607006, 0.603624329787, 29.4973942347, 47.2913746066, 0.00204031908036, 3.77342757803, 4.786939691, 36.9969862963, 9999999999.64, 0.545454545455
0.736589641234, 0.96781929332, 2.33714607006, 0.603624329787, 29.4973942347, 47.2913746066, 0.00204031908036, 3.77342757803, 4.786939691, 36.9969862963, 9999999999.64, 0.545454545455
0.736589641234, 0.972694596578, 2.33714607006, 0.603624329787, 29.4973942347, 46.6966492721, 0.00204031908036, 3.77342757803, 4.786939691, 73.3359068721, 9999999999.56, 0.0909090909091
0.736589641234, 0.972694596578, 2.33714607006, 0.603624329787, 29.4973942347, 46.6966492721, 0.00204031908036, 3.77342757803, 4.786939691, 73.3359068721, 9999999999.56, 0.0909090909091
0.736589641234, 0.972694596578, 2.33714607006, 0.603624329787, 29.4973942347, 46.6966492721, 0.00204031908036, 3.77342757803, 4.786939691, 73.3359068721, 9999999999.56, 0.0909090909091
0.736589641234, 0.972694596578, 2.33714607006, 0.603624329787, 29.4973942347, 46.6966492721, 0.00204031908036, 3.77342757803, 4.786939691, 73.3359068721, 9999999999.56, 0.0909090909091
0.736589641234, 0.972694596578, 2.33714607006, 0.603624329787, 29.4973942347, 46.6966492721, 0.00204031908036, 3.77342757803, 4.786939691, 73.3359068721, 9999999999.56, 0.0909090909091
0.736589641234, 0.972694596578, 2.33714607006, 0.603624329787, 29.4973942347, 46.6966492721, 0.00204031908036, 3.77342757803, 4.786939691, 73.3359068721, 9999999999.56, 0.0909090909091
0.736589641234, 0.972694596578, 2.33714607006, 0.603624329787, 29.4973942347, 46.6966492721, 0.00204031908036, 3.77342757803, 4.786939691, 73.3359068721, 9999999999.56, 0.0909090909091
0.736589641234, 0.972694596578, 2.33714607006, 0.603624329787, 29.4973942347, 46.6966492721, 0.00204031908036, 3.77342757803, 4.786939691, 73.3359068721, 9999999999.56, 0.0909090909091
0.736589641234, 0.972694596578, 2.33714607006, 0.603624329787, 29.4973942347, 46.6966492721, 0.00204031908036, 3.77342757803, 4.786939691, 73.3359068721, 9999999999.56, 0.0909090909091
0.736589641234, 0.972694596578, 2.33714607006, 0.603624329787, 21.1235997773, 40.7181748083, 0.00204031908036, 3.77342757803, 4.786939691, 57.2936772438, 9999999999.37, 0.0
0.736589641234, 0.972694596578, 2.33714607006, 0.603624329787, 21.1235997773, 40.7181748083, 0.00204031908036, 3.77342757803, 4.786939691, 57.2936772438, 9999999999.37, 0.0
0.736589641234, 0.972694596578, 2.33714607006, 0.603624329787, 21.1235997773, 40.7181748083, 0.00204031908036, 3.77342757803, 4.786939691, 57.2936772438, 9999999999.37, 0.0
0.736589641234, 0.972694596578, 2.33714607006, 0.603624329787, 21.1235997773, 40.7181748083, 0.00204031908036, 3.77342757803, 4.786939691, 57.2936772438, 9999999999.37, 0.0
0.736589641234, 0.972694596578, 2.33714607006, 0.603624329787, 21.1235997773, 40.7181748083, 0.00204031908036, 3.77342757803, 4.786939691, 57.2936772438, 9999999999.37, 0.0
0.736589641234, 0.972694596578, 2.33714607006, 0.603624329787, 21.1235997773, 40.7181748083, 0.00204031908036, 3.77342757803, 4.786939691, 57.2936772438, 9999999999.37, 0.0
0.736589641234, 0.972694596578, 2.33714607006, 0.603624329787, 21.1235997773, 40.7181748083, 0.00204031908036, 3.77342757803, 4.786939691, 57.2936772438, 9999999999.37, 0.0
0.736589641234, 0.972694596578, 2.78103640875, 0.617400966909, 29.8028350514, 46.8041189886, 0.00220703625294, 3.77342757803, 4.786939691, 79.0421259532, 9999999999.44, 0.25
