0.220262053675, 0.43965084612, 0.987506885002, 0.971983872437, 0.903006329727, 0.428501227467, 0.0963924651884, 0.838046593816, 0.043984174593, 0.555358975829, 0.657943947148, 0.569706951556, 0.813143768189, 0.954376599922, 0.836056533807, 18.9857244469, 968.281161491, 800.29184507, 452.895419457
0.161490148349, 0.125666424424, 0.133155437935, 0.989973526321, 0.36325971137, 0.503049100583, 0.942854539746, 0.799303166701, 0.340879916709, 0.4061315697, 0.283328753977, 0.0634315004647, 0.0901423270811, 0.291292506498, 12.8688806124, 817.027672153, 173.447495031, 167.06760907, 220.851733094
0.42305061205, 0.476554869012, 0.382131699068, 0.999671941013, 0.612442232187, 0.851778481195, 0.218203369039, 0.788345172923, 0.299625221035, 0.77109907853, 0.428988880792, 0.977506816254, 0.665535548417, 0.986686945307, 0.227363824228, 441.214228937, 302.01358538, 496.679978657, 571.694442672
0.21801153864, 0.0605390463417, 0.404237553329, 0.494694083987, 0.394778391311, 0.195320064584, 0.509088824931, 0.304870931245, 0.413700497365, 0.949309124803, 0.428798207822, 0.0904437884862, 0.621880156813, 0.563654700197, 380.653523939, 374.360702058, 393.353014442, 63.2528275671, 237.484942029
0.513017338997, 0.0022625969645, 0.605614825141, 0.30304023997, 0.419734366647, 0.305079069512, 0.607587228057, 0.710237746895, 0.770610179531, 0.529989551861, 0.388467844548, 0.290199934264, 0.363296342192, 0.0487591538168, 292.464985749, 150.781957888, 461.395688739, 2.01413031907, 590.373569458
0.518346688329, 0.913991976658, 0.385462609958, 0.00885929565433, 0.421541584986, 0.706403064935, 0.347955702433, 0.287206574831, 0.200342176445, 0.300691962585, 0.815372351293, 0.298893193951, 0.598071902325, 0.594683099621, 30.9732646048, 0.431056393854, 21.4422918853, 277.156315292, 296.309783581
0.999848055962, 0.112787115817, 0.142024398494, 0.826694409796, 0.985140753871, 0.481331650661, 0.946020545919, 0.808225215458, 0.791829060209, 0.709836820821, 0.279486309859, 0.0506665881219, 0.0862962004192, 0.296712217409, 0.0471485708178, 0.16889562125, 0.0397819547312, 0.0321935229805, 765.349641528
0.0185681886697, 0.65992171321, 0.365157925383, 0.0984016260277, 0.900239542333, 0.754362504202, 0.567119649735, 0.330141505338, 0.43326387964, 0.362480097363, 0.51219806074, 0.00757362786866, 0.839422937882, 0.757594371114, 538.185280223, 83.8555930327, 351.886223218, 1096.17660549, 37.1579463503
0.0585333641642, 0.996406937678, 0.725670381196, 0.0720939713672, 0.736515626705, 0.930126582433, 0.31640011197, 0.911046186917, 0.233066611315, 0.689271481525, 0.91518028298, 0.224929074428, 0.220279102029, 0.873684924753, 2.24700810654, 0.255555696497, 4.91917707503, 959.264463903, 88.4493923983
0.162600624287, 0.114726908193, 0.590232479573, 0.985365964698, 0.667732839597, 0.648753365488, 0.00941289847879, 0.302625020063, 0.187347969491, 0.67711058917, 0.101749937303, 0.574487192061, 0.306324410912, 0.533602056138, 10.624103639, 462.09558499, 616.084613193, 140.321803035, 204.421047537
0.139238497389, 0.0069707188411, 0.605614825141, 0.30304023997, 0.423447977617, 0.704083630148, 0.394059963901, 0.974049988863, 0.770610179531, 0.452474481182, 0.625450912546, 0.286444908898, 0.370776605153, 0.475289031538, 472.79568753, 243.752458997, 745.887208763, 10.0316665653, 203.641790357
0.995480663333, 0.412709325893, 0.347005801438, 0.883480953872, 0.96072969964, 0.139761653603, 0.993467697774, 0.804341846866, 0.502971743324, 0.284076345778, 0.996280179299, 0.130034800883, 0.780659293321, 0.898259694426, 0.663181866466, 3.58284550777, 2.20936051643, 3.22785213655, 753.018515717
0.183502251684, 0.0673122882188, 0.554348598217, 0.343768389383, 0.503665697042, 0.34048573868, 0.521208659636, 0.481558726257, 0.995012393421, 0.940787355623, 0.906690409226, 0.404825071932, 0.60401327524, 0.236844353667, 404.282607574, 242.333543429, 559.574039584, 77.6484340224, 218.150296587
0.497040832241, 0.994107668778, 0.728084909587, 0.199941530299, 0.9137071777, 0.56310575225, 0.598176151783, 0.900120130075, 0.240995659615, 0.689502580207, 0.914177686125, 0.233594329351, 0.212859777963, 0.823624822006, 2.09424939399, 0.680250232733, 4.8379406426, 574.278785304, 568.989037481
0.421849599619, 0.0383963117598, 0.499063318273, 0.290914312405, 0.40161410887, 0.705515362581, 0.579392018357, 0.579721012964, 0.756737040722, 0.30387943515, 0.819013509184, 0.0854386965285, 0.599268735198, 0.594041527608, 250.320463753, 123.076835216, 278.121660141, 23.7862610087, 307.939870602
0.46951860241, 0.0069707188411, 0.0522555699988, 0.855860871812, 0.396050452309, 0.706095618318, 0.379419666855, 0.445486771698, 0.0256247306547, 0.452474481182, 0.621932755541, 0.286444908898, 0.381368630499, 0.484227835723, 139.27607745, 604.593706063, 51.0412174922, 6.81665244768, 565.627585922
0.984184398093, 0.888262270443, 0.00282674332844, 0.263405563915, 0.636510707897, 0.293847481779, 0.57648404345, 0.522285326944, 0.0477214212645, 0.647373496552, 0.0619751779201, 0.935045465513, 0.738785366503, 0.93097444242, 5.8878724083, 2.58539208893, 0.0285531257447, 36.2607771605, 1482.06168588
0.901013247758, 0.913991976658, 0.385462609958, 0.012272219355, 0.81434631329, 0.695301778083, 0.347955702433, 0.286512867575, 0.200342176445, 0.300691962585, 0.815372351293, 0.298874111234, 0.598071902325, 0.594683099621, 6.43680149316, 0.12409860593, 4.45649046586, 57.6031929451, 370.856050209
0.032161398723, 0.561076958025, 0.572473439243, 0.875802396606, 0.985816090559, 0.799805071503, 0.658106267023, 0.445596931642, 0.0319441732337, 0.0709924683183, 0.470241423705, 0.771490805657, 0.233946691629, 0.486679945213, 93.2378450758, 471.845653877, 605.151483319, 937.630073568, 61.4425412955
0.328431692401, 0.190321745922, 0.403538060745, 0.449423008838, 0.587199685192, 0.093205882606, 0.88920384866, 0.295817376982, 0.993613682617, 0.892044097338, 0.794439875252, 0.176755690271, 0.306564125184, 0.581221035783, 179.189871252, 152.761951291, 173.085122053, 90.0661822977, 173.430027709
0.304518666161, 0.349756419961, 0.221247139323, 0.580469825123, 0.195352750723, 0.408970784105, 0.119584532892, 0.417771333985, 0.0271430383324, 0.530392272329, 0.196288559941, 0.073525424778, 0.291997386776, 0.485540086738, 275.667195561, 355.930089636, 163.078367531, 293.172267965, 291.109731265
0.0456383182952, 0.716124557326, 0.616234476971, 0.0608505090433, 0.915288212229, 0.930566793441, 0.603465956537, 0.0305260724789, 0.822686678944, 0.331304863177, 0.914177686125, 0.233594329351, 0.0607446705485, 0.569573752362, 280.332013191, 26.8770886443, 409.16065747, 1039.09617826, 82.70627716
0.371061903387, 0.998118986022, 0.199455584421, 0.771859290409, 0.903170011308, 0.729234667312, 0.433247753795, 0.327969713308, 0.254815340793, 0.613133900593, 0.593359354297, 0.482287941012, 0.491128496773, 0.46728661002, 0.727867952237, 1.94339307047, 0.67232075119, 738.287791614, 486.731355301
0.9261172009, 0.115453006383, 0.0633447468314, 0.877365797803, 0.40090065076, 0.481599001695, 0.800998390809, 0.0160094290037, 0.514948153986, 0.0816357700626, 0.199036771773, 0.0854356274331, 0.630755291492, 0.569235325369, 12.9635069683, 66.4618060468, 6.76001011333, 12.4783423659, 593.465949233
0.0919888717687, 0.127955744882, 0.0938738569959, 0.992752646124, 0.40112306137, 0.0308888926091, 0.538426262232, 0.0189076486867, 0.340879916709, 0.0773899705829, 0.588536305604, 0.0634315004647, 0.0574240103055, 0.53564348874, 14.1141701835, 1239.75892422, 184.159312135, 255.38051708, 186.13527074
0.160925117324, 0.0489805574384, 0.0938738569959, 0.989973526321, 0.450079942934, 0.0176167759551, 0.409452252695, 0.799245209374, 0.340879916709, 0.4061315697, 0.588676357213, 0.06870312594, 0.0574240103055, 0.536022413698, 15.8898778491, 1008.82666495, 149.864481868, 78.6340946802, 264.259242896
0.0191178277838, 0.0993018048926, 0.597576807668, 0.996477920129, 0.899923807123, 0.754505617177, 0.567119649735, 0.333624192726, 0.892435533586, 0.305343336048, 0.51219806074, 0.0674562935033, 0.0689974465764, 0.272246046447, 3.31746842858, 599.629913395, 818.760470208, 159.596897318, 30.8602164877
0.967402791711, 0.991104672959, 0.365157751269, 0.0982615690929, 0.821077567476, 0.744981977579, 0.0113092724618, 0.32890556582, 0.414671613944, 0.913261232408, 0.790725745706, 0.00837342004305, 0.593921774796, 0.0237721975685, 0.438689254234, 0.0682540909026, 0.286821899895, 37.8253265908, 738.150674535
0.916864810478, 0.778623279858, 0.0598206740144, 0.89184619388, 0.40090065076, 0.496050610796, 0.800998390809, 0.0171742111657, 0.51452113289, 0.281729704404, 0.425659916519, 0.0854356274331, 0.630755291492, 0.89260796557, 3.86267887946, 22.5175107764, 2.1531290418, 63.309635747, 512.7328393
0.13246650543, 0.994988994412, 0.728263025045, 0.439455692674, 0.685014432468, 0.378303875836, 0.914770205885, 0.700034527231, 0.106982354674, 0.295834930928, 0.0979016407086, 0.608531590344, 0.140851411874, 0.903812186576, 1.15159077721, 0.951021466425, 3.2838622054, 458.308146196, 96.7673585698
0.0445629614179, 0.561076958025, 0.548687344763, 0.131313001959, 0.9931476749, 0.800391851355, 0.577530775157, 0.537133191383, 0.870022428662, 0.0709924683183, 0.471143900489, 0.771801224663, 0.233946691629, 0.947092552917, 491.439412303, 102.829704769, 585.414296607, 935.475200128, 85.0059837408
0.42305061205, 0.903363609889, 0.0910283841753, 0.999671941013, 0.61181371245, 0.851778481195, 0.222025759865, 0.788531908449, 0.0853581185751, 0.777128117757, 0.428988880792, 0.937581773813, 0.665535548417, 0.986686945307, 0.0634210446527, 123.072645395, 17.7187167419, 812.834519863, 644.168205763
0.199671520302, 0.279219995597, 0.0381353201595, 0.269243469943, 0.593058780621, 0.510220935642, 0.153534344081, 0.203013721077, 0.672111221966, 0.264162757838, 0.214458562633, 0.00631631370777, 0.391845413554, 0.990413823877, 529.366581736, 238.261258933, 34.8161267167, 272.790547429, 208.348509816
0.161490148349, 0.125516960156, 0.606294198008, 0.989973526321, 0.36325971137, 0.815633640479, 0.943584989671, 0.981855114756, 0.906060912602, 0.410942063646, 0.283328753977, 0.0634315004647, 0.0901423270811, 0.29095147554, 7.4587188601, 473.543883966, 665.598564068, 163.180648634, 215.966968633
0.0585333641642, 0.996406937678, 0.245426876705, 0.0720939713672, 0.734978122729, 0.930126582433, 0.261650701308, 0.0251980515489, 0.511570498198, 0.609498701851, 0.852290163295, 0.224987264308, 0.991029644017, 0.876452155875, 5.82868802159, 0.662905675633, 2.38066147954, 1121.70292569, 103.427100619
0.199671520302, 0.357537983386, 0.0381353201595, 0.448318925032, 0.593058780621, 0.0848954203733, 0.15365964061, 0.203013721077, 0.675447871387, 0.264162757838, 0.887660111153, 0.00631631370777, 0.495293913485, 0.590391520633, 402.738912484, 342.13641618, 31.6933685066, 333.10021578, 202.871681793
0.0185681886697, 0.659560530167, 0.36517489007, 0.120422655152, 0.899923807123, 0.754505617177, 0.567119649735, 0.330152188518, 0.43326387964, 0.306269304455, 0.51219806074, 0.00757362786866, 0.845156824532, 0.757594371114, 474.778405739, 90.8955441886, 312.31627484, 971.612001333, 32.9465464625
0.0574206805877, 0.108420004816, 0.104496232626, 0.832199980447, 0.965623030099, 0.372224434051, 0.567682598558, 0.490363561361, 0.965845681832, 0.84237979458, 0.398467553171, 0.403199915165, 0.999017908756, 0.239729427913, 265.565934014, 984.094405215, 168.828772245, 177.678385041, 94.8145267672
0.575810637586, 0.997375906167, 0.996234502832, 0.0354338999302, 0.530441710482, 0.286049857001, 0.0756119355537, 0.499040208578, 0.414020598106, 0.532712239789, 0.143134533895, 0.577796903972, 0.330639982758, 0.505907776229, 0.0136079825951, 0.000758195807317, 2.30419665664, 559.017549162, 710.976627188
0.0810069504804, 0.994107668778, 0.726972681532, 0.0608505090433, 0.915288212229, 0.927361725937, 0.606920371707, 0.0305260724789, 0.240995659615, 0.687239759054, 0.914177686125, 0.233594329351, 0.212859777963, 0.823624822006, 3.56991743025, 0.342269104885, 7.84308987912, 931.74177929, 119.2090353
0.0315326864616, 0.52798010262, 0.723037060778, 0.439455692674, 0.384129358345, 0.808026994428, 0.49865692129, 0.45504169799, 0.106982354674, 0.296139962801, 0.0979016407086, 0.81277604154, 0.141288067964, 0.90424643943, 125.618739453, 103.740078654, 350.548170499, 422.121882319, 28.3737514678
0.883084896326, 0.147989139109, 0.168753132983, 0.239041026541, 0.130353407183, 0.691184481541, 0.987237251241, 0.0102104664425, 0.499604968999, 0.282085884188, 0.111746126258, 0.483360121646, 0.283773384991, 0.413656321282, 80.5258292791, 31.742199626, 23.4969810692, 21.2329823885, 496.212776644
0.981059139409, 0.408302724598, 0.360227233434, 0.883480953872, 0.0708313205992, 0.139761653603, 0.987225258357, 0.801590317023, 0.502971743324, 0.284076345778, 0.985811090724, 0.106874043092, 0.780659293321, 0.898259694426, 2.30538942869, 12.4548854182, 8.04471790872, 11.2038017944, 629.22905133
0.0175280880466, 0.659560530167, 0.36517489007, 0.120712150331, 0.900441694187, 0.345778507673, 0.465848720963, 0.330152188518, 0.435822002739, 0.306269304455, 0.899751515279, 0.00522910707406, 0.845156824532, 0.757594371114, 474.215028465, 91.0112534626, 311.972869165, 970.543670601, 31.0658827675
0.517068465884, 0.0069707188411, 0.247635908304, 0.309177846605, 0.29852061895, 0.717319672064, 0.311127598073, 0.712062252262, 0.466045002526, 0.460417013573, 0.0833849604489, 0.82837529405, 0.368138983897, 0.492100185047, 456.019082975, 240.696172843, 211.346518593, 6.10217058945, 588.023332157
0.904519330966, 0.903155743037, 0.0960028433032, 0.012272219355, 0.804000247471, 0.0344607624033, 0.348270624044, 0.286512867575, 0.200342176445, 0.300691962585, 0.590383257235, 0.0637756608295, 0.591379695463, 0.594683099621, 14.954213971, 0.288310445575, 2.27278276637, 98.6822962431, 660.65528556
0.247977544342, 0.43965084612, 0.987506885002, 0.998314468323, 0.525720852278, 0.428501227467, 0.628301291955, 0.838093209968, 0.0598728405534, 0.563728395809, 0.654155304738, 0.303523935312, 0.845170775411, 0.955409306934, 0.0566388943195, 21.3922741643, 1089.9638857, 900.86355476, 580.534675045
0.0571575470621, 0.994107668778, 0.742742973642, 0.0608505090433, 0.915288212229, 0.930566793441, 0.606920371707, 0.0305260724789, 0.240995659615, 0.687239759054, 0.914177686125, 0.233594329351, 0.991652563322, 0.823268589977, 3.44687033759, 0.330471852123, 8.09731535441, 951.458981454, 85.658659977
0.21801153864, 0.992915432118, 0.243141073132, 0.494694083987, 0.681160115295, 0.316277758623, 0.793586096231, 0.500323132649, 0.414021570288, 0.00145261156548, 0.384020972336, 0.0854356274331, 0.623418625204, 0.562490907367, 3.90746958175, 3.8428727541, 2.20122852155, 530.695934737, 189.203641184
0.761061807424, 0.913991976658, 0.385462609958, 0.906051177551, 0.81434631329, 0.695301778083, 0.344185508562, 0.266992741917, 0.200342176445, 0.300691962585, 0.815260466517, 0.123282243657, 0.597292595525, 0.594683099621, 3.48749828888, 23.4603207166, 16.4180834335, 212.214978367, 543.569937585
0.180257834043, 0.131231632725, 0.93803858285, 0.852723745306, 0.977623231806, 0.691924367682, 0.587045118566, 0.734883093715, 0.201365724379, 0.164799511336, 0.785831731757, 0.980686179851, 0.148362402639, 0.719728532603, 19.2091945434, 81.5475085833, 858.06797017, 180.28250415, 256.281745246
0.18294003994, 0.0371969860531, 0.447827871712, 0.357752209201, 0.399999279608, 0.790496323466, 0.519364698336, 0.5792980894, 0.792757792931, 0.897257026714, 0.877324304915, 0.0890870753461, 0.82208834705, 0.555861184275, 388.008263215, 244.320080826, 388.917235336, 35.1702932235, 177.997604981
0.899841558341, 0.998637791569, 0.555974608042, 0.00955047884111, 0.683935433185, 0.316119949253, 0.925152620583, 0.499040208578, 0.414020598106, 0.532712239789, 0.809786121284, 0.299699411277, 0.256997412401, 0.515905633434, 0.146162924121, 0.00219287980764, 0.174442859744, 106.364183883, 670.47852684
0.0067031931245, 0.00931626998306, 0.36517489007, 0.120422655152, 0.899923807123, 0.754856451871, 0.567119649735, 0.331240929796, 0.43326387964, 0.318625318052, 0.625325768374, 0.007024705095, 0.365602127974, 0.757594371114, 1000.28321582, 191.502574982, 658.001130579, 17.7452420947, 12.7688900093
0.17127217168, 0.00726457331729, 0.965314777574, 0.456863314295, 0.423447977617, 0.707282953798, 0.394059963901, 0.784759431553, 0.770610179531, 0.44878374972, 0.625450912546, 0.148368216076, 0.370919856299, 0.425696079867, 41.4342469954, 36.1679421839, 1008.46849866, 11.5254020583, 278.484350746
0.469268325896, 0.47056704219, 0.383543748794, 0.999888522204, 0.39698668184, 0.706095618318, 0.626690493693, 0.445486771698, 0.0256247306547, 0.451741379823, 0.621932755541, 0.979518202514, 0.665172954425, 0.484227835723, 0.0815596365197, 465.765187505, 320.338262137, 515.296303227, 694.40731465
0.899841558341, 0.998984676264, 0.379424175469, 0.00955047884111, 0.683935433185, 0.316029780756, 0.354032533442, 0.456034866329, 0.199048427523, 0.533801671295, 0.809802300584, 0.298873260648, 0.253965916533, 0.0468988282707, 0.229291537789, 0.00344005695223, 0.155540875382, 173.739110186, 1095.18279439
0.967402791711, 0.974431271037, 0.0487132897946, 0.631548777415, 0.820810705947, 0.141529177766, 0.0113092724618, 0.493780087899, 0.415279343705, 0.914106288533, 0.792913949631, 0.667452139038, 0.593921774796, 0.0237721975685, 0.814895187034, 1.24716085335, 0.114219485111, 37.1821182231, 726.113375737
0.5296345632, 0.0069707188411, 0.240426385562, 0.300962872134, 0.381034821767, 0.802831611707, 0.37936189559, 0.704251305756, 0.751674000885, 0.451996575339, 0.100994867899, 0.82837529405, 0.369903880317, 0.495968615056, 472.464322747, 241.633401636, 210.517837883, 6.25136659427, 626.725601267
0.164242204012, 0.0069707188411, 0.101020796685, 0.988378685329, 0.396050452309, 0.706095618318, 0.379419666855, 0.445486771698, 0.362160643105, 0.452474481182, 0.541672053526, 0.0825318802519, 0.089001005583, 0.485042752779, 17.4199802988, 954.166747202, 152.719363007, 10.5828437164, 255.038778314
0.984327324539, 0.112787115817, 0.142024398494, 0.850282937103, 0.985140753871, 0.47416863413, 0.586556945612, 0.808225215458, 0.791829060209, 0.734702125886, 0.274254560422, 0.985713043918, 0.0862962004192, 0.297077829335, 3.52498921338, 14.7114373783, 3.43202075628, 2.77736073638, 639.994807544
0.36676327084, 0.13929662104, 0.0758576620172, 0.241953708541, 0.903170011308, 0.708247176915, 0.992188065938, 0.324095105802, 0.254847473096, 0.610083671993, 0.591967064591, 0.482230203952, 0.491128496773, 0.412739142021, 383.356320504, 153.144061201, 49.4237530693, 92.4515808623, 276.685541699
0.173756745876, 0.127334279796, 0.758631079747, 0.254434973161, 0.53503397394, 0.153092643103, 0.796568765425, 0.739536403998, 0.568264734099, 0.163781639747, 0.194762467374, 0.0230353313272, 0.703796248238, 0.628964237461, 367.570909713, 155.261586997, 1001.50458892, 218.552970292, 307.913204702
0.32855444708, 0.0501336557744, 0.590232479573, 0.648504218443, 0.667938585042, 0.648753365488, 0.00941289847879, 0.299740797579, 0.187347969491, 0.658593046041, 0.101749937303, 0.554236974038, 0.312434824674, 0.527363316173, 268.114957885, 435.225170576, 681.347966161, 67.2170555529, 484.7932852
0.289737899326, 0.0422183954849, 0.42827877005, 0.947824322174, 0.525068312514, 0.855410508712, 0.00516193387636, 0.788081143692, 0.0493352416665, 0.495481888244, 0.653305948675, 0.216519685246, 0.927265713504, 0.965721067829, 66.7961871399, 813.185792613, 650.064709797, 69.284584659, 511.662551027
0.517084368933, 0.778623279858, 0.0633447468314, 0.494694083987, 0.39403063974, 0.698506683254, 0.800998390809, 0.595334426663, 0.413700497365, 0.454170754689, 0.521029570068, 0.0854356274331, 0.629396650822, 0.566405184456, 111.858419999, 110.009218379, 15.6625007861, 434.989852898, 488.207578527
0.21801153864, 0.778623279858, 0.0633447468314, 0.494694083987, 0.394778391311, 0.195320064584, 0.800998390809, 0.595334426663, 0.413700497365, 0.00145261156548, 0.427136921833, 0.0854356274331, 0.629396650822, 0.566405184456, 124.614622185, 122.554539796, 17.4486338888, 484.595582289, 183.755763536
0.368792499926, 0.0255067635208, 0.778738852587, 0.672846010009, 0.997765027753, 0.317194847495, 0.408235900861, 0.843334074297, 0.159186816532, 0.529720671412, 0.120860790246, 0.566777637779, 0.25240477996, 0.392577529212, 151.21974864, 267.892126456, 849.181401662, 36.2063123932, 591.306781375
0.192994753241, 0.720351353749, 0.915226935934, 0.0563200864361, 0.388581141746, 0.10507856225, 0.962893112078, 0.0189764797805, 0.823299650079, 0.342108828598, 0.289792425621, 0.238055802897, 0.0318328237934, 0.0835650175355, 56.2682674891, 4.9909337543, 421.706091565, 905.472415032, 312.938906089
0.09008866781, 0.580994425939, 0.0988104353789, 0.123531998637, 0.343405738833, 0.47115351966, 0.799950682859, 0.982888022017, 0.564478299848, 0.163657561477, 0.288663647078, 0.808066052354, 0.696666911297, 0.0886770298049, 493.325668089, 96.9465321458, 78.666830468, 658.162471932, 118.521757966
0.0432911571636, 0.892937149402, 0.0886929253763, 0.123272381417, 0.540949279659, 0.474236772567, 0.581430049772, 0.732262857019, 0.086284288634, 0.556188814137, 0.0635262701548, 0.937436898161, 0.721500896138, 0.91830029402, 207.77808674, 40.7437812954, 29.6909792635, 1259.33498887, 86.9963673978
0.864242303665, 0.130349184104, 0.997664236433, 0.944709224925, 0.300964711935, 0.437361710132, 0.0702082936994, 0.160786577108, 0.471873927804, 0.278084006615, 0.786163228254, 0.765322968256, 0.630154688951, 0.31797288069, 0.0738835948578, 0.848558080749, 232.151169835, 48.2093308001, 1094.97313276
0.119285189823, 0.103844626453, 0.607400187115, 0.132249726057, 0.0283702735129, 0.825891092513, 0.891664348532, 0.950983277957, 0.966832016559, 0.857564751409, 0.0955941000059, 0.838212743943, 0.930437345699, 0.172964927761, 747.686687233, 157.596035015, 1077.84235335, 217.447402495, 253.868547245
0.184647519324, 0.127679157947, 0.0938738569959, 0.989973526321, 0.449466793523, 0.0308888926091, 0.467605470012, 0.51428207792, 0.99467301798, 0.4061315697, 0.588634455442, 0.0558569938806, 0.0749410610466, 0.537602964755, 16.2102856893, 1029.16892157, 152.886390243, 211.542380086, 316.927179241
0.864242303665, 0.319657120293, 0.997234976131, 0.945408692007, 0.300964711935, 0.709082287337, 0.398910291692, 0.979597524416, 0.471873927804, 0.278774896961, 0.624665996163, 0.746576713049, 0.630154688951, 0.424492480609, 0.0590887458672, 0.687377092737, 158.844538885, 87.214970446, 836.861403044
0.201034488263, 0.282648618033, 0.45802005906, 0.269049638284, 0.527600644059, 0.798974889181, 0.575624396914, 0.205910042659, 0.673059458607, 0.615921527764, 0.215164444138, 0.00690218611487, 0.394244862835, 0.172100626048, 365.854591992, 164.532624156, 351.449212287, 253.679914584, 192.954252195
0.0444996061399, 0.343241718187, 0.0486962215736, 0.122003415857, 0.540949279659, 0.469928168194, 0.577684155146, 0.537079862998, 0.448262449267, 0.556149080255, 0.0635262701548, 0.937643819426, 0.738728389193, 0.920350870637, 1347.63696034, 261.473437135, 105.210883734, 823.725425023, 112.329997886
0.425373662108, 0.125516960156, 0.548586781554, 0.989973526321, 0.604689918814, 0.851538695932, 0.943584989671, 0.981855114756, 0.906060912602, 0.410942063646, 0.427532225954, 0.0634315004647, 0.0901423270811, 0.297428659032, 7.11399818515, 451.658038641, 526.517962296, 138.577980141, 558.373910996
0.197616773251, 0.277484619276, 0.245426876705, 0.0720939713672, 0.734978122729, 0.514406702745, 0.259935451798, 0.0251980515489, 0.507734353063, 0.609498701851, 0.852290163295, 0.231855760909, 0.398180497984, 0.876452155875, 803.673557518, 91.4030328372, 328.251344629, 406.561426241, 308.903159057
0.163044508807, 0.537235190574, 0.606294198008, 0.992670678672, 0.364820023835, 0.815633640479, 0.943584989671, 0.981855114756, 0.905123804186, 0.410942063646, 0.283328753977, 0.0634315004647, 0.203075340315, 0.29095147554, 3.54506099123, 307.907936722, 432.760830417, 597.203031709, 209.284045952
0.399171418602, 0.189120537581, 0.402204460999, 0.449908629806, 0.586563447037, 0.093205882606, 0.887854945194, 0.495176945775, 0.993613682617, 0.892044097338, 0.794439875252, 0.0556787876279, 0.497485041921, 0.581934018502, 216.670779402, 185.00055278, 208.507467218, 108.079786513, 267.525047362
0.161490148349, 0.125666424424, 0.133155437935, 0.987334799249, 0.35662056256, 0.503049100583, 0.942854539746, 0.328993210356, 0.340879916709, 0.4061315697, 0.283328753977, 0.0634315004647, 0.0901423270811, 0.291292506498, 18.8984625794, 949.811051248, 201.651087907, 194.233794596, 256.763536634
0.139238497389, 0.0069707188411, 0.606092112452, 0.456863314295, 0.423447977617, 0.707282953798, 0.394059963901, 0.974049988863, 0.770610179531, 0.452474481182, 0.625450912546, 0.148368216076, 0.370524414802, 0.426917386362, 483.971646719, 422.45871004, 902.243288039, 12.1280665323, 246.198492158
0.368792499926, 0.0493113348516, 0.779347148453, 0.662993044324, 0.997017346249, 0.0394312823779, 0.408235900861, 0.843334074297, 0.180104413761, 0.690590277572, 0.58683290757, 0.56671076826, 0.751120193562, 0.531676499467, 153.714975934, 262.729164107, 842.770487, 69.545932383, 587.931946879
0.513655305725, 0.0022625969645, 0.605614825141, 0.30304023997, 0.419734366647, 0.706095618318, 0.607587228057, 0.710237746895, 0.770610179531, 0.452474481182, 0.388467844548, 0.290199934264, 0.367972171586, 0.0494812617491, 308.740837231, 159.17306408, 487.07263494, 2.12621787668, 624.479657681
0.883084896326, 0.147989139109, 0.168753132983, 0.226889252269, 0.129888536564, 0.691101401153, 0.987237251241, 0.0102104664425, 0.499604968999, 0.282085884188, 0.762911456006, 0.471439274272, 0.283773384991, 0.413656321282, 114.000834812, 42.4419079656, 33.0223614627, 29.8405662115, 697.371190986
0.0574206805877, 0.107712583493, 0.104496232626, 0.832199980447, 0.965623030099, 0.372224434051, 0.567682598558, 0.490363561361, 0.048905666257, 0.84237979458, 0.420684413144, 0.634802393163, 0.999017908756, 0.896790171681, 291.885779172, 1081.62653961, 185.561141026, 193.988879082, 104.191607234
0.423122019688, 0.475062468376, 0.377960721829, 0.999671941013, 0.612461071027, 0.57380971011, 0.655214533888, 0.788345172923, 0.299249776198, 0.77109907853, 0.428988880792, 0.977506816254, 0.665535548417, 0.986616430923, 0.235603875558, 457.204582311, 308.579624196, 509.989914683, 588.637352272
0.161490148349, 0.125666424424, 0.0938738569959, 0.989973526321, 0.450079942934, 0.502712700884, 0.536129803364, 0.799303166701, 0.340879916709, 0.4061315697, 0.926672990356, 0.0634315004647, 0.058268694138, 0.291292506498, 16.420558192, 1042.51883588, 154.869563429, 210.818306724, 278.68710558
0.36676327084, 0.910569362586, 0.0756519257402, 0.776363966767, 0.903170011308, 0.708247176915, 0.429037197248, 0.324095105802, 0.254847473096, 0.613133900593, 0.586849233523, 0.482287941012, 0.491128496773, 0.46728661002, 29.8968296133, 81.5767178205, 10.3734588264, 618.771280212, 405.967347224
0.334957380565, 0.717289580211, 0.963504257383, 0.911816801287, 0.97519913113, 0.307370976204, 0.171310350722, 0.783508042447, 0.416902348242, 0.530228337255, 0.288174630965, 0.129202651084, 0.255124937404, 0.569163012798, 2.99694161417, 21.4972260541, 378.20220378, 796.226181245, 512.082570136
0.334957380565, 0.129010717814, 0.963504257383, 0.893047378294, 0.600306395369, 0.181607796556, 0.492277537165, 0.783508042447, 0.874454780457, 0.340352662822, 0.288174630965, 0.881517474271, 0.449034097914, 0.569163012798, 7.17905440269, 42.3294795007, 748.105059362, 153.966046567, 444.273192179
