0.806686462914, 0.117914317318, 0.489172475457, 0.213050507054, 0.00437168639003, 0.123322808767, 0.356102443753, 0.116231431415, 0.73992416698, 0.202281286657, 0.338933995408, 0.442984052498, 0.812931208425, 0.374511008223, 0.177981995949, 0.139928738196, 0.779747172737, 0.349636520512, 0.0858826938246, 0.194368210284, 0.631949975929, 0.320430277401, 0.734024461075, 0.52579547722, 0.559129114491, 0.295963970861, 0.0123718747019, 0.0448040856528, 0.000497562674119, 0.897602902116, 0.806686462914, 2.30383203852
0.806686462914, 0.117914317318, 0.489172475457, 0.213050507054, 0.00437168639003, 0.123322808767, 0.356102443753, 0.116231431415, 0.73992416698, 0.202281286657, 0.338933995408, 0.442984052498, 0.812931208425, 0.374511008223, 0.177981995949, 0.139928738196, 0.779747172737, 0.349636520512, 0.0858826938246, 0.194368210284, 0.631949975929, 0.320430277401, 0.734024461075, 0.52579547722, 0.559129114491, 0.295963970861, 0.0123718747019, 0.0448040856528, 0.000497562674119, 0.897602902116, 0.806686462914, 2.30383203852
0.0559016975867, 0.0429716430463, 0.915041225417, 0.0923999271367, 0.00406714295628, 0.256837839596, 0.431914335425, 0.0908919119556, 0.587470529695, 0.0139176471452, 0.774930068589, 0.994177109719, 0.0461789814447, 0.00118087617238, 0.838339831731, 0.0376404359228, 0.373833916506, 0.0460950837831, 0.713111309868, 0.160128459915, 0.154440439551, 0.290641669855, 0.266764860834, 0.576751763142, 0.507620815457, 0.629021797201, 0.380795956999, 0.0412166068161, 0.380889191902, 0.048829025887, 0.0559016975867, 3.53630822774
0.0559016975867, 0.0429716430463, 0.915041225417, 0.0923999271367, 0.00406714295628, 0.256837839596, 0.431914335425, 0.0908919119556, 0.587470529695, 0.0139176471452, 0.774930068589, 0.994177109719, 0.0461789814447, 0.00118087617238, 0.838339831731, 0.0376404359228, 0.373833916506, 0.0460950837831, 0.713111309868, 0.160128459915, 0.154440439551, 0.290641669855, 0.266764860834, 0.576751763142, 0.507620815457, 0.629021797201, 0.380795956999, 0.0412166068161, 0.380889191902, 0.048829025887, 0.0559016975867, 3.53630822774
0.447146288836, 0.0798416606068, 0.601630794449, 0.0602308846555, 0.455008441731, 0.0684486121871, 0.356102443753, 0.116231431415, 0.73992416698, 0.202281286657, 0.338933995408, 0.442984052498, 0.812931208425, 0.374511008223, 0.177981995949, 0.063337195257, 0.524107702706, 0.349636520512, 0.121119260759, 0.194368210284, 0.13117669933, 0.224780484398, 0.734024461075, 0.52579547722, 0.883919688326, 0.0453319288642, 0.00961294620983, 0.160342733966, 0.693962157228, 0.866852821737, 0.447146288836, 2.8411002864
0.447146288836, 0.0798416606068, 0.601630794449, 0.0602308846555, 0.455008441731, 0.0684486121871, 0.356102443753, 0.116231431415, 0.73992416698, 0.202281286657, 0.338933995408, 0.442984052498, 0.812931208425, 0.374511008223, 0.177981995949, 0.063337195257, 0.524107702706, 0.349636520512, 0.121119260759, 0.194368210284, 0.13117669933, 0.224780484398, 0.734024461075, 0.52579547722, 0.883919688326, 0.0453319288642, 0.00961294620983, 0.160342733966, 0.693962157228, 0.866852821737, 0.447146288836, 2.8411002864
0.152432976735, 0.4344901292, 0.660975926272, 0.897895751149, 0.0572575683399, 0.274239811751, 0.27883866426, 0.757219668103, 0.116722966208, 0.123959276287, 0.0817074499337, 0.410102577957, 0.119702602064, 0.72047334194, 0.84820382866, 0.597031790903, 0.588891509331, 0.427481238557, 0.347317249566, 0.459573222048, 0.15167361083, 0.0304018906937, 0.000196719415789, 0.407195499012, 0.188968869826, 0.315272003539, 0.11868225763, 0.0019571419739, 0.000532774637709, 0.304181202566, 0.152432976735, 3.23440567886
0.152432976735, 0.4344901292, 0.660975926272, 0.897895751149, 0.0572575683399, 0.274239811751, 0.27883866426, 0.757219668103, 0.116722966208, 0.123959276287, 0.0817074499337, 0.410102577957, 0.119702602064, 0.72047334194, 0.84820382866, 0.597031790903, 0.588891509331, 0.427481238557, 0.347317249566, 0.459573222048, 0.15167361083, 0.0304018906937, 0.000196719415789, 0.407195499012, 0.188968869826, 0.315272003539, 0.11868225763, 0.0019571419739, 0.000532774637709, 0.304181202566, 0.152432976735, 3.23440567886
0.0392619392891, 0.114665519568, 0.915041225417, 0.39041088005, 0.00406714295628, 0.256837839596, 0.431914335425, 0.0908919119556, 0.642492585453, 0.625856599935, 0.694977301395, 0.994177109719, 0.0461789814447, 0.00118087617238, 0.69207779652, 0.0376404359228, 0.373833916506, 0.0460950837831, 0.474359169503, 0.160128459915, 0.154440439551, 0.547588916979, 0.647142228589, 0.576751763142, 0.48680562016, 0.629021797201, 0.380795956999, 0.353785348577, 0.200150469302, 0.048829025887, 0.0392619392891, 4.00287093826
0.0392619392891, 0.114665519568, 0.915041225417, 0.39041088005, 0.00406714295628, 0.256837839596, 0.431914335425, 0.0908919119556, 0.642492585453, 0.625856599935, 0.694977301395, 0.994177109719, 0.0461789814447, 0.00118087617238, 0.69207779652, 0.0376404359228, 0.373833916506, 0.0460950837831, 0.474359169503, 0.160128459915, 0.154440439551, 0.547588916979, 0.647142228589, 0.576751763142, 0.48680562016, 0.629021797201, 0.380795956999, 0.353785348577, 0.200150469302, 0.048829025887, 0.0392619392891, 4.00287093826
0.672406207946, 0.424419164028, 0.768839432553, 0.982213782303, 0.157657264338, 0.869152870863, 0.400461660145, 0.0559105399669, 0.088968645858, 0.713368962904, 0.0998553265167, 0.251751653111, 0.195147079085, 0.0239727522474, 0.517703728118, 0.140747238657, 0.0819694234474, 0.283486134521, 0.139137964548, 0.0411096483057, 0.258226120193, 0.755771217661, 0.0652480839376, 0.0489094348895, 0.154925903228, 0.737986857213, 0.814048987636, 0.671587874483, 0.00997745424461, 0.537515567858, 0.672406207946, 2.51426941145
0.672406207946, 0.424419164028, 0.768839432553, 0.982213782303, 0.157657264338, 0.869152870863, 0.400461660145, 0.0559105399669, 0.088968645858, 0.713368962904, 0.0998553265167, 0.251751653111, 0.195147079085, 0.0239727522474, 0.517703728118, 0.140747238657, 0.0819694234474, 0.283486134521, 0.139137964548, 0.0411096483057, 0.258226120193, 0.755771217661, 0.0652480839376, 0.0489094348895, 0.154925903228, 0.737986857213, 0.814048987636, 0.671587874483, 0.00997745424461, 0.537515567858, 0.672406207946, 2.51426941145
0.0326667745922, 0.011348801234, 0.172930560177, 0.393000871904, 0.163627659916, 0.477092460858, 0.537444183186, 0.764760745704, 0.83709627935, 0.614615557454, 0.90495233306, 0.945527758259, 0.181729873882, 0.71378858483, 0.19794781958, 0.387490671628, 0.49192075058, 0.184486235384, 0.030200923852, 0.612618317004, 0.347644677714, 0.245043263988, 0.0757350782029, 0.0470550919804, 0.450320912179, 0.450498393457, 0.817811773816, 0.722648348562, 0.200975664391, 0.83469450039, 0.0326667745922, 4.57385333247
0.0326667745922, 0.011348801234, 0.172930560177, 0.393000871904, 0.163627659916, 0.477092460858, 0.537444183186, 0.764760745704, 0.83709627935, 0.614615557454, 0.90495233306, 0.945527758259, 0.181729873882, 0.71378858483, 0.19794781958, 0.387490671628, 0.49192075058, 0.184486235384, 0.030200923852, 0.612618317004, 0.347644677714, 0.245043263988, 0.0757350782029, 0.0470550919804, 0.450320912179, 0.450498393457, 0.817811773816, 0.722648348562, 0.200975664391, 0.83469450039, 0.0326667745922, 4.57385333247
0.768742323632, 0.150747382852, 0.983854904755, 0.0137383364925, 0.119232316457, 0.461767428737, 0.0879923500127, 0.297748279851, 0.415022580883, 0.607575016961, 0.589560375624, 0.0685092307277, 0.250893928685, 0.0142146411948, 0.55175093904, 0.18220219262, 0.0157313696338, 0.894136395608, 0.459508559822, 0.469761626675, 0.123386223763, 0.182006646451, 0.535031643012, 0.199130548129, 0.654015840438, 0.836580252212, 0.272515178224, 0.16422082417, 0.635520187402, 0.0221481316505, 0.768742323632, 2.39030598759
0.768742323632, 0.150747382852, 0.983854904755, 0.0137383364925, 0.119232316457, 0.461767428737, 0.0879923500127, 0.297748279851, 0.415022580883, 0.607575016961, 0.589560375624, 0.0685092307277, 0.250893928685, 0.0142146411948, 0.55175093904, 0.18220219262, 0.0157313696338, 0.894136395608, 0.459508559822, 0.469761626675, 0.123386223763, 0.182006646451, 0.535031643012, 0.199130548129, 0.654015840438, 0.836580252212, 0.272515178224, 0.16422082417, 0.635520187402, 0.0221481316505, 0.768742323632, 2.39030598759
0.335096910427, 0.4344901292, 0.660975926272, 0.897895751149, 0.0572575683399, 0.274239811751, 0.27883866426, 0.757219668103, 0.116722966208, 0.634780555741, 0.0817074499337, 0.410102577957, 0.142869721534, 0.72047334194, 0.84820382866, 0.597031790903, 0.588891509331, 0.427481238557, 0.347317249566, 0.459573222048, 0.354543815964, 0.0304018906937, 0.000196719415789, 0.407195499012, 0.188968869826, 0.315272003539, 0.11868225763, 0.0019571419739, 0.000613747125186, 0.304181202566, 0.335096910427, 3.05284649501
0.335096910427, 0.4344901292, 0.660975926272, 0.897895751149, 0.0572575683399, 0.274239811751, 0.27883866426, 0.757219668103, 0.116722966208, 0.634780555741, 0.0817074499337, 0.410102577957, 0.142869721534, 0.72047334194, 0.84820382866, 0.597031790903, 0.588891509331, 0.427481238557, 0.347317249566, 0.459573222048, 0.354543815964, 0.0304018906937, 0.000196719415789, 0.407195499012, 0.188968869826, 0.315272003539, 0.11868225763, 0.0019571419739, 0.000613747125186, 0.304181202566, 0.335096910427, 3.05284649501
0.562189274505, 0.344710121784, 0.95234126938, 0.0541115082505, 0.119232316457, 0.535485393367, 0.0879923500127, 0.297748279851, 0.387480445436, 0.607575016961, 0.589560375624, 0.0685092307277, 0.250893928685, 0.0012287229136, 0.55175093904, 0.300939758958, 0.0157313696338, 0.393709686869, 0.459508559822, 0.469761626675, 0.123386223763, 0.182006646451, 0.555922325449, 0.265010849326, 0.489995090922, 0.836580252212, 0.272515178224, 0.16422082417, 0.635520187402, 0.314370743283, 0.562189274505, 2.6676139255
0.562189274505, 0.344710121784, 0.95234126938, 0.0541115082505, 0.119232316457, 0.535485393367, 0.0879923500127, 0.297748279851, 0.387480445436, 0.607575016961, 0.589560375624, 0.0685092307277, 0.250893928685, 0.0012287229136, 0.55175093904, 0.300939758958, 0.0157313696338, 0.393709686869, 0.459508559822, 0.469761626675, 0.123386223763, 0.182006646451, 0.555922325449, 0.265010849326, 0.489995090922, 0.836580252212, 0.272515178224, 0.16422082417, 0.635520187402, 0.314370743283, 0.562189274505, 2.6676139255
0.0138463749953, 0.0175232565884, 0.751038071298, 0.501041221172, 0.360586144964, 0.0368640232223, 0.0827880139046, 0.284295294905, 0.327902287952, 0.0186370205394, 0.809579111596, 0.0606499366402, 0.230758794825, 0.739191689184, 0.69229086062, 0.835443429618, 0.936302926713, 0.415950318233, 0.44768658347, 0.265148278948, 0.697186730753, 0.231000350021, 0.821190491227, 0.108403663257, 0.516322847221, 0.134870552005, 0.497681781575, 0.965155840181, 0.714745472145, 0.0457127141437, 0.0138463749953, 4.63326591546
0.0138463749953, 0.0175232565884, 0.751038071298, 0.501041221172, 0.360586144964, 0.0368640232223, 0.0827880139046, 0.284295294905, 0.327902287952, 0.0186370205394, 0.809579111596, 0.0606499366402, 0.230758794825, 0.739191689184, 0.69229086062, 0.835443429618, 0.936302926713, 0.415950318233, 0.44768658347, 0.265148278948, 0.697186730753, 0.231000350021, 0.821190491227, 0.108403663257, 0.516322847221, 0.134870552005, 0.497681781575, 0.965155840181, 0.714745472145, 0.0457127141437, 0.0138463749953, 4.63326591546
0.0559016975867, 0.0429716430463, 0.915041225417, 0.196841419155, 0.00406714295628, 0.256837839596, 0.431914335425, 0.0908919119556, 0.587470529695, 0.0139176471452, 0.774930068589, 0.994177109719, 0.0461789814447, 0.00118087617238, 0.838339831731, 0.0376404359228, 0.373833916506, 0.0460950837831, 0.637999938849, 0.160128459915, 0.154440439551, 0.290641669855, 0.266764860834, 0.576751763142, 0.507620815457, 0.629021797201, 0.380795956999, 0.0412166068161, 0.380889191902, 0.048829025887, 0.0559016975867, 3.54487360317
0.0559016975867, 0.0429716430463, 0.915041225417, 0.196841419155, 0.00406714295628, 0.256837839596, 0.431914335425, 0.0908919119556, 0.587470529695, 0.0139176471452, 0.774930068589, 0.994177109719, 0.0461789814447, 0.00118087617238, 0.838339831731, 0.0376404359228, 0.373833916506, 0.0460950837831, 0.637999938849, 0.160128459915, 0.154440439551, 0.290641669855, 0.266764860834, 0.576751763142, 0.507620815457, 0.629021797201, 0.380795956999, 0.0412166068161, 0.380889191902, 0.048829025887, 0.0559016975867, 3.54487360317
0.447146288836, 0.0096712505007, 0.797009305039, 0.213050507054, 0.524584895893, 0.398816604587, 0.356102443753, 0.116231431415, 0.73992416698, 0.202281286657, 0.182942841017, 0.442984052498, 0.87054812331, 0.374511008223, 0.177981995949, 0.139928738196, 0.524107702706, 0.349636520512, 0.121119260759, 0.194368210284, 0.729012569713, 0.0391975245286, 0.692242842544, 0.52579547722, 0.952633024028, 0.295963970861, 0.0123718747019, 0.160342733966, 0.000497562674119, 0.897602902116, 0.447146288836, 3.019761289
0.447146288836, 0.0096712505007, 0.797009305039, 0.213050507054, 0.524584895893, 0.398816604587, 0.356102443753, 0.116231431415, 0.73992416698, 0.202281286657, 0.182942841017, 0.442984052498, 0.87054812331, 0.374511008223, 0.177981995949, 0.139928738196, 0.524107702706, 0.349636520512, 0.121119260759, 0.194368210284, 0.729012569713, 0.0391975245286, 0.692242842544, 0.52579547722, 0.952633024028, 0.295963970861, 0.0123718747019, 0.160342733966, 0.000497562674119, 0.897602902116, 0.447146288836, 3.019761289
0.464287039992, 0.330370642818, 0.660975926272, 0.897895751149, 0.0424050469671, 0.274239811751, 0.27883866426, 0.757219668103, 0.0438010622827, 0.123959276287, 0.0817074499337, 0.979739754232, 0.0857587515335, 0.72047334194, 0.84820382866, 0.597031790903, 0.588891509331, 0.427481238557, 0.46034853093, 0.163692421117, 0.354543815964, 0.0304018906937, 0.000196719415789, 0.407195499012, 0.188968869826, 0.315272003539, 0.062588009075, 0.0307380191855, 0.795090909262, 0.304181202566, 0.464287039992, 2.94385878448
0.464287039992, 0.330370642818, 0.660975926272, 0.897895751149, 0.0424050469671, 0.274239811751, 0.27883866426, 0.757219668103, 0.0438010622827, 0.123959276287, 0.0817074499337, 0.979739754232, 0.0857587515335, 0.72047334194, 0.84820382866, 0.597031790903, 0.588891509331, 0.427481238557, 0.46034853093, 0.163692421117, 0.354543815964, 0.0304018906937, 0.000196719415789, 0.407195499012, 0.188968869826, 0.315272003539, 0.062588009075, 0.0307380191855, 0.795090909262, 0.304181202566, 0.464287039992, 2.94385878448
0.198214899878, 0.4344901292, 0.660975926272, 0.897895751149, 0.126321247213, 0.274239811751, 0.353192305665, 0.757219668103, 0.116722966208, 0.123959276287, 0.0817074499337, 0.410102577957, 0.142869721534, 0.72047334194, 0.84820382866, 0.444665629935, 0.411816391335, 0.935841408599, 0.46034853093, 0.163692421117, 0.249203943857, 0.0162697256388, 0.00629785150995, 0.407195499012, 0.250547309048, 0.315272003539, 0.11868225763, 0.0468582549091, 0.184120399009, 0.304181202566, 0.198214899878, 3.27437789537
0.198214899878, 0.4344901292, 0.660975926272, 0.897895751149, 0.126321247213, 0.274239811751, 0.353192305665, 0.757219668103, 0.116722966208, 0.123959276287, 0.0817074499337, 0.410102577957, 0.142869721534, 0.72047334194, 0.84820382866, 0.444665629935, 0.411816391335, 0.935841408599, 0.46034853093, 0.163692421117, 0.249203943857, 0.0162697256388, 0.00629785150995, 0.407195499012, 0.250547309048, 0.315272003539, 0.11868225763, 0.0468582549091, 0.184120399009, 0.304181202566, 0.198214899878, 3.27437789537
0.0392619392891, 0.114665519568, 0.915041225417, 0.39041088005, 0.560936387564, 0.256837839596, 0.431914335425, 0.0908919119556, 0.642492585453, 0.625856599935, 0.694977301395, 0.994177109719, 0.0184435852939, 0.00118087617238, 0.69207779652, 0.0376404359228, 0.373833916506, 0.0460950837831, 0.350982700192, 0.106707481821, 0.154440439551, 0.547588916979, 0.647142228589, 0.576751763142, 0.507620815457, 0.629021797201, 0.380795956999, 0.353785348577, 0.380889191902, 0.048829025887, 0.0392619392891, 4.16674416049
0.0392619392891, 0.114665519568, 0.915041225417, 0.39041088005, 0.560936387564, 0.256837839596, 0.431914335425, 0.0908919119556, 0.642492585453, 0.625856599935, 0.694977301395, 0.994177109719, 0.0184435852939, 0.00118087617238, 0.69207779652, 0.0376404359228, 0.373833916506, 0.0460950837831, 0.350982700192, 0.106707481821, 0.154440439551, 0.547588916979, 0.647142228589, 0.576751763142, 0.507620815457, 0.629021797201, 0.380795956999, 0.353785348577, 0.380889191902, 0.048829025887, 0.0392619392891, 4.16674416049
0.0326667745922, 0.172689573758, 0.172930560177, 0.393000871904, 0.789487232415, 0.477092460858, 0.537444183186, 0.764760745704, 0.83709627935, 0.614615557454, 0.90495233306, 0.945527758259, 0.181729873882, 0.71378858483, 0.19794781958, 0.387490671628, 0.49192075058, 0.184486235384, 0.02504854898, 0.612618317004, 0.0726811250733, 0.1223548825, 0.0757350782029, 0.0470550919804, 0.167019431099, 0.0591638448138, 0.973153332378, 0.722648348562, 0.410616413682, 0.83469450039, 0.0326667745922, 4.59611070613
0.0326667745922, 0.172689573758, 0.172930560177, 0.393000871904, 0.789487232415, 0.477092460858, 0.537444183186, 0.764760745704, 0.83709627935, 0.614615557454, 0.90495233306, 0.945527758259, 0.181729873882, 0.71378858483, 0.19794781958, 0.387490671628, 0.49192075058, 0.184486235384, 0.02504854898, 0.612618317004, 0.0726811250733, 0.1223548825, 0.0757350782029, 0.0470550919804, 0.167019431099, 0.0591638448138, 0.973153332378, 0.722648348562, 0.410616413682, 0.83469450039, 0.0326667745922, 4.59611070613
0.806686462914, 0.117914317318, 0.489172475457, 0.213050507054, 0.0320053667495, 0.123322808767, 0.356102443753, 0.328355058382, 0.73992416698, 0.202281286657, 0.338933995408, 0.442984052498, 0.885081567902, 0.547902801528, 0.177981995949, 0.139928738196, 0.524107702706, 0.349636520512, 0.121119260759, 0.194368210284, 0.631949975929, 0.320430277401, 0.734024461075, 0.52579547722, 0.559129114491, 0.295963970861, 0.113612160216, 0.0448040856528, 0.000497562674119, 0.897602902116, 0.806686462914, 2.39251831643
0.806686462914, 0.117914317318, 0.489172475457, 0.213050507054, 0.0320053667495, 0.123322808767, 0.356102443753, 0.328355058382, 0.73992416698, 0.202281286657, 0.338933995408, 0.442984052498, 0.885081567902, 0.547902801528, 0.177981995949, 0.139928738196, 0.524107702706, 0.349636520512, 0.121119260759, 0.194368210284, 0.631949975929, 0.320430277401, 0.734024461075, 0.52579547722, 0.559129114491, 0.295963970861, 0.113612160216, 0.0448040856528, 0.000497562674119, 0.897602902116, 0.806686462914, 2.39251831643
0.768742323632, 0.344710121784, 0.917479129711, 0.0137383364925, 0.119232316457, 0.535485393367, 0.0879923500127, 0.297748279851, 0.387480445436, 0.566676266841, 0.589560375624, 0.0685092307277, 0.250893928685, 0.0142146411948, 0.55175093904, 0.300939758958, 0.013197502428, 0.391214759814, 0.459508559822, 0.469761626675, 0.225519236012, 0.182006646451, 0.579226825807, 0.265010849326, 0.489995090922, 0.836580252212, 0.272515178224, 0.16422082417, 0.635520187402, 0.314370743283, 0.768742323632, 2.41142016239
0.768742323632, 0.344710121784, 0.917479129711, 0.0137383364925, 0.119232316457, 0.535485393367, 0.0879923500127, 0.297748279851, 0.387480445436, 0.566676266841, 0.589560375624, 0.0685092307277, 0.250893928685, 0.0142146411948, 0.55175093904, 0.300939758958, 0.013197502428, 0.391214759814, 0.459508559822, 0.469761626675, 0.225519236012, 0.182006646451, 0.579226825807, 0.265010849326, 0.489995090922, 0.836580252212, 0.272515178224, 0.16422082417, 0.635520187402, 0.314370743283, 0.768742323632, 2.41142016239
0.417714834895, 0.555165726029, 0.521027520324, 0.0894830519548, 0.289089952129, 0.150710816764, 0.642701760608, 0.918190137502, 0.0290178892283, 0.196897192591, 0.12101625311, 0.913971965382, 0.976477502023, 0.0046993798042, 0.792412120212, 0.22044994709, 0.625065015193, 0.278839093277, 0.789465064333, 0.590800405926, 0.23022841446, 0.277072166072, 0.53271208322, 0.151872162283, 0.756795388638, 0.0384482467084, 0.266629038708, 0.00582409266968, 0.257053726036, 0.379249003025, 0.417714834895, 3.21418226043
0.417714834895, 0.555165726029, 0.521027520324, 0.0894830519548, 0.289089952129, 0.150710816764, 0.642701760608, 0.918190137502, 0.0290178892283, 0.196897192591, 0.12101625311, 0.913971965382, 0.976477502023, 0.0046993798042, 0.792412120212, 0.22044994709, 0.625065015193, 0.278839093277, 0.789465064333, 0.590800405926, 0.23022841446, 0.277072166072, 0.53271208322, 0.151872162283, 0.756795388638, 0.0384482467084, 0.266629038708, 0.00582409266968, 0.257053726036, 0.379249003025, 0.417714834895, 3.21418226043
0.562189274505, 0.344710121784, 0.95234126938, 0.0541115082505, 0.119232316457, 0.535485393367, 0.0879923500127, 0.297748279851, 0.387480445436, 0.607575016961, 0.589560375624, 0.445903577912, 0.250893928685, 0.0012287229136, 0.55175093904, 0.300939758958, 0.0157313696338, 0.393709686869, 0.459508559822, 0.469761626675, 0.123386223763, 0.182006646451, 0.555922325449, 0.265010849326, 0.489995090922, 0.836580252212, 0.272515178224, 0.16422082417, 0.635520187402, 0.314370743283, 0.562189274505, 2.76347127636
0.562189274505, 0.344710121784, 0.95234126938, 0.0541115082505, 0.119232316457, 0.535485393367, 0.0879923500127, 0.297748279851, 0.387480445436, 0.607575016961, 0.589560375624, 0.445903577912, 0.250893928685, 0.0012287229136, 0.55175093904, 0.300939758958, 0.0157313696338, 0.393709686869, 0.459508559822, 0.469761626675, 0.123386223763, 0.182006646451, 0.555922325449, 0.265010849326, 0.489995090922, 0.836580252212, 0.272515178224, 0.16422082417, 0.635520187402, 0.314370743283, 0.562189274505, 2.76347127636
0.672406207946, 0.167559413958, 0.768839432553, 0.982213782303, 0.192424165181, 0.869152870863, 0.508637821756, 0.0559105399669, 0.088968645858, 0.660098952809, 0.0998553265167, 0.0295479448383, 0.341711001661, 0.0239727522474, 0.664743621228, 0.140747238657, 0.0745087370905, 0.283486134521, 0.139137964548, 0.0411096483057, 0.258226120193, 0.755771217661, 0.915206303295, 0.0489094348895, 0.154925903228, 0.737986857213, 0.814048987636, 0.55609371566, 0.00997745424461, 0.537515567858, 0.672406207946, 2.67139061485
0.672406207946, 0.167559413958, 0.768839432553, 0.982213782303, 0.192424165181, 0.869152870863, 0.508637821756, 0.0559105399669, 0.088968645858, 0.660098952809, 0.0998553265167, 0.0295479448383, 0.341711001661, 0.0239727522474, 0.664743621228, 0.140747238657, 0.0745087370905, 0.283486134521, 0.139137964548, 0.0411096483057, 0.258226120193, 0.755771217661, 0.915206303295, 0.0489094348895, 0.154925903228, 0.737986857213, 0.814048987636, 0.55609371566, 0.00997745424461, 0.537515567858, 0.672406207946, 2.67139061485
0.0138463749953, 0.0175232565884, 0.751038071298, 0.501041221172, 0.360586144964, 0.0368640232223, 0.0827880139046, 0.30862183142, 0.327902287952, 0.0186370205394, 0.809579111596, 0.0606499366402, 0.230758794825, 0.739191689184, 0.949806695354, 0.835443429618, 0.936302926713, 0.415950318233, 0.44768658347, 0.265148278948, 0.697186730753, 0.231000350021, 0.821190491227, 0.108403663257, 0.516322847221, 0.134870552005, 0.497681781575, 0.965155840181, 0.880059952213, 0.267720415377, 0.0138463749953, 4.83547171103
0.0138463749953, 0.0175232565884, 0.751038071298, 0.501041221172, 0.360586144964, 0.0368640232223, 0.0827880139046, 0.30862183142, 0.327902287952, 0.0186370205394, 0.809579111596, 0.0606499366402, 0.230758794825, 0.739191689184, 0.949806695354, 0.835443429618, 0.936302926713, 0.415950318233, 0.44768658347, 0.265148278948, 0.697186730753, 0.231000350021, 0.821190491227, 0.108403663257, 0.516322847221, 0.134870552005, 0.497681781575, 0.965155840181, 0.880059952213, 0.267720415377, 0.0138463749953, 4.83547171103
0.0559016975867, 0.463106327032, 0.915041225417, 0.132260245474, 0.00406714295628, 0.60773703677, 0.431914335425, 0.0908919119556, 0.587470529695, 0.0139176471452, 0.694977301395, 0.994177109719, 0.225276648187, 0.00118087617238, 0.492523999267, 0.0376404359228, 0.373833916506, 0.0460950837831, 0.454134711231, 0.160128459915, 0.154440439551, 0.290641669855, 0.266764860834, 0.576751763142, 0.507620815457, 0.629021797201, 0.380795956999, 0.353785348577, 0.243816746748, 0.043036701091, 0.0559016975867, 3.6750832866
0.0559016975867, 0.463106327032, 0.915041225417, 0.132260245474, 0.00406714295628, 0.60773703677, 0.431914335425, 0.0908919119556, 0.587470529695, 0.0139176471452, 0.694977301395, 0.994177109719, 0.225276648187, 0.00118087617238, 0.492523999267, 0.0376404359228, 0.373833916506, 0.0460950837831, 0.454134711231, 0.160128459915, 0.154440439551, 0.290641669855, 0.266764860834, 0.576751763142, 0.507620815457, 0.629021797201, 0.380795956999, 0.353785348577, 0.243816746748, 0.043036701091, 0.0559016975867, 3.6750832866
0.0654623624319, 0.114665519568, 0.915041225417, 0.11821217961, 0.0218249759771, 0.256837839596, 0.431914335425, 0.0908919119556, 0.642492585453, 0.240426197998, 0.694977301395, 0.997276055336, 0.0461789814447, 0.223152765143, 0.637727129061, 0.0376404359228, 0.743469665707, 0.0759541420133, 0.568578314619, 0.124965863855, 0.0320755229719, 0.547588916979, 0.324040570871, 0.309835071248, 0.507620815457, 0.629021797201, 0.0850628796743, 0.413526429901, 0.233308688379, 0.163220449254, 0.0654623624319, 3.65133325452
0.0654623624319, 0.114665519568, 0.915041225417, 0.11821217961, 0.0218249759771, 0.256837839596, 0.431914335425, 0.0908919119556, 0.642492585453, 0.240426197998, 0.694977301395, 0.997276055336, 0.0461789814447, 0.223152765143, 0.637727129061, 0.0376404359228, 0.743469665707, 0.0759541420133, 0.568578314619, 0.124965863855, 0.0320755229719, 0.547588916979, 0.324040570871, 0.309835071248, 0.507620815457, 0.629021797201, 0.0850628796743, 0.413526429901, 0.233308688379, 0.163220449254, 0.0654623624319, 3.65133325452
0.447146288836, 0.0096712505007, 0.797009305039, 0.213050507054, 0.524584895893, 0.695698595267, 0.356102443753, 0.00968472142509, 0.73992416698, 0.202281286657, 0.338933995408, 0.442984052498, 0.937466929986, 0.374511008223, 0.571976571497, 0.139928738196, 0.574163487402, 0.349636520512, 0.0344852911699, 0.194368210284, 0.564444147627, 0.224780484398, 0.771736162115, 0.115232808262, 0.600512936588, 0.425749835049, 0.0123718747019, 0.160342733966, 0.000497562674119, 0.897602902116, 0.447146288836, 3.08200561249
0.447146288836, 0.0096712505007, 0.797009305039, 0.213050507054, 0.524584895893, 0.695698595267, 0.356102443753, 0.00968472142509, 0.73992416698, 0.202281286657, 0.338933995408, 0.442984052498, 0.937466929986, 0.374511008223, 0.571976571497, 0.139928738196, 0.574163487402, 0.349636520512, 0.0344852911699, 0.194368210284, 0.564444147627, 0.224780484398, 0.771736162115, 0.115232808262, 0.600512936588, 0.425749835049, 0.0123718747019, 0.160342733966, 0.000497562674119, 0.897602902116, 0.447146288836, 3.08200561249
0.198214899878, 0.4344901292, 0.660975926272, 0.897895751149, 0.126321247213, 0.407298326485, 0.353192305665, 0.757219668103, 0.116722966208, 0.767033332701, 0.0817074499337, 0.132272178909, 0.142869721534, 0.747671131706, 0.84820382866, 0.444665629935, 0.0066983500061, 0.935841408599, 0.46034853093, 0.163692421117, 0.354543815964, 0.0304018906937, 0.00629785150995, 0.407195499012, 0.250547309048, 0.315272003539, 0.11868225763, 0.0468582549091, 0.184120399009, 0.304181202566, 0.198214899878, 3.34075126576
0.198214899878, 0.4344901292, 0.660975926272, 0.897895751149, 0.126321247213, 0.407298326485, 0.353192305665, 0.757219668103, 0.116722966208, 0.767033332701, 0.0817074499337, 0.132272178909, 0.142869721534, 0.747671131706, 0.84820382866, 0.444665629935, 0.0066983500061, 0.935841408599, 0.46034853093, 0.163692421117, 0.354543815964, 0.0304018906937, 0.00629785150995, 0.407195499012, 0.250547309048, 0.315272003539, 0.11868225763, 0.0468582549091, 0.184120399009, 0.304181202566, 0.198214899878, 3.34075126576
0.337914083648, 0.993314903955, 0.203946903932, 0.124470283957, 0.287889956797, 0.330253224936, 0.194121197346, 0.615195303069, 0.708096322029, 0.333587106185, 0.272615056819, 0.00111039625918, 0.158921254123, 0.245394183776, 0.216937311557, 0.848951828712, 0.154269374178, 0.373010915091, 0.174140665306, 0.211175568061, 0.807205500594, 0.478096485864, 0.342438794324, 0.28644695548, 0.504038069087, 0.631816085698, 0.862303822453, 0.690750189932, 0.0758299826379, 0.189505114047, 0.337914083648, 3.27706152825
0.337914083648, 0.993314903955, 0.203946903932, 0.124470283957, 0.287889956797, 0.330253224936, 0.194121197346, 0.615195303069, 0.708096322029, 0.333587106185, 0.272615056819, 0.00111039625918, 0.158921254123, 0.245394183776, 0.216937311557, 0.848951828712, 0.154269374178, 0.373010915091, 0.174140665306, 0.211175568061, 0.807205500594, 0.478096485864, 0.342438794324, 0.28644695548, 0.504038069087, 0.631816085698, 0.862303822453, 0.690750189932, 0.0758299826379, 0.189505114047, 0.337914083648, 3.27706152825
0.0527017546428, 0.993314903955, 0.203946903932, 0.124470283957, 0.229157851779, 0.330253224936, 0.194121197346, 0.981065515585, 0.621135870296, 0.879911130275, 0.272615056819, 0.480464244543, 0.158921254123, 0.639284145649, 0.753757405273, 0.848951828712, 0.154269374178, 0.619551199092, 0.174140665306, 0.211175568061, 0.807205500594, 0.609028577557, 0.111479947882, 0.28644695548, 0.167508139505, 0.580726040089, 0.920216099434, 0.690750189932, 0.0758299826379, 0.189505114047, 0.0527017546428, 4.61045870188
0.0527017546428, 0.993314903955, 0.203946903932, 0.124470283957, 0.229157851779, 0.330253224936, 0.194121197346, 0.981065515585, 0.621135870296, 0.879911130275, 0.272615056819, 0.480464244543, 0.158921254123, 0.639284145649, 0.753757405273, 0.848951828712, 0.154269374178, 0.619551199092, 0.174140665306, 0.211175568061, 0.807205500594, 0.609028577557, 0.111479947882, 0.28644695548, 0.167508139505, 0.580726040089, 0.920216099434, 0.690750189932, 0.0758299826379, 0.189505114047, 0.0527017546428, 4.61045870188
0.0326667745922, 0.172689573758, 0.172930560177, 0.393000871904, 0.789487232415, 0.565318479191, 0.537444183186, 0.764760745704, 0.83709627935, 0.614615557454, 0.90495233306, 0.945527758259, 0.181729873882, 0.71378858483, 0.19794781958, 0.916043377748, 0.49192075058, 0.184486235384, 0.02504854898, 0.612618317004, 0.0726811250733, 0.1223548825, 0.0757350782029, 0.0470550919804, 0.450320912179, 0.0591638448138, 0.973153332378, 0.722648348562, 0.200975664391, 0.83469450039, 0.0326667745922, 4.80181627928
0.0326667745922, 0.172689573758, 0.172930560177, 0.393000871904, 0.789487232415, 0.565318479191, 0.537444183186, 0.764760745704, 0.83709627935, 0.614615557454, 0.90495233306, 0.945527758259, 0.181729873882, 0.71378858483, 0.19794781958, 0.916043377748, 0.49192075058, 0.184486235384, 0.02504854898, 0.612618317004, 0.0726811250733, 0.1223548825, 0.0757350782029, 0.0470550919804, 0.450320912179, 0.0591638448138, 0.973153332378, 0.722648348562, 0.200975664391, 0.83469450039, 0.0326667745922, 4.80181627928
0.768742323632, 0.344710121784, 0.917479129711, 0.0137383364925, 0.100402014417, 0.535485393367, 0.0879923500127, 0.297748279851, 0.387480445436, 0.607575016961, 0.589560375624, 0.0685092307277, 0.250893928685, 0.0142146411948, 0.55175093904, 0.300939758958, 0.0157313696338, 0.391214759814, 0.459508559822, 0.469761626675, 0.113830279256, 0.182006646451, 0.579226825807, 0.265010849326, 0.489995090922, 0.836580252212, 0.441536863208, 0.16422082417, 0.635520187402, 0.314370743283, 0.768742323632, 2.43142387938
0.768742323632, 0.344710121784, 0.917479129711, 0.0137383364925, 0.100402014417, 0.535485393367, 0.0879923500127, 0.297748279851, 0.387480445436, 0.607575016961, 0.589560375624, 0.0685092307277, 0.250893928685, 0.0142146411948, 0.55175093904, 0.300939758958, 0.0157313696338, 0.391214759814, 0.459508559822, 0.469761626675, 0.113830279256, 0.182006646451, 0.579226825807, 0.265010849326, 0.489995090922, 0.836580252212, 0.441536863208, 0.16422082417, 0.635520187402, 0.314370743283, 0.768742323632, 2.43142387938
0.655576284876, 0.243826306165, 0.52090315853, 0.542640854095, 0.835908603405, 0.780216847677, 0.613750215247, 0.332606271379, 0.739964441542, 0.362125394234, 0.315911849535, 0.150781576149, 0.239652386867, 0.421537428669, 0.3327315988, 0.563393078511, 0.227602907771, 0.226957659982, 0.132431160957, 0.00714597100778, 0.271141663725, 0.130552209184, 0.224517391448, 0.811596481144, 0.558486777251, 0.440032613245, 0.31868395585, 0.139939373119, 0.355693274381, 0.71202074593, 0.655576284876, 2.85154390124
0.655576284876, 0.243826306165, 0.52090315853, 0.542640854095, 0.835908603405, 0.780216847677, 0.613750215247, 0.332606271379, 0.739964441542, 0.362125394234, 0.315911849535, 0.150781576149, 0.239652386867, 0.421537428669, 0.3327315988, 0.563393078511, 0.227602907771, 0.226957659982, 0.132431160957, 0.00714597100778, 0.271141663725, 0.130552209184, 0.224517391448, 0.811596481144, 0.558486777251, 0.440032613245, 0.31868395585, 0.139939373119, 0.355693274381, 0.71202074593, 0.655576284876, 2.85154390124
0.744602577021, 0.0096712505007, 0.647707704398, 0.213050507054, 0.524584895893, 0.398816604587, 0.0665230331183, 0.116231431415, 0.73992416698, 0.202281286657, 0.338933995408, 0.442984052498, 0.812931208425, 0.374511008223, 0.154085955839, 0.139928738196, 0.546888775217, 0.349636520512, 0.445542890247, 0.280807001699, 0.631949975929, 0.224780484398, 0.734024461075, 0.52579547722, 0.952633024028, 0.295963970861, 0.00961294620983, 0.383026796075, 0.000497562674119, 0.937853395966, 0.744602577021, 2.72478923885
0.744602577021, 0.0096712505007, 0.647707704398, 0.213050507054, 0.524584895893, 0.398816604587, 0.0665230331183, 0.116231431415, 0.73992416698, 0.202281286657, 0.338933995408, 0.442984052498, 0.812931208425, 0.374511008223, 0.154085955839, 0.139928738196, 0.546888775217, 0.349636520512, 0.445542890247, 0.280807001699, 0.631949975929, 0.224780484398, 0.734024461075, 0.52579547722, 0.952633024028, 0.295963970861, 0.00961294620983, 0.383026796075, 0.000497562674119, 0.937853395966, 0.744602577021, 2.72478923885
0.0138463749953, 0.0175232565884, 0.751038071298, 0.501041221172, 0.360586144964, 0.0368640232223, 0.105279681224, 0.30862183142, 0.253576801549, 0.0186370205394, 0.809579111596, 0.409906986895, 0.74148115644, 0.739191689184, 0.386676132121, 0.975671017312, 0.29721168208, 0.415950318233, 0.44768658347, 0.265148278948, 0.794374666869, 0.231000350021, 0.821190491227, 0.928551542458, 0.516322847221, 0.134870552005, 0.577144137197, 0.965155840181, 0.260737015051, 0.267720415377, 0.0138463749953, 4.87284102145
0.0138463749953, 0.0175232565884, 0.751038071298, 0.501041221172, 0.360586144964, 0.0368640232223, 0.105279681224, 0.30862183142, 0.253576801549, 0.0186370205394, 0.809579111596, 0.409906986895, 0.74148115644, 0.739191689184, 0.386676132121, 0.975671017312, 0.29721168208, 0.415950318233, 0.44768658347, 0.265148278948, 0.794374666869, 0.231000350021, 0.821190491227, 0.928551542458, 0.516322847221, 0.134870552005, 0.577144137197, 0.965155840181, 0.260737015051, 0.267720415377, 0.0138463749953, 4.87284102145
0.0183953891423, 0.172689573758, 0.172930560177, 0.251961587539, 0.510896334465, 0.477092460858, 0.843602446176, 0.764760745704, 0.83709627935, 0.614615557454, 0.90495233306, 0.945527758259, 0.181729873882, 0.71378858483, 0.705115003569, 0.387490671628, 0.49192075058, 0.184486235384, 0.030200923852, 0.612618317004, 0.0726811250733, 0.245043263988, 0.0645335228214, 0.0264238313306, 0.450320912179, 0.450498393457, 0.817811773816, 0.521869217698, 0.178118754762, 0.83469450039, 0.0183953891423, 4.87028323938
0.0183953891423, 0.172689573758, 0.172930560177, 0.251961587539, 0.510896334465, 0.477092460858, 0.843602446176, 0.764760745704, 0.83709627935, 0.614615557454, 0.90495233306, 0.945527758259, 0.181729873882, 0.71378858483, 0.705115003569, 0.387490671628, 0.49192075058, 0.184486235384, 0.030200923852, 0.612618317004, 0.0726811250733, 0.245043263988, 0.0645335228214, 0.0264238313306, 0.450320912179, 0.450498393457, 0.817811773816, 0.521869217698, 0.178118754762, 0.83469450039, 0.0183953891423, 4.87028323938
0.0559016975867, 0.114665519568, 0.964809478404, 0.11821217961, 0.0218249759771, 0.256837839596, 0.431914335425, 0.0908919119556, 0.642492585453, 0.625856599935, 0.694977301395, 0.514058348475, 0.0461789814447, 0.219631545153, 0.485465618471, 0.0376404359228, 0.63566276118, 0.0759541420133, 0.361499982133, 0.0948922389465, 0.154440439551, 0.547588916979, 0.324040570871, 0.23977694707, 0.536924856783, 0.604351520293, 0.0850628796743, 0.433167127743, 0.0832025890221, 0.745104278144, 0.0559016975867, 3.67919844279
0.0559016975867, 0.114665519568, 0.964809478404, 0.11821217961, 0.0218249759771, 0.256837839596, 0.431914335425, 0.0908919119556, 0.642492585453, 0.625856599935, 0.694977301395, 0.514058348475, 0.0461789814447, 0.219631545153, 0.485465618471, 0.0376404359228, 0.63566276118, 0.0759541420133, 0.361499982133, 0.0948922389465, 0.154440439551, 0.547588916979, 0.324040570871, 0.23977694707, 0.536924856783, 0.604351520293, 0.0850628796743, 0.433167127743, 0.0832025890221, 0.745104278144, 0.0559016975867, 3.67919844279
0.447146288836, 0.0798416606068, 0.618472030035, 0.692355803571, 0.584073107254, 0.398816604587, 0.356102443753, 0.116231431415, 0.73992416698, 0.202281286657, 0.338933995408, 0.442984052498, 0.812931208425, 0.374511008223, 0.177981995949, 0.139928738196, 0.524107702706, 0.349636520512, 0.121119260759, 0.194368210284, 0.631949975929, 0.224780484398, 0.734024461075, 0.519527674863, 0.590360821481, 0.295963970861, 0.00961294620983, 0.160342733966, 0.000497562674119, 0.866852821737, 0.447146288836, 3.08691597112
0.447146288836, 0.0798416606068, 0.618472030035, 0.692355803571, 0.584073107254, 0.398816604587, 0.356102443753, 0.116231431415, 0.73992416698, 0.202281286657, 0.338933995408, 0.442984052498, 0.812931208425, 0.374511008223, 0.177981995949, 0.139928738196, 0.524107702706, 0.349636520512, 0.121119260759, 0.194368210284, 0.631949975929, 0.224780484398, 0.734024461075, 0.519527674863, 0.590360821481, 0.295963970861, 0.00961294620983, 0.160342733966, 0.000497562674119, 0.866852821737, 0.447146288836, 3.08691597112
0.198214899878, 0.4344901292, 0.660975926272, 0.897895751149, 0.0572575683399, 0.274239811751, 0.27883866426, 0.757219668103, 0.423207170514, 0.123959276287, 0.0817074499337, 0.979739754232, 0.0857587515335, 0.72047334194, 0.84820382866, 0.597031790903, 0.588891509331, 0.427481238557, 0.46034853093, 0.163692421117, 0.354543815964, 0.0304018906937, 0.000196719415789, 0.407195499012, 0.188968869826, 0.315272003539, 0.00939312865673, 0.0307380191855, 0.0181033791066, 0.304181202566, 0.198214899878, 3.3455098509
0.198214899878, 0.4344901292, 0.660975926272, 0.897895751149, 0.0572575683399, 0.274239811751, 0.27883866426, 0.757219668103, 0.423207170514, 0.123959276287, 0.0817074499337, 0.979739754232, 0.0857587515335, 0.72047334194, 0.84820382866, 0.597031790903, 0.588891509331, 0.427481238557, 0.46034853093, 0.163692421117, 0.354543815964, 0.0304018906937, 0.000196719415789, 0.407195499012, 0.188968869826, 0.315272003539, 0.00939312865673, 0.0307380191855, 0.0181033791066, 0.304181202566, 0.198214899878, 3.3455098509
0.337914083648, 0.993314903955, 0.203946903932, 0.124470283957, 0.229157851779, 0.421577515819, 0.194121197346, 0.615195303069, 0.621135870296, 0.333587106185, 0.272615056819, 0.00111039625918, 0.158921254123, 0.639284145649, 0.216937311557, 0.848951828712, 0.154269374178, 0.0943141622686, 0.174140665306, 0.211175568061, 0.807205500594, 0.478096485864, 0.236700857918, 0.372321682265, 0.683848754384, 0.580726040089, 0.79102375997, 0.690750189932, 0.0758299826379, 0.189505114047, 0.337914083648, 3.30342846251
0.337914083648, 0.993314903955, 0.203946903932, 0.124470283957, 0.229157851779, 0.421577515819, 0.194121197346, 0.615195303069, 0.621135870296, 0.333587106185, 0.272615056819, 0.00111039625918, 0.158921254123, 0.639284145649, 0.216937311557, 0.848951828712, 0.154269374178, 0.0943141622686, 0.174140665306, 0.211175568061, 0.807205500594, 0.478096485864, 0.236700857918, 0.372321682265, 0.683848754384, 0.580726040089, 0.79102375997, 0.690750189932, 0.0758299826379, 0.189505114047, 0.337914083648, 3.30342846251
0.404117722925, 0.132090544041, 0.751038071298, 0.0852315590308, 0.0919741479252, 0.0309942581377, 0.105279681224, 0.30862183142, 0.253576801549, 0.0183119266514, 0.809579111596, 0.409906986895, 0.230758794825, 0.739191689184, 0.949806695354, 0.92378993678, 0.936302926713, 0.415950318233, 0.44768658347, 0.306229096563, 0.697186730753, 0.231000350021, 0.821190491227, 0.0264570753474, 0.569364276868, 0.00649626443817, 0.524040323553, 0.49781635451, 0.260737015051, 0.267720415377, 0.404117722925, 3.30226399795
0.404117722925, 0.132090544041, 0.751038071298, 0.0852315590308, 0.0919741479252, 0.0309942581377, 0.105279681224, 0.30862183142, 0.253576801549, 0.0183119266514, 0.809579111596, 0.409906986895, 0.230758794825, 0.739191689184, 0.949806695354, 0.92378993678, 0.936302926713, 0.415950318233, 0.44768658347, 0.306229096563, 0.697186730753, 0.231000350021, 0.821190491227, 0.0264570753474, 0.569364276868, 0.00649626443817, 0.524040323553, 0.49781635451, 0.260737015051, 0.267720415377, 0.404117722925, 3.30226399795
0.0527017546428, 0.993314903955, 0.203946903932, 0.124470283957, 0.229157851779, 0.330253224936, 0.194121197346, 0.615195303069, 0.621135870296, 0.879911130275, 0.272615056819, 0.00111039625918, 0.692234582937, 0.639284145649, 0.753757405273, 0.848951828712, 0.154269374178, 0.619551199092, 0.575771307483, 0.211175568061, 0.807205500594, 0.609028577557, 0.236700857918, 0.28644695548, 0.167508139505, 0.580726040089, 0.920216099434, 0.714587119957, 0.0758299826379, 0.189505114047, 0.0527017546428, 4.68082031471
0.0527017546428, 0.993314903955, 0.203946903932, 0.124470283957, 0.229157851779, 0.330253224936, 0.194121197346, 0.615195303069, 0.621135870296, 0.879911130275, 0.272615056819, 0.00111039625918, 0.692234582937, 0.639284145649, 0.753757405273, 0.848951828712, 0.154269374178, 0.619551199092, 0.575771307483, 0.211175568061, 0.807205500594, 0.609028577557, 0.236700857918, 0.28644695548, 0.167508139505, 0.580726040089, 0.920216099434, 0.714587119957, 0.0758299826379, 0.189505114047, 0.0527017546428, 4.68082031471
0.0326667745922, 0.011348801234, 0.172930560177, 0.393000871904, 0.789487232415, 0.477092460858, 0.537444183186, 0.764760745704, 0.83709627935, 0.614615557454, 0.90495233306, 0.945527758259, 0.181729873882, 0.71378858483, 0.19794781958, 0.387490671628, 0.49192075058, 0.184486235384, 0.030200923852, 0.612618317004, 0.347644677714, 0.535492184814, 0.0757350782029, 0.155704580341, 0.450320912179, 0.450498393457, 0.404080001943, 0.722648348562, 0.472055957778, 0.83469450039, 0.0326667745922, 4.83672933799
0.0326667745922, 0.011348801234, 0.172930560177, 0.393000871904, 0.789487232415, 0.477092460858, 0.537444183186, 0.764760745704, 0.83709627935, 0.614615557454, 0.90495233306, 0.945527758259, 0.181729873882, 0.71378858483, 0.19794781958, 0.387490671628, 0.49192075058, 0.184486235384, 0.030200923852, 0.612618317004, 0.347644677714, 0.535492184814, 0.0757350782029, 0.155704580341, 0.450320912179, 0.450498393457, 0.404080001943, 0.722648348562, 0.472055957778, 0.83469450039, 0.0326667745922, 4.83672933799
0.768742323632, 0.170180875786, 0.967422163122, 0.0137383364925, 0.119232316457, 0.461767428737, 0.0879923500127, 0.297748279851, 0.225870929413, 0.607575016961, 0.589560375624, 0.0685092307277, 0.250893928685, 0.0142146411948, 0.55175093904, 0.300939758958, 0.0157313696338, 0.894136395608, 0.459508559822, 0.469761626675, 0.123386223763, 0.182006646451, 0.535031643012, 0.0255129341912, 0.975667057813, 0.836580252212, 0.272515178224, 0.0974168864126, 0.635520187402, 0.314370743283, 0.768742323632, 2.46504134909
0.768742323632, 0.170180875786, 0.967422163122, 0.0137383364925, 0.119232316457, 0.461767428737, 0.0879923500127, 0.297748279851, 0.225870929413, 0.607575016961, 0.589560375624, 0.0685092307277, 0.250893928685, 0.0142146411948, 0.55175093904, 0.300939758958, 0.0157313696338, 0.894136395608, 0.459508559822, 0.469761626675, 0.123386223763, 0.182006646451, 0.535031643012, 0.0255129341912, 0.975667057813, 0.836580252212, 0.272515178224, 0.0974168864126, 0.635520187402, 0.314370743283, 0.768742323632, 2.46504134909
0.655576284876, 0.0584996189025, 0.10850201726, 0.524915153859, 0.835908603405, 0.780216847677, 0.923475957881, 0.979323550173, 0.518762813601, 0.208852522408, 0.171521775472, 0.150781576149, 0.239652386867, 0.44483223008, 0.275330958989, 0.63961142635, 0.227602907771, 0.226957659982, 0.104468117259, 0.0733092049795, 0.202705582192, 0.130552209184, 0.224517391448, 0.811596481144, 0.558486777251, 0.440032613245, 0.31868395585, 0.2515535897, 0.62567351179, 0.524274236579, 0.655576284876, 2.85855359212
0.655576284876, 0.0584996189025, 0.10850201726, 0.524915153859, 0.835908603405, 0.780216847677, 0.923475957881, 0.979323550173, 0.518762813601, 0.208852522408, 0.171521775472, 0.150781576149, 0.239652386867, 0.44483223008, 0.275330958989, 0.63961142635, 0.227602907771, 0.226957659982, 0.104468117259, 0.0733092049795, 0.202705582192, 0.130552209184, 0.224517391448, 0.811596481144, 0.558486777251, 0.440032613245, 0.31868395585, 0.2515535897, 0.62567351179, 0.524274236579, 0.655576284876, 2.85855359212
0.744602577021, 0.0096712505007, 0.647707704398, 0.213050507054, 0.524584895893, 0.398816604587, 0.0665230331183, 0.116231431415, 0.73992416698, 0.202281286657, 0.338933995408, 0.442984052498, 0.812931208425, 0.374511008223, 0.154085955839, 0.139928738196, 0.546888775217, 0.349636520512, 0.121119260759, 0.194368210284, 0.631949975929, 0.78064216139, 0.734024461075, 0.736568777819, 0.952633024028, 0.295963970861, 0.00961294620983, 0.383026796075, 0.000497562674119, 0.866852821737, 0.744602577021, 2.79541411627
0.744602577021, 0.0096712505007, 0.647707704398, 0.213050507054, 0.524584895893, 0.398816604587, 0.0665230331183, 0.116231431415, 0.73992416698, 0.202281286657, 0.338933995408, 0.442984052498, 0.812931208425, 0.374511008223, 0.154085955839, 0.139928738196, 0.546888775217, 0.349636520512, 0.121119260759, 0.194368210284, 0.631949975929, 0.78064216139, 0.734024461075, 0.736568777819, 0.952633024028, 0.295963970861, 0.00961294620983, 0.383026796075, 0.000497562674119, 0.866852821737, 0.744602577021, 2.79541411627
0.0138463749953, 0.0175232565884, 0.751038071298, 0.501041221172, 0.360586144964, 0.0368640232223, 0.105279681224, 0.30862183142, 0.253576801549, 0.0186370205394, 0.809579111596, 0.409906986895, 0.74148115644, 0.739191689184, 0.949806695354, 0.975671017312, 0.943145044329, 0.415950318233, 0.44768658347, 0.265148278948, 0.674160752875, 0.231000350021, 0.821190491227, 0.924676891126, 0.516322847221, 0.134870552005, 0.577144137197, 0.965155840181, 0.260737015051, 0.267720415377, 0.0138463749953, 5.20095762108
0.0138463749953, 0.0175232565884, 0.751038071298, 0.501041221172, 0.360586144964, 0.0368640232223, 0.105279681224, 0.30862183142, 0.253576801549, 0.0186370205394, 0.809579111596, 0.409906986895, 0.74148115644, 0.739191689184, 0.949806695354, 0.975671017312, 0.943145044329, 0.415950318233, 0.44768658347, 0.265148278948, 0.674160752875, 0.231000350021, 0.821190491227, 0.924676891126, 0.516322847221, 0.134870552005, 0.577144137197, 0.965155840181, 0.260737015051, 0.267720415377, 0.0138463749953, 5.20095762108
0.0183953891423, 0.240143280149, 0.172930560177, 0.393000871904, 0.510896334465, 0.800873792764, 0.537444183186, 0.764760745704, 0.83709627935, 0.614615557454, 0.90495233306, 0.945527758259, 0.181729873882, 0.71378858483, 0.705115003569, 0.387490671628, 0.49192075058, 0.184486235384, 0.030200923852, 0.612618317004, 0.0726811250733, 0.127827373497, 0.0645335228214, 0.0264238313306, 0.450320912179, 0.450498393457, 0.817811773816, 0.521869217698, 0.200975664391, 0.83469450039, 0.0183953891423, 4.90995727135
0.0183953891423, 0.240143280149, 0.172930560177, 0.393000871904, 0.510896334465, 0.800873792764, 0.537444183186, 0.764760745704, 0.83709627935, 0.614615557454, 0.90495233306, 0.945527758259, 0.181729873882, 0.71378858483, 0.705115003569, 0.387490671628, 0.49192075058, 0.184486235384, 0.030200923852, 0.612618317004, 0.0726811250733, 0.127827373497, 0.0645335228214, 0.0264238313306, 0.450320912179, 0.450498393457, 0.817811773816, 0.521869217698, 0.200975664391, 0.83469450039, 0.0183953891423, 4.90995727135
0.768742323632, 0.344710121784, 0.917479129711, 0.0137383364925, 0.119232316457, 0.535485393367, 0.0879923500127, 0.297748279851, 0.387480445436, 0.607575016961, 0.589560375624, 0.18170442583, 0.250893928685, 0.0142146411948, 0.55175093904, 0.300939758958, 0.0157313696338, 0.391214759814, 0.459508559822, 0.469761626675, 0.123386223763, 0.182006646451, 0.579226825807, 0.265010849326, 0.676089441899, 0.836580252212, 0.272515178224, 0.16422082417, 0.635520187402, 0.314370743283, 0.768742323632, 2.47020396522
0.768742323632, 0.344710121784, 0.917479129711, 0.0137383364925, 0.119232316457, 0.535485393367, 0.0879923500127, 0.297748279851, 0.387480445436, 0.607575016961, 0.589560375624, 0.18170442583, 0.250893928685, 0.0142146411948, 0.55175093904, 0.300939758958, 0.0157313696338, 0.391214759814, 0.459508559822, 0.469761626675, 0.123386223763, 0.182006646451, 0.579226825807, 0.265010849326, 0.676089441899, 0.836580252212, 0.272515178224, 0.16422082417, 0.635520187402, 0.314370743283, 0.768742323632, 2.47020396522
0.0359740233216, 0.635573956378, 0.332348895033, 0.569225997513, 0.428326995463, 0.54081457524, 0.997688099888, 0.998754561354, 0.467652158446, 0.572975792663, 0.77579874068, 0.283528667016, 0.076264301068, 0.970366660622, 0.327090039237, 0.400654323539, 0.560586168052, 0.170089745878, 0.528372298051, 0.36262384011, 0.271195873351, 0.980230464263, 0.23429527172, 0.677786152696, 0.942515590983, 0.207204797793, 0.936635358959, 0.365122082487, 0.0592424510259, 0.312252595201, 0.0359740233216, 5.19972495373
0.0359740233216, 0.635573956378, 0.332348895033, 0.569225997513, 0.428326995463, 0.54081457524, 0.997688099888, 0.998754561354, 0.467652158446, 0.572975792663, 0.77579874068, 0.283528667016, 0.076264301068, 0.970366660622, 0.327090039237, 0.400654323539, 0.560586168052, 0.170089745878, 0.528372298051, 0.36262384011, 0.271195873351, 0.980230464263, 0.23429527172, 0.677786152696, 0.942515590983, 0.207204797793, 0.936635358959, 0.365122082487, 0.0592424510259, 0.312252595201, 0.0359740233216, 5.19972495373
0.0559016975867, 0.114665519568, 0.994033682637, 0.11821217961, 0.0218249759771, 0.204582572093, 0.431914335425, 0.0908919119556, 0.642492585453, 0.703334962348, 0.694977301395, 0.514058348475, 0.0461789814447, 0.219631545153, 0.485465618471, 0.0376404359228, 0.63566276118, 0.0759541420133, 0.361499982133, 0.160128459915, 0.154440439551, 0.547588916979, 0.324040570871, 0.23977694707, 0.536924856783, 0.604351520293, 0.0850628796743, 0.433167127743, 0.462572900248, 0.745104278144, 0.0559016975867, 3.82518392115
0.037268267097, 0.674966609127, 0.501527084365, 0.758968617461, 0.594679272577, 0.919377167677, 0.979160937568, 0.698511435334, 0.105108566865, 0.83410485138, 0.741071024083, 0.855752600882, 0.237744111649, 0.00963204478835, 0.280171339587, 0.177777227918, 0.120333912182, 0.953697912109, 0.715898797106, 0.512187937446, 0.182367468882, 0.158587601269, 0.270237846175, 0.0777061916901, 0.362939540176, 0.210554957675, 0.841782618888, 0.159070396031, 0.156055911158, 0.942880281397, 0.037268267097, 4.90828840708
