0.777083032231, 0.649782497436, 0.263244945551, 0.902383778631, 0.260472430422, 0.497880241232, 0.448817653329, 0.671499064852, 0.35983814456, 0.274362057324, 0.90342710963, 0.503371784837, 0.787140336692, 0.597966537255, 0.0354869003668, 0.229616839908, 0.101952921159, 0.413728192604, 1.32892867791
0.887332692885, 1.0, 0.292139047599, 0.966367100242, 0.509767254616, 0.292624236881, 0.618593606844, 0.954823752947, 0.40032637191, 0.588483277139, 0.848845140068, 0.737451369948, 0.62005512243, 1.0, 8.80017984295e-19, 1.66419053543e-17, 8.23372444404e-18, 0.303568556161, 1.69734991689
0.0470503116813, 0.821154803029, 0.822153015854, 0.626046249026, 0.520861351913, 0.347062766222, 0.98284808145, 0.502111954974, 0.293593448933, 0.571182533714, 0.592690055352, 0.708767243662, 0.471676088869, 0.200990128597, 0.0611407097301, 0.0918298838253, 0.384580273654, 1.38650532545, 0.106847284392
0.866183195621, 0.21679871325, 0.360343481199, 1.0, 0.0, 0.728918372797, 0.188692000627, 0.804426237755, 0.889638233001, 0.263377820297, 0.415842273442, 0.593917244916, 0.506146137282, 0.403102491109, 1.75350599979e-17, 0.286369261899, 0.181952268028, 0.120226152578, 1.68715841345
0.402323539155, 1.0, 0.900939927895, 0.117305765996, 0.257544825841, 0.415319169212, 0.263927124247, 0.79319593123, 0.648585469153, 0.0, 0.380765340779, 0.076977087917, 0.272735318729, 0.498882705466, 1.29809391372e-17, 2.41935651255e-18, 8.41739040101e-17, 1.39147566349, 1.01874634833
0.810099504714, 0.12564972241, 0.567855746907, 0.30620046209, 0.834331013099, 0.644612240095, 0.697801881217, 0.785272864538, 0.17209480492, 0.741792933239, 0.133616370912, 0.253378866837, 0.739281363405, 0.114836252417, 0.29192714424, 0.152343717107, 0.408192396783, 0.104876754165, 1.73948103815
0.0, 0.0, 0.0, 1.0, 0.380477159903, 0.438862331285, 0.0, 0.0, 0.17296904996, 0.618824866854, 0.897491302734, 0.276317940001, 0.0967840410702, 0.686841709664, 1.25196747449e-16, 2.04461804883, 0.0, 0.0, 0.0
0.466892211721, 0.514269033045, 0.894785693186, 0.944345386292, 0.0, 0.243806542076, 0.323459568298, 0.20002161549, 0.375972473456, 0.646033838417, 0.470560639737, 0.366030826293, 0.357008129958, 0.0681513189905, 0.0125315684086, 0.142980239469, 0.86052500934, 0.912424138059, 1.13746865445
0.355132784072, 0.99811090245, 0.529797257487, 0.334498721668, 0.85277293952, 0.246793771988, 0.886568180983, 0.41656634846, 0.394784333686, 0.0, 0.662635064504, 0.774880357184, 0.955777156403, 0.537029619454, 0.00281108658359, 0.00162985011679, 0.00356876329314, 1.62649576561, 1.01485055782
0.952314748493, 0.281842062344, 0.112857556426, 0.820069817538, 0.17355559881, 0.648476348063, 0.117313140647, 0.276171085083, 0.266190027266, 0.630753160801, 0.518742253237, 0.424578985631, 0.54212965007, 0.822909015999, 0.0280109236533, 0.0964537132395, 0.01799429048, 0.0483764893477, 1.50477679466
0.862262001287, 1.0, 1.0, 0.0, 0.93478265578, 0.641552035702, 0.398110720462, 0.810918294718, 0.0, 0.781823890149, 0.313456293035, 0.0, 0.688595425942, 0.825365307354, 1.66757399855e-33, 0.0, 2.72335501095e-17, 0.444757625275, 2.02347654486
0.123925685556, 0.725684381375, 0.566850759761, 0.799870589178, 0.161779014401, 0.443632012023, 0.730230515254, 0.488152904923, 0.0801080954959, 0.811219832995, 0.688459009709, 0.313951646273, 0.528544176862, 0.0, 0.140682338003, 0.432676424611, 0.562177152503, 1.57322613558, 0.341379745401
0.935445223968, 0.877118500502, 0.120406059872, 0.285861925504, 0.839476301329, 0.702656328011, 0.755298418205, 0.453645817737, 0.416909450397, 0.225795626602, 0.967886068995, 0.308341686398, 0.417481542553, 1.0, 0.0312389487723, 0.0150528106778, 0.00663782005433, 0.18063514091, 1.80885167341
1.0, 0.654801844588, 0.743286178553, 0.599444885402, 0.0, 0.328948183435, 0.874811033068, 0.623021479887, 1.0, 0.374774445495, 0.854037309253, 0.47697554776, 0.589990378119, 1.0, 1.5210968408e-17, 2.08977575741e-17, 6.05860247179e-17, 1.0933140826e-16, 2.08452856837
0.949589058965, 0.878857651861, 0.864380120669, 0.192397381106, 0.924404022077, 0.454928081006, 0.779100858806, 0.412309591552, 0.625305840585, 0.108405493632, 0.275587208599, 0.57125292618, 0.187943679248, 0.655794800899, 0.00487374525432, 0.00151947377579, 0.0236005444291, 0.125357271537, 1.60881710122
0.991964061549, 0.792830347454, 0.682722802167, 0.0905657391155, 0.348702955706, 0.773583723829, 0.202519041542, 0.202854202102, 0.861559057255, 0.568988096642, 0.0279777260856, 0.458086839507, 0.138223446574, 0.654348499579, 0.00341661994855, 0.000489355135082, 0.00634233519918, 0.0213998210228, 1.78913863255
0.582961533842, 0.754224039937, 0.748676512636, 0.421038222419, 0.785780652095, 0.655878026953, 0.435606023786, 0.46308998828, 0.535166981995, 0.0825180061761, 0.644760118776, 0.717545923088, 1.0, 0.190575996363, 0.118435367812, 0.0921776424012, 0.360202482989, 0.960035503959, 1.34891310538
0.0, 0.87542732603, 0.0, 0.53187826034, 0.229476496785, 0.471149416433, 0.638557842179, 0.63737211484, 0.0, 0.180116038346, 0.730434386726, 0.472258747865, 0.959536476584, 0.375422532148, 0.227597344366, 0.251613548816, 0.0, 1.71167229701, 0.0
0.951428638182, 0.473990353775, 0.61706920924, 0.222678472665, 0.632689031026, 0.367403346337, 0.511765480186, 0.225155503256, 0.383998908553, 0.522999895346, 0.581251371546, 0.66568463659, 0.327139452105, 0.0756251927984, 0.0407912514769, 0.0148799169041, 0.0632628495329, 0.0707033393505, 1.36489713803
0.392785725085, 1.0, 0.966438427219, 0.656263947198, 0.735268609895, 0.767627978685, 0.427105051651, 0.890419654056, 0.710190135478, 0.381629424785, 0.770486215876, 0.624144327577, 0.823751062042, 0.199667034598, 2.20049491315e-18, 3.67148637272e-18, 8.11188049362e-17, 1.32661367427, 0.941058869519
1.0, 0.339994984693, 0.574778411881, 0.0, 0.413522131387, 0.621193242964, 0.727281929936, 0.596133439953, 0.612415478141, 0.633474259924, 0.0, 0.752018861656, 0.144353616589, 0.817260124968, 5.39988005241e-17, 0.0, 6.8448135042e-17, 5.15594375776e-17, 1.6541693992
0.134794230341, 1.0, 0.177432137917, 0.831862062348, 1.0, 0.845338399864, 0.868226205548, 0.538355293234, 0.716473936532, 0.683243489953, 0.517155423261, 0.0, 0.969193012901, 0.301946916124, 3.14981234426e-17, 1.16475199945e-16, 3.45275382921e-17, 2.04960338863, 0.440574928156
0.0766521044664, 0.533769573773, 0.0, 1.0, 0.685541868748, 0.37547810052, 0.447433122506, 0.0265686656672, 0.544747954253, 0.88630227017, 0.622939379965, 0.740676679537, 0.6204981916, 0.762221874326, 6.43969905909e-17, 1.05168266697, 0.0, 1.16962272345, 0.190306821727
1.0, 0.0, 1.0, 0.152478847712, 0.91939758309, 0.537568679716, 0.607077385108, 0.559785775587, 0.499996638891, 0.822262028715, 0.249159002732, 0.423771832691, 0.969776149956, 0.247716593478, 6.00723630515e-33, 1.46697206905e-33, 1.00988474355e-16, 0.0, 1.6492669466
0.955912481147, 0.697564393389, 0.480033259207, 0.938412426876, 0.32622269861, 0.537626316414, 0.440499508624, 0.366188209714, 0.371872391863, 0.703713778922, 1.0, 0.875728061984, 0.488560649637, 0.697673131668, 0.00343483419766, 0.035394436351, 0.033397227235, 0.094846390887, 1.53765866457
0.980080755694, 0.861085517131, 0.396027640681, 0.496077319447, 0.350362177276, 0.184509133684, 0.276526570214, 0.548809024813, 0.982797348186, 0.195104851183, 0.583889116036, 0.431531745467, 0.035725190913, 0.292696663132, 0.0069327376587, 0.00684782445073, 0.00698732234142, 0.0540765156537, 1.76968742708
0.785241590676, 0.0, 0.23983758321, 0.170077080086, 0.213254999957, 0.392483589387, 0.219198368277, 0.567691323762, 0.758104805001, 0.0859584879754, 0.243004800148, 0.721261784893, 0.435703940822, 1.0, 0.529699792441, 0.144978401975, 0.21727438499, 0.0, 1.68382726176
0.293119473741, 0.963729685589, 0.634476007355, 1.0, 0.203222560319, 0.704970282843, 0.535133393519, 0.522797361718, 0.378007025685, 0.948590397531, 0.477815875888, 0.670192711808, 0.0266986338062, 0.536564374716, 2.71915842528e-18, 0.0444072270826, 0.0686505847702, 1.43352791243, 0.712164819593
1.0, 0.554481441401, 0.452414211415, 0.477087952206, 0.454351685001, 0.655626890212, 0.397834094725, 0.448597194901, 0.410697896189, 0.444896728297, 0.605984517227, 0.0426775304079, 0.855723339974, 0.0, 3.60491377035e-17, 3.35434088074e-17, 4.23799991007e-17, 7.71603854505e-17, 1.64731050818
0.799749088979, 0.0, 1.0, 0.318323554916, 0.394284885715, 0.206630161222, 0.405786554106, 0.767243680396, 0.1675875081, 0.632625341252, 0.0, 0.922915660356, 0.534424141899, 0.0, 3.30125450609e-17, 1.80357559197e-17, 0.61434914785, 0.0, 1.88823967542
0.411388671331, 1.0, 0.641731702245, 0.227641692705, 0.893247595041, 0.0228991393016, 0.726598913768, 1.0, 0.177026153545, 0.244860450348, 0.0, 0.874621245572, 0.408574332378, 0.23507299288, 5.67298714334e-17, 2.11966090289e-17, 9.60043191898e-17, 1.85375061625, 1.39816886047
0.679522955276, 0.985384755881, 0.0813031721759, 0.685127646638, 0.902201015923, 0.412914145715, 0.458216515249, 0.687022412916, 1.0, 0.222257631748, 0.206643054433, 0.160468567273, 0.714552305889, 0.844614185704, 0.00990279274915, 0.0183619039734, 0.00267888667061, 0.91602202679, 1.66372275116
0.994249716038, 0.665782505137, 0.249700555021, 0.190538834418, 0.363494347071, 0.731390701929, 0.401293480334, 0.52636229588, 0.646595732868, 0.389596825812, 0.388052328215, 0.248021425732, 0.0881151999414, 0.689748298396, 0.00558811253439, 0.0017243066489, 0.00241913889183, 0.0109265594753, 1.39791452861
0.169076301949, 0.454621184583, 0.200334187703, 0.734601119034, 0.805577134966, 0.848602814012, 0.55635693723, 0.463631588451, 0.566503360379, 0.409964609061, 0.567429450653, 0.403744362153, 0.235895186847, 0.466238175788, 0.369653940999, 0.834726081662, 0.297153594858, 0.832095221122, 0.345580749655
1.0, 0.0, 0.576428362308, 0.175595791902, 0.830150428542, 0.483043577249, 0.678715642208, 0.807961421191, 1.0, 0.530812947367, 0.443115904003, 1.0, 0.845497027557, 0.357377267267, 6.83774771611e-17, 1.93535435219e-17, 9.05609678981e-17, 0.0, 1.8799610215
0.90193044754, 0.888302062074, 0.980743346223, 1.0, 0.586852101547, 0.307401394523, 0.441876147023, 0.656965030485, 0.961163402004, 0.486539505853, 0.278067047101, 0.0, 0.107097526283, 0.219082381327, 9.01758448978e-20, 0.0014726833069, 0.0486716627149, 0.27467623034, 1.7965190477
1.0, 0.724001052431, 0.68907544657, 0.359787225165, 0.532949338728, 0.105099820293, 0.632237901598, 0.485331279721, 0.649487572508, 0.709652932001, 0.790472027573, 0.994854026406, 0.283978654927, 0.615008495492, 1.66159913227e-17, 1.05370402739e-17, 3.70301730773e-17, 9.05850034692e-17, 1.63018141288
0.605106361835, 0.448863687662, 0.607836706525, 0.61861267761, 0.755327046972, 0.718421143542, 0.931100003604, 0.133576061927, 0.935393901635, 0.435079096729, 0.438390012987, 0.97641361823, 0.700476897287, 0.896616426344, 0.296392901171, 0.434091052126, 0.742515428391, 0.774180824875, 1.67221157499
1.0, 0.619631777644, 0.847986050393, 1.0, 0.389810800267, 0.772577712135, 0.306586762382, 0.109600172954, 0.941149123726, 0.371444360336, 0.078852941997, 0.252858638388, 0.738811938685, 0.407459698661, 8.93721448824e-34, 1.45955788958e-17, 5.99587127771e-17, 9.06900811257e-17, 1.7914386227
0.971426237061, 0.131649734546, 0.129535347156, 0.710895017472, 0.100200426359, 0.702801165879, 0.248981696317, 0.792930251407, 0.636261738811, 0.428796545282, 0.62010225646, 0.655917940077, 0.685656075391, 0.0553648019538, 0.0310218552571, 0.0635494715108, 0.0145909619208, 0.0151485050573, 1.64267112157
0.808484503705, 0.0, 0.645771379451, 0.0, 0.232819170533, 0.312823257213, 0.670572341729, 0.0533877752402, 0.599411037941, 0.721766872251, 0.711729516535, 0.544072243874, 0.688262510984, 0.951891566841, 0.262990248558, 0.0, 0.422830956243, 0.0, 1.6049927677
1.0, 0.798007673823, 0.28330252502, 0.0, 0.288335154631, 1.0, 0.419207963724, 1.0, 0.683658368444, 0.278449973268, 0.0, 0.0125422719832, 0.403909308342, 0.670133261457, 3.72446284494e-17, 0.0, 1.77625640883e-17, 1.25656365207e-16, 2.15993795482
0.4667119895, 0.0, 0.294015396291, 0.0946282523145, 0.322312740247, 0.237095724416, 0.394398241825, 0.505490200712, 0.221357586641, 0.797074395683, 0.830304740553, 0.465743406248, 0.712867792871, 0.78587374942, 0.996787256148, 0.149265091518, 0.501673175533, 0.0, 1.01386609851
0.785241590676, 0.243370353672, 0.875827121005, 0.0231517203432, 0.163002310605, 0.790862100028, 0.594746754135, 0.492122088004, 0.72979582506, 0.181549538091, 0.632414400972, 0.169479026034, 0.980123295508, 0.934616906162, 0.113463151386, 0.00412809327646, 0.574696455962, 0.235531481438, 1.80009481371
0.895797174852, 0.819208748312, 1.0, 0.25625860594, 0.501973526695, 0.475803464918, 0.428478839974, 0.0, 0.654675972773, 0.166064602828, 0.614323155511, 1.0, 0.213529168496, 0.398223951616, 4.49270402354e-18, 1.91289793604e-18, 0.0797452393464, 0.273216956361, 1.7232904371
0.832018067602, 0.712684172932, 0.909828797861, 0.185491837246, 0.295853148605, 0.773542092304, 0.958284362495, 1.0, 0.704906912227, 0.510698567976, 0.515701260969, 0.861530079157, 0.717295410486, 0.0821299121222, 0.0303232401797, 0.00909409995118, 0.22200964651, 0.462689929434, 1.90317790489
1.0, 0.17017252387, 0.248250296269, 0.0750454441597, 0.422804025228, 0.736258067051, 0.755487025494, 0.573994190399, 0.395083430087, 0.630759461264, 0.920297896031, 0.541605288953, 0.361203271621, 0.407439243563, 7.41445556912e-17, 8.78095335476e-18, 3.06861671831e-17, 2.21067581722e-17, 1.36684472345
0.0307727990108, 0.780880129206, 0.169444871733, 1.0, 0.277251879228, 0.0, 0.716062391669, 0.410785112817, 0.106553338835, 0.324871057551, 0.729471864683, 0.983613900383, 0.627800301407, 0.124353301712, 3.94980814348e-17, 0.645052621904, 0.175861994751, 1.86518298073, 0.0958509605892
0.92395818433, 0.928722791662, 0.209274637653, 0.119136711601, 0.749730480452, 0.46576867488, 0.219235165574, 0.516161000194, 0.494334324928, 0.327106327406, 0.823570709807, 0.238555077123, 0.469695660934, 0.0628345355346, 0.0190372882996, 0.00360480893635, 0.00660908812009, 0.182081004714, 1.52667894907
0.698177832533, 0.927319180941, 0.768709978385, 0.801266102345, 0.441684596014, 0.687814476168, 0.48550243195, 0.759845717473, 0.350981569932, 0.780221655111, 0.924331301774, 0.415973865933, 0.228114735786, 0.627336893897, 0.00842591177477, 0.0261088562773, 0.0721615294853, 0.673269836776, 1.32066629774
0.916869880769, 0.502386513834, 0.938978157525, 0.165726667949, 0.19832028849, 0.748452828361, 0.550394946813, 0.327558391591, 0.92992723366, 0.269133696268, 0.696838730793, 0.54625342756, 0.932430335018, 0.353650180665, 0.0141873949247, 0.00377905750344, 0.152703659223, 0.154562360039, 1.6582125693
0.496966765635, 1.0, 0.826560850415, 1.0, 0.0801890526717, 0.734499261619, 0.810285584672, 0.341847499481, 0.0498027883878, 0.999934739066, 0.721220725145, 0.693281252405, 1.0, 1.0, 1.71413447996e-33, 2.79939404758e-17, 1.00198725078e-16, 1.69903335716, 1.68291960447
0.970148652521, 0.486566564481, 0.134568531888, 0.27797023611, 0.575438748907, 0.436806282081, 0.536247488637, 0.973867354062, 0.993670765274, 0.849696079887, 0.0673197040883, 0.345300731352, 0.20750206349, 0.905077277379, 0.0618273847312, 0.0288533416753, 0.0146408534651, 0.0668972516625, 2.06006669935
0.42124372816, 0.11188899613, 0.596635299059, 0.935994833215, 1.0, 0.283717583729, 0.728443588334, 0.717983716783, 0.665701066186, 0.904026562108, 0.55329419931, 0.80596582263, 0.601110470394, 0.458206107202, 0.0782704124426, 0.775882492422, 1.06148724671, 0.233908294231, 1.04186140426
1.0, 0.458401659673, 0.524870746377, 1.0, 0.717829229051, 0.170832658214, 0.0, 0.326511010996, 0.542321173619, 0.947895632622, 0.514751215068, 0.18764807166, 0.692825952503, 0.0, 3.87200899201e-33, 6.32347056262e-17, 6.83790619088e-17, 8.16958105378e-17, 2.02326389413
1.0, 0.909525554555, 0.261002057234, 0.575522586188, 0.768027358397, 0.181305860706, 0.743797184798, 0.135647039709, 0.0124681853514, 0.744574379064, 0.071499101595, 0.478108708615, 0.852386039868, 0.777411224658, 1.0076192426e-17, 1.28031921405e-17, 7.08093999183e-18, 1.24159186237e-16, 2.04832382068
1.0, 0.448229051812, 0.262661682251, 0.819984336212, 0.963332246568, 0.260525883495, 0.307927238173, 0.851374475493, 0.24356477821, 0.133514741927, 0.345817616342, 0.201862997587, 0.787624863973, 0.107963635787, 2.36384665852e-17, 8.13566639808e-17, 3.70834547891e-17, 7.85429660171e-17, 1.98152951129
0.761276887937, 0.749693088393, 0.667532206034, 0.315601136022, 0.204888437809, 0.541623094523, 0.570839924997, 0.377523777952, 0.816698930038, 0.477504970372, 0.321821668332, 0.772805460899, 0.138677657147, 1.0, 0.104445992944, 0.056483402424, 0.20631210295, 0.573901665418, 1.57849471006
1.0, 0.808155954179, 0.734952576682, 0.157225434681, 0.279440325577, 0.360880905486, 0.621546680514, 0.932361764841, 0.741567740383, 0.94724487995, 1.0, 0.0912521286961, 0.888318507737, 0.540637642261, 1.49493821349e-17, 3.76897741542e-18, 3.48659331926e-17, 1.22653726955e-16, 2.09761144323
0.0, 0.0, 0.0, 1.0, 0.891380685572, 0.0, 0.937966899971, 0.416413826713, 0.25459496803, 0.39562328092, 1.0, 0.686001277141, 0.656316178919, 0.297767568212, 1.23874726203e-16, 2.02302780343, 0.0, 0.0, 0.0
0.7445763541, 0.0362150988959, 0.952186815338, 0.713324875936, 0.934384550261, 0.573516005881, 0.746071911541, 1.0, 0.298747254974, 0.0394812705173, 0.96002687218, 0.929664829657, 0.578158801612, 0.623728646114, 0.0276942276253, 0.0572863191999, 0.84561406655, 0.0482921562728, 2.002163871
0.33686596366, 1.0, 0.328167798434, 0.506180352037, 0.884689874916, 0.834510264652, 0.71482162005, 0.609461257932, 0.300510130215, 0.893171562599, 1.0, 0.828450379313, 0.845667006724, 0.0462922479087, 7.07033665327e-17, 7.20896553468e-17, 5.7210412401e-17, 1.89533272771, 1.10833911909
0.759557777712, 0.788158715434, 0.906131969691, 0.755193226205, 0.804403166537, 0.938199611179, 0.630661046038, 0.0903822668484, 0.165114179631, 0.129351359707, 0.91942399765, 0.672459405429, 0.534128617029, 0.498304861485, 0.0127856792874, 0.0315938839725, 0.229475412718, 0.67125368931, 1.79015849341
1.0, 0.277270101147, 0.93757357643, 0.848989291009, 0.578115049241, 0.213380447155, 0.187205318023, 0.877237684295, 0.825691025381, 0.602706169598, 0.662025690304, 0.171451346953, 0.255018006193, 0.60970638903, 2.10899750654e-18, 8.7235703555e-18, 9.12316225977e-17, 4.26583931196e-17, 1.65127292462
0.99105467766, 0.361390509487, 0.942547380404, 0.364360105968, 0.436073397057, 0.999913232548, 0.37044886968, 0.108902709002, 0.734001778268, 0.62131545808, 0.123024143521, 0.744400379851, 1.0, 0.0819982179418, 0.00190261029533, 0.00122579195503, 0.0250109193855, 0.0160143183055, 2.11957328163
0.964352488811, 0.139255390002, 0.868850558422, 0.201735259395, 0.494257345749, 0.783599641121, 0.839968725027, 0.822459185137, 0.418299567848, 0.473871959839, 0.882994017368, 0.578299255531, 0.482977909759, 0.121774005547, 0.0170277526341, 0.00558401101023, 0.085752293522, 0.0194744111897, 1.60102463508
0.0918005929193, 0.913677494685, 0.909011016322, 0.640099698445, 0.396366980872, 0.523354852667, 0.805646924762, 0.373788162451, 0.882946099998, 0.332645802825, 0.0, 0.353748753321, 0.260406429192, 0.305637035151, 0.0169637692875, 0.0267398784188, 0.220051865006, 1.62951737289, 0.238810824122
0.763889626429, 0.645651957608, 0.046256834838, 0.461128320154, 0.399472409241, 0.407655694916, 0.405668657913, 0.392975740357, 0.548233935959, 0.923779215752, 0.345906270953, 0.910171100937, 0.635179862598, 0.425864094691, 0.205481284265, 0.181804386131, 0.0199704353273, 0.442098909815, 1.33897542633
0.813782522088, 0.934746227725, 0.645955496325, 0.984788366667, 0.39054935424, 0.694983071933, 0.537080445456, 0.632922498409, 0.599941092005, 0.444231417987, 0.42385486736, 0.682890955796, 0.87848338681, 0.324180397663, 0.000482123210247, 0.0201734255993, 0.0324646610905, 0.37161888322, 1.24051815937
1.0, 1.0, 0.741935306521, 0.566907485694, 0.969539855523, 0.362762714433, 0.359008115568, 0.225443468406, 0.792492925871, 0.242056346085, 0.323915604649, 0.875216538943, 0.727659415859, 0.454968158174, 1.5925704328e-33, 1.96818253787e-33, 5.89979258225e-33, 1.04848051886e-16, 1.71229863106
1.0, 0.120996064863, 0.0, 0.699719736261, 0.401572148851, 0.262836747525, 0.0947317140283, 0.0, 0.899103918, 0.626834703383, 0.494085037807, 0.0, 0.134187669331, 1.0, 6.25508107479e-17, 1.22629387557e-16, 0.0, 2.64835450535e-17, 2.28940146121
0.0042899303995, 0.187118151617, 0.0, 0.961451217823, 0.635721908213, 0.225396633901, 0.0523112980396, 0.126585044351, 0.0, 0.529998374495, 0.320602140487, 0.0, 0.0866115214131, 0.0507083871211, 0.135502485511, 2.23504090419, 0.0, 0.677770731442, 0.0157650390983
0.62790084755, 0.969440459249, 0.637422644565, 1.0, 0.421785012575, 0.18144015617, 0.611296931767, 0.233578103836, 0.633750879355, 0.677321390681, 0.38483257983, 0.383221572349, 0.44736687677, 0.623976215784, 1.12368256795e-18, 0.0183511289742, 0.028659624585, 0.708401874428, 1.07196296723
1.0, 0.51269112135, 0.283302718966, 1.0, 0.330379554382, 0.667304488799, 0.504182629678, 0.770686633075, 0.397552014888, 0.830188512611, 0.25016333488, 0.567926019448, 0.83261809965, 0.110090585803, 3.70312058551e-33, 6.04765486358e-17, 2.88422641863e-17, 6.97282625863e-17, 1.57926713362
0.957582430024, 0.346122485735, 0.983176309623, 0.409952239084, 0.780976061483, 0.0317283374864, 0.195601060942, 0.233549926498, 0.973026843287, 0.0588083705173, 0.699904899699, 0.398887472297, 0.921608250272, 0.629927155925, 0.00255878736007, 0.00192089172533, 0.121045517608, 0.0731919805746, 2.12038956873
0.965952876497, 0.455091658445, 0.291196430307, 0.938412426876, 0.246455354987, 0.292452402001, 0.42738729488, 0.0253455345123, 0.793831909178, 0.378407989929, 0.830514126823, 0.280353857228, 0.573171874231, 0.812339966266, 0.00594538158796, 0.0612645088781, 0.0302977415186, 0.0595496705518, 1.69701673772
0.752539400247, 0.0, 0.610839945545, 0.367898331791, 0.474753410141, 0.6206980334, 0.861756317788, 0.783563879351, 1.0, 0.584743591881, 0.388775710793, 0.0666051043918, 0.946670909632, 0.485150360307, 0.343180331484, 0.223809058538, 0.584598042606, 0.0, 1.74308126234
1.0, 0.757630895291, 0.501092033109, 0.654413025224, 0.824517658557, 0.090019502881, 0.500225258825, 0.248421662959, 0.439122872561, 0.0, 0.596678460407, 0.60189769908, 0.72459765573, 0.326305908043, 1.40276293767e-17, 2.32512723792e-17, 2.72483589327e-17, 9.61152095086e-17, 1.69073706411
0.562402676277, 0.40692225383, 1.0, 0.665690023647, 0.128085601782, 0.428956835376, 0.20873921102, 0.963699603126, 0.674877520284, 0.444303642633, 0.136916172878, 0.354637658373, 0.538970817729, 0.705258248045, 2.61612367218e-17, 4.51524799318e-17, 0.852227343737, 0.633450901012, 1.29347964291
0.688778569794, 0.961207779216, 0.541477832047, 0.375837680453, 0.523151591623, 0.699360308867, 0.694545992723, 0.512493118429, 0.123830159513, 0.446712655285, 0.169233579305, 0.265568835754, 0.452036416271, 0.506228982914, 0.0217709105347, 0.0145883302413, 0.0298651567103, 0.65125337219, 1.22659407062
0.415261221189, 1.0, 0.733533556532, 0.0937262587113, 0.91807381338, 0.0990072324813, 0.624853154629, 0.165276318892, 0.34382668519, 0.635687283348, 0.22071968307, 0.59963870802, 0.603300260159, 0.52595423484, 3.14061694057e-17, 4.65746816739e-18, 7.13712558459e-17, 1.27570874329, 0.974418729218
1.0, 0.694699678165, 0.34799032785, 0.883712563668, 0.26902437464, 0.0825921910597, 0.400714121846, 0.5286956411, 0.798641469401, 0.464518145664, 1.0, 0.675269050222, 0.758445882899, 0.595936246919, 7.38921956882e-18, 4.00016310629e-17, 2.47514520093e-17, 9.15607455289e-17, 1.68542311095
1.0, 0.0570034391946, 0.0, 0.559788179264, 0.0623761209783, 0.132058949643, 0.498391719278, 0.210359153964, 0.705138760479, 0.225188922065, 0.799233449434, 0.150240432467, 0.679255693511, 0.989565007466, 7.82499360283e-17, 9.45238708791e-17, 0.0, 1.1017035412e-17, 2.01207163443
0.607310752391, 1.0, 1.0, 1.0, 0.530857767268, 0.539938308716, 0.572063458237, 0.164669206749, 0.763742825317, 0.105489727046, 0.817499451515, 0.62762029988, 1.0, 1.0, 2.60626142527e-49, 4.2563479153e-33, 6.95114365753e-17, 1.1352079085, 1.60082021937
0.0, 1.0, 0.0833522800505, 0.716687256196, 0.248545005639, 0.00678632245082, 0.329588276579, 0.0, 0.0, 0.263953214638, 0.573745534913, 0.0813997278328, 0.287688424451, 0.782818798762, 5.74153092113e-17, 1.20383718718e-16, 1.75631243766e-17, 2.19697485609, 0.0
0.366660689916, 0.300093365359, 1.0, 0.858209238772, 0.506838876454, 0.0427777748263, 0.0, 0.92444642214, 0.350571316231, 0.674253767214, 0.437115131677, 0.413427935378, 0.72212634456, 0.68571115445, 1.80623310868e-17, 7.97517941092e-17, 1.33543176176, 0.680683185092, 0.973378416688
1.0, 0.656615775983, 0.122980370376, 0.771430065602, 0.161688048677, 0.852166805709, 0.259982117005, 0.708336289219, 0.662450334067, 0.169460515148, 0.283947852132, 0.0908290812481, 0.609682314037, 0.595417869507, 1.85488855901e-17, 4.94236815234e-17, 1.03265524761e-17, 8.98607824837e-17, 1.71036964228
0.41868805424, 0.979340840086, 0.390431907745, 0.959028937336, 0.895647703777, 0.254860948135, 0.279966127688, 0.266108159623, 0.137118553335, 0.369560775434, 0.230039707379, 0.24513217342, 0.645855273133, 0.0314480847176, 0.00249444705623, 0.0387058858169, 0.0272987153122, 1.46105459444, 1.12908970749
1.0, 0.675266300418, 0.177313981699, 0.451344102947, 0.885460221844, 0.813691877155, 0.479121956344, 0.406656251887, 0.159136756114, 0.550681547056, 0.750110310886, 0.778134734735, 0.266498236229, 0.369845820025, 3.46096553391e-17, 2.9686040906e-17, 1.30387957326e-17, 8.47659968236e-17, 1.58626477721
0.268929970797, 0.941228493453, 0.952680841825, 0.772555309314, 0.452390492471, 0.532960161445, 0.0710382651013, 0.690005739948, 0.902032156557, 0.0510691600097, 0.689212770009, 0.516249202244, 0.131937296941, 0.49351152021, 0.00383931526447, 0.0102851168364, 0.147427670529, 1.59682329897, 0.720834225797
0.440210799947, 0.938665637542, 0.142664254078, 0.602335420602, 0.419688506311, 0.746553340701, 0.407085356639, 0.0994223941523, 0.552611634702, 0.663951818818, 0.236781215764, 0.57769298353, 0.177886170707, 0.662727225374, 0.0621734129161, 0.0862378794288, 0.0242314159312, 1.12827369618, 0.938370297782
1.0, 0.168171343121, 1.0, 0.68596264646, 0.130653970262, 0.653671949483, 0.851678483036, 0.0643805764236, 0.549820253695, 0.0470986550859, 0.271385965529, 0.275171900292, 0.665524148524, 0.784807515936, 3.24328626527e-33, 6.0326746067e-33, 1.1185655414e-16, 3.02554123614e-17, 1.89240089733
