0.88179019317, 0.865355845847, 91.603688032, 0.650832706304, 1.76044871277, 39.7558969775, 0.47835765301, 4.81221246637, 6.64900074054, 2325.35212111, 0.355683478094, 0.2
0.88179019317, 0.865355845847, 91.603688032, 0.650832706304, 1.76044871277, 39.7558969775, 0.47835765301, 4.81221246637, 6.64900074054, 2325.35212111, 0.355683478094, 0.2
0.838368917188, 0.865355845847, 91.603688032, 0.650832706304, 1.76044871277, 39.7558969775, 0.47835765301, 4.81221246637, 6.64900074054, 2090.87538186, 0.39352721892, 0.181818181818
0.838368917188, 0.865355845847, 91.603688032, 0.650832706304, 1.76044871277, 39.7558969775, 0.47835765301, 4.81221246637, 6.64900074054, 2090.87538186, 0.39352721892, 0.181818181818
0.471141295488, 0.820807018625, 80.9240487527, 0.587597850036, 64.9702179248, 4.04452284959, 0.600402459002, 0.483323331506, 12.4902828771, 1013.88678508, 0.117484181684, 0.333333333333
0.471141295488, 0.820807018625, 80.9240487527, 0.587597850036, 64.9702179248, 4.04452284959, 0.600402459002, 0.483323331506, 12.4902828771, 1013.88678508, 0.117484181684, 0.333333333333
0.374037326598, 0.872321251172, 86.0203962831, 0.609408816264, 2.7120629501, 24.7794862947, 0.975989004989, 2.00404860561, 1.00170538413, 1569.98493188, 0.0692685278456, 0.75
0.374037326598, 0.872321251172, 86.0203962831, 0.609408816264, 2.7120629501, 24.7794862947, 0.975989004989, 2.00404860561, 1.00170538413, 1569.98493188, 0.0692685278456, 0.75
0.175579565395, 0.966542928074, 84.1531021556, 0.432089676119, 5.88020952995, 5.37778000205, 0.632063613763, 0.65067969632, 8.93209833529, 4731.11727793, 0.0739233604285, 0.111111111111
0.175579565395, 0.966542928074, 84.1531021556, 0.432089676119, 5.88020952995, 5.37778000205, 0.632063613763, 0.65067969632, 8.93209833529, 4731.11727793, 0.0739233604285, 0.111111111111
0.189123202262, 0.825629139124, 81.4552544448, 0.617202483848, 91.6620891958, 19.8759074778, 0.683204761931, 1.07461267941, 8.54534829535, 2432.15139635, 0.209558818176, 0.0
0.189123202262, 0.825629139124, 81.4552544448, 0.617202483848, 91.6620891958, 19.8759074778, 0.683204761931, 1.07461267941, 8.54534829535, 2432.15139635, 0.209558818176, 0.0
0.424539013928, 0.976007105528, 86.31446736, 0.580750598634, 69.2451566119, 4.29732383911, 1.35158103679, 0.969372036313, 2.88171418736, 5388.19689894, 0.0791713580075, 0.0285714285714
0.424539013928, 0.976007105528, 86.31446736, 0.580750598634, 69.2451566119, 4.29732383911, 1.35158103679, 0.969372036313, 2.88171418736, 5388.19689894, 0.0791713580075, 0.0285714285714
0.136619149857, 1.15953960141, 84.3484178208, 0.647476865649, 37.0366947623, 2.94428273831, 1.23468026083, 0.482740326971, 6.02406185574, 12446.7623082, 0.0317601673463, 0.0655737704918
0.136619149857, 1.15953960141, 84.3484178208, 0.647476865649, 37.0366947623, 2.94428273831, 1.23468026083, 0.482740326971, 6.02406185574, 12446.7623082, 0.0317601673463, 0.0655737704918
0.140356389013, 1.197151919, 93.7462276414, 0.549696341752, 2.96510826056, 4.70746136339, 1.7883288198, 4.99441747159, 16.3857525876, 22614.5602429, 0.0454820555562, 0.0
0.140356389013, 1.197151919, 93.7462276414, 0.549696341752, 2.96510826056, 4.70746136339, 1.7883288198, 4.99441747159, 16.3857525876, 22614.5602429, 0.0454820555562, 0.0
0.142343339022, 0.991187406511, 85.6688483193, 0.6200366424, 62.5378988626, 8.42428469746, 0.194713797401, 4.00877643384, 16.9643576927, 3676.68201164, 0.0897801514618, 0.0
0.142343339022, 0.991187406511, 85.6688483193, 0.6200366424, 62.5378988626, 8.42428469746, 0.194713797401, 4.00877643384, 16.9643576927, 3676.68201164, 0.0897801514618, 0.0
0.170007043742, 0.855035706472, 92.4147094806, 0.540299431239, 8.74801161863, 2.57572938691, 0.8984425343, 4.69487622998, 9.99188357963, 3139.00209279, 0.00706895570672, 0.125
0.170007043742, 0.855035706472, 92.4147094806, 0.540299431239, 8.74801161863, 2.57572938691, 0.8984425343, 4.69487622998, 9.99188357963, 3139.00209279, 0.00706895570672, 0.125
0.109380159819, 0.885809570199, 91.5369937841, 0.683436748759, 7.3124605651, 43.6442489778, 0.609979920367, 3.38655550366, 9.08780253705, 3246.94275052, 0.169705056519, 0.0
0.109380159819, 0.885809570199, 91.5369937841, 0.683436748759, 7.3124605651, 43.6442489778, 0.609979920367, 3.38655550366, 9.08780253705, 3246.94275052, 0.169705056519, 0.0
0.525811321407, 0.820807018625, 80.9240487527, 0.587597850036, 91.192661395, 2.1310004897, 0.600402459002, 4.86011383115, 12.4902828771, 2057.02030435, 0.0875624418823, 0.35
0.525811321407, 0.820807018625, 80.9240487527, 0.587597850036, 91.192661395, 2.1310004897, 0.600402459002, 4.86011383115, 12.4902828771, 2057.02030435, 0.0875624418823, 0.35
0.858604560491, 0.820807018625, 80.9240487527, 0.587597850036, 71.6007462633, 22.2571347179, 0.600402459002, 0.135163148094, 12.4902828771, 2224.30597235, 0.482661950264, 0.323529411765
0.858604560491, 0.820807018625, 80.9240487527, 0.587597850036, 71.6007462633, 22.2571347179, 0.600402459002, 0.135163148094, 12.4902828771, 2224.30597235, 0.482661950264, 0.323529411765
0.342977792867, 0.829927734676, 88.8849976874, 0.429928415759, 95.4874446631, 33.0194932639, 0.183406637554, 4.73240222791, 18.8983225216, 1773.15674828, 0.437620872894, 0.48
0.342977792867, 0.829927734676, 88.8849976874, 0.429928415759, 95.4874446631, 33.0194932639, 0.183406637554, 4.73240222791, 18.8983225216, 1773.15674828, 0.437620872894, 0.48
0.342977792867, 0.829927734676, 88.8849976874, 0.429928415759, 95.4874446631, 33.0194932639, 0.183406637554, 4.73240222791, 18.8983225216, 1916.69800885, 0.275087214859, 0.333333333333
0.342977792867, 0.829927734676, 88.8849976874, 0.429928415759, 95.4874446631, 33.0194932639, 0.183406637554, 4.73240222791, 18.8983225216, 1916.69800885, 0.275087214859, 0.333333333333
0.525811321407, 0.820807018625, 80.9240487527, 0.587597850036, 91.192661395, 22.2571347179, 0.600402459002, 0.370871955798, 3.28098109339, 2511.75726849, 0.391515607633, 0.0
0.525811321407, 0.820807018625, 80.9240487527, 0.587597850036, 91.192661395, 22.2571347179, 0.600402459002, 0.370871955798, 3.28098109339, 2511.75726849, 0.391515607633, 0.0
0.276108394914, 0.882864959103, 90.0016263717, 0.663470482478, 66.9564407459, 36.8546964445, 0.00957939510203, 2.11731440804, 6.89956205002, 3095.81708241, 0.354551816675, 0.0
0.276108394914, 0.882864959103, 90.0016263717, 0.663470482478, 66.9564407459, 36.8546964445, 0.00957939510203, 2.11731440804, 6.89956205002, 3095.81708241, 0.354551816675, 0.0
0.374037326598, 0.872321251172, 86.0203962831, 0.609408816264, 40.2504336225, 24.7794862947, 0.975989004989, 2.00404860561, 1.00170538413, 2451.78140147, 0.229832593283, 0.111111111111
0.374037326598, 0.872321251172, 86.0203962831, 0.609408816264, 40.2504336225, 24.7794862947, 0.975989004989, 2.00404860561, 1.00170538413, 2451.78140147, 0.229832593283, 0.111111111111
0.306688333641, 1.24656260068, 92.6040097262, 0.566041173106, 95.0867949278, 9.39826054689, 1.94104239525, 0.337689002272, 14.7901478685, 28613.0094702, 0.0869537353709, 0.0
0.306688333641, 1.24656260068, 92.6040097262, 0.566041173106, 95.0867949278, 9.39826054689, 1.94104239525, 0.337689002272, 14.7901478685, 28613.0094702, 0.0869537353709, 0.0
0.205393708463, 0.991187406511, 82.2404691652, 0.6200366424, 77.0904101506, 8.42428469746, 0.194713797401, 2.38172142561, 16.9643576927, 4260.36213969, 0.120389634255, 0.0
0.205393708463, 0.991187406511, 82.2404691652, 0.6200366424, 77.0904101506, 8.42428469746, 0.194713797401, 2.38172142561, 16.9643576927, 4260.36213969, 0.120389634255, 0.0
0.119290388489, 0.834442501688, 84.9060793932, 0.540040440412, 98.9486373892, 12.8891093865, 1.7644526071, 4.17014881054, 1.15839813332, 3410.71096722, 0.0735260819969, 0.25
0.119290388489, 0.834442501688, 84.9060793932, 0.540040440412, 98.9486373892, 12.8891093865, 1.7644526071, 4.17014881054, 1.15839813332, 3410.71096722, 0.0735260819969, 0.25
0.215634285567, 1.06950711021, 80.0975930318, 0.482305002165, 1.93120816747, 3.65202874126, 0.694488150082, 4.91779929809, 17.1126301878, 6992.34622333, 0.0401679186038, 0.3
0.215634285567, 1.06950711021, 80.0975930318, 0.482305002165, 1.93120816747, 3.65202874126, 0.694488150082, 4.91779929809, 17.1126301878, 6992.34622333, 0.0401679186038, 0.3
0.215634285567, 1.06950711021, 80.0975930318, 0.482305002165, 1.93120816747, 3.65202874126, 0.694488150082, 4.91779929809, 17.1126301878, 6569.6977405, 0.0503203253652, 0.142857142857
0.215634285567, 1.06950711021, 80.0975930318, 0.482305002165, 1.93120816747, 3.65202874126, 0.694488150082, 4.91779929809, 17.1126301878, 6569.6977405, 0.0503203253652, 0.142857142857
0.336586197007, 0.956296711194, 93.0281115758, 0.569871238848, 68.2499123936, 2.96635652852, 0.349634565853, 0.861783517883, 15.8283990378, 4104.39840829, 0.0565126015194, 0.181818181818
0.336586197007, 0.956296711194, 93.0281115758, 0.569871238848, 68.2499123936, 2.96635652852, 0.349634565853, 0.861783517883, 15.8283990378, 4104.39840829, 0.0565126015194, 0.181818181818
0.336586197007, 0.956296711194, 93.3020142141, 0.569871238848, 41.0480114397, 2.30997266691, 0.349634565853, 0.861783517883, 14.511669192, 4969.06712142, 0.0515725160306, 0.47619047619
0.336586197007, 0.956296711194, 93.3020142141, 0.569871238848, 41.0480114397, 2.30997266691, 0.349634565853, 0.861783517883, 14.511669192, 4969.06712142, 0.0515725160306, 0.47619047619
0.235699226087, 0.885809570199, 91.5369937841, 0.683436748759, 7.3124605651, 17.3120851786, 0.609979920367, 3.38655550366, 9.28212082981, 3295.91177213, 0.343028622332, 0.0
0.235699226087, 0.885809570199, 91.5369937841, 0.683436748759, 7.3124605651, 17.3120851786, 0.609979920367, 3.38655550366, 9.28212082981, 3295.91177213, 0.343028622332, 0.0
0.342977792867, 0.943560511508, 88.8849976874, 0.429928415759, 95.4738018494, 33.0194932639, 0.0805000643402, 4.76658900134, 18.8983225216, 3389.68591817, 0.224924847431, 0.266666666667
0.342977792867, 0.943560511508, 88.8849976874, 0.429928415759, 95.4738018494, 33.0194932639, 0.0805000643402, 4.76658900134, 18.8983225216, 3389.68591817, 0.224924847431, 0.266666666667
0.844223369256, 0.884551477265, 91.2486338324, 0.444987702043, 32.7002131188, 6.28494106815, 1.70801018671, 4.36363781713, 7.61745903137, 3928.16124588, 0.239450845128, 0.0
0.844223369256, 0.884551477265, 91.2486338324, 0.444987702043, 32.7002131188, 6.28494106815, 1.70801018671, 4.36363781713, 7.61745903137, 3928.16124588, 0.239450845128, 0.0
0.374037326598, 0.872321251172, 86.0203962831, 0.609408816264, 2.7120629501, 24.7794862947, 0.824576877139, 2.00404860561, 1.00170538413, 2275.18743118, 0.208183466324, 0.7
0.374037326598, 0.872321251172, 86.0203962831, 0.609408816264, 2.7120629501, 24.7794862947, 0.824576877139, 2.00404860561, 1.00170538413, 2275.18743118, 0.208183466324, 0.7
0.393198425836, 0.838047479051, 80.4219561631, 0.455084301192, 44.7498510156, 35.4843407365, 0.0252136044482, 1.16618508226, 14.7161934697, 2099.23541496, 0.494167188573, 0.388888888889
0.529200106286, 0.886399208432, 88.2488346651, 0.653132219706, 16.2742989435, 30.0898746864, 0.702226373409, 1.90848595975, 18.2464113979, 2732.72897037, 0.579104704635, 0.0
0.520850731366, 1.21912001838, 94.7683354772, 0.419157523895, 76.831882048, 9.6293938311, 1.01119639787, 2.50985328233, 15.2070953703, 21661.7985689, 0.228686104653, 0.0
0.520850731366, 1.21912001838, 94.7683354772, 0.419157523895, 76.831882048, 9.6293938311, 1.01119639787, 2.50985328233, 15.2070953703, 21661.7985689, 0.228686104653, 0.0
0.136619149857, 1.15953960141, 84.3484178208, 0.682613570542, 29.5893605392, 2.94428273831, 1.23468026083, 0.482740326971, 6.02406185574, 13922.8385146, 0.0473788678046, 0.369230769231
0.402090678584, 0.956296711194, 93.0281115758, 0.569871238848, 72.5108692526, 2.96635652852, 0.349634565853, 0.861783517883, 14.511669192, 6195.24919861, 0.0598847738577, 0.666666666667
0.140356389013, 1.197151919, 93.7462276414, 0.549696341752, 2.96510826056, 30.6188337781, 1.7883288198, 2.57638581147, 7.41447685561, 19780.5985976, 0.160214440309, 0.0322580645161
0.136619149857, 1.15953960141, 84.3484178208, 0.682613570542, 29.5893605392, 2.94428273831, 1.23468026083, 0.482740326971, 6.02406185574, 13922.8385146, 0.0473788678046, 0.369230769231
0.403325439197, 1.1115264278, 83.0025050621, 0.516403497664, 9.72759677077, 1.56424743752, 1.8293244268, 2.60914927769, 13.1367742273, 13489.9262691, 0.0501512072748, 0.422535211268
0.140356389013, 1.197151919, 93.7462276414, 0.549696341752, 2.96510826056, 30.6188337781, 1.7883288198, 2.57638581147, 7.41447685561, 19780.5985976, 0.160214440309, 0.0322580645161
0.136619149857, 1.15953960141, 84.3484178208, 0.492788525512, 37.0366947623, 2.94428273831, 0.558110982458, 2.91409393425, 7.92897083481, 8474.30481447, 0.0481420542971, 0.5
0.523900636517, 0.869214349845, 86.9160708507, 0.691255653328, 98.9486373892, 12.8891093865, 1.7644526071, 4.94168675019, 11.8319428611, 3754.83792336, 0.31222254886, 0.121212121212
0.402090678584, 0.956296711194, 93.0281115758, 0.569871238848, 72.5108692526, 2.96635652852, 0.349634565853, 0.861783517883, 14.511669192, 6195.24919861, 0.0598847738577, 0.666666666667
0.170007043742, 0.855035706472, 92.4147094806, 0.540299431239, 8.74801161863, 2.57572938691, 1.26818361414, 4.69487622998, 16.4098805196, 4490.4672424, 0.0616430084149, 0.56
0.204227991382, 0.943667045833, 83.4843158323, 0.501074970216, 49.0707001896, 29.5271279336, 0.158156477928, 0.330260166954, 14.006471331, 3360.54812499, 0.346921979713, 0.25
0.393198425836, 0.838047479051, 80.4219561631, 0.455084301192, 44.7498510156, 35.4843407365, 0.0252136044482, 1.16618508226, 14.7161934697, 2099.23541496, 0.494167188573, 0.388888888889
0.580871186523, 0.829927734676, 88.8849976874, 0.429928415759, 98.5062472506, 33.0194932639, 0.0805000643402, 4.61836728304, 18.8983225216, 2264.57447566, 0.465102780125, 0.52380952381
0.189123202262, 0.825629139124, 81.4552544448, 0.617202483848, 91.6620891958, 19.8759074778, 1.14682007244, 1.07461267941, 3.84050958891, 3806.64306798, 0.197588031866, 0.315789473684
0.204227991382, 0.943667045833, 83.4843158323, 0.501074970216, 49.0707001896, 29.5271279336, 0.158156477928, 0.330260166954, 14.006471331, 3360.54812499, 0.346921979713, 0.25
0.204227991382, 0.943667045833, 83.4843158323, 0.501074970216, 9.14564290966, 29.5271279336, 0.158156477928, 0.330260166954, 14.006471331, 4042.76466164, 0.2575301172, 0.0
0.170007043742, 0.855035706472, 92.4147094806, 0.464982189553, 8.74801161863, 7.94498783434, 1.26818361414, 4.69487622998, 9.99188357963, 4928.50825339, 0.0919121327363, 0.452830188679
0.119290388489, 0.826012824339, 80.4492205591, 0.540040440412, 98.9486373892, 12.8891093865, 1.7644526071, 4.0555719667, 8.60767049346, 3417.59856364, 0.118936464844, 0.350877192982
0.264674735392, 0.855035706472, 92.4147094806, 0.464982189553, 8.74801161863, 7.94498783434, 1.26818361414, 4.69487622998, 9.99188357963, 4274.59305229, 0.127073118103, 0.307692307692
0.393198425836, 0.838047479051, 80.4219561631, 0.455084301192, 44.7498510156, 35.4843407365, 0.0252136044482, 1.16618508226, 14.7161934697, 3106.69980085, 0.53041465324, 0.0
0.136619149857, 1.15953960141, 84.3484178208, 0.492788525512, 37.0366947623, 2.94428273831, 0.558110982458, 2.91409393425, 7.92897083481, 8474.30481447, 0.0481420542971, 0.5
0.529200106286, 0.886399208432, 88.2488346651, 0.653132219706, 16.2742989435, 30.0898746864, 0.702226373409, 1.90848595975, 18.2464113979, 2732.72897037, 0.579104704635, 0.0
0.529200106286, 0.88273798976, 88.2488346651, 0.653132219706, 16.2742989435, 30.0898746864, 0.702226373409, 1.46774031931, 18.2464113979, 3518.84406139, 0.395925934648, 0.142857142857
0.529200106286, 0.88273798976, 88.2488346651, 0.653132219706, 16.2742989435, 30.0898746864, 0.702226373409, 1.46774031931, 18.2464113979, 3518.84406139, 0.395925934648, 0.142857142857
0.336586197007, 0.956296711194, 93.0281115758, 0.569871238848, 41.0480114397, 2.96635652852, 0.349634565853, 0.861783517883, 14.511669192, 5500.26932056, 0.0629480068527, 0.470588235294
0.204227991382, 0.943667045833, 83.4843158323, 0.501074970216, 2.76732009348, 29.5271279336, 0.158156477928, 0.330260166954, 14.006471331, 4448.1896405, 0.239097532592, 0.185185185185
0.119290388489, 0.999245937579, 86.9160708507, 0.540040440412, 87.9732276915, 12.8891093865, 1.7644526071, 4.0555719667, 11.8319428611, 7398.33819587, 0.123852203418, 0.133333333333
0.393198425836, 0.838047479051, 80.4219561631, 0.455084301192, 44.7498510156, 35.4843407365, 0.0252136044482, 1.16618508226, 14.7161934697, 3106.69980085, 0.53041465324, 0.0
