0.527737898519, 0.820120692823, 86.6210279068, 0.587597850036, 91.192661395, 22.2571347179, 0.600402459002, 0.370871955798, 9.09231493827, 2673.40746329, 0.0, 0.0
0.527737898519, 0.820120692823, 86.6210279068, 0.587597850036, 91.192661395, 22.2571347179, 0.600402459002, 0.370871955798, 9.09231493827, 2673.40746329, 0.0, 0.0
0.471141295488, 0.820807018625, 80.9240487527, 0.581435576029, 64.9702179248, 4.04452284959, 0.600402459002, 0.483323331506, 12.4902828771, 1551.00537956, 0.117644083282, 0.0
0.471141295488, 0.820807018625, 80.9240487527, 0.581435576029, 64.9702179248, 4.04452284959, 0.600402459002, 0.483323331506, 12.4902828771, 1551.00537956, 0.117644083282, 0.0
0.525811321407, 0.820807018625, 80.9240487527, 0.587597850036, 91.192661395, 22.2571347179, 0.600402459002, 0.370871955798, 3.28098109339, 1852.39821759, 0.0376483222548, 0.0
0.525811321407, 0.820807018625, 80.9240487527, 0.587597850036, 91.192661395, 22.2571347179, 0.600402459002, 0.370871955798, 3.28098109339, 1852.39821759, 0.0376483222548, 0.0
0.136619149857, 0.859601758112, 84.3484178208, 0.584513438296, 37.0366947623, 2.94428273831, 0.558110982458, 2.91409393425, 7.92897083481, 2419.07683355, 0.036104122795, 0.0
0.136619149857, 0.859601758112, 84.3484178208, 0.584513438296, 37.0366947623, 2.94428273831, 0.558110982458, 2.91409393425, 7.92897083481, 2419.07683355, 0.036104122795, 0.0
0.525811321407, 0.820807018625, 82.0449482685, 0.587597850036, 91.192661395, 2.1310004897, 0.609979920367, 4.86011383115, 12.4902828771, 929.268428127, 0.15962936537, 0.555555555556
0.525811321407, 0.820807018625, 82.0449482685, 0.587597850036, 91.192661395, 2.1310004897, 0.609979920367, 4.86011383115, 12.4902828771, 929.268428127, 0.15962936537, 0.555555555556
0.471141295488, 0.820355670675, 80.9240487527, 0.587597850036, 32.6923654956, 4.04452284959, 0.600402459002, 1.13036426894, 9.80390960325, 1737.31150526, 0.0695948209365, 0.111111111111
0.471141295488, 0.820355670675, 80.9240487527, 0.587597850036, 32.6923654956, 4.04452284959, 0.600402459002, 1.13036426894, 9.80390960325, 1737.31150526, 0.0695948209365, 0.111111111111
0.861582529328, 0.820646849124, 84.3901020533, 0.587597850036, 71.6007462633, 22.2571347179, 0.600402459002, 0.135163148094, 1.29812952185, 1675.78426022, 0.0465626219871, 0.7
0.861582529328, 0.820646849124, 84.3901020533, 0.587597850036, 71.6007462633, 22.2571347179, 0.600402459002, 0.135163148094, 1.29812952185, 1675.78426022, 0.0465626219871, 0.7
0.116406283752, 0.855035706472, 93.2832076812, 0.540299431239, 8.74801161863, 2.57572938691, 0.8984425343, 3.29216056491, 10.7905416972, 2363.20960791, 0.0353952986421, 0.43137254902
0.116406283752, 0.855035706472, 93.2832076812, 0.540299431239, 8.74801161863, 2.57572938691, 0.8984425343, 3.29216056491, 10.7905416972, 2363.20960791, 0.0353952986421, 0.43137254902
0.527737898519, 0.820807018625, 80.9240487527, 0.587597850036, 91.192661395, 22.2571347179, 0.600402459002, 0.370871955798, 9.09231493827, 867.843666116, 0.374868217425, 0.125
0.527737898519, 0.820807018625, 80.9240487527, 0.587597850036, 91.192661395, 22.2571347179, 0.600402459002, 0.370871955798, 9.09231493827, 867.843666116, 0.374868217425, 0.125
0.170007043742, 0.855035706472, 92.4147094806, 0.540299431239, 8.74801161863, 2.57572938691, 0.8984425343, 4.69487622998, 10.7905416972, 2748.5148508, 0.0140374700932, 0.0
0.170007043742, 0.855035706472, 92.4147094806, 0.540299431239, 8.74801161863, 2.57572938691, 0.8984425343, 4.69487622998, 10.7905416972, 2748.5148508, 0.0140374700932, 0.0
0.109380159819, 0.885809570199, 91.5369937841, 0.683436748759, 18.2753105052, 40.5341187486, 0.609979920367, 3.38655550366, 9.08780253705, 1588.17851927, 0.355533557938, 0.0
0.109380159819, 0.885809570199, 91.5369937841, 0.683436748759, 18.2753105052, 40.5341187486, 0.609979920367, 3.38655550366, 9.08780253705, 1588.17851927, 0.355533557938, 0.0
0.190186387646, 0.820807018625, 80.9240487527, 0.502706160894, 95.3159533715, 22.2571347179, 0.600402459002, 0.370871955798, 12.4902828771, 1694.03583674, 0.238489419951, 0.166666666667
0.190186387646, 0.820807018625, 80.9240487527, 0.502706160894, 95.3159533715, 22.2571347179, 0.600402459002, 0.370871955798, 12.4902828771, 1694.03583674, 0.238489419951, 0.166666666667
0.189123202262, 0.825629139124, 90.2514366659, 0.617202483848, 91.6620891958, 19.8759074778, 0.683204761931, 1.07461267941, 8.54534829535, 1754.4930854, 0.172684039833, 0.0
0.189123202262, 0.825629139124, 90.2514366659, 0.617202483848, 91.6620891958, 19.8759074778, 0.683204761931, 1.07461267941, 8.54534829535, 1754.4930854, 0.172684039833, 0.0
0.471141295488, 0.820807018625, 80.9240487527, 0.432723260878, 50.2229431841, 4.04452284959, 0.600402459002, 0.483323331506, 12.4902828771, 2141.51086977, 0.145070024755, 0.0
0.471141295488, 0.820807018625, 80.9240487527, 0.432723260878, 50.2229431841, 4.04452284959, 0.600402459002, 0.483323331506, 12.4902828771, 2141.51086977, 0.145070024755, 0.0
0.525811321407, 0.820807018625, 82.0449482685, 0.617202483848, 91.192661395, 2.1310004897, 0.0805000643402, 4.86011383115, 12.4902828771, 2050.79928966, 0.0555708029795, 0.384615384615
0.525811321407, 0.820807018625, 82.0449482685, 0.617202483848, 91.192661395, 2.1310004897, 0.0805000643402, 4.86011383115, 12.4902828771, 2050.79928966, 0.0555708029795, 0.384615384615
0.170007043742, 0.855035706472, 92.4147094806, 0.540299431239, 8.74801161863, 2.57572938691, 0.8984425343, 4.69487622998, 10.7905416972, 2672.71311334, 0.050080248585, 0.3125
0.170007043742, 0.855035706472, 92.4147094806, 0.540299431239, 8.74801161863, 2.57572938691, 0.8984425343, 4.69487622998, 10.7905416972, 2672.71311334, 0.050080248585, 0.3125
0.471141295488, 0.820807018625, 82.3515739428, 0.587597850036, 64.9702179248, 4.04452284959, 0.600402459002, 0.483323331506, 12.4902828771, 2724.4174126, 0.0916553796347, 0.0
0.471141295488, 0.820807018625, 82.3515739428, 0.587597850036, 64.9702179248, 4.04452284959, 0.600402459002, 0.483323331506, 12.4902828771, 2724.4174126, 0.0916553796347, 0.0
0.858604560491, 0.820807018625, 84.3901020533, 0.587597850036, 71.6007462633, 22.2571347179, 0.600402459002, 0.135163148094, 1.29812952185, 1547.97710794, 0.319723077875, 0.681818181818
0.858604560491, 0.820807018625, 84.3901020533, 0.587597850036, 71.6007462633, 22.2571347179, 0.600402459002, 0.135163148094, 1.29812952185, 1547.97710794, 0.319723077875, 0.681818181818
0.525811321407, 0.820807018625, 82.0449482685, 0.587597850036, 91.192661395, 2.1310004897, 0.600402459002, 4.90113096709, 12.4902828771, 1778.427509, 0.137704055406, 0.578947368421
0.525811321407, 0.820807018625, 82.0449482685, 0.587597850036, 91.192661395, 2.1310004897, 0.600402459002, 4.90113096709, 12.4902828771, 1778.427509, 0.137704055406, 0.578947368421
0.471141295488, 0.820807018625, 80.9240487527, 0.587597850036, 64.9702179248, 4.04452284959, 0.600402459002, 0.483323331506, 12.4902828771, 2272.35152271, 0.121571534741, 0.24
0.471141295488, 0.820807018625, 80.9240487527, 0.587597850036, 64.9702179248, 4.04452284959, 0.600402459002, 0.483323331506, 12.4902828771, 2272.35152271, 0.121571534741, 0.24
0.771808740794, 0.82006752371, 80.3958312895, 0.587597850036, 93.2984760932, 2.1310004897, 0.600402459002, 4.86011383115, 16.4814123771, 1976.50108562, 0.139208476342, 0.428571428571
0.771808740794, 0.82006752371, 80.3958312895, 0.587597850036, 93.2984760932, 2.1310004897, 0.600402459002, 4.86011383115, 16.4814123771, 1976.50108562, 0.139208476342, 0.428571428571
0.170007043742, 0.855035706472, 92.4147094806, 0.540299431239, 2.88203189457, 2.57572938691, 1.26818361414, 4.69487622998, 16.4098805196, 5592.30288883, 0.0149237988071, 0.0
0.170007043742, 0.855035706472, 92.4147094806, 0.540299431239, 2.88203189457, 2.57572938691, 1.26818361414, 4.69487622998, 16.4098805196, 5592.30288883, 0.0149237988071, 0.0
0.190186387646, 0.991187406511, 80.9240487527, 0.6200366424, 62.5378988626, 8.42428469746, 0.194713797401, 4.00877643384, 16.9643576927, 4639.28325066, 0.0178812388121, 0.142857142857
0.190186387646, 0.991187406511, 80.9240487527, 0.6200366424, 62.5378988626, 8.42428469746, 0.194713797401, 4.00877643384, 16.9643576927, 4639.28325066, 0.0178812388121, 0.142857142857
0.119290388489, 0.834442501688, 84.9060793932, 0.540040440412, 98.9486373892, 4.96411801703, 1.7644526071, 4.17014881054, 1.15839813332, 2987.42828894, 0.0226884320651, 0.0
0.119290388489, 0.834442501688, 84.9060793932, 0.540040440412, 98.9486373892, 4.96411801703, 1.7644526071, 4.17014881054, 1.15839813332, 2987.42828894, 0.0226884320651, 0.0
0.525811321407, 0.820807018625, 82.0449482685, 0.587597850036, 91.192661395, 1.37112963477, 0.600402459002, 4.90113096709, 12.4902828771, 2798.48653068, 0.0418350741039, 0.0
0.525811321407, 0.820807018625, 82.0449482685, 0.587597850036, 91.192661395, 1.37112963477, 0.600402459002, 4.90113096709, 12.4902828771, 2798.48653068, 0.0418350741039, 0.0
0.175579565395, 0.966542928074, 89.2859677079, 0.511261920322, 5.88020952995, 5.37778000205, 0.328591816604, 0.65067969632, 1.33074577319, 3225.30964902, 0.0223994456056, 0.714285714286
0.175579565395, 0.966542928074, 89.2859677079, 0.511261920322, 5.88020952995, 5.37778000205, 0.328591816604, 0.65067969632, 1.33074577319, 3225.30964902, 0.0223994456056, 0.714285714286
0.393198425836, 0.823444313505, 80.4219561631, 0.455084301192, 44.7498510156, 35.4843407365, 0.00168554684866, 1.16618508226, 14.7161934697, 1735.68863896, 0.523289309958, 0.65625
0.393198425836, 0.823444313505, 80.4219561631, 0.455084301192, 44.7498510156, 35.4843407365, 0.00168554684866, 1.16618508226, 14.7161934697, 1735.68863896, 0.523289309958, 0.65625
0.527737898519, 0.820807018625, 80.0095233547, 0.587597850036, 91.192661395, 22.2571347179, 0.600402459002, 0.370871955798, 9.09231493827, 1961.92639068, 0.35407124077, 0.0
0.527737898519, 0.820807018625, 80.0095233547, 0.587597850036, 91.192661395, 22.2571347179, 0.600402459002, 0.370871955798, 9.09231493827, 1961.92639068, 0.35407124077, 0.0
0.570224241185, 0.820355670675, 80.9240487527, 0.587597850036, 32.6923654956, 4.04452284959, 0.600402459002, 0.483323331506, 12.4902828771, 1784.84078002, 0.202798213397, 0.538461538462
0.570224241185, 0.820355670675, 80.9240487527, 0.587597850036, 32.6923654956, 4.04452284959, 0.600402459002, 0.483323331506, 12.4902828771, 1784.84078002, 0.202798213397, 0.538461538462
0.680823211784, 0.864104279467, 86.5220149442, 0.609408816264, 2.7120629501, 21.3252336271, 0.975989004989, 2.50985328233, 1.00170538413, 1898.06575128, 0.220275732585, 0.2
0.680823211784, 0.864104279467, 86.5220149442, 0.609408816264, 2.7120629501, 21.3252336271, 0.975989004989, 2.50985328233, 1.00170538413, 1898.06575128, 0.220275732585, 0.2
0.109380159819, 0.885809570199, 91.5369937841, 0.683436748759, 7.3124605651, 43.6442489778, 0.609979920367, 3.38655550366, 9.08780253705, 2219.95942474, 0.27677305967, 0.0
0.109380159819, 0.885809570199, 91.5369937841, 0.683436748759, 7.3124605651, 43.6442489778, 0.609979920367, 3.38655550366, 9.08780253705, 2219.95942474, 0.27677305967, 0.0
0.108105054248, 0.829927734676, 88.8849976874, 0.587597850036, 91.6620891958, 33.0194932639, 0.600402459002, 1.07461267941, 18.8983225216, 2267.95191708, 0.225393324978, 0.0322580645161
0.108105054248, 0.829927734676, 88.8849976874, 0.587597850036, 91.6620891958, 33.0194932639, 0.600402459002, 1.07461267941, 18.8983225216, 2267.95191708, 0.225393324978, 0.0322580645161
0.525811321407, 0.820137216011, 80.5379591877, 0.581994057832, 91.192661395, 2.1310004897, 0.600402459002, 4.86011383115, 12.4902828771, 2580.31002994, 0.0815772379206, 0.428571428571
0.525811321407, 0.820137216011, 80.5379591877, 0.581994057832, 91.192661395, 2.1310004897, 0.600402459002, 4.86011383115, 12.4902828771, 2580.31002994, 0.0815772379206, 0.428571428571
0.119290388489, 0.834442501688, 84.9060793932, 0.540040440412, 98.9486373892, 12.8891093865, 1.7644526071, 4.28478807043, 1.15839813332, 2556.94747277, 0.107128856905, 0.415384615385
0.119290388489, 0.834442501688, 84.9060793932, 0.540040440412, 98.9486373892, 12.8891093865, 1.7644526071, 4.28478807043, 1.15839813332, 2556.94747277, 0.107128856905, 0.415384615385
0.525811321407, 0.82006752371, 80.3958312895, 0.586047726827, 91.192661395, 2.1310004897, 0.600402459002, 4.86011383115, 12.4902828771, 2295.69657362, 0.12324485751, 0.272727272727
0.525811321407, 0.82006752371, 80.3958312895, 0.586047726827, 91.192661395, 2.1310004897, 0.600402459002, 4.86011383115, 12.4902828771, 2295.69657362, 0.12324485751, 0.272727272727
0.136619149857, 1.15953960141, 85.4997713089, 0.605111599576, 46.85183075, 2.41215868095, 0.975989004989, 0.482740326971, 6.02406185574, 9503.96397474, 0.015093312448, 0.0
0.136619149857, 1.15953960141, 85.4997713089, 0.605111599576, 46.85183075, 2.41215868095, 0.975989004989, 0.482740326971, 6.02406185574, 9503.96397474, 0.015093312448, 0.0
0.142343339022, 0.820807018625, 85.6688483193, 0.587597850036, 91.192661395, 36.3643703182, 0.600402459002, 0.370871955798, 3.28098109339, 1863.78917922, 0.345150347233, 0.619047619048
0.142343339022, 0.820807018625, 85.6688483193, 0.587597850036, 91.192661395, 36.3643703182, 0.600402459002, 0.370871955798, 3.28098109339, 1863.78917922, 0.345150347233, 0.619047619048
0.393198425836, 0.823444313505, 80.4219561631, 0.455084301192, 44.7498510156, 35.4843407365, 0.00168554684866, 1.16618508226, 14.7161934697, 2609.46355743, 0.438789972479, 0.0
0.170007043742, 0.855035706472, 92.4147094806, 0.540299431239, 2.40225672884, 2.57572938691, 1.26818361414, 4.69487622998, 17.331829998, 5386.38289993, 0.0267671711569, 0.19512195122
0.574100583271, 0.826012824339, 92.6127095556, 0.466846502421, 8.74801161863, 2.94428273831, 1.26818361414, 4.0555719667, 9.99188357963, 3470.592215, 0.106333210403, 0.0
0.170007043742, 0.855035706472, 92.4147094806, 0.540299431239, 2.40225672884, 2.57572938691, 1.26818361414, 4.69487622998, 17.331829998, 5386.38289993, 0.0267671711569, 0.19512195122
0.136619149857, 1.15953960141, 84.3484178208, 0.584513438296, 37.0366947623, 7.94498783434, 0.558110982458, 2.91409393425, 7.92897083481, 7645.58730895, 0.0493084821894, 0.0
0.256781996355, 0.895146426184, 90.0016263717, 0.663470482478, 66.9564407459, 32.2527228461, 0.00957939510203, 2.11731440804, 6.89956205002, 3111.50851846, 0.182586054307, 0.2
0.136619149857, 1.15953960141, 84.3484178208, 0.584513438296, 37.0366947623, 7.94498783434, 0.558110982458, 2.91409393425, 7.92897083481, 7645.58730895, 0.0493084821894, 0.0
0.10198985908, 0.885809570199, 92.6104397855, 0.635738821383, 7.3124605651, 43.6442489778, 0.609979920367, 3.38655550366, 9.08780253705, 3196.74482049, 0.213117058613, 0.0555555555556
0.527737898519, 0.820807018625, 80.5343557809, 0.587597850036, 91.192661395, 22.2571347179, 0.600402459002, 0.29723585032, 9.09231493827, 2198.73904337, 0.410170424705, 0.363636363636
0.67575544612, 0.872321251172, 86.0203962831, 0.609408816264, 2.7120629501, 13.8151291395, 0.824576877139, 2.7082031317, 1.00170538413, 2289.37468461, 0.298162445387, 0.421052631579
0.189123202262, 0.825629139124, 81.4552544448, 0.617202483848, 91.6620891958, 19.8759074778, 0.683204761931, 1.07461267941, 8.54534829535, 1944.53180099, 0.301037317106, 0.540983606557
0.256781996355, 0.895146426184, 90.0016263717, 0.663470482478, 66.9564407459, 32.2527228461, 0.00957939510203, 2.11731440804, 6.89956205002, 3111.50851846, 0.182586054307, 0.2
0.170007043742, 0.855035706472, 89.7272117834, 0.540299431239, 8.74801161863, 2.57572938691, 0.8984425343, 4.69487622998, 10.7905416972, 2842.35297991, 0.0513726723457, 0.304347826087
0.170007043742, 0.855035706472, 89.7272117834, 0.540299431239, 8.74801161863, 2.57572938691, 0.8984425343, 4.69487622998, 10.7905416972, 2842.35297991, 0.0513726723457, 0.304347826087
0.527737898519, 0.820807018625, 80.5343557809, 0.587597850036, 91.192661395, 22.2571347179, 0.600402459002, 0.29723585032, 9.09231493827, 2198.73904337, 0.410170424705, 0.363636363636
0.574100583271, 0.826012824339, 92.6127095556, 0.466846502421, 8.74801161863, 2.94428273831, 1.26818361414, 4.0555719667, 9.99188357963, 3470.592215, 0.106333210403, 0.0
0.680823211784, 0.864104279467, 85.9631602633, 0.609408816264, 2.7120629501, 21.3252336271, 0.975989004989, 2.50985328233, 1.00170538413, 2374.17275662, 0.225714100152, 0.5625
0.189123202262, 0.825629139124, 81.4552544448, 0.617202483848, 91.6620891958, 19.8759074778, 0.683204761931, 1.07461267941, 8.54534829535, 1944.53180099, 0.301037317106, 0.540983606557
