9.14363807247e-06, 0.646501427839, 0.150406184603, 0.481734981515, 0.861336357618, 0.701137230146, 0.0944495480642, 0.00524556030297, 0.0609169550692, 0.343375729303, 0.476693691305, 0.945527758259, 0.0464567754023, 0.617526139137, 0.691144214076, 0.173405693204, 0.173457942252, 0.894136395608, 0.84231049173, 0.0776546584702, 0.148169440439, 0.418997837714, 0.628428844501, 0.309125943761, 0.0320986618737, 0.21286479547, 0.988009281247, 0.639227258424, 0.729604352783, 0.198305398304, 9.14363807247e-06, 4.89999999628
0.00215007319871, 0.131083518965, 0.308881635041, 0.0408586011311, 0.101856547259, 0.732954282395, 0.105168019832, 0.0557594667872, 0.317712917129, 0.06017013585, 0.854005265677, 0.736449269103, 0.0461789814447, 0.0616990254413, 0.869692940568, 0.0372633076967, 0.699679552764, 0.0384877306005, 0.256538291379, 0.0189682173933, 0.357904351941, 0.0198261245625, 0.175098751862, 0.00353940784211, 0.0483135787126, 0.00324896724781, 0.0551342418966, 0.268817525056, 0.734042053134, 0.163785860564, 0.00215007319871, 3.18268064607
0.503813525521, 0.245227955913, 0.123541451408, 0.0281400562837, 0.151770447264, 0.217248269471, 0.0222832354502, 0.326578682242, 0.143848315932, 0.768131757931, 0.0568713078641, 0.0685092307277, 0.250893928685, 0.0265387189848, 0.0113530324723, 0.0450969844679, 0.900073966111, 0.299854225768, 0.0655898193325, 0.00912662642385, 0.113969120497, 0.182006646451, 0.0525933994681, 0.234810172955, 0.532532426272, 0.0633958750988, 0.0923850587382, 0.0920648857875, 0.181366715854, 0.55935446455, 0.503813525521, 1.62822043174
0.147709280061, 0.0595231856943, 0.0463458078024, 0.475515367417, 0.202633453593, 0.0555450260398, 0.0222832354502, 0.0304293629431, 0.387480445436, 0.202281286657, 0.0135520197646, 0.945527758259, 0.0461789814447, 0.335540685031, 0.264008296388, 0.0376404359228, 0.173457942252, 0.0817498441406, 0.625726689136, 0.201963737607, 0.105371602077, 0.786796438459, 0.0634603274641, 0.180641890675, 0.0320986618737, 0.169540370379, 0.0119175741576, 0.442093673848, 0.348940241875, 0.00629292423127, 0.147709280061, 2.30952217486
1.05557346242e-05, 0.172689573758, 0.150406184603, 0.488217706879, 0.207651678338, 0.732954282395, 0.569608527338, 0.00524556030297, 0.0380338332396, 0.16060219864, 0.476693691305, 0.692748361008, 0.417991865192, 0.839146818625, 0.0302351985587, 0.943696167753, 0.849394531233, 0.894136395608, 0.909767687268, 0.650419583505, 0.0532625007496, 0.418997837714, 0.626853392827, 0.00294657250277, 0.267462639788, 0.216460620796, 0.826818176437, 0.00245563579665, 0.181366715854, 0.204806741388, 1.05557346242e-05, 4.72671171339
0.00579210830922, 0.114665519568, 0.983184817836, 0.0288669875378, 0.126806698463, 0.217248269471, 0.147706814392, 0.0558697729074, 0.387480445436, 0.287307140902, 0.0599710432378, 0.995658679311, 0.0461789814447, 0.162651703717, 0.992356014474, 0.0858291330888, 0.0982150680925, 0.0759541420133, 0.286563091896, 0.37457026931, 0.105371602077, 0.0449765764782, 0.535031643012, 0.388171623069, 0.0724565423984, 0.0790519961781, 0.222631307333, 0.274138244571, 0.0196304916302, 0.0459221845041, 0.00579210830922, 3.13238341526
0.141932026791, 0.0521937267244, 0.812077871851, 0.166592963864, 0.543000118547, 0.00756895001929, 0.0253869895791, 0.120099015732, 0.612435217011, 0.182269256727, 0.41462455538, 0.121689472765, 0.0357182433936, 0.159447056713, 0.886577774019, 0.0348797809091, 0.211393889978, 0.228653521468, 0.0189864417718, 0.898592434434, 0.123386223763, 0.173640228071, 0.149090226127, 0.0424440110311, 0.0400198886548, 0.0657539591124, 0.269817765498, 0.0242872431159, 0.309946243441, 0.196778534502, 0.141932026791, 2.48123696493
0.0104566173448, 0.555165726029, 0.0593005797209, 0.289833590388, 0.0620487815653, 0.159612002638, 0.103254116205, 0.0134654520033, 0.387480445436, 0.279190393426, 0.00123386553626, 0.565988243652, 0.379084243733, 0.127565248331, 0.792412120212, 0.235672508598, 0.625065015193, 0.349636520512, 0.578758470466, 0.590800405926, 0.154440439551, 0.139916556222, 0.16938456337, 0.0206195039391, 0.454457828747, 0.00767212697605, 0.113220252599, 0.0443217317545, 0.0196304916302, 0.00800445801241, 0.0104566173448, 3.07688093829
0.0105270710324, 0.114665519568, 0.593796620866, 0.0288669875378, 0.126806698463, 0.0288791057089, 0.147706814392, 0.0558697729074, 0.113448599382, 0.687660872181, 0.0599710432378, 0.527967485087, 0.0461789814447, 0.162651703717, 0.553529802364, 0.0040654286992, 0.473559886629, 0.0759541420133, 0.286563091896, 0.37457026931, 0.105371602077, 0.0449765764782, 0.570509212568, 0.388171623069, 0.0724565423984, 0.0847827091463, 0.000121914941224, 0.274138244571, 0.0196304916302, 0.0459221845041, 0.0105270710324, 2.70919494147
3.67421013221e-05, 0.555165726029, 0.814163788772, 0.289833590388, 0.0554524299034, 0.159612002638, 0.0229630172681, 0.0134654520033, 0.113448599382, 0.0378096007141, 0.00562024505747, 0.993806432233, 0.379084243733, 0.202658413509, 0.431190682768, 0.100653511936, 0.625065015193, 0.349636520512, 0.578758470466, 0.590800405926, 0.154440439551, 0.00359191684594, 0.16938456337, 0.0206195039391, 0.454457828747, 0.00389290158338, 0.160427754225, 0.0443217317545, 0.209548695561, 0.101360059675, 3.67421013221e-05, 3.36028748383
0.079436994977, 0.0595231856943, 0.0463458078024, 0.356614324996, 0.202633453593, 0.0555450260398, 0.0222832354502, 0.0304293629431, 0.387480445436, 0.202281286657, 0.0135520197646, 0.692748361008, 0.0461789814447, 0.335540685031, 0.520400000513, 0.0376404359228, 0.173457942252, 0.0817498441406, 0.625726689136, 0.201963737607, 0.105371602077, 0.786796438459, 0.107116750937, 0.180641890675, 0.0320986618737, 0.0847827091463, 0.0923850587382, 0.442093673848, 0.526892404962, 0.143792341615, 0.079436994977, 2.55449984542
4.9875380328e-06, 0.172689573758, 0.00244439771427, 0.481734981515, 0.206521906272, 0.732954282395, 0.569608527338, 0.00524556030297, 0.0380338332396, 0.354074286748, 0.476693691305, 0.945527758259, 0.417991865192, 0.839146818625, 0.129961732036, 0.943696167753, 0.849394531233, 0.894136395608, 0.872851401756, 0.650419583505, 0.0532625007496, 0.418997837714, 0.626853392827, 0.0240629244157, 0.646804566857, 0.138356644327, 0.826818176437, 0.00245563579665, 0.181366715854, 0.204806741388, 4.9875380328e-06, 4.938559065
0.239376635575, 0.131083518965, 0.308881635041, 0.166592963864, 0.144349237764, 0.0010305949421, 0.105168019832, 0.0437018979875, 0.317712917129, 0.567604068064, 0.00562024505747, 0.121689472765, 0.217040228973, 0.201329478767, 0.96740695091, 0.0372633076967, 0.0615417877227, 0.0384877306005, 0.392748025272, 0.824832102837, 0.357904351941, 0.0218040548506, 0.181031413906, 0.0417317486209, 0.0483135787126, 0.148748209089, 0.026284796016, 0.164241047678, 0.358089968379, 0.163785860564, 0.239376635575, 2.07845991023
0.768742323632, 0.245227955913, 0.123541451408, 0.034904717459, 0.748029569215, 0.217248269471, 0.762748628689, 0.326578682242, 0.143848315932, 0.768131757931, 0.0528893989501, 0.650169112203, 0.250893928685, 0.0265387189848, 0.0113530324723, 0.0450969844679, 0.299005106711, 0.0545706121761, 0.105122598982, 0.00912662642385, 0.113969120497, 0.182006646451, 0.0525933994681, 0.407195499012, 0.114859235746, 0.0847827091463, 0.0742435530562, 0.00144177368468, 0.181366715854, 0.55935446455, 0.768742323632, 1.5283696676
0.795956110694, 0.881494934079, 0.487228762897, 0.149282045751, 0.126806698463, 0.124916809272, 0.038458230502, 0.0558697729074, 0.0501307178555, 0.202281286657, 0.00562024505747, 0.215341825962, 0.0175190087683, 0.251672969984, 0.243382395412, 0.0376404359228, 0.108571299914, 0.0585933449249, 0.568578314619, 0.824832102837, 0.0506762752129, 0.786796438459, 0.124717434078, 0.125395494588, 0.0387573551148, 0.00353874915019, 0.272515178224, 0.0307380191855, 0.207302196767, 0.00129655164387, 0.795956110694, 1.37331134378
0.150674672122, 0.427116462512, 0.227376171731, 0.322198860317, 0.202633453593, 0.00638787350248, 0.036136391874, 0.0558697729074, 0.7732449083, 0.287307140902, 0.41462455538, 0.321335437962, 0.0461789814447, 0.335540685031, 0.340584958255, 0.0348797809091, 0.0487983742793, 0.0759541420133, 0.625726689136, 0.0752676542861, 0.0403064392788, 0.178369763722, 0.0947027767529, 0.196781280934, 0.0724565423984, 0.00665265069728, 0.126695771681, 0.274138244571, 0.322969386512, 0.0459221845041, 0.150674672122, 2.20981864753
0.198214899878, 0.312742743904, 0.178525498789, 0.0318883114959, 0.329675953977, 0.521985173848, 0.41302157625, 0.0304293629431, 0.00290462150617, 0.39330962674, 0.349201679823, 0.177743220217, 0.154827015421, 0.265611999836, 0.265463121678, 0.597031790903, 0.318642964117, 0.014039402461, 0.0106632941466, 0.00966741192687, 0.0506762752129, 0.0115727635376, 0.00352775884665, 0.407195499012, 0.00978868943818, 0.00665265069728, 0.319258963033, 0.0377440978395, 0.0520094485172, 0.997661684252, 0.198214899878, 2.18265481217
0.34123000062, 0.0595231856943, 0.0463458078024, 0.356614324996, 0.151770447264, 0.0555450260398, 0.0222832354502, 0.0217494795365, 0.387480445436, 0.202281286657, 0.0317258770578, 0.692748361008, 0.0461789814447, 0.335540685031, 0.0849955815459, 0.0376404359228, 0.328308756634, 0.0817498441406, 0.568578314619, 0.201963737607, 0.105371602077, 0.250306354315, 0.107116750937, 0.180641890675, 0.454457828747, 0.0926054228829, 0.0923850587382, 0.442093673848, 0.541444396139, 0.00292339967075, 0.34123000062, 1.86929991132
0.35071622675, 0.105695143873, 0.593796620866, 0.00920549785932, 0.0488753811221, 0.092583464769, 0.147706814392, 0.0217494795365, 0.387480445436, 0.287307140902, 0.0599710432378, 0.951141665497, 0.4453114309, 0.162651703717, 0.011002859613, 0.0348797809091, 0.106179002541, 0.0759541420133, 0.286563091896, 0.37457026931, 0.0260862068333, 0.12829335048, 0.311781045135, 0.388171623069, 0.0724565423984, 0.0379930022566, 0.222631307333, 0.442093673848, 0.0443590933662, 0.000561971039881, 0.35071622675, 1.82872848606
9.14363807247e-06, 0.646501427839, 0.150406184603, 0.481734981515, 0.861336357618, 0.701137230146, 0.0944495480642, 0.00524556030297, 0.0609169550692, 0.343375729303, 0.476693691305, 0.945527758259, 0.0464567754023, 0.617526139137, 0.691144214076, 0.173405693204, 0.173457942252, 0.894136395608, 0.84231049173, 0.0776546584702, 0.148169440439, 0.418997837714, 0.628428844501, 0.309125943761, 0.0320986618737, 0.21286479547, 0.988009281247, 0.639227258424, 0.729604352783, 0.198305398304, 9.14363807247e-06, 4.89999999628
0.00215007319871, 0.131083518965, 0.308881635041, 0.0408586011311, 0.101856547259, 0.732954282395, 0.105168019832, 0.0557594667872, 0.317712917129, 0.06017013585, 0.854005265677, 0.736449269103, 0.0461789814447, 0.0616990254413, 0.869692940568, 0.0372633076967, 0.699679552764, 0.0384877306005, 0.256538291379, 0.0189682173933, 0.357904351941, 0.0198261245625, 0.175098751862, 0.00353940784211, 0.0483135787126, 0.00324896724781, 0.0551342418966, 0.268817525056, 0.734042053134, 0.163785860564, 0.00215007319871, 3.18268064607
0.503813525521, 0.245227955913, 0.123541451408, 0.0281400562837, 0.151770447264, 0.217248269471, 0.0222832354502, 0.326578682242, 0.143848315932, 0.768131757931, 0.0568713078641, 0.0685092307277, 0.250893928685, 0.0265387189848, 0.0113530324723, 0.0450969844679, 0.900073966111, 0.299854225768, 0.0655898193325, 0.00912662642385, 0.113969120497, 0.182006646451, 0.0525933994681, 0.234810172955, 0.532532426272, 0.0633958750988, 0.0923850587382, 0.0920648857875, 0.181366715854, 0.55935446455, 0.503813525521, 1.62822043174
0.147709280061, 0.0595231856943, 0.0463458078024, 0.475515367417, 0.202633453593, 0.0555450260398, 0.0222832354502, 0.0304293629431, 0.387480445436, 0.202281286657, 0.0135520197646, 0.945527758259, 0.0461789814447, 0.335540685031, 0.264008296388, 0.0376404359228, 0.173457942252, 0.0817498441406, 0.625726689136, 0.201963737607, 0.105371602077, 0.786796438459, 0.0634603274641, 0.180641890675, 0.0320986618737, 0.169540370379, 0.0119175741576, 0.442093673848, 0.348940241875, 0.00629292423127, 0.147709280061, 2.30952217486
1.05557346242e-05, 0.172689573758, 0.150406184603, 0.488217706879, 0.207651678338, 0.732954282395, 0.569608527338, 0.00524556030297, 0.0380338332396, 0.16060219864, 0.476693691305, 0.692748361008, 0.417991865192, 0.839146818625, 0.0302351985587, 0.943696167753, 0.849394531233, 0.894136395608, 0.909767687268, 0.650419583505, 0.0532625007496, 0.418997837714, 0.626853392827, 0.00294657250277, 0.267462639788, 0.216460620796, 0.826818176437, 0.00245563579665, 0.181366715854, 0.204806741388, 1.05557346242e-05, 4.72671171339
0.00579210830922, 0.114665519568, 0.983184817836, 0.0288669875378, 0.126806698463, 0.217248269471, 0.147706814392, 0.0558697729074, 0.387480445436, 0.287307140902, 0.0599710432378, 0.995658679311, 0.0461789814447, 0.162651703717, 0.992356014474, 0.0858291330888, 0.0982150680925, 0.0759541420133, 0.286563091896, 0.37457026931, 0.105371602077, 0.0449765764782, 0.535031643012, 0.388171623069, 0.0724565423984, 0.0790519961781, 0.222631307333, 0.274138244571, 0.0196304916302, 0.0459221845041, 0.00579210830922, 3.13238341526
0.141932026791, 0.0521937267244, 0.812077871851, 0.166592963864, 0.543000118547, 0.00756895001929, 0.0253869895791, 0.120099015732, 0.612435217011, 0.182269256727, 0.41462455538, 0.121689472765, 0.0357182433936, 0.159447056713, 0.886577774019, 0.0348797809091, 0.211393889978, 0.228653521468, 0.0189864417718, 0.898592434434, 0.123386223763, 0.173640228071, 0.149090226127, 0.0424440110311, 0.0400198886548, 0.0657539591124, 0.269817765498, 0.0242872431159, 0.309946243441, 0.196778534502, 0.141932026791, 2.48123696493
0.0104566173448, 0.555165726029, 0.0593005797209, 0.289833590388, 0.0620487815653, 0.159612002638, 0.103254116205, 0.0134654520033, 0.387480445436, 0.279190393426, 0.00123386553626, 0.565988243652, 0.379084243733, 0.127565248331, 0.792412120212, 0.235672508598, 0.625065015193, 0.349636520512, 0.578758470466, 0.590800405926, 0.154440439551, 0.139916556222, 0.16938456337, 0.0206195039391, 0.454457828747, 0.00767212697605, 0.113220252599, 0.0443217317545, 0.0196304916302, 0.00800445801241, 0.0104566173448, 3.07688093829
0.0105270710324, 0.114665519568, 0.593796620866, 0.0288669875378, 0.126806698463, 0.0288791057089, 0.147706814392, 0.0558697729074, 0.113448599382, 0.687660872181, 0.0599710432378, 0.527967485087, 0.0461789814447, 0.162651703717, 0.553529802364, 0.0040654286992, 0.473559886629, 0.0759541420133, 0.286563091896, 0.37457026931, 0.105371602077, 0.0449765764782, 0.570509212568, 0.388171623069, 0.0724565423984, 0.0847827091463, 0.000121914941224, 0.274138244571, 0.0196304916302, 0.0459221845041, 0.0105270710324, 2.70919494147
3.67421013221e-05, 0.555165726029, 0.814163788772, 0.289833590388, 0.0554524299034, 0.159612002638, 0.0229630172681, 0.0134654520033, 0.113448599382, 0.0378096007141, 0.00562024505747, 0.993806432233, 0.379084243733, 0.202658413509, 0.431190682768, 0.100653511936, 0.625065015193, 0.349636520512, 0.578758470466, 0.590800405926, 0.154440439551, 0.00359191684594, 0.16938456337, 0.0206195039391, 0.454457828747, 0.00389290158338, 0.160427754225, 0.0443217317545, 0.209548695561, 0.101360059675, 3.67421013221e-05, 3.36028748383
0.079436994977, 0.0595231856943, 0.0463458078024, 0.356614324996, 0.202633453593, 0.0555450260398, 0.0222832354502, 0.0304293629431, 0.387480445436, 0.202281286657, 0.0135520197646, 0.692748361008, 0.0461789814447, 0.335540685031, 0.520400000513, 0.0376404359228, 0.173457942252, 0.0817498441406, 0.625726689136, 0.201963737607, 0.105371602077, 0.786796438459, 0.107116750937, 0.180641890675, 0.0320986618737, 0.0847827091463, 0.0923850587382, 0.442093673848, 0.526892404962, 0.143792341615, 0.079436994977, 2.55449984542
4.9875380328e-06, 0.172689573758, 0.00244439771427, 0.481734981515, 0.206521906272, 0.732954282395, 0.569608527338, 0.00524556030297, 0.0380338332396, 0.354074286748, 0.476693691305, 0.945527758259, 0.417991865192, 0.839146818625, 0.129961732036, 0.943696167753, 0.849394531233, 0.894136395608, 0.872851401756, 0.650419583505, 0.0532625007496, 0.418997837714, 0.626853392827, 0.0240629244157, 0.646804566857, 0.138356644327, 0.826818176437, 0.00245563579665, 0.181366715854, 0.204806741388, 4.9875380328e-06, 4.938559065
0.239376635575, 0.131083518965, 0.308881635041, 0.166592963864, 0.144349237764, 0.0010305949421, 0.105168019832, 0.0437018979875, 0.317712917129, 0.567604068064, 0.00562024505747, 0.121689472765, 0.217040228973, 0.201329478767, 0.96740695091, 0.0372633076967, 0.0615417877227, 0.0384877306005, 0.392748025272, 0.824832102837, 0.357904351941, 0.0218040548506, 0.181031413906, 0.0417317486209, 0.0483135787126, 0.148748209089, 0.026284796016, 0.164241047678, 0.358089968379, 0.163785860564, 0.239376635575, 2.07845991023
0.768742323632, 0.245227955913, 0.123541451408, 0.034904717459, 0.748029569215, 0.217248269471, 0.762748628689, 0.326578682242, 0.143848315932, 0.768131757931, 0.0528893989501, 0.650169112203, 0.250893928685, 0.0265387189848, 0.0113530324723, 0.0450969844679, 0.299005106711, 0.0545706121761, 0.105122598982, 0.00912662642385, 0.113969120497, 0.182006646451, 0.0525933994681, 0.407195499012, 0.114859235746, 0.0847827091463, 0.0742435530562, 0.00144177368468, 0.181366715854, 0.55935446455, 0.768742323632, 1.5283696676
0.795956110694, 0.881494934079, 0.487228762897, 0.149282045751, 0.126806698463, 0.124916809272, 0.038458230502, 0.0558697729074, 0.0501307178555, 0.202281286657, 0.00562024505747, 0.215341825962, 0.0175190087683, 0.251672969984, 0.243382395412, 0.0376404359228, 0.108571299914, 0.0585933449249, 0.568578314619, 0.824832102837, 0.0506762752129, 0.786796438459, 0.124717434078, 0.125395494588, 0.0387573551148, 0.00353874915019, 0.272515178224, 0.0307380191855, 0.207302196767, 0.00129655164387, 0.795956110694, 1.37331134378
0.150674672122, 0.427116462512, 0.227376171731, 0.322198860317, 0.202633453593, 0.00638787350248, 0.036136391874, 0.0558697729074, 0.7732449083, 0.287307140902, 0.41462455538, 0.321335437962, 0.0461789814447, 0.335540685031, 0.340584958255, 0.0348797809091, 0.0487983742793, 0.0759541420133, 0.625726689136, 0.0752676542861, 0.0403064392788, 0.178369763722, 0.0947027767529, 0.196781280934, 0.0724565423984, 0.00665265069728, 0.126695771681, 0.274138244571, 0.322969386512, 0.0459221845041, 0.150674672122, 2.20981864753
0.198214899878, 0.312742743904, 0.178525498789, 0.0318883114959, 0.329675953977, 0.521985173848, 0.41302157625, 0.0304293629431, 0.00290462150617, 0.39330962674, 0.349201679823, 0.177743220217, 0.154827015421, 0.265611999836, 0.265463121678, 0.597031790903, 0.318642964117, 0.014039402461, 0.0106632941466, 0.00966741192687, 0.0506762752129, 0.0115727635376, 0.00352775884665, 0.407195499012, 0.00978868943818, 0.00665265069728, 0.319258963033, 0.0377440978395, 0.0520094485172, 0.997661684252, 0.198214899878, 2.18265481217
0.34123000062, 0.0595231856943, 0.0463458078024, 0.356614324996, 0.151770447264, 0.0555450260398, 0.0222832354502, 0.0217494795365, 0.387480445436, 0.202281286657, 0.0317258770578, 0.692748361008, 0.0461789814447, 0.335540685031, 0.0849955815459, 0.0376404359228, 0.328308756634, 0.0817498441406, 0.568578314619, 0.201963737607, 0.105371602077, 0.250306354315, 0.107116750937, 0.180641890675, 0.454457828747, 0.0926054228829, 0.0923850587382, 0.442093673848, 0.541444396139, 0.00292339967075, 0.34123000062, 1.86929991132
0.35071622675, 0.105695143873, 0.593796620866, 0.00920549785932, 0.0488753811221, 0.092583464769, 0.147706814392, 0.0217494795365, 0.387480445436, 0.287307140902, 0.0599710432378, 0.951141665497, 0.4453114309, 0.162651703717, 0.011002859613, 0.0348797809091, 0.106179002541, 0.0759541420133, 0.286563091896, 0.37457026931, 0.0260862068333, 0.12829335048, 0.311781045135, 0.388171623069, 0.0724565423984, 0.0379930022566, 0.222631307333, 0.442093673848, 0.0443590933662, 0.000561971039881, 0.35071622675, 1.82872848606
0.147709280061, 0.427116462512, 0.227376171731, 0.322198860317, 0.202633453593, 0.00638787350248, 0.036136391874, 0.0558697729074, 0.7732449083, 0.287307140902, 0.41462455538, 0.321335437962, 0.0214151005943, 0.335540685031, 0.172920415265, 0.0348797809091, 0.0487983742793, 0.0759541420133, 0.625726689136, 0.0278227928163, 0.0403064392788, 0.178369763722, 0.0947027767529, 0.805528731653, 0.0724565423984, 0.127906311196, 0.387791755696, 0.274138244571, 0.322969386512, 0.0459221845041, 0.147709280061, 2.4235153579
0.147709280061, 0.427116462512, 0.227376171731, 0.322198860317, 0.202633453593, 0.00638787350248, 0.036136391874, 0.0558697729074, 0.7732449083, 0.287307140902, 0.41462455538, 0.321335437962, 0.0214151005943, 0.335540685031, 0.172920415265, 0.0348797809091, 0.0487983742793, 0.0759541420133, 0.625726689136, 0.0278227928163, 0.0403064392788, 0.178369763722, 0.0947027767529, 0.805528731653, 0.0724565423984, 0.127906311196, 0.387791755696, 0.274138244571, 0.322969386512, 0.0459221845041, 0.147709280061, 2.4235153579
0.0873745529508, 0.105868602974, 0.725296244858, 0.00314597879018, 0.426625494555, 0.00756895001929, 0.0253869895791, 0.120099015732, 0.62743082078, 0.182269256727, 0.41462455538, 0.109796823707, 0.0357182433936, 0.199369531088, 0.886577774019, 0.0348797809091, 0.211393889978, 0.228653521468, 0.0189864417718, 0.898592434434, 0.123386223763, 0.173640228071, 0.149090226127, 0.33046720485, 0.0400198886548, 0.0735957069849, 0.269817765498, 0.0242872431159, 0.309946243441, 0.196778534502, 0.0873745529508, 2.63264186973
0.0873745529508, 0.105868602974, 0.725296244858, 0.00314597879018, 0.426625494555, 0.00756895001929, 0.0253869895791, 0.120099015732, 0.62743082078, 0.182269256727, 0.41462455538, 0.109796823707, 0.0357182433936, 0.199369531088, 0.886577774019, 0.0348797809091, 0.211393889978, 0.228653521468, 0.0189864417718, 0.898592434434, 0.123386223763, 0.173640228071, 0.149090226127, 0.33046720485, 0.0400198886548, 0.0735957069849, 0.269817765498, 0.0242872431159, 0.309946243441, 0.196778534502, 0.0873745529508, 2.63264186973
0.0105270710324, 0.0048574805399, 0.150406184603, 0.0408586011311, 0.21672493686, 0.0101291422055, 0.0343217072257, 0.177066620621, 0.0393273666983, 0.193051167965, 0.0522290694424, 0.996412046286, 0.0301193116507, 0.199369531088, 0.00191956931886, 0.0220117657632, 0.777726131817, 0.0629499565337, 0.422869206041, 0.37457026931, 0.0338116870269, 0.547588916979, 0.288188893518, 0.407195499012, 0.194173588197, 0.0847827091463, 0.222631307333, 0.342039250113, 0.00261748984413, 0.204806741388, 0.0105270710324, 2.72904861208
0.0770353709551, 0.587457149535, 0.178525498789, 0.0318883114959, 0.126806698463, 0.521985173848, 0.274049438104, 0.618691905393, 0.00290462150617, 0.39330962674, 0.349201679823, 0.0242478380521, 0.299691154397, 0.265611999836, 0.854453045732, 0.977515000745, 0.217990709483, 0.014039402461, 0.0106632941466, 0.00159114321602, 0.0506762752129, 0.0115727635376, 0.00730256200256, 0.407195499012, 0.00978868943818, 0.00665265069728, 0.29272545012, 0.0307380191855, 0.0520094485172, 0.548760584257, 0.0770353709551, 2.72616280727
0.0105270710324, 0.0048574805399, 0.150406184603, 0.0408586011311, 0.21672493686, 0.0101291422055, 0.0343217072257, 0.177066620621, 0.0393273666983, 0.193051167965, 0.0522290694424, 0.996412046286, 0.0301193116507, 0.199369531088, 0.00191956931886, 0.0220117657632, 0.777726131817, 0.0629499565337, 0.422869206041, 0.37457026931, 0.0338116870269, 0.547588916979, 0.288188893518, 0.407195499012, 0.194173588197, 0.0847827091463, 0.222631307333, 0.342039250113, 0.00261748984413, 0.204806741388, 0.0105270710324, 2.72904861208
0.0770353709551, 0.587457149535, 0.178525498789, 0.0318883114959, 0.126806698463, 0.521985173848, 0.274049438104, 0.618691905393, 0.00290462150617, 0.39330962674, 0.349201679823, 0.0242478380521, 0.299691154397, 0.265611999836, 0.854453045732, 0.977515000745, 0.217990709483, 0.014039402461, 0.0106632941466, 0.00159114321602, 0.0506762752129, 0.0115727635376, 0.00730256200256, 0.407195499012, 0.00978868943818, 0.00665265069728, 0.29272545012, 0.0307380191855, 0.0520094485172, 0.548760584257, 0.0770353709551, 2.72616280727
0.768742323632, 0.245227955913, 0.355687064145, 0.00314597879018, 0.233637678342, 0.0010305949421, 0.762748628689, 0.881550462499, 0.143848315932, 0.867496334413, 0.0526752214009, 0.0685092307277, 0.250893928685, 0.0265387189848, 0.0113530324723, 0.0450969844679, 0.900073966111, 0.299854225768, 0.253239070393, 0.00912662642385, 0.113969120497, 0.182006646451, 0.4369225631, 0.27265192825, 0.0329505021466, 0.0633958750988, 0.0742435530562, 0.0920648857875, 0.156207794486, 0.0459221845041, 0.768742323632, 1.58319309336
0.134597281573, 0.105695143873, 0.555493822112, 0.593769694906, 0.144349237764, 0.114248817615, 0.0983802907297, 0.023025160644, 0.960676986442, 0.409840744017, 0.694977301395, 0.442984052498, 0.0461789814447, 0.875174252601, 0.0287173206229, 0.311306923731, 0.211393889978, 0.0391711413162, 0.142564106526, 0.200399254638, 0.0532625007496, 0.0304018906937, 0.0750981200142, 0.347922385172, 0.0483135787126, 0.129661888408, 0.11868225763, 0.49190692285, 0.0298384845475, 0.219083127717, 0.134597281573, 2.67021452643
0.34123000062, 0.0595231856943, 0.0463458078024, 0.356614324996, 0.151770447264, 0.0555450260398, 0.0222832354502, 0.0558697729074, 0.387480445436, 0.202281286657, 0.0317258770578, 0.751961956632, 0.0461789814447, 0.335540685031, 0.00605057740507, 0.00353970253205, 0.328308756634, 0.0787074494951, 0.568578314619, 0.201963737607, 0.105371602077, 0.786796438459, 0.107116750937, 0.180641890675, 0.454457828747, 0.0585229538346, 0.0923850587382, 0.274138244571, 0.541444396139, 0.00629292423127, 0.34123000062, 1.9503243497
0.768742323632, 0.245227955913, 0.355687064145, 0.00314597879018, 0.233637678342, 0.0010305949421, 0.762748628689, 0.881550462499, 0.143848315932, 0.867496334413, 0.0526752214009, 0.0685092307277, 0.250893928685, 0.0265387189848, 0.0113530324723, 0.0450969844679, 0.900073966111, 0.299854225768, 0.253239070393, 0.00912662642385, 0.113969120497, 0.182006646451, 0.4369225631, 0.27265192825, 0.0329505021466, 0.0633958750988, 0.0742435530562, 0.0920648857875, 0.156207794486, 0.0459221845041, 0.768742323632, 1.58319309336
0.134597281573, 0.105695143873, 0.555493822112, 0.593769694906, 0.144349237764, 0.114248817615, 0.0983802907297, 0.023025160644, 0.960676986442, 0.409840744017, 0.694977301395, 0.442984052498, 0.0461789814447, 0.875174252601, 0.0287173206229, 0.311306923731, 0.211393889978, 0.0391711413162, 0.142564106526, 0.200399254638, 0.0532625007496, 0.0304018906937, 0.0750981200142, 0.347922385172, 0.0483135787126, 0.129661888408, 0.11868225763, 0.49190692285, 0.0298384845475, 0.219083127717, 0.134597281573, 2.67021452643
0.34123000062, 0.0595231856943, 0.0463458078024, 0.356614324996, 0.151770447264, 0.0555450260398, 0.0222832354502, 0.0558697729074, 0.387480445436, 0.202281286657, 0.0317258770578, 0.751961956632, 0.0461789814447, 0.335540685031, 0.00605057740507, 0.00353970253205, 0.328308756634, 0.0787074494951, 0.568578314619, 0.201963737607, 0.105371602077, 0.786796438459, 0.107116750937, 0.180641890675, 0.454457828747, 0.0585229538346, 0.0923850587382, 0.274138244571, 0.541444396139, 0.00629292423127, 0.34123000062, 1.9503243497
0.0105270710324, 0.0277606211711, 0.593796620866, 0.0288669875378, 0.126806698463, 0.00435119544311, 0.147706814392, 0.582835344967, 0.387480445436, 0.287307140902, 0.0599710432378, 0.527967485087, 0.0461789814447, 0.162651703717, 0.992356014474, 0.000941602614857, 0.473559886629, 0.0759541420133, 0.286563091896, 0.37457026931, 0.105371602077, 0.0153213904157, 0.535031643012, 0.388171623069, 0.0724565423984, 0.0847827091463, 0.000121914941224, 0.274138244571, 0.0196304916302, 0.0459221845041, 0.0105270710324, 2.90787444047
0.00215007319871, 0.131083518965, 0.308881635041, 0.208641892391, 0.160380365217, 0.217248269471, 0.105168019832, 0.0375835886901, 0.529166808307, 0.194528353277, 0.854005265677, 0.736449269103, 0.0278907715848, 0.0616990254413, 0.869692940568, 0.0199694254205, 0.373833916506, 0.0384877306005, 0.256538291379, 0.0734822057036, 0.398557880279, 0.0304018906937, 0.181031413906, 0.0783114138372, 0.0483135787126, 0.205498906948, 0.0551342418966, 0.340646864402, 0.734042053134, 0.162158066733, 0.00215007319871, 3.22425870493
0.0105270710324, 0.0277606211711, 0.593796620866, 0.0288669875378, 0.126806698463, 0.00435119544311, 0.147706814392, 0.582835344967, 0.387480445436, 0.287307140902, 0.0599710432378, 0.527967485087, 0.0461789814447, 0.162651703717, 0.992356014474, 0.000941602614857, 0.473559886629, 0.0759541420133, 0.286563091896, 0.37457026931, 0.105371602077, 0.0153213904157, 0.535031643012, 0.388171623069, 0.0724565423984, 0.0847827091463, 0.000121914941224, 0.274138244571, 0.0196304916302, 0.0459221845041, 0.0105270710324, 2.90787444047
0.00215007319871, 0.131083518965, 0.308881635041, 0.208641892391, 0.160380365217, 0.217248269471, 0.105168019832, 0.0375835886901, 0.529166808307, 0.194528353277, 0.854005265677, 0.736449269103, 0.0278907715848, 0.0616990254413, 0.869692940568, 0.0199694254205, 0.373833916506, 0.0384877306005, 0.256538291379, 0.0734822057036, 0.398557880279, 0.0304018906937, 0.181031413906, 0.0783114138372, 0.0483135787126, 0.205498906948, 0.0551342418966, 0.340646864402, 0.734042053134, 0.162158066733, 0.00215007319871, 3.22425870493
0.503813525521, 0.345761920371, 0.123541451408, 0.034904717459, 0.233637678342, 0.217248269471, 0.762748628689, 0.326578682242, 0.358133382852, 0.768131757931, 0.0568713078641, 0.0685092307277, 0.250893928685, 0.0265387189848, 0.0113530324723, 0.0450969844679, 0.900073966111, 0.299854225768, 0.129789286578, 0.00912662642385, 0.113969120497, 0.182006646451, 0.0525933994681, 0.234810172955, 0.114859235746, 0.0633958750988, 0.0742435530562, 0.0920648857875, 0.181366715854, 0.55935446455, 0.503813525521, 1.81828106199
0.721804414985, 0.131083518965, 0.308881635041, 0.034904717459, 0.293111378302, 0.217248269471, 0.105168019832, 0.0557594667872, 0.317712917129, 0.220761848798, 0.00562024505747, 0.0192998463933, 0.217040228973, 0.565570801001, 0.498451900923, 0.0372633076967, 0.105720647796, 0.0384877306005, 0.971491665308, 0.824832102837, 0.357904351941, 0.0120589967313, 0.181031413906, 0.443607432158, 0.0483135787126, 0.00229542422041, 0.112799310941, 0.268817525056, 0.255105367904, 0.33296299203, 0.721804414985, 1.65524009586
0.51931332705, 0.764972994439, 0.228931564765, 0.258437098202, 0.367821437117, 0.0698499678407, 0.0983789526286, 0.325670712034, 0.00145052670492, 0.597049311234, 0.000891960786817, 0.205733264641, 0.0155085426498, 0.000151833092457, 0.949451630923, 0.690661037661, 0.15810369762, 0.229800800833, 0.194549419172, 0.0928565479752, 0.154440439551, 0.0115727635376, 0.181031413906, 0.000737576994608, 0.0280454566009, 0.174290696509, 0.349561981957, 0.0307380191855, 0.0155372756043, 0.104130240845, 0.51931332705, 1.71644590755
0.503813525521, 0.345761920371, 0.123541451408, 0.034904717459, 0.233637678342, 0.217248269471, 0.762748628689, 0.326578682242, 0.358133382852, 0.768131757931, 0.0568713078641, 0.0685092307277, 0.250893928685, 0.0265387189848, 0.0113530324723, 0.0450969844679, 0.900073966111, 0.299854225768, 0.129789286578, 0.00912662642385, 0.113969120497, 0.182006646451, 0.0525933994681, 0.234810172955, 0.114859235746, 0.0633958750988, 0.0742435530562, 0.0920648857875, 0.181366715854, 0.55935446455, 0.503813525521, 1.81828106199
0.721804414985, 0.131083518965, 0.308881635041, 0.034904717459, 0.293111378302, 0.217248269471, 0.105168019832, 0.0557594667872, 0.317712917129, 0.220761848798, 0.00562024505747, 0.0192998463933, 0.217040228973, 0.565570801001, 0.498451900923, 0.0372633076967, 0.105720647796, 0.0384877306005, 0.971491665308, 0.824832102837, 0.357904351941, 0.0120589967313, 0.181031413906, 0.443607432158, 0.0483135787126, 0.00229542422041, 0.112799310941, 0.268817525056, 0.255105367904, 0.33296299203, 0.721804414985, 1.65524009586
0.51931332705, 0.764972994439, 0.228931564765, 0.258437098202, 0.367821437117, 0.0698499678407, 0.0983789526286, 0.325670712034, 0.00145052670492, 0.597049311234, 0.000891960786817, 0.205733264641, 0.0155085426498, 0.000151833092457, 0.949451630923, 0.690661037661, 0.15810369762, 0.229800800833, 0.194549419172, 0.0928565479752, 0.154440439551, 0.0115727635376, 0.181031413906, 0.000737576994608, 0.0280454566009, 0.174290696509, 0.349561981957, 0.0307380191855, 0.0155372756043, 0.104130240845, 0.51931332705, 1.71644590755
0.34123000062, 0.463549448302, 0.0463458078024, 0.356614324996, 0.151770447264, 0.0555450260398, 0.0222832354502, 0.0304293629431, 0.387480445436, 0.202281286657, 0.0317258770578, 0.855654392476, 0.0461789814447, 0.335540685031, 0.264008296388, 0.0376404359228, 0.328308756634, 0.0124784845352, 0.568578314619, 0.201963737607, 0.105371602077, 0.786796438459, 0.107116750937, 0.180641890675, 0.0320986618737, 0.0926054228829, 0.0923850587382, 0.442093673848, 0.198663975098, 0.00629292423127, 0.34123000062, 1.9877081341
0.23140297726, 0.988499383965, 0.469503864698, 0.356614324996, 0.54762297327, 0.0555450260398, 0.0222832354502, 0.113186464343, 0.387480445436, 0.0378096007141, 0.0317258770578, 0.177743220217, 0.0428339360891, 0.335540685031, 0.00545781429547, 0.0376404359228, 0.108770832747, 0.0531958415151, 0.568578314619, 0.201963737607, 0.000467330679434, 0.786796438459, 0.107116750937, 0.180641890675, 0.0100809366547, 0.133429875642, 0.0923850587382, 0.219943308141, 0.541444396139, 0.00629292423127, 0.23140297726, 2.21391824302
0.34123000062, 0.463549448302, 0.0463458078024, 0.356614324996, 0.151770447264, 0.0555450260398, 0.0222832354502, 0.0304293629431, 0.387480445436, 0.202281286657, 0.0317258770578, 0.855654392476, 0.0461789814447, 0.335540685031, 0.264008296388, 0.0376404359228, 0.328308756634, 0.0124784845352, 0.568578314619, 0.201963737607, 0.105371602077, 0.786796438459, 0.107116750937, 0.180641890675, 0.0320986618737, 0.0926054228829, 0.0923850587382, 0.442093673848, 0.198663975098, 0.00629292423127, 0.34123000062, 1.9877081341
0.23140297726, 0.988499383965, 0.469503864698, 0.356614324996, 0.54762297327, 0.0555450260398, 0.0222832354502, 0.113186464343, 0.387480445436, 0.0378096007141, 0.0317258770578, 0.177743220217, 0.0428339360891, 0.335540685031, 0.00545781429547, 0.0376404359228, 0.108770832747, 0.0531958415151, 0.568578314619, 0.201963737607, 0.000467330679434, 0.786796438459, 0.107116750937, 0.180641890675, 0.0100809366547, 0.133429875642, 0.0923850587382, 0.219943308141, 0.541444396139, 0.00629292423127, 0.23140297726, 2.21391824302
3.67421013221e-05, 0.555165726029, 0.814163788772, 0.289833590388, 0.0554524299034, 0.159612002638, 0.0229630172681, 0.0134654520033, 0.11789823058, 0.202281286657, 0.00562024505747, 0.728900409569, 0.415179466868, 0.000175471437748, 0.792412120212, 0.100653511936, 0.625065015193, 0.349636520512, 0.742212134353, 0.740758303022, 0.154440439551, 0.00359191684594, 0.16938456337, 0.0206195039391, 0.454457828747, 0.00389290158338, 0.160427754225, 0.0135538542068, 0.0180427959176, 0.101360059675, 3.67421013221e-05, 3.41915200275
0.0105270710324, 0.0048574805399, 0.150406184603, 0.0408586011311, 0.21672493686, 0.0101291422055, 0.0343217072257, 0.4458339011, 0.0393273666983, 0.201839912437, 0.0875277885454, 0.996412046286, 0.0338167298138, 0.199369531088, 0.00191956931886, 0.0220117657632, 0.777726131817, 0.0629499565337, 0.422869206041, 0.37457026931, 0.0338116870269, 0.547588916979, 0.288188893518, 0.75946057382, 0.194173588197, 0.0847827091463, 0.222631307333, 0.342039250113, 0.00261748984413, 0.204806741388, 0.0105270710324, 2.93047177882
3.67421013221e-05, 0.555165726029, 0.814163788772, 0.289833590388, 0.0554524299034, 0.159612002638, 0.0229630172681, 0.0134654520033, 0.11789823058, 0.202281286657, 0.00562024505747, 0.728900409569, 0.415179466868, 0.000175471437748, 0.792412120212, 0.100653511936, 0.625065015193, 0.349636520512, 0.742212134353, 0.740758303022, 0.154440439551, 0.00359191684594, 0.16938456337, 0.0206195039391, 0.454457828747, 0.00389290158338, 0.160427754225, 0.0135538542068, 0.0180427959176, 0.101360059675, 3.67421013221e-05, 3.41915200275
0.0105270710324, 0.0048574805399, 0.150406184603, 0.0408586011311, 0.21672493686, 0.0101291422055, 0.0343217072257, 0.4458339011, 0.0393273666983, 0.201839912437, 0.0875277885454, 0.996412046286, 0.0338167298138, 0.199369531088, 0.00191956931886, 0.0220117657632, 0.777726131817, 0.0629499565337, 0.422869206041, 0.37457026931, 0.0338116870269, 0.547588916979, 0.288188893518, 0.75946057382, 0.194173588197, 0.0847827091463, 0.222631307333, 0.342039250113, 0.00261748984413, 0.204806741388, 0.0105270710324, 2.93047177882
0.888416968657, 0.114665519568, 0.591546718537, 0.0128776175008, 0.0381020297445, 0.00756895001929, 0.147706814392, 0.0116866253201, 0.409069112719, 0.23618098161, 0.41462455538, 0.995658679311, 0.263127946843, 0.199369531088, 0.145409971786, 0.0348797809091, 0.299005106711, 0.0279297279277, 0.528784557453, 0.37457026931, 0.105371602077, 0.462245110288, 0.174407300592, 0.656682620571, 0.570889632975, 0.0847827091463, 0.222631307333, 0.0242872431159, 0.0196304916302, 0.0459221845041, 0.888416968657, 1.54381510352
8.99721220238e-06, 0.646501427839, 0.150406184603, 0.481734981515, 0.861336357618, 0.939157772151, 0.587905869864, 0.00524556030297, 0.0609169550692, 0.354074286748, 0.476693691305, 0.945527758259, 0.417991865192, 0.534833764471, 0.537684302428, 0.996960206204, 0.471438154801, 0.894136395608, 0.872851401756, 0.200399254638, 0.148169440439, 0.418997837714, 0.523396233567, 0.352558418362, 0.646804566857, 0.21286479547, 0.927518934804, 0.639227258424, 0.745019083985, 0.172064430694, 8.99721220238e-06, 5.71702196108
0.79731318295, 0.114665519568, 0.591546718537, 0.1916115858, 0.0381020297445, 0.0288791057089, 0.147706814392, 0.0116866253201, 0.409069112719, 0.23618098161, 0.41462455538, 0.995658679311, 0.263127946843, 0.199369531088, 0.172920415265, 0.0348797809091, 0.299005106711, 0.0629499565337, 0.34321724641, 0.37457026931, 0.0938169312029, 0.0724537013917, 0.088760749736, 0.656682620571, 0.673058094383, 0.0789076080446, 0.216176670927, 0.0242872431159, 0.0196304916302, 0.0459221845041, 0.79731318295, 1.55864310444
0.888416968657, 0.114665519568, 0.591546718537, 0.0128776175008, 0.0381020297445, 0.00756895001929, 0.147706814392, 0.0116866253201, 0.409069112719, 0.23618098161, 0.41462455538, 0.995658679311, 0.263127946843, 0.199369531088, 0.145409971786, 0.0348797809091, 0.299005106711, 0.0279297279277, 0.528784557453, 0.37457026931, 0.105371602077, 0.462245110288, 0.174407300592, 0.656682620571, 0.570889632975, 0.0847827091463, 0.222631307333, 0.0242872431159, 0.0196304916302, 0.0459221845041, 0.888416968657, 1.54381510352
8.99721220238e-06, 0.646501427839, 0.150406184603, 0.481734981515, 0.861336357618, 0.939157772151, 0.587905869864, 0.00524556030297, 0.0609169550692, 0.354074286748, 0.476693691305, 0.945527758259, 0.417991865192, 0.534833764471, 0.537684302428, 0.996960206204, 0.471438154801, 0.894136395608, 0.872851401756, 0.200399254638, 0.148169440439, 0.418997837714, 0.523396233567, 0.352558418362, 0.646804566857, 0.21286479547, 0.927518934804, 0.639227258424, 0.745019083985, 0.172064430694, 8.99721220238e-06, 5.71702196108
0.79731318295, 0.114665519568, 0.591546718537, 0.1916115858, 0.0381020297445, 0.0288791057089, 0.147706814392, 0.0116866253201, 0.409069112719, 0.23618098161, 0.41462455538, 0.995658679311, 0.263127946843, 0.199369531088, 0.172920415265, 0.0348797809091, 0.299005106711, 0.0629499565337, 0.34321724641, 0.37457026931, 0.0938169312029, 0.0724537013917, 0.088760749736, 0.656682620571, 0.673058094383, 0.0789076080446, 0.216176670927, 0.0242872431159, 0.0196304916302, 0.0459221845041, 0.79731318295, 1.55864310444
0.23140297726, 0.988499383965, 0.218612616621, 0.356614324996, 0.54762297327, 0.0555450260398, 0.0222832354502, 0.113186464343, 0.387480445436, 0.213163344809, 0.0317258770578, 0.177743220217, 0.0428339360891, 0.401578894463, 0.00545781429547, 0.0376404359228, 0.108770832747, 0.0531958415151, 0.568578314619, 0.201963737607, 0.0568164773091, 0.786796438459, 0.165155995098, 0.180641890675, 0.0100809366547, 0.133429875642, 0.0923850587382, 0.219943308141, 0.541444396139, 0.00629292423127, 0.23140297726, 2.24200221882
0.494984137054, 0.0414286457101, 0.0463458078024, 0.356614324996, 0.151770447264, 0.04999690885, 0.0222832354502, 0.0304293629431, 0.387480445436, 0.202281286657, 0.04565174037, 0.692748361008, 0.0461789814447, 0.617526139137, 0.264008296388, 0.0376404359228, 0.173457942252, 0.0817498441406, 0.568578314619, 0.201963737607, 0.105371602077, 0.786796438459, 0.0906121215669, 0.17333364224, 0.0320986618737, 0.0847827091463, 0.0923850587382, 0.927962628826, 0.541387196329, 0.00629292423127, 0.494984137054, 1.88425275291
0.35071622675, 0.105695143873, 0.0717575881568, 0.00920549785932, 0.0429458555196, 0.092583464769, 0.147706814392, 0.0558697729074, 0.387480445436, 0.287307140902, 0.0599710432378, 0.951141665497, 0.947791342996, 0.162651703717, 0.452031315171, 0.0348797809091, 0.017610781658, 0.0759541420133, 0.286563091896, 0.37457026931, 0.0260862068333, 0.12829335048, 0.535031643012, 0.388171623069, 0.0724565423984, 0.0847827091463, 0.222631307333, 0.102445060187, 0.0196304916302, 0.000561971039881, 0.35071622675, 1.89703243645
0.198214899878, 0.312742743904, 0.178525498789, 0.0318883114959, 0.126806698463, 0.521985173848, 0.274049438104, 0.618691905393, 0.00290462150617, 0.39330962674, 0.349201679823, 0.0242478380521, 0.299691154397, 0.265611999836, 0.854453045732, 0.964400268996, 0.217990709483, 0.014039402461, 0.00310966291733, 0.00159114321602, 0.0506762752129, 0.0115727635376, 0.00629785150995, 0.407195499012, 0.00978868943818, 0.00665265069728, 0.319258963033, 0.0307380191855, 0.0520094485172, 0.548760584257, 0.198214899878, 2.35179532461
0.23140297726, 0.988499383965, 0.218612616621, 0.356614324996, 0.54762297327, 0.0555450260398, 0.0222832354502, 0.113186464343, 0.387480445436, 0.213163344809, 0.0317258770578, 0.177743220217, 0.0428339360891, 0.401578894463, 0.00545781429547, 0.0376404359228, 0.108770832747, 0.0531958415151, 0.568578314619, 0.201963737607, 0.0568164773091, 0.786796438459, 0.165155995098, 0.180641890675, 0.0100809366547, 0.133429875642, 0.0923850587382, 0.219943308141, 0.541444396139, 0.00629292423127, 0.23140297726, 2.24200221882
0.494984137054, 0.0414286457101, 0.0463458078024, 0.356614324996, 0.151770447264, 0.04999690885, 0.0222832354502, 0.0304293629431, 0.387480445436, 0.202281286657, 0.04565174037, 0.692748361008, 0.0461789814447, 0.617526139137, 0.264008296388, 0.0376404359228, 0.173457942252, 0.0817498441406, 0.568578314619, 0.201963737607, 0.105371602077, 0.786796438459, 0.0906121215669, 0.17333364224, 0.0320986618737, 0.0847827091463, 0.0923850587382, 0.927962628826, 0.541387196329, 0.00629292423127, 0.494984137054, 1.88425275291
0.35071622675, 0.105695143873, 0.0717575881568, 0.00920549785932, 0.0429458555196, 0.092583464769, 0.147706814392, 0.0558697729074, 0.387480445436, 0.287307140902, 0.0599710432378, 0.951141665497, 0.947791342996, 0.162651703717, 0.452031315171, 0.0348797809091, 0.017610781658, 0.0759541420133, 0.286563091896, 0.37457026931, 0.0260862068333, 0.12829335048, 0.535031643012, 0.388171623069, 0.0724565423984, 0.0847827091463, 0.222631307333, 0.102445060187, 0.0196304916302, 0.000561971039881, 0.35071622675, 1.89703243645
0.198214899878, 0.312742743904, 0.178525498789, 0.0318883114959, 0.126806698463, 0.521985173848, 0.274049438104, 0.618691905393, 0.00290462150617, 0.39330962674, 0.349201679823, 0.0242478380521, 0.299691154397, 0.265611999836, 0.854453045732, 0.964400268996, 0.217990709483, 0.014039402461, 0.00310966291733, 0.00159114321602, 0.0506762752129, 0.0115727635376, 0.00629785150995, 0.407195499012, 0.00978868943818, 0.00665265069728, 0.319258963033, 0.0307380191855, 0.0520094485172, 0.548760584257, 0.198214899878, 2.35179532461
0.34123000062, 0.0595231856943, 0.0463458078024, 0.356614324996, 0.233637678342, 0.0555450260398, 0.762748628689, 0.0304293629431, 0.387480445436, 0.202281286657, 0.0317258770578, 0.581338959904, 0.0461789814447, 0.335540685031, 0.0600654752664, 0.0376404359228, 0.328308756634, 0.0124784845352, 0.568578314619, 0.201963737607, 0.105371602077, 0.786796438459, 0.107116750937, 0.180641890675, 0.0320986618737, 0.0737306789438, 0.566082540079, 0.442093673848, 0.166493702909, 0.00629292423127, 0.34123000062, 2.08146196373
0.79731318295, 0.114665519568, 0.814163788772, 0.0408586011311, 0.126806698463, 0.00756895001929, 0.897454180153, 0.0558697729074, 0.387480445436, 0.287307140902, 0.0417918403611, 0.996222368592, 0.0197458804976, 0.309766594629, 0.172920415265, 0.171549291478, 0.260784852024, 0.0759541420133, 0.975663388266, 0.0320533139633, 0.00895422083883, 0.178369763722, 0.0947027767529, 0.0832136112273, 0.0724565423984, 0.127906311196, 0.222631307333, 0.274138244571, 0.0196304916302, 0.0459221845041, 0.79731318295, 1.56261010305
0.34123000062, 0.0595231856943, 0.0463458078024, 0.356614324996, 0.233637678342, 0.0555450260398, 0.762748628689, 0.0304293629431, 0.387480445436, 0.202281286657, 0.0317258770578, 0.581338959904, 0.0461789814447, 0.335540685031, 0.0600654752664, 0.0376404359228, 0.328308756634, 0.0124784845352, 0.568578314619, 0.201963737607, 0.105371602077, 0.786796438459, 0.107116750937, 0.180641890675, 0.0320986618737, 0.0737306789438, 0.566082540079, 0.442093673848, 0.166493702909, 0.00629292423127, 0.34123000062, 2.08146196373
0.79731318295, 0.114665519568, 0.814163788772, 0.0408586011311, 0.126806698463, 0.00756895001929, 0.897454180153, 0.0558697729074, 0.387480445436, 0.287307140902, 0.0417918403611, 0.996222368592, 0.0197458804976, 0.309766594629, 0.172920415265, 0.171549291478, 0.260784852024, 0.0759541420133, 0.975663388266, 0.0320533139633, 0.00895422083883, 0.178369763722, 0.0947027767529, 0.0832136112273, 0.0724565423984, 0.127906311196, 0.222631307333, 0.274138244571, 0.0196304916302, 0.0459221845041, 0.79731318295, 1.56261010305
0.766054875012, 0.131083518965, 0.308881635041, 0.034904717459, 0.144349237764, 0.137484244418, 0.105168019832, 0.0557594667872, 0.317712917129, 0.220761848798, 0.00562024505747, 0.0192998463933, 0.249450838335, 0.565570801001, 0.498451900923, 0.181623509314, 0.105720647796, 0.0384877306005, 0.971491665308, 0.824832102837, 0.357904351941, 0.0304018906937, 0.181031413906, 0.443607432158, 0.0483135787126, 0.129661888408, 0.183723588967, 0.268817525056, 0.108017721397, 0.550525168223, 0.766054875012, 1.66476500535
0.888416968657, 0.114665519568, 0.591546718537, 0.0128776175008, 0.0381020297445, 0.00756895001929, 0.147706814392, 0.0116866253201, 0.409069112719, 0.23618098161, 0.41462455538, 0.995658679311, 0.263127946843, 0.199369531088, 0.0645048842945, 0.0348797809091, 0.900073966111, 0.0279297279277, 0.528784557453, 0.37457026931, 0.0419997768222, 0.0724537013917, 0.174407300592, 0.692599465695, 0.570889632975, 0.0633958750988, 0.222631307333, 0.0242872431159, 0.0196304916302, 0.0459221845041, 0.888416968657, 1.56250638076
0.766054875012, 0.131083518965, 0.308881635041, 0.034904717459, 0.144349237764, 0.137484244418, 0.105168019832, 0.0557594667872, 0.317712917129, 0.220761848798, 0.00562024505747, 0.0192998463933, 0.249450838335, 0.565570801001, 0.498451900923, 0.181623509314, 0.105720647796, 0.0384877306005, 0.971491665308, 0.824832102837, 0.357904351941, 0.0304018906937, 0.181031413906, 0.443607432158, 0.0483135787126, 0.129661888408, 0.183723588967, 0.268817525056, 0.108017721397, 0.550525168223, 0.766054875012, 1.66476500535
0.888416968657, 0.114665519568, 0.591546718537, 0.0128776175008, 0.0381020297445, 0.00756895001929, 0.147706814392, 0.0116866253201, 0.409069112719, 0.23618098161, 0.41462455538, 0.995658679311, 0.263127946843, 0.199369531088, 0.0645048842945, 0.0348797809091, 0.900073966111, 0.0279297279277, 0.528784557453, 0.37457026931, 0.0419997768222, 0.0724537013917, 0.174407300592, 0.692599465695, 0.570889632975, 0.0633958750988, 0.222631307333, 0.0242872431159, 0.0196304916302, 0.0459221845041, 0.888416968657, 1.56250638076
0.00215007319871, 0.131083518965, 0.308881635041, 0.0375705210126, 0.18444585406, 0.0601307553131, 0.105168019832, 0.026912274343, 0.317712917129, 0.0360639375034, 0.713642414659, 0.863972756193, 0.0461789814447, 0.0616990254413, 0.869692940568, 0.0372633076967, 0.886912993102, 0.00969559768336, 0.632228034543, 0.824832102837, 0.357904351941, 0.0304018906937, 0.181031413906, 0.00353940784211, 0.0483135787126, 0.00324896724781, 0.00496420048642, 0.268817525056, 0.264334471693, 0.163785860564, 0.00215007319871, 3.23700516065
0.00215007319871, 0.131083518965, 0.308881635041, 0.0375705210126, 0.18444585406, 0.0601307553131, 0.105168019832, 0.026912274343, 0.317712917129, 0.0360639375034, 0.713642414659, 0.863972756193, 0.0461789814447, 0.0616990254413, 0.869692940568, 0.0372633076967, 0.886912993102, 0.00969559768336, 0.632228034543, 0.824832102837, 0.357904351941, 0.0304018906937, 0.181031413906, 0.00353940784211, 0.0483135787126, 0.00324896724781, 0.00496420048642, 0.268817525056, 0.264334471693, 0.163785860564, 0.00215007319871, 3.23700516065
2.18583449649e-05, 0.172689573758, 0.0509579112379, 0.481734981515, 0.861336357618, 0.732954282395, 0.587905869864, 0.00193641860966, 0.143848315932, 0.354074286748, 0.476693691305, 0.992683813983, 0.417991865192, 0.927746910514, 0.691144214076, 0.735361310064, 0.462285671878, 0.808984717454, 0.872851401756, 0.650419583505, 0.0532625007496, 0.161324126362, 0.702834343522, 0.0240629244157, 0.646804566857, 0.21286479547, 0.0742435530562, 0.00245563579665, 0.181366715854, 0.204806741388, 2.18583449649e-05, 4.92715067379
0.263203203567, 0.73997472521, 0.218612616621, 0.356614324996, 0.145873866837, 0.0555450260398, 0.0222832354502, 0.618691905393, 0.387480445436, 0.690367023489, 0.0317258770578, 0.555889592575, 0.0428339360891, 0.335540685031, 0.00545781429547, 0.0376404359228, 0.217990709483, 0.115716325123, 0.413036290638, 0.0813419910332, 0.0568164773091, 0.788153997843, 0.0140060374893, 0.180641890675, 0.0100809366547, 0.133429875642, 0.0923850587382, 0.219943308141, 0.541444396139, 0.00261261135494, 0.263203203567, 2.28843749753
2.18583449649e-05, 0.172689573758, 0.0509579112379, 0.481734981515, 0.861336357618, 0.732954282395, 0.587905869864, 0.00193641860966, 0.143848315932, 0.354074286748, 0.476693691305, 0.992683813983, 0.417991865192, 0.927746910514, 0.691144214076, 0.735361310064, 0.462285671878, 0.808984717454, 0.872851401756, 0.650419583505, 0.0532625007496, 0.161324126362, 0.702834343522, 0.0240629244157, 0.646804566857, 0.21286479547, 0.0742435530562, 0.00245563579665, 0.181366715854, 0.204806741388, 2.18583449649e-05, 4.92715067379
0.263203203567, 0.73997472521, 0.218612616621, 0.356614324996, 0.145873866837, 0.0555450260398, 0.0222832354502, 0.618691905393, 0.387480445436, 0.690367023489, 0.0317258770578, 0.555889592575, 0.0428339360891, 0.335540685031, 0.00545781429547, 0.0376404359228, 0.217990709483, 0.115716325123, 0.413036290638, 0.0813419910332, 0.0568164773091, 0.788153997843, 0.0140060374893, 0.180641890675, 0.0100809366547, 0.133429875642, 0.0923850587382, 0.219943308141, 0.541444396139, 0.00261261135494, 0.263203203567, 2.28843749753
0.498040116656, 0.131083518965, 0.308881635041, 0.00314597879018, 0.708137587199, 0.0010305949421, 0.105168019832, 0.0437018979875, 0.317712917129, 0.567604068064, 0.299708356959, 0.109796823707, 0.151290575736, 0.201329478767, 0.901334930387, 0.0372633076967, 0.0615417877227, 0.0384877306005, 0.392748025272, 0.824832102837, 0.357904351941, 0.0304018906937, 0.181031413906, 0.443607432158, 0.0483135787126, 0.148748209089, 0.0309121395512, 0.164241047678, 0.358089968379, 0.163785860564, 0.498040116656, 1.9482723109
3.67421013221e-05, 0.555165726029, 0.814163788772, 0.321047788605, 0.0554524299034, 0.159612002638, 0.0229630172681, 0.0134654520033, 0.113448599382, 0.370745096762, 0.00562024505747, 0.728900409569, 0.379084243733, 0.000175471437748, 0.792412120212, 0.100653511936, 0.625065015193, 0.349636520512, 0.578758470466, 0.256854631098, 0.525374555731, 0.158277954225, 0.16938456337, 0.0206195039391, 0.454457828747, 0.00389290158338, 0.208790205791, 0.0443217317545, 0.0180427959176, 0.101360059675, 3.67421013221e-05, 3.45525631612
