0.00300961385543, -3.43302707193, -1.23718158005, 1.19004690784, -4.03990173404, -3.1756728661, 0.457001548877, -4.23864893632, 0.125334603258, 1.6418475125, 0.00300961385543, 164.16968449
0.00300961385543, -3.43302707193, -1.23718158005, 1.19004690784, -4.03990173404, -3.1756728661, 0.457001548877, -4.23864893632, 0.125334603258, 1.6418475125, 0.00300961385543, 164.16968449
0.0126714747808, -0.925274168138, 3.45646816451, -3.15043934376, -2.40259925425, 0.337132142206, -2.32674794302, -2.92570829853, -3.95969737659, -3.88513507479, 0.0126714747808, 143.974158352
0.0126714747808, -0.925274168138, 3.45646816451, -3.15043934376, -2.40259925425, 0.337132142206, -2.32674794302, -2.92570829853, -3.95969737659, -3.88513507479, 0.0126714747808, 143.974158352
0.0126714747808, -0.925274168138, 3.45646816451, -3.15043934376, -2.40259925425, 0.337132142206, -2.32674794302, -2.92570829853, -3.95969737659, -3.88513507479, 0.0126714747808, 143.974158352
0.0126714747808, -0.925274168138, 3.45646816451, -3.15043934376, -2.40259925425, 0.337132142206, -2.32674794302, -2.92570829853, -3.95969737659, -3.88513507479, 0.0126714747808, 143.974158352
0.0154006626474, 1.60484815113, -0.144243674437, 1.58039198565, 0.660969460401, 0.917811556328, 4.99459004876, 1.36054176043, 3.41130118138, 3.58839623016, 0.0154006626474, 125.485738274
0.0154006626474, 1.60484815113, -0.144243674437, 1.58039198565, 0.660969460401, 0.917811556328, 4.99459004876, 1.36054176043, 3.41130118138, 3.58839623016, 0.0154006626474, 125.485738274
0.0277577001963, -0.536547027061, 4.17265670428, -0.46343961427, 3.5945022037, -1.49411991845, -0.497203012074, 1.35847992332, -2.27242064049, 3.51602353953, 0.0277577001963, 109.558799613
0.0277577001963, -0.536547027061, 4.17265670428, -0.46343961427, 3.5945022037, -1.49411991845, -0.497203012074, 1.35847992332, -2.27242064049, 3.51602353953, 0.0277577001963, 109.558799613
0.00128482704207, -1.40769894872, -4.05688369079, 0.345394444139, 3.14648139854, 4.26940789543, 1.33232101988, -0.619583054662, 4.80863763357, 0.82724816822, 0.00128482704207, 185.59549985
0.00128482704207, -1.40769894872, -4.05688369079, 0.345394444139, 3.14648139854, 4.26940789543, 1.33232101988, -0.619583054662, 4.80863763357, 0.82724816822, 0.00128482704207, 185.59549985
0.0397182562031, -0.109536537581, -4.35160775871, -0.141463405445, 1.04893868084, -3.54332555558, 3.43049576967, -1.51094002097, -0.105634820999, -0.950352522049, 0.0397182562031, 98.0345815277
0.0397182562031, -0.109536537581, -4.35160775871, -0.141463405445, 1.04893868084, -3.54332555558, 3.43049576967, -1.51094002097, -0.105634820999, -0.950352522049, 0.0397182562031, 98.0345815277
0.416536699282, 2.41320716744, 1.0899628613, 0.00834846330964, -3.04891194366, -3.37360626312, 2.03583090631, 1.8467174197, -1.96937203463, 2.5570711591, 0.416536699282, 87.5095409645
0.416536699282, 2.41320716744, 1.0899628613, 0.00834846330964, -3.04891194366, -3.37360626312, 2.03583090631, 1.8467174197, -1.96937203463, 2.5570711591, 0.416536699282, 87.5095409645
0.00621468496535, 4.31504656621, 1.26368501097, -1.55767131244, -3.0366765715, 3.2918522284, -4.54450007312, -3.51056960087, -3.06062466825, -3.59630629851, 0.00621468496535, 168.724280509
0.00621468496535, 4.31504656621, 1.26368501097, -1.55767131244, -3.0366765715, 3.2918522284, -4.54450007312, -3.51056960087, -3.06062466825, -3.59630629851, 0.00621468496535, 168.724280509
0.00300961385543, 0.072597919429, -1.23718158005, 1.19004690784, -4.03990173404, -3.1756728661, -1.71226711143, -4.23864893632, 0.125334603258, -1.87224539463, 0.00300961385543, 172.182092327
0.00300961385543, 0.072597919429, -1.23718158005, 1.19004690784, -4.03990173404, -3.1756728661, -1.71226711143, -4.23864893632, 0.125334603258, -1.87224539463, 0.00300961385543, 172.182092327
0.0126714747808, -0.925274168138, 0.561455628851, -3.15043934376, -2.40259925425, 4.43881001067, -3.83017153513, -3.29246940303, -3.95969737659, -1.3323920749, 0.0126714747808, 160.332084356
0.0126714747808, -0.925274168138, 0.561455628851, -3.15043934376, -2.40259925425, 4.43881001067, -3.83017153513, -3.29246940303, -3.95969737659, -1.3323920749, 0.0126714747808, 160.332084356
0.0171258220854, -4.51305292962, -2.98668760358, -1.10545056948, -0.217200479754, -3.06282485858, 2.71843192751, -2.07292112343, 2.26625420028, -2.56611092625, 0.0171258220854, 140.49328195
0.0171258220854, -4.51305292962, -2.98668760358, -1.10545056948, -0.217200479754, -3.06282485858, 2.71843192751, -2.07292112343, 2.26625420028, -2.56611092625, 0.0171258220854, 140.49328195
0.0236046052675, 2.07670792005, -1.66261054831, -3.80083507722, 2.3278089788, -0.427585021764, 0.95668634001, -0.837134036191, 2.13112848374, -2.57169116005, 0.0236046052675, 127.811027038
0.0236046052675, 2.07670792005, -1.66261054831, -3.80083507722, 2.3278089788, -0.427585021764, 0.95668634001, -0.837134036191, 2.13112848374, -2.57169116005, 0.0236046052675, 127.811027038
0.0373777093606, 0.125079050229, 0.627629949993, -2.46247439, 2.08111949802, 3.34677984374, -0.352491279486, 0.0873448928949, -2.04370788894, 2.23654199804, 0.0373777093606, 111.543121438
0.0373777093606, 0.125079050229, 0.627629949993, -2.46247439, 2.08111949802, 3.34677984374, -0.352491279486, 0.0873448928949, -2.04370788894, 2.23654199804, 0.0373777093606, 111.543121438
0.0277577001963, -0.536547027061, 4.44077847033, -0.46343961427, 3.5945022037, -1.49411991845, 3.90322709084, 1.35847992332, -2.27242064049, 3.51602353953, 0.0277577001963, 120.383428114
0.0277577001963, -0.536547027061, 4.44077847033, -0.46343961427, 3.5945022037, -1.49411991845, 3.90322709084, 1.35847992332, -2.27242064049, 3.51602353953, 0.0277577001963, 120.383428114
0.0277577001963, -0.536547027061, 4.44077847033, -0.46343961427, 3.5945022037, -1.49411991845, 3.90322709084, 1.35847992332, -2.27242064049, 3.51602353953, 0.0277577001963, 120.383428114
0.0277577001963, -0.536547027061, 4.44077847033, -0.46343961427, 3.5945022037, -1.49411991845, 3.90322709084, 1.35847992332, -2.27242064049, 3.51602353953, 0.0277577001963, 120.383428114
0.00128482704207, -1.40769894872, -4.6601944501, 0.345394444139, 3.14648139854, 4.26940789543, 1.33232101988, -1.32772808696, 4.80863763357, 0.82724816822, 0.00128482704207, 210.342870395
0.00128482704207, -1.40769894872, -4.6601944501, 0.345394444139, 3.14648139854, 4.26940789543, 1.33232101988, -1.32772808696, 4.80863763357, 0.82724816822, 0.00128482704207, 210.342870395
0.0397182562031, -0.109536537581, -4.35160775871, -2.82071666241, 1.04893868084, -3.54332555558, 3.43049576967, -1.51094002097, -0.105634820999, -0.950352522049, 0.0397182562031, 110.221479254
0.0397182562031, -0.109536537581, -4.35160775871, -2.82071666241, 1.04893868084, -3.54332555558, 3.43049576967, -1.51094002097, -0.105634820999, -0.950352522049, 0.0397182562031, 110.221479254
0.416536699282, 2.41320716744, 1.0899628613, 0.00834846330964, -3.04891194366, -3.37360626312, 2.03583090631, -2.63532838112, -1.96937203463, 2.5570711591, 0.416536699282, 88.8586813045
0.416536699282, 2.41320716744, 1.0899628613, 0.00834846330964, -3.04891194366, -3.37360626312, 2.03583090631, -2.63532838112, -1.96937203463, 2.5570711591, 0.416536699282, 88.8586813045
0.99508652733, -0.0670607723128, -3.50373372917, 1.95036445536, -0.0595350155357, -2.27156009219, -0.60446318104, 0.412442789715, -2.02689731928, -3.12554435152, 0.99508652733, 87.743411095
0.99508652733, -0.0670607723128, -3.50373372917, 1.95036445536, -0.0595350155357, -2.27156009219, -0.60446318104, 0.412442789715, -2.02689731928, -3.12554435152, 0.99508652733, 87.743411095
0.00300961385543, -2.77577232077, -2.1654016113, 1.19004690784, -4.03990173404, -3.1756728661, -1.71226711143, -4.21290287171, 0.125334603258, -1.87224539463, 0.00300961385543, 192.447606937
0.00300961385543, -2.77577232077, -2.1654016113, 1.19004690784, -4.03990173404, -3.1756728661, -1.71226711143, -4.21290287171, 0.125334603258, -1.87224539463, 0.00300961385543, 192.447606937
0.0135153304343, 3.94678951443, 3.09214096899, 2.73765402545, 1.99999487122, -4.51056049899, -3.81661702359, 1.74174643545, 3.39260998296, 1.4480390391, 0.0135153304343, 163.798092158
0.0135153304343, 3.94678951443, 3.09214096899, 2.73765402545, 1.99999487122, -4.51056049899, -3.81661702359, 1.74174643545, 3.39260998296, 1.4480390391, 0.0135153304343, 163.798092158
0.0373777093606, 0.125079050229, 0.381616483355, -2.25190214093, 2.08111949802, 3.34677984374, -0.406655895576, 0.0873448928949, -1.1292302592, 2.23654199804, 0.0373777093606, 127.582113416
0.0373777093606, 0.125079050229, 0.381616483355, -2.25190214093, 2.08111949802, 3.34677984374, -0.406655895576, 0.0873448928949, -1.1292302592, 2.23654199804, 0.0373777093606, 127.582113416
0.329062546859, 0.436163156091, 2.94393299731, 1.93300397909, 0.756028618697, -0.735803414478, -1.03164763475, 4.72182546818, -0.42997295364, -0.979855947253, 0.329062546859, 111.899548199
0.329062546859, 0.436163156091, 2.94393299731, 1.93300397909, 0.756028618697, -0.735803414478, -1.03164763475, 4.72182546818, -0.42997295364, -0.979855947253, 0.329062546859, 111.899548199
0.329062546859, 0.436163156091, 2.94393299731, 1.93300397909, 0.756028618697, -0.735803414478, -1.03164763475, 4.72182546818, -0.42997295364, -0.979855947253, 0.329062546859, 111.899548199
0.329062546859, 0.436163156091, 2.94393299731, 1.93300397909, 0.756028618697, -0.735803414478, -1.03164763475, 4.72182546818, -0.42997295364, -0.979855947253, 0.329062546859, 111.899548199
0.0458872734719, 0.931647374445, -1.34726568342, -1.9295589714, 1.08819216526, 1.10448644145, -0.533464142847, -3.49883066426, -4.8520133285, -3.59745714391, 0.0458872734719, 112.688588699
0.0458872734719, 0.931647374445, -1.34726568342, -1.9295589714, 1.08819216526, 1.10448644145, -0.533464142847, -3.49883066426, -4.8520133285, -3.59745714391, 0.0458872734719, 112.688588699
0.0397182562031, -0.109536537581, -4.35160775871, -0.141463405445, -1.5772600746, -3.54332555558, 3.43049576967, -1.51094002097, -0.105634820999, -3.15106424187, 0.0397182562031, 122.303403433
0.0397182562031, -0.109536537581, -4.35160775871, -0.141463405445, -1.5772600746, -3.54332555558, 3.43049576967, -1.51094002097, -0.105634820999, -3.15106424187, 0.0397182562031, 122.303403433
0.416536699282, 2.41320716744, 1.0899628613, 0.00834846330964, -4.25524901127, -3.37360626312, 2.03583090631, 1.46069713335, -1.96937203463, 2.5570711591, 0.416536699282, 100.907711753
0.416536699282, 2.41320716744, 1.0899628613, 0.00834846330964, -4.25524901127, -3.37360626312, 2.03583090631, 1.46069713335, -1.96937203463, 2.5570711591, 0.416536699282, 100.907711753
0.00300961385543, -2.77577232077, -1.23718158005, -3.30375454343, -4.03990173404, -3.1756728661, -1.71226711143, -4.21290287171, 0.125334603258, -1.87224539463, 0.00300961385543, 204.306914632
0.00300961385543, -2.77577232077, -1.23718158005, -3.30375454343, -4.03990173404, -3.1756728661, -1.71226711143, -4.21290287171, 0.125334603258, -1.87224539463, 0.00300961385543, 204.306914632
0.0171258220854, -4.51305292962, -2.98668760358, 4.91311203964, -3.00335691337, -3.06282485858, 2.71843192751, -1.26463442142, 2.26625420028, -2.56611092625, 0.0171258220854, 164.27383583
0.0171258220854, -4.51305292962, -2.98668760358, 4.91311203964, -3.00335691337, -3.06282485858, 2.71843192751, -1.26463442142, 2.26625420028, -2.56611092625, 0.0171258220854, 164.27383583
0.0373777093606, 0.125079050229, 0.381616483355, -2.25190214093, 2.08111949802, 3.34677984374, -0.352491279486, 0.0873448928949, -2.04370788894, 2.23654199804, 0.0373777093606, 128.046941795
0.0373777093606, 0.125079050229, 0.381616483355, -2.25190214093, 2.08111949802, 3.34677984374, -0.352491279486, 0.0873448928949, -2.04370788894, 2.23654199804, 0.0373777093606, 128.046941795
0.218605316166, -2.4852484516, -4.42603406241, 2.63915313946, 0.0212555607405, 1.1162160804, 1.16715955614, 2.41604439776, -0.201906997877, 1.59311537244, 0.218605316166, 114.416419866
0.218605316166, -2.4852484516, -4.42603406241, 2.63915313946, 0.0212555607405, 1.1162160804, 1.16715955614, 2.41604439776, -0.201906997877, 1.59311537244, 0.218605316166, 114.416419866
0.121722757693, 0.931647374445, -1.34726568342, -1.9295589714, 0.624052882716, 1.10448644145, -0.533464142847, -3.49883066426, -4.8520133285, -3.59745714391, 0.121722757693, 116.236978719
0.121722757693, 0.931647374445, -1.34726568342, -1.9295589714, 0.624052882716, 1.10448644145, -0.533464142847, -3.49883066426, -4.8520133285, -3.59745714391, 0.121722757693, 116.236978719
0.113501064351, 1.13457923506, 0.54128752243, -1.3813745177, -4.88017522968, -3.78361004819, -0.4332123411, 0.457250610084, 0.544239383082, -1.81499206582, 0.113501064351, 119.876040374
0.113501064351, 1.13457923506, 0.54128752243, -1.3813745177, -4.88017522968, -3.78361004819, -0.4332123411, 0.457250610084, 0.544239383082, -1.81499206582, 0.113501064351, 119.876040374
0.0397182562031, -0.109536537581, -4.35160775871, -0.141463405445, -0.153637406897, -3.54332555558, 3.43049576967, -1.51094002097, 2.3973849483, -3.48778760834, 0.0397182562031, 123.512239991
0.0397182562031, -0.109536537581, -4.35160775871, -0.141463405445, -0.153637406897, -3.54332555558, 3.43049576967, -1.51094002097, 2.3973849483, -3.48778760834, 0.0397182562031, 123.512239991
0.416536699282, 0.429485826962, 1.0899628613, 0.00834846330964, -4.25524901127, -3.37360626312, 1.36344373787, 1.46069713335, -1.96937203463, 2.5570711591, 0.416536699282, 101.727992674
0.416536699282, 0.429485826962, 1.0899628613, 0.00834846330964, -4.25524901127, -3.37360626312, 1.36344373787, 1.46069713335, -1.96937203463, 2.5570711591, 0.416536699282, 101.727992674
0.0171258220854, -4.51305292962, -2.98668760358, 4.92208771655, -0.217200479754, -3.06282485858, 2.71843192751, -2.07292112343, 2.26625420028, -4.25786644912, 0.0171258220854, 188.591041568
0.0171258220854, -4.51305292962, -2.98668760358, 4.92208771655, -0.217200479754, -3.06282485858, 2.71843192751, -2.07292112343, 2.26625420028, -4.25786644912, 0.0171258220854, 188.591041568
0.556353348677, -2.91828188358, -1.50354447812, -4.01643924255, -0.481607936009, 1.66367452409, 0.891502498882, 1.17395036457, 0.0674631023796, 1.75794726185, 0.556353348677, 103.203317255
0.556353348677, -2.91828188358, -1.50354447812, -4.01643924255, -0.481607936009, 1.66367452409, 0.891502498882, 1.17395036457, 0.0674631023796, 1.75794726185, 0.556353348677, 103.203317255
0.218605316166, -2.4852484516, -4.42603406241, 2.63915313946, 0.0212555607405, 1.1162160804, 1.16715955614, 2.41604439776, 2.34919693002, 1.59311537244, 0.218605316166, 114.851679038
0.477797600979, 0.508506577237, 2.54626797867, 1.32699890701, 2.34121016769, -1.05746611972, 0.118040196598, -0.929507257195, 3.07252132841, 4.28444595695, 0.477797600979, 114.51495732
0.554545246194, -0.948368671046, -1.57125402907, -4.99460943803, -3.50349224361, -1.47145389991, -0.726759600863, -0.207688860223, 1.00982360259, -2.28480479398, 0.554545246194, 114.342610787
0.0373777093606, -4.060715099, 0.381616483355, -2.25190214093, 4.65345305028, 3.34677984374, -0.352491279486, 0.0873448928949, -1.1292302592, 2.23654199804, 0.0373777093606, 169.5041646
0.0471525649756, 0.931647374445, -1.34726568342, -1.9295589714, 1.92877495641, 0.818533708571, -3.19914265028, -3.49883066426, -4.8520133285, -3.59745714391, 0.0471525649756, 149.051611011
0.0471525649756, 0.931647374445, -1.34726568342, -1.9295589714, 1.92877495641, 0.818533708571, -3.19914265028, -3.49883066426, -4.8520133285, -3.59745714391, 0.0471525649756, 149.051611011
0.0510347693849, 1.37713718146, -1.66261054831, -3.80083507722, 2.3278089788, -0.427585021764, 0.95668634001, -0.837134036191, 2.13112848374, -2.57169116005, 0.0510347693849, 130.829146691
0.031522171358, 3.94678951443, 3.09214096899, 2.73765402545, 1.99999487122, -4.51056049899, -4.78679636961, 1.74174643545, 3.39260998296, 1.4480390391, 0.031522171358, 174.398859429
0.113501064351, 1.13457923506, 0.955027731636, -1.3813745177, -4.88017522968, -3.78361004819, -0.4332123411, 0.457250610084, 0.544239383082, -1.81499206582, 0.113501064351, 120.733958889
0.0510553554542, 2.61456599771, -3.45744895049, 2.73511011673, -1.83801766408, 1.62473204947, -1.53223558705, 2.68098386933, 0.00634781846157, -1.3700525204, 0.0510553554542, 126.994780054
0.113501064351, 1.13457923506, 0.955027731636, -1.3813745177, -4.88017522968, -3.78361004819, -0.4332123411, 0.457250610084, 0.544239383082, -1.81499206582, 0.113501064351, 120.733958889
0.477797600979, 0.508506577237, 2.54626797867, 1.32699890701, 2.34121016769, -1.05746611972, 0.118040196598, -0.929507257195, 3.07252132841, 4.28444595695, 0.477797600979, 114.51495732
0.163896628251, -2.48635508837, 0.442263954187, -4.12440604011, -0.72559122137, 2.08949827783, -1.4269710986, -0.523258495326, -1.75805349202, -4.46943885397, 0.163896628251, 117.491203026
0.163896628251, -2.48635508837, 0.442263954187, -4.12440604011, -0.72559122137, 2.08949827783, -1.4269710986, -0.523258495326, -1.75805349202, -4.46943885397, 0.163896628251, 117.491203026
0.218605316166, -2.4852484516, -4.42603406241, 2.63915313946, 0.0212555607405, 1.1162160804, 1.16715955614, 2.41604439776, 2.34919693002, 1.59311537244, 0.218605316166, 114.851679038
0.031522171358, 3.94678951443, 3.09214096899, 2.73765402545, 1.99999487122, -4.51056049899, -4.78679636961, 1.74174643545, 3.39260998296, 1.4480390391, 0.031522171358, 174.398859429
0.0373777093606, -4.060715099, 0.381616483355, -2.25190214093, 4.65345305028, 3.34677984374, -0.352491279486, 0.0873448928949, -1.1292302592, 2.23654199804, 0.0373777093606, 169.5041646
0.0510553554542, 2.61456599771, -3.45744895049, 2.73511011673, -1.83801766408, 1.62473204947, -1.53223558705, 2.68098386933, 0.00634781846157, -1.3700525204, 0.0510553554542, 126.994780054
0.0510347693849, 1.37713718146, -1.66261054831, -3.80083507722, 2.3278089788, -0.427585021764, 0.95668634001, -0.837134036191, 2.13112848374, -2.57169116005, 0.0510347693849, 130.829146691
0.554545246194, -0.948368671046, -1.57125402907, -4.99460943803, -3.50349224361, -1.47145389991, -0.726759600863, -0.207688860223, 1.00982360259, -2.28480479398, 0.554545246194, 114.342610787
0.031522171358, 3.94678951443, 3.09214096899, 2.73765402545, 1.99999487122, -4.51056049899, -4.78679636961, 1.74174643545, 3.39260998296, 1.4480390391, 0.031522171358, 174.398859429
0.031522171358, 3.94678951443, 3.09214096899, 2.73765402545, 1.99999487122, -4.51056049899, -4.78679636961, 1.74174643545, 3.39260998296, 1.4480390391, 0.031522171358, 174.398859429
0.218605316166, -2.4852484516, -4.42603406241, 2.63915313946, 0.0212555607405, 1.1162160804, 1.16715955614, 2.41604439776, 2.34919693002, 1.59311537244, 0.218605316166, 114.851679038
0.218605316166, -2.4852484516, -4.42603406241, 2.63915313946, 0.0212555607405, 1.1162160804, 1.16715955614, 2.41604439776, 2.34919693002, 1.59311537244, 0.218605316166, 114.851679038
