0.352370970752, 0.122941306838, 0.0183866071392, 0.00653289802366, 0.0748438594837, 0.39135561182, 0.200704387617, 0.144312566097, 0.0897523894945, 0.00414558225472, 0.999541661781, 6.1041377224
0.352370970752, 0.122941306838, 0.0183866071392, 0.00653289802366, 0.0748438594837, 0.39135561182, 0.200704387617, 0.144312566097, 0.0897523894945, 0.00414558225472, 0.999541661781, 6.1041377224
0.0975384948832, 0.114741464599, 0.0385709279216, 0.019714877832, 0.153200493274, 0.281827598862, 0.0853186571466, 0.174627753828, 0.009471931578, 0.206061082235, 0.455486316165, 6.26850074701
0.0975384948832, 0.114741464599, 0.0385709279216, 0.019714877832, 0.153200493274, 0.281827598862, 0.0853186571466, 0.174627753828, 0.009471931578, 0.206061082235, 0.455486316165, 6.26850074701
0.0813371992938, 0.152470007371, 0.0709973896109, 0.0213906927876, 0.00141386182451, 0.0047150693318, 0.795188551091, 0.000560610053266, 0.0891596535881, 0.147396386627, 0.280786483038, 6.51841291625
0.0813371992938, 0.152470007371, 0.0709973896109, 0.0213906927876, 0.00141386182451, 0.0047150693318, 0.795188551091, 0.000560610053266, 0.0891596535881, 0.147396386627, 0.280786483038, 6.51841291625
0.578172485522, 0.261828994306, 0.00473529821459, 0.163717990909, 0.053038027457, 0.113192268868, 0.183977930352, 0.253577744251, 0.0471442106508, 0.0877709638335, 0.903780654679, 6.27541910748
0.578172485522, 0.261828994306, 0.00473529821459, 0.163717990909, 0.053038027457, 0.113192268868, 0.183977930352, 0.253577744251, 0.0471442106508, 0.0877709638335, 0.903780654679, 6.27541910748
0.257329513876, 0.0539524883978, 0.00473529821459, 0.163717990909, 0.053038027457, 0.0223952806686, 0.310132513048, 0.253577744251, 0.203113385398, 0.0877709638335, 0.662693789289, 6.31496842954
0.257329513876, 0.0539524883978, 0.00473529821459, 0.163717990909, 0.053038027457, 0.0223952806686, 0.310132513048, 0.253577744251, 0.203113385398, 0.0877709638335, 0.662693789289, 6.31496842954
0.0975384948832, 0.114741464599, 0.116438550642, 0.0269445591044, 0.389898629448, 0.106223081065, 0.144419993081, 0.040354948122, 0.009471931578, 0.206061082235, 0.455486316165, 6.3537504005
0.0975384948832, 0.114741464599, 0.116438550642, 0.0269445591044, 0.389898629448, 0.106223081065, 0.144419993081, 0.040354948122, 0.009471931578, 0.206061082235, 0.455486316165, 6.3537504005
0.413719840545, 0.122941306838, 0.0183866071392, 0.00653289802366, 0.0748438594837, 0.39135561182, 0.200704387617, 0.144312566097, 0.0897523894945, 0.102168576845, 0.810646628952, 6.27911729152
0.413719840545, 0.122941306838, 0.0183866071392, 0.00653289802366, 0.0748438594837, 0.39135561182, 0.200704387617, 0.144312566097, 0.0897523894945, 0.102168576845, 0.810646628952, 6.27911729152
0.0800243463215, 0.59494450477, 0.535153759069, 0.0153604052896, 0.135707231673, 0.288054103567, 0.0448249397049, 0.0174251901154, 0.0291380242632, 0.501604719937, 0.282352020938, 7.2900372087
0.0800243463215, 0.59494450477, 0.535153759069, 0.0153604052896, 0.135707231673, 0.288054103567, 0.0448249397049, 0.0174251901154, 0.0291380242632, 0.501604719937, 0.282352020938, 7.2900372087
0.0865956637504, 0.208754715824, 0.0709973896109, 0.0213906927876, 0.00141386182451, 0.0047150693318, 0.795188551091, 0.000560610053266, 0.0891596535881, 0.142123404526, 0.30074105591, 6.57090927211
0.0865956637504, 0.208754715824, 0.0709973896109, 0.0213906927876, 0.00141386182451, 0.0047150693318, 0.795188551091, 0.000560610053266, 0.0891596535881, 0.142123404526, 0.30074105591, 6.57090927211
0.0975384948832, 0.114741464599, 0.116438550642, 0.0269445591044, 0.153200493274, 0.106223081065, 0.144419993081, 0.174627753828, 0.009471931578, 0.407199075489, 0.455486316165, 6.46591989464
0.0975384948832, 0.114741464599, 0.116438550642, 0.0269445591044, 0.153200493274, 0.106223081065, 0.144419993081, 0.174627753828, 0.009471931578, 0.407199075489, 0.455486316165, 6.46591989464
0.0975384948832, 0.114741464599, 0.116438550642, 0.0269445591044, 0.153200493274, 0.106223081065, 0.144419993081, 0.174627753828, 0.009471931578, 0.407199075489, 0.455486316165, 6.46591989464
0.0975384948832, 0.114741464599, 0.116438550642, 0.0269445591044, 0.153200493274, 0.106223081065, 0.144419993081, 0.174627753828, 0.009471931578, 0.407199075489, 0.455486316165, 6.46591989464
0.413719840545, 0.122941306838, 0.0183866071392, 0.120500537277, 0.0748438594837, 0.0716911680198, 0.226661727513, 0.144312566097, 0.360977013537, 0.102168576845, 0.810646628952, 6.38466572526
0.413719840545, 0.122941306838, 0.0183866071392, 0.120500537277, 0.0748438594837, 0.0716911680198, 0.226661727513, 0.144312566097, 0.360977013537, 0.102168576845, 0.810646628952, 6.38466572526
0.0800243463215, 0.59494450477, 0.535153759069, 0.0153604052896, 0.0221036368621, 0.33607345215, 0.0448249397049, 0.246034493367, 0.0385225407874, 0.385907906844, 0.282352020938, 7.33101478782
0.0800243463215, 0.59494450477, 0.535153759069, 0.0153604052896, 0.0221036368621, 0.33607345215, 0.0448249397049, 0.246034493367, 0.0385225407874, 0.385907906844, 0.282352020938, 7.33101478782
0.0913345035214, 0.208754715824, 0.0709973896109, 0.0213906927876, 0.00141386182451, 0.0047150693318, 0.795188551091, 0.000560610053266, 0.0891596535881, 0.147396386627, 0.351982096215, 6.57135485172
0.0913345035214, 0.208754715824, 0.0709973896109, 0.0213906927876, 0.00141386182451, 0.0047150693318, 0.795188551091, 0.000560610053266, 0.0891596535881, 0.147396386627, 0.351982096215, 6.57135485172
0.0878085175415, 0.0310903032346, 0.130180750805, 0.0397453714679, 0.153200493274, 0.281827598862, 0.285424066428, 4.99004372058e-05, 0.648888084019, 0.00611795968679, 0.311063967027, 6.80828472504
0.0878085175415, 0.0310903032346, 0.130180750805, 0.0397453714679, 0.153200493274, 0.281827598862, 0.285424066428, 4.99004372058e-05, 0.648888084019, 0.00611795968679, 0.311063967027, 6.80828472504
0.0975384948832, 0.114741464599, 0.116438550642, 0.0269445591044, 0.389898629448, 0.106223081065, 0.144419993081, 0.174627753828, 0.009471931578, 0.206061082235, 0.455486316165, 6.50469911044
0.0975384948832, 0.114741464599, 0.116438550642, 0.0269445591044, 0.389898629448, 0.106223081065, 0.144419993081, 0.174627753828, 0.009471931578, 0.206061082235, 0.455486316165, 6.50469911044
0.578172485522, 0.261828994306, 0.00473529821459, 0.163717990909, 0.053038027457, 0.0223952806686, 0.310132513048, 0.253577744251, 0.203113385398, 0.0877709638335, 0.903780654679, 6.48811800181
0.578172485522, 0.261828994306, 0.00473529821459, 0.163717990909, 0.053038027457, 0.0223952806686, 0.310132513048, 0.253577744251, 0.203113385398, 0.0877709638335, 0.903780654679, 6.48811800181
0.0800243463215, 0.0180556196861, 0.0486391657934, 0.425106605102, 0.0458696198371, 0.514322731518, 0.224901783645, 0.566928318369, 0.0209559935841, 0.385907906844, 0.282352020938, 7.35362194122
0.0800243463215, 0.0180556196861, 0.0486391657934, 0.425106605102, 0.0458696198371, 0.514322731518, 0.224901783645, 0.566928318369, 0.0209559935841, 0.385907906844, 0.282352020938, 7.35362194122
0.0913345035214, 0.208754715824, 0.20266734053, 0.0213906927876, 0.00141386182451, 0.004126609975, 0.795188551091, 0.0602655220821, 0.0891596535881, 0.147396386627, 0.351982096215, 6.76109551254
0.0913345035214, 0.208754715824, 0.20266734053, 0.0213906927876, 0.00141386182451, 0.004126609975, 0.795188551091, 0.0602655220821, 0.0891596535881, 0.147396386627, 0.351982096215, 6.76109551254
0.0878085175415, 0.0642832162692, 0.130180750805, 0.0397453714679, 0.153200493274, 0.281827598862, 0.285424066428, 4.99004372058e-05, 0.648888084019, 0.00611795968679, 0.311063967027, 6.83875587785
0.0878085175415, 0.0642832162692, 0.130180750805, 0.0397453714679, 0.153200493274, 0.281827598862, 0.285424066428, 4.99004372058e-05, 0.648888084019, 0.00611795968679, 0.311063967027, 6.83875587785
0.0975384948832, 0.642707418066, 0.116438550642, 0.0397453714679, 0.0281517961415, 0.142935737558, 0.0859627900866, 4.99004372058e-05, 0.227252569262, 0.00611795968679, 0.455486316165, 6.5052764143
0.0975384948832, 0.642707418066, 0.116438550642, 0.0397453714679, 0.0281517961415, 0.142935737558, 0.0859627900866, 4.99004372058e-05, 0.227252569262, 0.00611795968679, 0.455486316165, 6.5052764143
0.80021796239, 0.129439130104, 0.0304761588702, 0.25517508436, 0.0503922633995, 0.00503024005144, 0.310132513048, 0.507598679597, 0.0160966099489, 0.0877709638335, 0.998376725396, 6.49415449861
0.80021796239, 0.129439130104, 0.0304761588702, 0.25517508436, 0.0503922633995, 0.00503024005144, 0.310132513048, 0.507598679597, 0.0160966099489, 0.0877709638335, 0.998376725396, 6.49415449861
0.0800243463215, 0.0180556196861, 0.131031710332, 0.425106605102, 0.0458696198371, 0.544917788132, 0.224901783645, 0.484868427074, 0.0209559935841, 0.385907906844, 0.282352020938, 7.37540623077
0.0800243463215, 0.0180556196861, 0.131031710332, 0.425106605102, 0.0458696198371, 0.544917788132, 0.224901783645, 0.484868427074, 0.0209559935841, 0.385907906844, 0.282352020938, 7.37540623077
0.0913345035214, 0.208754715824, 0.0709973896109, 0.00179548272187, 0.00141386182451, 0.0013529809657, 0.967906906539, 0.253379113836, 0.0891596535881, 0.105414687363, 0.351982096215, 6.91555379383
0.0913345035214, 0.208754715824, 0.0709973896109, 0.00179548272187, 0.00141386182451, 0.0013529809657, 0.967906906539, 0.253379113836, 0.0891596535881, 0.105414687363, 0.351982096215, 6.91555379383
0.0878085175415, 0.642707418066, 0.0774353110932, 0.0397453714679, 0.115116055619, 0.281827598862, 0.281403245513, 4.56190160375e-05, 0.648888084019, 0.00611795968679, 0.311063967027, 7.23678404042
0.0878085175415, 0.642707418066, 0.0774353110932, 0.0397453714679, 0.115116055619, 0.281827598862, 0.281403245513, 4.56190160375e-05, 0.648888084019, 0.00611795968679, 0.311063967027, 7.23678404042
0.0975384948832, 0.114741464599, 0.116438550642, 0.00608783889918, 0.153200493274, 0.281827598862, 0.0853186571466, 0.332463376505, 0.009471931578, 0.206061082235, 0.455486316165, 6.52272339566
0.0975384948832, 0.114741464599, 0.116438550642, 0.00608783889918, 0.153200493274, 0.281827598862, 0.0853186571466, 0.332463376505, 0.009471931578, 0.206061082235, 0.455486316165, 6.52272339566
0.0975384948832, 0.114741464599, 0.116438550642, 0.00608783889918, 0.153200493274, 0.281827598862, 0.0853186571466, 0.332463376505, 0.009471931578, 0.206061082235, 0.455486316165, 6.52272339566
0.0975384948832, 0.114741464599, 0.116438550642, 0.00608783889918, 0.153200493274, 0.281827598862, 0.0853186571466, 0.332463376505, 0.009471931578, 0.206061082235, 0.455486316165, 6.52272339566
0.0800243463215, 0.59494450477, 0.535153759069, 0.0153604052896, 0.135707231673, 0.33607345215, 0.00968045806044, 0.246034493367, 0.0291380242632, 0.385907906844, 0.282352020938, 7.37987578928
0.0800243463215, 0.59494450477, 0.535153759069, 0.0153604052896, 0.135707231673, 0.33607345215, 0.00968045806044, 0.246034493367, 0.0291380242632, 0.385907906844, 0.282352020938, 7.37987578928
0.0913345035214, 0.208754715824, 0.435665004096, 0.00179548272187, 0.00141386182451, 0.0047150693318, 0.581020891588, 0.253379113836, 0.0891596535881, 0.147396386627, 0.351982096215, 6.93567953866
0.0913345035214, 0.208754715824, 0.435665004096, 0.00179548272187, 0.00141386182451, 0.0047150693318, 0.581020891588, 0.253379113836, 0.0891596535881, 0.147396386627, 0.351982096215, 6.93567953866
0.0878085175415, 0.642707418066, 0.130180750805, 0.0397453714679, 0.153200493274, 0.281827598862, 0.281403245513, 4.99004372058e-05, 0.648888084019, 0.00611795968679, 0.311063967027, 7.30363265426
0.0878085175415, 0.642707418066, 0.130180750805, 0.0397453714679, 0.153200493274, 0.281827598862, 0.281403245513, 4.99004372058e-05, 0.648888084019, 0.00611795968679, 0.311063967027, 7.30363265426
0.0878085175415, 0.642707418066, 0.130180750805, 0.0397453714679, 0.153200493274, 0.281827598862, 0.281403245513, 4.99004372058e-05, 0.648888084019, 0.00611795968679, 0.311063967027, 7.30363265426
0.0878085175415, 0.642707418066, 0.130180750805, 0.0397453714679, 0.153200493274, 0.281827598862, 0.281403245513, 4.99004372058e-05, 0.648888084019, 0.00611795968679, 0.311063967027, 7.30363265426
0.413719840545, 0.122941306838, 0.0183866071392, 0.0365902255115, 0.0748438594837, 0.39135561182, 0.200704387617, 0.144312566097, 0.322732434877, 0.102168576845, 0.810646628952, 6.56768798416
0.413719840545, 0.122941306838, 0.0183866071392, 0.0365902255115, 0.0748438594837, 0.39135561182, 0.200704387617, 0.144312566097, 0.322732434877, 0.102168576845, 0.810646628952, 6.56768798416
0.0975384948832, 0.432725304475, 0.0385709279216, 0.019714877832, 0.153200493274, 0.281827598862, 0.0554467211435, 0.21547891214, 0.009471931578, 0.206061082235, 0.455486316165, 6.63359575899
0.0975384948832, 0.432725304475, 0.0385709279216, 0.019714877832, 0.153200493274, 0.281827598862, 0.0554467211435, 0.21547891214, 0.009471931578, 0.206061082235, 0.455486316165, 6.63359575899
0.0800243463215, 0.0180556196861, 0.0746808415967, 0.312216669971, 0.0458696198371, 0.676543265365, 0.224901783645, 0.558799739205, 0.0209559935841, 0.385907906844, 0.282352020938, 7.4007046781
0.0800243463215, 0.0180556196861, 0.0746808415967, 0.312216669971, 0.0458696198371, 0.676543265365, 0.224901783645, 0.558799739205, 0.0209559935841, 0.385907906844, 0.282352020938, 7.4007046781
0.0794505238571, 0.122941306838, 0.00314992242455, 0.557606491707, 0.273926702783, 0.00989624714583, 0.0486096206406, 0.108126979865, 0.875316830462, 0.311684169647, 0.283864908799, 7.39596278504
0.0794505238571, 0.122941306838, 0.00314992242455, 0.557606491707, 0.273926702783, 0.00989624714583, 0.0486096206406, 0.108126979865, 0.875316830462, 0.311684169647, 0.283864908799, 7.39596278504
0.0758602565419, 0.59494450477, 0.535153759069, 0.0153604052896, 0.135707231673, 0.288054103567, 0.0448249397049, 0.163550583706, 0.0287313566626, 0.501604719937, 0.304529783419, 7.39201064256
0.0758602565419, 0.59494450477, 0.535153759069, 0.0153604052896, 0.135707231673, 0.288054103567, 0.0448249397049, 0.163550583706, 0.0287313566626, 0.501604719937, 0.304529783419, 7.39201064256
0.0913345035214, 0.102640183356, 0.0709973896109, 0.0213906927876, 0.00122731552302, 0.0231840551467, 0.98383906477, 0.226253137656, 0.362175688386, 0.0933224396976, 0.351982096215, 7.07103816911
0.0913345035214, 0.102640183356, 0.0709973896109, 0.0213906927876, 0.00122731552302, 0.0231840551467, 0.98383906477, 0.226253137656, 0.362175688386, 0.0933224396976, 0.351982096215, 7.07103816911
0.0878085175415, 0.642707418066, 0.156306555461, 0.0397453714679, 0.153200493274, 0.281827598862, 0.281403245513, 1.8744660275e-05, 0.648888084019, 0.00611795968679, 0.311063967027, 7.32245013368
0.0878085175415, 0.642707418066, 0.156306555461, 0.0397453714679, 0.153200493274, 0.281827598862, 0.281403245513, 1.8744660275e-05, 0.648888084019, 0.00611795968679, 0.311063967027, 7.32245013368
0.413719840545, 0.122941306838, 0.0183866071392, 0.120500537277, 0.0748438594837, 0.246565341417, 0.226661727513, 0.144312566097, 0.360977013537, 0.102168576845, 0.810646628952, 6.57106210612
0.413719840545, 0.122941306838, 0.0183866071392, 0.120500537277, 0.0748438594837, 0.246565341417, 0.226661727513, 0.144312566097, 0.360977013537, 0.102168576845, 0.810646628952, 6.57106210612
0.413719840545, 0.122941306838, 0.0183866071392, 0.120500537277, 0.0748438594837, 0.246565341417, 0.226661727513, 0.144312566097, 0.360977013537, 0.102168576845, 0.810646628952, 6.57106210612
0.413719840545, 0.122941306838, 0.0183866071392, 0.120500537277, 0.0748438594837, 0.246565341417, 0.226661727513, 0.144312566097, 0.360977013537, 0.102168576845, 0.810646628952, 6.57106210612
0.413719840545, 0.122941306838, 0.0183866071392, 0.120500537277, 0.0748438594837, 0.246565341417, 0.226661727513, 0.144312566097, 0.360977013537, 0.102168576845, 0.810646628952, 6.57106210612
0.413719840545, 0.122941306838, 0.0183866071392, 0.120500537277, 0.0748438594837, 0.246565341417, 0.226661727513, 0.144312566097, 0.360977013537, 0.102168576845, 0.810646628952, 6.57106210612
0.413719840545, 0.122941306838, 0.0183866071392, 0.120500537277, 0.0748438594837, 0.246565341417, 0.226661727513, 0.144312566097, 0.360977013537, 0.102168576845, 0.810646628952, 6.57106210612
0.413719840545, 0.122941306838, 0.0183866071392, 0.120500537277, 0.0748438594837, 0.246565341417, 0.226661727513, 0.144312566097, 0.360977013537, 0.102168576845, 0.810646628952, 6.57106210612
0.10772161778, 0.668837169368, 0.103831699395, 0.132731228241, 0.0236024798831, 0.0657151739284, 0.317225005035, 0.174627753828, 0.353929486267, 0.026164693308, 0.663298133243, 7.01143398709
0.10772161778, 0.668837169368, 0.103831699395, 0.132731228241, 0.0236024798831, 0.0657151739284, 0.317225005035, 0.174627753828, 0.353929486267, 0.026164693308, 0.663298133243, 7.01143398709
0.0800243463215, 0.0180556196861, 0.131031710332, 0.425106605102, 0.0458696198371, 0.544917788132, 0.224901783645, 0.558799739205, 0.0209559935841, 0.484932798201, 0.282352020938, 7.49330516569
0.0800243463215, 0.0180556196861, 0.131031710332, 0.425106605102, 0.0458696198371, 0.544917788132, 0.224901783645, 0.558799739205, 0.0209559935841, 0.484932798201, 0.282352020938, 7.49330516569
0.0794505238571, 0.122941306838, 0.0161514539179, 0.185759979323, 0.737847253034, 0.00989624714583, 0.0486096206406, 0.108126979865, 0.802857758408, 0.311684169647, 0.283864908799, 7.41848042064
0.0794505238571, 0.122941306838, 0.0161514539179, 0.185759979323, 0.737847253034, 0.00989624714583, 0.0486096206406, 0.108126979865, 0.802857758408, 0.311684169647, 0.283864908799, 7.41848042064
0.0913345035214, 0.133686328813, 0.181964942956, 0.0213906927876, 0.0389062656597, 0.0231840551467, 0.98383906477, 0.269893425046, 0.217565246845, 0.0933224396976, 0.351982096215, 7.13378627418
0.0913345035214, 0.133686328813, 0.181964942956, 0.0213906927876, 0.0389062656597, 0.0231840551467, 0.98383906477, 0.269893425046, 0.217565246845, 0.0933224396976, 0.351982096215, 7.13378627418
0.966077223289, 0.203288264325, 0.0201972501934, 0.25517508436, 0.0503922633995, 5.53070396987e-05, 0.343419244952, 0.507598679597, 0.0160966099489, 0.0877709638335, 0.999052776951, 6.58689039421
0.966077223289, 0.203288264325, 0.0201972501934, 0.25517508436, 0.0503922633995, 5.53070396987e-05, 0.343419244952, 0.507598679597, 0.0160966099489, 0.0877709638335, 0.999052776951, 6.58689039421
0.0800243463215, 0.59494450477, 0.535153759069, 0.0153604052896, 0.0212220012664, 0.33607345215, 0.0448249397049, 0.246034493367, 0.324310550703, 0.385907906844, 0.282352020938, 7.52573962774
0.0800243463215, 0.59494450477, 0.535153759069, 0.0153604052896, 0.0212220012664, 0.33607345215, 0.0448249397049, 0.246034493367, 0.324310550703, 0.385907906844, 0.282352020938, 7.52573962774
0.10772161778, 0.668837169368, 0.103831699395, 0.132731228241, 0.0236024798831, 0.0824138988635, 0.317225005035, 0.174627753828, 0.353929486267, 0.026164693308, 0.663298133243, 7.02509077236
0.0913345035214, 0.102640183356, 0.0709973896109, 0.0213906927876, 0.0389062656597, 0.0231840551467, 0.98383906477, 0.269893425046, 0.362175688386, 0.0933224396976, 0.351982096215, 7.13582364977
0.413719840545, 0.122941306838, 0.0183866071392, 0.18409977558, 0.0297745364357, 0.246565341417, 0.226661727513, 0.144312566097, 0.360977013537, 0.102168576845, 0.810646628952, 6.58977405162
0.10772161778, 0.668837169368, 0.103831699395, 0.132731228241, 0.0236024798831, 0.0824138988635, 0.317225005035, 0.174627753828, 0.353929486267, 0.026164693308, 0.663298133243, 7.02509077236
