0.0813371992938, 0.152470007371, 0.0709973896109, 0.0213906927876, 0.00141386182451, 0.0047150693318, 0.0413407371747, 0.000560610053266, 0.0384005515712, 0.147396386627, 0.280786483038, 5.30728206325
0.0813371992938, 0.152470007371, 0.0709973896109, 0.0213906927876, 0.00141386182451, 0.0047150693318, 0.0413407371747, 0.000560610053266, 0.0384005515712, 0.147396386627, 0.280786483038, 5.30728206325
0.506225334369, 0.480131285364, 0.0709973896109, 0.0213906927876, 0.00141386182451, 0.0047150693318, 0.00194097632379, 0.000560610053266, 0.0384005515712, 0.147396386627, 0.999999660065, 5.6920809069
0.506225334369, 0.480131285364, 0.0709973896109, 0.0213906927876, 0.00141386182451, 0.0047150693318, 0.00194097632379, 0.000560610053266, 0.0384005515712, 0.147396386627, 0.999999660065, 5.6920809069
0.0813371992938, 0.152470007371, 0.0709973896109, 0.0213906927876, 0.00141386182451, 0.0047150693318, 0.0413407371747, 0.000560610053266, 0.298310924878, 0.147396386627, 0.280786483038, 5.80352344694
0.0813371992938, 0.152470007371, 0.0709973896109, 0.0213906927876, 0.00141386182451, 0.0047150693318, 0.0413407371747, 0.000560610053266, 0.298310924878, 0.147396386627, 0.280786483038, 5.80352344694
0.0718661917358, 0.0310903032346, 0.130180750805, 0.0397453714679, 0.153200493274, 0.281827598862, 0.285424066428, 4.99004372058e-05, 0.034509517725, 0.00611795968679, 0.348666278962, 6.12648552668
0.0718661917358, 0.0310903032346, 0.130180750805, 0.0397453714679, 0.153200493274, 0.281827598862, 0.285424066428, 4.99004372058e-05, 0.034509517725, 0.00611795968679, 0.348666278962, 6.12648552668
0.0813371992938, 0.152470007371, 0.0709973896109, 0.0213906927876, 0.00141386182451, 0.00290049383119, 0.795188551091, 0.000357078278993, 0.505773851587, 0.144848189325, 0.280786483038, 6.91782179939
0.0813371992938, 0.152470007371, 0.0709973896109, 0.0213906927876, 0.00141386182451, 0.00290049383119, 0.795188551091, 0.000357078278993, 0.505773851587, 0.144848189325, 0.280786483038, 6.91782179939
0.0878085175415, 0.0310903032346, 0.130180750805, 0.0397453714679, 0.153200493274, 0.281827598862, 0.285424066428, 4.99004372058e-05, 0.034509517725, 0.00611795968679, 0.311063967027, 6.13052169883
0.0878085175415, 0.0310903032346, 0.130180750805, 0.0397453714679, 0.153200493274, 0.281827598862, 0.285424066428, 4.99004372058e-05, 0.034509517725, 0.00611795968679, 0.311063967027, 6.13052169883
0.0832019243448, 0.208754715824, 0.0709973896109, 0.0213906927876, 0.00141386182451, 0.0047150693318, 0.628083320656, 0.000183526542216, 0.0891596535881, 0.147396386627, 0.283105151537, 6.39406861177
0.0832019243448, 0.208754715824, 0.0709973896109, 0.0213906927876, 0.00141386182451, 0.0047150693318, 0.628083320656, 0.000183526542216, 0.0891596535881, 0.147396386627, 0.283105151537, 6.39406861177
0.0671097509428, 0.480131285364, 0.0709973896109, 0.0357667125694, 0.00141386182451, 0.0047150693318, 0.00194097632379, 0.000560610053266, 0.0384005515712, 0.147396386627, 0.425053578949, 5.85458187286
0.0671097509428, 0.480131285364, 0.0709973896109, 0.0357667125694, 0.00141386182451, 0.0047150693318, 0.00194097632379, 0.000560610053266, 0.0384005515712, 0.147396386627, 0.425053578949, 5.85458187286
0.0813371992938, 0.152470007371, 0.0709973896109, 0.0213906927876, 0.00141386182451, 0.00290049383119, 0.795188551091, 0.000560610053266, 0.505773851587, 0.144848189325, 0.280786483038, 6.91800003909
0.0813371992938, 0.152470007371, 0.0709973896109, 0.0213906927876, 0.00141386182451, 0.00290049383119, 0.795188551091, 0.000560610053266, 0.505773851587, 0.144848189325, 0.280786483038, 6.91800003909
0.0872725329987, 0.114741464599, 0.116438550642, 0.00586307603686, 0.125640602111, 0.281827598862, 0.0577485639032, 0.332463376505, 0.009471931578, 0.206061082235, 0.306251311812, 6.48010247524
0.0872725329987, 0.114741464599, 0.116438550642, 0.00586307603686, 0.125640602111, 0.281827598862, 0.0577485639032, 0.332463376505, 0.009471931578, 0.206061082235, 0.306251311812, 6.48010247524
0.0975384948832, 0.114741464599, 0.116438550642, 0.0269445591044, 0.389898629448, 0.00733453335785, 0.0238530486499, 0.040354948122, 0.009471931578, 0.102919802166, 0.455486316165, 5.9277809193
0.0975384948832, 0.114741464599, 0.116438550642, 0.0269445591044, 0.389898629448, 0.00733453335785, 0.0238530486499, 0.040354948122, 0.009471931578, 0.102919802166, 0.455486316165, 5.9277809193
0.186268147105, 0.114741464599, 0.0385709279216, 0.00025806426959, 0.153200493274, 0.281827598862, 0.0853186571466, 0.0317705755393, 0.009471931578, 0.206061082235, 0.998947070592, 5.9268043851
0.186268147105, 0.114741464599, 0.0385709279216, 0.00025806426959, 0.153200493274, 0.281827598862, 0.0853186571466, 0.0317705755393, 0.009471931578, 0.206061082235, 0.998947070592, 5.9268043851
0.0813371992938, 0.152470007371, 0.0709973896109, 0.0213906927876, 0.00141386182451, 0.00290049383119, 0.795188551091, 0.000560610053266, 0.505773851587, 0.147396386627, 0.280786483038, 6.92023022404
0.0813371992938, 0.152470007371, 0.0709973896109, 0.0213906927876, 0.00141386182451, 0.00290049383119, 0.795188551091, 0.000560610053266, 0.505773851587, 0.147396386627, 0.280786483038, 6.92023022404
0.0872725329987, 0.114741464599, 0.116438550642, 0.00586307603686, 0.125640602111, 0.281827598862, 0.0853186571466, 0.332463376505, 0.009471931578, 0.206061082235, 0.306251311812, 6.5102124694
0.0872725329987, 0.114741464599, 0.116438550642, 0.00586307603686, 0.125640602111, 0.281827598862, 0.0853186571466, 0.332463376505, 0.009471931578, 0.206061082235, 0.306251311812, 6.5102124694
0.0913345035214, 0.208754715824, 0.000788952893966, 0.0129592030787, 0.00141386182451, 0.0047150693318, 0.795188551091, 0.000560610053266, 0.0891596535881, 0.147396386627, 0.351982096215, 6.48719924241
0.0913345035214, 0.208754715824, 0.000788952893966, 0.0129592030787, 0.00141386182451, 0.0047150693318, 0.795188551091, 0.000560610053266, 0.0891596535881, 0.147396386627, 0.351982096215, 6.48719924241
0.0975384948832, 0.114741464599, 0.0532054212862, 0.0142348354659, 0.389898629448, 0.132875046304, 0.0238530486499, 0.040354948122, 0.009471931578, 0.102919802166, 0.455486316165, 6.00056166366
0.0975384948832, 0.114741464599, 0.0532054212862, 0.0142348354659, 0.389898629448, 0.132875046304, 0.0238530486499, 0.040354948122, 0.009471931578, 0.102919802166, 0.455486316165, 6.00056166366
0.0800243463215, 0.495185199091, 0.535153759069, 0.0153604052896, 0.000614186666109, 0.33607345215, 0.00155678698285, 0.0253277997896, 0.0291380242632, 0.385907906844, 0.282352020938, 7.02756216768
0.0800243463215, 0.495185199091, 0.535153759069, 0.0153604052896, 0.000614186666109, 0.33607345215, 0.00155678698285, 0.0253277997896, 0.0291380242632, 0.385907906844, 0.282352020938, 7.02756216768
0.0813371992938, 0.407776172071, 0.0709973896109, 0.0213906927876, 0.00141386182451, 0.00290049383119, 0.795188551091, 0.000560610053266, 0.505773851587, 0.147396386627, 0.280786483038, 7.13194904349
0.0813371992938, 0.407776172071, 0.0709973896109, 0.0213906927876, 0.00141386182451, 0.00290049383119, 0.795188551091, 0.000560610053266, 0.505773851587, 0.147396386627, 0.280786483038, 7.13194904349
0.0878085175415, 0.0310903032346, 0.0673480116218, 0.0397453714679, 0.153200493274, 0.281827598862, 0.285424066428, 1.09315439583e-05, 0.599826582682, 0.00611795968679, 0.311063967027, 6.7018401521
0.0878085175415, 0.0310903032346, 0.0673480116218, 0.0397453714679, 0.153200493274, 0.281827598862, 0.285424066428, 1.09315439583e-05, 0.599826582682, 0.00611795968679, 0.311063967027, 6.7018401521
0.0913345035214, 0.208754715824, 0.000788952893966, 0.0213906927876, 0.00141386182451, 0.0047150693318, 0.795188551091, 0.000560610053266, 0.0891596535881, 0.249187503786, 0.351982096215, 6.60410941594
0.0913345035214, 0.208754715824, 0.000788952893966, 0.0213906927876, 0.00141386182451, 0.0047150693318, 0.795188551091, 0.000560610053266, 0.0891596535881, 0.249187503786, 0.351982096215, 6.60410941594
0.0913345035214, 0.208754715824, 0.000788952893966, 0.0213906927876, 0.00141386182451, 0.0047150693318, 0.795188551091, 0.000560610053266, 0.0891596535881, 0.249187503786, 0.351982096215, 6.60410941594
0.0913345035214, 0.208754715824, 0.000788952893966, 0.0213906927876, 0.00141386182451, 0.0047150693318, 0.795188551091, 0.000560610053266, 0.0891596535881, 0.249187503786, 0.351982096215, 6.60410941594
0.0975384948832, 0.0936897030164, 0.116438550642, 0.0269445591044, 0.153200493274, 0.106223081065, 0.144419993081, 0.254563439134, 0.009471931578, 0.00611795968679, 0.455486316165, 6.04242075599
0.0975384948832, 0.0936897030164, 0.116438550642, 0.0269445591044, 0.153200493274, 0.106223081065, 0.144419993081, 0.254563439134, 0.009471931578, 0.00611795968679, 0.455486316165, 6.04242075599
0.578172485522, 0.240422908603, 0.00473529821459, 0.163717990909, 0.053038027457, 0.113192268868, 0.183977930352, 0.06280673008, 0.0471442106508, 0.0877709638335, 0.903780654679, 6.00605796425
0.578172485522, 0.240422908603, 0.00473529821459, 0.163717990909, 0.053038027457, 0.113192268868, 0.183977930352, 0.06280673008, 0.0471442106508, 0.0877709638335, 0.903780654679, 6.00605796425
0.0800243463215, 0.0180556196861, 0.131031710332, 0.0380249094826, 0.0458696198371, 0.64276941677, 0.224901783645, 0.317520037913, 0.0209559935841, 0.493596888403, 0.282352020938, 7.11548297571
0.0800243463215, 0.0180556196861, 0.131031710332, 0.0380249094826, 0.0458696198371, 0.64276941677, 0.224901783645, 0.317520037913, 0.0209559935841, 0.493596888403, 0.282352020938, 7.11548297571
0.0865956637504, 0.208754715824, 0.297851240243, 0.0213906927876, 0.00141386182451, 0.0047150693318, 0.883925646277, 0.243418535067, 0.0891596535881, 0.142123404526, 0.30074105591, 7.08199424458
0.0865956637504, 0.208754715824, 0.297851240243, 0.0213906927876, 0.00141386182451, 0.0047150693318, 0.883925646277, 0.243418535067, 0.0891596535881, 0.142123404526, 0.30074105591, 7.08199424458
0.0865956637504, 0.208754715824, 0.297851240243, 0.0213906927876, 0.00141386182451, 0.0047150693318, 0.883925646277, 0.243418535067, 0.0891596535881, 0.142123404526, 0.30074105591, 7.08199424458
0.0865956637504, 0.208754715824, 0.297851240243, 0.0213906927876, 0.00141386182451, 0.0047150693318, 0.883925646277, 0.243418535067, 0.0891596535881, 0.142123404526, 0.30074105591, 7.08199424458
0.0878085175415, 0.0642832162692, 0.130180750805, 0.0397453714679, 0.153200493274, 0.24200791641, 0.285424066428, 4.99004372058e-05, 0.648888084019, 0.00611795968679, 0.311063967027, 6.80214376031
0.0878085175415, 0.0642832162692, 0.130180750805, 0.0397453714679, 0.153200493274, 0.24200791641, 0.285424066428, 4.99004372058e-05, 0.648888084019, 0.00611795968679, 0.311063967027, 6.80214376031
0.0878085175415, 0.0642832162692, 0.130180750805, 0.0397453714679, 0.153200493274, 0.24200791641, 0.285424066428, 4.99004372058e-05, 0.648888084019, 0.00611795968679, 0.311063967027, 6.80214376031
0.0878085175415, 0.0642832162692, 0.130180750805, 0.0397453714679, 0.153200493274, 0.24200791641, 0.285424066428, 4.99004372058e-05, 0.648888084019, 0.00611795968679, 0.311063967027, 6.80214376031
0.0878085175415, 0.0642832162692, 0.130180750805, 0.0397453714679, 0.153200493274, 0.24200791641, 0.285424066428, 4.99004372058e-05, 0.648888084019, 0.00611795968679, 0.311063967027, 6.80214376031
0.0878085175415, 0.0642832162692, 0.130180750805, 0.0397453714679, 0.153200493274, 0.24200791641, 0.285424066428, 4.99004372058e-05, 0.648888084019, 0.00611795968679, 0.311063967027, 6.80214376031
0.0913345035214, 0.208754715824, 0.20266734053, 0.00622524485694, 0.00141386182451, 0.004126609975, 0.439433189606, 0.279146380581, 0.0891596535881, 0.147396386627, 0.351982096215, 6.61146000504
0.0913345035214, 0.208754715824, 0.20266734053, 0.00622524485694, 0.00141386182451, 0.004126609975, 0.439433189606, 0.279146380581, 0.0891596535881, 0.147396386627, 0.351982096215, 6.61146000504
0.0975384948832, 0.114741464599, 0.0385709279216, 0.00257214976273, 0.153200493274, 0.281827598862, 0.0853186571466, 0.174627753828, 0.009471931578, 0.0634538062138, 0.455486316165, 6.0601399062
0.0975384948832, 0.114741464599, 0.0385709279216, 0.00257214976273, 0.153200493274, 0.281827598862, 0.0853186571466, 0.174627753828, 0.009471931578, 0.0634538062138, 0.455486316165, 6.0601399062
0.352370970752, 0.0309427806928, 0.0183866071392, 0.00653289802366, 0.0748438594837, 0.39135561182, 0.20624280023, 0.144312566097, 0.0897523894945, 0.0200531110474, 0.999541661781, 6.01132371615
0.352370970752, 0.0309427806928, 0.0183866071392, 0.00653289802366, 0.0748438594837, 0.39135561182, 0.20624280023, 0.144312566097, 0.0897523894945, 0.0200531110474, 0.999541661781, 6.01132371615
0.0800243463215, 0.0601097856469, 0.131031710332, 0.156945318578, 0.0458696198371, 0.544917788132, 0.224901783645, 0.317520037913, 0.0209559935841, 0.493596888403, 0.282352020938, 7.16498311006
0.0800243463215, 0.0601097856469, 0.131031710332, 0.156945318578, 0.0458696198371, 0.544917788132, 0.224901783645, 0.317520037913, 0.0209559935841, 0.493596888403, 0.282352020938, 7.16498311006
0.0878085175415, 0.138314165142, 0.130180750805, 0.0397453714679, 0.153200493274, 0.24200791641, 0.285424066428, 4.99004372058e-05, 0.648888084019, 0.00611795968679, 0.311063967027, 6.86967208472
0.0878085175415, 0.138314165142, 0.130180750805, 0.0397453714679, 0.153200493274, 0.24200791641, 0.285424066428, 4.99004372058e-05, 0.648888084019, 0.00611795968679, 0.311063967027, 6.86967208472
0.0913345035214, 0.208754715824, 0.135224549674, 0.00622524485694, 0.00141386182451, 0.004126609975, 0.795188551091, 0.0602655220821, 0.0891596535881, 0.147396386627, 0.351982096215, 6.68125608764
0.0913345035214, 0.208754715824, 0.135224549674, 0.00622524485694, 0.00141386182451, 0.004126609975, 0.795188551091, 0.0602655220821, 0.0891596535881, 0.147396386627, 0.351982096215, 6.68125608764
0.578172485522, 0.261828994306, 0.00473529821459, 0.163717990909, 0.053038027457, 0.0350125564824, 0.183977930352, 0.253577744251, 0.0471442106508, 0.0877709638335, 0.903780654679, 6.18085122374
0.578172485522, 0.261828994306, 0.00473529821459, 0.163717990909, 0.053038027457, 0.0350125564824, 0.183977930352, 0.253577744251, 0.0471442106508, 0.0877709638335, 0.903780654679, 6.18085122374
0.186268147105, 0.114741464599, 0.0385709279216, 0.0994048684587, 0.153200493274, 0.281827598862, 0.0853186571466, 0.0679210835696, 0.009471931578, 0.206061082235, 0.998947070592, 6.10886183876
0.186268147105, 0.114741464599, 0.0385709279216, 0.0994048684587, 0.153200493274, 0.281827598862, 0.0853186571466, 0.0679210835696, 0.009471931578, 0.206061082235, 0.998947070592, 6.10886183876
0.249877046648, 0.122941306838, 0.0183866071392, 0.00653289802366, 0.0748438594837, 0.39135561182, 0.167098936712, 0.144312566097, 0.0160300564044, 0.102168576845, 0.631945517183, 6.18809928634
0.249877046648, 0.122941306838, 0.0183866071392, 0.00653289802366, 0.0748438594837, 0.39135561182, 0.167098936712, 0.144312566097, 0.0160300564044, 0.102168576845, 0.631945517183, 6.18809928634
0.0975384948832, 0.00479473730532, 0.0385709279216, 0.019714877832, 0.153200493274, 0.281827598862, 0.0853186571466, 0.174627753828, 0.0842998563844, 0.206061082235, 0.455486316165, 6.22478318975
0.0975384948832, 0.00479473730532, 0.0385709279216, 0.019714877832, 0.153200493274, 0.281827598862, 0.0853186571466, 0.174627753828, 0.0842998563844, 0.206061082235, 0.455486316165, 6.22478318975
0.0800243463215, 0.495185199091, 0.535153759069, 0.0153604052896, 0.000614186666109, 0.420777887399, 0.00155678698285, 0.246034493367, 0.0291380242632, 0.385907906844, 0.282352020938, 7.26620121685
0.0800243463215, 0.495185199091, 0.535153759069, 0.0153604052896, 0.000614186666109, 0.420777887399, 0.00155678698285, 0.246034493367, 0.0291380242632, 0.385907906844, 0.282352020938, 7.26620121685
0.0865956637504, 0.165396304704, 0.297851240243, 0.445559215907, 0.00141386182451, 0.0047150693318, 0.883925646277, 0.000560610053266, 0.0891596535881, 0.142123404526, 0.30074105591, 7.19032623229
0.0865956637504, 0.165396304704, 0.297851240243, 0.445559215907, 0.00141386182451, 0.0047150693318, 0.883925646277, 0.000560610053266, 0.0891596535881, 0.142123404526, 0.30074105591, 7.19032623229
0.0878085175415, 0.0310903032346, 0.130180750805, 0.180126606814, 0.153200493274, 0.281827598862, 0.285424066428, 4.99004372058e-05, 0.599826582682, 0.00611795968679, 0.311063967027, 6.89099848563
0.0878085175415, 0.0310903032346, 0.130180750805, 0.180126606814, 0.153200493274, 0.281827598862, 0.285424066428, 4.99004372058e-05, 0.599826582682, 0.00611795968679, 0.311063967027, 6.89099848563
0.0913345035214, 0.20683628962, 0.20266734053, 0.0213906927876, 0.00141386182451, 0.004126609975, 0.749316429315, 0.0458933871429, 0.0891596535881, 0.147396386627, 0.351982096215, 6.70132878638
0.0913345035214, 0.20683628962, 0.20266734053, 0.0213906927876, 0.00141386182451, 0.004126609975, 0.749316429315, 0.0458933871429, 0.0891596535881, 0.147396386627, 0.351982096215, 6.70132878638
0.0022676911676, 0.122941306838, 0.0183866071392, 0.00653289802366, 0.0748438594837, 0.39135561182, 0.20624280023, 0.144312566097, 0.0897523894945, 0.00414558225472, 0.999999993966, 6.11107506902
0.0022676911676, 0.122941306838, 0.0183866071392, 0.00653289802366, 0.0748438594837, 0.39135561182, 0.20624280023, 0.144312566097, 0.0897523894945, 0.00414558225472, 0.999999993966, 6.11107506902
0.352370970752, 0.122941306838, 0.0183866071392, 0.00214897366367, 0.0748438594837, 0.403906678043, 0.200704387617, 0.144312566097, 0.0897523894945, 0.00414558225472, 0.999541661781, 6.11457344448
0.352370970752, 0.122941306838, 0.0183866071392, 0.00214897366367, 0.0748438594837, 0.403906678043, 0.200704387617, 0.144312566097, 0.0897523894945, 0.00414558225472, 0.999541661781, 6.11457344448
0.0975384948832, 0.0654304168395, 0.116438550642, 0.0269445591044, 0.153200493274, 0.106223081065, 0.144419993081, 0.174627753828, 0.00583724248303, 0.325795029038, 0.455486316165, 6.31148145211
0.0975384948832, 0.0654304168395, 0.116438550642, 0.0269445591044, 0.153200493274, 0.106223081065, 0.144419993081, 0.174627753828, 0.00583724248303, 0.325795029038, 0.455486316165, 6.31148145211
0.578172485522, 0.240422908603, 0.00473529821459, 0.163717990909, 0.053038027457, 0.113192268868, 0.183977930352, 0.253577744251, 0.0292829910627, 0.0877709638335, 0.903780654679, 6.22854096643
0.578172485522, 0.240422908603, 0.00473529821459, 0.163717990909, 0.053038027457, 0.113192268868, 0.183977930352, 0.253577744251, 0.0292829910627, 0.0877709638335, 0.903780654679, 6.22854096643
0.0800243463215, 0.59494450477, 0.535153759069, 0.0153604052896, 0.135707231673, 0.288054103567, 0.0448249397049, 0.00608858404624, 0.0291380242632, 0.501604719937, 0.282352020938, 7.28174946017
0.0800243463215, 0.59494450477, 0.535153759069, 0.0153604052896, 0.135707231673, 0.288054103567, 0.0448249397049, 0.00608858404624, 0.0291380242632, 0.501604719937, 0.282352020938, 7.28174946017
0.159179077214, 0.122941306838, 0.0122219252245, 0.00653289802366, 0.0748438594837, 0.403906678043, 0.21301368746, 0.144312566097, 0.0897523894945, 0.00410879570165, 0.999995900984, 6.12774576469
0.159179077214, 0.122941306838, 0.0122219252245, 0.00653289802366, 0.0748438594837, 0.403906678043, 0.21301368746, 0.144312566097, 0.0897523894945, 0.00410879570165, 0.999995900984, 6.12774576469
0.0975384948832, 0.114741464599, 0.0385709279216, 0.00257214976273, 0.147639080868, 0.281827598862, 0.0853186571466, 0.174627753828, 0.275698047916, 0.0634538062138, 0.455486316165, 6.3884584893
0.578172485522, 0.261828994306, 0.00473529821459, 0.163717990909, 0.053038027457, 0.113192268868, 0.183977930352, 0.253577744251, 0.0471442106508, 0.0877709638335, 0.903780654679, 6.27541910748
