0.812024288827, 0.998773321263, 0.699748431274, 0.753737546519, 0.00715953112949, 0.685822902418, 0.307095779547, 0.730860391344, 0.466691147723, 81.4042261822, 26.5965315858, 46.3415071676, 0.189560904906, 35.7726120522
0.819077821495, 0.945723565662, 0.359502595609, 0.0491649434642, 0.467935988366, 0.693276977624, 0.43572944632, 0.0934267744601, 0.787861466125, 2.60364042373, 50.3536140808, 94.3497612205, 8.45416129703, 34.4053406572
0.995295550133, 0.927996868827, 0.990593516739, 0.899061934567, 0.908398332571, 0.312042834199, 0.00497523623731, 0.908507327486, 0.55991946599, 124.888664719, 14.0213034571, 1.31906202524, 10.8803484096, 0.714246633584
0.975644026107, 0.216553129341, 0.088969970946, 0.368359619481, 0.302985068378, 0.0912923405222, 0.0041651585853, 0.79596644692, 0.806411532606, 0.329852301327, 0.56561040382, 9.16931191067, 36.412386192, 1.16025567213
0.849616496283, 0.117777053994, 0.0228935782929, 0.981146468415, 0.78009331186, 0.596408465088, 0.0960813360342, 0.888253388902, 0.298246145608, 0.164029775443, 0.0031519662474, 7.1353788083, 54.700693075, 10.9746768839
0.880289627588, 0.970373902156, 0.998560106831, 0.00509557764157, 0.834180204294, 0.71257318765, 0.928034681937, 0.530359793059, 0.291819942176, 1.06161460148, 207.278769188, 0.300420468894, 6.3699290217, 29.2392573388
0.975644026107, 0.216553129341, 0.824766577339, 0.368359619481, 0.302985068378, 0.0912923405222, 0.0041651585853, 0.813458492195, 0.814626731011, 5.09226465646, 8.73190169392, 2.93714130951, 60.6391331044, 1.93222431968
0.603881867596, 0.197572006915, 0.834942892999, 0.0128328956537, 0.501921534161, 0.111115000537, 0.795627186598, 0.813866302991, 0.690968598095, 0.0751281629324, 5.77921406505, 1.15732560831, 28.4775087215, 23.2792324012
0.781811458902, 0.823572423151, 0.00437713410804, 0.798873750439, 0.782214395949, 0.684700539154, 0.462284224103, 0.191468770733, 0.794027070737, 0.3628202883, 0.091344450622, 103.304305464, 22.2273778977, 35.160227038
0.722445939838, 0.999615215583, 0.972955496292, 0.999757476504, 0.924941090039, 0.18091460854, 0.754113185795, 0.695772803672, 0.794109888365, 146.974297207, 0.0356533671421, 4.08632375124, 0.0581618715385, 58.0715111881
0.689789216552, 0.768548310603, 0.834942892999, 0.0128328956537, 0.55526405465, 0.611207024702, 0.795627186598, 0.813866302991, 0.690968598095, 0.846872662052, 65.1454555628, 13.045805734, 23.8026801688, 46.2493885893
0.893937661042, 0.995610356015, 0.430669782319, 0.905929978879, 0.787882483496, 0.78580789079, 0.845211738662, 0.693647623482, 0.406748506107, 54.0000293014, 5.60725885595, 78.7987263914, 0.610231829725, 16.4937544157
0.997900646458, 0.765844970173, 0.0789679955011, 0.990796597013, 0.649040009154, 0.59405188076, 0.333114119269, 0.936794499452, 0.756051346016, 22.3757048165, 0.207845514576, 263.400033116, 87.4387077283, 0.785594650584
0.668187020432, 0.215279854736, 0.772266459816, 0.0268057598968, 0.0122273704855, 0.0960109017276, 0.297103228632, 0.796921780745, 0.311119915552, 0.172376557514, 6.2582024739, 1.8963124834, 30.3524894474, 19.2076772706
0.988859415609, 0.993813335948, 0.97730605565, 0.0246606976152, 0.00746848583011, 0.385685283436, 0.0116646905241, 0.908523752604, 0.371754470404, 3.28370334411, 129.871627269, 3.09198909119, 0.848163698859, 1.5445307779
0.915815033883, 0.913052531404, 0.990670362491, 0.753468148179, 0.793718255165, 0.385226984461, 0.404075807085, 0.911809463548, 0.400303973549, 33.4387761465, 10.9410376881, 0.41794686857, 4.26596691642, 4.51011186149
0.996490519411, 0.999113217833, 0.831254177073, 0.36694954267, 0.428198048845, 0.371282605554, 0.737072158404, 0.776479372491, 0.670066496044, 99.069212668, 170.911264613, 54.8064347459, 0.288270875228, 1.14486291869
0.128680745957, 0.0286867056423, 0.0392051078639, 0.528323338588, 0.303433931837, 0.790991918943, 0.681032533782, 0.794850289096, 0.800727107028, 0.0046086613725, 0.00411452201897, 0.213778012671, 7.53374655287, 52.5188749298
0.817104368312, 0.998539320984, 0.360238002872, 0.722119482658, 0.467935988366, 0.693276977624, 0.406653340545, 0.0798977436257, 0.609744899639, 28.9485972182, 11.1397786163, 71.1946523715, 0.162786563072, 24.9453478426
0.883704945268, 0.425125993436, 0.495955041404, 0.971470890166, 0.502495912793, 0.108395304488, 0.798470382778, 0.170679723031, 0.805648230911, 17.5358142965, 0.514972890245, 18.3452279352, 49.2162873104, 11.2665290043
0.832810645585, 0.905406424659, 0.105023763607, 0.00964142247591, 0.510462019697, 0.175815440591, 0.709793977181, 0.389560800245, 0.276887506274, 0.101204130634, 10.3956007638, 89.4501455281, 10.4420944311, 22.1609476793
0.903651529258, 0.561569957911, 0.128359023425, 0.52433390058, 0.0975787830627, 0.604364570681, 0.683376803773, 0.599538659762, 0.800214992203, 1.47469868117, 1.33781960067, 19.0988223219, 17.1066664942, 4.16014934252
0.882061896776, 0.905406424659, 0.495130564423, 0.0509752735056, 0.472573166061, 0.593614934009, 0.709793977181, 0.174020606021, 0.276887506274, 3.60553806949, 67.1255796181, 72.1223491954, 14.9248114595, 21.0961055519
0.989775613704, 0.216553129341, 0.578107763949, 0.368359619481, 0.282374250455, 0.0912923405222, 0.00646715940074, 0.794117219442, 0.806411532606, 3.5977015037, 6.16911688093, 7.12764142667, 61.1208515477, 0.805898497929
0.667652790434, 0.565149455599, 0.135861731027, 0.0396889451472, 0.818709145305, 0.604196177351, 0.100781074341, 0.521081962149, 0.291819942176, 0.189401473871, 4.58274535867, 30.3528791514, 27.0267210202, 30.9381762235
0.851360179232, 0.00577303003505, 0.372299217085, 0.8964184768, 0.718310459115, 0.59668546727, 0.0945144101515, 0.888291819694, 0.296328447358, 0.113273706306, 0.013088823291, 0.213048685356, 58.4531488258, 10.2646515542
0.921980397267, 0.99581590457, 0.499927923779, 0.558740115962, 0.486392487272, 0.199456846175, 0.871835763621, 0.102766085854, 0.322105321754, 35.9589258742, 28.3982320369, 64.3757150691, 0.540893776731, 10.9393735008
0.957480754156, 0.209957445357, 0.985006468587, 0.996995796652, 0.996883945085, 0.385643413786, 0.679520784121, 0.974985651529, 0.799906184829, 27.0223297938, 0.0814251914708, 0.412566835582, 103.540339561, 5.81988763802
0.844077229116, 0.561422497425, 0.598773603471, 0.483500511251, 0.819051622078, 0.604261534217, 0.487501977486, 0.109198828704, 0.794964108912, 10.549838075, 11.2698659987, 14.6209538765, 28.4670686146, 11.9901262926
0.960496950017, 0.989529401109, 0.36158086487, 0.987136755242, 0.452074320231, 0.693276977624, 0.40711531546, 0.00608884984737, 0.779582392881, 56.7622000637, 0.739660506577, 101.527187029, 1.68274875669, 6.60970982177
0.603881867596, 0.00334845745892, 0.834942892999, 0.0128328956537, 0.410333910471, 0.111115000537, 0.793615140558, 0.813866302991, 0.689900542603, 0.00157929178561, 0.121486602946, 0.0243284908766, 43.8711984787, 28.8741287529
0.428478700922, 0.696268329191, 0.0776358539782, 0.999915066233, 0.612465317819, 0.368114394986, 0.904684171519, 0.888091887092, 0.0877041946629, 3.27593132803, 0.000278260820335, 38.9234883725, 18.408685606, 80.8417828865
0.722280569695, 0.999615215583, 0.104306479222, 0.991813556066, 0.996994957239, 0.18091460854, 0.798685093927, 0.0553986798463, 0.794109888365, 12.7014675822, 0.104838103496, 109.969439226, 0.0472603784275, 47.2258793726
0.00104769476728, 0.369038786514, 0.873652204555, 0.874979788195, 0.822787888428, 0.702437266934, 0.662162453493, 0.802978469365, 0.689897208663, 0.0460581280299, 0.00658094849657, 0.00761267611841, 0.103014968488, 155.670976449
0.921980397267, 0.995285210434, 0.987609518892, 0.558740115962, 0.921860222551, 0.199406960545, 0.870407454092, 0.121850954552, 0.322105321754, 108.918822843, 86.0176417698, 2.44565947968, 0.935023618774, 16.7819458259
0.99372075475, 0.427604274156, 0.0915163473756, 0.367121146349, 0.424198278553, 0.383757049851, 0.00497523623731, 0.909599747714, 0.799912000712, 1.55877923276, 2.68717403979, 42.149618604, 62.1056164432, 0.68561068909
0.997863036005, 0.00297658206707, 0.310008053199, 0.04054262064, 0.7869429623, 0.660106936625, 0.333203473665, 0.454207206264, 0.330605832565, 0.0132579825415, 0.313755474711, 0.727841259835, 353.329702241, 0.758928842197
0.719835879897, 0.236044522228, 0.104306479222, 0.997979716349, 0.996994957239, 0.18091460854, 0.798685093927, 0.389068971012, 0.794109888365, 1.32594852464, 0.00268421500222, 11.4091449089, 41.2256760606, 21.0028757227
0.564634438725, 0.56050009716, 0.581371573519, 0.52433390058, 0.0975787830627, 0.604364570681, 0.681452006898, 0.599538659762, 0.786428030685, 6.29365944816, 5.70949243883, 8.64311365767, 16.1891706119, 28.4022355656
0.7968391736, 0.999078991321, 0.0246105966556, 0.859965189049, 0.671740285115, 0.877235610142, 0.106420952865, 0.704041271782, 0.802161414695, 2.23634422937, 0.364161300211, 103.065584812, 0.097409100941, 26.9652906905
0.866456530995, 0.99558271524, 0.0412212755116, 0.04054262064, 0.786912737374, 0.693322633391, 0.460044242699, 0.0557991971671, 0.779582392881, 0.379924953391, 8.99107641243, 217.963093699, 1.00865494968, 35.1935519766
0.881347635405, 0.17379568486, 0.495955041404, 0.971470890166, 0.502495912793, 0.108395304488, 0.321777919577, 0.0921891381279, 0.806629092369, 5.9265805581, 0.174045428839, 6.2001381502, 58.4763909288, 9.52844992204
0.997103512769, 0.995609993019, 0.829782582823, 0.04054262064, 0.786912737374, 0.693276977624, 0.436022070704, 0.0557991971671, 0.779582392881, 8.52536547448, 201.756193534, 43.136099257, 1.11741072976, 0.739399237617
0.686540943588, 0.782616899261, 0.570357229343, 0.997198471736, 0.702507128017, 0.606745417711, 0.794113927889, 0.0914387038438, 0.998133266235, 13.4542705175, 0.0377984124525, 10.1634021254, 6.57064734011, 13.8005615539
0.874974214506, 0.9714657917, 0.999189015023, 0.53922420166, 0.465575569492, 0.0317039637807, 0.929739760737, 0.4017971359, 0.378433054826, 125.76780111, 107.470619426, 0.189306379782, 6.8563149003, 34.3343844558
0.975201007055, 0.962365629981, 0.998517910942, 0.970660878322, 0.997581748344, 0.890374000476, 0.302360055975, 0.774728646875, 0.470082794793, 138.553320702, 4.18790210442, 0.211869213507, 5.59033842527, 3.77740328088
0.603348780049, 0.503543601447, 0.831254177073, 0.972410028289, 0.612595408954, 0.0976684177944, 0.791332875564, 0.0934044111937, 0.801339184804, 13.0922435522, 0.371463290922, 2.73315233001, 15.9688939545, 21.1462849361
0.686540943588, 0.988108162798, 0.578448995742, 0.998902064368, 0.702507128017, 0.606745417711, 0.314131674401, 0.0984715107392, 0.564383795894, 46.1633779674, 0.0507401269462, 33.6790417772, 0.961510577975, 36.9164125495
0.988840663298, 0.993813335948, 0.986778948702, 0.365645409357, 0.423857158532, 0.385685283436, 0.0116646905241, 0.908523752604, 0.371754470404, 59.5011010312, 103.227869465, 2.18027357539, 1.02658925497, 1.8726311566
0.799964126911, 0.0286867056423, 0.0346305524665, 0.942732753136, 0.303433931837, 0.791991241304, 0.777913856223, 0.798733257542, 0.407465011056, 0.0518891491505, 0.00315205842175, 1.53434168274, 53.8154764243, 13.8543205046
0.973043111644, 0.2162661476, 0.790891147352, 0.0245516963085, 0.0122273704855, 0.113475944794, 0.296979125149, 0.79596644692, 0.311322534689, 0.300874600722, 11.9538631959, 3.24010980364, 56.1522768905, 1.9848899939
0.998925487327, 0.504274161177, 0.0704219658927, 0.999915066233, 0.643934536401, 0.0591661514993, 0.801166837569, 0.936794499452, 0.790127387201, 11.0344849174, 0.000937279972516, 145.668839854, 154.047852801, 0.334266258935
0.951322477704, 0.99883844494, 0.00723431250727, 0.999918533883, 0.776533960409, 0.903708206075, 0.903197289332, 0.89061283159, 0.88595265231, 0.755506880914, 6.15532267844e-05, 103.686758792, 0.121456592135, 5.35034758182
0.668187020432, 0.2162661476, 0.79117849143, 0.950509044036, 0.302985068378, 0.0912923405222, 0.297103228632, 0.79596644692, 0.806411532606, 3.96941348486, 0.206678799337, 1.10222648891, 19.1282692744, 12.1199940338
0.429137346997, 0.0381044787029, 0.059269000904, 0.999914841914, 0.770709741408, 0.365396839342, 0.904684171519, 0.908807909649, 0.413954776313, 0.185391176564, 1.57889022697e-05, 2.94282132653, 78.9678506593, 109.208825005
0.993524535622, 0.999837516158, 0.035792816912, 0.867727798044, 0.933102933065, 0.504608602059, 0.839316274191, 0.18691516094, 0.555454549756, 9.23578074241, 1.40785746214, 286.724356908, 0.0483253463529, 1.93846122516
0.973139621683, 0.209688647727, 0.964568063737, 0.970660878322, 0.997581748344, 0.890374000476, 0.302360055975, 0.774738004205, 0.470082794793, 29.0955591647, 0.879440152269, 1.10108586963, 117.125000201, 4.09061262309
0.917332016814, 0.0585840540304, 0.0655014938391, 0.720639091612, 0.793718255165, 0.368153714034, 0.404075807085, 0.911809463548, 0.400303973549, 0.265338760724, 0.102860472169, 5.25303489953, 90.3303729296, 8.64695191473
0.723889814718, 0.999903078966, 0.999189015023, 0.974064739822, 0.465575569492, 0.728837474274, 0.929739760737, 0.24938355677, 0.794223683459, 230.79873, 6.145202538, 0.19231393343, 0.0229857181221, 90.4586281087
0.89395120858, 0.998370675995, 0.990410594485, 0.88851210814, 0.912282454825, 0.501261537266, 0.847301791643, 0.951599358287, 0.566748892092, 246.280642532, 30.902572278, 2.68375789139, 0.456738151227, 33.254600986
0.997900646458, 0.760088269739, 0.0824014735947, 0.999915066233, 0.643934536401, 0.443186274368, 0.333114119269, 0.93668660578, 0.371388530651, 26.5296730106, 0.00225345644825, 295.451714233, 101.629844101, 0.891185382982
0.988435727364, 0.124619821637, 0.191441276782, 0.0158607003045, 0.502185623742, 0.108395304488, 0.819095019808, 0.814334467061, 0.806477493571, 0.0318156061653, 1.97412395227, 8.47215373553, 73.6023776642, 0.983705326148
0.607669626546, 0.000975509128763, 0.834942892999, 0.970104341114, 0.501458117096, 0.111115000537, 0.785538970252, 0.813866302991, 0.691229749812, 0.0361422102448, 0.00111379275719, 0.00736501636877, 45.6966417276, 29.5319790752
0.99372075475, 0.945165262213, 0.986778948702, 0.365645409357, 0.423857158532, 0.385685283436, 0.00497523623731, 0.908507327486, 0.371754470404, 53.4404333789, 92.713277324, 1.95819510453, 8.59286501813, 0.99020543068
0.128680745957, 0.0286867056423, 0.909518801649, 0.948844753405, 0.303433931837, 0.784438522504, 0.785660316743, 0.793835245528, 0.781107177893, 0.305773393128, 0.0164852187584, 0.0320590902899, 11.996968172, 83.6326609265
0.955027076633, 0.99558271524, 0.809982191548, 0.00810283212985, 0.786937547027, 0.760206582677, 0.421671083847, 0.742894471291, 0.733808489533, 2.06536733859, 252.829131954, 59.7969864613, 1.3962495359, 14.8848025823
0.994253540146, 0.932084487366, 0.982773597772, 0.0423470944943, 0.820785412553, 0.385685283436, 0.00497523623731, 0.908507327486, 0.329925174988, 6.12373099475, 138.484324596, 2.53474099905, 10.7214298663, 0.912403529975
0.998745415893, 0.154196621364, 0.893520317259, 0.510610587014, 0.585113823252, 0.0405059639271, 0.333410362788, 0.450843528, 0.344036419375, 27.9293816302, 26.7686256977, 6.51829214664, 335.785262124, 0.498697507784
0.818466251549, 0.95807991203, 0.415481832141, 0.884278326997, 0.731643171271, 0.580549476336, 0.681436617628, 0.412651874278, 0.787935304574, 49.5147972867, 6.47978696919, 78.7756509849, 5.89677337568, 31.1995874101
0.7968391736, 0.999156651263, 0.00417980990385, 0.00995047300474, 0.778640162019, 0.36888266998, 0.796288112495, 0.708881581981, 0.367989028555, 0.00663445034913, 0.660112783272, 158.849414735, 0.134641303265, 40.7043104841
0.894381968826, 0.998370675995, 0.990410594485, 0.866073654037, 0.912282454825, 0.505950560996, 0.847301791643, 0.933874279306, 0.735156828646, 230.048255308, 35.5737899253, 2.57181972765, 0.437687837442, 31.7228395774
0.850214398443, 0.117777053994, 0.0228935782929, 0.718919414004, 0.78000460014, 0.596408465088, 0.0949334621852, 0.88817758432, 0.294197743487, 0.127750556892, 0.0499474637809, 7.58421749986, 58.1415457847, 11.6104709757
0.802193853482, 0.00463787221511, 0.985116833548, 0.999583169908, 0.776708343368, 0.358664761134, 0.753829499185, 0.705972809833, 0.67023732203, 1.15883582769, 0.000483239072881, 0.0175150175631, 252.567561998, 62.5686683733
0.00799693808515, 0.368330928948, 0.999189015023, 0.161921241865, 0.788190061436, 0.601286245139, 0.663733999601, 0.582629226647, 0.999714673926, 0.0677185016102, 0.350500262217, 0.000339444418956, 0.717806336108, 140.963590745
0.90877805653, 0.56050009716, 0.114330735268, 0.52433390058, 0.0992995473331, 0.604364570681, 0.681452006898, 0.599538659762, 0.800214992203, 1.46399629333, 1.32811059068, 21.6292079746, 19.1492660964, 4.37355748664
0.974529597816, 0.00161960649565, 0.909518801649, 0.973861104832, 0.389358508603, 0.89090555455, 0.300309947165, 0.769980563094, 0.478000195946, 0.194706682811, 0.00522601995833, 0.0198898038208, 135.506051143, 3.54734488971
0.686540943588, 0.170544069325, 0.606273981379, 0.997198471736, 0.702507128017, 0.606745417711, 0.311640325987, 0.0914387038438, 0.998133266235, 3.6018079383, 0.010118915169, 2.34565497324, 28.9752179492, 15.9495257462
0.997175052564, 0.998370675995, 0.0304141854836, 0.914435551048, 0.912129242142, 0.558669359674, 0.839381024775, 0.189522712503, 0.555466091231, 8.95149169173, 0.837598071318, 312.070253415, 0.525268987403, 0.913299606949
0.995295550133, 0.928464992233, 0.986274365801, 0.366943480267, 0.423857158532, 0.312042834199, 0.00497523623731, 0.908507327486, 0.371754470404, 51.3544968796, 88.5975656075, 1.94766373503, 10.932881802, 0.722391798488
0.6027692206, 0.000566662207787, 0.831254177073, 0.0891259349352, 0.702562450388, 0.319108529208, 0.676952672641, 0.756126534482, 0.689897208663, 0.00489294969059, 0.0500063306832, 0.0111446348185, 116.482958797, 76.8069264381
0.128680745957, 0.0286867056423, 0.0399174692152, 0.948844753405, 0.303433931837, 0.784438522504, 0.785660316743, 0.794850289096, 0.407465011056, 0.00915786265383, 0.000493729580795, 0.232137088871, 8.18680831851, 57.0714662534
0.128680745957, 0.243040375471, 0.909518801649, 0.948844753405, 0.301130459341, 0.784962569818, 0.797007858683, 0.793835245528, 0.810126370423, 1.49186422851, 0.0804311582286, 0.156415865726, 5.38414499257, 48.1623614432
0.884947555044, 0.172558623862, 0.493776009203, 0.356213180662, 0.708141480952, 0.593395843638, 0.703193895762, 0.0907368496833, 0.775834379819, 2.27243137056, 4.10698268238, 6.54023763941, 61.951435033, 9.73402495451
0.956384522221, 0.0629085540829, 0.991677798301, 0.862481102735, 0.0672254576889, 0.60495726158, 0.884736893865, 0.888121272813, 0.8033095126, 7.27998382736, 1.16076206756, 0.070835093766, 126.78927138, 6.17033335735
0.948437798707, 0.984486367195, 0.873652204555, 0.874979788195, 0.822787888428, 0.702437266934, 0.662162453493, 0.802978469365, 0.78484975242, 120.870560651, 17.270413897, 19.977981517, 2.49165402953, 8.73166022991
0.917509426284, 0.56050009716, 0.10647912366, 0.185507692409, 0.787459239623, 0.604364570681, 0.681294482042, 0.907912239579, 0.997183579964, 0.829639112836, 3.64262347672, 37.5290465482, 32.9341089836, 6.73722302508
0.994253540146, 0.932084487366, 0.995859328696, 0.0423470944943, 0.820785412553, 0.385685283436, 0.135231131543, 0.908507327486, 0.336055027176, 9.66890734179, 218.656257755, 0.949350407004, 16.7058849979, 1.4216861588
0.996490519411, 0.999113217833, 0.831254177073, 0.0419313966024, 0.428198048845, 0.373383373698, 0.736640713676, 0.776479372491, 0.670066496044, 11.0591407006, 252.684535797, 53.5403549961, 0.281611549197, 1.11841551768
0.90877805653, 0.56050009716, 0.114330735268, 0.982891174413, 0.0992995473331, 0.604364570681, 0.68285355856, 0.599538659762, 0.800214992203, 2.51886439286, 0.0438449471271, 19.8521674118, 17.5759758197, 4.01422906987
0.0164984017132, 0.00215800637685, 0.0249451975519, 0.019863174869, 0.806256992118, 0.377412410245, 0.679301965983, 0.803183579162, 0.705139338857, 1.77724355509e-06, 8.76970508018e-05, 0.0034973601723, 1.65851875759, 99.0813252533
0.988840663298, 0.00125351868609, 0.986778948702, 0.384790461568, 0.423857158532, 0.385685283436, 0.011217863559, 0.908523752604, 0.0386965131791, 0.0962528522477, 0.153890698233, 0.00335147067855, 201.973263919, 2.28218415455
0.993524535622, 0.98822196564, 0.0374544841837, 0.484617746491, 0.933102933065, 0.606075542068, 0.486467289314, 0.186433217369, 0.839061832327, 3.95340327422, 4.20437324726, 209.647292732, 2.59589007188, 1.43650056924
