0.260780343464, 0.0926921444617, 0.0304761588702, 0.171155298165, 0.00447232032941, 0.148760187751, 0.310132513048, 0.690027105434, 0.257540938737, 0.0877709638335, 0.688968111123, 6.94513889134
0.0887976005244, 0.371932246737, 0.379887909576, 0.248451655956, 0.17092991151, 0.22660902023, 0.141345813122, 0.487220234287, 0.0450856140828, 0.995720161705, 0.320958628519, 7.86341084918
0.077018133791, 0.20033019581, 0.155680422988, 0.385029908188, 0.732784855807, 0.204610559965, 0.000312967725699, 0.238973204661, 0.602795899806, 0.662428511679, 0.295793720365, 7.92945664945
0.0801120228268, 0.20033019581, 0.828648303405, 0.171155298165, 0.582190936171, 0.148760187751, 0.636508273461, 0.35243606478, 0.310936016038, 0.70143015619, 0.282165149263, 8.30764852721
0.350389037755, 0.586976785337, 0.00153878188299, 0.0214730787343, 0.317823494556, 0.0528983222855, 0.224901783645, 0.0932137661916, 0.406329875617, 0.00027774894634, 0.999754928176, 6.79394239377
0.0858730990642, 0.59687804631, 0.364347188467, 0.161492091311, 0.317823494556, 0.472346518204, 0.0699330573193, 0.395508916214, 0.673701702861, 0.84792171573, 0.29557303875, 8.29155913265
0.0980874828242, 0.20033019581, 0.117470608049, 0.0458098686552, 0.101151022071, 0.123621857297, 0.636508273461, 0.0676227718473, 0.170046845463, 0.70143015619, 0.466042128664, 7.27250854414
0.18389209046, 0.123208404262, 0.392335533249, 0.0866814195592, 0.242764813608, 0.162078621106, 0.357551212702, 0.0148588048792, 0.0961425141894, 0.331056498012, 0.999494843862, 6.88201673834
0.260780343464, 0.0926921444617, 0.0304761588702, 0.171155298165, 0.00447232032941, 0.148760187751, 0.310132513048, 0.690027105434, 0.257540938737, 0.0877709638335, 0.688968111123, 6.94513889134
0.0887976005244, 0.371932246737, 0.379887909576, 0.248451655956, 0.17092991151, 0.22660902023, 0.141345813122, 0.487220234287, 0.0450856140828, 0.995720161705, 0.320958628519, 7.86341084918
0.077018133791, 0.20033019581, 0.155680422988, 0.385029908188, 0.732784855807, 0.204610559965, 0.000312967725699, 0.238973204661, 0.602795899806, 0.662428511679, 0.295793720365, 7.92945664945
0.0801120228268, 0.20033019581, 0.828648303405, 0.171155298165, 0.582190936171, 0.148760187751, 0.636508273461, 0.35243606478, 0.310936016038, 0.70143015619, 0.282165149263, 8.30764852721
0.350389037755, 0.586976785337, 0.00153878188299, 0.0214730787343, 0.317823494556, 0.0528983222855, 0.224901783645, 0.0932137661916, 0.406329875617, 0.00027774894634, 0.999754928176, 6.79394239377
0.0858730990642, 0.59687804631, 0.364347188467, 0.161492091311, 0.317823494556, 0.472346518204, 0.0699330573193, 0.395508916214, 0.673701702861, 0.84792171573, 0.29557303875, 8.29155913265
0.0980874828242, 0.20033019581, 0.117470608049, 0.0458098686552, 0.101151022071, 0.123621857297, 0.636508273461, 0.0676227718473, 0.170046845463, 0.70143015619, 0.466042128664, 7.27250854414
0.18389209046, 0.123208404262, 0.392335533249, 0.0866814195592, 0.242764813608, 0.162078621106, 0.357551212702, 0.0148588048792, 0.0961425141894, 0.331056498012, 0.999494843862, 6.88201673834
0.0858730990642, 0.59687804631, 0.493720652608, 0.161492091311, 0.317823494556, 0.472346518204, 0.0699330573193, 0.395508916214, 0.673701702861, 0.84792171573, 0.29557303875, 8.35145347665
0.0858730990642, 0.59687804631, 0.493720652608, 0.161492091311, 0.317823494556, 0.472346518204, 0.0699330573193, 0.395508916214, 0.673701702861, 0.84792171573, 0.29557303875, 8.35145347665
0.0858730990642, 0.59687804631, 0.493720652608, 0.161492091311, 0.317823494556, 0.472346518204, 0.0699330573193, 0.395508916214, 0.673701702861, 0.84792171573, 0.29557303875, 8.35145347665
0.0858730990642, 0.59687804631, 0.493720652608, 0.161492091311, 0.317823494556, 0.472346518204, 0.0699330573193, 0.395508916214, 0.673701702861, 0.84792171573, 0.29557303875, 8.35145347665
0.260780343464, 0.0926921444617, 0.0304761588702, 0.299883455077, 0.00447232032941, 0.0310305163961, 0.310132513048, 0.690027105434, 0.257540938737, 0.0877709638335, 0.688968111123, 6.95442714763
0.260780343464, 0.0926921444617, 0.0304761588702, 0.299883455077, 0.00447232032941, 0.0310305163961, 0.310132513048, 0.690027105434, 0.257540938737, 0.0877709638335, 0.688968111123, 6.95442714763
0.0887976005244, 0.371932246737, 0.379887909576, 0.248451655956, 0.17092991151, 0.22660902023, 0.141345813122, 0.487220234287, 0.0602822626039, 0.995720161705, 0.320958628519, 7.87192672698
0.0887976005244, 0.371932246737, 0.379887909576, 0.248451655956, 0.17092991151, 0.22660902023, 0.141345813122, 0.487220234287, 0.0602822626039, 0.995720161705, 0.320958628519, 7.87192672698
0.0544096174837, 0.106577944106, 0.203403662767, 0.409005271939, 0.641234454244, 0.803038818157, 0.00691280242727, 0.188800782579, 0.129035390145, 0.00027774894634, 0.68569545501, 7.46367651873
0.0980874828242, 0.20033019581, 0.828648303405, 0.0688971607458, 0.101151022071, 0.123621857297, 0.444084500672, 0.0676227718473, 0.310936016038, 0.70143015619, 0.466042128664, 7.7214190948
0.0544096174837, 0.106577944106, 0.203403662767, 0.409005271939, 0.641234454244, 0.803038818157, 0.00691280242727, 0.188800782579, 0.129035390145, 0.00027774894634, 0.68569545501, 7.46367651873
0.0980874828242, 0.20033019581, 0.828648303405, 0.0688971607458, 0.101151022071, 0.123621857297, 0.444084500672, 0.0676227718473, 0.310936016038, 0.70143015619, 0.466042128664, 7.7214190948
0.0762268205813, 0.496485181751, 0.535153759069, 0.191145064834, 0.525106925151, 0.427391333298, 0.562102433574, 0.183119538171, 0.0602822626039, 0.951651049239, 0.301556198697, 8.30630723712
0.0762268205813, 0.496485181751, 0.535153759069, 0.191145064834, 0.525106925151, 0.427391333298, 0.562102433574, 0.183119538171, 0.0602822626039, 0.951651049239, 0.301556198697, 8.30630723712
0.365765251147, 0.586976785337, 0.00153878188299, 0.701691923183, 0.103392161436, 0.0528983222855, 0.224901783645, 0.0932137661916, 0.0602822626039, 0.0877709638335, 0.991723113939, 6.97239594815
0.901839787893, 0.0926921444617, 0.0304761588702, 0.171155298165, 0.890599197908, 0.148760187751, 0.310132513048, 0.0889491434292, 0.257540938737, 0.0877709638335, 0.978609365655, 7.10644681123
0.365765251147, 0.586976785337, 0.00153878188299, 0.701691923183, 0.103392161436, 0.0528983222855, 0.224901783645, 0.0932137661916, 0.0602822626039, 0.0877709638335, 0.991723113939, 6.97239594815
0.901839787893, 0.0926921444617, 0.0304761588702, 0.171155298165, 0.890599197908, 0.148760187751, 0.310132513048, 0.0889491434292, 0.257540938737, 0.0877709638335, 0.978609365655, 7.10644681123
0.0544096174837, 0.371932246737, 0.203403662767, 0.528193113732, 0.317823494556, 0.472346518204, 0.390102725355, 0.188800782579, 0.129035390145, 0.00027774894634, 0.68569545501, 7.53754080524
0.0980874828242, 0.162089503013, 0.828648303405, 0.0688971607458, 0.421802859376, 0.123621857297, 0.0773840977355, 0.238973204661, 0.284594736844, 0.70143015619, 0.466042128664, 7.75725430857
0.0544096174837, 0.371932246737, 0.203403662767, 0.528193113732, 0.317823494556, 0.472346518204, 0.390102725355, 0.188800782579, 0.129035390145, 0.00027774894634, 0.68569545501, 7.53754080524
0.0980874828242, 0.162089503013, 0.828648303405, 0.0688971607458, 0.421802859376, 0.123621857297, 0.0773840977355, 0.238973204661, 0.284594736844, 0.70143015619, 0.466042128664, 7.75725430857
0.901839787893, 0.0926921444617, 0.0207934514631, 0.171155298165, 0.965196987542, 0.148760187751, 0.310132513048, 0.0889491434292, 0.257540938737, 0.0877709638335, 0.978609365655, 7.15548222884
0.901839787893, 0.0926921444617, 0.0207934514631, 0.171155298165, 0.965196987542, 0.148760187751, 0.310132513048, 0.0889491434292, 0.257540938737, 0.0877709638335, 0.978609365655, 7.15548222884
0.077018133791, 0.20033019581, 0.155680422988, 0.54884913784, 0.732784855807, 0.204610559965, 0.636508273461, 0.668696005326, 0.602795899806, 0.662428511679, 0.295793720365, 8.52082973505
0.077018133791, 0.20033019581, 0.155680422988, 0.54884913784, 0.732784855807, 0.204610559965, 0.636508273461, 0.668696005326, 0.602795899806, 0.662428511679, 0.295793720365, 8.52082973505
0.0762268205813, 0.496485181751, 0.535153759069, 0.191145064834, 0.525106925151, 0.650490888563, 0.465208110767, 0.183119538171, 0.0602822626039, 0.951651049239, 0.301556198697, 8.36439811015
0.0762268205813, 0.496485181751, 0.535153759069, 0.191145064834, 0.525106925151, 0.650490888563, 0.465208110767, 0.183119538171, 0.0602822626039, 0.951651049239, 0.301556198697, 8.36439811015
0.254021089308, 0.0926921444617, 0.0980604912396, 0.0458098686552, 0.405793243777, 0.433842423695, 0.425508166172, 0.363574504492, 0.894670528719, 0.252044754926, 0.644181984477, 7.79245343156
0.254021089308, 0.0926921444617, 0.0980604912396, 0.0458098686552, 0.405793243777, 0.433842423695, 0.425508166172, 0.363574504492, 0.894670528719, 0.252044754926, 0.644181984477, 7.79245343156
0.0544096174837, 0.106577944106, 0.203403662767, 0.528193113732, 0.641234454244, 0.803038818157, 0.00691280242727, 0.188800782579, 0.129035390145, 0.00027774894634, 0.68569545501, 7.54109158313
0.0544096174837, 0.106577944106, 0.203403662767, 0.528193113732, 0.641234454244, 0.803038818157, 0.00691280242727, 0.188800782579, 0.129035390145, 0.00027774894634, 0.68569545501, 7.54109158313
0.0745984548268, 0.79555682642, 0.32627255519, 0.537958110698, 0.890828948625, 0.0388106416326, 0.0312782443325, 0.632922947501, 0.473904265261, 0.385907906844, 0.316201104093, 8.38812225795
0.0745984548268, 0.79555682642, 0.32627255519, 0.537958110698, 0.890828948625, 0.0388106416326, 0.0312782443325, 0.632922947501, 0.473904265261, 0.385907906844, 0.316201104093, 8.38812225795
0.365765251147, 0.586976785337, 0.00153878188299, 0.0214730787343, 0.0283756134077, 0.315572323838, 0.245783820704, 0.0932137661916, 0.385822199181, 0.58019421083, 0.991723113939, 7.23683730451
0.365765251147, 0.586976785337, 0.00153878188299, 0.0214730787343, 0.0283756134077, 0.315572323838, 0.245783820704, 0.0932137661916, 0.385822199181, 0.58019421083, 0.991723113939, 7.23683730451
0.0700393159912, 0.0779843147311, 0.925690036153, 0.781624529052, 0.141858971384, 0.433842423695, 0.166862603336, 0.148041170705, 0.0980385321507, 0.634182496374, 0.375336983126, 8.04262012242
0.0745984548268, 0.79555682642, 0.34671222332, 0.537958110698, 0.890828948625, 0.0388106416326, 0.0312782443325, 0.632922947501, 0.473904265261, 0.385907906844, 0.316201104093, 8.39731083873
0.0887976005244, 0.106577944106, 0.793917936953, 0.248451655956, 0.509474071464, 0.22660902023, 0.691727495214, 0.487220234287, 0.0338698884171, 0.334712781279, 0.320958628519, 8.0599589241
0.0700393159912, 0.0779843147311, 0.925690036153, 0.781624529052, 0.141858971384, 0.433842423695, 0.166862603336, 0.148041170705, 0.0980385321507, 0.634182496374, 0.375336983126, 8.04262012242
0.0745984548268, 0.79555682642, 0.34671222332, 0.537958110698, 0.890828948625, 0.0388106416326, 0.0312782443325, 0.632922947501, 0.473904265261, 0.385907906844, 0.316201104093, 8.39731083873
0.0887976005244, 0.106577944106, 0.793917936953, 0.248451655956, 0.509474071464, 0.22660902023, 0.691727495214, 0.487220234287, 0.0338698884171, 0.334712781279, 0.320958628519, 8.0599589241
0.365765251147, 0.870402494751, 0.00153878188299, 0.0214730787343, 0.0283756134077, 0.0817559991734, 0.245783820704, 0.0932137661916, 0.385822199181, 0.58019421083, 0.991723113939, 7.27215288982
0.0745984548268, 0.79555682642, 0.32627255519, 0.537958110698, 0.890828948625, 0.0388106416326, 0.0312782443325, 0.825573579616, 0.473904265261, 0.385907906844, 0.316201104093, 8.47340426564
0.365765251147, 0.870402494751, 0.00153878188299, 0.0214730787343, 0.0283756134077, 0.0817559991734, 0.245783820704, 0.0932137661916, 0.385822199181, 0.58019421083, 0.991723113939, 7.27215288982
0.0745984548268, 0.79555682642, 0.32627255519, 0.537958110698, 0.890828948625, 0.0388106416326, 0.0312782443325, 0.825573579616, 0.473904265261, 0.385907906844, 0.316201104093, 8.47340426564
0.254021089308, 0.0730224959968, 0.117470608049, 0.0458098686552, 0.405793243777, 0.136800746725, 0.752837663103, 0.363574504492, 0.894670528719, 0.252044754926, 0.644181984477, 7.80956564981
0.254021089308, 0.0730224959968, 0.117470608049, 0.0458098686552, 0.405793243777, 0.136800746725, 0.752837663103, 0.363574504492, 0.894670528719, 0.252044754926, 0.644181984477, 7.80956564981
0.0745984548268, 0.79555682642, 0.32627255519, 0.537958110698, 0.890828948625, 0.0388106416326, 0.0312782443325, 0.867127000979, 0.473904265261, 0.385907906844, 0.316201104093, 8.49142207784
0.0745984548268, 0.79555682642, 0.32627255519, 0.537958110698, 0.890828948625, 0.0388106416326, 0.0312782443325, 0.867127000979, 0.473904265261, 0.385907906844, 0.316201104093, 8.49142207784
0.0700393159912, 0.0779843147311, 0.925690036153, 0.781624529052, 0.17092991151, 0.433842423695, 0.166862603336, 0.0931331028558, 0.129035390145, 0.634182496374, 0.375336983126, 8.04529655478
0.0544096174837, 0.371932246737, 0.203403662767, 0.528193113732, 0.317823494556, 0.497810387818, 0.390102725355, 0.188800782579, 0.129035390145, 0.00027774894634, 0.68569545501, 7.55375900854
0.0700393159912, 0.0779843147311, 0.925690036153, 0.781624529052, 0.17092991151, 0.433842423695, 0.166862603336, 0.0931331028558, 0.129035390145, 0.634182496374, 0.375336983126, 8.04529655478
0.0544096174837, 0.371932246737, 0.203403662767, 0.528193113732, 0.317823494556, 0.497810387818, 0.390102725355, 0.188800782579, 0.129035390145, 0.00027774894634, 0.68569545501, 7.55375900854
0.0887976005244, 0.0926921444617, 0.379887909576, 0.943775229977, 0.17092991151, 0.433842423695, 0.5246776315, 0.188800782579, 0.0980385321507, 0.634182496374, 0.320958628519, 8.07757207726
0.0887976005244, 0.0926921444617, 0.379887909576, 0.943775229977, 0.17092991151, 0.433842423695, 0.5246776315, 0.188800782579, 0.0980385321507, 0.634182496374, 0.320958628519, 8.07757207726
0.0544096174837, 0.106577944106, 0.203403662767, 0.528193113732, 0.641234454244, 0.462658366494, 0.390102725355, 0.188800782579, 0.129035390145, 4.17009828587e-05, 0.68569545501, 7.56809751946
0.0544096174837, 0.106577944106, 0.203403662767, 0.528193113732, 0.641234454244, 0.462658366494, 0.390102725355, 0.188800782579, 0.129035390145, 4.17009828587e-05, 0.68569545501, 7.56809751946
0.0887976005244, 0.0926921444617, 0.379887909576, 0.943775229977, 0.17092991151, 0.433842423695, 0.5246776315, 0.321937447989, 0.129035390145, 0.634182496374, 0.320958628519, 8.16017137213
0.0887976005244, 0.0926921444617, 0.379887909576, 0.943775229977, 0.17092991151, 0.433842423695, 0.5246776315, 0.321937447989, 0.129035390145, 0.634182496374, 0.320958628519, 8.16017137213
0.365765251147, 0.586976785337, 0.00153878188299, 0.0429588518437, 0.103392161436, 0.0476530272769, 0.231088501536, 0.0932137661916, 0.720807260044, 0.58019421083, 0.991723113939, 7.34112443322
0.365765251147, 0.586976785337, 0.00153878188299, 0.0429588518437, 0.103392161436, 0.0476530272769, 0.231088501536, 0.0932137661916, 0.720807260044, 0.58019421083, 0.991723113939, 7.34112443322
0.18389209046, 0.123208404262, 0.392335533249, 0.0866814195592, 0.242764813608, 0.550660870946, 0.357551212702, 0.242624320623, 0.0507755332275, 0.331056498012, 0.999494843862, 7.31831992894
0.18389209046, 0.123208404262, 0.392335533249, 0.0866814195592, 0.242764813608, 0.550660870946, 0.357551212702, 0.242624320623, 0.0507755332275, 0.331056498012, 0.999494843862, 7.31831992894
0.0887976005244, 0.496485181751, 0.855376497877, 0.191145064834, 0.525106925151, 0.544917788132, 0.168441033484, 0.0854270665594, 0.385822199181, 0.385907906844, 0.320958628519, 8.16396167753
0.0887976005244, 0.496485181751, 0.855376497877, 0.191145064834, 0.525106925151, 0.544917788132, 0.168441033484, 0.0854270665594, 0.385822199181, 0.385907906844, 0.320958628519, 8.16396167753
0.0544096174837, 0.371932246737, 0.203403662767, 0.528193113732, 0.410428135271, 0.497810387818, 0.390102725355, 0.188800782579, 0.129035390145, 0.00027774894634, 0.68569545501, 7.61175945332
0.0544096174837, 0.371932246737, 0.203403662767, 0.528193113732, 0.410428135271, 0.497810387818, 0.390102725355, 0.188800782579, 0.129035390145, 0.00027774894634, 0.68569545501, 7.61175945332
0.790142176027, 0.586976785337, 0.00153878188299, 0.0738582048205, 0.103392161436, 0.162078621106, 0.231088501536, 0.0932137661916, 0.720807260044, 0.58019421083, 0.993732994866, 7.43778873322
0.365765251147, 0.586976785337, 0.00153878188299, 0.0214730787343, 0.103392161436, 0.0133584222019, 0.695030814227, 0.0932137661916, 0.0450856140828, 0.99465919207, 0.991723113939, 7.43934960516
0.790142176027, 0.586976785337, 0.00153878188299, 0.0738582048205, 0.103392161436, 0.162078621106, 0.231088501536, 0.0932137661916, 0.720807260044, 0.58019421083, 0.993732994866, 7.43778873322
0.365765251147, 0.586976785337, 0.00153878188299, 0.0214730787343, 0.103392161436, 0.0133584222019, 0.695030814227, 0.0932137661916, 0.0450856140828, 0.99465919207, 0.991723113939, 7.43934960516
0.365765251147, 0.586976785337, 0.00153878188299, 0.0214730787343, 0.103392161436, 0.0528983222855, 0.695030814227, 0.0932137661916, 0.0450856140828, 0.992210229029, 0.991723113939, 7.46347081427
0.365765251147, 0.586976785337, 0.00153878188299, 0.0214730787343, 0.103392161436, 0.0528983222855, 0.695030814227, 0.0932137661916, 0.0450856140828, 0.992210229029, 0.991723113939, 7.46347081427
0.0908799300113, 0.0926921444617, 0.828648303405, 0.0688971607458, 0.405793243777, 0.433842423695, 0.425508166172, 0.363574504492, 0.554937329468, 0.634182496374, 0.345857946956, 8.24420661122
0.0887976005244, 0.496485181751, 0.855376497877, 0.191145064834, 0.525106925151, 0.544917788132, 0.224901783645, 0.283682099764, 0.385822199181, 0.385907906844, 0.320958628519, 8.28657455715
0.0908799300113, 0.0926921444617, 0.828648303405, 0.0688971607458, 0.405793243777, 0.433842423695, 0.425508166172, 0.363574504492, 0.554937329468, 0.634182496374, 0.345857946956, 8.24420661122
0.0887976005244, 0.496485181751, 0.855376497877, 0.191145064834, 0.525106925151, 0.544917788132, 0.224901783645, 0.283682099764, 0.385822199181, 0.385907906844, 0.320958628519, 8.28657455715
0.0544096174837, 0.371932246737, 0.203403662767, 0.528193113732, 0.398732676108, 0.472346518204, 0.390102725355, 0.188800782579, 0.129035390145, 0.0877709638335, 0.68569545501, 7.64266286585
0.0544096174837, 0.371932246737, 0.203403662767, 0.528193113732, 0.398732676108, 0.472346518204, 0.390102725355, 0.188800782579, 0.129035390145, 0.0877709638335, 0.68569545501, 7.64266286585
0.101231167932, 0.59687804631, 0.493720652608, 0.231509367227, 0.309377332703, 0.0310305163961, 0.0699330573193, 0.701417738169, 0.105984795317, 0.84792171573, 0.529073512547, 8.01476036921
0.0609367189153, 0.355279057152, 0.0308943965626, 0.78749294992, 0.549194339696, 0.229641591078, 0.0357094428878, 0.657111546848, 0.240147094967, 0.348908253803, 0.54846391498, 7.93059329874
0.101231167932, 0.59687804631, 0.493720652608, 0.231509367227, 0.309377332703, 0.0310305163961, 0.0699330573193, 0.701417738169, 0.105984795317, 0.84792171573, 0.529073512547, 8.01476036921
0.0609367189153, 0.355279057152, 0.0308943965626, 0.78749294992, 0.549194339696, 0.229641591078, 0.0357094428878, 0.657111546848, 0.240147094967, 0.348908253803, 0.54846391498, 7.93059329874
