0.194715614224, 1.02240925121, 2.21545007451, 0.740486443983, 98.978808036, 8.57532832965, 0.330409250624, 4.066191528, 11.8351849048, 97.2212894026, 0.0442926010587, 0.142857142857
0.194715614224, 1.02240925121, 2.21545007451, 0.740486443983, 98.978808036, 8.57532832965, 0.330409250624, 4.066191528, 11.8351849048, 97.2212894026, 0.0442926010587, 0.142857142857
0.115483184837, 1.01497629782, 3.05698426722, 0.804071230891, 91.2535239286, 1.05580162083, 0.301472259944, 3.62391787834, 13.7914435071, 120.603965724, 0.00938490842225, 0.384615384615
0.115483184837, 1.01497629782, 3.05698426722, 0.804071230891, 91.2535239286, 1.05580162083, 0.301472259944, 3.62391787834, 13.7914435071, 120.603965724, 0.00938490842225, 0.384615384615
0.115483184837, 1.02675997519, 6.07313494539, 0.759883488207, 91.1720864741, 1.05580162083, 0.416046441137, 3.65019241032, 13.1947877206, 378.727526037, 0.00258570893263, 0.0
0.115483184837, 1.02675997519, 6.07313494539, 0.759883488207, 91.1720864741, 1.05580162083, 0.416046441137, 3.65019241032, 13.1947877206, 378.727526037, 0.00258570893263, 0.0
0.155700334858, 0.865973454292, 2.01023609898, 0.680949472459, 93.5892568253, 1.10988965699, 0.032174274915, 3.66926407861, 15.8522839391, 108.123572067, 0.0122058447326, 0.0
0.155700334858, 0.865973454292, 2.01023609898, 0.680949472459, 93.5892568253, 1.10988965699, 0.032174274915, 3.66926407861, 15.8522839391, 108.123572067, 0.0122058447326, 0.0
0.147204947415, 1.19741769945, 2.01023609898, 0.727387305459, 93.5892568253, 1.10988965699, 0.493757168304, 3.28859622259, 19.1164478891, 134.077997709, 0.00697927262072, 0.0
0.147204947415, 1.19741769945, 2.01023609898, 0.727387305459, 93.5892568253, 1.10988965699, 0.493757168304, 3.28859622259, 19.1164478891, 134.077997709, 0.00697927262072, 0.0
0.155700334858, 0.889141829618, 2.72767436511, 0.680949472459, 93.5892568253, 1.10988965699, 0.933344285011, 3.866427945, 14.1709044343, 172.095575135, 0.00504417427647, 0.125
0.155700334858, 0.889141829618, 2.72767436511, 0.680949472459, 93.5892568253, 1.10988965699, 0.933344285011, 3.866427945, 14.1709044343, 172.095575135, 0.00504417427647, 0.125
0.119083666544, 1.01497629782, 7.02820710051, 0.759883488207, 91.1720864741, 1.05580162083, 0.0104424460888, 2.6583271547, 13.1947877206, 245.517442813, 0.00287947835944, 0.0
0.119083666544, 1.01497629782, 7.02820710051, 0.759883488207, 91.1720864741, 1.05580162083, 0.0104424460888, 2.6583271547, 13.1947877206, 245.517442813, 0.00287947835944, 0.0
0.106699029422, 0.908004659871, 2.29876427996, 0.632152493881, 85.2018835839, 1.21514260997, 1.61220920849, 0.473481597951, 15.6955115149, 178.312791413, 0.00449265057749, 0.0
0.106699029422, 0.908004659871, 2.29876427996, 0.632152493881, 85.2018835839, 1.21514260997, 1.61220920849, 0.473481597951, 15.6955115149, 178.312791413, 0.00449265057749, 0.0
0.134808190192, 1.02391239066, 2.04031027495, 0.60726383219, 99.1510409329, 3.8622494881, 0.297486285864, 0.0829838442937, 10.4961618473, 95.2238351349, 0.0445731747306, 0.0769230769231
0.134808190192, 1.02391239066, 2.04031027495, 0.60726383219, 99.1510409329, 3.8622494881, 0.297486285864, 0.0829838442937, 10.4961618473, 95.2238351349, 0.0445731747306, 0.0769230769231
0.19065144857, 0.919627704715, 2.13082011704, 0.780712103622, 98.978808036, 9.83199316798, 0.0532362572409, 0.60155961217, 17.4296402506, 107.145490347, 0.0533051436004, 0.0
0.19065144857, 0.919627704715, 2.13082011704, 0.780712103622, 98.978808036, 9.83199316798, 0.0532362572409, 0.60155961217, 17.4296402506, 107.145490347, 0.0533051436004, 0.0
0.155700334858, 0.83804500724, 2.01023609898, 0.680949472459, 93.5892568253, 5.13708995172, 0.493757168304, 3.66926407861, 15.8522839391, 73.3853587014, 0.0642202178729, 0.1
0.155700334858, 0.83804500724, 2.01023609898, 0.680949472459, 93.5892568253, 5.13708995172, 0.493757168304, 3.66926407861, 15.8522839391, 73.3853587014, 0.0642202178729, 0.1
0.134808190192, 1.03811539672, 2.04031027495, 0.60726383219, 99.1510409329, 4.27247202333, 0.0268475947218, 2.70507511363, 17.2804670199, 103.815933166, 0.0254297645968, 0.125
0.134808190192, 1.03811539672, 2.04031027495, 0.60726383219, 99.1510409329, 4.27247202333, 0.0268475947218, 2.70507511363, 17.2804670199, 103.815933166, 0.0254297645968, 0.125
0.134808190192, 1.03811539672, 2.04031027495, 0.60726383219, 99.1510409329, 3.8622494881, 0.0268475947218, 2.70507511363, 10.4961618473, 95.4079303931, 0.0375528830497, 0.481481481481
0.134808190192, 1.03811539672, 2.04031027495, 0.60726383219, 99.1510409329, 3.8622494881, 0.0268475947218, 2.70507511363, 10.4961618473, 95.4079303931, 0.0375528830497, 0.481481481481
0.182820003076, 0.889141829618, 2.00635113471, 0.680949472459, 93.5892568253, 5.13708995172, 0.493757168304, 0.675252961309, 15.8522839391, 119.758006282, 0.0391441712029, 0.0
0.182820003076, 0.889141829618, 2.00635113471, 0.680949472459, 93.5892568253, 5.13708995172, 0.493757168304, 0.675252961309, 15.8522839391, 119.758006282, 0.0391441712029, 0.0
0.155700334858, 1.01765418613, 2.01023609898, 0.680949472459, 93.5892568253, 1.10988965699, 0.032174274915, 3.66926407861, 15.8522839391, 112.586278948, 0.0194587515182, 0.409090909091
0.155700334858, 1.01765418613, 2.01023609898, 0.680949472459, 93.5892568253, 1.10988965699, 0.032174274915, 3.66926407861, 15.8522839391, 112.586278948, 0.0194587515182, 0.409090909091
0.147204947415, 0.839974833614, 2.01023609898, 0.612640208193, 93.5892568253, 1.10988965699, 0.410761583001, 3.28859622259, 15.8522839391, 125.515946723, 0.0137668125706, 0.2
0.147204947415, 0.839974833614, 2.01023609898, 0.612640208193, 93.5892568253, 1.10988965699, 0.410761583001, 3.28859622259, 15.8522839391, 125.515946723, 0.0137668125706, 0.2
0.194715614224, 0.919627704715, 2.21545007451, 0.736872294864, 87.179521591, 8.57532832965, 0.661774230709, 4.40929699954, 16.9362002691, 118.411344885, 0.0496985300303, 0.0
0.194715614224, 0.919627704715, 2.21545007451, 0.736872294864, 87.179521591, 8.57532832965, 0.661774230709, 4.40929699954, 16.9362002691, 118.411344885, 0.0496985300303, 0.0
0.155700334858, 0.861234817988, 2.01023609898, 0.680949472459, 93.5892568253, 1.10988965699, 0.032174274915, 3.66926407861, 15.8522839391, 114.220733045, 0.0188170352963, 0.238095238095
0.155700334858, 0.861234817988, 2.01023609898, 0.680949472459, 93.5892568253, 1.10988965699, 0.032174274915, 3.66926407861, 15.8522839391, 114.220733045, 0.0188170352963, 0.238095238095
0.155700334858, 0.889141829618, 3.49318378756, 0.680949472459, 93.5892568253, 1.09941287113, 0.933344285011, 3.66926407861, 15.8522839391, 163.377823062, 0.0173072286165, 0.0833333333333
0.155700334858, 0.889141829618, 3.49318378756, 0.680949472459, 93.5892568253, 1.09941287113, 0.933344285011, 3.66926407861, 15.8522839391, 163.377823062, 0.0173072286165, 0.0833333333333
0.155700334858, 0.889141829618, 2.72767436511, 0.680949472459, 93.5892568253, 1.10988965699, 0.933344285011, 3.866427945, 14.1709044343, 155.211493886, 0.0111245964044, 0.2
0.155700334858, 0.889141829618, 2.72767436511, 0.680949472459, 93.5892568253, 1.10988965699, 0.933344285011, 3.866427945, 14.1709044343, 155.211493886, 0.0111245964044, 0.2
0.114624794526, 1.07079979753, 2.51338191201, 0.838668706523, 91.0766655843, 3.48343848018, 0.663089152187, 0.444950769773, 10.3197961784, 139.416941196, 0.0289069153033, 0.0625
0.114624794526, 1.07079979753, 2.51338191201, 0.838668706523, 91.0766655843, 3.48343848018, 0.663089152187, 0.444950769773, 10.3197961784, 139.416941196, 0.0289069153033, 0.0625
0.107346079532, 0.871203176664, 2.01023609898, 0.680949472459, 93.5892568253, 5.13708995172, 0.493757168304, 0.675252961309, 15.8522839391, 152.942718987, 0.0254323340264, 0.0
0.107346079532, 0.871203176664, 2.01023609898, 0.680949472459, 93.5892568253, 5.13708995172, 0.493757168304, 0.675252961309, 15.8522839391, 152.942718987, 0.0254323340264, 0.0
0.155700334858, 0.889141829618, 3.2062907431, 0.840325679924, 96.348263623, 1.10988965699, 0.0366966418922, 3.866427945, 15.8522839391, 188.142970065, 0.00865958587783, 0.0
0.155700334858, 0.889141829618, 3.2062907431, 0.840325679924, 96.348263623, 1.10988965699, 0.0366966418922, 3.866427945, 15.8522839391, 188.142970065, 0.00865958587783, 0.0
0.194294843727, 0.888047075728, 4.41668241108, 0.865542198464, 90.5156632198, 1.09794668191, 0.549664471669, 0.0277032061265, 18.9969908435, 254.786229616, 0.00573045623651, 0.0
0.194294843727, 0.888047075728, 4.41668241108, 0.865542198464, 90.5156632198, 1.09794668191, 0.549664471669, 0.0277032061265, 18.9969908435, 254.786229616, 0.00573045623651, 0.0
0.134808190192, 0.966769698211, 2.04031027495, 0.708933561149, 99.1510409329, 3.8622494881, 0.297486285864, 4.14519301564, 10.4961618473, 117.765940068, 0.0562321192709, 0.0909090909091
0.134808190192, 0.966769698211, 2.04031027495, 0.708933561149, 99.1510409329, 3.8622494881, 0.297486285864, 4.14519301564, 10.4961618473, 117.765940068, 0.0562321192709, 0.0909090909091
0.198016366669, 0.919627704715, 2.16328055884, 0.736872294864, 98.978808036, 8.57532832965, 0.496861965167, 4.066191528, 16.9362002691, 96.5081733159, 0.146993819681, 0.44
0.198016366669, 0.919627704715, 2.16328055884, 0.736872294864, 98.978808036, 8.57532832965, 0.496861965167, 4.066191528, 16.9362002691, 96.5081733159, 0.146993819681, 0.44
0.194715614224, 0.919627704715, 2.13082011704, 0.736872294864, 98.978808036, 9.83199316798, 0.0532362572409, 0.892888137628, 17.4296402506, 83.3801372252, 0.215250431773, 0.538461538462
0.194715614224, 0.919627704715, 2.13082011704, 0.736872294864, 98.978808036, 9.83199316798, 0.0532362572409, 0.892888137628, 17.4296402506, 83.3801372252, 0.215250431773, 0.538461538462
0.194715614224, 0.957645389823, 2.16328055884, 0.736872294864, 92.8973460799, 8.57532832965, 0.496861965167, 4.066191528, 17.3593916939, 101.295365209, 0.0658910679098, 0.333333333333
0.194715614224, 0.957645389823, 2.16328055884, 0.736872294864, 92.8973460799, 8.57532832965, 0.496861965167, 4.066191528, 17.3593916939, 101.295365209, 0.0658910679098, 0.333333333333
0.134808190192, 0.887449019319, 2.04031027495, 0.60726383219, 99.1510409329, 3.8622494881, 0.297486285864, 4.14519301564, 10.4961618473, 106.493803257, 0.0563908930042, 0.181818181818
0.134808190192, 0.887449019319, 2.04031027495, 0.60726383219, 99.1510409329, 3.8622494881, 0.297486285864, 4.14519301564, 10.4961618473, 106.493803257, 0.0563908930042, 0.181818181818
0.173185453723, 0.902443437807, 2.76010547804, 0.62803662773, 99.0315492037, 5.12601261284, 0.00462271920708, 3.04072838627, 19.0593885632, 121.569038406, 0.0463945268065, 0.5
0.155700334858, 0.889141829618, 2.54620060903, 0.680949472459, 93.5892568253, 1.10988965699, 0.933344285011, 3.66926407861, 15.8522839391, 221.007168509, 0.0102233034587, 0.0
0.127178883112, 1.17987269107, 3.37020165378, 0.777296801141, 89.0365328798, 2.65012324904, 0.0413469999253, 0.868540516282, 19.6381653076, 271.944162518, 0.00834212528946, 0.142857142857
0.127178883112, 1.17987269107, 3.37020165378, 0.777296801141, 89.0365328798, 2.65012324904, 0.0413469999253, 0.868540516282, 19.6381653076, 271.944162518, 0.00834212528946, 0.142857142857
0.194715614224, 0.919627704715, 2.22854505719, 0.736872294864, 99.0481542245, 8.57532832965, 0.330409250624, 4.066191528, 11.8351849048, 104.360919094, 0.130586838359, 0.333333333333
0.194715614224, 0.919627704715, 2.22854505719, 0.736872294864, 99.0481542245, 8.57532832965, 0.330409250624, 4.066191528, 11.8351849048, 104.360919094, 0.130586838359, 0.333333333333
0.155700334858, 0.889141829618, 2.01023609898, 0.680949472459, 93.5892568253, 5.13708995172, 0.493757168304, 3.66926407861, 15.8522839391, 107.452568116, 0.0570036086949, 0.357142857143
0.173185453723, 0.902443437807, 2.76010547804, 0.62803662773, 99.0315492037, 5.12601261284, 0.00462271920708, 3.04072838627, 19.0593885632, 121.569038406, 0.0463945268065, 0.5
0.155700334858, 0.889141829618, 2.54620060903, 0.680949472459, 93.5892568253, 1.10988965699, 0.933344285011, 3.66926407861, 15.8522839391, 221.007168509, 0.0102233034587, 0.0
0.194715614224, 0.919627704715, 2.13082011704, 0.736872294864, 98.978808036, 9.83199316798, 0.0532362572409, 0.60155961217, 17.4296402506, 134.488678287, 0.116578216845, 0.0555555555556
0.194715614224, 0.919627704715, 2.13082011704, 0.736872294864, 98.978808036, 9.83199316798, 0.0532362572409, 0.60155961217, 17.4296402506, 134.488678287, 0.116578216845, 0.0555555555556
0.140760504263, 0.902443437807, 2.20367298362, 0.62803662773, 81.5429891444, 5.14323184874, 0.000591980246153, 3.04072838627, 16.1520027289, 125.561515448, 0.075631441643, 0.15
0.194715614224, 0.919627704715, 2.09508781472, 0.759883488207, 90.2062007679, 8.75074721897, 0.0532362572409, 4.066191528, 13.7748974363, 142.451782174, 0.0967681766031, 0.0
0.194715614224, 0.919627704715, 4.95240673046, 0.780712103622, 98.978808036, 9.83199316798, 0.0532362572409, 0.60155961217, 17.4296402506, 192.900098307, 0.0451783177285, 0.0
0.106699029422, 0.902770013774, 2.29876427996, 0.632152493881, 89.2603556344, 1.21514260997, 1.85591244714, 0.473481597951, 15.6955115149, 162.749364643, 0.0141104225214, 0.352272727273
0.194715614224, 0.919627704715, 2.09508781472, 0.759883488207, 90.2062007679, 8.75074721897, 0.0532362572409, 4.066191528, 13.7748974363, 142.451782174, 0.0967681766031, 0.0
0.122460042252, 0.919627704715, 2.01597168091, 0.808136644284, 87.179521591, 8.57532832965, 0.262709061903, 0.911267496904, 17.8624750177, 137.574335428, 0.072937653675, 0.190476190476
0.181637969186, 1.03811539672, 2.04031027495, 0.60726383219, 99.1510409329, 3.8622494881, 0.297486285864, 4.14519301564, 10.4961618473, 115.137348098, 0.0620360627632, 0.272727272727
0.134808190192, 1.02391239066, 2.04031027495, 0.60726383219, 99.1510409329, 3.8622494881, 0.297486285864, 2.70507511363, 10.4961618473, 129.504415783, 0.0366166595211, 0.210526315789
0.194715614224, 0.957645389823, 2.16328055884, 0.736872294864, 92.8973460799, 8.57532832965, 0.496861965167, 4.066191528, 17.3593916939, 142.696168002, 0.0514539184232, 0.0
0.134808190192, 1.02391239066, 2.04031027495, 0.60726383219, 99.1510409329, 3.8622494881, 0.297486285864, 2.70507511363, 10.4961618473, 129.504415783, 0.0366166595211, 0.210526315789
0.106699029422, 0.902770013774, 2.29876427996, 0.632152493881, 89.2603556344, 1.21514260997, 1.85591244714, 0.473481597951, 15.6955115149, 162.749364643, 0.0141104225214, 0.352272727273
0.173185453723, 0.902443437807, 3.14542681005, 0.62803662773, 85.1473790678, 1.71746553837, 0.000502965725959, 3.04072838627, 16.1520027289, 132.242324408, 0.0244170372645, 0.333333333333
0.155700334858, 1.01210505811, 2.01023609898, 0.680949472459, 80.7137003415, 1.10988965699, 1.87736695654, 3.66926407861, 15.8522839391, 198.410246444, 0.013717023237, 0.3
0.181637969186, 1.03811539672, 2.04031027495, 0.60726383219, 99.1510409329, 3.8622494881, 0.297486285864, 4.14519301564, 10.4961618473, 115.137348098, 0.0620360627632, 0.272727272727
0.155700334858, 0.889141829618, 2.01023609898, 0.680949472459, 93.5892568253, 1.10988965699, 0.032174274915, 3.66926407861, 15.8522839391, 134.830893691, 0.0165265607423, 0.25
0.173185453723, 0.902443437807, 3.14542681005, 0.62803662773, 85.1473790678, 1.71746553837, 0.000502965725959, 3.04072838627, 16.1520027289, 132.242324408, 0.0244170372645, 0.333333333333
0.155700334858, 0.889141829618, 2.01023609898, 0.680949472459, 93.5892568253, 1.10988965699, 0.032174274915, 3.66926407861, 15.8522839391, 134.830893691, 0.0165265607423, 0.25
0.122460042252, 0.919627704715, 2.01597168091, 0.808136644284, 87.179521591, 8.57532832965, 0.262709061903, 0.911267496904, 17.8624750177, 137.574335428, 0.072937653675, 0.190476190476
0.113568229312, 1.17987269107, 3.37020165378, 0.777296801141, 89.0365328798, 2.65012324904, 0.00636167963219, 0.868540516282, 19.6381653076, 209.121618646, 0.0134550816258, 0.142857142857
0.155700334858, 1.01210505811, 2.01023609898, 0.680949472459, 80.7137003415, 1.10988965699, 1.87736695654, 3.66926407861, 15.8522839391, 198.410246444, 0.013717023237, 0.3
0.113568229312, 1.17987269107, 3.37020165378, 0.777296801141, 89.0365328798, 2.65012324904, 0.00636167963219, 0.868540516282, 19.6381653076, 209.121618646, 0.0134550816258, 0.142857142857
0.155700334858, 0.889141829618, 2.01023609898, 0.680949472459, 93.5892568253, 5.13708995172, 0.493757168304, 3.66926407861, 15.8522839391, 107.452568116, 0.0570036086949, 0.357142857143
0.140760504263, 0.902443437807, 2.20367298362, 0.62803662773, 81.5429891444, 5.14323184874, 0.000591980246153, 3.04072838627, 16.1520027289, 125.561515448, 0.075631441643, 0.15
