0.187740320977, 0.198236126121, 0.220938127681, 0.381285612983, 0.908892072126, 0.220523880607, 0.145200231826, 0.0345022571379, 0.181706530313, 0.202281286657, 0.852090750275, 0.442984052498, 0.872993314746, 0.374511008223, 0.177981995949, 0.158798870944, 0.506488608254, 0.213619920224, 0.152869588, 0.0102209890606, 0.101314086306, 0.0413917926218, 0.193275447503, 0.52579547722, 0.0462615745315, 0.00205506739635, 0.127349123111, 0.0385040636236, 0.115951332373, 0.655008940991, 0.187740320977, 2.70241809313
0.187740320977, 0.198236126121, 0.220938127681, 0.381285612983, 0.908892072126, 0.220523880607, 0.145200231826, 0.0345022571379, 0.181706530313, 0.202281286657, 0.852090750275, 0.442984052498, 0.872993314746, 0.374511008223, 0.177981995949, 0.158798870944, 0.506488608254, 0.213619920224, 0.152869588, 0.0102209890606, 0.101314086306, 0.0413917926218, 0.193275447503, 0.52579547722, 0.0462615745315, 0.00205506739635, 0.127349123111, 0.0385040636236, 0.115951332373, 0.655008940991, 0.187740320977, 2.70241809313
0.152829452059, 0.132090544041, 0.419807896319, 0.0503326840867, 0.0065179414529, 0.0261241431096, 0.0290070430598, 0.308330458007, 0.0916449648702, 0.0186370205394, 0.25081570361, 0.1201641669, 0.196873239064, 0.995573217373, 0.449626069393, 0.847478651155, 0.23339724556, 0.00875076076416, 0.367656511947, 0.255243402043, 0.885923613471, 0.0335322305356, 0.448332269531, 0.108403663257, 0.251862578225, 0.134870552005, 0.0407020542803, 0.998148684391, 0.232512360828, 0.0263634374035, 0.152829452059, 2.74450232036
0.152829452059, 0.132090544041, 0.419807896319, 0.0503326840867, 0.0065179414529, 0.0261241431096, 0.0290070430598, 0.308330458007, 0.0916449648702, 0.0186370205394, 0.25081570361, 0.1201641669, 0.196873239064, 0.995573217373, 0.449626069393, 0.847478651155, 0.23339724556, 0.00875076076416, 0.367656511947, 0.255243402043, 0.885923613471, 0.0335322305356, 0.448332269531, 0.108403663257, 0.251862578225, 0.134870552005, 0.0407020542803, 0.998148684391, 0.232512360828, 0.0263634374035, 0.152829452059, 2.74450232036
0.417714834895, 0.308940059791, 0.953648277891, 0.0545409933907, 0.438616550035, 0.159612002638, 0.113644868281, 0.671962930625, 0.257108481249, 0.677155463262, 0.663909128245, 0.493032183315, 0.0751693580759, 0.00334750573505, 0.0397796889362, 0.243275307863, 0.0443418600801, 0.101658318518, 0.578758470466, 0.299151417698, 0.448103151483, 0.277072166072, 0.361156177837, 0.377845714167, 0.323167455211, 0.315272003539, 0.166190884021, 0.00350658739817, 0.108908827182, 0.272838073956, 0.417714834895, 2.49082884845
0.417714834895, 0.308940059791, 0.953648277891, 0.0545409933907, 0.438616550035, 0.159612002638, 0.113644868281, 0.671962930625, 0.257108481249, 0.677155463262, 0.663909128245, 0.493032183315, 0.0751693580759, 0.00334750573505, 0.0397796889362, 0.243275307863, 0.0443418600801, 0.101658318518, 0.578758470466, 0.299151417698, 0.448103151483, 0.277072166072, 0.361156177837, 0.377845714167, 0.323167455211, 0.315272003539, 0.166190884021, 0.00350658739817, 0.108908827182, 0.272838073956, 0.417714834895, 2.49082884845
0.0437646941324, 0.4344901292, 0.182686535072, 0.989837800611, 0.126321247213, 0.263630398817, 0.845847078267, 0.941480070298, 0.173094664838, 0.147139843722, 0.132293284883, 0.227664222857, 0.092254259495, 0.0364735861214, 0.0742932169575, 0.615350555428, 0.409819812227, 0.440449702794, 0.264738897563, 0.163692421117, 0.620009996075, 0.0209564036648, 0.00420215819952, 0.603884628112, 0.0406476358332, 0.327649957529, 0.497237154304, 0.021399994154, 0.0847500966843, 0.0621948426324, 0.0437646941324, 3.34000631156
0.0437646941324, 0.4344901292, 0.182686535072, 0.989837800611, 0.126321247213, 0.263630398817, 0.845847078267, 0.941480070298, 0.173094664838, 0.147139843722, 0.132293284883, 0.227664222857, 0.092254259495, 0.0364735861214, 0.0742932169575, 0.615350555428, 0.409819812227, 0.440449702794, 0.264738897563, 0.163692421117, 0.620009996075, 0.0209564036648, 0.00420215819952, 0.603884628112, 0.0406476358332, 0.327649957529, 0.497237154304, 0.021399994154, 0.0847500966843, 0.0621948426324, 0.0437646941324, 3.34000631156
0.094351248635, 0.198236126121, 0.220938127681, 0.0323335868011, 0.908892072126, 0.398816604587, 0.00846305095244, 0.116231431415, 0.181706530313, 0.0364020278055, 0.338933995408, 0.330321788985, 0.976739071415, 0.374511008223, 0.177981995949, 0.137114690325, 0.524107702706, 0.273362282442, 0.152869588, 0.0102209890606, 0.777464562944, 0.0114252106848, 0.434838392216, 0.52579547722, 0.0462615745315, 0.00205506739635, 0.0261460657877, 0.252604929609, 0.0125692948907, 0.7948275303, 0.094351248635, 2.9899281498
0.094351248635, 0.198236126121, 0.220938127681, 0.0323335868011, 0.908892072126, 0.398816604587, 0.00846305095244, 0.116231431415, 0.181706530313, 0.0364020278055, 0.338933995408, 0.330321788985, 0.976739071415, 0.374511008223, 0.177981995949, 0.137114690325, 0.524107702706, 0.273362282442, 0.152869588, 0.0102209890606, 0.777464562944, 0.0114252106848, 0.434838392216, 0.52579547722, 0.0462615745315, 0.00205506739635, 0.0261460657877, 0.252604929609, 0.0125692948907, 0.7948275303, 0.094351248635, 2.9899281498
0.275451486582, 0.299684875797, 0.920925543134, 0.268882682731, 0.0994057450052, 0.274239811751, 0.845847078267, 0.357924764064, 0.116722966208, 0.321130107586, 0.132293284883, 0.227664222857, 0.101311338729, 0.920475530775, 0.0970812204351, 0.322280278257, 0.0277274561256, 0.334908933191, 0.58045043967, 0.163692421117, 0.764548260294, 0.113562950258, 0.00267090856155, 0.0741110557316, 0.0406476358332, 0.0959444814103, 0.064466227685, 0.0122331689545, 0.242722429575, 0.229493077518, 0.275451486582, 2.51745533657
0.275451486582, 0.299684875797, 0.920925543134, 0.268882682731, 0.0994057450052, 0.274239811751, 0.845847078267, 0.357924764064, 0.116722966208, 0.321130107586, 0.132293284883, 0.227664222857, 0.101311338729, 0.920475530775, 0.0970812204351, 0.322280278257, 0.0277274561256, 0.334908933191, 0.58045043967, 0.163692421117, 0.764548260294, 0.113562950258, 0.00267090856155, 0.0741110557316, 0.0406476358332, 0.0959444814103, 0.064466227685, 0.0122331689545, 0.242722429575, 0.229493077518, 0.275451486582, 2.51745533657
0.00503739742561, 0.0809362521841, 0.985041762442, 0.433013291047, 0.116405823665, 0.256837839596, 0.159441766038, 0.043705878812, 0.393271832889, 0.202663046976, 0.251224426791, 0.994853564352, 0.473680012976, 0.199369531088, 0.172602374956, 0.0376404359228, 0.373833916506, 0.237674067708, 0.551923947537, 0.265148278948, 0.154440439551, 0.0330198889752, 0.324040570871, 0.144402249355, 0.87702559004, 0.289734384521, 0.253528842519, 0.231657524567, 0.95602172549, 0.048829025887, 0.00503739742561, 3.82003959353
0.00503739742561, 0.0809362521841, 0.985041762442, 0.433013291047, 0.116405823665, 0.256837839596, 0.159441766038, 0.043705878812, 0.393271832889, 0.202663046976, 0.251224426791, 0.994853564352, 0.473680012976, 0.199369531088, 0.172602374956, 0.0376404359228, 0.373833916506, 0.237674067708, 0.551923947537, 0.265148278948, 0.154440439551, 0.0330198889752, 0.324040570871, 0.144402249355, 0.87702559004, 0.289734384521, 0.253528842519, 0.231657524567, 0.95602172549, 0.048829025887, 0.00503739742561, 3.82003959353
0.0729392291739, 0.132090544041, 0.751038071298, 0.044334267262, 4.21731629895e-05, 0.128522723168, 0.0290070430598, 0.0256880617289, 0.446438066669, 0.0186370205394, 0.206926060235, 0.0155697738136, 0.140959475712, 0.690993746205, 0.454155061554, 0.989090394055, 0.55332004075, 0.00582762007533, 0.551923947537, 0.265148278948, 0.899366106668, 0.402095283204, 0.291999536937, 0.108403663257, 0.591752109822, 0.134870552005, 0.4142574544, 0.0711440403565, 0.260737015051, 0.140308622986, 0.0729392291739, 3.19916115209
0.0729392291739, 0.132090544041, 0.751038071298, 0.044334267262, 4.21731629895e-05, 0.128522723168, 0.0290070430598, 0.0256880617289, 0.446438066669, 0.0186370205394, 0.206926060235, 0.0155697738136, 0.140959475712, 0.690993746205, 0.454155061554, 0.989090394055, 0.55332004075, 0.00582762007533, 0.551923947537, 0.265148278948, 0.899366106668, 0.402095283204, 0.291999536937, 0.108403663257, 0.591752109822, 0.134870552005, 0.4142574544, 0.0711440403565, 0.260737015051, 0.140308622986, 0.0729392291739, 3.19916115209
0.811681072457, 0.437006814217, 0.660975926272, 0.0432014822703, 0.0891422577364, 0.274239811751, 0.152856215526, 0.635422962355, 0.0819071553405, 0.993923505423, 0.336546870833, 0.424758552493, 0.142869721534, 0.815811464109, 0.0970812204351, 0.358290064557, 0.588891509331, 0.440449702794, 0.173075342265, 0.426884376545, 0.125667683693, 0.0330117983882, 0.00629785150995, 0.0756081597424, 0.420531934603, 0.196702274461, 0.0259449002279, 0.00795031902408, 0.532163504113, 0.231554540375, 0.811681072457, 1.99764884173
0.811681072457, 0.437006814217, 0.660975926272, 0.0432014822703, 0.0891422577364, 0.274239811751, 0.152856215526, 0.635422962355, 0.0819071553405, 0.993923505423, 0.336546870833, 0.424758552493, 0.142869721534, 0.815811464109, 0.0970812204351, 0.358290064557, 0.588891509331, 0.440449702794, 0.173075342265, 0.426884376545, 0.125667683693, 0.0330117983882, 0.00629785150995, 0.0756081597424, 0.420531934603, 0.196702274461, 0.0259449002279, 0.00795031902408, 0.532163504113, 0.231554540375, 0.811681072457, 1.99764884173
0.864907204935, 0.207253019181, 0.452643105593, 0.398899728977, 0.908892072126, 0.398816604587, 0.356102443753, 0.075414455023, 0.219803344257, 0.0610905928774, 0.215599835804, 0.186585485459, 0.733143151654, 0.341433722708, 0.177981995949, 0.139928738196, 0.614320824798, 0.0341502692656, 0.121119260759, 0.2149298491, 0.42624079365, 0.0117937181461, 0.434838392216, 0.0638556130615, 0.277756425327, 0.130404129108, 0.000173203702676, 0.0107086575963, 0.115951332373, 0.7948275303, 0.864907204935, 1.77624547777
0.864907204935, 0.207253019181, 0.452643105593, 0.398899728977, 0.908892072126, 0.398816604587, 0.356102443753, 0.075414455023, 0.219803344257, 0.0610905928774, 0.215599835804, 0.186585485459, 0.733143151654, 0.341433722708, 0.177981995949, 0.139928738196, 0.614320824798, 0.0341502692656, 0.121119260759, 0.2149298491, 0.42624079365, 0.0117937181461, 0.434838392216, 0.0638556130615, 0.277756425327, 0.130404129108, 0.000173203702676, 0.0107086575963, 0.115951332373, 0.7948275303, 0.864907204935, 1.77624547777
0.000904852236748, 0.132090544041, 0.727837533747, 0.0503326840867, 0.00237479562174, 0.587929640244, 0.0290070430598, 0.30862183142, 0.253576801549, 0.00198932594762, 0.809579111596, 0.1201641669, 0.0328832055315, 0.82953488764, 0.449626069393, 0.441083283226, 0.23339724556, 0.00337165940914, 0.59494584723, 0.110742369356, 0.934823251753, 0.17575313887, 0.543742068034, 0.0458316657621, 0.164721922494, 0.134870552005, 0.222033898281, 0.954169166661, 0.383538538259, 0.267720415377, 0.000904852236748, 3.90276262095
0.000904852236748, 0.132090544041, 0.727837533747, 0.0503326840867, 0.00237479562174, 0.587929640244, 0.0290070430598, 0.30862183142, 0.253576801549, 0.00198932594762, 0.809579111596, 0.1201641669, 0.0328832055315, 0.82953488764, 0.449626069393, 0.441083283226, 0.23339724556, 0.00337165940914, 0.59494584723, 0.110742369356, 0.934823251753, 0.17575313887, 0.543742068034, 0.0458316657621, 0.164721922494, 0.134870552005, 0.222033898281, 0.954169166661, 0.383538538259, 0.267720415377, 0.000904852236748, 3.90276262095
0.939167248667, 0.14742452185, 0.11999040195, 0.989837800611, 0.126321247213, 0.203633346831, 0.845847078267, 0.757219668103, 0.187811990682, 0.275598878836, 0.325164419138, 0.227664222857, 0.138535073739, 0.0688668635606, 0.0496783321604, 0.0740208963355, 0.361067271823, 0.796863025016, 0.46034853093, 0.163692421117, 0.354543815964, 0.191520111308, 0.00629785150995, 0.295616964036, 0.04052826944, 0.0649401856469, 0.064466227685, 0.000953397037481, 0.307863868272, 0.0168809404577, 0.939167248667, 1.59701885286
0.939167248667, 0.14742452185, 0.11999040195, 0.989837800611, 0.126321247213, 0.203633346831, 0.845847078267, 0.757219668103, 0.187811990682, 0.275598878836, 0.325164419138, 0.227664222857, 0.138535073739, 0.0688668635606, 0.0496783321604, 0.0740208963355, 0.361067271823, 0.796863025016, 0.46034853093, 0.163692421117, 0.354543815964, 0.191520111308, 0.00629785150995, 0.295616964036, 0.04052826944, 0.0649401856469, 0.064466227685, 0.000953397037481, 0.307863868272, 0.0168809404577, 0.939167248667, 1.59701885286
0.628994685967, 0.114665519568, 0.38873198814, 0.370791505594, 0.0601392562148, 0.256837839596, 0.254272696623, 0.0603923577426, 0.136177652, 0.104793398986, 0.00354611274846, 0.900809062583, 0.00420613458433, 0.00602224346316, 0.838339831731, 0.0376404359228, 0.373833916506, 0.0759541420133, 0.860465678475, 0.0885814439961, 0.869349067206, 0.251641100318, 0.0358265711463, 0.0352723081406, 0.751509335265, 0.0843485333752, 0.380795956999, 0.122551533038, 0.627398023622, 0.220275926796, 0.628994685967, 2.0798502335
0.628994685967, 0.114665519568, 0.38873198814, 0.370791505594, 0.0601392562148, 0.256837839596, 0.254272696623, 0.0603923577426, 0.136177652, 0.104793398986, 0.00354611274846, 0.900809062583, 0.00420613458433, 0.00602224346316, 0.838339831731, 0.0376404359228, 0.373833916506, 0.0759541420133, 0.860465678475, 0.0885814439961, 0.869349067206, 0.251641100318, 0.0358265711463, 0.0352723081406, 0.751509335265, 0.0843485333752, 0.380795956999, 0.122551533038, 0.627398023622, 0.220275926796, 0.628994685967, 2.0798502335
0.0559016975867, 0.114665519568, 0.954005863662, 0.364700203522, 0.0218249759771, 0.936807890225, 0.0538314941075, 0.0479684945993, 0.871455901138, 0.886970981763, 0.978171224326, 0.0862239614816, 0.0119698237595, 0.199369531088, 0.206620130632, 0.0376404359228, 0.086832294448, 0.0332492942105, 0.24849469591, 0.0796301998842, 0.145946776958, 0.321827296467, 0.319195823951, 0.576751763142, 0.181419490268, 0.214173758122, 0.0549022865241, 0.239433800702, 0.660287791955, 0.048829025887, 0.0559016975867, 3.32772743801
0.0559016975867, 0.114665519568, 0.954005863662, 0.364700203522, 0.0218249759771, 0.936807890225, 0.0538314941075, 0.0479684945993, 0.871455901138, 0.886970981763, 0.978171224326, 0.0862239614816, 0.0119698237595, 0.199369531088, 0.206620130632, 0.0376404359228, 0.086832294448, 0.0332492942105, 0.24849469591, 0.0796301998842, 0.145946776958, 0.321827296467, 0.319195823951, 0.576751763142, 0.181419490268, 0.214173758122, 0.0549022865241, 0.239433800702, 0.660287791955, 0.048829025887, 0.0559016975867, 3.32772743801
0.010791295862, 0.458066863004, 0.660975926272, 0.337506838558, 0.126321247213, 0.263630398817, 0.845847078267, 0.941480070298, 0.526383782645, 0.09248207878, 0.132293284883, 0.119163816034, 0.101311338729, 0.0133823497619, 0.0742932169575, 0.615350555428, 0.409819812227, 0.440449702794, 0.264738897563, 0.163692421117, 0.620009996075, 0.0209564036648, 0.172258362716, 0.295616964036, 0.0406476358332, 0.327649957529, 0.408581661478, 0.021399994154, 0.0847500966843, 0.0621948426324, 0.010791295862, 3.48244246563
0.010791295862, 0.458066863004, 0.660975926272, 0.337506838558, 0.126321247213, 0.263630398817, 0.845847078267, 0.941480070298, 0.526383782645, 0.09248207878, 0.132293284883, 0.119163816034, 0.101311338729, 0.0133823497619, 0.0742932169575, 0.615350555428, 0.409819812227, 0.440449702794, 0.264738897563, 0.163692421117, 0.620009996075, 0.0209564036648, 0.172258362716, 0.295616964036, 0.0406476358332, 0.327649957529, 0.408581661478, 0.021399994154, 0.0847500966843, 0.0621948426324, 0.010791295862, 3.48244246563
0.103810205132, 0.132090544041, 0.751038071298, 0.044334267262, 4.21731629895e-05, 0.128522723168, 0.0290070430598, 0.146740212124, 0.758513775881, 0.0186370205394, 9.85323553495e-05, 0.0109759197292, 0.140959475712, 0.420389670798, 0.372190276578, 0.474508630854, 0.500031619632, 0.00875076076416, 0.743127412528, 0.120851803656, 0.689718418471, 0.402095283204, 0.0405146261976, 0.108403663257, 0.591752109822, 0.134870552005, 0.544570250345, 0.331369112152, 0.260737015051, 0.140308622986, 0.103810205132, 2.89427535867
0.103810205132, 0.132090544041, 0.751038071298, 0.044334267262, 4.21731629895e-05, 0.128522723168, 0.0290070430598, 0.146740212124, 0.758513775881, 0.0186370205394, 9.85323553495e-05, 0.0109759197292, 0.140959475712, 0.420389670798, 0.372190276578, 0.474508630854, 0.500031619632, 0.00875076076416, 0.743127412528, 0.120851803656, 0.689718418471, 0.402095283204, 0.0405146261976, 0.108403663257, 0.591752109822, 0.134870552005, 0.544570250345, 0.331369112152, 0.260737015051, 0.140308622986, 0.103810205132, 2.89427535867
0.486376038184, 0.4344901292, 0.660975926272, 0.989837800611, 0.536970991382, 0.0930994041236, 0.152856215526, 0.0797692700733, 0.116722966208, 0.275598878836, 0.0170266415653, 0.424758552493, 0.00529256991634, 0.722542999433, 0.0970812204351, 0.597031790903, 0.403509311427, 0.338341065815, 0.46034853093, 0.212463917374, 0.345164604489, 0.113562950258, 0.20589533025, 0.452883385214, 0.0406476358332, 0.288602296611, 0.11868225763, 0.0307380191855, 0.204056523519, 0.231554540375, 0.486376038184, 2.34593867221
0.486376038184, 0.4344901292, 0.660975926272, 0.989837800611, 0.536970991382, 0.0930994041236, 0.152856215526, 0.0797692700733, 0.116722966208, 0.275598878836, 0.0170266415653, 0.424758552493, 0.00529256991634, 0.722542999433, 0.0970812204351, 0.597031790903, 0.403509311427, 0.338341065815, 0.46034853093, 0.212463917374, 0.345164604489, 0.113562950258, 0.20589533025, 0.452883385214, 0.0406476358332, 0.288602296611, 0.11868225763, 0.0307380191855, 0.204056523519, 0.231554540375, 0.486376038184, 2.34593867221
0.915981736666, 0.207253019181, 0.452643105593, 0.398899728977, 0.908892072126, 0.398816604587, 0.356102443753, 0.075414455023, 0.219803344257, 0.0610905928774, 0.215599835804, 0.186585485459, 0.733143151654, 0.341433722708, 0.177981995949, 0.139928738196, 0.614320824798, 0.0341502692656, 0.191877155136, 0.2149298491, 0.42624079365, 0.0117937181461, 0.434838392216, 0.0638556130615, 0.277756425327, 0.130404129108, 0.000173203702676, 0.0271501757801, 0.115951332373, 0.7948275303, 0.915981736666, 1.74562983119
0.915981736666, 0.207253019181, 0.452643105593, 0.398899728977, 0.908892072126, 0.398816604587, 0.356102443753, 0.075414455023, 0.219803344257, 0.0610905928774, 0.215599835804, 0.186585485459, 0.733143151654, 0.341433722708, 0.177981995949, 0.139928738196, 0.614320824798, 0.0341502692656, 0.191877155136, 0.2149298491, 0.42624079365, 0.0117937181461, 0.434838392216, 0.0638556130615, 0.277756425327, 0.130404129108, 0.000173203702676, 0.0271501757801, 0.115951332373, 0.7948275303, 0.915981736666, 1.74562983119
0.000289174347077, 0.0870151220512, 0.990494888195, 0.294766333213, 0.0647368991618, 0.00868555974086, 0.157285272093, 0.0908919119556, 0.234951714429, 0.984649921263, 0.219014318237, 0.987808556352, 0.360053962246, 0.387069434347, 0.714074759263, 0.00277097614199, 0.373833916506, 0.952189798038, 0.237081923353, 0.48692214559, 0.566925534971, 0.379526806172, 0.324040570871, 0.576751763142, 0.950096438069, 0.376833722226, 0.00126108112702, 0.38490471322, 0.95602172549, 0.0479474851432, 0.000289174347077, 4.74857354548
0.000289174347077, 0.0870151220512, 0.990494888195, 0.294766333213, 0.0647368991618, 0.00868555974086, 0.157285272093, 0.0908919119556, 0.234951714429, 0.984649921263, 0.219014318237, 0.987808556352, 0.360053962246, 0.387069434347, 0.714074759263, 0.00277097614199, 0.373833916506, 0.952189798038, 0.237081923353, 0.48692214559, 0.566925534971, 0.379526806172, 0.324040570871, 0.576751763142, 0.950096438069, 0.376833722226, 0.00126108112702, 0.38490471322, 0.95602172549, 0.0479474851432, 0.000289174347077, 4.74857354548
0.672406207946, 0.424419164028, 0.143583859302, 0.962144364699, 0.192424165181, 0.723267906276, 0.00290304104473, 0.0559105399669, 0.42078593581, 0.126700986897, 0.0329596239475, 0.0325327871695, 0.0132090199293, 0.105054793602, 0.287511831371, 0.0663952698132, 0.0774572184261, 0.623279843908, 0.0639713004067, 0.144603788467, 0.0268769204491, 0.075859779402, 0.0692080260354, 0.807542111261, 0.0145537384286, 0.791095001097, 0.934309587736, 0.671587874483, 0.00997745424461, 0.537515567858, 0.672406207946, 2.05872116692
0.672406207946, 0.424419164028, 0.143583859302, 0.962144364699, 0.192424165181, 0.723267906276, 0.00290304104473, 0.0559105399669, 0.42078593581, 0.126700986897, 0.0329596239475, 0.0325327871695, 0.0132090199293, 0.105054793602, 0.287511831371, 0.0663952698132, 0.0774572184261, 0.623279843908, 0.0639713004067, 0.144603788467, 0.0268769204491, 0.075859779402, 0.0692080260354, 0.807542111261, 0.0145537384286, 0.791095001097, 0.934309587736, 0.671587874483, 0.00997745424461, 0.537515567858, 0.672406207946, 2.05872116692
0.0110706617356, 0.132090544041, 0.507989595225, 0.0503326840867, 0.00788908155012, 0.587929640244, 0.0290070430598, 0.30862183142, 0.253576801549, 0.00198932594762, 0.733362748226, 0.00584695400731, 0.230758794825, 0.739191689184, 0.0585205953357, 0.441083283226, 0.2325263612, 0.00875076076416, 0.59494584723, 0.110742369356, 0.577982160325, 0.17575313887, 0.543742068034, 0.108403663257, 0.164721922494, 0.115131145079, 0.404038342192, 0.954169166661, 0.383538538259, 0.117644065111, 0.0110706617356, 3.46147495293
0.0110706617356, 0.132090544041, 0.507989595225, 0.0503326840867, 0.00788908155012, 0.587929640244, 0.0290070430598, 0.30862183142, 0.253576801549, 0.00198932594762, 0.733362748226, 0.00584695400731, 0.230758794825, 0.739191689184, 0.0585205953357, 0.441083283226, 0.2325263612, 0.00875076076416, 0.59494584723, 0.110742369356, 0.577982160325, 0.17575313887, 0.543742068034, 0.108403663257, 0.164721922494, 0.115131145079, 0.404038342192, 0.954169166661, 0.383538538259, 0.117644065111, 0.0110706617356, 3.46147495293
0.152829452059, 0.132090544041, 0.0182299922843, 0.0503326840867, 0.00599859366432, 0.0261241431096, 0.0290070430598, 0.125461584165, 0.0916449648702, 0.0186370205394, 0.809579111596, 0.0110879141869, 0.196873239064, 0.995573217373, 0.449626069393, 0.847478651155, 0.23339724556, 0.00875076076416, 0.367656511947, 0.464715778156, 0.885923613471, 0.0335322305356, 0.448332269531, 0.108403663257, 0.164721922494, 0.134870552005, 0.4142574544, 0.998148684391, 0.232512360828, 0.0263634374035, 0.152829452059, 2.84477015724
0.152829452059, 0.132090544041, 0.0182299922843, 0.0503326840867, 0.00599859366432, 0.0261241431096, 0.0290070430598, 0.125461584165, 0.0916449648702, 0.0186370205394, 0.809579111596, 0.0110879141869, 0.196873239064, 0.995573217373, 0.449626069393, 0.847478651155, 0.23339724556, 0.00875076076416, 0.367656511947, 0.464715778156, 0.885923613471, 0.0335322305356, 0.448332269531, 0.108403663257, 0.164721922494, 0.134870552005, 0.4142574544, 0.998148684391, 0.232512360828, 0.0263634374035, 0.152829452059, 2.84477015724
0.26796691338, 0.4344901292, 0.0233965158125, 0.989837800611, 0.554938173706, 0.274239811751, 0.14400230556, 0.261081265502, 0.878044162249, 0.275598878836, 0.0170266415653, 0.578776830127, 0.0207803117507, 0.199369531088, 0.123430897318, 0.0376404359228, 0.588891509331, 0.440449702794, 0.46034853093, 0.163692421117, 0.23633092217, 0.113562950258, 0.319195823951, 0.568615793675, 0.0406476358332, 0.288602296611, 0.6107544162, 0.0307380191855, 0.0351007415641, 0.231554540375, 0.26796691338, 2.76908715795
0.26796691338, 0.4344901292, 0.0233965158125, 0.989837800611, 0.554938173706, 0.274239811751, 0.14400230556, 0.261081265502, 0.878044162249, 0.275598878836, 0.0170266415653, 0.578776830127, 0.0207803117507, 0.199369531088, 0.123430897318, 0.0376404359228, 0.588891509331, 0.440449702794, 0.46034853093, 0.163692421117, 0.23633092217, 0.113562950258, 0.319195823951, 0.568615793675, 0.0406476358332, 0.288602296611, 0.6107544162, 0.0307380191855, 0.0351007415641, 0.231554540375, 0.26796691338, 2.76908715795
0.198214899878, 0.4344901292, 0.660975926272, 0.870256272951, 0.346520111907, 0.200447401656, 0.152856215526, 0.304269542495, 0.116722966208, 0.275598878836, 0.0813814589594, 0.238269931047, 0.0207803117507, 0.316483282466, 0.0356391989664, 0.798554466809, 0.588891509331, 0.181198720739, 0.467275239678, 0.0369371355536, 0.400725867748, 0.113562950258, 0.00629785150995, 0.568615793675, 0.0406476358332, 0.260007371602, 0.600412262188, 0.0242275824594, 0.141518509102, 0.296271237188, 0.198214899878, 2.81064941857
0.198214899878, 0.4344901292, 0.660975926272, 0.870256272951, 0.346520111907, 0.200447401656, 0.152856215526, 0.304269542495, 0.116722966208, 0.275598878836, 0.0813814589594, 0.238269931047, 0.0207803117507, 0.316483282466, 0.0356391989664, 0.798554466809, 0.588891509331, 0.181198720739, 0.467275239678, 0.0369371355536, 0.400725867748, 0.113562950258, 0.00629785150995, 0.568615793675, 0.0406476358332, 0.260007371602, 0.600412262188, 0.0242275824594, 0.141518509102, 0.296271237188, 0.198214899878, 2.81064941857
0.417714834895, 0.308940059791, 0.953648277891, 0.0545409933907, 0.438616550035, 0.159612002638, 0.113644868281, 0.671962930625, 0.13348647103, 0.677155463262, 0.0267048562794, 0.493032183315, 0.423112851426, 0.00334750573505, 0.0397796889362, 0.243275307863, 0.184002961435, 0.101658318518, 0.573074416234, 0.299151417698, 0.448103151483, 0.277072166072, 0.361156177837, 0.377845714167, 0.651042376094, 0.315272003539, 0.166190884021, 0.00350658739817, 0.117921593448, 0.272838073956, 0.417714834895, 2.50582035667
0.417714834895, 0.308940059791, 0.953648277891, 0.0545409933907, 0.438616550035, 0.159612002638, 0.113644868281, 0.671962930625, 0.13348647103, 0.677155463262, 0.0267048562794, 0.493032183315, 0.423112851426, 0.00334750573505, 0.0397796889362, 0.243275307863, 0.184002961435, 0.101658318518, 0.573074416234, 0.299151417698, 0.448103151483, 0.277072166072, 0.361156177837, 0.377845714167, 0.651042376094, 0.315272003539, 0.166190884021, 0.00350658739817, 0.117921593448, 0.272838073956, 0.417714834895, 2.50582035667
0.0437646941324, 0.4344901292, 0.660975926272, 0.989837800611, 0.126321247213, 0.263630398817, 0.845847078267, 0.941480070298, 0.173094664838, 0.147139843722, 0.132293284883, 0.227664222857, 0.101311338729, 0.0364735861214, 0.0742932169575, 0.615350555428, 0.409819812227, 0.592413707029, 0.264738897563, 0.163692421117, 0.42540197708, 0.0209564036648, 0.00141194914155, 0.603884628112, 0.175345411039, 0.00507373373348, 0.334508380581, 0.021399994154, 0.0847500966843, 0.0621948426324, 0.0437646941324, 3.36681360814
0.0437646941324, 0.4344901292, 0.660975926272, 0.989837800611, 0.126321247213, 0.263630398817, 0.845847078267, 0.941480070298, 0.173094664838, 0.147139843722, 0.132293284883, 0.227664222857, 0.101311338729, 0.0364735861214, 0.0742932169575, 0.615350555428, 0.409819812227, 0.592413707029, 0.264738897563, 0.163692421117, 0.42540197708, 0.0209564036648, 0.00141194914155, 0.603884628112, 0.175345411039, 0.00507373373348, 0.334508380581, 0.021399994154, 0.0847500966843, 0.0621948426324, 0.0437646941324, 3.36681360814
0.094351248635, 0.198236126121, 0.220938127681, 0.0323335868011, 0.908892072126, 0.398816604587, 0.00846305095244, 0.360894052346, 0.181706530313, 0.202281286657, 0.336896660252, 0.442984052498, 0.976739071415, 0.374511008223, 0.177981995949, 0.137114690325, 0.225986373651, 0.0794110756069, 0.152869588, 0.0102209890606, 0.947667342466, 0.0413917926218, 0.434838392216, 0.52579547722, 0.0462615745315, 0.152087388259, 0.0261460657877, 0.0582234068546, 0.35883222603, 0.7948275303, 0.094351248635, 3.14152844706
0.094351248635, 0.198236126121, 0.220938127681, 0.0323335868011, 0.908892072126, 0.398816604587, 0.00846305095244, 0.360894052346, 0.181706530313, 0.202281286657, 0.336896660252, 0.442984052498, 0.976739071415, 0.374511008223, 0.177981995949, 0.137114690325, 0.225986373651, 0.0794110756069, 0.152869588, 0.0102209890606, 0.947667342466, 0.0413917926218, 0.434838392216, 0.52579547722, 0.0462615745315, 0.152087388259, 0.0261460657877, 0.0582234068546, 0.35883222603, 0.7948275303, 0.094351248635, 3.14152844706
0.275451486582, 0.299684875797, 0.920925543134, 0.268882682731, 0.0994057450052, 0.274239811751, 0.845847078267, 0.357924764064, 0.116722966208, 0.321130107586, 0.132293284883, 0.227664222857, 0.101311338729, 0.920475530775, 0.0200660922739, 0.322280278257, 0.0277274561256, 0.334908933191, 0.681041383608, 0.163692421117, 0.764548260294, 0.113562950258, 0.00267090856155, 0.0741110557316, 0.0406476358332, 0.0959444814103, 0.064466227685, 0.0122331689545, 0.242722429575, 0.229493077518, 0.275451486582, 2.52374610169
0.275451486582, 0.299684875797, 0.920925543134, 0.268882682731, 0.0994057450052, 0.274239811751, 0.845847078267, 0.357924764064, 0.116722966208, 0.321130107586, 0.132293284883, 0.227664222857, 0.101311338729, 0.920475530775, 0.0200660922739, 0.322280278257, 0.0277274561256, 0.334908933191, 0.681041383608, 0.163692421117, 0.764548260294, 0.113562950258, 0.00267090856155, 0.0741110557316, 0.0406476358332, 0.0959444814103, 0.064466227685, 0.0122331689545, 0.242722429575, 0.229493077518, 0.275451486582, 2.52374610169
0.00503739742561, 0.30096113525, 0.915041225417, 0.434858241683, 0.0218249759771, 0.20348222737, 0.159441766038, 0.043705878812, 0.0953713364483, 0.0602851451593, 0.251224426791, 0.994853564352, 0.239973864965, 0.199369531088, 0.733036306187, 0.0376404359228, 0.373833916506, 0.237674067708, 0.551923947537, 0.265148278948, 0.154440439551, 0.0330198889752, 0.324040570871, 0.363019962869, 0.87702559004, 0.244002129119, 0.380795956999, 0.231657524567, 0.95602172549, 0.048829025887, 0.00503739742561, 3.87812066546
0.00503739742561, 0.30096113525, 0.915041225417, 0.434858241683, 0.0218249759771, 0.20348222737, 0.159441766038, 0.043705878812, 0.0953713364483, 0.0602851451593, 0.251224426791, 0.994853564352, 0.239973864965, 0.199369531088, 0.733036306187, 0.0376404359228, 0.373833916506, 0.237674067708, 0.551923947537, 0.265148278948, 0.154440439551, 0.0330198889752, 0.324040570871, 0.363019962869, 0.87702559004, 0.244002129119, 0.380795956999, 0.231657524567, 0.95602172549, 0.048829025887, 0.00503739742561, 3.87812066546
0.811681072457, 0.437006814217, 0.660975926272, 0.0432014822703, 0.00544812212816, 0.194595712976, 0.152856215526, 0.635422962355, 0.0819071553405, 0.993923505423, 0.336546870833, 0.424758552493, 0.142869721534, 0.815811464109, 0.0970812204351, 0.358290064557, 0.588891509331, 0.440449702794, 0.547311066731, 0.426884376545, 0.125667683693, 0.0330117983882, 0.00629785150995, 0.0719800270157, 0.420531934603, 0.196702274461, 0.0259449002279, 0.00795031902408, 0.445792338542, 0.231554540375, 0.811681072457, 2.02645114315
0.811681072457, 0.437006814217, 0.660975926272, 0.0432014822703, 0.00544812212816, 0.194595712976, 0.152856215526, 0.635422962355, 0.0819071553405, 0.993923505423, 0.336546870833, 0.424758552493, 0.142869721534, 0.815811464109, 0.0970812204351, 0.358290064557, 0.588891509331, 0.440449702794, 0.547311066731, 0.426884376545, 0.125667683693, 0.0330117983882, 0.00629785150995, 0.0719800270157, 0.420531934603, 0.196702274461, 0.0259449002279, 0.00795031902408, 0.445792338542, 0.231554540375, 0.811681072457, 2.02645114315
0.864907204935, 0.0940075377637, 0.368610795256, 0.398899728977, 0.908892072126, 0.398816604587, 0.356102443753, 0.116231431415, 0.181706530313, 0.17076387113, 0.792932632682, 0.186585485459, 0.733143151654, 0.341433722708, 0.177981995949, 0.139928738196, 0.524107702706, 0.0341502692656, 0.121119260759, 0.2149298491, 0.597195719183, 0.0233025357946, 0.16908554073, 0.52579547722, 0.277756425327, 0.130404129108, 3.141296945e-05, 0.0385040636236, 0.115951332373, 0.7948275303, 0.864907204935, 1.96606297352
0.864907204935, 0.0940075377637, 0.368610795256, 0.398899728977, 0.908892072126, 0.398816604587, 0.356102443753, 0.116231431415, 0.181706530313, 0.17076387113, 0.792932632682, 0.186585485459, 0.733143151654, 0.341433722708, 0.177981995949, 0.139928738196, 0.524107702706, 0.0341502692656, 0.121119260759, 0.2149298491, 0.597195719183, 0.0233025357946, 0.16908554073, 0.52579547722, 0.277756425327, 0.130404129108, 3.141296945e-05, 0.0385040636236, 0.115951332373, 0.7948275303, 0.864907204935, 1.96606297352
0.00278379674841, 0.0100312036059, 0.239444717451, 0.0942169840053, 0.366483837261, 0.20662354392, 0.362045163448, 0.0104828463783, 0.481867101139, 0.523100808554, 0.17023892117, 0.131141193061, 0.697284798843, 0.71378858483, 0.230358918254, 0.214830861435, 0.49192075058, 0.184486235384, 0.222348832548, 0.0288330892749, 0.0726811250733, 0.918272378663, 0.626478378717, 0.00208159666029, 0.0538552425264, 0.220659464481, 0.579656393768, 0.783095731116, 0.343587216695, 0.902940863306, 0.00278379674841, 3.96068265167
0.00278379674841, 0.0100312036059, 0.239444717451, 0.0942169840053, 0.366483837261, 0.20662354392, 0.362045163448, 0.0104828463783, 0.481867101139, 0.523100808554, 0.17023892117, 0.131141193061, 0.697284798843, 0.71378858483, 0.230358918254, 0.214830861435, 0.49192075058, 0.184486235384, 0.222348832548, 0.0288330892749, 0.0726811250733, 0.918272378663, 0.626478378717, 0.00208159666029, 0.0538552425264, 0.220659464481, 0.579656393768, 0.783095731116, 0.343587216695, 0.902940863306, 0.00278379674841, 3.96068265167
0.000904852236748, 0.231592034333, 0.727837533747, 0.0503326840867, 0.00237479562174, 0.587929640244, 0.0290070430598, 0.30862183142, 0.253576801549, 0.00198932594762, 0.809579111596, 0.1201641669, 0.0328832055315, 0.82953488764, 0.843740995047, 0.441083283226, 0.23339724556, 0.00337165940914, 0.59494584723, 0.110742369356, 0.934823251753, 0.17575313887, 0.543742068034, 0.0458316657621, 0.164721922494, 0.134870552005, 0.4142574544, 0.964869636107, 0.383538538259, 0.267720415377, 0.000904852236748, 4.11731876366
0.000904852236748, 0.231592034333, 0.727837533747, 0.0503326840867, 0.00237479562174, 0.587929640244, 0.0290070430598, 0.30862183142, 0.253576801549, 0.00198932594762, 0.809579111596, 0.1201641669, 0.0328832055315, 0.82953488764, 0.843740995047, 0.441083283226, 0.23339724556, 0.00337165940914, 0.59494584723, 0.110742369356, 0.934823251753, 0.17575313887, 0.543742068034, 0.0458316657621, 0.164721922494, 0.134870552005, 0.4142574544, 0.964869636107, 0.383538538259, 0.267720415377, 0.000904852236748, 4.11731876366
0.939167248667, 0.14742452185, 0.311736384379, 0.995984217701, 0.123629406618, 0.203633346831, 0.845847078267, 0.757219668103, 0.187811990682, 0.275598878836, 0.132293284883, 0.227664222857, 0.138535073739, 0.920693576844, 0.0496783321604, 0.0740208963355, 0.0635627620146, 0.901977754622, 0.216523876955, 0.163692421117, 0.354543815964, 0.069939192605, 0.00629785150995, 0.295616964036, 0.150246730675, 0.0649401856469, 0.064466227685, 0.000953397037481, 0.307863868272, 0.0168809404577, 0.939167248667, 1.69012365159
0.939167248667, 0.14742452185, 0.311736384379, 0.995984217701, 0.123629406618, 0.203633346831, 0.845847078267, 0.757219668103, 0.187811990682, 0.275598878836, 0.132293284883, 0.227664222857, 0.138535073739, 0.920693576844, 0.0496783321604, 0.0740208963355, 0.0635627620146, 0.901977754622, 0.216523876955, 0.163692421117, 0.354543815964, 0.069939192605, 0.00629785150995, 0.295616964036, 0.150246730675, 0.0649401856469, 0.064466227685, 0.000953397037481, 0.307863868272, 0.0168809404577, 0.939167248667, 1.69012365159
0.628994685967, 0.114665519568, 0.38873198814, 0.370791505594, 0.0601392562148, 0.256837839596, 0.254272696623, 0.0603923577426, 0.234920235172, 0.603598742039, 0.00354611274846, 0.900809062583, 0.00420613458433, 0.00602224346316, 0.838339831731, 0.0376404359228, 0.373833916506, 0.0759541420133, 0.860465678475, 0.0885814439961, 0.869349067206, 0.251641100318, 0.0358265711463, 0.0352723081406, 0.751509335265, 0.0843485333752, 0.380795956999, 0.122551533038, 0.968953860786, 0.17785292145, 0.628994685967, 2.30090395186
0.628994685967, 0.114665519568, 0.38873198814, 0.370791505594, 0.0601392562148, 0.256837839596, 0.254272696623, 0.0603923577426, 0.234920235172, 0.603598742039, 0.00354611274846, 0.900809062583, 0.00420613458433, 0.00602224346316, 0.838339831731, 0.0376404359228, 0.373833916506, 0.0759541420133, 0.860465678475, 0.0885814439961, 0.869349067206, 0.251641100318, 0.0358265711463, 0.0352723081406, 0.751509335265, 0.0843485333752, 0.380795956999, 0.122551533038, 0.968953860786, 0.17785292145, 0.628994685967, 2.30090395186
0.643274417439, 0.132090544041, 0.751038071298, 0.044334267262, 0.175345753901, 0.128522723168, 0.0290070430598, 0.0256880617289, 0.446438066669, 0.0105113353404, 0.206926060235, 0.0155697738136, 0.140959475712, 0.739191689184, 0.454155061554, 0.989090394055, 0.500031619632, 0.00875076076416, 0.551923947537, 0.265148278948, 0.899366106668, 0.402095283204, 0.291999536937, 0.108403663257, 0.591752109822, 0.134870552005, 0.4142574544, 0.0711440403565, 0.260737015051, 0.140308622986, 0.643274417439, 2.2137225054
0.643274417439, 0.132090544041, 0.751038071298, 0.044334267262, 0.175345753901, 0.128522723168, 0.0290070430598, 0.0256880617289, 0.446438066669, 0.0105113353404, 0.206926060235, 0.0155697738136, 0.140959475712, 0.739191689184, 0.454155061554, 0.989090394055, 0.500031619632, 0.00875076076416, 0.551923947537, 0.265148278948, 0.899366106668, 0.402095283204, 0.291999536937, 0.108403663257, 0.591752109822, 0.134870552005, 0.4142574544, 0.0711440403565, 0.260737015051, 0.140308622986, 0.643274417439, 2.2137225054
0.0559016975867, 0.114665519568, 0.954005863662, 0.364700203522, 0.0218249759771, 0.0919319592377, 0.0538314941075, 0.0544836370147, 0.871455901138, 0.910008948454, 0.978171224326, 0.0862239614816, 0.0119698237595, 0.199369531088, 0.206620130632, 0.0376404359228, 0.086832294448, 0.0332492942105, 0.236995968965, 0.0796301998842, 0.145946776958, 0.321827296467, 0.121906354119, 0.576751763142, 0.181419490268, 0.65821255728, 0.380795956999, 0.239433800702, 0.999515502822, 0.048829025887, 0.0559016975867, 3.35252154928
0.0559016975867, 0.114665519568, 0.954005863662, 0.364700203522, 0.0218249759771, 0.0919319592377, 0.0538314941075, 0.0544836370147, 0.871455901138, 0.910008948454, 0.978171224326, 0.0862239614816, 0.0119698237595, 0.199369531088, 0.206620130632, 0.0376404359228, 0.086832294448, 0.0332492942105, 0.236995968965, 0.0796301998842, 0.145946776958, 0.321827296467, 0.121906354119, 0.576751763142, 0.181419490268, 0.65821255728, 0.380795956999, 0.239433800702, 0.999515502822, 0.048829025887, 0.0559016975867, 3.35252154928
0.010791295862, 0.72734382072, 0.660975926272, 0.989837800611, 0.467295707425, 0.263630398817, 0.845847078267, 0.941480070298, 0.656942508643, 0.147139843722, 0.132293284883, 0.227664222857, 0.101311338729, 0.0364735861214, 0.0279466373234, 0.615350555428, 0.111063866267, 0.440449702794, 0.264738897563, 0.163692421117, 0.620009996075, 0.0209564036648, 0.00544431762954, 0.295616964036, 0.0406476358332, 0.327649957529, 0.497237154304, 0.021399994154, 0.0847500966843, 0.0621948426324, 0.010791295862, 3.83175454473
0.010791295862, 0.72734382072, 0.660975926272, 0.989837800611, 0.467295707425, 0.263630398817, 0.845847078267, 0.941480070298, 0.656942508643, 0.147139843722, 0.132293284883, 0.227664222857, 0.101311338729, 0.0364735861214, 0.0279466373234, 0.615350555428, 0.111063866267, 0.440449702794, 0.264738897563, 0.163692421117, 0.620009996075, 0.0209564036648, 0.00544431762954, 0.295616964036, 0.0406476358332, 0.327649957529, 0.497237154304, 0.021399994154, 0.0847500966843, 0.0621948426324, 0.010791295862, 3.83175454473
0.103810205132, 0.414401675393, 0.751038071298, 0.044334267262, 4.21731629895e-05, 0.128522723168, 0.0290070430598, 0.146740212124, 0.446438066669, 0.0186370205394, 9.85323553495e-05, 0.0155697738136, 0.140959475712, 0.876890735226, 0.372190276578, 0.474508630854, 0.500031619632, 0.00875076076416, 0.551923947537, 0.265148278948, 0.206754908081, 0.402095283204, 0.0405146261976, 0.108403663257, 0.591752109822, 0.194799898099, 0.886950440701, 0.331369112152, 0.219943394027, 0.140308622986, 0.103810205132, 2.96889808425
0.103810205132, 0.414401675393, 0.751038071298, 0.044334267262, 4.21731629895e-05, 0.128522723168, 0.0290070430598, 0.146740212124, 0.446438066669, 0.0186370205394, 9.85323553495e-05, 0.0155697738136, 0.140959475712, 0.876890735226, 0.372190276578, 0.474508630854, 0.500031619632, 0.00875076076416, 0.551923947537, 0.265148278948, 0.206754908081, 0.402095283204, 0.0405146261976, 0.108403663257, 0.591752109822, 0.194799898099, 0.886950440701, 0.331369112152, 0.219943394027, 0.140308622986, 0.103810205132, 2.96889808425
0.486376038184, 0.4344901292, 0.660975926272, 0.989837800611, 0.554938173706, 0.274239811751, 0.152856215526, 0.0797692700733, 0.116722966208, 0.275598878836, 0.0170266415653, 0.424758552493, 0.0207803117507, 0.722542999433, 0.0970812204351, 0.597031790903, 0.403509311427, 0.440449702794, 0.46034853093, 0.212463917374, 0.345160928183, 0.113562950258, 0.170977553991, 0.452883385214, 0.0406476358332, 0.288602296611, 0.11868225763, 0.0307380191855, 0.204056523519, 0.231554540375, 0.486376038184, 2.41759548084
0.486376038184, 0.4344901292, 0.660975926272, 0.989837800611, 0.554938173706, 0.274239811751, 0.152856215526, 0.0797692700733, 0.116722966208, 0.275598878836, 0.0170266415653, 0.424758552493, 0.0207803117507, 0.722542999433, 0.0970812204351, 0.597031790903, 0.403509311427, 0.440449702794, 0.46034853093, 0.212463917374, 0.345160928183, 0.113562950258, 0.170977553991, 0.452883385214, 0.0406476358332, 0.288602296611, 0.11868225763, 0.0307380191855, 0.204056523519, 0.231554540375, 0.486376038184, 2.41759548084
0.000289174347077, 0.0870151220512, 0.990494888195, 0.294766333213, 0.0647368991618, 0.00868555974086, 0.157285272093, 0.0908919119556, 0.234951714429, 0.984649921263, 0.568834816441, 0.987808556352, 0.334241438879, 0.387069434347, 0.714074759263, 0.473179890966, 0.0995116486376, 0.952189798038, 0.258786379964, 0.160128459915, 0.566925534971, 0.379526806172, 0.324040570871, 0.576751763142, 0.950096438069, 0.376833722226, 0.00126108112702, 0.38490471322, 0.95602172549, 0.0479474851432, 0.000289174347077, 4.81504091585
0.000289174347077, 0.0870151220512, 0.990494888195, 0.294766333213, 0.0647368991618, 0.00868555974086, 0.157285272093, 0.0908919119556, 0.234951714429, 0.984649921263, 0.568834816441, 0.987808556352, 0.334241438879, 0.387069434347, 0.714074759263, 0.473179890966, 0.0995116486376, 0.952189798038, 0.258786379964, 0.160128459915, 0.566925534971, 0.379526806172, 0.324040570871, 0.576751763142, 0.950096438069, 0.376833722226, 0.00126108112702, 0.38490471322, 0.95602172549, 0.0479474851432, 0.000289174347077, 4.81504091585
0.672406207946, 0.424419164028, 0.236211294018, 0.962144364699, 0.192424165181, 0.103923144632, 0.00488783814943, 0.0559105399669, 0.42078593581, 0.126700986897, 0.0329596239475, 0.0325327871695, 0.0132090199293, 0.718001982465, 0.287511831371, 0.0692099726509, 0.0774572184261, 0.727803725723, 0.0639713004067, 0.300937150807, 0.0374625919404, 0.075859779402, 0.0692080260354, 0.807542111261, 0.0145537384286, 0.791095001097, 0.934309587736, 0.671587874483, 0.00997745424461, 0.537515567858, 0.672406207946, 2.14715234248
0.672406207946, 0.424419164028, 0.236211294018, 0.962144364699, 0.192424165181, 0.103923144632, 0.00488783814943, 0.0559105399669, 0.42078593581, 0.126700986897, 0.0329596239475, 0.0325327871695, 0.0132090199293, 0.718001982465, 0.287511831371, 0.0692099726509, 0.0774572184261, 0.727803725723, 0.0639713004067, 0.300937150807, 0.0374625919404, 0.075859779402, 0.0692080260354, 0.807542111261, 0.0145537384286, 0.791095001097, 0.934309587736, 0.671587874483, 0.00997745424461, 0.537515567858, 0.672406207946, 2.14715234248
0.0110706617356, 0.132090544041, 0.507989595225, 0.0503326840867, 0.00310037246131, 0.587929640244, 0.0290070430598, 0.30862183142, 0.253576801549, 0.00198932594762, 0.809579111596, 0.00584695400731, 0.230758794825, 0.739191689184, 0.121348073656, 0.441083283226, 0.23339724556, 0.00875076076416, 0.59494584723, 0.110742369356, 0.770547066159, 0.17575313887, 0.543742068034, 0.108403663257, 0.164721922494, 0.327649957529, 0.582638331929, 0.954169166661, 0.383538538259, 0.117644065111, 0.0110706617356, 3.67851240549
0.0110706617356, 0.132090544041, 0.507989595225, 0.0503326840867, 0.00310037246131, 0.587929640244, 0.0290070430598, 0.30862183142, 0.253576801549, 0.00198932594762, 0.809579111596, 0.00584695400731, 0.230758794825, 0.739191689184, 0.121348073656, 0.441083283226, 0.23339724556, 0.00875076076416, 0.59494584723, 0.110742369356, 0.770547066159, 0.17575313887, 0.543742068034, 0.108403663257, 0.164721922494, 0.327649957529, 0.582638331929, 0.954169166661, 0.383538538259, 0.117644065111, 0.0110706617356, 3.67851240549
0.0396499377952, 0.132090544041, 0.100348476886, 0.654160362923, 0.00788908155012, 0.0984072838038, 0.231021214027, 0.308330458007, 0.253576801549, 0.231825651138, 0.809579111596, 0.1201641669, 0.230758794825, 0.995573217373, 0.449626069393, 0.847478651155, 0.120530231904, 0.00875076076416, 0.416883816407, 0.162913769877, 0.934823251753, 0.17575313887, 0.0253640487135, 0.0599517354602, 0.298063440585, 0.0975800470462, 0.4142574544, 0.996394411493, 0.0235638175305, 0.0263634374035, 0.0396499377952, 3.47363729561
0.0396499377952, 0.132090544041, 0.100348476886, 0.654160362923, 0.00788908155012, 0.0984072838038, 0.231021214027, 0.308330458007, 0.253576801549, 0.231825651138, 0.809579111596, 0.1201641669, 0.230758794825, 0.995573217373, 0.449626069393, 0.847478651155, 0.120530231904, 0.00875076076416, 0.416883816407, 0.162913769877, 0.934823251753, 0.17575313887, 0.0253640487135, 0.0599517354602, 0.298063440585, 0.0975800470462, 0.4142574544, 0.996394411493, 0.0235638175305, 0.0263634374035, 0.0396499377952, 3.47363729561
0.000904852236748, 0.132090544041, 0.727837533747, 0.0503326840867, 0.00237479562174, 0.794216775406, 0.0290070430598, 0.30862183142, 0.0811085710212, 0.817175978154, 0.809579111596, 0.0124095886461, 0.0328832055315, 0.739191689184, 0.449626069393, 0.441083283226, 0.23339724556, 0.00875076076416, 0.59494584723, 0.110742369356, 0.934823251753, 0.108721885098, 0.543742068034, 0.108403663257, 0.164721922494, 0.134870552005, 0.4142574544, 0.954169166661, 0.383538538259, 0.267720415377, 0.000904852236748, 4.16276205407
0.000904852236748, 0.132090544041, 0.727837533747, 0.0503326840867, 0.00237479562174, 0.794216775406, 0.0290070430598, 0.30862183142, 0.0811085710212, 0.817175978154, 0.809579111596, 0.0124095886461, 0.0328832055315, 0.739191689184, 0.449626069393, 0.441083283226, 0.23339724556, 0.00875076076416, 0.59494584723, 0.110742369356, 0.934823251753, 0.108721885098, 0.543742068034, 0.108403663257, 0.164721922494, 0.134870552005, 0.4142574544, 0.954169166661, 0.383538538259, 0.267720415377, 0.000904852236748, 4.16276205407
0.995809717331, 0.826313648896, 0.420929062537, 0.154347851567, 0.017604060907, 0.00983204840764, 0.243910067837, 0.397495702936, 0.868176362976, 0.3677729771, 0.170427260053, 0.0173440665721, 0.398854325632, 0.20771992294, 0.453549263883, 0.0330366305951, 0.135702017268, 0.286855151377, 0.546464600399, 0.0758077932798, 0.213211652133, 0.560483902292, 0.651305599059, 0.0881031218733, 0.0153556318352, 0.274853016996, 0.0128206768854, 0.0545290237518, 0.407825891321, 0.439668779384, 0.995809717331, 1.70032909996
0.995809717331, 0.826313648896, 0.420929062537, 0.154347851567, 0.017604060907, 0.00983204840764, 0.243910067837, 0.397495702936, 0.868176362976, 0.3677729771, 0.170427260053, 0.0173440665721, 0.398854325632, 0.20771992294, 0.453549263883, 0.0330366305951, 0.135702017268, 0.286855151377, 0.546464600399, 0.0758077932798, 0.213211652133, 0.560483902292, 0.651305599059, 0.0881031218733, 0.0153556318352, 0.274853016996, 0.0128206768854, 0.0545290237518, 0.407825891321, 0.439668779384, 0.995809717331, 1.70032909996
0.628994685967, 0.114665519568, 0.915041225417, 0.39041088005, 0.0601392562148, 0.588366603429, 0.254272696623, 0.0603923577426, 0.234920235172, 0.292995227732, 0.241946793157, 0.900809062583, 0.00396167194478, 0.101538969092, 0.983618974942, 0.0318789993477, 0.373833916506, 0.0759541420133, 0.578758470466, 0.0885814439961, 0.730463073608, 0.307501866813, 0.0124356640181, 0.0352723081406, 0.751509335265, 0.0843485333752, 0.0971346604827, 0.353785348577, 0.697221193024, 0.546108409502, 0.628994685967, 2.47389854837
0.103810205132, 0.132090544041, 0.751038071298, 0.044334267262, 4.21731629895e-05, 0.128522723168, 0.0290070430598, 0.146740212124, 0.0615778878942, 0.0186370205394, 0.229808182431, 0.0155697738136, 0.36660198332, 0.739191689184, 0.0818396256894, 0.989090394055, 0.500031619632, 0.00875076076416, 0.551923947537, 0.335613896727, 0.591178122251, 0.402095283204, 0.0405146261976, 0.108403663257, 0.591752109822, 0.134870552005, 0.544570250345, 0.443631100712, 0.260737015051, 0.140308622986, 0.103810205132, 2.99171373774
0.382673570422, 0.4344901292, 0.660975926272, 0.989837800611, 0.554938173706, 0.274239811751, 0.152856215526, 0.0797692700733, 0.116722966208, 0.275598878836, 0.000347864142971, 0.424758552493, 0.0207803117507, 0.722542999433, 0.0970812204351, 0.597031790903, 0.403509311427, 0.440449702794, 0.46034853093, 0.212463917374, 0.382850668363, 0.113562950258, 0.170977553991, 0.452883385214, 0.0406476358332, 0.288602296611, 0.100278848511, 0.0307380191855, 0.204056523519, 0.231554540375, 0.382673570422, 2.57132114278
0.275451486582, 0.18526904594, 0.660975926272, 0.0393828493408, 0.726891015388, 0.274239811751, 0.845847078267, 0.00310178054716, 0.100060913965, 0.0672168608517, 0.132293284883, 0.7006368714, 0.101311338729, 0.953279778905, 0.0970812204351, 0.191932490295, 0.121560871659, 0.334908933191, 0.681041383608, 0.163692421117, 0.903051187869, 0.875918958749, 0.000176811812818, 0.0741110557316, 0.0406476358332, 0.0138945696918, 0.064466227685, 0.0124052363871, 0.242722429575, 0.231554540375, 0.275451486582, 2.72791058395
0.905026647262, 0.198236126121, 0.220938127681, 0.381285612983, 0.908892072126, 0.398816604587, 0.145200231826, 0.0345022571379, 0.181706530313, 0.202281286657, 0.238115301571, 0.317626681899, 0.872993314746, 0.374511008223, 0.177981995949, 0.139928738196, 0.506488608254, 0.607250811811, 0.98776477843, 0.2049972414, 0.271637198017, 0.0413917926218, 0.434838392216, 0.52579547722, 0.0462615745315, 0.00205506739635, 0.127349123111, 0.0385040636236, 0.115951332373, 0.655008940991, 0.905026647262, 2.02454298872
0.704371566832, 0.424419164028, 0.236211294018, 0.962144364699, 0.192424165181, 0.869152870863, 0.00445511559212, 0.0559105399669, 0.42078593581, 0.126700986897, 0.0329596239475, 0.0325327871695, 0.0132090199293, 0.718001982465, 0.10681006694, 0.0751481951025, 0.193189114519, 0.727803725723, 0.290222011787, 0.232199020841, 0.0290290273664, 0.0231125478177, 0.0692080260354, 0.807542111261, 0.0145537384286, 0.791095001097, 0.934309587736, 0.060109566256, 0.00997745424461, 0.537515567858, 0.704371566832, 2.15629701358
0.811681072457, 0.856784680092, 0.644308942275, 0.381285612983, 0.126321247213, 0.274239811751, 0.152856215526, 0.800744247701, 0.116722966208, 0.53638564828, 0.686989453125, 0.424758552493, 0.142869721534, 0.722542999433, 0.0970812204351, 0.59832570458, 0.135702017268, 0.440449702794, 0.343993731448, 0.00556446652541, 0.125667683693, 0.763028007984, 0.00629785150995, 0.102719812518, 0.0406476358332, 0.0388686382887, 0.166190884021, 0.00795031902408, 0.407825891321, 0.231554540375, 0.811681072457, 2.12900149877
0.526527034945, 0.4344901292, 0.660975926272, 0.989837800611, 0.554938173706, 0.274239811751, 0.152856215526, 0.0797692700733, 0.116722966208, 0.275598878836, 0.000347864142971, 0.424758552493, 0.0207803117507, 0.722542999433, 0.0970812204351, 0.597031790903, 0.648358854626, 0.440449702794, 0.693894119167, 0.212463917374, 0.345164604489, 0.113562950258, 0.170977553991, 0.452883385214, 0.0406476358332, 0.288602296611, 0.100278848511, 0.0307380191855, 0.204056523519, 0.231554540375, 0.526527034945, 2.47490666055
