0.710319179112, 0.0, 0.0, 1.0, 1.0, 0.720189271771, 1.0, 0.0, 0.0, 4.60982406772
1.0, 0.0, 0.0, 1.0, 1.0, 0.720189271771, 1.0, 0.0, 0.0, 4.60982406772
1.0, 1.0, 0.0, 0.0, 0.0, 0.0, 0.607662537832, 5.0, 1.0, 1.63134998875
0.371286419344, 1.0, 0.0, 0.0, 0.0, 0.0, 0.0, 8.0, 0.0, 0.458474486116
0.371286419344, 1.0, 0.0, 0.0, 0.0, 0.0, 0.0, 8.0, 0.0, 0.458474486116
1.0, 1.0, 0.0, 0.0, 0.0, 0.0, 0.607662537832, 5.0, 1.0, 1.63134998875
1.0, 1.0, 0.129687675918, 0.0, 0.0, 0.803511705525, 0.0, 2.0, 0.0, 2.90021018694
1.0, 0.262853590186, 1.0, 0.0, 0.0, 0.135130333932, 1.0, 5.0, 0.0, 2.04350797498
0.996016112469, 0.0, 1.0, 0.0, 0.0, 1.0, 1.0, 1.0, 0.0, 3.68645777168
1.0, 1.0, 0.129687675918, 0.0, 0.0, 0.803511705525, 0.0, 2.0, 0.0, 2.90021018694
0.27092088776, 0.319608308829, 1.0, 0.017192582375, 0.366346347056, 0.0, 0.806899934443, 7.0, 0.0, 1.24472207086
0.819673614991, 0.0, 1.0, 0.0, 0.366346347056, 0.734163944883, 1.0, 1.0, 0.0, 3.68645777168
1.0, 1.0, 0.0, 0.0, 0.37139282922, 0.0, 0.0, 6.0, 0.0, 1.25726039024
1.0, 0.262853590186, 1.0, 0.0, 0.0, 0.135130333932, 1.0, 5.0, 0.0, 2.04350797498
0.27092088776, 0.319608308829, 1.0, 0.017192582375, 0.366346347056, 0.0, 0.806899934443, 7.0, 0.0, 1.24472207086
1.0, 1.0, 0.343859146306, 0.0, 0.355777357593, 0.0, 0.0714399256013, 6.0, 0.0, 1.25726039024
1.0, 0.0, 0.227271958158, 1.0, 1.0, 0.969634963422, 1.0, 0.0, 0.0, 4.60982406772
1.0, 0.0, 0.0, 1.0, 1.0, 1.0, 0.55240756396, 0.0, 0.0, 4.60982406772
1.0, 0.0, 0.132925004618, 1.0, 1.0, 1.0, 1.0, 0.0, 0.0, 4.60982406772
1.0, 0.0, 0.0, 1.0, 1.0, 1.0, 1.0, 0.0, 0.0, 4.60982406772
1.0, 0.0, 0.0, 1.0, 0.961471722141, 1.0, 0.821756271937, 0.0, 0.0, 4.60982406772
1.0, 0.0, 0.28255783088, 1.0, 1.0, 0.720189271771, 1.0, 0.0, 0.0, 4.60982406772
0.710319179112, 0.0, 0.0, 1.0, 1.0, 1.0, 1.0, 0.0, 0.0, 4.60982406772
1.0, 0.0, 0.0, 1.0, 1.0, 0.720189271771, 1.0, 0.0, 0.0, 4.60982406772
0.710319179112, 0.0, 0.0, 1.0, 1.0, 0.969634963422, 1.0, 0.0, 0.0, 4.60982406772
1.0, 0.0, 0.227271958158, 1.0, 1.0, 0.720189271771, 0.578752654462, 0.0, 0.0, 4.60982406772
1.0, 0.0, 0.0, 1.0, 1.0, 1.0, 1.0, 0.0, 0.0, 4.60982406772
1.0, 0.0, 0.0, 1.0, 1.0, 1.0, 0.821756271937, 0.0, 0.0, 4.60982406772
1.0, 0.0, 0.0, 1.0, 1.0, 0.720189271771, 1.0, 0.0, 0.0, 4.60982406772
1.0, 0.0, 0.341985972972, 1.0, 1.0, 1.0, 1.0, 0.0, 0.0, 4.60982406772
0.710319179112, 0.464049362241, 0.326149465365, 1.0, 1.0, 1.0, 1.0, 0.0, 0.0, 4.60982406772
1.0, 0.0, 0.0, 1.0, 1.0, 0.720189271771, 1.0, 0.0, 0.0, 4.60982406772
0.710319179112, 0.0, 0.0, 1.0, 1.0, 0.720189271771, 1.0, 0.0, 0.0, 4.60982406772
1.0, 0.0, 0.227271958158, 1.0, 1.0, 0.969634963422, 1.0, 0.0, 0.0, 4.60982406772
1.0, 0.0, 0.0, 1.0, 1.0, 1.0, 0.55240756396, 0.0, 0.0, 4.60982406772
1.0, 0.0, 0.132925004618, 1.0, 1.0, 1.0, 1.0, 0.0, 0.0, 4.60982406772
1.0, 0.0, 0.0, 1.0, 1.0, 1.0, 1.0, 0.0, 0.0, 4.60982406772
1.0, 0.0, 0.0, 1.0, 0.961471722141, 1.0, 0.821756271937, 0.0, 0.0, 4.60982406772
1.0, 0.0, 0.28255783088, 1.0, 1.0, 0.720189271771, 1.0, 0.0, 0.0, 4.60982406772
0.710319179112, 0.0, 0.0, 1.0, 1.0, 1.0, 1.0, 0.0, 0.0, 4.60982406772
1.0, 0.0, 0.0, 1.0, 1.0, 0.720189271771, 1.0, 0.0, 0.0, 4.60982406772
0.710319179112, 0.0, 0.0, 1.0, 1.0, 0.969634963422, 1.0, 0.0, 0.0, 4.60982406772
1.0, 0.0, 0.227271958158, 1.0, 1.0, 0.720189271771, 0.578752654462, 0.0, 0.0, 4.60982406772
1.0, 0.0, 0.0, 1.0, 1.0, 1.0, 1.0, 0.0, 0.0, 4.60982406772
1.0, 0.0, 0.0, 1.0, 1.0, 1.0, 0.821756271937, 0.0, 0.0, 4.60982406772
1.0, 0.0, 0.0, 1.0, 1.0, 0.720189271771, 1.0, 0.0, 0.0, 4.60982406772
1.0, 0.0, 0.341985972972, 1.0, 1.0, 1.0, 1.0, 0.0, 0.0, 4.60982406772
0.710319179112, 0.464049362241, 0.326149465365, 1.0, 1.0, 1.0, 1.0, 0.0, 0.0, 4.60982406772
1.0, 0.262853590186, 1.0, 0.0, 0.0, 1.0, 0.641435740595, 1.0, 0.0, 3.68645777168
1.0, 0.475650441739, 0.919863748267, 0.0, 0.0, 1.0, 1.0, 1.0, 0.0, 3.68645777168
1.0, 0.0, 1.0, 0.0, 0.0, 1.0, 1.0, 1.0, 0.0, 3.68645777168
1.0, 0.0, 1.0, 0.0, 0.0, 1.0, 1.0, 1.0, 0.0, 3.68645777168
1.0, 0.0, 1.0, 0.0, 0.295430910419, 1.0, 0.710526015196, 1.0, 0.0, 3.68645777168
1.0, 0.252204239792, 1.0, 0.0, 0.0, 1.0, 1.0, 1.0, 0.0, 3.68645777168
0.996016112469, 0.0, 1.0, 0.0, 0.0, 1.0, 1.0, 1.0, 0.0, 3.68645777168
0.819673614991, 0.0, 1.0, 0.0, 0.366346347056, 0.734163944883, 1.0, 1.0, 0.0, 3.68645777168
1.0, 0.262853590186, 1.0, 0.0, 0.0, 1.0, 0.641435740595, 1.0, 0.0, 3.68645777168
1.0, 0.475650441739, 0.919863748267, 0.215995372822, 0.0, 1.0, 1.0, 1.0, 0.0, 3.68645777168
0.549211370898, 0.0, 1.0, 0.0, 0.0, 1.0, 1.0, 1.0, 0.0, 3.68645777168
1.0, 0.0, 1.0, 0.0, 0.0, 1.0, 1.0, 1.0, 0.0, 3.68645777168
1.0, 0.0, 0.919863748267, 0.0, 0.295430910419, 1.0, 0.710526015196, 1.0, 0.0, 3.68645777168
1.0, 0.0, 1.0, 0.0, 0.0, 1.0, 1.0, 1.0, 0.0, 3.68645777168
0.996016112469, 0.0, 1.0, 0.0, 0.0, 1.0, 1.0, 1.0, 0.0, 3.68645777168
0.819673614991, 0.0, 1.0, 0.0, 0.366346347056, 0.734163944883, 1.0, 1.0, 0.0, 3.68645777168
1.0, 0.262853590186, 1.0, 0.0, 0.0, 1.0, 0.641435740595, 1.0, 0.0, 3.68645777168
1.0, 0.475650441739, 0.919863748267, 0.0, 0.0, 1.0, 1.0, 1.0, 0.0, 3.68645777168
1.0, 0.0, 1.0, 0.0, 0.0, 1.0, 1.0, 1.0, 0.0, 3.68645777168
1.0, 0.0, 1.0, 0.0, 0.0, 1.0, 1.0, 1.0, 0.0, 3.68645777168
1.0, 0.0, 1.0, 0.0, 0.295430910419, 1.0, 0.710526015196, 1.0, 0.0, 3.68645777168
1.0, 0.252204239792, 1.0, 0.0, 0.0, 1.0, 1.0, 1.0, 0.0, 3.68645777168
0.996016112469, 0.0, 1.0, 0.0, 0.0, 1.0, 1.0, 1.0, 0.0, 3.68645777168
0.819673614991, 0.0, 1.0, 0.0, 0.366346347056, 0.734163944883, 1.0, 1.0, 0.0, 3.68645777168
1.0, 0.262853590186, 1.0, 0.0, 0.0, 1.0, 0.641435740595, 1.0, 0.0, 3.68645777168
1.0, 0.475650441739, 0.919863748267, 0.215995372822, 0.0, 1.0, 1.0, 1.0, 0.0, 3.68645777168
0.549211370898, 0.0, 1.0, 0.0, 0.0, 1.0, 1.0, 1.0, 0.0, 3.68645777168
1.0, 0.0, 1.0, 0.0, 0.0, 1.0, 1.0, 1.0, 0.0, 3.68645777168
1.0, 0.0, 0.919863748267, 0.0, 0.295430910419, 1.0, 0.710526015196, 1.0, 0.0, 3.68645777168
1.0, 0.0, 1.0, 0.0, 0.0, 1.0, 1.0, 1.0, 0.0, 3.68645777168
1.0, 1.0, 0.0, 0.217017121938, 0.0, 0.0, 0.0, 6.0, 0.0, 1.25726039024
0.562657638549, 1.0, 0.0, 0.0, 0.378925199813, 0.0, 0.0, 6.0, 0.0, 1.25726039024
1.0, 0.842460543474, 0.0, 0.0, 0.00705582810696, 0.0, 0.0, 6.0, 0.0, 1.25726039024
1.0, 0.622961125783, 0.170774774892, 0.0, 0.0, 0.295491477233, 0.0, 6.0, 0.0, 1.25726039024
1.0, 1.0, 0.0, 0.0, 0.0, 0.0, 0.0, 6.0, 0.0, 1.25726039024
1.0, 1.0, 0.0, 0.0, 0.408024018851, 0.169934804634, 0.0, 6.0, 0.0, 1.25726039024
1.0, 1.0, 0.0, 0.0, 0.0, 0.0, 0.0, 6.0, 0.0, 1.25726039024
1.0, 1.0, 0.0, 0.0, 0.0, 0.0, 0.0, 6.0, 0.0, 1.25726039024
1.0, 1.0, 0.0, 0.0268787697126, 0.0, 0.0, 0.0, 6.0, 0.0, 1.25726039024
1.0, 1.0, 0.0, 0.330280107948, 0.0, 0.0, 0.0, 6.0, 0.0, 1.25726039024
1.0, 0.877782931569, 0.244741655737, 0.0, 0.0, 0.0, 0.0, 6.0, 0.0, 1.25726039024
1.0, 1.0, 0.0, 0.202000512764, 0.0, 0.0, 0.0, 6.0, 0.0, 1.25726039024
1.0, 1.0, 0.0, 0.0, 0.180303651516, 0.0, 0.0, 6.0, 0.0, 1.25726039024
1.0, 1.0, 0.0, 0.0, 0.0, 0.0, 0.0, 6.0, 0.0, 1.25726039024
