0.0559016975867, 0.114665519568, 0.915041225417, 0.644742586413, 0.0127890730068, 0.0377756756658, 0.431914335425, 0.678495605384, 0.538902781678, 0.625856599935, 0.338933995408, 0.150781576149, 0.0461789814447, 0.199369531088, 0.1301084053, 0.0376404359228, 0.373833916506, 0.0759541420133, 0.640196647788, 0.160128459915, 0.154440439551, 0.547588916979, 0.00882370948648, 0.698940707385, 0.159370518619, 0.629021797201, 0.380795956999, 0.11255851886, 0.549519178353, 0.0412466681856, 0.0559016975867, 3.459681386
0.649336828011, 0.193475017683, 0.0398839568631, 0.855887906289, 0.126321247213, 0.207699266872, 0.126035975592, 0.083228583818, 0.0341024881851, 0.630684181584, 0.0790706894347, 0.170232663323, 0.274132757186, 0.806475735154, 0.109850704785, 0.594623015859, 0.0192091448556, 0.176155029161, 0.524693172143, 0.85958087226, 0.0870174972758, 0.315484524404, 0.51928715865, 0.265010849326, 0.0315748715886, 0.011783522589, 0.573950754187, 0.124994730706, 0.482655120809, 0.724500237539, 0.649336828011, 2.23542785459
0.993571514629, 0.273951411548, 0.467960820768, 0.855887906289, 0.561060562174, 0.762857673669, 0.126035975592, 0.083228583818, 0.514089453165, 0.187679817478, 0.36317990078, 0.170232663323, 0.274132757186, 0.806475735154, 0.109850704785, 0.481812268521, 0.0092335683941, 0.176155029161, 0.0882722621116, 0.85958087226, 0.0870174972758, 0.315484524404, 0.51928715865, 0.265010849326, 0.0315748715886, 0.011783522589, 0.010561438675, 0.124994730706, 0.482655120809, 0.724500237539, 0.993571514629, 2.02459490727
0.287339541545, 0.273951411548, 0.0398839568631, 0.213050507054, 0.461891019139, 0.675988908664, 0.114012305766, 0.100321637913, 0.00343024008687, 0.176926409381, 0.36317990078, 0.154533053285, 0.683631619968, 0.907224928214, 0.109850704785, 0.594623015859, 0.0192091448556, 0.176155029161, 0.524693172143, 0.85958087226, 0.0870174972758, 0.0665589422381, 0.392134736385, 0.364574349002, 0.096435607181, 0.011783522589, 0.410139773133, 0.00371275660577, 0.482655120809, 0.702125651886, 0.287339541545, 2.76766146433
0.00179620588193, 0.114665519568, 0.663409974735, 0.644742586413, 0.00791991467485, 0.00511425996585, 0.468049646979, 0.678495605384, 0.421201742561, 0.625856599935, 0.338933995408, 0.150781576149, 0.0461789814447, 0.199369531088, 0.1301084053, 0.0376404359228, 0.373833916506, 0.311732547649, 0.640196647788, 0.151012042599, 0.154440439551, 0.547588916979, 0.137493940577, 0.698940707385, 0.159370518619, 0.629021797201, 0.380795956999, 0.11255851886, 0.747190269986, 0.0412466681856, 0.00179620588193, 3.90026012758
0.0370707311469, 0.295937545131, 0.300163153242, 0.213050507054, 0.10309052079, 0.398816604587, 0.271302484497, 0.116231431415, 0.73992416698, 0.281703483808, 0.338933995408, 0.473176257711, 0.429564921708, 0.374511008223, 0.177981995949, 0.139928738196, 0.197526813241, 0.0413217283824, 0.0395935277747, 0.194368210284, 0.753597782636, 0.224780484398, 0.599198071035, 0.52579547722, 0.990248288412, 0.319427697909, 0.0577638626575, 0.0912555615667, 1.14742563827e-05, 0.7948275303, 0.0370707311469, 3.56098342618
0.130514209551, 0.4344901292, 0.332175392545, 0.213050507054, 0.378102225333, 0.398816604587, 0.356102443753, 0.785870547822, 0.176270486378, 0.202281286657, 0.24723103018, 0.170232663323, 0.812931208425, 0.654064907939, 8.82805218779e-05, 0.136281659363, 0.0819694234474, 0.0391548015098, 0.0395935277747, 0.194368210284, 0.937196136314, 0.224780484398, 0.337723153953, 0.52579547722, 0.0406476358332, 0.295963970861, 0.0577638626575, 0.0912555615667, 0.000240746534512, 0.7948275303, 0.130514209551, 3.07803574427
0.472370034633, 0.0950396938054, 0.240161653882, 0.0746822987702, 0.461891019139, 0.675988908664, 0.104188097986, 0.291436857366, 0.202218860661, 0.176926409381, 0.227635664989, 0.154533053285, 0.69920532497, 0.210182128553, 0.109850704785, 0.594623015859, 0.311559992883, 0.176155029161, 0.370214585877, 0.292161783404, 0.0643008261829, 0.315484524404, 0.445328838275, 0.265010849326, 0.76433594941, 0.00760197093452, 0.573950754187, 0.00371275660577, 0.482655120809, 0.791428848825, 0.472370034633, 2.50121393332
0.000540140620785, 0.431021872324, 0.915041225417, 0.427985501833, 0.233567203799, 0.111834459573, 0.930296759166, 0.974193758648, 0.797426403248, 0.816413255951, 0.0761048664028, 0.0681504421673, 0.0106335245276, 0.199369531088, 0.217278155053, 0.987725103192, 0.161091182771, 0.677695566954, 0.318804258098, 0.159487668913, 0.357002847793, 0.186252775977, 0.234834444268, 0.584550905953, 0.858649376103, 0.363801159811, 0.017484442501, 0.155747376761, 0.379545032311, 0.108518762198, 0.000540140620785, 4.59969739053
0.0363608399188, 0.198236126121, 0.300163153242, 0.213050507054, 0.00994291828999, 0.398816604587, 0.356102443753, 0.0308331518104, 0.73992416698, 0.255894343505, 0.694977301395, 0.550240398209, 0.812931208425, 0.374511008223, 0.177981995949, 0.139928738196, 0.197526813241, 0.349636520512, 0.0261650406492, 0.194368210284, 0.452476852653, 0.224780484398, 0.599198071035, 0.52579547722, 0.990248288412, 0.319427697909, 0.0577638626575, 0.465510540525, 0.000240746534512, 0.7948275303, 0.0363608399188, 3.85075897983
0.0559016975867, 0.114665519568, 0.915041225417, 0.644742586413, 0.0127890730068, 0.0377756756658, 0.431914335425, 0.678495605384, 0.538902781678, 0.625856599935, 0.338933995408, 0.150781576149, 0.0461789814447, 0.199369531088, 0.1301084053, 0.0376404359228, 0.373833916506, 0.0759541420133, 0.640196647788, 0.160128459915, 0.154440439551, 0.547588916979, 0.00882370948648, 0.698940707385, 0.159370518619, 0.629021797201, 0.380795956999, 0.11255851886, 0.549519178353, 0.0412466681856, 0.0559016975867, 3.459681386
0.649336828011, 0.193475017683, 0.0398839568631, 0.855887906289, 0.126321247213, 0.207699266872, 0.126035975592, 0.083228583818, 0.0341024881851, 0.630684181584, 0.0790706894347, 0.170232663323, 0.274132757186, 0.806475735154, 0.109850704785, 0.594623015859, 0.0192091448556, 0.176155029161, 0.524693172143, 0.85958087226, 0.0870174972758, 0.315484524404, 0.51928715865, 0.265010849326, 0.0315748715886, 0.011783522589, 0.573950754187, 0.124994730706, 0.482655120809, 0.724500237539, 0.649336828011, 2.23542785459
0.993571514629, 0.273951411548, 0.467960820768, 0.855887906289, 0.561060562174, 0.762857673669, 0.126035975592, 0.083228583818, 0.514089453165, 0.187679817478, 0.36317990078, 0.170232663323, 0.274132757186, 0.806475735154, 0.109850704785, 0.481812268521, 0.0092335683941, 0.176155029161, 0.0882722621116, 0.85958087226, 0.0870174972758, 0.315484524404, 0.51928715865, 0.265010849326, 0.0315748715886, 0.011783522589, 0.010561438675, 0.124994730706, 0.482655120809, 0.724500237539, 0.993571514629, 2.02459490727
0.287339541545, 0.273951411548, 0.0398839568631, 0.213050507054, 0.461891019139, 0.675988908664, 0.114012305766, 0.100321637913, 0.00343024008687, 0.176926409381, 0.36317990078, 0.154533053285, 0.683631619968, 0.907224928214, 0.109850704785, 0.594623015859, 0.0192091448556, 0.176155029161, 0.524693172143, 0.85958087226, 0.0870174972758, 0.0665589422381, 0.392134736385, 0.364574349002, 0.096435607181, 0.011783522589, 0.410139773133, 0.00371275660577, 0.482655120809, 0.702125651886, 0.287339541545, 2.76766146433
0.00179620588193, 0.114665519568, 0.663409974735, 0.644742586413, 0.00791991467485, 0.00511425996585, 0.468049646979, 0.678495605384, 0.421201742561, 0.625856599935, 0.338933995408, 0.150781576149, 0.0461789814447, 0.199369531088, 0.1301084053, 0.0376404359228, 0.373833916506, 0.311732547649, 0.640196647788, 0.151012042599, 0.154440439551, 0.547588916979, 0.137493940577, 0.698940707385, 0.159370518619, 0.629021797201, 0.380795956999, 0.11255851886, 0.747190269986, 0.0412466681856, 0.00179620588193, 3.90026012758
0.0370707311469, 0.295937545131, 0.300163153242, 0.213050507054, 0.10309052079, 0.398816604587, 0.271302484497, 0.116231431415, 0.73992416698, 0.281703483808, 0.338933995408, 0.473176257711, 0.429564921708, 0.374511008223, 0.177981995949, 0.139928738196, 0.197526813241, 0.0413217283824, 0.0395935277747, 0.194368210284, 0.753597782636, 0.224780484398, 0.599198071035, 0.52579547722, 0.990248288412, 0.319427697909, 0.0577638626575, 0.0912555615667, 1.14742563827e-05, 0.7948275303, 0.0370707311469, 3.56098342618
0.130514209551, 0.4344901292, 0.332175392545, 0.213050507054, 0.378102225333, 0.398816604587, 0.356102443753, 0.785870547822, 0.176270486378, 0.202281286657, 0.24723103018, 0.170232663323, 0.812931208425, 0.654064907939, 8.82805218779e-05, 0.136281659363, 0.0819694234474, 0.0391548015098, 0.0395935277747, 0.194368210284, 0.937196136314, 0.224780484398, 0.337723153953, 0.52579547722, 0.0406476358332, 0.295963970861, 0.0577638626575, 0.0912555615667, 0.000240746534512, 0.7948275303, 0.130514209551, 3.07803574427
0.472370034633, 0.0950396938054, 0.240161653882, 0.0746822987702, 0.461891019139, 0.675988908664, 0.104188097986, 0.291436857366, 0.202218860661, 0.176926409381, 0.227635664989, 0.154533053285, 0.69920532497, 0.210182128553, 0.109850704785, 0.594623015859, 0.311559992883, 0.176155029161, 0.370214585877, 0.292161783404, 0.0643008261829, 0.315484524404, 0.445328838275, 0.265010849326, 0.76433594941, 0.00760197093452, 0.573950754187, 0.00371275660577, 0.482655120809, 0.791428848825, 0.472370034633, 2.50121393332
0.000540140620785, 0.431021872324, 0.915041225417, 0.427985501833, 0.233567203799, 0.111834459573, 0.930296759166, 0.974193758648, 0.797426403248, 0.816413255951, 0.0761048664028, 0.0681504421673, 0.0106335245276, 0.199369531088, 0.217278155053, 0.987725103192, 0.161091182771, 0.677695566954, 0.318804258098, 0.159487668913, 0.357002847793, 0.186252775977, 0.234834444268, 0.584550905953, 0.858649376103, 0.363801159811, 0.017484442501, 0.155747376761, 0.379545032311, 0.108518762198, 0.000540140620785, 4.59969739053
0.0363608399188, 0.198236126121, 0.300163153242, 0.213050507054, 0.00994291828999, 0.398816604587, 0.356102443753, 0.0308331518104, 0.73992416698, 0.255894343505, 0.694977301395, 0.550240398209, 0.812931208425, 0.374511008223, 0.177981995949, 0.139928738196, 0.197526813241, 0.349636520512, 0.0261650406492, 0.194368210284, 0.452476852653, 0.224780484398, 0.599198071035, 0.52579547722, 0.990248288412, 0.319427697909, 0.0577638626575, 0.465510540525, 0.000240746534512, 0.7948275303, 0.0363608399188, 3.85075897983
0.127548197391, 0.198236126121, 0.332175392545, 0.213050507054, 0.126321247213, 0.655242763829, 0.356102443753, 0.422073144227, 0.73992416698, 0.202281286657, 0.338933995408, 0.129717007672, 0.812931208425, 0.374511008223, 0.917697896148, 0.139928738196, 0.524107702706, 0.0617017428341, 0.121119260759, 0.194368210284, 0.724786323998, 0.224780484398, 0.245866747062, 0.823417659376, 0.159370518619, 0.319427697909, 0.0577638626575, 0.0912555615667, 0.000240746534512, 0.7948275303, 0.127548197391, 3.46554748141
0.127548197391, 0.198236126121, 0.332175392545, 0.213050507054, 0.126321247213, 0.655242763829, 0.356102443753, 0.422073144227, 0.73992416698, 0.202281286657, 0.338933995408, 0.129717007672, 0.812931208425, 0.374511008223, 0.917697896148, 0.139928738196, 0.524107702706, 0.0617017428341, 0.121119260759, 0.194368210284, 0.724786323998, 0.224780484398, 0.245866747062, 0.823417659376, 0.159370518619, 0.319427697909, 0.0577638626575, 0.0912555615667, 0.000240746534512, 0.7948275303, 0.127548197391, 3.46554748141
0.0508007805728, 0.782918335134, 0.0160758759455, 0.213050507054, 0.787382878559, 0.166653874399, 0.280458760841, 0.116231431415, 0.681848265882, 0.202281286657, 0.513348793561, 0.442984052498, 0.0763668045875, 0.374511008223, 0.0749303510537, 0.398038975271, 0.586804352491, 0.176155029161, 0.0362593188014, 0.170170122013, 0.972083309961, 0.224780484398, 0.647193598806, 0.52579547722, 0.990248288412, 0.295963970861, 0.0577638626575, 0.0912555615667, 0.000497562674119, 0.397932784266, 0.0508007805728, 3.73482433041
0.042797377736, 0.292210720079, 0.458523442537, 0.331849269346, 0.787382878559, 0.00388277286377, 0.871368650312, 0.712099576451, 0.725185946162, 0.0743214477399, 0.420133619906, 0.570979727695, 0.00258611111666, 0.0656211383171, 0.0655945038995, 0.464565035947, 0.258268466358, 0.902956422027, 0.841248455636, 0.273292312551, 0.453990691877, 0.134935980799, 0.0948815587889, 0.136079491707, 0.368745521753, 0.261559077618, 0.224826639327, 0.191270009096, 0.312048945244, 0.159942772476, 0.042797377736, 3.82001647775
0.0508007805728, 0.782918335134, 0.0160758759455, 0.213050507054, 0.787382878559, 0.166653874399, 0.280458760841, 0.116231431415, 0.681848265882, 0.202281286657, 0.513348793561, 0.442984052498, 0.0763668045875, 0.374511008223, 0.0749303510537, 0.398038975271, 0.586804352491, 0.176155029161, 0.0362593188014, 0.170170122013, 0.972083309961, 0.224780484398, 0.647193598806, 0.52579547722, 0.990248288412, 0.295963970861, 0.0577638626575, 0.0912555615667, 0.000497562674119, 0.397932784266, 0.0508007805728, 3.73482433041
0.042797377736, 0.292210720079, 0.458523442537, 0.331849269346, 0.787382878559, 0.00388277286377, 0.871368650312, 0.712099576451, 0.725185946162, 0.0743214477399, 0.420133619906, 0.570979727695, 0.00258611111666, 0.0656211383171, 0.0655945038995, 0.464565035947, 0.258268466358, 0.902956422027, 0.841248455636, 0.273292312551, 0.453990691877, 0.134935980799, 0.0948815587889, 0.136079491707, 0.368745521753, 0.261559077618, 0.224826639327, 0.191270009096, 0.312048945244, 0.159942772476, 0.042797377736, 3.82001647775
0.130514209551, 0.4344901292, 0.693177030431, 0.213050507054, 0.151413174952, 0.380677833203, 0.28222930709, 0.116231431415, 0.73992416698, 0.202281286657, 0.00183594680295, 0.90598024091, 0.466214536916, 0.654064907939, 0.177981995949, 0.139928738196, 0.330367050317, 0.349636520512, 0.0395935277747, 0.194368210284, 0.937196136314, 0.224780484398, 0.337723153953, 0.309796404006, 0.0406476358332, 0.295963970861, 0.0577638626575, 0.0912555615667, 0.000117779839316, 0.573850801969, 0.130514209551, 3.18601753025
0.130514209551, 0.4344901292, 0.693177030431, 0.213050507054, 0.151413174952, 0.380677833203, 0.28222930709, 0.116231431415, 0.73992416698, 0.202281286657, 0.00183594680295, 0.90598024091, 0.466214536916, 0.654064907939, 0.177981995949, 0.139928738196, 0.330367050317, 0.349636520512, 0.0395935277747, 0.194368210284, 0.937196136314, 0.224780484398, 0.337723153953, 0.309796404006, 0.0406476358332, 0.295963970861, 0.0577638626575, 0.0912555615667, 0.000117779839316, 0.573850801969, 0.130514209551, 3.18601753025
0.649336828011, 0.166902674371, 0.0398839568631, 0.855887906289, 0.561060562174, 0.207699266872, 0.126035975592, 0.083228583818, 0.0341024881851, 0.630684181584, 0.36317990078, 0.170232663323, 0.274132757186, 0.806475735154, 0.109850704785, 0.594623015859, 0.0192091448556, 0.176155029161, 0.400638099696, 0.85958087226, 0.0870174972758, 0.315484524404, 0.51928715865, 0.265010849326, 0.0315748715886, 0.011783522589, 0.573950754187, 0.124994730706, 0.482655120809, 0.724500237539, 0.649336828011, 2.37577399313
0.649336828011, 0.166902674371, 0.0398839568631, 0.855887906289, 0.561060562174, 0.207699266872, 0.126035975592, 0.083228583818, 0.0341024881851, 0.630684181584, 0.36317990078, 0.170232663323, 0.274132757186, 0.806475735154, 0.109850704785, 0.594623015859, 0.0192091448556, 0.176155029161, 0.400638099696, 0.85958087226, 0.0870174972758, 0.315484524404, 0.51928715865, 0.265010849326, 0.0315748715886, 0.011783522589, 0.573950754187, 0.124994730706, 0.482655120809, 0.724500237539, 0.649336828011, 2.37577399313
0.127548197391, 0.198236126121, 0.332175392545, 0.213050507054, 0.687771335069, 0.398816604587, 0.356102443753, 0.79364750902, 0.73992416698, 0.202281286657, 0.338933995408, 0.129717007672, 0.812931208425, 0.374511008223, 0.967720336467, 0.139928738196, 0.524107702706, 0.0617017428341, 0.121119260759, 0.453951535197, 0.452476852653, 0.147196727549, 0.245866747062, 0.823417659376, 0.159370518619, 0.319427697909, 0.0577638626575, 0.0912555615667, 0.000240746534512, 0.7948275303, 0.127548197391, 3.64600874234
0.993571514629, 0.273951411548, 0.467960820768, 0.855887906289, 0.80328914729, 0.762857673669, 0.126035975592, 0.083228583818, 0.514089453165, 0.187679817478, 0.36317990078, 0.170232663323, 0.274132757186, 0.806475735154, 0.109850704785, 0.594623015859, 0.0092335683941, 0.176155029161, 0.673564051239, 0.85958087226, 0.0870174972758, 0.315484524404, 0.51928715865, 0.21556694409, 0.481365808163, 0.011783522589, 0.010561438675, 0.124994730706, 0.0770450991909, 0.724500237539, 0.993571514629, 2.24394606428
0.127548197391, 0.198236126121, 0.332175392545, 0.213050507054, 0.687771335069, 0.398816604587, 0.356102443753, 0.79364750902, 0.73992416698, 0.202281286657, 0.338933995408, 0.129717007672, 0.812931208425, 0.374511008223, 0.967720336467, 0.139928738196, 0.524107702706, 0.0617017428341, 0.121119260759, 0.453951535197, 0.452476852653, 0.147196727549, 0.245866747062, 0.823417659376, 0.159370518619, 0.319427697909, 0.0577638626575, 0.0912555615667, 0.000240746534512, 0.7948275303, 0.127548197391, 3.64600874234
0.993571514629, 0.273951411548, 0.467960820768, 0.855887906289, 0.80328914729, 0.762857673669, 0.126035975592, 0.083228583818, 0.514089453165, 0.187679817478, 0.36317990078, 0.170232663323, 0.274132757186, 0.806475735154, 0.109850704785, 0.594623015859, 0.0092335683941, 0.176155029161, 0.673564051239, 0.85958087226, 0.0870174972758, 0.315484524404, 0.51928715865, 0.21556694409, 0.481365808163, 0.011783522589, 0.010561438675, 0.124994730706, 0.0770450991909, 0.724500237539, 0.993571514629, 2.24394606428
0.472370034633, 0.198236126121, 0.0398839568631, 0.0328491250689, 0.461891019139, 0.459209161245, 0.139332019852, 0.100321637913, 0.370168096233, 0.017305485235, 0.691580212664, 0.170232663323, 0.812931208425, 0.809021399772, 0.0483648476238, 0.562268819587, 0.0192091448556, 0.414754456211, 0.524693172143, 0.85958087226, 0.0870174972758, 0.224780484398, 0.392134736385, 0.265010849326, 0.096435607181, 0.011783522589, 0.410139773133, 0.838991063748, 0.000497562674119, 0.375606917568, 0.472370034633, 2.56573215577
0.472370034633, 0.198236126121, 0.0398839568631, 0.0328491250689, 0.461891019139, 0.459209161245, 0.139332019852, 0.100321637913, 0.370168096233, 0.017305485235, 0.691580212664, 0.170232663323, 0.812931208425, 0.809021399772, 0.0483648476238, 0.562268819587, 0.0192091448556, 0.414754456211, 0.524693172143, 0.85958087226, 0.0870174972758, 0.224780484398, 0.392134736385, 0.265010849326, 0.096435607181, 0.011783522589, 0.410139773133, 0.838991063748, 0.000497562674119, 0.375606917568, 0.472370034633, 2.56573215577
0.287339541545, 0.273951411548, 0.730649488041, 0.213050507054, 0.378933146132, 0.675988908664, 0.114012305766, 0.0357076037588, 0.514089453165, 0.176926409381, 0.36317990078, 0.560124588531, 0.751192738497, 0.43961865669, 0.0622843809405, 0.272127890192, 0.0192091448556, 0.176155029161, 0.524693172143, 0.85958087226, 0.0870174972758, 0.0665589422381, 0.349958992436, 0.265010849326, 0.096435607181, 0.011783522589, 0.410139773133, 0.124994730706, 0.482655120809, 0.375606917568, 0.287339541545, 2.85943129437
0.130514209551, 0.4344901292, 0.332175392545, 0.213050507054, 0.151413174952, 0.380677833203, 0.0823522033114, 0.757219668103, 0.73992416698, 0.202281286657, 0.0904325703206, 0.722654000699, 0.466214536916, 0.654064907939, 0.133746599006, 0.139928738196, 0.524107702706, 0.349636520512, 0.0395935277747, 0.194368210284, 0.937196136314, 0.224780484398, 0.337723153953, 0.309796404006, 0.0406476358332, 0.295963970861, 0.0577638626575, 0.0912555615667, 0.000240746534512, 0.573850801969, 0.130514209551, 3.2240941455
0.287339541545, 0.273951411548, 0.730649488041, 0.213050507054, 0.378933146132, 0.675988908664, 0.114012305766, 0.0357076037588, 0.514089453165, 0.176926409381, 0.36317990078, 0.560124588531, 0.751192738497, 0.43961865669, 0.0622843809405, 0.272127890192, 0.0192091448556, 0.176155029161, 0.524693172143, 0.85958087226, 0.0870174972758, 0.0665589422381, 0.349958992436, 0.265010849326, 0.096435607181, 0.011783522589, 0.410139773133, 0.124994730706, 0.482655120809, 0.375606917568, 0.287339541545, 2.85943129437
0.130514209551, 0.4344901292, 0.332175392545, 0.213050507054, 0.151413174952, 0.380677833203, 0.0823522033114, 0.757219668103, 0.73992416698, 0.202281286657, 0.0904325703206, 0.722654000699, 0.466214536916, 0.654064907939, 0.133746599006, 0.139928738196, 0.524107702706, 0.349636520512, 0.0395935277747, 0.194368210284, 0.937196136314, 0.224780484398, 0.337723153953, 0.309796404006, 0.0406476358332, 0.295963970861, 0.0577638626575, 0.0912555615667, 0.000240746534512, 0.573850801969, 0.130514209551, 3.2240941455
0.130514209551, 0.793666899545, 0.511484900116, 0.213050507054, 0.378102225333, 0.398816604587, 0.356102443753, 0.757219668103, 0.176270486378, 0.202281286657, 0.24723103018, 0.170232663323, 0.812931208425, 0.654064907939, 8.82805218779e-05, 0.136281659363, 0.0819694234474, 0.0448209428312, 0.346531466996, 0.194368210284, 0.937196136314, 0.224780484398, 0.337723153953, 0.52579547722, 0.0406476358332, 0.295963970861, 0.0577638626575, 0.0912555615667, 0.000240746534512, 0.7948275303, 0.130514209551, 3.30995048928
0.180358800504, 0.198236126121, 0.317782634984, 0.147610642683, 0.595367934767, 0.0581596656254, 0.271302484497, 0.116231431415, 0.908172367684, 0.00741514563038, 0.338933995408, 0.442984052498, 0.764736918398, 0.374511008223, 0.101135153279, 0.139928738196, 0.586804352491, 0.349636520512, 0.121119260759, 0.170170122013, 0.452476852653, 0.224780484398, 0.337723153953, 0.0634935711634, 0.996528932783, 0.9672309884, 0.0577638626575, 0.562624549995, 0.000497562674119, 0.397932784266, 0.180358800504, 3.26297045642
0.130514209551, 0.793666899545, 0.511484900116, 0.213050507054, 0.378102225333, 0.398816604587, 0.356102443753, 0.757219668103, 0.176270486378, 0.202281286657, 0.24723103018, 0.170232663323, 0.812931208425, 0.654064907939, 8.82805218779e-05, 0.136281659363, 0.0819694234474, 0.0448209428312, 0.346531466996, 0.194368210284, 0.937196136314, 0.224780484398, 0.337723153953, 0.52579547722, 0.0406476358332, 0.295963970861, 0.0577638626575, 0.0912555615667, 0.000240746534512, 0.7948275303, 0.130514209551, 3.30995048928
0.180358800504, 0.198236126121, 0.317782634984, 0.147610642683, 0.595367934767, 0.0581596656254, 0.271302484497, 0.116231431415, 0.908172367684, 0.00741514563038, 0.338933995408, 0.442984052498, 0.764736918398, 0.374511008223, 0.101135153279, 0.139928738196, 0.586804352491, 0.349636520512, 0.121119260759, 0.170170122013, 0.452476852653, 0.224780484398, 0.337723153953, 0.0634935711634, 0.996528932783, 0.9672309884, 0.0577638626575, 0.562624549995, 0.000497562674119, 0.397932784266, 0.180358800504, 3.26297045642
0.696277421415, 0.0888244460907, 0.335189100681, 0.855887906289, 0.461891019139, 0.675988908664, 0.139332019852, 0.100321637913, 0.514089453165, 0.591634550788, 0.36317990078, 0.170232663323, 0.69920532497, 0.806475735154, 0.0369893553824, 0.562268819587, 0.0192091448556, 0.349636520512, 0.524693172143, 0.85958087226, 0.0870174972758, 0.224780484398, 0.392134736385, 0.265010849326, 0.0499849225527, 0.011783522589, 0.410139773133, 0.124994730706, 0.000497562674119, 0.375606917568, 0.696277421415, 2.43695249249
0.831872009435, 0.292210720079, 0.134523075142, 0.331849269346, 0.524584895893, 0.00460316554224, 0.871368650312, 0.549152951781, 0.725185946162, 0.167527914498, 0.420133619906, 0.570979727695, 0.00258611111666, 0.0656211383171, 0.0387317530513, 0.139928738196, 0.258268466358, 0.902956422027, 0.748224755659, 0.273292312551, 0.453990691877, 0.282316602454, 0.0948815587889, 0.26894561222, 0.874458402685, 0.00502709771145, 0.224826639327, 0.0549673441369, 0.530295476885, 0.724500237539, 0.831872009435, 2.3851242448
0.696277421415, 0.0888244460907, 0.335189100681, 0.855887906289, 0.461891019139, 0.675988908664, 0.139332019852, 0.100321637913, 0.514089453165, 0.591634550788, 0.36317990078, 0.170232663323, 0.69920532497, 0.806475735154, 0.0369893553824, 0.562268819587, 0.0192091448556, 0.349636520512, 0.524693172143, 0.85958087226, 0.0870174972758, 0.224780484398, 0.392134736385, 0.265010849326, 0.0499849225527, 0.011783522589, 0.410139773133, 0.124994730706, 0.000497562674119, 0.375606917568, 0.696277421415, 2.43695249249
0.831872009435, 0.292210720079, 0.134523075142, 0.331849269346, 0.524584895893, 0.00460316554224, 0.871368650312, 0.549152951781, 0.725185946162, 0.167527914498, 0.420133619906, 0.570979727695, 0.00258611111666, 0.0656211383171, 0.0387317530513, 0.139928738196, 0.258268466358, 0.902956422027, 0.748224755659, 0.273292312551, 0.453990691877, 0.282316602454, 0.0948815587889, 0.26894561222, 0.874458402685, 0.00502709771145, 0.224826639327, 0.0549673441369, 0.530295476885, 0.724500237539, 0.831872009435, 2.3851242448
0.00134643971897, 0.614702389112, 0.915041225417, 0.427985501833, 0.233567203799, 0.111834459573, 0.930296759166, 0.974193758648, 0.797426403248, 0.816413255951, 0.0761048664028, 0.0681504421673, 0.0106335245276, 0.199369531088, 0.217278155053, 0.987725103192, 0.161091182771, 0.518872451088, 0.430783904109, 0.159487668913, 0.357002847793, 0.186252775977, 0.234834444268, 0.584550905953, 0.858649376103, 0.363801159811, 0.017484442501, 0.155747376761, 0.379545032311, 0.108518762198, 0.00134643971897, 4.61279441571
0.00134643971897, 0.614702389112, 0.915041225417, 0.427985501833, 0.233567203799, 0.111834459573, 0.930296759166, 0.974193758648, 0.797426403248, 0.816413255951, 0.0761048664028, 0.0681504421673, 0.0106335245276, 0.199369531088, 0.217278155053, 0.987725103192, 0.161091182771, 0.518872451088, 0.430783904109, 0.159487668913, 0.357002847793, 0.186252775977, 0.234834444268, 0.584550905953, 0.858649376103, 0.363801159811, 0.017484442501, 0.155747376761, 0.379545032311, 0.108518762198, 0.00134643971897, 4.61279441571
0.472370034633, 0.405171182925, 0.0398839568631, 0.213050507054, 0.461891019139, 0.459209161245, 0.256086677181, 0.100321637913, 0.110552873764, 0.017305485235, 0.691580212664, 0.170232663323, 0.812931208425, 0.809021399772, 0.0483648476238, 0.562268819587, 0.0192091448556, 0.414754456211, 0.524693172143, 0.85958087226, 0.0870174972758, 0.224780484398, 0.392134736385, 0.265010849326, 0.096435607181, 0.011783522589, 0.410139773133, 0.838991063748, 0.000497562674119, 0.375606917568, 0.472370034633, 2.62845980951
0.472370034633, 0.405171182925, 0.0398839568631, 0.213050507054, 0.461891019139, 0.459209161245, 0.256086677181, 0.100321637913, 0.110552873764, 0.017305485235, 0.691580212664, 0.170232663323, 0.812931208425, 0.809021399772, 0.0483648476238, 0.562268819587, 0.0192091448556, 0.414754456211, 0.524693172143, 0.85958087226, 0.0870174972758, 0.224780484398, 0.392134736385, 0.265010849326, 0.096435607181, 0.011783522589, 0.410139773133, 0.838991063748, 0.000497562674119, 0.375606917568, 0.472370034633, 2.62845980951
0.180358800504, 0.198236126121, 0.317782634984, 0.147610642683, 0.595367934767, 0.546955791303, 0.271302484497, 0.960015466411, 0.908172367684, 0.202281286657, 0.338933995408, 0.442984052498, 0.764736918398, 0.374511008223, 0.101135153279, 0.139928738196, 0.586804352491, 0.349636520512, 0.121119260759, 0.170170122013, 0.452476852653, 0.223790405734, 0.337723153953, 0.0634935711634, 0.996528932783, 0.928944517794, 0.0577638626575, 0.0912555615667, 0.000497562674119, 0.397932784266, 0.180358800504, 3.54614752563
0.180358800504, 0.198236126121, 0.317782634984, 0.147610642683, 0.595367934767, 0.546955791303, 0.271302484497, 0.960015466411, 0.908172367684, 0.202281286657, 0.338933995408, 0.442984052498, 0.764736918398, 0.374511008223, 0.101135153279, 0.139928738196, 0.586804352491, 0.349636520512, 0.121119260759, 0.170170122013, 0.452476852653, 0.223790405734, 0.337723153953, 0.0634935711634, 0.996528932783, 0.928944517794, 0.0577638626575, 0.0912555615667, 0.000497562674119, 0.397932784266, 0.180358800504, 3.54614752563
0.287339541545, 0.273951411548, 0.0398839568631, 0.213050507054, 0.461891019139, 0.675988908664, 0.114012305766, 0.0199686220231, 0.00343024008687, 0.176926409381, 0.36317990078, 0.560124588531, 0.683631619968, 0.907224928214, 0.109850704785, 0.562268819587, 0.0192091448556, 0.176155029161, 0.524693172143, 0.85958087226, 0.131631175668, 0.0665589422381, 0.392134736385, 0.265010849326, 0.096435607181, 0.011783522589, 0.410139773133, 0.124994730706, 0.726759614148, 0.719974718725, 0.287339541545, 2.93431000502
0.287339541545, 0.273951411548, 0.0398839568631, 0.213050507054, 0.461891019139, 0.675988908664, 0.114012305766, 0.0199686220231, 0.00343024008687, 0.176926409381, 0.36317990078, 0.560124588531, 0.683631619968, 0.907224928214, 0.109850704785, 0.562268819587, 0.0192091448556, 0.176155029161, 0.524693172143, 0.85958087226, 0.131631175668, 0.0665589422381, 0.392134736385, 0.265010849326, 0.096435607181, 0.011783522589, 0.410139773133, 0.124994730706, 0.726759614148, 0.719974718725, 0.287339541545, 2.93431000502
0.00179620588193, 0.198236126121, 0.300163153242, 0.577056962822, 0.10309052079, 0.398816604587, 0.271302484497, 0.116231431415, 0.73992416698, 0.202281286657, 0.338933995408, 0.473176257711, 0.429564921708, 0.374511008223, 0.679122197018, 0.139928738196, 0.197526813241, 0.0413217283824, 0.0395935277747, 0.219044109466, 0.357002847793, 0.224780484398, 0.599198071035, 0.52579547722, 0.990248288412, 0.319427697909, 0.0577638626575, 0.0582626923331, 0.000240746534512, 0.7948275303, 0.00179620588193, 3.94616007479
0.00179620588193, 0.198236126121, 0.300163153242, 0.577056962822, 0.10309052079, 0.398816604587, 0.271302484497, 0.116231431415, 0.73992416698, 0.202281286657, 0.338933995408, 0.473176257711, 0.429564921708, 0.374511008223, 0.679122197018, 0.139928738196, 0.197526813241, 0.0413217283824, 0.0395935277747, 0.219044109466, 0.357002847793, 0.224780484398, 0.599198071035, 0.52579547722, 0.990248288412, 0.319427697909, 0.0577638626575, 0.0582626923331, 0.000240746534512, 0.7948275303, 0.00179620588193, 3.94616007479
0.0363608399188, 0.198236126121, 0.300163153242, 0.213050507054, 0.10309052079, 0.398816604587, 0.5597055588, 0.116231431415, 0.73992416698, 0.470451465202, 0.694977301395, 0.544401685947, 0.812931208425, 0.374511008223, 0.177981995949, 0.139928738196, 0.197526813241, 0.349636520512, 0.0395935277747, 0.194368210284, 0.452476852653, 0.224780484398, 0.599198071035, 0.52579547722, 0.990248288412, 0.319427697909, 0.0577638626575, 0.0912555615667, 0.000240746534512, 0.7948275303, 0.0363608399188, 3.91886053449
0.0363608399188, 0.198236126121, 0.300163153242, 0.213050507054, 0.10309052079, 0.398816604587, 0.5597055588, 0.116231431415, 0.73992416698, 0.470451465202, 0.694977301395, 0.544401685947, 0.812931208425, 0.374511008223, 0.177981995949, 0.139928738196, 0.197526813241, 0.349636520512, 0.0395935277747, 0.194368210284, 0.452476852653, 0.224780484398, 0.599198071035, 0.52579547722, 0.990248288412, 0.319427697909, 0.0577638626575, 0.0912555615667, 0.000240746534512, 0.7948275303, 0.0363608399188, 3.91886053449
0.00161386739096, 0.00214395116649, 0.172930560177, 0.585817632969, 0.192424165181, 0.578543067047, 0.802584440013, 0.00441036095131, 0.77249311549, 0.176926409381, 0.476693691305, 0.945527758259, 0.697284798843, 0.855883266519, 0.19794781958, 0.427685300186, 0.0819694234474, 0.651858048609, 0.442278747107, 0.393593191329, 0.0287466421689, 0.785400290169, 0.490704707868, 0.512507613251, 0.450320912179, 0.0176784258268, 0.290976269292, 0.619471579025, 0.0340726508787, 0.83469450039, 0.00161386739096, 4.79781976074
0.00161386739096, 0.00214395116649, 0.172930560177, 0.585817632969, 0.192424165181, 0.578543067047, 0.802584440013, 0.00441036095131, 0.77249311549, 0.176926409381, 0.476693691305, 0.945527758259, 0.697284798843, 0.855883266519, 0.19794781958, 0.427685300186, 0.0819694234474, 0.651858048609, 0.442278747107, 0.393593191329, 0.0287466421689, 0.785400290169, 0.490704707868, 0.512507613251, 0.450320912179, 0.0176784258268, 0.290976269292, 0.619471579025, 0.0340726508787, 0.83469450039, 0.00161386739096, 4.79781976074
0.831872009435, 0.292210720079, 0.134523075142, 0.178363971235, 0.524584895893, 0.00460316554224, 0.871368650312, 0.549152951781, 0.725185946162, 0.167527914498, 0.420133619906, 0.570979727695, 0.00258611111666, 0.0656211383171, 0.0655945038995, 0.139928738196, 0.258268466358, 0.902956422027, 0.748224755659, 0.273292312551, 0.453990691877, 0.966878109827, 0.0948815587889, 0.26894561222, 0.96539340835, 0.415754361198, 0.224826639327, 0.0549673441369, 0.58340973004, 0.231981010881, 0.831872009435, 2.53558863844
0.831872009435, 0.292210720079, 0.134523075142, 0.178363971235, 0.524584895893, 0.00460316554224, 0.871368650312, 0.549152951781, 0.725185946162, 0.167527914498, 0.420133619906, 0.570979727695, 0.00258611111666, 0.0656211383171, 0.0655945038995, 0.139928738196, 0.258268466358, 0.902956422027, 0.748224755659, 0.273292312551, 0.453990691877, 0.966878109827, 0.0948815587889, 0.26894561222, 0.96539340835, 0.415754361198, 0.224826639327, 0.0549673441369, 0.58340973004, 0.231981010881, 0.831872009435, 2.53558863844
0.319141195233, 0.198236126121, 0.335189100681, 0.855887906289, 0.461891019139, 0.675988908664, 0.139332019852, 0.100321637913, 0.514089453165, 0.591634550788, 0.36317990078, 0.170232663323, 0.69920532497, 0.861240443549, 0.109850704785, 0.562268819587, 0.0192091448556, 0.349636520512, 0.524693172143, 0.85958087226, 0.376306634104, 0.224780484398, 0.392134736385, 0.265010849326, 0.0499849225527, 0.011783522589, 0.410139773133, 0.124994730706, 0.000497562674119, 0.375606917568, 0.319141195233, 3.12575032925
0.355460600518, 0.114665519568, 0.915041225417, 0.761642249956, 0.0127890730068, 0.293413899769, 0.431914335425, 0.397378788753, 0.792269752652, 0.625856599935, 0.203306575443, 0.150781576149, 0.0461789814447, 0.199369531088, 0.838339831731, 0.0193579015051, 0.373833916506, 0.0759541420133, 0.568578314619, 0.160128459915, 0.154440439551, 0.547588916979, 0.137493940577, 0.576751763142, 0.0213130390253, 0.629021797201, 0.380795956999, 0.353785348577, 0.148700288599, 0.807931912463, 0.355460600518, 3.09167048777
0.319141195233, 0.198236126121, 0.335189100681, 0.855887906289, 0.461891019139, 0.675988908664, 0.139332019852, 0.100321637913, 0.514089453165, 0.591634550788, 0.36317990078, 0.170232663323, 0.69920532497, 0.861240443549, 0.109850704785, 0.562268819587, 0.0192091448556, 0.349636520512, 0.524693172143, 0.85958087226, 0.376306634104, 0.224780484398, 0.392134736385, 0.265010849326, 0.0499849225527, 0.011783522589, 0.410139773133, 0.124994730706, 0.000497562674119, 0.375606917568, 0.319141195233, 3.12575032925
0.355460600518, 0.114665519568, 0.915041225417, 0.761642249956, 0.0127890730068, 0.293413899769, 0.431914335425, 0.397378788753, 0.792269752652, 0.625856599935, 0.203306575443, 0.150781576149, 0.0461789814447, 0.199369531088, 0.838339831731, 0.0193579015051, 0.373833916506, 0.0759541420133, 0.568578314619, 0.160128459915, 0.154440439551, 0.547588916979, 0.137493940577, 0.576751763142, 0.0213130390253, 0.629021797201, 0.380795956999, 0.353785348577, 0.148700288599, 0.807931912463, 0.355460600518, 3.09167048777
0.831872009435, 0.292210720079, 0.134523075142, 0.178363971235, 0.524584895893, 0.00460316554224, 0.871368650312, 0.549152951781, 0.81662862775, 0.167527914498, 0.420133619906, 0.570979727695, 0.00258611111666, 0.0656211383171, 0.0655945038995, 0.139928738196, 0.258268466358, 0.902956422027, 0.812063838694, 0.273292312551, 0.453990691877, 0.966878109827, 0.0948815587889, 0.26894561222, 0.917510146118, 0.415754361198, 0.224826639327, 0.0549673441369, 0.58340973004, 0.231981010881, 0.831872009435, 2.56173704321
0.538763930177, 0.0950396938054, 0.240161653882, 0.855887906289, 0.461891019139, 0.675988908664, 0.729328657515, 0.291436857366, 0.202218860661, 0.176926409381, 0.196494425578, 0.154533053285, 0.69920532497, 0.210182128553, 0.104802354306, 0.597031790903, 0.311559992883, 0.176155029161, 0.444143845154, 0.292161783404, 0.0286882043615, 0.966878109827, 0.445328838275, 0.21556694409, 0.76433594941, 0.0395861189727, 0.573950754187, 0.00371275660577, 0.482655120809, 0.231981010881, 0.538763930177, 2.78674716682
0.831872009435, 0.292210720079, 0.134523075142, 0.178363971235, 0.524584895893, 0.00460316554224, 0.871368650312, 0.549152951781, 0.81662862775, 0.167527914498, 0.420133619906, 0.570979727695, 0.00258611111666, 0.0656211383171, 0.0655945038995, 0.139928738196, 0.258268466358, 0.902956422027, 0.812063838694, 0.273292312551, 0.453990691877, 0.966878109827, 0.0948815587889, 0.26894561222, 0.917510146118, 0.415754361198, 0.224826639327, 0.0549673441369, 0.58340973004, 0.231981010881, 0.831872009435, 2.56173704321
0.538763930177, 0.0950396938054, 0.240161653882, 0.855887906289, 0.461891019139, 0.675988908664, 0.729328657515, 0.291436857366, 0.202218860661, 0.176926409381, 0.196494425578, 0.154533053285, 0.69920532497, 0.210182128553, 0.104802354306, 0.597031790903, 0.311559992883, 0.176155029161, 0.444143845154, 0.292161783404, 0.0286882043615, 0.966878109827, 0.445328838275, 0.21556694409, 0.76433594941, 0.0395861189727, 0.573950754187, 0.00371275660577, 0.482655120809, 0.231981010881, 0.538763930177, 2.78674716682
0.768742323632, 0.54169862402, 0.917479129711, 0.0137383364925, 0.119232316457, 0.461767428737, 0.126035975592, 0.404927084522, 0.387480445436, 0.519907902361, 0.290461750052, 0.0685092307277, 0.250893928685, 0.0252452973991, 0.765221104194, 0.360920703692, 0.0190257755516, 0.72534856998, 0.571250837497, 0.267156544924, 0.123386223763, 0.459531504583, 0.000365250110196, 0.265010849326, 0.740209037494, 0.958877639545, 0.272515178224, 0.40916974716, 0.635520187402, 0.314370743283, 0.768742323632, 2.57551170407
0.768742323632, 0.54169862402, 0.917479129711, 0.0137383364925, 0.119232316457, 0.461767428737, 0.126035975592, 0.404927084522, 0.387480445436, 0.519907902361, 0.290461750052, 0.0685092307277, 0.250893928685, 0.0252452973991, 0.765221104194, 0.360920703692, 0.0190257755516, 0.72534856998, 0.571250837497, 0.267156544924, 0.123386223763, 0.459531504583, 0.000365250110196, 0.265010849326, 0.740209037494, 0.958877639545, 0.272515178224, 0.40916974716, 0.635520187402, 0.314370743283, 0.768742323632, 2.57551170407
0.831872009435, 0.504489423823, 0.458523442537, 0.331849269346, 0.787382878559, 0.00388277286377, 0.871368650312, 0.712099576451, 0.725185946162, 0.0743214477399, 0.420133619906, 0.570979727695, 0.00258611111666, 0.0656211383171, 0.0655945038995, 0.464565035947, 0.258268466358, 0.902956422027, 0.841248455636, 0.273292312551, 0.453990691877, 0.942402932448, 0.0948815587889, 0.136079491707, 0.368745521753, 0.261559077618, 0.00941116855794, 0.191270009096, 0.312048945244, 0.159942772476, 0.831872009435, 2.56201652506
0.831872009435, 0.504489423823, 0.458523442537, 0.331849269346, 0.787382878559, 0.00388277286377, 0.871368650312, 0.712099576451, 0.725185946162, 0.0743214477399, 0.420133619906, 0.570979727695, 0.00258611111666, 0.0656211383171, 0.0655945038995, 0.464565035947, 0.258268466358, 0.902956422027, 0.841248455636, 0.273292312551, 0.453990691877, 0.942402932448, 0.0948815587889, 0.136079491707, 0.368745521753, 0.261559077618, 0.00941116855794, 0.191270009096, 0.312048945244, 0.159942772476, 0.831872009435, 2.56201652506
0.355460600518, 0.0180793572346, 0.915041225417, 0.761642249956, 0.0127890730068, 0.293413899769, 0.431914335425, 0.397378788753, 0.642492585453, 0.625856599935, 0.338933995408, 0.773340497729, 0.0461789814447, 0.199369531088, 0.838339831731, 0.0376404359228, 0.373833916506, 0.0759541420133, 0.568578314619, 0.160128459915, 0.154440439551, 0.781725242715, 0.137493940577, 0.576751763142, 0.159370518619, 0.629021797201, 0.380795956999, 0.353785348577, 0.148700288599, 0.0412466681856, 0.355460600518, 3.12774469467
0.355460600518, 0.0180793572346, 0.915041225417, 0.761642249956, 0.0127890730068, 0.293413899769, 0.431914335425, 0.397378788753, 0.642492585453, 0.625856599935, 0.338933995408, 0.773340497729, 0.0461789814447, 0.199369531088, 0.838339831731, 0.0376404359228, 0.373833916506, 0.0759541420133, 0.568578314619, 0.160128459915, 0.154440439551, 0.781725242715, 0.137493940577, 0.576751763142, 0.159370518619, 0.629021797201, 0.380795956999, 0.353785348577, 0.148700288599, 0.0412466681856, 0.355460600518, 3.12774469467
0.0270331582677, 0.614702389112, 0.417800827919, 0.221579736512, 0.233567203799, 0.111834459573, 0.469620801728, 0.35242214337, 0.797426403248, 0.816413255951, 0.26749857855, 0.352498643654, 0.0106335245276, 0.994156992073, 0.217278155053, 0.987725103192, 0.161091182771, 0.677695566954, 0.318804258098, 0.151012042599, 0.753597782636, 0.186252775977, 0.234834444268, 0.060149707938, 0.858649376103, 0.718465526742, 0.784318381117, 0.155747376761, 0.379545032311, 0.108518762198, 0.0270331582677, 4.49038292494
0.0270331582677, 0.614702389112, 0.417800827919, 0.221579736512, 0.233567203799, 0.111834459573, 0.469620801728, 0.35242214337, 0.797426403248, 0.816413255951, 0.26749857855, 0.352498643654, 0.0106335245276, 0.994156992073, 0.217278155053, 0.987725103192, 0.161091182771, 0.677695566954, 0.318804258098, 0.151012042599, 0.753597782636, 0.186252775977, 0.234834444268, 0.060149707938, 0.858649376103, 0.718465526742, 0.784318381117, 0.155747376761, 0.379545032311, 0.108518762198, 0.0270331582677, 4.49038292494
0.355460600518, 0.114665519568, 0.915041225417, 0.761642249956, 0.515247302832, 0.293413899769, 0.377775301935, 0.397378788753, 0.642492585453, 0.625856599935, 0.203306575443, 0.150781576149, 0.0461789814447, 0.199369531088, 0.838339831731, 0.0193579015051, 0.373833916506, 0.0759541420133, 0.568578314619, 0.160128459915, 0.0470097387227, 0.547588916979, 0.137493940577, 0.576751763142, 0.0213130390253, 0.629021797201, 0.380795956999, 0.363420149858, 0.148700288599, 0.807931912463, 0.355460600518, 3.14508050534
0.355460600518, 0.114665519568, 0.915041225417, 0.761642249956, 0.515247302832, 0.293413899769, 0.377775301935, 0.397378788753, 0.642492585453, 0.625856599935, 0.203306575443, 0.150781576149, 0.0461789814447, 0.199369531088, 0.838339831731, 0.0193579015051, 0.373833916506, 0.0759541420133, 0.568578314619, 0.160128459915, 0.0470097387227, 0.547588916979, 0.137493940577, 0.576751763142, 0.0213130390253, 0.629021797201, 0.380795956999, 0.363420149858, 0.148700288599, 0.807931912463, 0.355460600518, 3.14508050534
0.287339541545, 0.273951411548, 0.0398839568631, 0.213050507054, 0.980088169525, 0.675988908664, 0.346370688166, 0.100321637913, 0.514089453165, 0.176926409381, 0.36317990078, 0.560124588531, 0.683631619968, 0.806475735154, 0.0622843809405, 0.562268819587, 0.0112251006358, 0.176155029161, 0.524693172143, 0.88485227731, 0.0870174972758, 0.0665589422381, 0.314719717859, 0.785071000594, 0.096435607181, 0.402524344513, 0.410139773133, 0.0883667004023, 0.482655120809, 0.352797583032, 0.287339541545, 3.29895550632
0.0359740233216, 0.693649886146, 0.32000928739, 0.526147478467, 0.428326995463, 0.54081457524, 0.261881324217, 0.809605648774, 0.467652158446, 0.143965583043, 0.24302234605, 0.0267057232747, 0.000643696665743, 0.922159544431, 0.327090039237, 0.400654323539, 0.560586168052, 0.50268612312, 0.528372298051, 0.298681540934, 0.381140379797, 0.996947977556, 0.765380651507, 0.135287750052, 0.29245286812, 0.463123337068, 0.931342843165, 0.389411666065, 0.294389444348, 0.312252595201, 0.0359740233216, 4.59832611033
0.287339541545, 0.273951411548, 0.0398839568631, 0.213050507054, 0.980088169525, 0.675988908664, 0.346370688166, 0.100321637913, 0.514089453165, 0.176926409381, 0.36317990078, 0.560124588531, 0.683631619968, 0.806475735154, 0.0622843809405, 0.562268819587, 0.0112251006358, 0.176155029161, 0.524693172143, 0.88485227731, 0.0870174972758, 0.0665589422381, 0.314719717859, 0.785071000594, 0.096435607181, 0.402524344513, 0.410139773133, 0.0883667004023, 0.482655120809, 0.352797583032, 0.287339541545, 3.29895550632
0.0359740233216, 0.693649886146, 0.32000928739, 0.526147478467, 0.428326995463, 0.54081457524, 0.261881324217, 0.809605648774, 0.467652158446, 0.143965583043, 0.24302234605, 0.0267057232747, 0.000643696665743, 0.922159544431, 0.327090039237, 0.400654323539, 0.560586168052, 0.50268612312, 0.528372298051, 0.298681540934, 0.381140379797, 0.996947977556, 0.765380651507, 0.135287750052, 0.29245286812, 0.463123337068, 0.931342843165, 0.389411666065, 0.294389444348, 0.312252595201, 0.0359740233216, 4.59832611033
0.440102635508, 0.424419164028, 0.236211294018, 0.862813042929, 0.192424165181, 0.869152870863, 0.146242430336, 0.0559105399669, 0.42078593581, 0.877794549504, 0.165719153089, 0.251751653111, 0.208031900074, 0.32636318176, 0.664743621228, 0.140747238657, 0.0819694234474, 0.956283859824, 0.139137964548, 0.250068565547, 0.258226120193, 0.996581725856, 0.0998323725593, 0.189668887094, 0.10705197935, 0.336141307681, 0.814048987636, 0.671587874483, 0.00997745424461, 0.724500237539, 0.440102635508, 3.14521533888
0.355460600518, 0.210024267774, 0.915041225417, 0.761642249956, 0.0127890730068, 0.293413899769, 0.431914335425, 0.397378788753, 0.824020551656, 0.625856599935, 0.338933995408, 0.759530227482, 0.0461789814447, 0.199369531088, 0.838339831731, 0.0364484680694, 0.373833916506, 0.0759541420133, 0.568578314619, 0.160128459915, 0.154440439551, 0.781725242715, 0.137493940577, 0.576751763142, 0.159370518619, 0.629021797201, 0.380795956999, 0.181375520896, 0.148700288599, 0.0412466681856, 0.355460600518, 3.17728491044
0.440102635508, 0.424419164028, 0.236211294018, 0.862813042929, 0.192424165181, 0.869152870863, 0.146242430336, 0.0559105399669, 0.42078593581, 0.877794549504, 0.165719153089, 0.251751653111, 0.208031900074, 0.32636318176, 0.664743621228, 0.140747238657, 0.0819694234474, 0.956283859824, 0.139137964548, 0.250068565547, 0.258226120193, 0.996581725856, 0.0998323725593, 0.189668887094, 0.10705197935, 0.336141307681, 0.814048987636, 0.671587874483, 0.00997745424461, 0.724500237539, 0.440102635508, 3.14521533888
0.355460600518, 0.210024267774, 0.915041225417, 0.761642249956, 0.0127890730068, 0.293413899769, 0.431914335425, 0.397378788753, 0.824020551656, 0.625856599935, 0.338933995408, 0.759530227482, 0.0461789814447, 0.199369531088, 0.838339831731, 0.0364484680694, 0.373833916506, 0.0759541420133, 0.568578314619, 0.160128459915, 0.154440439551, 0.781725242715, 0.137493940577, 0.576751763142, 0.159370518619, 0.629021797201, 0.380795956999, 0.181375520896, 0.148700288599, 0.0412466681856, 0.355460600518, 3.17728491044
0.0559016975867, 0.114665519568, 0.417800827919, 0.644742586413, 0.569006144423, 0.528585635205, 0.431914335425, 0.431512272953, 0.642492585453, 0.704315404105, 0.338933995408, 0.150781576149, 0.0461789814447, 0.47498391863, 0.838339831731, 0.0376404359228, 0.373833916506, 0.373673120801, 0.568578314619, 0.160128459915, 0.154440439551, 0.547588916979, 0.137493940577, 0.576751763142, 0.159370518619, 0.67017519858, 0.0167170882862, 0.311708480298, 0.549519178353, 0.0412466681856, 0.0559016975867, 3.92090796073
0.321810170941, 0.424419164028, 0.236211294018, 0.603990332525, 0.190828278941, 0.112927990211, 0.0639087633057, 0.0559105399669, 0.657245038881, 0.877794549504, 0.165719153089, 0.333920074851, 0.114784343904, 0.32636318176, 0.773308086998, 0.303703171917, 0.0819694234474, 0.932266624617, 0.139137964548, 0.54261958469, 0.258226120193, 0.755771217661, 0.0998323725593, 0.830975824721, 0.10705197935, 0.662851732924, 0.814048987636, 0.441108760881, 0.00997745424461, 0.0975250604481, 0.321810170941, 3.22585125619
0.0559016975867, 0.114665519568, 0.417800827919, 0.644742586413, 0.569006144423, 0.528585635205, 0.431914335425, 0.431512272953, 0.642492585453, 0.704315404105, 0.338933995408, 0.150781576149, 0.0461789814447, 0.47498391863, 0.838339831731, 0.0376404359228, 0.373833916506, 0.373673120801, 0.568578314619, 0.160128459915, 0.154440439551, 0.547588916979, 0.137493940577, 0.576751763142, 0.159370518619, 0.67017519858, 0.0167170882862, 0.311708480298, 0.549519178353, 0.0412466681856, 0.0559016975867, 3.92090796073
0.321810170941, 0.424419164028, 0.236211294018, 0.603990332525, 0.190828278941, 0.112927990211, 0.0639087633057, 0.0559105399669, 0.657245038881, 0.877794549504, 0.165719153089, 0.333920074851, 0.114784343904, 0.32636318176, 0.773308086998, 0.303703171917, 0.0819694234474, 0.932266624617, 0.139137964548, 0.54261958469, 0.258226120193, 0.755771217661, 0.0998323725593, 0.830975824721, 0.10705197935, 0.662851732924, 0.814048987636, 0.441108760881, 0.00997745424461, 0.0975250604481, 0.321810170941, 3.22585125619
0.321810170941, 0.424419164028, 0.236211294018, 0.603990332525, 0.192424165181, 0.112927990211, 0.097705746603, 0.0559105399669, 0.657245038881, 0.905391836274, 0.165719153089, 0.333920074851, 0.114784343904, 0.32636318176, 0.773308086998, 0.303703171917, 0.0819694234474, 0.932266624617, 0.139137964548, 0.54261958469, 0.258226120193, 0.755771217661, 0.0998323725593, 0.848599556237, 0.440489053103, 0.662851732924, 0.491758679718, 0.441108760881, 0.00997745424461, 0.0975250604481, 0.321810170941, 3.2504920954
0.321810170941, 0.424419164028, 0.236211294018, 0.603990332525, 0.192424165181, 0.112927990211, 0.097705746603, 0.0559105399669, 0.657245038881, 0.905391836274, 0.165719153089, 0.333920074851, 0.114784343904, 0.32636318176, 0.773308086998, 0.303703171917, 0.0819694234474, 0.932266624617, 0.139137964548, 0.54261958469, 0.258226120193, 0.755771217661, 0.0998323725593, 0.848599556237, 0.440489053103, 0.662851732924, 0.491758679718, 0.441108760881, 0.00997745424461, 0.0975250604481, 0.321810170941, 3.2504920954
0.768742323632, 0.344710121784, 0.917479129711, 0.0137383364925, 0.119232316457, 0.218673414803, 0.126035975592, 0.696801379697, 0.387480445436, 0.607575016961, 0.539086434472, 0.00256709959494, 0.250893928685, 0.0252452973991, 0.461702228807, 0.217695056962, 0.0683943276443, 0.894136395608, 0.571250837497, 0.267156544924, 0.123386223763, 0.459531504583, 1.49084318876e-05, 0.492336105063, 0.740209037494, 0.958877639545, 0.678838350223, 0.151660662317, 0.683576919023, 0.314370743283, 0.768742323632, 2.653584718
0.768742323632, 0.344710121784, 0.917479129711, 0.0137383364925, 0.119232316457, 0.218673414803, 0.126035975592, 0.696801379697, 0.387480445436, 0.607575016961, 0.539086434472, 0.00256709959494, 0.250893928685, 0.0252452973991, 0.461702228807, 0.217695056962, 0.0683943276443, 0.894136395608, 0.571250837497, 0.267156544924, 0.123386223763, 0.459531504583, 1.49084318876e-05, 0.492336105063, 0.740209037494, 0.958877639545, 0.678838350223, 0.151660662317, 0.683576919023, 0.314370743283, 0.768742323632, 2.653584718
0.0369960107142, 0.4344901292, 0.977569780361, 0.10166559589, 0.569006144423, 0.088610711755, 0.27883866426, 0.757219668103, 0.000997559972497, 0.123959276287, 0.132293284883, 0.680081266646, 0.980044201476, 0.942090049928, 0.0749303510537, 0.597031790903, 0.42410350155, 0.56647601467, 0.61109112161, 0.163692421117, 0.354543815964, 0.0304018906937, 0.0167713371192, 0.635562179395, 0.0562809743714, 0.315272003539, 0.0167170882862, 0.000447033219157, 0.162627027483, 0.821086215928, 0.0369960107142, 3.98420281259
0.0369960107142, 0.4344901292, 0.977569780361, 0.10166559589, 0.569006144423, 0.088610711755, 0.27883866426, 0.757219668103, 0.000997559972497, 0.123959276287, 0.132293284883, 0.680081266646, 0.980044201476, 0.942090049928, 0.0749303510537, 0.597031790903, 0.42410350155, 0.56647601467, 0.61109112161, 0.163692421117, 0.354543815964, 0.0304018906937, 0.0167713371192, 0.635562179395, 0.0562809743714, 0.315272003539, 0.0167170882862, 0.000447033219157, 0.162627027483, 0.821086215928, 0.0369960107142, 3.98420281259
