1.0, 0.971120994748, 0.00938039333093, 0.0974716212817, 0.0, 0.0, 0.985168113998, 5.0, 1.0, 1.63134998875
1.0, 0.0, 0.0, 1.0, 1.0, 1.0, 1.0, 0.0, 0.0, 4.60982406772
1.0, 0.0, 1.0, 0.0, 0.0, 1.0, 1.0, 1.0, 0.0, 3.68645777168
0.884330250845, 1.0, 0.0, 0.00614946696798, 0.98727403102, 0.999357859949, 0.999647660819, 0.0, 2.0, 4.14101895508
1.0, 0.971120994748, 0.000116208511237, 0.000390067425407, 0.0, 0.994894275471, 0.999961919097, 1.0, 1.0, 3.27429978545
1.0, 0.000348019438673, 0.000144327239674, 0.0984068161562, 0.0, 0.0, 0.00388086455838, 11.0, 0.0, 0.699670555029
1.0, 0.0, 1.0, 0.0, 0.0, 0.0, 1.0, 5.0, 0.0, 2.04350797498
1.0, 1.0, 0.0, 0.0, 0.0, 0.0, 0.0, 6.0, 0.0, 1.25726039024
0.912863177855, 0.00285190526002, 0.962640562951, 0.00682487692778, 0.9997946967, 0.985009479375, 1.0, 0.0, 1.0, 4.55317694131
1.0, 0.00889480552694, 0.0, 0.0, 0.0, 0.0, 0.988192760582, 10.0, 0.0, 1.07376015354
1.0, 1.0, 0.0, 0.0, 0.0, 1.0, 0.0, 2.0, 0.0, 2.90021018694
0.9831778516, 0.944617314483, 0.000106575877279, 0.130619953784, 0.00628159619529, 0.0116796995289, 0.999750794551, 5.0, 1.0, 1.63134998875
1.0, 1.0, 0.0103402301659, 0.0, 0.0, 0.979916346603, 0.994582795569, 1.0, 1.0, 3.27429978545
1.0, 0.00936727813669, 1.0, 0.0, 0.0, 0.00766384036083, 0.979588604978, 5.0, 0.0, 2.04350797498
0.971189203035, 0.0063097619756, 0.00144782684189, 9.703258302e-05, 4.44180091852e-05, 0.0, 0.998077704628, 10.0, 0.0, 1.07376015354
0.884330250845, 0.96686850959, 0.0, 3.2628835235e-05, 0.992304865046, 0.997515532944, 0.924444570115, 0.0, 2.0, 4.14101895508
1.0, 0.908362587493, 9.35666545804e-05, 0.00459866733373, 0.041704328278, 0.999606113725, 0.000938503978788, 2.0, 0.0, 2.90021018694
0.912863177855, 0.000183498099071, 0.967626698696, 3.80861151014e-05, 0.875570594997, 0.984827136988, 0.965963551037, 0.0, 1.0, 4.55317694131
0.916733298505, 0.0182648301734, 0.00732659240991, 4.63629178007e-05, 0.0, 0.0216648317743, 0.0105454620539, 11.0, 0.0, 0.699670555029
1.0, 0.999985361858, 0.0162812900606, 5.22612419159e-06, 3.15981785975e-05, 0.000162809338666, 0.0, 6.0, 0.0, 1.25726039024
0.998597956218, 0.00109581531915, 0.000500430744128, 1.0, 0.980425207428, 1.0, 1.0, 0.0, 0.0, 4.60982406772
1.0, 5.96079529684e-05, 0.962640562951, 0.0, 3.91636453136e-05, 0.999283343307, 1.0, 1.0, 0.0, 3.68645777168
1.0, 0.00936727813669, 0.0270976468514, 1.62490472718e-07, 0.0, 0.00408879862177, 0.979588604978, 10.0, 0.0, 1.07376015354
1.0, 0.971336481606, 0.0, 0.0974126303862, 0.0443624405074, 1.0, 0.00859333516109, 2.0, 0.0, 2.90021018694
1.0, 0.00992660524783, 0.930822314431, 0.0, 0.0229055708015, 0.999283343307, 1.0, 1.0, 0.0, 3.68645777168
0.885514209442, 1.0, 0.000381489147112, 0.00614946696798, 0.977454609962, 0.941487392303, 0.9732200785, 0.0, 2.0, 4.14101895508
1.0, 0.00819236824662, 0.00180572615185, 0.0, 0.0, 0.0, 0.00060868270183, 11.0, 0.0, 0.699670555029
0.999404144066, 0.00636454115328, 0.00139904468943, 1.0, 0.973944620498, 0.989755888719, 1.0, 0.0, 0.0, 4.60982406772
0.997361313685, 0.990494643237, 0.00673787935075, 0.073074757653, 0.00881877324658, 0.0013772448491, 0.828651055708, 5.0, 1.0, 1.63134998875
0.912192358935, 7.60047523241e-05, 0.985706386225, 3.80861151014e-05, 0.875792400646, 0.999997432489, 0.999780221452, 0.0, 1.0, 4.55317694131
1.0, 0.0, 0.967594290818, 1.178184436e-05, 0.000149121595734, 0.0182455303364, 0.99961407742, 5.0, 0.0, 2.04350797498
1.0, 0.993709903273, 0.00959468177017, 1.10494285918e-07, 0.0421856093394, 0.990647978718, 0.980004579225, 1.0, 1.0, 3.27429978545
0.998594504992, 0.942442502244, 0.00554130956959, 0.0249893455299, 0.0282344144394, 0.00681244839782, 0.000938503978788, 6.0, 0.0, 1.25726039024
0.912308869763, 0.0202968386594, 0.96325241862, 3.80861151014e-05, 0.892215171129, 0.90653545276, 0.998627054547, 0.0, 1.0, 4.55317694131
1.0, 0.0257805530451, 0.962640562951, 0.0, 0.0, 0.973367655716, 1.0, 1.0, 0.0, 3.68645777168
0.966930020225, 0.986045052571, 0.00176101700259, 2.05957167209e-05, 0.866865342311, 0.999363375872, 1.0, 0.0, 2.0, 4.14101895508
0.973358071297, 0.00888450198991, 0.0, 0.0411678977354, 0.0, 0.0432803545808, 0.988192760582, 10.0, 0.0, 1.07376015354
0.99981712045, 0.982812769782, 0.00171288265646, 0.0, 1.48368355768e-05, 0.00566136622141, 0.921573099951, 5.0, 1.0, 1.63134998875
0.971358598113, 0.993076408241, 0.204650742081, 2.84952505145e-05, 0.000372811285867, 0.0579303928275, 0.0252036126812, 6.0, 0.0, 1.25726039024
1.0, 0.993709903273, 0.00959468177017, 4.24623656947e-05, 0.00979734925022, 0.990647978718, 0.902588444038, 1.0, 1.0, 3.27429978545
0.999999975997, 0.00805388538585, 0.00652315098828, 0.953703004633, 0.988212748228, 0.871377965481, 0.974646475524, 0.0, 0.0, 4.60982406772
0.915957250545, 0.0134127317666, 0.00621010109045, 4.63629178007e-05, 0.0, 0.0214809445177, 0.0105454620539, 11.0, 0.0, 0.699670555029
0.969265585514, 0.993698937396, 0.0180755020737, 1.58221466042e-07, 0.00758329273141, 0.989780762674, 0.00756248666134, 2.0, 0.0, 2.90021018694
0.983143838634, 0.0, 0.967594290818, 1.14597909024e-10, 0.000149620550182, 0.00161815224961, 0.960703373695, 5.0, 0.0, 2.04350797498
1.0, 0.0, 0.909778338469, 0.0, 0.0, 0.000419765721414, 1.0, 5.0, 0.0, 2.04350797498
0.999998398384, 0.999978488762, 1.03503478229e-05, 0.0249458306869, 0.000302425585496, 0.871206425619, 0.974494316922, 1.0, 1.0, 3.27429978545
0.999770955681, 0.965472615566, 0.0, 0.0, 9.47365395372e-08, 0.0, 0.993785323721, 5.0, 1.0, 1.63134998875
0.997948871447, 0.0182648301734, 0.00669798991003, 0.0732266855337, 2.96823870108e-05, 0.000120718255619, 0.828651055708, 10.0, 0.0, 1.07376015354
1.0, 0.0, 0.0, 1.0, 0.980425207428, 1.0, 1.0, 0.0, 0.0, 4.60982406772
1.0, 0.0874978815904, 0.944735425997, 0.000423015479264, 0.046218991481, 0.981213437382, 1.0, 1.0, 0.0, 3.68645777168
0.912863177855, 0.00274361720724, 0.96325241862, 3.80861151014e-05, 0.892215171129, 0.984827136988, 0.965963551037, 0.0, 1.0, 4.55317694131
0.97092711233, 0.01646706684, 0.000620010591907, 0.0100296087971, 0.000297039875839, 0.0, 0.00273901339073, 11.0, 0.0, 0.699670555029
0.999944424696, 0.971189985594, 0.00935125544727, 0.0978910615952, 5.56346554759e-07, 0.0, 0.0127822241842, 6.0, 0.0, 1.25726039024
1.0, 1.0, 0.108551674377, 1.60944616409e-05, 0.0, 0.914144358882, 0.0, 2.0, 0.0, 2.90021018694
0.884330250845, 0.958619771621, 0.0, 3.2628835235e-05, 0.992873555692, 0.898283215763, 0.923805205814, 0.0, 2.0, 4.14101895508
1.0, 0.0, 1.0, 1.13732216844e-05, 8.78810696263e-07, 0.987335803106, 0.999999465934, 1.0, 0.0, 3.68645777168
0.999767554712, 1.0, 0.0145144838737, 4.57453353555e-05, 0.921539002128, 0.996300193004, 0.999647660819, 0.0, 2.0, 4.14101895508
1.0, 5.45957079537e-05, 0.997650183139, 1.178184436e-05, 6.81036770876e-07, 0.0182617380644, 0.99961407742, 5.0, 0.0, 2.04350797498
1.0, 1.0, 0.0, 0.0277947390948, 2.94739649339e-05, 0.0291343217471, 0.814592641474, 5.0, 1.0, 1.63134998875
0.968685368815, 0.987932250434, 0.0213431382714, 1.57821498461e-07, 6.94678668853e-05, 0.989780762674, 0.00710807065688, 2.0, 0.0, 2.90021018694
0.999790769536, 0.00427425809301, 8.53810103631e-05, 1.0, 0.981451532982, 1.0, 1.0, 0.0, 0.0, 4.60982406772
0.883342000357, 0.00622508309439, 0.0078996634951, 0.0, 0.0542171724672, 0.0, 0.00163446053501, 11.0, 0.0, 0.699670555029
1.0, 0.0184552165281, 0.204953325957, 0.10444940674, 0.0, 0.0137876171826, 0.951348916577, 10.0, 0.0, 1.07376015354
0.998131855051, 0.942149856664, 0.000470322757186, 0.0244729460399, 0.0, 0.0171701866728, 0.0107673484319, 6.0, 0.0, 1.25726039024
0.885767857141, 0.999328000556, 0.00387323861256, 0.0725860967649, 0.010364938199, 0.975799349226, 0.903384762881, 1.0, 1.0, 3.27429978545
0.999999933046, 0.00636454115328, 0.946148579978, 0.0898950931853, 0.966232880245, 0.942249317825, 0.87129194938, 0.0, 1.0, 4.55317694131
0.883133496917, 1.0, 0.000122727168117, 0.00991609991693, 0.978490420098, 0.999923109946, 0.999639277407, 0.0, 2.0, 4.14101895508
1.0, 0.97138881163, 9.28598282526e-06, 1.75044329678e-07, 0.00737917589508, 0.0102187819144, 0.000101714235321, 6.0, 0.0, 1.25726039024
0.999769754355, 0.966571252857, 0.0336130670331, 4.59079936917e-05, 0.00762189367939, 0.0113477436367, 0.949583620813, 5.0, 1.0, 1.63134998875
0.997988997802, 0.0182648301734, 0.00771212171591, 0.0970839702697, 2.96823870108e-05, 0.0216648317743, 0.828651055708, 10.0, 0.0, 1.07376015354
0.912863177855, 0.00285190526002, 0.962640562951, 0.00644266998114, 0.9997946967, 0.985009479375, 1.0, 0.0, 1.0, 4.55317694131
0.999750034259, 2.6284836457e-05, 0.962640562951, 5.93238181465e-05, 0.0384308031407, 0.998895947042, 1.0, 1.0, 0.0, 3.68645777168
1.0, 0.971120994748, 0.000106575877279, 0.000390067425407, 0.00631725119643, 0.997908309774, 0.999750794551, 1.0, 1.0, 3.27429978545
0.999996859306, 0.0121519965433, 0.0116435687275, 0.044364926458, 0.00795903009359, 2.22630942808e-05, 0.0022626435011, 11.0, 0.0, 0.699670555029
1.0, 0.993709903273, 0.0, 4.54143188019e-05, 0.000123951913581, 0.874213570801, 0.000101714235321, 2.0, 0.0, 2.90021018694
1.0, 0.00936727813669, 1.0, 0.0, 0.0, 0.00766384036083, 0.979588604978, 5.0, 0.0, 2.04350797498
0.999788811593, 0.00430957966263, 0.00692415478143, 0.945444464201, 0.981451532982, 0.996387774206, 0.999989066845, 0.0, 0.0, 4.60982406772
1.0, 0.970296408511, 0.00545567984224, 3.33355980949e-05, 0.00800996421884, 0.935099063763, 0.0129711144576, 2.0, 0.0, 2.90021018694
0.883133496917, 1.0, 0.00131049559245, 0.00991609991693, 0.981826646327, 0.999923109946, 0.999642896476, 0.0, 2.0, 4.14101895508
0.881673181677, 0.0, 0.00787135555164, 0.0, 0.0446141105206, 2.26709632266e-05, 0.0049012161679, 11.0, 0.0, 0.699670555029
1.0, 0.00807157520329, 0.917547813316, 0.000111694628868, 0.988917499986, 0.999940587186, 1.0, 0.0, 1.0, 4.55317694131
0.998637248959, 2.28484153525e-05, 0.999694070964, 0.00925663209597, 0.0058957044865, 0.0330801320395, 0.995713345551, 5.0, 0.0, 2.04350797498
1.0, 0.0, 0.0, 1.0, 1.0, 0.993381594015, 0.99996018064, 0.0, 0.0, 4.60982406772
1.0, 0.967171817489, 0.000614136508873, 0.0, 0.00787604639075, 0.0171484257184, 0.988233766746, 5.0, 1.0, 1.63134998875
0.997988997802, 0.0182648301734, 0.00771212171591, 0.0732266855337, 2.96823870108e-05, 0.0216648317743, 0.828651055708, 10.0, 0.0, 1.07376015354
0.882787163693, 1.0, 1.00583718501e-05, 0.0100494143396, 0.0, 0.0, 0.0, 6.0, 0.0, 1.25726039024
1.0, 0.0450840472251, 0.962640562951, 0.0, 0.0, 0.973761907683, 1.0, 1.0, 0.0, 3.68645777168
1.0, 0.999879487252, 0.0102695236416, 0.0, 0.0, 0.979916346603, 0.996444355999, 1.0, 1.0, 3.27429978545
0.972209508812, 0.999858592622, 0.00563072163105, 0.00109013097545, 0.000316195353327, 0.0162069817809, 0.973334857426, 5.0, 1.0, 1.63134998875
1.0, 1.0, 0.0163930202429, 0.026635290428, 0.00080214492638, 0.991468459091, 0.999713649598, 1.0, 1.0, 3.27429978545
1.0, 0.0452294798496, 0.00180572615185, 0.0, 0.0, 0.0, 0.00060868270183, 11.0, 0.0, 0.699670555029
0.957977492107, 0.942149856664, 0.00554130956959, 0.0249893455299, 0.0, 0.02076747308, 0.000938503978788, 6.0, 0.0, 1.25726039024
