1.0, 0.0, 1.0, 0.0, 0.0, 0.0, 1.0, 5.0, 0.0, 2.04350797498
0.884330250845, 1.0, 0.0, 0.00614946696798, 0.98727403102, 0.999357859949, 0.999647660819, 0.0, 2.0, 4.14101895508
1.0, 0.000348019438673, 0.000144327239674, 0.0984068161562, 0.0, 0.0, 0.00388086455838, 11.0, 0.0, 0.699670555029
1.0, 0.00889480552694, 0.0, 0.0, 0.0, 0.0, 0.988192760582, 10.0, 0.0, 1.07376015354
0.912863177855, 0.00285190526002, 0.962640562951, 0.00682487692778, 0.9997946967, 0.985009479375, 1.0, 0.0, 1.0, 4.55317694131
1.0, 0.0, 1.0, 0.0, 0.0, 1.0, 1.0, 1.0, 0.0, 3.68645777168
1.0, 1.0, 0.0, 0.0, 0.0, 0.0, 0.0, 6.0, 0.0, 1.25726039024
1.0, 1.0, 0.0, 0.0, 0.0, 1.0, 0.0, 2.0, 0.0, 2.90021018694
1.0, 0.971120994748, 0.000116208511237, 0.000390067425407, 0.0, 0.994894275471, 0.999961919097, 1.0, 1.0, 3.27429978545
1.0, 0.971120994748, 0.00938039333093, 0.0974716212817, 0.0, 0.0, 0.985168113998, 5.0, 1.0, 1.63134998875
1.0, 0.0, 0.0, 1.0, 1.0, 1.0, 1.0, 0.0, 0.0, 4.60982406772
0.967384092705, 8.01331776196e-05, 0.0179479129587, 0.0230176931886, 0.00800989871093, 0.039337941003, 0.0241176398394, 11.0, 0.0, 0.699670555029
0.99975017611, 0.0184552165281, 0.00251387352588, 0.10755481596, 0.00739780449282, 9.58781691922e-05, 0.951348916577, 10.0, 0.0, 1.07376015354
0.99973936317, 0.0448639088335, 0.03701899498, 0.957764017246, 0.980425207428, 0.990981713291, 0.999645374466, 0.0, 0.0, 4.60982406772
1.0, 0.93340319406, 0.00938039333093, 0.000160005430899, 0.0, 0.00942932597216, 0.985168113998, 5.0, 1.0, 1.63134998875
1.0, 1.0, 0.0, 0.0, 4.20194162173e-09, 0.0, 0.0, 6.0, 0.0, 1.25726039024
1.0, 1.71687788131e-06, 0.936971440938, 0.0674235594052, 0.000123908830743, 0.0267843876286, 0.99901159724, 5.0, 0.0, 2.04350797498
1.0, 0.000113133202896, 0.962832357245, 1.17780325473e-05, 0.0229722719456, 0.999645988371, 0.999603617076, 1.0, 0.0, 3.68645777168
1.0, 0.971336481606, 0.0, 0.0974126303862, 0.0443624405074, 1.0, 0.00859333516109, 2.0, 0.0, 2.90021018694
0.912863177855, 0.0117883217155, 0.962640562951, 0.00641897972024, 0.9997946967, 0.985169278174, 1.0, 0.0, 1.0, 4.55317694131
0.883133496917, 1.0, 0.00825233235222, 0.0101013805023, 0.999819149465, 0.974062842352, 0.99924957697, 0.0, 2.0, 4.14101895508
1.0, 0.973351487554, 0.00959468177017, 4.24623656947e-05, 0.0117639923583, 0.990672093734, 0.902588444038, 1.0, 1.0, 3.27429978545
0.999817594069, 0.984080037697, 5.41216471793e-06, 0.0231764353686, 1.48368355768e-05, 0.00727415454984, 0.0125527810175, 6.0, 0.0, 1.25726039024
1.0, 0.999985361858, 0.0161198998669, 4.33692144329e-05, 0.00987437681031, 0.997590822616, 0.0, 2.0, 0.0, 2.90021018694
0.999813323504, 0.99385074942, 0.00176101700259, 0.0272677305198, 0.881802837746, 0.999390462667, 0.999863847428, 0.0, 2.0, 4.14101895508
0.998457472131, 4.02949456607e-07, 0.970990382543, 5.13288195135e-08, 0.0100419543378, 0.0182455303364, 0.972496156978, 5.0, 0.0, 2.04350797498
0.999980242792, 0.0, 0.000213769679343, 0.981190043627, 0.938842538202, 0.991094634266, 0.999645374466, 0.0, 0.0, 4.60982406772
0.912863177855, 0.00285190526002, 0.962640562951, 0.00644266998114, 0.9997946967, 0.985009479375, 1.0, 0.0, 1.0, 4.55317694131
0.968946018947, 0.0330581972057, 0.977963976929, 1.56764725609e-07, 0.0, 0.973367655716, 1.0, 1.0, 0.0, 3.68645777168
0.915957250545, 0.0134127317666, 0.00625323675187, 4.63629178007e-05, 0.0, 0.0214809445177, 0.0518530744639, 11.0, 0.0, 0.699670555029
1.0, 0.988431156339, 0.00730006438257, 0.0174023789619, 0.00273647997995, 0.912881168693, 0.895220730069, 1.0, 1.0, 3.27429978545
0.999731512605, 0.999858592622, 0.00563072163105, 1.09471110308e-07, 6.55052274684e-07, 0.0343100466626, 0.98540603477, 5.0, 1.0, 1.63134998875
0.954352575385, 0.0182331271838, 0.00675208887641, 0.0732266855337, 0.00776626783297, 9.59902511486e-05, 0.829200391982, 10.0, 0.0, 1.07376015354
0.885514209442, 1.0, 0.00664105785671, 0.0730189275667, 0.977454609962, 0.924040217867, 0.970932805927, 0.0, 2.0, 4.14101895508
0.999983096586, 1.94184039754e-05, 0.96325241862, 1.25784576622e-05, 0.00163832322574, 0.990685474218, 0.99906333582, 1.0, 0.0, 3.68645777168
0.912465187363, 6.91731240513e-06, 0.962640562951, 3.84804673703e-05, 0.9997946967, 0.985009479375, 0.999999464364, 0.0, 1.0, 4.55317694131
1.0, 2.41080614372e-06, 0.962657021273, 0.064521061145, 0.0, 0.0267843876286, 0.999613970511, 5.0, 0.0, 2.04350797498
0.912762544529, 0.954187918148, 0.00621982982145, 5.48582525656e-05, 5.23107753719e-05, 0.00779495645584, 0.000938503978788, 6.0, 0.0, 1.25726039024
0.998460719545, 0.984588291291, 0.00563072163105, 1.32149293224e-05, 6.55052274684e-07, 0.0343913442978, 0.967192654053, 5.0, 1.0, 1.63134998875
0.999999080017, 0.00237286597348, 0.00546588910573, 0.000391320886119, 0.000117835822136, 9.97577909584e-05, 0.914215814202, 10.0, 0.0, 1.07376015354
0.999980513704, 0.0, 0.000216013916396, 0.969795519576, 0.980425207428, 0.991094634266, 0.999645374466, 0.0, 0.0, 4.60982406772
0.999999318833, 0.00380246756517, 0.000144327239674, 0.0448075861814, 1.51510678799e-06, 0.0, 0.00388086455838, 11.0, 0.0, 0.699670555029
1.0, 0.974180481818, 0.0973030591179, 0.00109099933942, 0.0, 0.999923099906, 3.5866472502e-05, 2.0, 0.0, 2.90021018694
0.999999905018, 0.971120994748, 0.00938039333093, 0.0910090604536, 0.0, 0.997222826901, 0.985168113998, 1.0, 1.0, 3.27429978545
1.0, 0.96149578483, 0.00959468177017, 0.000869932144521, 0.0421395380421, 0.990647978718, 0.980004579225, 1.0, 1.0, 3.27429978545
0.999887708189, 0.986667226255, 0.0180755020737, 0.0237062260168, 0.00795156337709, 0.039337941003, 0.97536340623, 5.0, 1.0, 1.63134998875
0.957977492107, 0.942149856664, 0.00279173781881, 0.000251237448292, 0.0, 0.0222246847267, 0.000938503978788, 6.0, 0.0, 1.25726039024
1.0, 0.00605283362666, 9.24782280085e-05, 0.00475894698692, 0.0, 0.0, 0.00388086455838, 11.0, 0.0, 0.699670555029
0.912863177855, 0.00285190526002, 0.962640562951, 0.00641897972024, 0.9997946967, 0.985169278174, 1.0, 0.0, 1.0, 4.55317694131
0.999767554712, 1.0, 0.0145144838737, 4.57453353555e-05, 0.921539002128, 0.996300193004, 0.999647660819, 0.0, 2.0, 4.14101895508
1.0, 0.908362587493, 9.35666545804e-05, 0.00468926548855, 0.041704328278, 0.999606113725, 0.00781243144071, 2.0, 0.0, 2.90021018694
0.882456153171, 7.58694727897e-05, 0.0065322617449, 0.886713649535, 0.988212748228, 0.883370088597, 0.974646475524, 0.0, 0.0, 4.60982406772
1.0, 0.00589133018706, 0.971780364386, 0.0128945979663, 0.0100419543378, 0.0182455303364, 0.99961407742, 5.0, 0.0, 2.04350797498
1.0, 3.34225554586e-05, 0.992586745668, 1.16577379226e-05, 0.0919929642312, 0.989782215334, 0.999545024346, 1.0, 0.0, 3.68645777168
0.99975017611, 0.0184552165281, 0.00251387352588, 0.155342181615, 0.00739780449282, 0.00198064343597, 0.951399329635, 10.0, 0.0, 1.07376015354
0.999813323504, 0.99385074942, 0.00176101700259, 0.192022279916, 0.999991709914, 0.999390462667, 0.999997285261, 0.0, 2.0, 4.14101895508
0.99999724821, 0.0251694083741, 0.00444488365777, 4.54302214366e-05, 8.04566397721e-05, 0.000100953360442, 0.00542103814239, 11.0, 0.0, 0.699670555029
1.0, 0.971120994748, 0.00938039333093, 0.0913818082011, 0.0, 0.0, 0.985137955727, 5.0, 1.0, 1.63134998875
0.999995967712, 0.000108626516193, 0.939115391029, 5.93238181465e-05, 0.000103419380574, 0.000188034299805, 0.977436886904, 5.0, 0.0, 2.04350797498
0.999382370707, 0.0108055745944, 0.972385110752, 0.00644266998114, 0.999607573183, 0.946711937927, 0.963657477411, 0.0, 1.0, 4.55317694131
0.91338245079, 0.946022573702, 0.00621982982145, 8.936007376e-05, 0.000102983355101, 0.0391426164703, 0.000968735250556, 6.0, 0.0, 1.25726039024
0.999731708253, 3.34225554586e-05, 0.992598684404, 1.13732216844e-05, 0.0417712388713, 0.989782215334, 0.990320447543, 1.0, 0.0, 3.68645777168
0.999999975997, 1.55641493617e-05, 0.00637772769566, 0.953703004633, 0.988212748228, 0.86734578973, 0.999834892885, 0.0, 0.0, 4.60982406772
0.999817594069, 0.0104609678383, 5.68369876985e-06, 0.0494617983359, 1.48368355768e-05, 0.0130404416815, 0.971289716047, 10.0, 0.0, 1.07376015354
0.903457895705, 0.993687456938, 0.00376171086507, 0.00169854788296, 0.0201944868054, 0.991968858083, 0.999647660819, 1.0, 1.0, 3.27429978545
1.0, 0.908240777434, 0.00143639708072, 0.133248166417, 0.0649188045894, 0.962037263811, 0.0238819815377, 2.0, 0.0, 2.90021018694
0.999817594069, 0.999904572362, 5.41216471793e-06, 0.0236640578312, 3.80303947004e-06, 0.00906527617546, 0.0124004467025, 6.0, 0.0, 1.25726039024
0.915957250545, 0.0134127317666, 0.00625323675187, 4.63629178007e-05, 0.0, 0.0214809445177, 0.0166946676477, 11.0, 0.0, 0.699670555029
0.936078640244, 0.00489961083932, 0.991281004371, 6.3701380513e-05, 0.977454609962, 0.987121149206, 0.9732200785, 0.0, 1.0, 4.55317694131
0.954352575385, 0.018987555396, 6.25233080561e-05, 0.00071236297868, 6.9251471154e-05, 7.28319158522e-05, 0.828651055708, 10.0, 0.0, 1.07376015354
1.0, 0.00936727813669, 1.0, 0.000638938365933, 0.0, 0.00766468461273, 0.950909307082, 5.0, 0.0, 2.04350797498
0.999299598566, 0.999858592622, 0.00563072163105, 1.0419299088e-05, 6.55052274684e-07, 0.0162069817809, 0.98540603477, 5.0, 1.0, 1.63134998875
1.0, 0.993709903273, 0.00959468177017, 4.24623656947e-05, 0.00979734925022, 0.990647978718, 0.902588444038, 1.0, 1.0, 3.27429978545
1.0, 3.34225554586e-05, 0.992598684404, 1.13732216844e-05, 8.78810696263e-07, 0.989782215334, 0.999999465934, 1.0, 0.0, 3.68645777168
0.998562132217, 0.0, 0.000213769679343, 0.97446759105, 0.980425207428, 0.991094634266, 0.999645374466, 0.0, 0.0, 4.60982406772
0.883133496917, 1.0, 0.00131049559245, 0.00991609991693, 0.978677671693, 0.999889554353, 0.992118070492, 0.0, 2.0, 4.14101895508
1.0, 0.908240777434, 0.00143175125602, 0.00458185051073, 0.0649188045894, 0.961989416635, 0.0238819815377, 2.0, 0.0, 2.90021018694
0.967594548425, 8.01331776196e-05, 0.0180755020737, 0.0231620387059, 0.000193107323851, 0.0391995479213, 0.831731660326, 10.0, 0.0, 1.07376015354
0.999817594069, 0.984080037697, 0.00171288265646, 9.63415246385e-06, 1.48368355768e-05, 0.00578350948, 0.996305051059, 5.0, 1.0, 1.63134998875
1.0, 0.0, 0.989311358013, 1.178184436e-05, 0.000149121595734, 0.957978674225, 0.99961432209, 1.0, 0.0, 3.68645777168
0.903121031841, 9.97993488261e-06, 0.963127426462, 0.024492255362, 0.892215171129, 0.984827136988, 0.999998703895, 0.0, 1.0, 4.55317694131
0.999732667373, 0.0349854300935, 0.03701899498, 0.968912483841, 0.980425207428, 0.991094634266, 0.999645374466, 0.0, 0.0, 4.60982406772
0.999991930581, 0.99385074942, 0.00957024392567, 0.0106703436839, 0.881802837746, 0.999519490905, 0.999863847428, 0.0, 2.0, 4.14101895508
0.967384092705, 8.01331776196e-05, 0.0180755020737, 0.0231620387059, 0.00795156337709, 0.039337941003, 0.00750875675775, 11.0, 0.0, 0.699670555029
1.0, 0.908362587493, 9.35666545804e-05, 0.00459866733373, 0.041704328278, 0.999606113725, 0.000938503978788, 2.0, 0.0, 2.90021018694
1.0, 0.999673220007, 0.00744749860089, 0.0, 0.0, 0.0, 0.0, 6.0, 0.0, 1.25726039024
1.0, 1.0, 0.0103402301659, 0.0, 0.000124003575441, 0.980913131783, 0.983501329812, 1.0, 1.0, 3.27429978545
0.999999960898, 0.000108626516193, 0.939115391029, 0.00485513058231, 0.00520149534915, 0.000188034299805, 0.998868641675, 5.0, 0.0, 2.04350797498
0.97955547209, 0.00931175192966, 0.970169855992, 0.0233927174311, 0.0100419543378, 0.0182455303364, 0.99961407742, 5.0, 0.0, 2.04350797498
1.0, 0.967171817489, 0.000614136508873, 0.0, 0.00787604639075, 0.0171484257184, 0.988233766746, 5.0, 1.0, 1.63134998875
1.0, 0.0, 0.993837585741, 0.0, 0.0, 1.0, 0.992369537975, 1.0, 0.0, 3.68645777168
0.91338245079, 0.946022573702, 0.00621982982145, 8.936007376e-05, 5.23711743433e-05, 0.0243686154271, 0.000938503978788, 6.0, 0.0, 1.25726039024
