0.00249892521858, -0.328106946541, -1.03821791921, -1.3813745177, -4.54561475044, 2.68300079842, -0.146438321361, -3.04993517916, 0.544239383082, -2.97613100508, 0.00249892521858, 111.098130491
0.00249892521858, -0.328106946541, -1.03821791921, -1.3813745177, -4.54561475044, 2.68300079842, -0.146438321361, -3.04993517916, 0.544239383082, -2.97613100508, 0.00249892521858, 111.098130491
0.00099697556261, -1.30050902773, 1.96186950758, -1.3813745177, -2.54794824974, -0.319891968763, -0.146438321361, -2.78155847034, 0.544239383082, 3.60177589902, 0.00099697556261, 123.108560588
0.00099697556261, -1.30050902773, 1.96186950758, -1.3813745177, -2.54794824974, -0.319891968763, -0.146438321361, -2.78155847034, 0.544239383082, 3.60177589902, 0.00099697556261, 123.108560588
0.0103289338497, -0.818508497203, -1.98178235916, -1.49302729174, 0.547248399304, 4.05963692712, 0.000577323511648, 0.667082719175, -4.02152133832, 1.43459546394, 0.0103289338497, 83.0904173646
0.0103289338497, -0.818508497203, -1.98178235916, -1.49302729174, 0.547248399304, 4.05963692712, 0.000577323511648, 0.667082719175, -4.02152133832, 1.43459546394, 0.0103289338497, 83.0904173646
0.000548584017467, 2.77748441013, 4.80156801325, 0.513521712436, -1.04518791535, 2.38666027083, -1.62747430215, -0.409231512535, -4.90576161882, -2.34391852657, 0.000548584017467, 155.011837358
0.000548584017467, 2.77748441013, 4.80156801325, 0.513521712436, -1.04518791535, 2.38666027083, -1.62747430215, -0.409231512535, -4.90576161882, -2.34391852657, 0.000548584017467, 155.011837358
0.00604583292743, 2.49687926167, 3.65054907315, 0.41286064642, 0.0273705191657, -0.572950391348, -0.375066602471, 1.35847992332, 3.70512105445, 3.51602353953, 0.00604583292743, 112.927671128
0.00604583292743, 2.49687926167, 3.65054907315, 0.41286064642, 0.0273705191657, -0.572950391348, -0.375066602471, 1.35847992332, 3.70512105445, 3.51602353953, 0.00604583292743, 112.927671128
0.00249892521858, -0.328106946541, -1.03821791921, -0.909406753184, -4.54561475044, 2.68300079842, -0.146438321361, -3.12197331292, 0.544239383082, -1.81499206582, 0.00249892521858, 125.622799698
0.00249892521858, -0.328106946541, -1.03821791921, -0.909406753184, -4.54561475044, 2.68300079842, -0.146438321361, -3.12197331292, 0.544239383082, -1.81499206582, 0.00249892521858, 125.622799698
0.00099697556261, -1.30050902773, 1.96186950758, -1.3813745177, -4.25620383306, -0.319891968763, -0.146438321361, -2.78155847034, 0.544239383082, 3.60177589902, 0.00099697556261, 152.940431473
0.00099697556261, -1.30050902773, 1.96186950758, -1.3813745177, -4.25620383306, -0.319891968763, -0.146438321361, -2.78155847034, 0.544239383082, 3.60177589902, 0.00099697556261, 152.940431473
0.00441091233509, -0.936530071106, 3.45646816451, -0.648827330919, -2.40259925425, 0.337132142206, 0.0583713291125, -3.29246940303, -3.95969737659, -1.3323920749, 0.00441091233509, 124.574706432
0.00441091233509, -0.936530071106, 3.45646816451, -0.648827330919, -2.40259925425, 0.337132142206, 0.0583713291125, -3.29246940303, -3.95969737659, -1.3323920749, 0.00441091233509, 124.574706432
0.0370394399215, -2.4852484516, -4.42603406241, 3.92169056191, 0.0212555607405, 3.54979079867, 2.36916210043, -0.934140158914, 2.34919693002, 1.45074050127, 0.0370394399215, 108.765834342
0.0370394399215, -2.4852484516, -4.42603406241, 3.92169056191, 0.0212555607405, 3.54979079867, 2.36916210043, -0.934140158914, 2.34919693002, 1.45074050127, 0.0370394399215, 108.765834342
0.517606063969, 1.57474480774, -0.447126041672, 2.9899063424, -0.920037615695, 1.53037560554, -1.68282400048, -0.639588779574, 0.0200964126258, 3.63769228469, 0.517606063969, 84.3121943871
0.517606063969, 1.57474480774, -0.447126041672, 2.9899063424, -0.920037615695, 1.53037560554, -1.68282400048, -0.639588779574, 0.0200964126258, 3.63769228469, 0.517606063969, 84.3121943871
0.0384359515456, -0.776656252679, 3.06945107817, -0.0762104453337, -3.0366765715, -0.427585021764, -4.90526106323, -4.02787122354, -0.42997295364, -2.03529726478, 0.0384359515456, 108.707607404
0.0384359515456, -0.776656252679, 3.06945107817, -0.0762104453337, -3.0366765715, -0.427585021764, -4.90526106323, -4.02787122354, -0.42997295364, -2.03529726478, 0.0384359515456, 108.707607404
0.0126714747808, 2.05063186978, 1.866156859, 0.513521712436, -2.40259925425, 0.337132142206, -3.03076556663, -3.29246940303, 0.42309291199, -0.281782050458, 0.0126714747808, 112.391619409
0.0126714747808, 2.05063186978, 1.866156859, 0.513521712436, -2.40259925425, 0.337132142206, -3.03076556663, -3.29246940303, 0.42309291199, -0.281782050458, 0.0126714747808, 112.391619409
0.105718267712, -1.35198071378, -1.86241659304, -4.295802699, 1.52038093476, -0.901736715538, 0.545611073057, -1.01207193938, -0.42997295364, 0.495581460785, 0.105718267712, 84.8293520402
0.105718267712, -1.35198071378, -1.86241659304, -4.295802699, 1.52038093476, -0.901736715538, 0.545611073057, -1.01207193938, -0.42997295364, 0.495581460785, 0.105718267712, 84.8293520402
0.000548584017467, 2.77748441013, 4.86997566809, 0.513521712436, -1.04518791535, 3.54079013517, 0.673078131995, -3.29246940303, 4.97501476084, -2.34391852657, 0.000548584017467, 169.48782459
0.000548584017467, 2.77748441013, 4.86997566809, 0.513521712436, -1.04518791535, 3.54079013517, 0.673078131995, -3.29246940303, 4.97501476084, -2.34391852657, 0.000548584017467, 169.48782459
0.00646519003066, -1.72071263307, 0.509075571177, -1.49018477899, 3.08770788645, -1.43471426892, -4.00589508214, 3.92144149954, 2.63388612049, 1.30096031329, 0.00646519003066, 119.873278043
0.00646519003066, -1.72071263307, 0.509075571177, -1.49018477899, 3.08770788645, -1.43471426892, -4.00589508214, 3.92144149954, 2.63388612049, 1.30096031329, 0.00646519003066, 119.873278043
0.00646519003066, -1.72071263307, 0.509075571177, -1.49018477899, 3.08770788645, -1.43471426892, -4.00589508214, 3.92144149954, 2.63388612049, 1.30096031329, 0.00646519003066, 119.873278043
0.00646519003066, -1.72071263307, 0.509075571177, -1.49018477899, 3.08770788645, -1.43471426892, -4.00589508214, 3.92144149954, 2.63388612049, 1.30096031329, 0.00646519003066, 119.873278043
0.0112405165223, -1.20101077929, -1.8883523446, -0.899410776447, -2.35296861652, -4.52644053799, -3.97508866242, -3.0108576748, -1.43941906659, 1.4480390391, 0.0112405165223, 114.028942472
0.0112405165223, -1.20101077929, -1.8883523446, -0.899410776447, -2.35296861652, -4.52644053799, -3.97508866242, -3.0108576748, -1.43941906659, 1.4480390391, 0.0112405165223, 114.028942472
0.00300961385543, -2.77577232077, -0.903851791925, 2.40684435846, -4.54659511862, -3.58251381272, -4.69495227424, -2.54276478399, 3.41361964727, -1.87224539463, 0.00300961385543, 165.893746423
0.00300961385543, -2.77577232077, -0.903851791925, 2.40684435846, -4.54659511862, -3.58251381272, -4.69495227424, -2.54276478399, 3.41361964727, -1.87224539463, 0.00300961385543, 165.893746423
0.00492697696759, -0.536547027061, -1.5901006776, -0.46343961427, -1.93916161648, 1.33776534117, 3.90322709084, 1.35847992332, 3.70512105445, 1.73279596644, 0.00492697696759, 125.318546004
0.00492697696759, -0.536547027061, -1.5901006776, -0.46343961427, -1.93916161648, 1.33776534117, 3.90322709084, 1.35847992332, 3.70512105445, 1.73279596644, 0.00492697696759, 125.318546004
0.0045220985338, 2.49687926167, 4.44077847033, 0.41286064642, 3.5945022037, -0.572950391348, -0.375066602471, 1.35847992332, 3.70512105445, 3.51602353953, 0.0045220985338, 127.404324808
0.0045220985338, 2.49687926167, 4.44077847033, 0.41286064642, 3.5945022037, -0.572950391348, -0.375066602471, 1.35847992332, 3.70512105445, 3.51602353953, 0.0045220985338, 127.404324808
0.105718267712, -1.35198071378, -1.86241659304, -4.295802699, 0.874008708486, -0.901736715538, 0.545611073057, -1.01207193938, -0.42997295364, 0.495581460785, 0.105718267712, 93.0800788756
0.105718267712, -1.35198071378, -1.86241659304, -4.295802699, 0.874008708486, -0.901736715538, 0.545611073057, -1.01207193938, -0.42997295364, 0.495581460785, 0.105718267712, 93.0800788756
0.157088033367, -1.35198071378, -1.86241659304, -4.295802699, 0.874008708486, -1.504277999, 0.545611073057, -1.01207193938, -0.42997295364, 0.495581460785, 0.157088033367, 87.8410660075
0.157088033367, -1.35198071378, -1.86241659304, -4.295802699, 0.874008708486, -1.504277999, 0.545611073057, -1.01207193938, -0.42997295364, 0.495581460785, 0.157088033367, 87.8410660075
0.157088033367, -1.35198071378, -1.86241659304, -4.295802699, 0.874008708486, -1.504277999, 0.545611073057, -1.01207193938, -0.42997295364, 0.495581460785, 0.157088033367, 87.8410660075
0.157088033367, -1.35198071378, -1.86241659304, -4.295802699, 0.874008708486, -1.504277999, 0.545611073057, -1.01207193938, -0.42997295364, 0.495581460785, 0.157088033367, 87.8410660075
0.000548584017467, 2.77748441013, 4.86997566809, 0.513521712436, -1.04518791535, 2.38666027083, 0.673078131995, -3.29246940303, 4.97501476084, -2.34391852657, 0.000548584017467, 169.901543548
0.000548584017467, 2.77748441013, 4.86997566809, 0.513521712436, -1.04518791535, 2.38666027083, 0.673078131995, -3.29246940303, 4.97501476084, -2.34391852657, 0.000548584017467, 169.901543548
0.0103289338497, 1.75937317907, -1.98178235916, 0.416942965878, -3.7510405242, 4.05963692712, 0.000577323511648, 0.667082719175, -4.02152133832, 1.43459546394, 0.0103289338497, 123.863853653
0.0103289338497, 1.75937317907, -1.98178235916, 0.416942965878, -3.7510405242, 4.05963692712, 0.000577323511648, 0.667082719175, -4.02152133832, 1.43459546394, 0.0103289338497, 123.863853653
0.0657059351012, -1.72071263307, 1.96186950758, 2.55142947961, 3.08770788645, 0.510180683044, -0.896099190367, 3.92144149954, 1.02972331742, -4.24623260863, 0.0657059351012, 119.971167728
0.0657059351012, -1.72071263307, 1.96186950758, 2.55142947961, 3.08770788645, 0.510180683044, -0.896099190367, 3.92144149954, 1.02972331742, -4.24623260863, 0.0657059351012, 119.971167728
0.0384359515456, -0.776656252679, -1.66261054831, -0.0762104453337, -3.0366765715, -0.427585021764, -4.90526106323, -4.02787122354, -0.152557199302, -2.03529726478, 0.0384359515456, 122.634027713
0.0384359515456, -0.776656252679, -1.66261054831, -0.0762104453337, -3.0366765715, -0.427585021764, -4.90526106323, -4.02787122354, -0.152557199302, -2.03529726478, 0.0384359515456, 122.634027713
0.00300961385543, -2.77577232077, -0.903851791925, 1.19004690784, -4.54659511862, -3.58251381272, -4.69495227424, -2.54276478399, 3.41361964727, 3.00243112493, 0.00300961385543, 167.874380619
0.00300961385543, -2.77577232077, -0.903851791925, 1.19004690784, -4.54659511862, -3.58251381272, -4.69495227424, -2.54276478399, 3.41361964727, 3.00243112493, 0.00300961385543, 167.874380619
0.00604583292743, 2.49687926167, 4.44077847033, -0.911916617117, 3.5945022037, -0.572950391348, -0.898373649789, 1.35847992332, 3.70512105445, 3.51602353953, 0.00604583292743, 125.950839721
0.00604583292743, 2.49687926167, 4.44077847033, -0.911916617117, 3.5945022037, -0.572950391348, -0.898373649789, 1.35847992332, 3.70512105445, 3.51602353953, 0.00604583292743, 125.950839721
0.00456278529273, 2.77968887543, 3.45646816451, 0.513521712436, -1.04518791535, 0.337132142206, -1.62747430215, -3.29246940303, -4.97602970803, -1.66783820807, 0.00456278529273, 144.738508121
0.00456278529273, 2.77968887543, 3.45646816451, 0.513521712436, -1.04518791535, 0.337132142206, -1.62747430215, -3.29246940303, -4.97602970803, -1.66783820807, 0.00456278529273, 144.738508121
0.105718267712, -1.35198071378, 3.06945107817, -4.295802699, 0.874008708486, -0.901736715538, 0.858130700911, -1.01207193938, -0.42997295364, 0.495581460785, 0.105718267712, 101.975689087
0.105718267712, -1.35198071378, 3.06945107817, -4.295802699, 0.874008708486, -0.901736715538, 0.858130700911, -1.01207193938, -0.42997295364, 0.495581460785, 0.105718267712, 101.975689087
0.130459841386, 1.13457923506, 0.82097379711, 1.08305703584, -0.543209577283, 0.986107657249, -2.42525875968, 2.75847879442, 0.0715530840349, -1.81499206582, 0.130459841386, 100.895306795
0.130459841386, 1.13457923506, 0.82097379711, 1.08305703584, -0.543209577283, 0.986107657249, -2.42525875968, 2.75847879442, 0.0715530840349, -1.81499206582, 0.130459841386, 100.895306795
0.233802288727, -2.4852484516, -1.98178235916, -1.49302729174, 0.0273705191657, 2.13060380623, -1.71226711143, 0.667082719175, 2.34919693002, 1.43459546394, 0.233802288727, 90.9058301054
0.233802288727, -2.4852484516, -1.98178235916, -1.49302729174, 0.0273705191657, 2.13060380623, -1.71226711143, 0.667082719175, 2.34919693002, 1.43459546394, 0.233802288727, 90.9058301054
0.517606063969, -0.356034852939, -0.447126041672, 2.9899063424, -0.920037615695, 1.53037560554, -1.68282400048, -0.639588779574, 0.0200964126258, 3.63769228469, 0.517606063969, 90.2238425587
0.517606063969, -0.356034852939, -0.447126041672, 2.9899063424, -0.920037615695, 1.53037560554, -1.68282400048, -0.639588779574, 0.0200964126258, 3.63769228469, 0.517606063969, 90.2238425587
0.000548584017467, 2.91664367723, 4.80156801325, 0.513521712436, -1.04518791535, 2.38666027083, -1.62747430215, -3.29246940303, -4.73268830137, -2.34391852657, 0.000548584017467, 176.715942035
0.000548584017467, 2.91664367723, 4.80156801325, 0.513521712436, -1.04518791535, 2.38666027083, -1.62747430215, -3.29246940303, -4.73268830137, -2.34391852657, 0.000548584017467, 176.715942035
0.0370394399215, -2.4852484516, -4.42603406241, 2.10175215793, 0.0212555607405, 0.744005107706, -4.27528999011, -0.934140158914, -2.37786595493, 1.99328059953, 0.0370394399215, 124.559274117
0.0370394399215, -2.4852484516, -4.42603406241, 2.10175215793, 0.0212555607405, 0.744005107706, -4.27528999011, -0.934140158914, -2.37786595493, 1.99328059953, 0.0370394399215, 124.559274117
0.0126714747808, 2.05063186978, 1.866156859, 0.513521712436, -2.40259925425, 0.337132142206, -3.03076556663, -3.29246940303, -3.95969737659, -0.281782050458, 0.0126714747808, 124.829433191
0.0126714747808, 2.05063186978, 1.866156859, 0.513521712436, -2.40259925425, 0.337132142206, -3.03076556663, -3.29246940303, -3.95969737659, -0.281782050458, 0.0126714747808, 124.829433191
0.00441959974089, -0.776656252679, -1.66261054831, -0.0762104453337, -4.51992857872, -0.427585021764, 3.65243190138, 1.27631089621, 2.13112848374, -4.24132953337, 0.00441959974089, 168.450224801
0.00441959974089, -0.776656252679, -1.66261054831, -0.0762104453337, -4.51992857872, -0.427585021764, 3.65243190138, 1.27631089621, 2.13112848374, -4.24132953337, 0.00441959974089, 168.450224801
0.00300961385543, -2.77577232077, -1.23718158005, 1.19004690784, -2.51670897988, -3.58251381272, -4.69495227424, -2.54276478399, 3.9999282092, -1.87224539463, 0.00300961385543, 170.064993921
0.00300961385543, -2.77577232077, -1.23718158005, 1.19004690784, -2.51670897988, -3.58251381272, -4.69495227424, -2.54276478399, 3.9999282092, -1.87224539463, 0.00300961385543, 170.064993921
0.0112405165223, -1.20101077929, -1.8883523446, -0.899410776447, -2.35296861652, -4.52644053799, -3.97508866242, -4.52810481051, -1.43941906659, 1.4480390391, 0.0112405165223, 125.991683437
0.0112405165223, -1.20101077929, -1.8883523446, -0.899410776447, -2.35296861652, -4.52644053799, -3.97508866242, -4.52810481051, -1.43941906659, 1.4480390391, 0.0112405165223, 125.991683437
0.00604583292743, 2.49687926167, 4.44077847033, -0.46343961427, 3.5945022037, -0.572950391348, 3.90322709084, 1.35847992332, 3.70512105445, 1.96499071509, 0.00604583292743, 126.944462878
0.00604583292743, 2.49687926167, 4.44077847033, -0.46343961427, 3.5945022037, -0.572950391348, 3.90322709084, 1.35847992332, 3.70512105445, 1.96499071509, 0.00604583292743, 126.944462878
0.00604583292743, 2.49687926167, 4.44077847033, -0.46343961427, 3.5945022037, -0.572950391348, 3.90322709084, 1.35847992332, 3.70512105445, 1.96499071509, 0.00604583292743, 126.944462878
0.00604583292743, 2.49687926167, 4.44077847033, -0.46343961427, 3.5945022037, -0.572950391348, 3.90322709084, 1.35847992332, 3.70512105445, 1.96499071509, 0.00604583292743, 126.944462878
0.00456278529273, 2.77748441013, 3.45646816451, 0.513521712436, -4.57894805827, 0.337132142206, -1.62747430215, -3.29246940303, -4.97602970803, -1.66783820807, 0.00456278529273, 167.65918349
0.00456278529273, 2.77748441013, 3.45646816451, 0.513521712436, -4.57894805827, 0.337132142206, -1.62747430215, -3.29246940303, -4.97602970803, -1.66783820807, 0.00456278529273, 167.65918349
0.00492697696759, -0.536547027061, -1.5901006776, -0.46343961427, 3.79575049468, 1.33776534117, 3.90322709084, 1.35847992332, 3.70512105445, 1.73279596644, 0.00492697696759, 151.57545382
0.00492697696759, -0.536547027061, -1.5901006776, -0.46343961427, 3.79575049468, 1.33776534117, 3.90322709084, 1.35847992332, 3.70512105445, 1.73279596644, 0.00492697696759, 151.57545382
0.105718267712, -1.35198071378, 3.06945107817, -4.295802699, 0.874008708486, -0.901736715538, 2.8548187867, -1.01207193938, -0.42997295364, 0.495581460785, 0.105718267712, 109.794230571
0.105718267712, -1.35198071378, 3.06945107817, -4.295802699, 0.874008708486, -0.901736715538, 2.8548187867, -1.01207193938, -0.42997295364, 0.495581460785, 0.105718267712, 109.794230571
0.113501064351, -0.328106946541, -1.03821791921, -1.3813745177, -0.543209577283, 3.74060038684, -0.146438321361, -1.521222923, 0.544239383082, -1.81499206582, 0.113501064351, 102.931198386
0.113501064351, -0.328106946541, -1.03821791921, -1.3813745177, -0.543209577283, 3.74060038684, -0.146438321361, -1.521222923, 0.544239383082, -1.81499206582, 0.113501064351, 102.931198386
0.233802288727, -0.691822489968, -1.98178235916, -1.49302729174, 0.0273705191657, 2.13060380623, -1.71226711143, 0.667082719175, -1.06680196353, 3.09322046409, 0.233802288727, 98.6659841835
0.233802288727, -0.691822489968, -1.98178235916, -1.49302729174, 0.0273705191657, 2.13060380623, -1.71226711143, 0.667082719175, -1.06680196353, 3.09322046409, 0.233802288727, 98.6659841835
0.517606063969, 1.57474480774, -0.447126041672, 2.9899063424, -0.920037615695, 1.53037560554, -1.68282400048, -1.19833841709, 0.0200964126258, 3.63769228469, 0.517606063969, 91.4820417871
0.517606063969, 1.57474480774, -0.447126041672, 2.9899063424, -0.920037615695, 1.53037560554, -1.68282400048, -1.19833841709, 0.0200964126258, 3.63769228469, 0.517606063969, 91.4820417871
0.000548584017467, 1.17901740546, 4.80156801325, 0.0418935227464, -1.04518791535, 2.38666027083, -1.62747430215, -3.29246940303, -4.73268830137, -2.34391852657, 0.000548584017467, 181.823398145
0.000548584017467, 1.17901740546, 4.80156801325, 0.0418935227464, -1.04518791535, 2.38666027083, -1.62747430215, -3.29246940303, -4.73268830137, -2.34391852657, 0.000548584017467, 181.823398145
0.233802288727, -0.691822489968, 0.122488371663, -1.49302729174, -4.03990173404, 2.13060380623, -1.71226711143, -1.5188035652, 0.125334603258, 1.43459546394, 0.233802288727, 103.405170992
0.233802288727, -0.691822489968, 0.122488371663, -1.49302729174, -4.03990173404, 2.13060380623, -1.71226711143, -1.5188035652, 0.125334603258, 1.43459546394, 0.233802288727, 103.405170992
