0.578172485522, 0.00383013054479, 0.0196355502361, 0.501214178369, 0.872498028238, 0.0432024242888, 0.310132513048, 0.192584200702, 0.257540938737, 0.0877709638335, 0.903780654679, 7.28043189949
0.0764474590931, 0.499108893078, 0.903473272616, 0.947039162921, 0.421575347537, 0.117255280752, 0.930477031795, 0.275716807085, 0.321771642857, 0.696177672798, 0.299858719868, 8.80323705046
0.0700393159912, 0.67342188389, 0.221647267138, 0.781624529052, 0.970454296541, 0.233539793975, 0.75285746785, 0.112205382574, 0.105984795317, 0.604218794961, 0.375336983126, 8.53300245705
0.0887976005244, 0.770465680519, 0.793917936953, 0.143549847865, 0.415492337931, 0.114292035852, 0.310132513048, 0.423340892223, 0.760876908588, 0.923774919949, 0.320958628519, 8.62082454498
0.0941036856438, 0.0810817870567, 0.32627255519, 0.501214178369, 0.87573096956, 0.0432024242888, 0.0312782443325, 0.825573579616, 0.121101350399, 0.992713628161, 0.394027386271, 8.2351547619
0.0950048589734, 0.201189932748, 0.730833715525, 0.00970479214739, 0.512536230921, 0.0388106416326, 0.0312782443325, 0.484374161574, 0.0150310561478, 0.779300685676, 0.409278250225, 7.70172721366
0.102635158553, 0.201189932748, 0.730833715525, 0.00970479214739, 0.512536230921, 0.0364103425514, 0.00351177458807, 0.444107751543, 0.0150310561478, 0.573616219467, 0.55813143485, 7.51009602433
0.578172485522, 0.00383013054479, 0.0196355502361, 0.501214178369, 0.872498028238, 0.0432024242888, 0.310132513048, 0.192584200702, 0.257540938737, 0.0877709638335, 0.903780654679, 7.28043189949
0.0764474590931, 0.499108893078, 0.903473272616, 0.947039162921, 0.421575347537, 0.117255280752, 0.930477031795, 0.275716807085, 0.321771642857, 0.696177672798, 0.299858719868, 8.80323705046
0.0700393159912, 0.67342188389, 0.221647267138, 0.781624529052, 0.970454296541, 0.233539793975, 0.75285746785, 0.112205382574, 0.105984795317, 0.604218794961, 0.375336983126, 8.53300245705
0.0887976005244, 0.770465680519, 0.793917936953, 0.143549847865, 0.415492337931, 0.114292035852, 0.310132513048, 0.423340892223, 0.760876908588, 0.923774919949, 0.320958628519, 8.62082454498
0.0941036856438, 0.0810817870567, 0.32627255519, 0.501214178369, 0.87573096956, 0.0432024242888, 0.0312782443325, 0.825573579616, 0.121101350399, 0.992713628161, 0.394027386271, 8.2351547619
0.0950048589734, 0.201189932748, 0.730833715525, 0.00970479214739, 0.512536230921, 0.0388106416326, 0.0312782443325, 0.484374161574, 0.0150310561478, 0.779300685676, 0.409278250225, 7.70172721366
0.102635158553, 0.201189932748, 0.730833715525, 0.00970479214739, 0.512536230921, 0.0364103425514, 0.00351177458807, 0.444107751543, 0.0150310561478, 0.573616219467, 0.55813143485, 7.51009602433
0.0764474590931, 0.499108893078, 0.903473272616, 0.947039162921, 0.421575347537, 0.117255280752, 0.930477031795, 0.691854661664, 0.321771642857, 0.696177672798, 0.299858719868, 8.95777099738
0.0764474590931, 0.499108893078, 0.903473272616, 0.947039162921, 0.421575347537, 0.117255280752, 0.930477031795, 0.691854661664, 0.321771642857, 0.696177672798, 0.299858719868, 8.95777099738
0.0700393159912, 0.973277339154, 0.155680422988, 0.781624529052, 0.970454296541, 0.114292035852, 0.75285746785, 0.105344176508, 0.105984795317, 0.604218794961, 0.375336983126, 8.57833216389
0.0700393159912, 0.973277339154, 0.155680422988, 0.781624529052, 0.970454296541, 0.114292035852, 0.75285746785, 0.105344176508, 0.105984795317, 0.604218794961, 0.375336983126, 8.57833216389
0.0887976005244, 0.770465680519, 0.793917936953, 0.191145064834, 0.742010206276, 0.233539793975, 0.310132513048, 0.423340892223, 0.760876908588, 0.923774919949, 0.320958628519, 8.81571890343
0.0887976005244, 0.770465680519, 0.793917936953, 0.191145064834, 0.742010206276, 0.233539793975, 0.310132513048, 0.423340892223, 0.760876908588, 0.923774919949, 0.320958628519, 8.81571890343
0.0887976005244, 0.770465680519, 0.793917936953, 0.191145064834, 0.510132872594, 0.0908320842433, 0.691727495214, 0.423340892223, 0.760876908588, 0.923774919949, 0.320958628519, 8.81838504399
0.0887976005244, 0.770465680519, 0.793917936953, 0.191145064834, 0.510132872594, 0.0908320842433, 0.691727495214, 0.423340892223, 0.760876908588, 0.923774919949, 0.320958628519, 8.81838504399
0.0700393159912, 0.971258807583, 0.925690036153, 0.781624529052, 0.17092991151, 0.551560527146, 0.75285746785, 0.148041170705, 0.105984795317, 0.604218794961, 0.375336983126, 8.75872757495
0.0700393159912, 0.971258807583, 0.925690036153, 0.781624529052, 0.17092991151, 0.551560527146, 0.75285746785, 0.148041170705, 0.105984795317, 0.604218794961, 0.375336983126, 8.75872757495
0.0887976005244, 0.937608541939, 0.793917936953, 0.191145064834, 0.510132872594, 0.0908320842433, 0.691727495214, 0.423340892223, 0.760876908588, 0.923774919949, 0.320958628519, 8.88116458697
0.0734549951407, 0.0152162561138, 0.708567078934, 0.655762132328, 0.658859556289, 0.256622273522, 0.947339046045, 0.969840596126, 0.757731728118, 0.232664586946, 0.32863378937, 8.83539691138
0.0887976005244, 0.937608541939, 0.793917936953, 0.191145064834, 0.510132872594, 0.0908320842433, 0.691727495214, 0.423340892223, 0.760876908588, 0.923774919949, 0.320958628519, 8.88116458697
0.0734549951407, 0.0152162561138, 0.708567078934, 0.655762132328, 0.658859556289, 0.256622273522, 0.947339046045, 0.969840596126, 0.757731728118, 0.232664586946, 0.32863378937, 8.83539691138
0.578172485522, 0.00480403933742, 0.0304761588702, 0.537958110698, 0.872498028238, 0.125779661045, 0.310132513048, 0.280684813374, 0.257540938737, 0.0877709638335, 0.903780654679, 7.43045663168
0.708029475533, 0.0144104906994, 0.305777960245, 0.14601179475, 0.549194339696, 0.229641591078, 0.032327307841, 0.657111546848, 0.117315475576, 0.385166420397, 0.992889072109, 7.36064906719
0.578172485522, 0.00480403933742, 0.0304761588702, 0.537958110698, 0.872498028238, 0.125779661045, 0.310132513048, 0.280684813374, 0.257540938737, 0.0877709638335, 0.903780654679, 7.43045663168
0.708029475533, 0.0144104906994, 0.305777960245, 0.14601179475, 0.549194339696, 0.229641591078, 0.032327307841, 0.657111546848, 0.117315475576, 0.385166420397, 0.992889072109, 7.36064906719
0.0941036856438, 0.029738231789, 0.32627255519, 0.560848686524, 0.851756380535, 0.125779661045, 0.690109326795, 0.825573579616, 0.121101350399, 0.951651049239, 0.394027386271, 8.54270284432
0.0941036856438, 0.029738231789, 0.32627255519, 0.560848686524, 0.851756380535, 0.125779661045, 0.690109326795, 0.825573579616, 0.121101350399, 0.951651049239, 0.394027386271, 8.54270284432
0.0734549951407, 0.506619308259, 0.708567078934, 0.655762132328, 0.658859556289, 0.090877485765, 0.947339046045, 0.969840596126, 0.757731728118, 0.232664586946, 0.32863378937, 8.95558425516
0.0734549951407, 0.506619308259, 0.708567078934, 0.655762132328, 0.658859556289, 0.090877485765, 0.947339046045, 0.969840596126, 0.757731728118, 0.232664586946, 0.32863378937, 8.95558425516
0.0950048589734, 0.201189932748, 0.730833715525, 0.00970479214739, 0.512536230921, 0.0388106416326, 0.0312782443325, 0.691854661664, 0.0150310561478, 0.779300685676, 0.409278250225, 7.82316615877
0.0950048589734, 0.201189932748, 0.730833715525, 0.00970479214739, 0.512536230921, 0.0388106416326, 0.0312782443325, 0.691854661664, 0.0150310561478, 0.779300685676, 0.409278250225, 7.82316615877
0.416502885229, 0.122941306838, 0.155680422988, 0.55242841383, 0.273926702783, 0.39135561182, 0.35203295291, 0.413372620433, 0.253295546729, 0.212175460711, 0.811006023256, 7.5917926527
0.416502885229, 0.122941306838, 0.155680422988, 0.55242841383, 0.273926702783, 0.39135561182, 0.35203295291, 0.413372620433, 0.253295546729, 0.212175460711, 0.811006023256, 7.5917926527
0.0700393159912, 0.971258807583, 0.925690036153, 0.781624529052, 0.17092991151, 0.551560527146, 0.380748572917, 0.148041170705, 0.822574871255, 0.604218794961, 0.375336983126, 8.88923952711
0.0700393159912, 0.971258807583, 0.925690036153, 0.781624529052, 0.17092991151, 0.551560527146, 0.380748572917, 0.148041170705, 0.822574871255, 0.604218794961, 0.375336983126, 8.88923952711
0.0941036856438, 0.766712727455, 0.219166498959, 0.537958110698, 0.796759053118, 0.755154875402, 0.691874292424, 0.825573579616, 0.121101350399, 0.951651049239, 0.394027386271, 8.99956367095
0.0941036856438, 0.766712727455, 0.219166498959, 0.537958110698, 0.796759053118, 0.755154875402, 0.691874292424, 0.825573579616, 0.121101350399, 0.951651049239, 0.394027386271, 8.99956367095
0.0941036856438, 0.766712727455, 0.32627255519, 0.537958110698, 0.796759053118, 0.755154875402, 0.666926398257, 0.825573579616, 0.121101350399, 0.951651049239, 0.394027386271, 9.02852348593
0.0941036856438, 0.766712727455, 0.32627255519, 0.537958110698, 0.796759053118, 0.755154875402, 0.666926398257, 0.825573579616, 0.121101350399, 0.951651049239, 0.394027386271, 9.02852348593
0.578172485522, 0.24449360972, 0.878030199629, 0.0428250432634, 0.594727929436, 0.148760187751, 0.0119693440093, 0.192584200702, 0.532382916301, 0.00854181284395, 0.903780654679, 7.52536910656
0.578172485522, 0.24449360972, 0.878030199629, 0.0428250432634, 0.594727929436, 0.148760187751, 0.0119693440093, 0.192584200702, 0.532382916301, 0.00854181284395, 0.903780654679, 7.52536910656
0.0950048589734, 0.59687804631, 0.493720652608, 0.297044043143, 0.0243701297312, 0.596470750649, 0.0699330573193, 0.691854661664, 0.835396565207, 0.689645894797, 0.409278250225, 8.46074742216
0.0950048589734, 0.59687804631, 0.493720652608, 0.297044043143, 0.0243701297312, 0.596470750649, 0.0699330573193, 0.691854661664, 0.835396565207, 0.689645894797, 0.409278250225, 8.46074742216
0.86911047131, 0.354826283102, 0.0975632615072, 0.450494132506, 0.0329721281507, 0.658955575149, 0.190558277387, 0.402085480196, 0.503018128289, 0.000605237938043, 0.99816750389, 7.52508498033
0.86911047131, 0.354826283102, 0.0975632615072, 0.450494132506, 0.0329721281507, 0.658955575149, 0.190558277387, 0.402085480196, 0.503018128289, 0.000605237938043, 0.99816750389, 7.52508498033
0.901839787893, 0.24449360972, 0.910851512024, 0.0428250432634, 0.594727929436, 0.229641591078, 0.0771232881303, 0.110463981336, 0.532382916301, 0.0345899624879, 0.978609365655, 7.58354682416
0.901839787893, 0.24449360972, 0.910851512024, 0.0428250432634, 0.594727929436, 0.229641591078, 0.0771232881303, 0.110463981336, 0.532382916301, 0.0345899624879, 0.978609365655, 7.58354682416
0.102635158553, 0.59687804631, 0.493720652608, 0.297044043143, 0.0977867839089, 0.0268198216121, 0.0699330573193, 0.701417738169, 0.221012519063, 0.84792171573, 0.55813143485, 7.99234314202
0.102635158553, 0.59687804631, 0.493720652608, 0.297044043143, 0.0977867839089, 0.0268198216121, 0.0699330573193, 0.701417738169, 0.221012519063, 0.84792171573, 0.55813143485, 7.99234314202
0.416394961599, 0.00480403933742, 0.925690036153, 0.385029908188, 0.732784855807, 0.0364103425514, 0.00691280242727, 0.444107751543, 0.0150310561478, 0.677091165977, 0.810933889984, 7.88226692327
0.056757505972, 0.106577944106, 0.535153759069, 0.248451655956, 0.418681688057, 0.62972520666, 0.224901783645, 0.155195003512, 0.0602822626039, 0.807013703043, 0.63710016272, 7.89102328915
0.0599888162675, 0.122941306838, 0.0183866071392, 0.55242841383, 0.273926702783, 0.39135561182, 0.35203295291, 0.419250620608, 0.636186049882, 0.40682719067, 0.568556776317, 7.89449323596
0.102635158553, 0.59687804631, 0.493720652608, 0.297044043143, 0.0977867839089, 0.0268198216121, 0.0699330573193, 0.701417738169, 0.221012519063, 0.84792171573, 0.55813143485, 7.99234314202
0.102635158553, 0.59687804631, 0.493720652608, 0.297044043143, 0.0977867839089, 0.0268198216121, 0.0699330573193, 0.701417738169, 0.221012519063, 0.84792171573, 0.55813143485, 7.99234314202
0.416394961599, 0.00480403933742, 0.925690036153, 0.385029908188, 0.732784855807, 0.0364103425514, 0.00691280242727, 0.444107751543, 0.0150310561478, 0.677091165977, 0.810933889984, 7.88226692327
0.056757505972, 0.106577944106, 0.535153759069, 0.248451655956, 0.418681688057, 0.62972520666, 0.224901783645, 0.155195003512, 0.0602822626039, 0.807013703043, 0.63710016272, 7.89102328915
0.0599888162675, 0.122941306838, 0.0183866071392, 0.55242841383, 0.273926702783, 0.39135561182, 0.35203295291, 0.419250620608, 0.636186049882, 0.40682719067, 0.568556776317, 7.89449323596
0.0950048589734, 0.59687804631, 0.493720652608, 0.297044043143, 0.505671639627, 0.829808913628, 0.0699330573193, 0.691854661664, 0.855199468781, 0.689645894797, 0.409278250225, 8.76251995112
0.0950048589734, 0.59687804631, 0.493720652608, 0.297044043143, 0.505671639627, 0.829808913628, 0.0699330573193, 0.691854661664, 0.855199468781, 0.689645894797, 0.409278250225, 8.76251995112
0.578172485522, 0.0810817870567, 0.0304761588702, 0.501214178369, 0.872498028238, 0.00911944743979, 0.691727495214, 0.192584200702, 0.257540938737, 0.220045968483, 0.903780654679, 7.64978280611
0.131386867187, 0.0291971887514, 0.535153759069, 0.248451655956, 0.418681688057, 0.419056825128, 0.224901783645, 0.0906988561301, 0.0602822626039, 0.807013703043, 0.967360254526, 7.62068015495
0.578172485522, 0.0810817870567, 0.0304761588702, 0.501214178369, 0.872498028238, 0.00911944743979, 0.691727495214, 0.192584200702, 0.257540938737, 0.220045968483, 0.903780654679, 7.64978280611
0.131386867187, 0.0291971887514, 0.535153759069, 0.248451655956, 0.418681688057, 0.419056825128, 0.224901783645, 0.0906988561301, 0.0602822626039, 0.807013703043, 0.967360254526, 7.62068015495
0.826115280905, 0.642707418066, 0.116438550642, 0.684091268596, 0.277980218444, 0.281827598862, 0.062447629347, 0.0377138589438, 0.674786459344, 0.026164693308, 0.999999771349, 7.5946087972
0.826115280905, 0.642707418066, 0.116438550642, 0.684091268596, 0.277980218444, 0.281827598862, 0.062447629347, 0.0377138589438, 0.674786459344, 0.026164693308, 0.999999771349, 7.5946087972
0.102635158553, 0.201189932748, 0.730833715525, 0.00970479214739, 0.512536230921, 0.125779661045, 0.691874292424, 0.701417738169, 0.602795899806, 0.764541286834, 0.55813143485, 8.46352338723
0.102635158553, 0.201189932748, 0.730833715525, 0.00970479214739, 0.512536230921, 0.125779661045, 0.691874292424, 0.701417738169, 0.602795899806, 0.764541286834, 0.55813143485, 8.46352338723
0.0599888162675, 0.122941306838, 0.0183866071392, 0.380641613028, 0.375188539848, 0.249406848672, 0.931236827054, 0.528145287318, 0.821379503721, 0.40682719067, 0.568556776317, 8.23200292818
0.0599888162675, 0.122941306838, 0.0183866071392, 0.380641613028, 0.375188539848, 0.249406848672, 0.931236827054, 0.528145287318, 0.821379503721, 0.40682719067, 0.568556776317, 8.23200292818
0.708029475533, 0.354826283102, 0.305777960245, 0.14601179475, 0.435556610377, 0.419056825128, 0.032327307841, 0.259755167066, 0.534982278189, 0.430227742279, 0.992889072109, 7.66508377606
0.708029475533, 0.354826283102, 0.305777960245, 0.14601179475, 0.435556610377, 0.419056825128, 0.032327307841, 0.259755167066, 0.534982278189, 0.430227742279, 0.992889072109, 7.66508377606
0.232790389717, 0.63184485655, 0.290977781382, 0.0664454905595, 0.517946974108, 0.527047941712, 0.730946343545, 0.162853961409, 0.306048610502, 0.37473408759, 0.714225521999, 8.09932892911
0.254021089308, 0.0926921444617, 0.117470608049, 0.87254027059, 0.405793243777, 0.593911327879, 0.0530615174938, 0.466224875749, 0.554937329468, 0.634182496374, 0.644181984477, 8.20015386473
0.232790389717, 0.63184485655, 0.290977781382, 0.0664454905595, 0.517946974108, 0.527047941712, 0.730946343545, 0.162853961409, 0.306048610502, 0.37473408759, 0.714225521999, 8.09932892911
0.254021089308, 0.0926921444617, 0.117470608049, 0.87254027059, 0.405793243777, 0.593911327879, 0.0530615174938, 0.466224875749, 0.554937329468, 0.634182496374, 0.644181984477, 8.20015386473
0.105469824754, 0.00429569731587, 0.903473272616, 0.947039162921, 0.560982863238, 0.117255280752, 0.930477031795, 0.275716807085, 0.321771642857, 0.0615194205106, 0.617147174687, 8.3587905526
0.105469824754, 0.00429569731587, 0.903473272616, 0.947039162921, 0.560982863238, 0.117255280752, 0.930477031795, 0.275716807085, 0.321771642857, 0.0615194205106, 0.617147174687, 8.3587905526
0.901839787893, 0.24449360972, 0.664588440767, 0.0428250432634, 0.594727929436, 0.631668017524, 0.128317263785, 0.155195003512, 0.532382916301, 0.0345899624879, 0.978609365655, 7.73294681146
0.901839787893, 0.24449360972, 0.664588440767, 0.0428250432634, 0.594727929436, 0.631668017524, 0.128317263785, 0.155195003512, 0.532382916301, 0.0345899624879, 0.978609365655, 7.73294681146
0.232790389717, 0.63184485655, 0.290977781382, 0.0664454905595, 0.517946974108, 0.527047941712, 0.730946343545, 0.162853961409, 0.498394618941, 0.37473408759, 0.714225521999, 8.193615938
0.254021089308, 0.0926921444617, 0.117470608049, 0.87254027059, 0.405793243777, 0.593911327879, 0.215057737547, 0.363574504492, 0.495903121239, 0.634182496374, 0.644181984477, 8.20030378233
0.232790389717, 0.63184485655, 0.290977781382, 0.0664454905595, 0.517946974108, 0.527047941712, 0.730946343545, 0.162853961409, 0.498394618941, 0.37473408759, 0.714225521999, 8.193615938
0.254021089308, 0.0926921444617, 0.117470608049, 0.87254027059, 0.405793243777, 0.593911327879, 0.215057737547, 0.363574504492, 0.495903121239, 0.634182496374, 0.644181984477, 8.20030378233
0.416394961599, 0.766712727455, 0.214300836957, 0.586222073314, 0.732784855807, 0.0388106416326, 0.00691280242727, 0.444107751543, 0.602795899806, 0.212175460711, 0.810933889984, 8.07924104799
0.416394961599, 0.766712727455, 0.214300836957, 0.586222073314, 0.732784855807, 0.0388106416326, 0.00691280242727, 0.444107751543, 0.602795899806, 0.212175460711, 0.810933889984, 8.07924104799
0.131386867187, 0.106577944106, 0.535153759069, 0.248451655956, 0.418681688057, 0.62972520666, 0.224901783645, 0.155195003512, 0.0602822626039, 0.807013703043, 0.967360254526, 7.82430450706
0.131386867187, 0.106577944106, 0.535153759069, 0.248451655956, 0.418681688057, 0.62972520666, 0.224901783645, 0.155195003512, 0.0602822626039, 0.807013703043, 0.967360254526, 7.82430450706
0.708029475533, 0.28795928081, 0.305777960245, 0.14601179475, 0.549194339696, 0.229641591078, 0.032327307841, 0.657111546848, 0.534982278189, 0.409535448908, 0.992889072109, 7.79942802667
0.708029475533, 0.28795928081, 0.305777960245, 0.14601179475, 0.549194339696, 0.229641591078, 0.032327307841, 0.657111546848, 0.534982278189, 0.409535448908, 0.992889072109, 7.79942802667
0.42529133498, 0.40546623438, 0.214300836957, 0.55242841383, 0.38293695448, 0.462658366494, 0.35203295291, 0.120598517434, 0.53990604309, 0.579850240209, 0.831497590772, 8.07778729743
0.42529133498, 0.40546623438, 0.214300836957, 0.55242841383, 0.38293695448, 0.462658366494, 0.35203295291, 0.120598517434, 0.53990604309, 0.579850240209, 0.831497590772, 8.07778729743
0.105469824754, 0.00429569731587, 0.903473272616, 0.947039162921, 0.560982863238, 0.117255280752, 0.930477031795, 0.275716807085, 0.321771642857, 0.696177672798, 0.617147174687, 8.63004967015
0.105469824754, 0.00429569731587, 0.903473272616, 0.947039162921, 0.560982863238, 0.117255280752, 0.930477031795, 0.275716807085, 0.321771642857, 0.696177672798, 0.617147174687, 8.63004967015
