0.0, 1.0, 0.416860035222, 0.0, 0.731643171271, 0.809164033981, 0.0, 0.0104797268796, 0.615035872473, 0.0, 0.0, 0.0, 0.0, 142.591792475
0.744667328613, 0.0, 0.891723016688, 1.0, 0.529159602656, 0.495950405558, 0.0, 0.811220533537, 0.974533156494, 0.0, 0.0, 0.0, 116.958000499, 40.1027379075
0.181106452863, 0.2162661476, 0.0, 0.0336943057911, 0.0122273704855, 0.743080868688, 0.297103228632, 0.79596644692, 0.792389404546, 0.0, 0.0, 5.62002252123, 20.3665804843, 117.501398635
0.33622577965, 0.0, 0.460321265081, 0.662806515594, 0.976102929672, 0.0, 0.0, 1.0, 1.0, 0.0, 0.0, 0.0, 36.4372977597, 71.9342191347
0.618145379395, 1.0, 0.645983153202, 0.135704561982, 0.70108267552, 0.0, 1.0, 0.388214153175, 0.096759860806, 2.73755476206, 17.4353467387, 11.0553145924, 0.0, 19.2909936819
0.0, 0.856118405129, 0.489577295426, 0.689881405504, 0.802552255237, 0.279942759211, 0.0067998652463, 1.0, 0.708543759405, 0.0, 0.0, 0.0, 0.0, 81.2243696298
0.0563171643207, 0.0, 0.975237655743, 0.39636155398, 0.996879238742, 0.239203250557, 0.918215522861, 0.123108145555, 0.450097082023, 0.0, 0.0, 0.0, 16.6417329724, 278.858460851
0.0, 0.992350261324, 0.214066987077, 0.59214262432, 1.0, 0.932944002672, 0.21263242634, 0.0, 1.0, 0.0, 0.0, 0.0, 0.0, 140.374464723
0.509769707002, 0.296394844423, 0.0798433973206, 0.733209301162, 0.0, 0.799158516914, 0.0810893278427, 0.216495372745, 0.926232335541, 1.31934088973, 0.480064665601, 20.7372802035, 53.4993391008, 73.1215728071
0.503221574748, 0.494421829706, 0.146676493356, 0.378864468341, 0.747659429057, 0.0, 0.399731006256, 0.688559110141, 1.0, 1.97280520315, 3.23434766548, 30.2937835765, 36.3019943968, 70.8835803194
0.0, 0.900292147591, 1.0, 0.0, 1.0, 0.281235081727, 0.029186864585, 0.942324297679, 1.0, 0.0, 0.0, 0.0, 0.0, 236.967084341
0.946853146921, 0.957541562668, 0.40029913468, 0.293550183433, 1.0, 0.687847965488, 1.0, 0.566000162642, 0.215872014148, 15.4544693781, 37.1923019419, 78.8718025638, 5.83167702059, 7.70946754407
0.130848839318, 0.380444153072, 0.0, 0.282392008937, 1.0, 0.0, 1.0, 0.587741348941, 1.0, 0.0, 0.0, 3.23562103302, 5.26923048565, 56.4926797014
0.0859972427776, 0.597150001927, 0.325310310138, 0.375691503644, 0.0, 0.0, 1.0, 0.415395206886, 0.0, 0.454912262891, 0.755954255192, 2.51132266667, 2.51106740528, 66.2487950281
0.311030872487, 0.592768685384, 0.333173686866, 0.213497430827, 0.0927384596811, 0.08946225648, 0.580109911173, 0.681579650235, 0.555960154997, 2.56644270956, 9.45451088982, 24.0591873999, 24.7870098623, 134.827734263
0.210918797428, 0.299566809332, 0.894678927758, 0.504041636202, 0.294522222131, 1.0, 0.608341865736, 0.212456633212, 0.602206177847, 1.28296391588, 1.26238913381, 0.299637449938, 6.65202456012, 35.5298634146
0.12011596996, 0.0, 0.724297249703, 1.0, 0.0, 0.110164882945, 0.0, 0.801889470896, 0.955120979629, 0.0, 0.0, 0.0, 18.6965216788, 136.957399153
0.449971527719, 0.550827058972, 0.226224220401, 0.0, 0.596249206345, 0.779925052686, 0.461158924889, 0.0, 0.0, 0.0, 8.65275065352, 29.5958092848, 31.1898587366, 84.8789423078
0.398759116138, 0.738347748304, 0.951943282765, 0.788595046428, 0.704723154673, 0.997416265554, 0.833071094687, 0.216636488055, 0.0, 30.7381506988, 8.24022082155, 1.96773548629, 14.5102915544, 83.6160296712
0.798884038495, 0.0, 0.827541309829, 0.708123105461, 1.0, 0.0121428301375, 0.490450523681, 0.192779712861, 0.102753604374, 0.0, 0.0, 0.0, 52.6561181001, 13.2559737215
0.0, 1.0, 0.206998739621, 1.0, 0.10735664836, 0.0, 0.804806799394, 0.589703621792, 0.90718465714, 0.0, 0.0, 0.0, 0.0, 56.6683613934
0.849085537612, 0.520524902429, 0.589817420946, 1.0, 1.0, 0.998031130985, 1.0, 0.0, 0.377290459059, 24.5994525289, 0.0, 17.1074412577, 38.4177911075, 14.2411726606
0.673704425439, 0.752206518749, 0.450747444365, 0.810399750839, 0.494568261015, 0.89057554772, 1.0, 1.0, 1.0, 10.5562549131, 2.4697299816, 15.8726479374, 9.51984947534, 18.6072412246
0.25822983516, 0.526892910309, 0.0, 1.0, 0.503090119767, 0.0, 1.0, 1.0, 1.0, 0.0, 0.0, 6.9988927523, 6.28443791197, 38.1566226472
0.0, 0.0, 0.923184305028, 0.500560868256, 0.707489661436, 0.83806955843, 0.688005593732, 0.608860000002, 0.688542477063, 0.0, 0.0, 0.0, 0.0, 138.03244677
0.0, 0.00305492121286, 0.698367716635, 1.0, 0.217827113717, 0.134668204479, 0.674145798875, 0.664428762102, 0.761879850328, 0.0, 0.0, 0.0, 0.0, 344.422101195
0.0, 0.710979814173, 0.946139154563, 0.338747779724, 0.70395498342, 0.477133438803, 1.0, 0.466815174414, 1.0, 0.0, 0.0, 0.0, 0.0, 147.109483753
0.113193592521, 0.591556912566, 0.0775042366502, 0.336127453134, 1.0, 0.213189229501, 0.662613079236, 1.0, 0.605338308999, 0.236520589261, 0.467142818935, 8.37536812102, 6.26865748661, 120.240277353
0.0, 0.417895416558, 0.234281664077, 0.860945155781, 0.407066851368, 0.0, 0.0, 0.0, 0.822100086241, 0.0, 0.0, 0.0, 0.0, 89.4076983355
0.138121453455, 0.135713279223, 0.555304059507, 0.15061379379, 0.467935988366, 0.594027213126, 0.98609550767, 1.0, 1.0, 0.204837975009, 1.155183374, 1.08912579069, 15.5973340427, 112.610131032
1.0, 0.0, 1.0, 0.841366794574, 1.0, 0.373285033498, 0.0176332960266, 0.18755909705, 1.0, 0.0, 0.0, 0.0, 140.38299854, 0.0
0.0, 0.71357526392, 0.0399933882731, 0.0, 0.916685113602, 0.356320501291, 0.0, 0.284655406845, 0.703178330322, 0.0, 0.0, 0.0, 0.0, 170.742293351
0.0452794455347, 0.55373270586, 0.562494687086, 0.270029751071, 0.989743091935, 1.0, 0.974944406934, 1.0, 0.0, 0.462611421634, 1.25057543944, 1.33250743686, 2.45460262458, 115.974179135
0.0, 0.0, 0.48577472213, 0.810066487033, 0.477086397439, 0.150944054754, 0.570809310932, 0.18167146433, 0.323477903906, 0.0, 0.0, 0.0, 0.0, 294.758532392
0.0, 0.0, 0.691467877967, 0.0, 1.0, 0.322959843342, 0.380385722155, 0.520912529156, 0.365816829215, 0.0, 0.0, 0.0, 0.0, 207.789139077
0.366602585383, 1.0, 0.582027913778, 0.99592825253, 0.985579168438, 0.793623001115, 0.933184134734, 0.658438619097, 0.313015095057, 50.074399442, 0.204723893237, 36.1069797108, 0.0, 149.253541873
1.0, 0.0, 0.112266410202, 1.0, 0.760445756198, 0.588675223177, 1.0, 0.0939033460937, 1.0, 0.0, 0.0, 0.0, 142.898956917, 0.0
0.343169743145, 0.461551204773, 0.0890510139141, 0.659500899512, 1.0, 0.706071465525, 0.70052748493, 0.294621936378, 0.183659903743, 0.509874381981, 0.263247204901, 7.90866150464, 10.1282275893, 36.0025450778
0.0, 0.387244418955, 0.190005847785, 0.0, 0.203409177556, 0.0899583524409, 0.488577971474, 0.875083586158, 1.0, 0.0, 0.0, 0.0, 0.0, 105.68514369
0.330864705638, 0.895822969332, 0.776180137934, 0.78723353402, 0.0, 0.250774549106, 0.0, 0.998346338365, 0.0909741852381, 28.5111434792, 7.70573784902, 10.4435259126, 5.42623134542, 105.339154189
1.0, 0.528774997404, 0.818901018997, 0.62783853087, 1.0, 0.423521514597, 0.0, 0.0, 0.895368470361, 25.4388772526, 15.0793069648, 8.96054798281, 44.0936425209, 0.0
0.0598163903908, 0.661342178638, 0.476223871199, 0.444667301298, 1.0, 1.0, 0.0, 0.0, 1.0, 0.527756181725, 0.659100104277, 1.30536713618, 1.27620917244, 59.2315674054
0.415967991547, 0.883579227165, 0.202441941053, 0.89264749628, 0.115752221456, 0.593614934009, 0.709793977181, 0.189477115557, 1.0, 4.9199562621, 0.591688908704, 21.7141616069, 3.58728382093, 43.2625383554
0.48423599115, 0.752792651149, 0.834271174711, 0.0, 0.316926453041, 0.310564891987, 0.498366463376, 0.390419035354, 0.903215644393, 0.0, 17.9723836381, 3.57023245951, 7.07431588854, 30.4801456974
0.546995996914, 0.265651289587, 0.125021936866, 0.515481939755, 0.279949928847, 0.687006190644, 0.902563876441, 0.470217017679, 0.302393375894, 1.22902206876, 1.15519738487, 16.6861894154, 52.7169665985, 59.451931351
0.588639513238, 0.258758013445, 0.541499614742, 0.900625957792, 0.58077716579, 0.291592572187, 0.507586125781, 1.0, 0.0675857520267, 10.5439588063, 1.16340840323, 9.91290156039, 61.933737856, 58.3902644379
0.367316711229, 0.0, 1.0, 0.685809295645, 0.00826721501156, 0.928114225426, 0.116515894353, 0.099594658893, 0.526215588001, 0.0, 0.0, 0.0, 66.8136614111, 115.082939992
0.406001223884, 0.931768432047, 0.104144499968, 0.749418943763, 0.3431735581, 0.195351976221, 0.0, 1.0, 0.698117372224, 3.87580758143, 1.29594263076, 44.4876193541, 3.63645787144, 77.9742877797
1.0, 0.491539166201, 0.352382839418, 0.246133216965, 0.601710694547, 0.0, 1.0, 0.394901600359, 0.103054144538, 1.62847617372, 4.98776276306, 12.1594737163, 19.4220830551, 0.0
0.369950175387, 0.259255836843, 0.665287406217, 0.477452855822, 0.574548536301, 0.115637342436, 0.0, 1.0, 0.771455515061, 5.22683396437, 5.72049601937, 5.50770866789, 47.0152340026, 108.094107841
0.244306311638, 0.154900033247, 0.297679620667, 0.94906868836, 0.896243657038, 1.0, 0.516400613538, 1.0, 0.886196460385, 0.899600986322, 0.0482766513613, 2.23634315499, 17.3723970848, 63.5861852278
0.0134229998154, 0.617718286001, 0.0, 0.208980199577, 0.325431541692, 0.194434506049, 0.706439547815, 0.473615037521, 0.540030237848, 0.0, 0.0, 1.75955837042, 1.08892193249, 209.360440361
0.0783723797569, 0.664754051899, 0.148508140153, 0.189304771536, 0.0, 0.0765350287776, 0.116528703835, 0.910835569709, 0.901111084446, 0.185838546083, 0.795851162927, 5.62865305067, 3.33370006458, 116.937938495
0.89786298065, 0.0677440910575, 0.0448531955457, 0.103723825126, 0.72154824812, 1.0, 0.0, 0.621709267052, 0.997832449278, 0.0341062225701, 0.294711409527, 7.00215685248, 100.884729205, 12.3101516155
0.0, 0.921375982124, 0.00437713410804, 0.541191416703, 0.777112091784, 0.169504127218, 0.74924499623, 0.2016400903, 0.0, 0.0, 0.0, 0.0, 0.0, 240.375837531
0.0, 0.726156937197, 0.782831537857, 0.575512885025, 0.852659876997, 0.9465503127, 1.0, 0.598955788182, 0.231936679438, 0.0, 0.0, 0.0, 0.0, 302.621126199
0.253956643597, 0.218062777842, 0.639044485503, 0.0, 0.201948864833, 0.992160499449, 0.899591376417, 0.0, 0.843155161545, 0.0, 5.13873647071, 2.90254482862, 28.8347109215, 108.329865356
0.303490361599, 0.32002003683, 0.786236530916, 0.102489597988, 0.589179345179, 0.0, 0.334965149617, 0.62700950584, 0.781133936303, 1.54518533725, 13.5313235727, 4.09902964254, 40.7442675398, 137.51580859
0.100833849934, 0.501362701952, 0.495959515355, 0.989730956858, 0.502185623742, 0.108395304488, 0.795627186598, 0.0925166483819, 0.805648230911, 1.07190477694, 0.0111216450517, 1.10067282857, 2.17182867774, 38.8395690671
0.826130483613, 0.0370033594953, 1.0, 1.0, 0.0, 0.614152196211, 0.585863761943, 0.318816816518, 0.0, 2.94018054499, 0.0, 0.0, 76.5169440269, 16.7227479156
0.0, 0.204449712408, 0.498328434774, 0.871176073179, 1.0, 1.0, 0.33463989973, 0.429023874926, 0.0, 0.0, 0.0, 0.0, 0.0, 180.592794815
0.891643372195, 0.0, 0.144018424618, 0.793280007398, 0.375285026948, 0.495456960545, 1.0, 1.0, 1.0, 0.0, 0.0, 0.0, 80.1645765579, 9.74197022721
0.0, 0.248955844895, 0.0, 0.367636936394, 0.711832611724, 0.0, 0.0, 1.0, 1.0, 0.0, 0.0, 0.0, 0.0, 65.9372639716
0.0, 0.943809195468, 0.329753490891, 0.666554693639, 1.0, 0.062092896134, 0.711753170777, 0.0, 0.347827995556, 0.0, 0.0, 0.0, 0.0, 237.296213423
0.0, 0.701767874225, 0.314118956081, 0.679203184061, 0.596249206345, 0.429260837263, 0.328775582901, 0.798924937875, 0.524948033382, 0.0, 0.0, 0.0, 0.0, 183.487959505
0.0, 0.977636689147, 0.498050652315, 0.655148913082, 0.0, 0.165943025215, 0.0, 0.609903558135, 0.914811227302, 0.0, 0.0, 0.0, 0.0, 146.734192848
0.277381872856, 0.381899648106, 0.125954522051, 1.0, 0.688633012229, 1.0, 0.799617949574, 0.521081962149, 0.301715516517, 0.955262175915, 0.0, 6.62892107023, 12.2749166084, 51.7357006638
0.0727195275265, 0.125957687937, 0.662028310182, 0.558125609974, 0.509935393166, 0.0, 1.0, 0.653999168783, 0.372753835467, 0.651140133546, 0.515515045699, 0.595588460946, 12.2285152333, 178.402664865
0.345843836005, 0.194068510084, 0.881463927888, 0.391536411907, 0.892079000132, 0.404732743019, 0.918548720837, 0.866043096399, 0.0, 3.51671642542, 5.46512107033, 1.20784493093, 42.3159117178, 99.3131999997
0.00449138792226, 0.0975239755254, 0.246611867848, 0.389887337129, 0.0, 0.37344673863, 0.780693942411, 0.0, 0.998408914992, 0.00548657448339, 0.00858563038428, 0.0429899511042, 0.528046845834, 129.688430477
0.867477457384, 0.513270125247, 0.592794449403, 0.795406433425, 0.314367944699, 0.474082743205, 0.0, 1.0, 0.17375816878, 33.2512138235, 8.55284058967, 28.7162658349, 66.873844694, 20.9893916248
0.0, 0.710417457694, 0.514696341688, 0.766135937928, 0.919438738195, 0.796246030273, 0.2442831192, 1.0, 0.695816022928, 0.0, 0.0, 0.0, 0.0, 164.164536027
0.228083891073, 0.902447298803, 0.163118532375, 0.0970844484626, 0.284492260359, 0.378484971896, 0.488577971474, 0.00842144966259, 0.0, 0.353263467358, 3.28546006615, 18.6685120731, 2.41136639509, 83.6564431866
0.13040213729, 1.0, 0.0, 0.853122539701, 0.696325693278, 0.604261534217, 0.716308262593, 0.195582084131, 0.827404264452, 0.0, 0.0, 13.2855597174, 0.0, 88.5958970858
0.463040907243, 0.0512277755024, 0.992509115584, 0.493230693439, 0.33740160905, 0.915881232491, 0.970942076299, 0.0661226807719, 0.0, 3.37420874196, 3.46682687656, 0.0516321777808, 127.656758344, 156.028412741
0.0, 1.0, 0.61653354977, 0.0, 0.0, 0.0, 0.476911809942, 0.208177182495, 1.0, 0.0, 0.0, 0.0, 0.0, 92.7485234162
0.578058723371, 0.179611395598, 1.0, 0.652765493354, 1.0, 0.874444998668, 0.0, 0.993633040274, 0.40838477068, 7.29144203405, 3.87863682012, 0.0, 51.020178156, 45.394413017
0.248707208758, 0.060214533835, 0.35180834155, 0.693612521084, 0.00979160941111, 0.0, 0.999456547283, 0.200403348987, 0.710579152178, 0.234067308383, 0.103393883951, 0.621757656336, 14.9708031506, 48.1212858772
0.0, 0.359563433479, 0.0812436889004, 0.806733476935, 0.0, 0.00679382588601, 0.0, 0.657996454602, 0.305673761482, 0.0, 0.0, 0.0, 0.0, 142.249935567
0.0552280030805, 0.684517202124, 0.417511257341, 0.530416871989, 0.433742073543, 0.830226200005, 0.070802040497, 0.613711129169, 1.0, 2.1032855263, 1.86205878565, 5.53223028569, 4.37727700313, 237.353706864
0.855350923822, 0.625124568135, 0.225413130845, 0.106684198085, 0.0, 0.287201239009, 0.305843486492, 0.0, 0.634150093974, 1.62510875599, 13.6077821984, 52.3447647807, 40.5250475977, 18.281334285
0.00793030867184, 0.858401771672, 0.836196623598, 0.504799783029, 0.285731067922, 0.772862827121, 0.0, 0.655051818926, 0.0, 0.591077425306, 0.579837153459, 0.229371604797, 0.23098512758, 204.069588346
0.0888294703418, 0.641895009908, 0.517997029594, 0.552294457277, 0.919059250099, 0.486493559937, 1.0, 0.0, 0.64776624732, 2.99506742962, 2.42788655834, 5.04612918847, 5.84056717888, 167.296649362
0.196900738272, 0.805732070087, 0.862364777084, 0.826767428502, 0.710596850188, 0.601721122421, 0.316644338605, 0.0914524218723, 1.0, 7.77215321566, 1.62849918999, 1.50036379476, 2.6283152053, 55.1820991579
0.0, 0.39023339234, 1.0, 0.0, 0.0, 1.0, 0.0, 0.462869777424, 0.997339579334, 0.0, 0.0, 0.0, 0.0, 135.657626984
0.534886827133, 1.0, 0.255835780033, 0.973292029006, 0.0, 0.0786846491856, 0.804806799394, 0.59855790348, 0.403605082358, 9.28907860911, 0.254900312197, 27.761119373, 0.0, 32.4388108879
0.0, 0.101195026355, 0.442635153901, 0.0179235266296, 0.0992175964813, 0.514380696817, 0.0, 0.589582563632, 1.0, 0.0, 0.0, 0.0, 0.0, 63.3964883586
0.942302676396, 0.00556793975873, 0.21940079792, 0.379237497479, 0.51904136234, 0.0, 1.0, 0.0, 0.798384296919, 0.0324976289114, 0.0531943955519, 0.304880960118, 69.7561961089, 4.29509640326
0.36671580354, 0.551519096131, 0.0, 0.594808635434, 0.0, 0.0, 1.0, 0.777397333497, 0.0, 0.0, 0.0, 19.5868678118, 15.9275286056, 61.3300702639
1.0, 1.0, 0.59589298959, 1.0, 0.0, 0.0, 0.782237216536, 0.409122673439, 1.0, 46.733681483, 0.0, 31.6926170293, 0.0, 0.0
0.0, 0.125242872016, 0.816637252913, 0.0, 0.0, 0.187541646055, 0.904726159253, 0.503963014115, 0.677411733294, 0.0, 0.0, 0.0, 0.0, 88.3812094555
0.0, 0.0, 0.659715277565, 0.306641816462, 0.20239335851, 0.465555606161, 0.619581290655, 0.7891860796, 0.289788920781, 0.0, 0.0, 0.0, 0.0, 144.967880571
