0.84854700237, 0.145307505181, 0.564038258795, 0.381745420708, 0.384306728697, 0.349139914752, 0.0496315703429, 0.198224788813, 0.129659567367, 0.883303818823, 0.112836368814, 0.213057415446, 0.601574702333, 0.0111840594927, 0.913108964459, 0.0737676932674, 0.169116250963, 0.564629748975, 0.328924530487, 0.0379434121137, 0.901333055326, 0.264757976771, 0.676031506452, 0.300690898661, 0.198816376228, 0.691101936061, 0.772396135959, 0.00246095822737, 0.529784762307, 0.673891097216, 0.84854700237, 1.66061436393
0.62545353449, 0.117370627453, 0.247387003688, 0.0966185307152, 0.439673593904, 0.0577091647434, 0.0221564298383, 0.0619575369078, 0.773694136894, 0.423424866717, 0.48736775012, 0.402701773695, 0.0170357193604, 0.264828113427, 0.621634433505, 0.122035766169, 0.784963927979, 0.00289037016156, 0.14557321903, 0.699956218659, 0.784556174704, 0.42276723197, 0.956302066221, 0.87958102383, 0.928001506078, 0.324717889052, 0.423352907763, 0.461642065213, 0.545123626433, 0.28428723383, 0.62545353449, 2.50577264205
0.00145006722528, 0.107150961098, 0.245210359398, 0.460065420934, 0.153399107192, 0.185095408288, 0.490846390112, 0.505623947191, 0.18569366663, 0.641491972608, 0.699202183973, 0.104992650154, 0.128621981651, 0.356966271391, 0.824481595142, 0.162516165803, 0.42945710818, 0.341182880177, 0.16823953581, 0.929776909418, 0.14274151743, 0.0844986349745, 0.405481927088, 0.417303266053, 0.109296827736, 0.1415697588, 0.154439286422, 0.155006598918, 0.861111052279, 0.0214062743041, 0.00145006722528, 3.90723795273
0.845692125555, 0.132130425822, 0.671726600958, 0.952445741442, 0.146302494101, 0.541622852315, 0.366539121262, 0.43376239798, 0.568409723504, 0.0882286115981, 0.901471106361, 0.648534483625, 0.42655306992, 0.436755867283, 0.106971753304, 0.819132835501, 0.0628369503563, 0.842931451107, 0.533707355422, 0.78450233408, 0.453875110133, 0.211334188963, 0.370597816742, 0.154493937627, 0.198450390718, 0.51392719559, 0.169992787438, 0.0129406023058, 0.466436242159, 0.287427162905, 0.845692125555, 1.9618822811
0.826087312712, 0.037296017866, 0.367130844243, 0.959530913311, 0.321113921024, 0.134203872802, 0.6044447566, 0.116901435035, 0.371361058551, 0.493529598038, 0.175397471981, 0.406205029504, 0.605057770847, 0.11175911649, 0.758535594313, 0.0687289063879, 0.550857175698, 0.16930342562, 0.410327782088, 0.0920907100395, 0.353312110822, 0.765167078036, 0.0925587270307, 0.392095791432, 0.549046538892, 0.705958903977, 0.840966656853, 0.520826129598, 0.255518330831, 0.287172735604, 0.826087312712, 2.02646000782
0.232414418811, 0.037296017866, 0.0563168501871, 0.622058709037, 0.672991222839, 0.1039758666, 0.280235190028, 0.810186570367, 0.993462797005, 0.0110359389476, 0.73442285917, 0.699391829109, 0.311735832354, 0.420121057082, 0.0508510877178, 0.0593422409089, 0.0379308571538, 0.583288381761, 0.0614185824499, 0.945777222551, 0.149458819216, 0.273631765744, 0.540088255589, 0.940541542536, 0.163779384812, 0.141311398398, 0.666210666566, 0.143005566741, 0.0100256385209, 0.695073988426, 0.232414418811, 3.26221015455
0.0474028787163, 0.230379384371, 0.245210359398, 0.952445741442, 0.00969435501103, 0.104101581336, 0.490846390112, 0.101657258308, 0.18569366663, 0.533152188905, 0.60886001414, 0.104992650154, 0.16616081182, 0.0844815407589, 0.106971753304, 0.0955958478624, 0.269367157981, 0.298482180623, 0.755166429066, 0.501353063286, 0.14274151743, 0.0844986349745, 0.0754278650515, 0.0762413947169, 0.228028559139, 0.331456487983, 0.93914131817, 0.194027520175, 0.861111052279, 0.0214062743041, 0.0474028787163, 3.26285716578
0.0333064251303, 0.230379384371, 0.245210359398, 0.371074996786, 0.0382047776807, 0.722463901308, 0.456870919114, 0.101657258308, 0.18569366663, 0.727722570892, 0.60886001414, 0.0791510769833, 0.16616081182, 0.0844815407589, 0.824481595142, 0.0955958478624, 0.42945710818, 0.298482180623, 0.755166429066, 0.501353063286, 0.14274151743, 0.0844986349745, 0.717146750482, 0.0762413947169, 0.228028559139, 0.331456487983, 0.931967509173, 0.194027520175, 0.861111052279, 0.0214062743041, 0.0333064251303, 3.85646532544
0.825066324986, 0.212561100357, 0.671726600958, 0.952445741442, 0.160312901108, 0.39168888573, 0.456870919114, 0.468315139971, 0.321950691111, 0.0882286115981, 0.881476563951, 0.648534483625, 0.42655306992, 0.374041465278, 0.489884137481, 0.371407388614, 0.26701318004, 0.842931451107, 0.609375244227, 0.78450233408, 0.161215576428, 0.238855675983, 0.370597816742, 0.154493937627, 0.0885408546288, 0.51392719559, 0.783129842315, 0.0276955262883, 0.466436242159, 0.452685705692, 0.825066324986, 2.33202449924
0.659013362043, 0.941699617159, 0.186864311442, 0.411885735263, 0.422575362713, 0.84450890289, 0.976052424473, 0.368772144543, 0.128919875665, 0.46434241446, 0.0697454605889, 0.346281871589, 0.570344110447, 0.12571456268, 0.029290262878, 0.48816603708, 0.0961649809734, 0.623741848152, 0.777280997905, 0.604794437633, 0.0604780245389, 0.415206352557, 0.391434049593, 0.524848967503, 0.239994298111, 0.41136488351, 0.0104583697104, 0.670352254225, 0.366012845586, 0.587861867509, 0.659013362043, 2.36610542226
0.430972401595, 0.839204415226, 0.223037739283, 0.0484742942432, 0.150951588374, 0.1039758666, 0.2264537943, 0.405803943686, 0.385131658238, 0.309931294176, 0.83712237043, 0.73712488104, 0.438075164998, 0.356966271391, 0.308418714816, 0.76467921599, 0.482993203486, 0.0333458906805, 0.316345032554, 0.348716789917, 0.0832909544107, 0.0746463467723, 0.621456881806, 0.119955128896, 0.734863206039, 0.0695434813627, 0.176930305998, 0.127201784613, 0.556412829832, 0.74746919688, 0.430972401595, 2.58118850678
0.00014841211841, 0.00822207679229, 0.576197740337, 0.201202773673, 0.321113921024, 0.0859414212342, 0.954419690526, 0.292117667695, 0.0513239153788, 0.157174907675, 0.0200730515102, 0.568799511439, 0.177596886789, 0.674351102749, 0.16913650637, 0.138336101234, 0.999932648944, 0.243695881878, 0.85662607457, 0.0694114410022, 0.606753114605, 0.223218319703, 0.14139217245, 0.392095791432, 0.135348790399, 0.294052727349, 0.750985281707, 0.929869026028, 0.320727468211, 0.33711166089, 0.00014841211841, 4.29450833695
0.643858003342, 0.73106736051, 0.0244928074228, 0.361231342594, 0.30985648149, 0.0811778050132, 0.417437775919, 0.39982104085, 0.571077662561, 0.629545612837, 0.790446189748, 0.500557513804, 0.742591135042, 0.521951837579, 0.673228570547, 0.391305267276, 0.045627625282, 0.156206456724, 0.811195562894, 0.136412545474, 0.49275787387, 0.140842833202, 0.193002700849, 0.55264547363, 0.527684083503, 0.662387651639, 0.267786917616, 0.257054921342, 0.644565996938, 0.416987209199, 0.643858003342, 2.46249382775
0.84854700237, 0.145307505181, 0.564038258795, 0.381745420708, 0.384306728697, 0.349139914752, 0.0496315703429, 0.198224788813, 0.129659567367, 0.883303818823, 0.112836368814, 0.213057415446, 0.601574702333, 0.0111840594927, 0.913108964459, 0.0737676932674, 0.169116250963, 0.564629748975, 0.328924530487, 0.0379434121137, 0.901333055326, 0.264757976771, 0.676031506452, 0.300690898661, 0.198816376228, 0.691101936061, 0.772396135959, 0.00246095822737, 0.529784762307, 0.673891097216, 0.84854700237, 1.66061436393
0.62545353449, 0.117370627453, 0.247387003688, 0.0966185307152, 0.439673593904, 0.0577091647434, 0.0221564298383, 0.0619575369078, 0.773694136894, 0.423424866717, 0.48736775012, 0.402701773695, 0.0170357193604, 0.264828113427, 0.621634433505, 0.122035766169, 0.784963927979, 0.00289037016156, 0.14557321903, 0.699956218659, 0.784556174704, 0.42276723197, 0.956302066221, 0.87958102383, 0.928001506078, 0.324717889052, 0.423352907763, 0.461642065213, 0.545123626433, 0.28428723383, 0.62545353449, 2.50577264205
0.00145006722528, 0.107150961098, 0.245210359398, 0.460065420934, 0.153399107192, 0.185095408288, 0.490846390112, 0.505623947191, 0.18569366663, 0.641491972608, 0.699202183973, 0.104992650154, 0.128621981651, 0.356966271391, 0.824481595142, 0.162516165803, 0.42945710818, 0.341182880177, 0.16823953581, 0.929776909418, 0.14274151743, 0.0844986349745, 0.405481927088, 0.417303266053, 0.109296827736, 0.1415697588, 0.154439286422, 0.155006598918, 0.861111052279, 0.0214062743041, 0.00145006722528, 3.90723795273
0.845692125555, 0.132130425822, 0.671726600958, 0.952445741442, 0.146302494101, 0.541622852315, 0.366539121262, 0.43376239798, 0.568409723504, 0.0882286115981, 0.901471106361, 0.648534483625, 0.42655306992, 0.436755867283, 0.106971753304, 0.819132835501, 0.0628369503563, 0.842931451107, 0.533707355422, 0.78450233408, 0.453875110133, 0.211334188963, 0.370597816742, 0.154493937627, 0.198450390718, 0.51392719559, 0.169992787438, 0.0129406023058, 0.466436242159, 0.287427162905, 0.845692125555, 1.9618822811
0.826087312712, 0.037296017866, 0.367130844243, 0.959530913311, 0.321113921024, 0.134203872802, 0.6044447566, 0.116901435035, 0.371361058551, 0.493529598038, 0.175397471981, 0.406205029504, 0.605057770847, 0.11175911649, 0.758535594313, 0.0687289063879, 0.550857175698, 0.16930342562, 0.410327782088, 0.0920907100395, 0.353312110822, 0.765167078036, 0.0925587270307, 0.392095791432, 0.549046538892, 0.705958903977, 0.840966656853, 0.520826129598, 0.255518330831, 0.287172735604, 0.826087312712, 2.02646000782
0.232414418811, 0.037296017866, 0.0563168501871, 0.622058709037, 0.672991222839, 0.1039758666, 0.280235190028, 0.810186570367, 0.993462797005, 0.0110359389476, 0.73442285917, 0.699391829109, 0.311735832354, 0.420121057082, 0.0508510877178, 0.0593422409089, 0.0379308571538, 0.583288381761, 0.0614185824499, 0.945777222551, 0.149458819216, 0.273631765744, 0.540088255589, 0.940541542536, 0.163779384812, 0.141311398398, 0.666210666566, 0.143005566741, 0.0100256385209, 0.695073988426, 0.232414418811, 3.26221015455
0.0474028787163, 0.230379384371, 0.245210359398, 0.952445741442, 0.00969435501103, 0.104101581336, 0.490846390112, 0.101657258308, 0.18569366663, 0.533152188905, 0.60886001414, 0.104992650154, 0.16616081182, 0.0844815407589, 0.106971753304, 0.0955958478624, 0.269367157981, 0.298482180623, 0.755166429066, 0.501353063286, 0.14274151743, 0.0844986349745, 0.0754278650515, 0.0762413947169, 0.228028559139, 0.331456487983, 0.93914131817, 0.194027520175, 0.861111052279, 0.0214062743041, 0.0474028787163, 3.26285716578
0.0333064251303, 0.230379384371, 0.245210359398, 0.371074996786, 0.0382047776807, 0.722463901308, 0.456870919114, 0.101657258308, 0.18569366663, 0.727722570892, 0.60886001414, 0.0791510769833, 0.16616081182, 0.0844815407589, 0.824481595142, 0.0955958478624, 0.42945710818, 0.298482180623, 0.755166429066, 0.501353063286, 0.14274151743, 0.0844986349745, 0.717146750482, 0.0762413947169, 0.228028559139, 0.331456487983, 0.931967509173, 0.194027520175, 0.861111052279, 0.0214062743041, 0.0333064251303, 3.85646532544
0.825066324986, 0.212561100357, 0.671726600958, 0.952445741442, 0.160312901108, 0.39168888573, 0.456870919114, 0.468315139971, 0.321950691111, 0.0882286115981, 0.881476563951, 0.648534483625, 0.42655306992, 0.374041465278, 0.489884137481, 0.371407388614, 0.26701318004, 0.842931451107, 0.609375244227, 0.78450233408, 0.161215576428, 0.238855675983, 0.370597816742, 0.154493937627, 0.0885408546288, 0.51392719559, 0.783129842315, 0.0276955262883, 0.466436242159, 0.452685705692, 0.825066324986, 2.33202449924
0.659013362043, 0.941699617159, 0.186864311442, 0.411885735263, 0.422575362713, 0.84450890289, 0.976052424473, 0.368772144543, 0.128919875665, 0.46434241446, 0.0697454605889, 0.346281871589, 0.570344110447, 0.12571456268, 0.029290262878, 0.48816603708, 0.0961649809734, 0.623741848152, 0.777280997905, 0.604794437633, 0.0604780245389, 0.415206352557, 0.391434049593, 0.524848967503, 0.239994298111, 0.41136488351, 0.0104583697104, 0.670352254225, 0.366012845586, 0.587861867509, 0.659013362043, 2.36610542226
0.430972401595, 0.839204415226, 0.223037739283, 0.0484742942432, 0.150951588374, 0.1039758666, 0.2264537943, 0.405803943686, 0.385131658238, 0.309931294176, 0.83712237043, 0.73712488104, 0.438075164998, 0.356966271391, 0.308418714816, 0.76467921599, 0.482993203486, 0.0333458906805, 0.316345032554, 0.348716789917, 0.0832909544107, 0.0746463467723, 0.621456881806, 0.119955128896, 0.734863206039, 0.0695434813627, 0.176930305998, 0.127201784613, 0.556412829832, 0.74746919688, 0.430972401595, 2.58118850678
0.00014841211841, 0.00822207679229, 0.576197740337, 0.201202773673, 0.321113921024, 0.0859414212342, 0.954419690526, 0.292117667695, 0.0513239153788, 0.157174907675, 0.0200730515102, 0.568799511439, 0.177596886789, 0.674351102749, 0.16913650637, 0.138336101234, 0.999932648944, 0.243695881878, 0.85662607457, 0.0694114410022, 0.606753114605, 0.223218319703, 0.14139217245, 0.392095791432, 0.135348790399, 0.294052727349, 0.750985281707, 0.929869026028, 0.320727468211, 0.33711166089, 0.00014841211841, 4.29450833695
0.643858003342, 0.73106736051, 0.0244928074228, 0.361231342594, 0.30985648149, 0.0811778050132, 0.417437775919, 0.39982104085, 0.571077662561, 0.629545612837, 0.790446189748, 0.500557513804, 0.742591135042, 0.521951837579, 0.673228570547, 0.391305267276, 0.045627625282, 0.156206456724, 0.811195562894, 0.136412545474, 0.49275787387, 0.140842833202, 0.193002700849, 0.55264547363, 0.527684083503, 0.662387651639, 0.267786917616, 0.257054921342, 0.644565996938, 0.416987209199, 0.643858003342, 2.46249382775
0.84854700237, 0.289314694377, 0.564038258795, 0.381745420708, 0.384306728697, 0.440305846507, 0.0496315703429, 0.236682728961, 0.129659567367, 0.958869598648, 0.112836368814, 0.213057415446, 0.926273913083, 0.178754505451, 0.0589582168506, 0.0955958478624, 0.169116250963, 0.564629748975, 0.328924530487, 0.0379434121137, 0.778571722811, 0.264757976771, 0.676031506452, 0.300690898661, 0.770133209004, 0.691101936061, 0.772396135959, 0.00246095822737, 0.529784762307, 0.673891097216, 0.84854700237, 1.77189541874
0.84854700237, 0.289314694377, 0.564038258795, 0.381745420708, 0.384306728697, 0.440305846507, 0.0496315703429, 0.236682728961, 0.129659567367, 0.958869598648, 0.112836368814, 0.213057415446, 0.926273913083, 0.178754505451, 0.0589582168506, 0.0955958478624, 0.169116250963, 0.564629748975, 0.328924530487, 0.0379434121137, 0.778571722811, 0.264757976771, 0.676031506452, 0.300690898661, 0.770133209004, 0.691101936061, 0.772396135959, 0.00246095822737, 0.529784762307, 0.673891097216, 0.84854700237, 1.77189541874
0.659013362043, 0.941699617159, 0.186864311442, 0.146646072595, 0.422575362713, 0.84450890289, 0.976052424473, 0.461733146894, 0.0643577634385, 0.89574916363, 0.268783989488, 0.332149620378, 0.570344110447, 0.00364535953164, 0.029290262878, 0.48816603708, 0.0961649809734, 0.653260462832, 0.208619221201, 0.604794437633, 0.0604780245389, 0.415206352557, 0.69317495592, 0.849563633095, 0.774533336509, 0.135197638978, 0.0420431467643, 0.274635164762, 0.325330228118, 0.587861867509, 0.659013362043, 2.41624182808
0.633354251176, 0.289314694377, 0.564038258795, 0.381745420708, 0.384306728697, 0.398067439096, 0.0496315703429, 0.198224788813, 0.129659567367, 0.883303818823, 0.262715972477, 0.213057415446, 0.926273913083, 0.178754505451, 0.920666560309, 0.0737676932674, 0.169116250963, 0.564629748975, 0.136036001744, 0.787120082635, 0.778571722811, 0.264757976771, 0.676031506452, 0.300690898661, 0.0538036928367, 0.90324584186, 0.772396135959, 0.00246095822737, 0.529784762307, 0.673891097216, 0.633354251176, 2.56403413672
0.669628595307, 0.268331944176, 0.699514016023, 0.153026020705, 0.102745424324, 0.61002497182, 0.799768146201, 0.976643433515, 0.321950691111, 0.160742936724, 0.0805113754605, 0.804945073854, 0.313521225324, 0.00928974742262, 0.958001126915, 0.768853016348, 0.0681882036319, 0.514179012596, 0.0342041263684, 0.0979052012601, 0.131278861532, 0.68648660306, 0.889194284659, 0.248379191422, 0.0885408546288, 0.243091751558, 0.878773103623, 0.0669957758675, 0.0307121247295, 0.91472705513, 0.669628595307, 2.37922604076
0.659013362043, 0.941699617159, 0.186864311442, 0.146646072595, 0.422575362713, 0.84450890289, 0.976052424473, 0.461733146894, 0.0643577634385, 0.89574916363, 0.268783989488, 0.332149620378, 0.570344110447, 0.00364535953164, 0.029290262878, 0.48816603708, 0.0961649809734, 0.653260462832, 0.208619221201, 0.604794437633, 0.0604780245389, 0.415206352557, 0.69317495592, 0.849563633095, 0.774533336509, 0.135197638978, 0.0420431467643, 0.274635164762, 0.325330228118, 0.587861867509, 0.659013362043, 2.41624182808
0.633354251176, 0.289314694377, 0.564038258795, 0.381745420708, 0.384306728697, 0.398067439096, 0.0496315703429, 0.198224788813, 0.129659567367, 0.883303818823, 0.262715972477, 0.213057415446, 0.926273913083, 0.178754505451, 0.920666560309, 0.0737676932674, 0.169116250963, 0.564629748975, 0.136036001744, 0.787120082635, 0.778571722811, 0.264757976771, 0.676031506452, 0.300690898661, 0.0538036928367, 0.90324584186, 0.772396135959, 0.00246095822737, 0.529784762307, 0.673891097216, 0.633354251176, 2.56403413672
0.669628595307, 0.268331944176, 0.699514016023, 0.153026020705, 0.102745424324, 0.61002497182, 0.799768146201, 0.976643433515, 0.321950691111, 0.160742936724, 0.0805113754605, 0.804945073854, 0.313521225324, 0.00928974742262, 0.958001126915, 0.768853016348, 0.0681882036319, 0.514179012596, 0.0342041263684, 0.0979052012601, 0.131278861532, 0.68648660306, 0.889194284659, 0.248379191422, 0.0885408546288, 0.243091751558, 0.878773103623, 0.0669957758675, 0.0307121247295, 0.91472705513, 0.669628595307, 2.37922604076
0.0474028787163, 0.13092424618, 0.245210359398, 0.434497528944, 0.0382047776807, 0.185095408288, 0.248195647421, 0.238055356827, 0.18569366663, 0.727722570892, 0.384916962737, 0.0941225358837, 0.0637309235349, 0.237613080676, 0.130860164535, 0.0556433698981, 0.42945710818, 0.341182880177, 0.621961489046, 0.967817618277, 0.0644522413863, 0.0844986349745, 0.0754278650515, 0.0762413947169, 0.608220029544, 0.331456487983, 0.93914131817, 0.155006598918, 0.861111052279, 0.0214062743041, 0.0474028787163, 3.31534064259
0.0474028787163, 0.13092424618, 0.245210359398, 0.434497528944, 0.0382047776807, 0.185095408288, 0.248195647421, 0.238055356827, 0.18569366663, 0.727722570892, 0.384916962737, 0.0941225358837, 0.0637309235349, 0.237613080676, 0.130860164535, 0.0556433698981, 0.42945710818, 0.341182880177, 0.621961489046, 0.967817618277, 0.0644522413863, 0.0844986349745, 0.0754278650515, 0.0762413947169, 0.608220029544, 0.331456487983, 0.93914131817, 0.155006598918, 0.861111052279, 0.0214062743041, 0.0474028787163, 3.31534064259
0.430972401595, 0.783833811388, 0.970690520582, 0.0484742942432, 0.62797909802, 0.696066845823, 0.2264537943, 0.468315139971, 0.385131658238, 0.251060838959, 0.211568572832, 0.741467333677, 0.0928272811857, 0.212788944952, 0.308418714816, 0.76467921599, 0.482993203486, 0.781821456976, 0.0152381147904, 0.058582769104, 0.146988364916, 0.0244253737145, 0.43960064193, 0.119955128896, 0.734863206039, 0.315773298311, 0.176930305998, 0.127201784613, 0.172066263886, 0.74746919688, 0.430972401595, 2.71335966641
0.00145006722528, 0.107150961098, 0.245210359398, 0.434497528944, 0.153399107192, 0.185095408288, 0.490846390112, 0.178054836582, 0.18569366663, 0.641491972608, 0.699202183973, 0.104992650154, 0.128621981651, 0.356966271391, 0.824481595142, 0.162516165803, 0.42945710818, 0.341182880177, 0.16823953581, 0.929776909418, 0.14274151743, 0.0844986349745, 0.405481927088, 0.7874022603, 0.109296827736, 0.1415697588, 0.210364873746, 0.361971776868, 0.861111052279, 0.636180895088, 0.00145006722528, 4.1822768675
0.00959585553058, 0.107150961098, 0.245210359398, 0.434497528944, 0.0382047776807, 0.185095408288, 0.490846390112, 0.239909457218, 0.18569366663, 0.727722570892, 0.60886001414, 0.0941225358837, 0.163622910326, 0.356966271391, 0.130860164535, 0.0955958478624, 0.42945710818, 0.152930601932, 0.935958032177, 0.967817618277, 0.700082374526, 0.0844986349745, 0.0754278650515, 0.0762413947169, 0.608220029544, 0.331456487983, 0.93914131817, 0.155006598918, 0.924590042029, 0.0214062743041, 0.00959585553058, 4.05561793216
0.430972401595, 0.783833811388, 0.970690520582, 0.0484742942432, 0.62797909802, 0.696066845823, 0.2264537943, 0.468315139971, 0.385131658238, 0.251060838959, 0.211568572832, 0.741467333677, 0.0928272811857, 0.212788944952, 0.308418714816, 0.76467921599, 0.482993203486, 0.781821456976, 0.0152381147904, 0.058582769104, 0.146988364916, 0.0244253737145, 0.43960064193, 0.119955128896, 0.734863206039, 0.315773298311, 0.176930305998, 0.127201784613, 0.172066263886, 0.74746919688, 0.430972401595, 2.71335966641
0.00145006722528, 0.107150961098, 0.245210359398, 0.434497528944, 0.153399107192, 0.185095408288, 0.490846390112, 0.178054836582, 0.18569366663, 0.641491972608, 0.699202183973, 0.104992650154, 0.128621981651, 0.356966271391, 0.824481595142, 0.162516165803, 0.42945710818, 0.341182880177, 0.16823953581, 0.929776909418, 0.14274151743, 0.0844986349745, 0.405481927088, 0.7874022603, 0.109296827736, 0.1415697588, 0.210364873746, 0.361971776868, 0.861111052279, 0.636180895088, 0.00145006722528, 4.1822768675
0.00959585553058, 0.107150961098, 0.245210359398, 0.434497528944, 0.0382047776807, 0.185095408288, 0.490846390112, 0.239909457218, 0.18569366663, 0.727722570892, 0.60886001414, 0.0941225358837, 0.163622910326, 0.356966271391, 0.130860164535, 0.0955958478624, 0.42945710818, 0.152930601932, 0.935958032177, 0.967817618277, 0.700082374526, 0.0844986349745, 0.0754278650515, 0.0762413947169, 0.608220029544, 0.331456487983, 0.93914131817, 0.155006598918, 0.924590042029, 0.0214062743041, 0.00959585553058, 4.05561793216
0.826087312712, 0.55475066722, 0.367130844243, 0.935270728872, 0.321113921024, 0.134203872802, 0.6044447566, 0.116901435035, 0.371361058551, 0.493529598038, 0.175397471981, 0.101200056422, 0.605057770847, 0.11175911649, 0.758535594313, 0.0687289063879, 0.550857175698, 0.16930342562, 0.410327782088, 0.0920907100395, 0.353312110822, 0.765167078036, 0.339972855068, 0.392095791432, 0.549046538892, 0.705958903977, 0.678378455239, 0.520826129598, 0.255518330831, 0.287172735604, 0.826087312712, 2.09326774992
0.826087312712, 0.55475066722, 0.367130844243, 0.935270728872, 0.321113921024, 0.134203872802, 0.6044447566, 0.116901435035, 0.371361058551, 0.493529598038, 0.175397471981, 0.101200056422, 0.605057770847, 0.11175911649, 0.758535594313, 0.0687289063879, 0.550857175698, 0.16930342562, 0.410327782088, 0.0920907100395, 0.353312110822, 0.765167078036, 0.339972855068, 0.392095791432, 0.549046538892, 0.705958903977, 0.678378455239, 0.520826129598, 0.255518330831, 0.287172735604, 0.826087312712, 2.09326774992
0.232414418811, 0.037296017866, 0.0986847621404, 0.622058709037, 0.144792499831, 0.696066845823, 0.280235190028, 0.810186570367, 0.991125792138, 0.0110359389476, 0.73442285917, 0.741467333677, 0.311735832354, 0.609535316375, 0.0508510877178, 0.0593422409089, 0.328093273054, 0.583288381761, 0.332953103574, 0.0475068357709, 0.149458819216, 0.285121583894, 0.540088255589, 0.940541542536, 0.163779384812, 0.141311398398, 0.666210666566, 0.143005566741, 0.0100256385209, 0.695073988426, 0.232414418811, 3.26505081257
0.232414418811, 0.037296017866, 0.0986847621404, 0.622058709037, 0.144792499831, 0.696066845823, 0.280235190028, 0.810186570367, 0.991125792138, 0.0110359389476, 0.73442285917, 0.741467333677, 0.311735832354, 0.609535316375, 0.0508510877178, 0.0593422409089, 0.328093273054, 0.583288381761, 0.332953103574, 0.0475068357709, 0.149458819216, 0.285121583894, 0.540088255589, 0.940541542536, 0.163779384812, 0.141311398398, 0.666210666566, 0.143005566741, 0.0100256385209, 0.695073988426, 0.232414418811, 3.26505081257
0.659013362043, 0.941699617159, 0.186864311442, 0.225252758306, 0.422575362713, 0.989191406131, 0.976052424473, 0.461733146894, 0.322092269112, 0.89574916363, 0.0697454605889, 0.332149620378, 0.313521225324, 0.12571456268, 0.029290262878, 0.48816603708, 0.045627625282, 0.623741848152, 0.228933376757, 0.604794437633, 0.0604780245389, 0.294920292861, 0.69317495592, 0.524848967503, 0.774533336509, 0.135197638978, 0.0420431467643, 0.670352254225, 0.325330228118, 0.587861867509, 0.659013362043, 2.42591120127
0.659013362043, 0.941699617159, 0.186864311442, 0.225252758306, 0.422575362713, 0.989191406131, 0.976052424473, 0.461733146894, 0.322092269112, 0.89574916363, 0.0697454605889, 0.332149620378, 0.313521225324, 0.12571456268, 0.029290262878, 0.48816603708, 0.045627625282, 0.623741848152, 0.228933376757, 0.604794437633, 0.0604780245389, 0.294920292861, 0.69317495592, 0.524848967503, 0.774533336509, 0.135197638978, 0.0420431467643, 0.670352254225, 0.325330228118, 0.587861867509, 0.659013362043, 2.42591120127
0.0474028787163, 0.107150961098, 0.245210359398, 0.434497528944, 0.0382047776807, 0.185095408288, 0.490846390112, 0.239909457218, 0.18569366663, 0.727722570892, 0.60886001414, 0.0941225358837, 0.163622910326, 0.382875233682, 0.130860164535, 0.0955958478624, 0.140016849968, 0.341182880177, 0.59577001487, 0.967817618277, 0.0680080822749, 0.0844986349745, 0.0754278650515, 0.0441344488056, 0.608220029544, 0.331456487983, 0.93914131817, 0.155006598918, 0.861111052279, 0.0214062743041, 0.0474028787163, 3.42836622404
0.650762129369, 0.00361196982124, 0.287397325529, 0.249640798329, 0.672311724431, 0.616441382096, 0.747423676662, 0.253285257097, 0.490613826673, 0.219000146348, 0.473741682254, 0.964173519665, 0.734151591687, 0.0553235594942, 0.686385521584, 0.122035766169, 0.850386932103, 0.00258513151073, 0.0719523160596, 0.120281463534, 0.229785107892, 0.518872485426, 0.105808478113, 0.949117615242, 0.966016799802, 0.776621432089, 0.0987723482597, 0.228452385637, 0.642901159147, 0.66954181045, 0.650762129369, 2.52467520456
0.0474028787163, 0.107150961098, 0.245210359398, 0.434497528944, 0.0382047776807, 0.185095408288, 0.490846390112, 0.239909457218, 0.18569366663, 0.727722570892, 0.60886001414, 0.0941225358837, 0.163622910326, 0.382875233682, 0.130860164535, 0.0955958478624, 0.140016849968, 0.341182880177, 0.59577001487, 0.967817618277, 0.0680080822749, 0.0844986349745, 0.0754278650515, 0.0441344488056, 0.608220029544, 0.331456487983, 0.93914131817, 0.155006598918, 0.861111052279, 0.0214062743041, 0.0474028787163, 3.42836622404
0.650762129369, 0.00361196982124, 0.287397325529, 0.249640798329, 0.672311724431, 0.616441382096, 0.747423676662, 0.253285257097, 0.490613826673, 0.219000146348, 0.473741682254, 0.964173519665, 0.734151591687, 0.0553235594942, 0.686385521584, 0.122035766169, 0.850386932103, 0.00258513151073, 0.0719523160596, 0.120281463534, 0.229785107892, 0.518872485426, 0.105808478113, 0.949117615242, 0.966016799802, 0.776621432089, 0.0987723482597, 0.228452385637, 0.642901159147, 0.66954181045, 0.650762129369, 2.52467520456
0.845692125555, 0.132130425822, 0.671726600958, 0.952445741442, 0.160312901108, 0.541622852315, 0.366539121262, 0.468315139971, 0.321950691111, 0.0882286115981, 0.901471106361, 0.969603362119, 0.42655306992, 0.436755867283, 0.106971753304, 0.819132835501, 0.327722259473, 0.842931451107, 0.533707355422, 0.78450233408, 0.453875110133, 0.238855675983, 0.370597816742, 0.154493937627, 0.198450390718, 0.51392719559, 0.169992787438, 0.0229914012024, 0.466436242159, 0.287427162905, 0.845692125555, 2.06649233186
0.430972401595, 0.839204415226, 0.970239431522, 0.0484742942432, 0.150951588374, 0.1039758666, 0.2264537943, 0.405803943686, 0.385131658238, 0.309931294176, 0.83712237043, 0.75329069206, 0.438075164998, 0.356966271391, 0.308418714816, 0.76467921599, 0.482993203486, 0.0517012632344, 0.316345032554, 0.348716789917, 0.146988364916, 0.0244253737145, 0.621456881806, 0.119955128896, 0.734863206039, 0.315773298311, 0.314708527451, 0.127201784613, 0.556412829832, 0.74746919688, 0.430972401595, 2.89039378603
0.463463890616, 0.0169841597739, 0.464383711411, 0.43770249919, 0.998485061274, 0.0829905382132, 0.174636926258, 0.721741170263, 0.0155589455698, 0.250602446959, 0.245518379208, 0.839843707292, 0.934140165102, 0.63764198318, 0.0871018739778, 0.366926492625, 0.118875363431, 0.0965248029532, 0.140999758447, 0.898594335728, 0.871729934203, 0.30714001191, 0.401064826044, 0.116224053241, 0.181125494628, 0.364062567005, 0.968066523905, 0.518924831091, 0.0393281293796, 0.840273161478, 0.463463890616, 2.85775828909
0.442004725537, 0.690154136278, 0.681485263376, 0.138843288861, 0.354955383155, 0.350299743119, 0.0418470586771, 0.18154480446, 0.983309313046, 0.362686808684, 0.240321968425, 0.875488524981, 0.334247304478, 0.358845505528, 0.696914590524, 0.128905520435, 0.140999307483, 0.385764273248, 0.286589491296, 0.507664574303, 0.175283705447, 0.60456497445, 0.870011911376, 0.455949471672, 0.116329818792, 0.317841481822, 0.434516048823, 0.799364358379, 0.293324825776, 0.243065663559, 0.442004725537, 2.86442060249
0.845692125555, 0.132130425822, 0.671726600958, 0.952445741442, 0.160312901108, 0.541622852315, 0.366539121262, 0.468315139971, 0.321950691111, 0.0882286115981, 0.901471106361, 0.969603362119, 0.42655306992, 0.436755867283, 0.106971753304, 0.819132835501, 0.327722259473, 0.842931451107, 0.533707355422, 0.78450233408, 0.453875110133, 0.238855675983, 0.370597816742, 0.154493937627, 0.198450390718, 0.51392719559, 0.169992787438, 0.0229914012024, 0.466436242159, 0.287427162905, 0.845692125555, 2.06649233186
0.430972401595, 0.839204415226, 0.970239431522, 0.0484742942432, 0.150951588374, 0.1039758666, 0.2264537943, 0.405803943686, 0.385131658238, 0.309931294176, 0.83712237043, 0.75329069206, 0.438075164998, 0.356966271391, 0.308418714816, 0.76467921599, 0.482993203486, 0.0517012632344, 0.316345032554, 0.348716789917, 0.146988364916, 0.0244253737145, 0.621456881806, 0.119955128896, 0.734863206039, 0.315773298311, 0.314708527451, 0.127201784613, 0.556412829832, 0.74746919688, 0.430972401595, 2.89039378603
0.463463890616, 0.0169841597739, 0.464383711411, 0.43770249919, 0.998485061274, 0.0829905382132, 0.174636926258, 0.721741170263, 0.0155589455698, 0.250602446959, 0.245518379208, 0.839843707292, 0.934140165102, 0.63764198318, 0.0871018739778, 0.366926492625, 0.118875363431, 0.0965248029532, 0.140999758447, 0.898594335728, 0.871729934203, 0.30714001191, 0.401064826044, 0.116224053241, 0.181125494628, 0.364062567005, 0.968066523905, 0.518924831091, 0.0393281293796, 0.840273161478, 0.463463890616, 2.85775828909
0.442004725537, 0.690154136278, 0.681485263376, 0.138843288861, 0.354955383155, 0.350299743119, 0.0418470586771, 0.18154480446, 0.983309313046, 0.362686808684, 0.240321968425, 0.875488524981, 0.334247304478, 0.358845505528, 0.696914590524, 0.128905520435, 0.140999307483, 0.385764273248, 0.286589491296, 0.507664574303, 0.175283705447, 0.60456497445, 0.870011911376, 0.455949471672, 0.116329818792, 0.317841481822, 0.434516048823, 0.799364358379, 0.293324825776, 0.243065663559, 0.442004725537, 2.86442060249
0.837027607844, 0.00146112848279, 0.570546270948, 0.813082748127, 0.914325241636, 0.617869673211, 0.983605707078, 0.405803943686, 0.189171784529, 0.362014783512, 0.0129667963104, 0.0618313001186, 0.819882561532, 0.0747918351059, 0.138303150373, 0.000832369066512, 0.452448314418, 0.780061984023, 0.735242329884, 0.0379434121137, 0.00400989660247, 0.760017059814, 0.803057830189, 0.625502506926, 0.00103449528078, 0.860802189628, 0.260733433702, 0.87878512081, 0.00687352193191, 0.847118644198, 0.837027607844, 2.2181770703
0.837027607844, 0.00146112848279, 0.570546270948, 0.813082748127, 0.914325241636, 0.617869673211, 0.983605707078, 0.405803943686, 0.189171784529, 0.362014783512, 0.0129667963104, 0.0618313001186, 0.819882561532, 0.0747918351059, 0.138303150373, 0.000832369066512, 0.452448314418, 0.780061984023, 0.735242329884, 0.0379434121137, 0.00400989660247, 0.760017059814, 0.803057830189, 0.625502506926, 0.00103449528078, 0.860802189628, 0.260733433702, 0.87878512081, 0.00687352193191, 0.847118644198, 0.837027607844, 2.2181770703
0.430972401595, 0.848785169885, 0.970239431522, 0.900488457584, 0.231618926915, 0.350299743119, 0.2264537943, 0.405803943686, 0.983309313046, 0.807007448221, 0.211568572832, 0.839843707292, 0.0928272811857, 0.0844815407589, 0.308418714816, 0.76467921599, 0.27603885397, 0.475690864041, 0.471465633465, 0.0379434121137, 0.846828170794, 0.0244253737145, 0.621456881806, 0.119955128896, 0.181125494628, 0.315773298311, 0.176930305998, 0.127201784613, 0.790218063812, 0.273184471729, 0.430972401595, 3.14277510937
0.430972401595, 0.848785169885, 0.970239431522, 0.900488457584, 0.231618926915, 0.350299743119, 0.2264537943, 0.405803943686, 0.983309313046, 0.807007448221, 0.211568572832, 0.839843707292, 0.0928272811857, 0.0844815407589, 0.308418714816, 0.76467921599, 0.27603885397, 0.475690864041, 0.471465633465, 0.0379434121137, 0.846828170794, 0.0244253737145, 0.621456881806, 0.119955128896, 0.181125494628, 0.315773298311, 0.176930305998, 0.127201784613, 0.790218063812, 0.273184471729, 0.430972401595, 3.14277510937
0.463463890616, 0.0169841597739, 0.464383711411, 0.43770249919, 0.998485061274, 0.0829905382132, 0.174636926258, 0.721741170263, 0.0155589455698, 0.250602446959, 0.245518379208, 0.875488524981, 0.934140165102, 0.63764198318, 0.0871018739778, 0.366926492625, 0.118875363431, 0.0965248029532, 0.140999758447, 0.898594335728, 0.871729934203, 0.30714001191, 0.401064826044, 0.116224053241, 0.265994587776, 0.364062567005, 0.968066523905, 0.518924831091, 0.0393281293796, 0.840273161478, 0.463463890616, 2.88933945704
0.463463890616, 0.0169841597739, 0.464383711411, 0.43770249919, 0.998485061274, 0.0829905382132, 0.174636926258, 0.721741170263, 0.0155589455698, 0.250602446959, 0.245518379208, 0.875488524981, 0.934140165102, 0.63764198318, 0.0871018739778, 0.366926492625, 0.118875363431, 0.0965248029532, 0.140999758447, 0.898594335728, 0.871729934203, 0.30714001191, 0.401064826044, 0.116224053241, 0.265994587776, 0.364062567005, 0.968066523905, 0.518924831091, 0.0393281293796, 0.840273161478, 0.463463890616, 2.88933945704
0.460801979541, 0.613544034226, 0.109303673195, 0.532423104577, 0.341126182886, 0.0227176973581, 0.0418470586771, 0.10486400366, 0.627180880711, 0.994314808305, 0.467743498415, 0.516375876015, 0.977181724223, 0.478138336181, 0.372500675905, 0.808567747165, 0.20666378606, 0.456263290713, 0.186531218209, 0.961607877752, 0.675825610431, 0.508449836579, 0.337165066558, 0.505369828106, 0.116329818792, 0.145632433248, 0.015742160802, 0.730386212618, 0.488289777653, 0.0387572996772, 0.460801979541, 2.9140361102
0.460801979541, 0.613544034226, 0.109303673195, 0.532423104577, 0.341126182886, 0.0227176973581, 0.0418470586771, 0.10486400366, 0.627180880711, 0.994314808305, 0.467743498415, 0.516375876015, 0.977181724223, 0.478138336181, 0.372500675905, 0.808567747165, 0.20666378606, 0.456263290713, 0.186531218209, 0.961607877752, 0.675825610431, 0.508449836579, 0.337165066558, 0.505369828106, 0.116329818792, 0.145632433248, 0.015742160802, 0.730386212618, 0.488289777653, 0.0387572996772, 0.460801979541, 2.9140361102
0.0474028787163, 0.230379384371, 0.245210359398, 0.434497528944, 0.0382047776807, 0.104101581336, 0.490846390112, 0.505623947191, 0.18569366663, 0.727722570892, 0.60886001414, 0.104992650154, 0.16616081182, 0.0474853552917, 0.573888899531, 0.0955958478624, 0.42945710818, 0.341182880177, 0.79465017975, 0.214588035024, 0.44295978413, 0.0844986349745, 0.0754278650515, 0.0192893748185, 0.228028559139, 0.331456487983, 0.93914131817, 0.194027520175, 0.861111052279, 0.0214062743041, 0.0474028787163, 3.47911533746
0.212086189017, 0.73106736051, 0.507650317809, 0.118893064561, 0.30985648149, 0.168455131923, 0.417437775919, 0.129625427588, 0.445739026068, 0.629545612837, 0.790446189748, 0.445556399138, 0.337236814279, 0.179522523798, 0.908963181587, 0.391305267276, 0.045627625282, 0.505317050774, 0.03492113259, 0.0291840495531, 0.180103843511, 0.140842833202, 0.00793983643476, 0.191885654317, 0.531516723608, 0.916439852874, 0.417921363473, 0.670352254225, 0.644565996938, 0.416987209199, 0.212086189017, 3.43537085107
0.0474028787163, 0.230379384371, 0.245210359398, 0.434497528944, 0.0382047776807, 0.104101581336, 0.490846390112, 0.505623947191, 0.18569366663, 0.727722570892, 0.60886001414, 0.104992650154, 0.16616081182, 0.0474853552917, 0.573888899531, 0.0955958478624, 0.42945710818, 0.341182880177, 0.79465017975, 0.214588035024, 0.44295978413, 0.0844986349745, 0.0754278650515, 0.0192893748185, 0.228028559139, 0.331456487983, 0.93914131817, 0.194027520175, 0.861111052279, 0.0214062743041, 0.0474028787163, 3.47911533746
0.212086189017, 0.73106736051, 0.507650317809, 0.118893064561, 0.30985648149, 0.168455131923, 0.417437775919, 0.129625427588, 0.445739026068, 0.629545612837, 0.790446189748, 0.445556399138, 0.337236814279, 0.179522523798, 0.908963181587, 0.391305267276, 0.045627625282, 0.505317050774, 0.03492113259, 0.0291840495531, 0.180103843511, 0.140842833202, 0.00793983643476, 0.191885654317, 0.531516723608, 0.916439852874, 0.417921363473, 0.670352254225, 0.644565996938, 0.416987209199, 0.212086189017, 3.43537085107
0.633354251176, 0.289314694377, 0.564038258795, 0.381745420708, 0.384306728697, 0.398067439096, 0.0496315703429, 0.198224788813, 0.129659567367, 0.883303818823, 0.262715972477, 0.213057415446, 0.926273913083, 0.178754505451, 0.60002824052, 0.0737676932674, 0.169116250963, 0.564629748975, 0.328924530487, 0.787120082635, 0.778571722811, 0.264757976771, 0.676031506452, 0.300690898661, 0.198816376228, 0.691101936061, 0.649189116412, 0.586635753192, 0.529784762307, 0.673891097216, 0.633354251176, 2.63178346793
0.460801979541, 0.613544034226, 0.324745924429, 0.532423104577, 0.341126182886, 0.0227176973581, 0.253985912737, 0.143419027883, 0.627180880711, 0.994314808305, 0.467743498415, 0.516375876015, 0.977181724223, 0.478138336181, 0.372500675905, 0.808567747165, 0.20666378606, 0.241244718481, 0.186531218209, 0.590375571747, 0.675825610431, 0.508449836579, 0.337165066558, 0.505369828106, 0.323147401024, 0.145632433248, 0.015742160802, 0.730386212618, 0.488289777653, 0.0387572996772, 0.460801979541, 2.93679935235
0.633354251176, 0.289314694377, 0.564038258795, 0.381745420708, 0.384306728697, 0.398067439096, 0.0496315703429, 0.198224788813, 0.129659567367, 0.883303818823, 0.262715972477, 0.213057415446, 0.926273913083, 0.178754505451, 0.60002824052, 0.0737676932674, 0.169116250963, 0.564629748975, 0.328924530487, 0.787120082635, 0.778571722811, 0.264757976771, 0.676031506452, 0.300690898661, 0.198816376228, 0.691101936061, 0.649189116412, 0.586635753192, 0.529784762307, 0.673891097216, 0.633354251176, 2.63178346793
0.460801979541, 0.613544034226, 0.324745924429, 0.532423104577, 0.341126182886, 0.0227176973581, 0.253985912737, 0.143419027883, 0.627180880711, 0.994314808305, 0.467743498415, 0.516375876015, 0.977181724223, 0.478138336181, 0.372500675905, 0.808567747165, 0.20666378606, 0.241244718481, 0.186531218209, 0.590375571747, 0.675825610431, 0.508449836579, 0.337165066558, 0.505369828106, 0.323147401024, 0.145632433248, 0.015742160802, 0.730386212618, 0.488289777653, 0.0387572996772, 0.460801979541, 2.93679935235
0.442004725537, 0.690154136278, 0.681485263376, 0.138843288861, 0.475770618269, 0.162811587091, 0.620276931386, 0.18154480446, 0.983309313046, 0.538010334815, 0.240321968425, 0.931006474027, 0.334247304478, 0.358845505528, 0.762808324902, 0.128905520435, 0.140999307483, 0.29982140444, 0.286589491296, 0.507664574303, 0.175283705447, 0.60456497445, 0.870011911376, 0.274040250881, 0.323147401024, 0.317841481822, 0.434516048823, 0.799364358379, 0.293324825776, 0.814295750446, 0.442004725537, 3.21247629965
0.442004725537, 0.690154136278, 0.681485263376, 0.138843288861, 0.475770618269, 0.162811587091, 0.620276931386, 0.18154480446, 0.983309313046, 0.538010334815, 0.240321968425, 0.931006474027, 0.334247304478, 0.358845505528, 0.762808324902, 0.128905520435, 0.140999307483, 0.29982140444, 0.286589491296, 0.507664574303, 0.175283705447, 0.60456497445, 0.870011911376, 0.274040250881, 0.323147401024, 0.317841481822, 0.434516048823, 0.799364358379, 0.293324825776, 0.814295750446, 0.442004725537, 3.21247629965
0.62545353449, 0.117370627453, 0.247387003688, 0.0966185307152, 0.439673593904, 0.350299743119, 0.0221564298383, 0.382277883164, 0.773694136894, 0.423424866717, 0.48736775012, 0.402701773695, 0.0170357193604, 0.264828113427, 0.621634433505, 0.122035766169, 0.97542681033, 0.00289037016156, 0.385200031711, 0.699956218659, 0.784556174704, 0.42276723197, 0.956302066221, 0.87958102383, 0.928001506078, 0.329909862094, 0.423352907763, 0.274635164762, 0.545123626433, 0.529931365137, 0.62545353449, 2.78748045555
0.837027607844, 0.00146112848279, 0.570546270948, 0.452154979802, 0.485544224768, 0.534462224306, 0.983605707078, 0.450467753496, 0.224756764974, 0.362014783512, 0.193446980579, 0.0618313001186, 0.451174639632, 0.194180539929, 0.191438323419, 0.509368163542, 0.452448314418, 0.633025650291, 0.735242329884, 0.274297512959, 0.00400989660247, 0.760017059814, 0.803057830189, 0.506090461831, 0.263670596672, 0.860802189628, 0.260733433702, 0.87878512081, 0.0932777618681, 0.847118644198, 0.837027607844, 2.22285045618
0.62545353449, 0.117370627453, 0.247387003688, 0.0966185307152, 0.439673593904, 0.350299743119, 0.0221564298383, 0.382277883164, 0.773694136894, 0.423424866717, 0.48736775012, 0.402701773695, 0.0170357193604, 0.264828113427, 0.621634433505, 0.122035766169, 0.97542681033, 0.00289037016156, 0.385200031711, 0.699956218659, 0.784556174704, 0.42276723197, 0.956302066221, 0.87958102383, 0.928001506078, 0.329909862094, 0.423352907763, 0.274635164762, 0.545123626433, 0.529931365137, 0.62545353449, 2.78748045555
0.837027607844, 0.00146112848279, 0.570546270948, 0.452154979802, 0.485544224768, 0.534462224306, 0.983605707078, 0.450467753496, 0.224756764974, 0.362014783512, 0.193446980579, 0.0618313001186, 0.451174639632, 0.194180539929, 0.191438323419, 0.509368163542, 0.452448314418, 0.633025650291, 0.735242329884, 0.274297512959, 0.00400989660247, 0.760017059814, 0.803057830189, 0.506090461831, 0.263670596672, 0.860802189628, 0.260733433702, 0.87878512081, 0.0932777618681, 0.847118644198, 0.837027607844, 2.22285045618
0.00145006722528, 0.107150961098, 0.245210359398, 0.682595400662, 0.153399107192, 0.010361772619, 0.490846390112, 0.505623947191, 0.18569366663, 0.727722570892, 0.870572430811, 0.104992650154, 0.128621981651, 0.356966271391, 0.824481595142, 0.336734252059, 0.42945710818, 0.341182880177, 0.59577001487, 0.929776909418, 0.14274151743, 0.0844986349745, 0.405481927088, 0.550957084323, 0.109296827736, 0.331456487983, 0.210364873746, 0.155006598918, 0.861111052279, 0.0214062743041, 0.00145006722528, 4.3028130482
0.00145006722528, 0.107150961098, 0.245210359398, 0.682595400662, 0.153399107192, 0.010361772619, 0.490846390112, 0.505623947191, 0.18569366663, 0.727722570892, 0.870572430811, 0.104992650154, 0.128621981651, 0.356966271391, 0.824481595142, 0.336734252059, 0.42945710818, 0.341182880177, 0.59577001487, 0.929776909418, 0.14274151743, 0.0844986349745, 0.405481927088, 0.550957084323, 0.109296827736, 0.331456487983, 0.210364873746, 0.155006598918, 0.861111052279, 0.0214062743041, 0.00145006722528, 4.3028130482
0.659013362043, 0.941699617159, 0.186864311442, 0.146646072595, 0.422575362713, 0.84450890289, 0.976052424473, 0.461733146894, 0.287172217019, 0.978272615667, 0.0697454605889, 0.332149620378, 0.570344110447, 0.12571456268, 0.029290262878, 0.48816603708, 0.0961649809734, 0.688453812543, 0.208619221201, 0.604794437633, 0.0604780245389, 0.415206352557, 0.69317495592, 0.386960054797, 0.774533336509, 0.135197638978, 6.44654366072e-05, 0.461642065213, 0.325330228118, 0.917994276582, 0.659013362043, 2.48618320428
0.84854700237, 0.624481676814, 0.564038258795, 0.38507711173, 0.384306728697, 0.522279516716, 0.293143246221, 0.198224788813, 0.129659567367, 0.883303818823, 0.0954163486851, 0.102423132729, 0.464731038572, 0.178754505451, 0.920666560309, 0.0737676932674, 0.169116250963, 0.564629748975, 0.328924530487, 0.787120082635, 0.778571722811, 0.466040988895, 0.676031506452, 0.300690898661, 0.198816376228, 0.691101936061, 0.907778044708, 0.0290727674186, 0.529784762307, 0.465825279668, 0.84854700237, 2.04942677296
0.659013362043, 0.941699617159, 0.186864311442, 0.146646072595, 0.422575362713, 0.84450890289, 0.976052424473, 0.461733146894, 0.287172217019, 0.978272615667, 0.0697454605889, 0.332149620378, 0.570344110447, 0.12571456268, 0.029290262878, 0.48816603708, 0.0961649809734, 0.688453812543, 0.208619221201, 0.604794437633, 0.0604780245389, 0.415206352557, 0.69317495592, 0.386960054797, 0.774533336509, 0.135197638978, 6.44654366072e-05, 0.461642065213, 0.325330228118, 0.917994276582, 0.659013362043, 2.48618320428
0.84854700237, 0.624481676814, 0.564038258795, 0.38507711173, 0.384306728697, 0.522279516716, 0.293143246221, 0.198224788813, 0.129659567367, 0.883303818823, 0.0954163486851, 0.102423132729, 0.464731038572, 0.178754505451, 0.920666560309, 0.0737676932674, 0.169116250963, 0.564629748975, 0.328924530487, 0.787120082635, 0.778571722811, 0.466040988895, 0.676031506452, 0.300690898661, 0.198816376228, 0.691101936061, 0.907778044708, 0.0290727674186, 0.529784762307, 0.465825279668, 0.84854700237, 2.04942677296
0.0474028787163, 0.112975226714, 0.244241412899, 0.434497528944, 0.0382047776807, 0.185095408288, 0.490846390112, 0.238055356827, 0.18569366663, 0.727722570892, 0.384916962737, 0.0941225358837, 0.0637309235349, 0.237613080676, 0.130860164535, 0.0737676932674, 0.42945710818, 0.333877849735, 0.59577001487, 0.967817618277, 0.0644522413863, 0.0844986349745, 0.0754278650515, 0.770706387314, 0.608220029544, 0.331456487983, 0.93914131817, 0.155006598918, 0.627668943273, 0.148723587747, 0.0474028787163, 3.54897861186
0.0474028787163, 0.112975226714, 0.244241412899, 0.434497528944, 0.0382047776807, 0.185095408288, 0.490846390112, 0.238055356827, 0.18569366663, 0.727722570892, 0.384916962737, 0.0941225358837, 0.0637309235349, 0.237613080676, 0.130860164535, 0.0737676932674, 0.42945710818, 0.333877849735, 0.59577001487, 0.967817618277, 0.0644522413863, 0.0844986349745, 0.0754278650515, 0.770706387314, 0.608220029544, 0.331456487983, 0.93914131817, 0.155006598918, 0.627668943273, 0.148723587747, 0.0474028787163, 3.54897861186
0.837027607844, 0.000798227883378, 0.570546270948, 0.452154979802, 0.485544224768, 0.534462224306, 0.983605707078, 0.450467753496, 0.224756764974, 0.362014783512, 0.193446980579, 0.0618313001186, 0.451174639632, 0.194180539929, 0.191438323419, 0.509368163542, 0.452448314418, 0.633025650291, 0.735242329884, 0.702414737679, 0.00400989660247, 0.760017059814, 0.803057830189, 0.506090461831, 0.263670596672, 0.860802189628, 0.014291404433, 0.816791274207, 0.0932777618681, 0.847118644198, 0.837027607844, 2.25227951546
0.837027607844, 0.000798227883378, 0.570546270948, 0.452154979802, 0.485544224768, 0.534462224306, 0.983605707078, 0.450467753496, 0.224756764974, 0.362014783512, 0.193446980579, 0.0618313001186, 0.451174639632, 0.194180539929, 0.191438323419, 0.509368163542, 0.452448314418, 0.633025650291, 0.735242329884, 0.702414737679, 0.00400989660247, 0.760017059814, 0.803057830189, 0.506090461831, 0.263670596672, 0.860802189628, 0.014291404433, 0.816791274207, 0.0932777618681, 0.847118644198, 0.837027607844, 2.25227951546
0.84854700237, 0.570243777404, 0.564038258795, 0.381745420708, 0.384306728697, 0.349139914752, 0.0496315703429, 0.198224788813, 0.189171784529, 0.883303818823, 0.262715972477, 0.102423132729, 0.734151591687, 0.178754505451, 0.920666560309, 0.0737676932674, 0.169116250963, 0.745195473239, 0.328924530487, 0.742512941444, 0.778571722811, 0.264757976771, 0.676031506452, 0.300690898661, 0.198816376228, 0.691101936061, 0.772396135959, 0.00246095822737, 0.529784762307, 0.673891097216, 0.84854700237, 2.05010573624
0.84854700237, 0.570243777404, 0.564038258795, 0.381745420708, 0.384306728697, 0.349139914752, 0.0496315703429, 0.198224788813, 0.189171784529, 0.883303818823, 0.262715972477, 0.102423132729, 0.734151591687, 0.178754505451, 0.920666560309, 0.0737676932674, 0.169116250963, 0.745195473239, 0.328924530487, 0.742512941444, 0.778571722811, 0.264757976771, 0.676031506452, 0.300690898661, 0.198816376228, 0.691101936061, 0.772396135959, 0.00246095822737, 0.529784762307, 0.673891097216, 0.84854700237, 2.05010573624
0.00145006722528, 0.107150961098, 0.245210359398, 0.434497528944, 0.341301543113, 0.0300884529863, 0.490846390112, 0.505623947191, 0.18569366663, 0.857181214426, 0.699202183973, 0.218409454675, 0.128621981651, 0.356966271391, 0.824481595142, 0.336734252059, 0.42945710818, 0.341182880177, 0.59577001487, 0.929776909418, 0.14274151743, 0.0844986349745, 0.405481927088, 0.550957084323, 0.109296827736, 0.331456487983, 0.210364873746, 0.155006598918, 0.861111052279, 0.0214062743041, 0.00145006722528, 4.31235749455
0.430972401595, 0.848785169885, 0.970239431522, 0.774655721063, 0.231618926915, 0.350299743119, 0.418418206764, 0.405803943686, 0.983309313046, 0.807007448221, 0.211568572832, 0.931006474027, 0.0928272811857, 0.0844815407589, 0.308418714816, 0.76467921599, 0.27603885397, 0.475690864041, 0.316345032554, 0.0379434121137, 0.846828170794, 0.0244253737145, 0.621456881806, 0.119955128896, 0.734863206039, 0.315773298311, 0.176930305998, 0.127201784613, 0.790218063812, 0.273184471729, 0.430972401595, 3.29009235633
0.00145006722528, 0.107150961098, 0.245210359398, 0.434497528944, 0.341301543113, 0.0300884529863, 0.490846390112, 0.505623947191, 0.18569366663, 0.857181214426, 0.699202183973, 0.218409454675, 0.128621981651, 0.356966271391, 0.824481595142, 0.336734252059, 0.42945710818, 0.341182880177, 0.59577001487, 0.929776909418, 0.14274151743, 0.0844986349745, 0.405481927088, 0.550957084323, 0.109296827736, 0.331456487983, 0.210364873746, 0.155006598918, 0.861111052279, 0.0214062743041, 0.00145006722528, 4.31235749455
0.430972401595, 0.848785169885, 0.970239431522, 0.774655721063, 0.231618926915, 0.350299743119, 0.418418206764, 0.405803943686, 0.983309313046, 0.807007448221, 0.211568572832, 0.931006474027, 0.0928272811857, 0.0844815407589, 0.308418714816, 0.76467921599, 0.27603885397, 0.475690864041, 0.316345032554, 0.0379434121137, 0.846828170794, 0.0244253737145, 0.621456881806, 0.119955128896, 0.734863206039, 0.315773298311, 0.176930305998, 0.127201784613, 0.790218063812, 0.273184471729, 0.430972401595, 3.29009235633
0.837027607844, 0.00146112848279, 0.630907200771, 0.813082748127, 0.914325241636, 0.617869673211, 0.983605707078, 0.405803943686, 0.189171784529, 0.362014783512, 0.0129667963104, 0.0618313001186, 0.819882561532, 0.0747918351059, 0.248925994665, 0.000832369066512, 0.452448314418, 0.780061984023, 0.735242329884, 0.133628491162, 0.00400989660247, 0.760017059814, 0.803057830189, 0.625502506926, 0.263670596672, 0.860802189628, 0.130692598877, 0.87878512081, 0.00687352193191, 0.847118644198, 0.837027607844, 2.31699357448
0.837027607844, 0.00146112848279, 0.630907200771, 0.813082748127, 0.914325241636, 0.617869673211, 0.983605707078, 0.405803943686, 0.189171784529, 0.362014783512, 0.0129667963104, 0.0618313001186, 0.819882561532, 0.0747918351059, 0.248925994665, 0.000832369066512, 0.452448314418, 0.780061984023, 0.735242329884, 0.133628491162, 0.00400989660247, 0.760017059814, 0.803057830189, 0.625502506926, 0.263670596672, 0.860802189628, 0.130692598877, 0.87878512081, 0.00687352193191, 0.847118644198, 0.837027607844, 2.31699357448
