0.611135986571, 0.24449360972, 0.124959065438, 0.0585073939646, 0.144992235891, 0.0144831784495, 0.0132046806443, 0.110463981336, 0.387299622257, 0.026681708367, 0.963455161878, 6.20538851195
0.611135986571, 0.24449360972, 0.124959065438, 0.0585073939646, 0.144992235891, 0.0144831784495, 0.0132046806443, 0.110463981336, 0.387299622257, 0.026681708367, 0.963455161878, 6.20538851195
0.578172485522, 0.0176873179441, 0.0304761588702, 0.0104989102447, 0.23361490606, 0.0272252745003, 0.0901861329824, 0.349422470107, 0.323487664083, 0.0877709638335, 0.903780654679, 6.27705222349
0.578172485522, 0.0176873179441, 0.0304761588702, 0.0104989102447, 0.23361490606, 0.0272252745003, 0.0901861329824, 0.349422470107, 0.323487664083, 0.0877709638335, 0.903780654679, 6.27705222349
0.0843386886132, 0.0810817870567, 0.256335638451, 0.959233668056, 0.0329721281507, 0.0276318780477, 0.190558277387, 0.402085480196, 0.00467491992724, 0.0877709638335, 0.28711287664, 7.20032203978
0.0843386886132, 0.0810817870567, 0.256335638451, 0.959233668056, 0.0329721281507, 0.0276318780477, 0.190558277387, 0.402085480196, 0.00467491992724, 0.0877709638335, 0.28711287664, 7.20032203978
0.901839787893, 0.105222980442, 0.0865857865474, 0.150414428097, 0.0586902270571, 0.0010262955077, 0.0531087211296, 0.070503822038, 0.532382916301, 0.0345899624879, 0.978609365655, 6.16067364706
0.901839787893, 0.105222980442, 0.0865857865474, 0.150414428097, 0.0586902270571, 0.0010262955077, 0.0531087211296, 0.070503822038, 0.532382916301, 0.0345899624879, 0.978609365655, 6.16067364706
0.102635158553, 0.57422016893, 0.664702313124, 0.161492091311, 0.163439361898, 0.0922798342355, 0.00288272723465, 0.00341272628748, 0.0602630498776, 0.0478773486881, 0.55813143485, 6.94936856322
0.102635158553, 0.57422016893, 0.664702313124, 0.161492091311, 0.163439361898, 0.0922798342355, 0.00288272723465, 0.00341272628748, 0.0602630498776, 0.0478773486881, 0.55813143485, 6.94936856322
0.915897596959, 0.123006763264, 0.0865857865474, 0.0437560970292, 0.144992235891, 0.0010262955077, 0.0596327107941, 0.110463981336, 0.532382916301, 0.0345899624879, 0.974375871865, 6.21581991909
0.915897596959, 0.123006763264, 0.0865857865474, 0.0437560970292, 0.144992235891, 0.0010262955077, 0.0596327107941, 0.110463981336, 0.532382916301, 0.0345899624879, 0.974375871865, 6.21581991909
0.578172485522, 0.0176873179441, 0.0304761588702, 0.0104989102447, 0.23361490606, 0.0272252745003, 0.0901861329824, 0.349422470107, 0.323487664083, 0.186086462267, 0.903780654679, 6.38929917914
0.578172485522, 0.0176873179441, 0.0304761588702, 0.0104989102447, 0.23361490606, 0.0272252745003, 0.0901861329824, 0.349422470107, 0.323487664083, 0.186086462267, 0.903780654679, 6.38929917914
0.611135986571, 0.2419237095, 0.124959065438, 0.00833614101961, 0.144992235891, 0.0144831784495, 0.159392345473, 0.110463981336, 0.387299622257, 0.026681708367, 0.963455161878, 6.31564651688
0.611135986571, 0.2419237095, 0.124959065438, 0.00833614101961, 0.144992235891, 0.0144831784495, 0.159392345473, 0.110463981336, 0.387299622257, 0.026681708367, 0.963455161878, 6.31564651688
0.0843386886132, 0.0810817870567, 0.172667422819, 0.686479145463, 0.0329721281507, 0.0432024242888, 0.190558277387, 0.32234433754, 0.503018128289, 0.0877709638335, 0.28711287664, 7.25870667672
0.0843386886132, 0.0810817870567, 0.172667422819, 0.686479145463, 0.0329721281507, 0.0432024242888, 0.190558277387, 0.32234433754, 0.503018128289, 0.0877709638335, 0.28711287664, 7.25870667672
0.901839787893, 0.123006763264, 0.0460884434243, 0.120796910254, 0.0586902270571, 0.00066218022464, 0.0531087211296, 0.110463981336, 0.532382916301, 0.0481092239972, 0.978609365655, 6.16164961692
0.901839787893, 0.123006763264, 0.0460884434243, 0.120796910254, 0.0586902270571, 0.00066218022464, 0.0531087211296, 0.110463981336, 0.532382916301, 0.0481092239972, 0.978609365655, 6.16164961692
0.102635158553, 0.57422016893, 0.775752920663, 0.161492091311, 0.163439361898, 0.283139672433, 0.00288272723465, 0.00341272628748, 0.0602630498776, 0.0478773486881, 0.55813143485, 7.1914820109
0.102635158553, 0.57422016893, 0.775752920663, 0.161492091311, 0.163439361898, 0.283139672433, 0.00288272723465, 0.00341272628748, 0.0602630498776, 0.0478773486881, 0.55813143485, 7.1914820109
0.762631181452, 0.24449360972, 0.332058645361, 0.150414428097, 0.323509867103, 0.0144831784495, 0.0813417122178, 0.110463981336, 0.387299622257, 0.026681708367, 0.960133536803, 6.77412321755
0.762631181452, 0.24449360972, 0.332058645361, 0.150414428097, 0.323509867103, 0.0144831784495, 0.0813417122178, 0.110463981336, 0.387299622257, 0.026681708367, 0.960133536803, 6.77412321755
0.762631181452, 0.24449360972, 0.332058645361, 0.150414428097, 0.323509867103, 0.0144831784495, 0.0813417122178, 0.110463981336, 0.387299622257, 0.026681708367, 0.960133536803, 6.77412321755
0.762631181452, 0.24449360972, 0.332058645361, 0.150414428097, 0.323509867103, 0.0144831784495, 0.0813417122178, 0.110463981336, 0.387299622257, 0.026681708367, 0.960133536803, 6.77412321755
0.578172485522, 0.0168490735302, 0.00185468468777, 0.230115155935, 0.958972292681, 0.0432024242888, 0.0901861329824, 0.349422470107, 0.0693993829678, 0.0345899624879, 0.903780654679, 6.89768328918
0.578172485522, 0.0168490735302, 0.00185468468777, 0.230115155935, 0.958972292681, 0.0432024242888, 0.0901861329824, 0.349422470107, 0.0693993829678, 0.0345899624879, 0.903780654679, 6.89768328918
0.610503826482, 0.00203555852996, 0.955376116423, 0.104825502669, 0.0808785745827, 0.00717278157024, 0.0813417122178, 0.110463981336, 0.201352442645, 0.0345899624879, 0.961838558082, 6.68828976042
0.610503826482, 0.00203555852996, 0.955376116423, 0.104825502669, 0.0808785745827, 0.00717278157024, 0.0813417122178, 0.110463981336, 0.201352442645, 0.0345899624879, 0.961838558082, 6.68828976042
0.611135986571, 0.24449360972, 0.332058645361, 0.150414428097, 0.144992235891, 0.00651707723836, 0.159392345473, 0.110463981336, 0.387299622257, 0.0236036841758, 0.963455161878, 6.67006073676
0.611135986571, 0.24449360972, 0.332058645361, 0.150414428097, 0.144992235891, 0.00651707723836, 0.159392345473, 0.110463981336, 0.387299622257, 0.0236036841758, 0.963455161878, 6.67006073676
0.615806054028, 0.0528365102976, 0.830393583251, 0.00476708378758, 0.0648917256045, 0.0915389523105, 0.129073993595, 0.118103810712, 0.156970692902, 0.0833057192732, 0.974403935177, 6.6407814117
0.615806054028, 0.0528365102976, 0.830393583251, 0.00476708378758, 0.0648917256045, 0.0915389523105, 0.129073993595, 0.118103810712, 0.156970692902, 0.0833057192732, 0.974403935177, 6.6407814117
0.0843386886132, 0.0810817870567, 0.256335638451, 0.622340118917, 0.0458219803664, 0.0276318780477, 0.0953405804082, 0.402085480196, 0.503018128289, 0.0877709638335, 0.28711287664, 7.25969276274
0.0843386886132, 0.0810817870567, 0.256335638451, 0.622340118917, 0.0458219803664, 0.0276318780477, 0.0953405804082, 0.402085480196, 0.503018128289, 0.0877709638335, 0.28711287664, 7.25969276274
0.901839787893, 0.123006763264, 0.0865857865474, 0.150414428097, 0.0586902270571, 0.0010262955077, 0.0531087211296, 0.110463981336, 0.532382916301, 0.0345899624879, 0.978609365655, 6.2311553287
0.901839787893, 0.123006763264, 0.0865857865474, 0.150414428097, 0.0586902270571, 0.0010262955077, 0.0531087211296, 0.110463981336, 0.532382916301, 0.0345899624879, 0.978609365655, 6.2311553287
0.941964875696, 0.123006763264, 0.0460884434243, 0.150414428097, 0.0515194706112, 0.00066218022464, 0.0531087211296, 0.110463981336, 0.532382916301, 0.0345899624879, 0.988639182346, 6.16960258958
0.941964875696, 0.123006763264, 0.0460884434243, 0.150414428097, 0.0515194706112, 0.00066218022464, 0.0531087211296, 0.110463981336, 0.532382916301, 0.0345899624879, 0.988639182346, 6.16960258958
0.578172485522, 0.00366925068754, 0.0304761588702, 0.0617800550856, 0.942221491174, 0.00885621589212, 0.0617054482835, 0.630431050247, 0.121252187167, 0.0877709638335, 0.903780654679, 7.0244479329
0.578172485522, 0.00366925068754, 0.0304761588702, 0.0617800550856, 0.942221491174, 0.00885621589212, 0.0617054482835, 0.630431050247, 0.121252187167, 0.0877709638335, 0.903780654679, 7.0244479329
0.610503826482, 0.058860170435, 0.332058645361, 0.150414428097, 0.144992235891, 0.0144831784495, 0.0339337128873, 0.313705348046, 0.532382916301, 0.0133952594194, 0.961838558082, 6.70346454165
0.610503826482, 0.058860170435, 0.332058645361, 0.150414428097, 0.144992235891, 0.0144831784495, 0.0339337128873, 0.313705348046, 0.532382916301, 0.0133952594194, 0.961838558082, 6.70346454165
0.615806054028, 0.0528365102976, 0.848639123507, 0.00476708378758, 0.0648917256045, 0.0915389523105, 0.129073993595, 0.118103810712, 0.156970692902, 0.0719939935331, 0.974403935177, 6.64744652544
0.615806054028, 0.0528365102976, 0.848639123507, 0.00476708378758, 0.0648917256045, 0.0915389523105, 0.129073993595, 0.118103810712, 0.156970692902, 0.0719939935331, 0.974403935177, 6.64744652544
0.102635158553, 0.57422016893, 0.775752920663, 0.161492091311, 0.163439361898, 0.387817862341, 0.00288272723465, 0.00341272628748, 0.0602630498776, 0.0478773486881, 0.55813143485, 7.26921301919
0.102635158553, 0.57422016893, 0.775752920663, 0.161492091311, 0.163439361898, 0.387817862341, 0.00288272723465, 0.00341272628748, 0.0602630498776, 0.0478773486881, 0.55813143485, 7.26921301919
0.0843386886132, 0.0258262144779, 0.256335638451, 0.831984327347, 0.122317535899, 0.0432024242888, 0.190558277387, 0.114272071885, 0.503018128289, 0.0877709638335, 0.28711287664, 7.29918289746
0.0843386886132, 0.0258262144779, 0.256335638451, 0.831984327347, 0.122317535899, 0.0432024242888, 0.190558277387, 0.114272071885, 0.503018128289, 0.0877709638335, 0.28711287664, 7.29918289746
0.901839787893, 0.24449360972, 0.0665416268137, 0.150414428097, 0.144992235891, 0.0144831784495, 0.0813417122178, 0.211174104123, 0.387299622257, 0.026681708367, 0.978609365655, 6.43182995077
0.901839787893, 0.24449360972, 0.0665416268137, 0.150414428097, 0.144992235891, 0.0144831784495, 0.0813417122178, 0.211174104123, 0.387299622257, 0.026681708367, 0.978609365655, 6.43182995077
0.315848685095, 0.0176873179441, 0.0237999989818, 0.0104989102447, 0.23361490606, 0.0272252745003, 0.0901861329824, 0.349422470107, 0.323487664083, 0.0877709638335, 0.999675124444, 6.24063988729
0.315848685095, 0.0176873179441, 0.0237999989818, 0.0104989102447, 0.23361490606, 0.0272252745003, 0.0901861329824, 0.349422470107, 0.323487664083, 0.0877709638335, 0.999675124444, 6.24063988729
0.315848685095, 0.0176873179441, 0.0237999989818, 0.0104989102447, 0.23361490606, 0.0272252745003, 0.0901861329824, 0.349422470107, 0.323487664083, 0.0877709638335, 0.999675124444, 6.24063988729
0.315848685095, 0.0176873179441, 0.0237999989818, 0.0104989102447, 0.23361490606, 0.0272252745003, 0.0901861329824, 0.349422470107, 0.323487664083, 0.0877709638335, 0.999675124444, 6.24063988729
0.577612913698, 0.730363584624, 0.332058645361, 0.218405688887, 0.0658640285401, 0.0144831784495, 0.0813417122178, 0.110463981336, 0.387299622257, 0.026681708367, 0.904191098492, 7.03933659579
0.577612913698, 0.730363584624, 0.332058645361, 0.218405688887, 0.0658640285401, 0.0144831784495, 0.0813417122178, 0.110463981336, 0.387299622257, 0.026681708367, 0.904191098492, 7.03933659579
0.578172485522, 0.00366925068754, 0.0304761588702, 0.0160410235491, 0.942221491174, 0.0432024242888, 0.0901861329824, 0.434447235175, 0.390575913983, 0.0272422016838, 0.903780654679, 7.04824143951
0.578172485522, 0.00366925068754, 0.0304761588702, 0.0160410235491, 0.942221491174, 0.0432024242888, 0.0901861329824, 0.434447235175, 0.390575913983, 0.0272422016838, 0.903780654679, 7.04824143951
0.610503826482, 0.00203555852996, 0.955376116423, 0.104825502669, 0.144992235891, 0.00717278157024, 0.0813417122178, 0.110463981336, 0.201352442645, 0.0345899624879, 0.961838558082, 6.74771130553
0.610503826482, 0.00203555852996, 0.955376116423, 0.104825502669, 0.144992235891, 0.00717278157024, 0.0813417122178, 0.110463981336, 0.201352442645, 0.0345899624879, 0.961838558082, 6.74771130553
0.907053027271, 0.058860170435, 0.500403795146, 0.150414428097, 0.15850363905, 0.00782190019271, 0.064893442639, 0.110463981336, 0.532382916301, 0.0345899624879, 0.975941581958, 6.72186369134
0.907053027271, 0.058860170435, 0.500403795146, 0.150414428097, 0.15850363905, 0.00782190019271, 0.064893442639, 0.110463981336, 0.532382916301, 0.0345899624879, 0.975941581958, 6.72186369134
0.0843386886132, 0.0810817870567, 0.172667422819, 0.831984327347, 0.0329721281507, 0.0432024242888, 0.190558277387, 0.32234433754, 0.503018128289, 0.0877709638335, 0.28711287664, 7.36378566792
0.0843386886132, 0.0810817870567, 0.172667422819, 0.831984327347, 0.0329721281507, 0.0432024242888, 0.190558277387, 0.32234433754, 0.503018128289, 0.0877709638335, 0.28711287664, 7.36378566792
0.0843386886132, 0.0810817870567, 0.172667422819, 0.831984327347, 0.0329721281507, 0.0432024242888, 0.190558277387, 0.32234433754, 0.503018128289, 0.0877709638335, 0.28711287664, 7.36378566792
0.0843386886132, 0.0810817870567, 0.172667422819, 0.831984327347, 0.0329721281507, 0.0432024242888, 0.190558277387, 0.32234433754, 0.503018128289, 0.0877709638335, 0.28711287664, 7.36378566792
0.112848866452, 0.24177106958, 0.534648011014, 0.0608494637994, 0.129890442999, 0.0260507478, 0.873446947363, 0.106407133962, 0.0150310561478, 0.357365345547, 0.761231063444, 7.35242688286
0.112848866452, 0.24177106958, 0.534648011014, 0.0608494637994, 0.129890442999, 0.0260507478, 0.873446947363, 0.106407133962, 0.0150310561478, 0.357365345547, 0.761231063444, 7.35242688286
0.901839787893, 0.24449360972, 0.202255017646, 0.0353751859489, 0.144992235891, 0.0010262955077, 0.0596327107941, 0.110463981336, 0.532382916301, 0.0345899624879, 0.978609365655, 6.4719726357
0.901839787893, 0.24449360972, 0.202255017646, 0.0353751859489, 0.144992235891, 0.0010262955077, 0.0596327107941, 0.110463981336, 0.532382916301, 0.0345899624879, 0.978609365655, 6.4719726357
0.683695670733, 0.123006763264, 0.0865857865474, 0.150414428097, 0.144992235891, 0.0010262955077, 0.0596327107941, 0.110463981336, 0.532382916301, 0.0345899624879, 0.999935976503, 6.33251616882
0.683695670733, 0.123006763264, 0.0865857865474, 0.150414428097, 0.144992235891, 0.0010262955077, 0.0596327107941, 0.110463981336, 0.532382916301, 0.0345899624879, 0.999935976503, 6.33251616882
0.578172485522, 0.00366925068754, 0.0304761588702, 0.224855077118, 0.942221491174, 0.0432024242888, 0.0901861329824, 0.434447235175, 0.121252187167, 0.0877709638335, 0.903780654679, 7.04825654317
0.578172485522, 0.00366925068754, 0.0304761588702, 0.224855077118, 0.942221491174, 0.0432024242888, 0.0901861329824, 0.434447235175, 0.121252187167, 0.0877709638335, 0.903780654679, 7.04825654317
0.610503826482, 0.058860170435, 0.71721666878, 0.0525235192189, 0.144992235891, 0.00546346503523, 0.045121773807, 0.110463981336, 0.532382916301, 0.0133952594194, 0.961838558082, 6.78234641588
0.610503826482, 0.058860170435, 0.71721666878, 0.0525235192189, 0.144992235891, 0.00546346503523, 0.045121773807, 0.110463981336, 0.532382916301, 0.0133952594194, 0.961838558082, 6.78234641588
0.0843386886132, 0.0258262144779, 0.256335638451, 0.831984327347, 0.122317535899, 0.0432024242888, 0.190558277387, 0.114272071885, 0.446542553944, 0.248357156076, 0.28711287664, 7.37348334829
0.0843386886132, 0.0258262144779, 0.256335638451, 0.831984327347, 0.122317535899, 0.0432024242888, 0.190558277387, 0.114272071885, 0.446542553944, 0.248357156076, 0.28711287664, 7.37348334829
0.901839787893, 0.150333377295, 0.332058645361, 0.150414428097, 0.144992235891, 0.0144831784495, 0.0813417122178, 0.08373239286, 0.387299622257, 0.026681708367, 0.978609365655, 6.47839972713
0.901839787893, 0.150333377295, 0.332058645361, 0.150414428097, 0.144992235891, 0.0144831784495, 0.0813417122178, 0.08373239286, 0.387299622257, 0.026681708367, 0.978609365655, 6.47839972713
0.578172485522, 0.00366925068754, 0.0304761588702, 0.0617800550856, 0.942221491174, 0.0432024242888, 0.0901861329824, 0.630431050247, 0.121252187167, 0.0877709638335, 0.903780654679, 7.07413245255
0.578172485522, 0.00366925068754, 0.0304761588702, 0.0617800550856, 0.942221491174, 0.0432024242888, 0.0901861329824, 0.630431050247, 0.121252187167, 0.0877709638335, 0.903780654679, 7.07413245255
0.202453765439, 0.0473668846492, 0.432190297196, 0.0214730787343, 0.254246234034, 0.0269584869216, 0.330483512543, 0.241468468384, 0.281860023878, 0.0833057192732, 0.973590737743, 6.81370060056
0.202453765439, 0.0473668846492, 0.432190297196, 0.0214730787343, 0.254246234034, 0.0269584869216, 0.330483512543, 0.241468468384, 0.281860023878, 0.0833057192732, 0.973590737743, 6.81370060056
0.610503826482, 0.058860170435, 0.955376116423, 0.104825502669, 0.144992235891, 0.00546346503523, 0.0813417122178, 0.0269734621734, 0.532382916301, 0.0133952594194, 0.961838558082, 6.98948821084
0.610503826482, 0.058860170435, 0.955376116423, 0.104825502669, 0.144992235891, 0.00546346503523, 0.0813417122178, 0.0269734621734, 0.532382916301, 0.0133952594194, 0.961838558082, 6.98948821084
0.0843386886132, 0.0810817870567, 0.256335638451, 0.959233668056, 0.0288827421733, 0.0276318780477, 0.0676267265568, 0.402085480196, 0.390895069, 0.0877709638335, 0.28711287664, 7.3889595705
0.0843386886132, 0.0810817870567, 0.256335638451, 0.959233668056, 0.0288827421733, 0.0276318780477, 0.0676267265568, 0.402085480196, 0.390895069, 0.0877709638335, 0.28711287664, 7.3889595705
0.0733876816982, 0.24177106958, 0.534648011014, 0.0653739236992, 0.085414251752, 0.0618758917933, 0.873446947363, 0.106407133962, 0.0150310561478, 0.313675614971, 0.329418770869, 7.38271649328
0.0733876816982, 0.24177106958, 0.534648011014, 0.0653739236992, 0.085414251752, 0.0618758917933, 0.873446947363, 0.106407133962, 0.0150310561478, 0.313675614971, 0.329418770869, 7.38271649328
0.901839787893, 0.24449360972, 0.202255017646, 0.0353751859489, 0.144992235891, 0.0010262955077, 0.0596327107941, 0.110463981336, 0.532382916301, 0.0938848400397, 0.978609365655, 6.53329206319
0.901839787893, 0.24449360972, 0.202255017646, 0.0353751859489, 0.144992235891, 0.0010262955077, 0.0596327107941, 0.110463981336, 0.532382916301, 0.0938848400397, 0.978609365655, 6.53329206319
0.0843386886132, 0.0258262144779, 0.256335638451, 0.831984327347, 0.122317535899, 0.0432024242888, 0.190558277387, 0.114272071885, 0.681053912899, 0.0877709638335, 0.28711287664, 7.42470876659
0.0843386886132, 0.0258262144779, 0.256335638451, 0.831984327347, 0.122317535899, 0.0432024242888, 0.190558277387, 0.114272071885, 0.681053912899, 0.0877709638335, 0.28711287664, 7.42470876659
0.649135448997, 0.0528365102976, 0.885989495981, 0.00476708378758, 0.0109592654754, 0.0915389523105, 0.129073993595, 0.118103810712, 0.156970692902, 0.0833057192732, 0.999913020631, 6.63495690935
0.649135448997, 0.0528365102976, 0.885989495981, 0.00476708378758, 0.0109592654754, 0.0915389523105, 0.129073993595, 0.118103810712, 0.156970692902, 0.0833057192732, 0.999913020631, 6.63495690935
0.269705883497, 0.0338562190939, 0.256335638451, 0.831984327347, 0.0329721281507, 0.0432024242888, 0.190558277387, 0.402085480196, 0.558591723798, 0.0877709638335, 0.777455084242, 7.41182354804
0.578172485522, 0.0168490735302, 0.0304761588702, 0.230115155935, 0.958972292681, 0.0432024242888, 0.0901861329824, 0.239569987216, 0.390575913983, 0.0345899624879, 0.903780654679, 7.09245157555
