0.100005005674, 0.856954607005, 2.04438348315, 0.696337953443, 16.6901100972, 1.18776165078, 0.0166124753893, 4.73060878735, 2.03719260574, 81.2653606152, 0.0031603747486, 0.588235294118
0.269393888453, 1.01713538284, 2.00422317562, 0.663233974906, 76.7053213158, 1.0783574875, 0.675795123751, 2.15504306903, 2.03719260574, 80.554721108, 0.0237295490695, 0.0967741935484
0.100164514273, 0.822262129229, 2.20175307118, 0.521105215636, 55.2121712713, 25.6262524279, 0.347401306759, 4.67680898303, 2.95753900401, 67.8940907871, 0.131644285104, 0.3
0.101427686863, 0.820329569197, 2.20175307118, 0.533280652572, 55.2121712713, 2.78425426968, 0.347401306759, 4.67680898303, 2.95753900401, 76.8293604812, 0.0209096051499, 0.611111111111
0.100007233674, 0.896377172821, 2.20175307118, 0.65441448124, 66.6567283852, 33.8557590729, 0.660542039529, 2.45383347914, 1.16120129992, 65.811284168, 0.109952164784, 0.444444444444
0.10051943845, 0.846298937043, 2.29346751082, 0.571919703204, 16.6901100972, 1.28793138789, 0.717916319844, 4.75290538023, 31.4518520036, 120.681474846, 0.00418512179841, 0.0
0.100164514273, 0.822262129229, 2.19199654801, 0.540158049995, 79.6354746374, 1.28793138789, 0.347401306759, 4.89228397215, 2.95753900401, 77.4412763613, 0.00682167040309, 0.272727272727
0.127507809652, 0.822262129229, 2.189366936, 0.521105215636, 44.6128313161, 1.03579930487, 0.660542039529, 0.937859433917, 26.302262985, 82.7468276333, 0.00491427951247, 0.142857142857
0.148560149298, 0.822262129229, 2.1729065599, 0.521105215636, 59.9173803354, 3.63180679248, 0.660542039529, 4.85139440986, 1.41469448008, 80.8282727813, 0.0371779841629, 0.0
0.139323613041, 0.956544453296, 3.28865663475, 0.661756204485, 66.6446522209, 1.11919619489, 0.347401306759, 2.90938366742, 2.03719260574, 179.715976627, 0.00262766725677, 0.0
0.100005005674, 0.856954607005, 2.15246934077, 0.696337953443, 67.7627107471, 1.28793138789, 0.0129469675694, 4.67680898303, 2.03719260574, 79.713421234, 0.0129094131056, 0.263157894737
0.100164514273, 0.942605765981, 2.27474700323, 0.646766543466, 76.1931441507, 1.0783574875, 0.0826428896329, 4.53004957131, 10.024707939, 103.247760159, 0.00729556523549, 0.0
0.100005005674, 0.856954607005, 2.04438348315, 0.696337953443, 16.6901100972, 1.18776165078, 0.0166124753893, 4.73060878735, 2.03719260574, 81.2653606152, 0.0031603747486, 0.588235294118
0.269393888453, 1.01713538284, 2.00422317562, 0.663233974906, 76.7053213158, 1.0783574875, 0.675795123751, 2.15504306903, 2.03719260574, 80.554721108, 0.0237295490695, 0.0967741935484
0.100164514273, 0.822262129229, 2.20175307118, 0.521105215636, 55.2121712713, 25.6262524279, 0.347401306759, 4.67680898303, 2.95753900401, 67.8940907871, 0.131644285104, 0.3
0.101427686863, 0.820329569197, 2.20175307118, 0.533280652572, 55.2121712713, 2.78425426968, 0.347401306759, 4.67680898303, 2.95753900401, 76.8293604812, 0.0209096051499, 0.611111111111
0.100007233674, 0.896377172821, 2.20175307118, 0.65441448124, 66.6567283852, 33.8557590729, 0.660542039529, 2.45383347914, 1.16120129992, 65.811284168, 0.109952164784, 0.444444444444
0.10051943845, 0.846298937043, 2.29346751082, 0.571919703204, 16.6901100972, 1.28793138789, 0.717916319844, 4.75290538023, 31.4518520036, 120.681474846, 0.00418512179841, 0.0
0.100164514273, 0.822262129229, 2.19199654801, 0.540158049995, 79.6354746374, 1.28793138789, 0.347401306759, 4.89228397215, 2.95753900401, 77.4412763613, 0.00682167040309, 0.272727272727
0.127507809652, 0.822262129229, 2.189366936, 0.521105215636, 44.6128313161, 1.03579930487, 0.660542039529, 0.937859433917, 26.302262985, 82.7468276333, 0.00491427951247, 0.142857142857
0.148560149298, 0.822262129229, 2.1729065599, 0.521105215636, 59.9173803354, 3.63180679248, 0.660542039529, 4.85139440986, 1.41469448008, 80.8282727813, 0.0371779841629, 0.0
0.139323613041, 0.956544453296, 3.28865663475, 0.661756204485, 66.6446522209, 1.11919619489, 0.347401306759, 2.90938366742, 2.03719260574, 179.715976627, 0.00262766725677, 0.0
0.100005005674, 0.856954607005, 2.15246934077, 0.696337953443, 67.7627107471, 1.28793138789, 0.0129469675694, 4.67680898303, 2.03719260574, 79.713421234, 0.0129094131056, 0.263157894737
0.100164514273, 0.942605765981, 2.27474700323, 0.646766543466, 76.1931441507, 1.0783574875, 0.0826428896329, 4.53004957131, 10.024707939, 103.247760159, 0.00729556523549, 0.0
0.625702518542, 0.822262129229, 2.20175307118, 0.505280758802, 20.1066657451, 2.78425426968, 0.384660649666, 4.53004957131, 2.94105881131, 74.6412052917, 0.237218372761, 0.375
0.625702518542, 0.822262129229, 2.20175307118, 0.505280758802, 20.1066657451, 2.78425426968, 0.384660649666, 4.53004957131, 2.94105881131, 74.6412052917, 0.237218372761, 0.375
0.127507809652, 0.821962868179, 2.20175307118, 0.521105215636, 55.2121712713, 25.6262524279, 0.660542039529, 4.02048448715, 2.95753900401, 71.8376098755, 0.263880231303, 0.5625
0.127507809652, 0.821962868179, 2.20175307118, 0.521105215636, 55.2121712713, 25.6262524279, 0.660542039529, 4.02048448715, 2.95753900401, 71.8376098755, 0.263880231303, 0.5625
0.100005005674, 0.856954607005, 2.20175307118, 0.696337953443, 55.2121712713, 1.28793138789, 0.0166124753893, 4.67680898303, 2.03719260574, 127.770296336, 0.00551838850178, 0.0
0.100005005674, 0.856954607005, 2.20175307118, 0.696337953443, 55.2121712713, 1.28793138789, 0.0166124753893, 4.67680898303, 2.03719260574, 127.770296336, 0.00551838850178, 0.0
0.148560149298, 0.821600429734, 2.20175307118, 0.521105215636, 55.2121712713, 16.5233017483, 0.660542039529, 0.920016432767, 34.7434414625, 90.9681174811, 0.0744347005526, 0.0
0.776857735346, 0.866595132934, 2.0336301435, 0.696337953443, 14.7216202766, 17.5503141243, 0.309951281827, 4.47867399716, 11.5550113369, 88.7967674509, 0.374423093017, 0.0
0.238161011763, 0.930333368345, 2.29346751082, 0.643064340625, 17.5351760002, 7.52601908924, 0.219803833578, 2.90938366742, 3.62592040678, 102.783067031, 0.059579650601, 0.0
0.148560149298, 0.821600429734, 2.20175307118, 0.521105215636, 55.2121712713, 16.5233017483, 0.660542039529, 0.920016432767, 34.7434414625, 90.9681174811, 0.0744347005526, 0.0
0.776857735346, 0.866595132934, 2.0336301435, 0.696337953443, 14.7216202766, 17.5503141243, 0.309951281827, 4.47867399716, 11.5550113369, 88.7967674509, 0.374423093017, 0.0
0.238161011763, 0.930333368345, 2.29346751082, 0.643064340625, 17.5351760002, 7.52601908924, 0.219803833578, 2.90938366742, 3.62592040678, 102.783067031, 0.059579650601, 0.0
0.100164514273, 0.822262129229, 2.20175307118, 0.521105215636, 79.6354746374, 1.28793138789, 0.347401306759, 4.67680898303, 2.95753900401, 104.512894383, 0.00831268377203, 0.0
0.100164514273, 0.822262129229, 2.20175307118, 0.521105215636, 79.6354746374, 1.28793138789, 0.347401306759, 4.67680898303, 2.95753900401, 104.512894383, 0.00831268377203, 0.0
0.10051943845, 0.846298937043, 2.28943531748, 0.480853734395, 16.6901100972, 1.28793138789, 0.717916319844, 3.96387324595, 31.4518520036, 79.4246894554, 0.0178127507161, 0.529411764706
0.127507809652, 0.822262129229, 2.189366936, 0.521105215636, 44.6128313161, 1.03549933432, 0.660542039529, 0.937859433917, 2.95753900401, 80.9374605206, 0.00984659115112, 0.304347826087
0.10051943845, 0.846298937043, 2.28943531748, 0.480853734395, 16.6901100972, 1.28793138789, 0.717916319844, 3.96387324595, 31.4518520036, 79.4246894554, 0.0178127507161, 0.529411764706
0.127507809652, 0.822262129229, 2.189366936, 0.521105215636, 44.6128313161, 1.03549933432, 0.660542039529, 0.937859433917, 2.95753900401, 80.9374605206, 0.00984659115112, 0.304347826087
0.100164514273, 0.820120076251, 2.28969092703, 0.521105215636, 79.6354746374, 1.43548518316, 0.347401306759, 4.53004957131, 2.95753900401, 99.4627457478, 0.0219325527669, 0.25
0.100164514273, 0.820120076251, 2.28969092703, 0.521105215636, 79.6354746374, 1.43548518316, 0.347401306759, 4.53004957131, 2.95753900401, 99.4627457478, 0.0219325527669, 0.25
0.72960286171, 0.856954607005, 2.11666173449, 0.474905906165, 55.2121712713, 2.09169431158, 0.660542039529, 4.29491061879, 1.9549862931, 96.8094392401, 0.0785423712333, 0.0714285714286
0.238161011763, 0.857112338255, 2.29346751082, 0.643064340625, 17.5351760002, 7.52601908924, 0.219803833578, 2.90938366742, 3.62592040678, 97.9794793499, 0.0856974610692, 0.0
0.72960286171, 0.856954607005, 2.11666173449, 0.474905906165, 55.2121712713, 2.09169431158, 0.660542039529, 4.29491061879, 1.9549862931, 96.8094392401, 0.0785423712333, 0.0714285714286
0.238161011763, 0.857112338255, 2.29346751082, 0.643064340625, 17.5351760002, 7.52601908924, 0.219803833578, 2.90938366742, 3.62592040678, 97.9794793499, 0.0856974610692, 0.0
0.101427686863, 1.18588233313, 3.28865663475, 0.692039274723, 16.6901100972, 1.11919619489, 0.00736290516788, 0.198502742572, 32.4775966363, 287.197305784, 0.0064987102841, 0.111111111111
0.100164514273, 0.942605765981, 2.27474700323, 0.552752594991, 76.1931441507, 1.0783574875, 3.33101384629, 4.53004957131, 10.024707939, 312.514593249, 0.00600855980648, 0.012285012285
0.101427686863, 1.18588233313, 3.28865663475, 0.692039274723, 16.6901100972, 1.11919619489, 0.00736290516788, 0.198502742572, 32.4775966363, 287.197305784, 0.0064987102841, 0.111111111111
0.100164514273, 0.942605765981, 2.27474700323, 0.552752594991, 76.1931441507, 1.0783574875, 3.33101384629, 4.53004957131, 10.024707939, 312.514593249, 0.00600855980648, 0.012285012285
0.100164514273, 0.820527682047, 2.16052659869, 0.521105215636, 79.6354746374, 1.28793138789, 0.347401306759, 4.67680898303, 2.95753900401, 120.720282807, 0.00598009947006, 0.3
0.191892217875, 0.908615673431, 2.07394984429, 0.663233974906, 20.1066657451, 6.95740272763, 0.347401306759, 4.946578075, 1.85476307416, 80.3714656498, 0.109397394102, 0.277777777778
0.100164514273, 0.822262129229, 2.4330244158, 0.521105215636, 24.4022652918, 1.43548518316, 0.347401306759, 4.53004957131, 2.95753900401, 134.717290085, 0.00523158155066, 0.454545454545
0.238161011763, 0.936528524838, 2.02974522093, 0.536574549376, 76.1931441507, 1.05063599767, 0.660542039529, 2.90938366742, 1.82629853212, 80.8783271606, 0.0168687463946, 0.583333333333
0.100164514273, 0.820527682047, 2.16052659869, 0.521105215636, 79.6354746374, 1.28793138789, 0.347401306759, 4.67680898303, 2.95753900401, 120.720282807, 0.00598009947006, 0.3
0.191892217875, 0.908615673431, 2.07394984429, 0.663233974906, 20.1066657451, 6.95740272763, 0.347401306759, 4.946578075, 1.85476307416, 80.3714656498, 0.109397394102, 0.277777777778
0.100164514273, 0.822262129229, 2.4330244158, 0.521105215636, 24.4022652918, 1.43548518316, 0.347401306759, 4.53004957131, 2.95753900401, 134.717290085, 0.00523158155066, 0.454545454545
0.238161011763, 0.936528524838, 2.02974522093, 0.536574549376, 76.1931441507, 1.05063599767, 0.660542039529, 2.90938366742, 1.82629853212, 80.8783271606, 0.0168687463946, 0.583333333333
0.269393888453, 1.01713538284, 2.00422317562, 0.663233974906, 76.7053213158, 1.05698541808, 0.675795123751, 2.15504306903, 2.03719260574, 108.88980717, 0.0148509673868, 0.0
0.100164514273, 0.822262129229, 2.12099352449, 0.521105215636, 55.2121712713, 2.78425426968, 0.347401306759, 4.67680898303, 2.95753900401, 91.8909649199, 0.0367238972341, 0.228571428571
0.138344970773, 0.967497365918, 2.17030898863, 0.521105215636, 75.0361800085, 1.86013584788, 0.0843227289583, 3.65002609577, 2.03719260574, 107.272423839, 0.016379036038, 0.0
0.269393888453, 1.01713538284, 2.00422317562, 0.663233974906, 76.7053213158, 1.05698541808, 0.675795123751, 2.15504306903, 2.03719260574, 108.88980717, 0.0148509673868, 0.0
0.100164514273, 0.822262129229, 2.12099352449, 0.521105215636, 55.2121712713, 2.78425426968, 0.347401306759, 4.67680898303, 2.95753900401, 91.8909649199, 0.0367238972341, 0.228571428571
0.138344970773, 0.967497365918, 2.17030898863, 0.521105215636, 75.0361800085, 1.86013584788, 0.0843227289583, 3.65002609577, 2.03719260574, 107.272423839, 0.016379036038, 0.0
0.100164514273, 0.822262129229, 2.4330244158, 0.521105215636, 79.6354746374, 1.43548518316, 0.347401306759, 4.53004957131, 2.95753900401, 98.5574937283, 0.00792084507657, 0.35
0.100164514273, 0.822262129229, 2.4330244158, 0.521105215636, 79.6354746374, 1.43548518316, 0.347401306759, 4.53004957131, 2.95753900401, 98.5574937283, 0.00792084507657, 0.35
0.72960286171, 0.856954607005, 2.11666173449, 0.474905906165, 55.2121712713, 2.09169431158, 0.660542039529, 4.29491061879, 1.9549862931, 90.7744355575, 0.055982011394, 0.142857142857
0.72960286171, 0.856954607005, 2.11666173449, 0.474905906165, 55.2121712713, 2.09169431158, 0.660542039529, 4.29491061879, 1.9549862931, 90.7744355575, 0.055982011394, 0.142857142857
0.148560149298, 0.822262129229, 2.20175307118, 0.521105215636, 97.1557955779, 1.03880292862, 0.660542039529, 4.53004957131, 2.95753900401, 89.1109941581, 0.0123738772253, 0.571428571429
0.148560149298, 0.822262129229, 2.20175307118, 0.521105215636, 97.1557955779, 1.03880292862, 0.660542039529, 4.53004957131, 2.95753900401, 89.1109941581, 0.0123738772253, 0.571428571429
0.148560149298, 0.925435581092, 2.20175307118, 0.533280652572, 67.6623768299, 2.78425426968, 0.384660649666, 4.53004957131, 2.94105881131, 134.393413466, 0.0114281960615, 0.0
0.269393888453, 1.01713538284, 2.00422317562, 0.663233974906, 76.1931441507, 1.0783574875, 0.675795123751, 2.15504306903, 22.5407452065, 133.90153819, 0.012202616756, 0.0
0.148560149298, 0.925435581092, 2.20175307118, 0.533280652572, 67.6623768299, 2.78425426968, 0.384660649666, 4.53004957131, 2.94105881131, 134.393413466, 0.0114281960615, 0.0
0.269393888453, 1.01713538284, 2.00422317562, 0.663233974906, 76.1931441507, 1.0783574875, 0.675795123751, 2.15504306903, 22.5407452065, 133.90153819, 0.012202616756, 0.0
0.100007233674, 0.896377172821, 2.20175307118, 0.65441448124, 66.6567283852, 46.5858448559, 0.384660649666, 2.45383347914, 1.16120129992, 105.915035458, 0.124784265365, 0.0
0.100007233674, 0.896377172821, 2.20175307118, 0.65441448124, 66.6567283852, 46.5858448559, 0.384660649666, 2.45383347914, 1.16120129992, 105.915035458, 0.124784265365, 0.0
0.138344970773, 0.824222878674, 2.4330244158, 0.676873959764, 76.1931441507, 34.8612864808, 0.16902220031, 4.74673023856, 1.33890222975, 99.9532818962, 0.171413054559, 0.222222222222
0.138344970773, 0.824222878674, 2.4330244158, 0.676873959764, 76.1931441507, 34.8612864808, 0.16902220031, 4.74673023856, 1.33890222975, 99.9532818962, 0.171413054559, 0.222222222222
0.127507809652, 0.822262129229, 2.20175307118, 0.521105215636, 22.5727850406, 2.78425426968, 0.660542039529, 0.937859433917, 2.95753900401, 82.510179776, 0.052464038472, 0.428571428571
0.127507809652, 0.822262129229, 2.20175307118, 0.521105215636, 22.5727850406, 2.78425426968, 0.660542039529, 0.937859433917, 2.95753900401, 82.510179776, 0.052464038472, 0.428571428571
0.100011995704, 0.926914675368, 2.62319917096, 0.696337953443, 68.7476701779, 1.43548518316, 0.00125697378235, 2.70621650217, 31.4518520036, 182.598532138, 0.0126460430044, 0.0
0.100011995704, 0.926914675368, 2.62319917096, 0.696337953443, 68.7476701779, 1.43548518316, 0.00125697378235, 2.70621650217, 31.4518520036, 182.598532138, 0.0126460430044, 0.0
0.691304920001, 0.822262129229, 2.1729065599, 0.521105215636, 55.2121712713, 3.63180679248, 0.660542039529, 4.85139440986, 2.95753900401, 82.0555688098, 0.109621020305, 0.307692307692
0.691304920001, 0.822262129229, 2.1729065599, 0.521105215636, 55.2121712713, 3.63180679248, 0.660542039529, 4.85139440986, 2.95753900401, 82.0555688098, 0.109621020305, 0.307692307692
0.238161011763, 0.936528524838, 2.02974522093, 0.536574549376, 76.1931441507, 1.05063599767, 0.660542039529, 2.90938366742, 1.82629853212, 118.938716413, 0.00975740413486, 0.518518518519
0.238161011763, 0.936528524838, 2.02974522093, 0.536574549376, 76.1931441507, 1.05063599767, 0.660542039529, 2.90938366742, 1.82629853212, 118.938716413, 0.00975740413486, 0.518518518519
0.148560149298, 0.822262129229, 2.20175307118, 0.521105215636, 55.2121712713, 1.358197686, 0.347401306759, 4.67680898303, 2.95753900401, 104.343642732, 0.0202254137863, 0.315789473684
0.148560149298, 0.822262129229, 2.20175307118, 0.521105215636, 55.2121712713, 1.358197686, 0.347401306759, 4.67680898303, 2.95753900401, 104.343642732, 0.0202254137863, 0.315789473684
0.252155792204, 0.926914675368, 2.09390385222, 0.663233974906, 45.7382556073, 1.0783574875, 0.00736290516788, 0.210871553171, 37.4526897951, 110.203332973, 0.0253264468382, 0.214285714286
0.252155792204, 0.926914675368, 2.09390385222, 0.663233974906, 45.7382556073, 1.0783574875, 0.00736290516788, 0.210871553171, 37.4526897951, 110.203332973, 0.0253264468382, 0.214285714286
