0.649269007087, 0.479504508789, 0.505566224227, 0.994812678292, 0.501519515081, 0.399601797833, 0.800035205171, 0.302926510185, 0.597018035716, 1.54687355958, 0.00806597158515, 1.52070013116, 3.33856417925, 3.46491216668
0.646354331486, 0.499235301762, 0.542946608551, 0.994861502173, 0.501519515081, 0.399601797833, 0.800002670848, 0.30062123799, 0.597018035782, 1.58941824355, 0.00820940620639, 1.34488571085, 2.95152768621, 3.22485977847
0.646354331486, 0.499235301762, 0.50054907029, 0.994861502173, 0.501519515081, 0.399601797833, 0.800002670848, 0.30062123799, 0.597018035782, 1.46530397572, 0.00756835125136, 1.46964103364, 2.95152768621, 3.22485977847
0.674549354234, 0.499235301762, 0.500528422337, 0.994861502173, 0.501514922039, 0.399601797833, 0.800002670848, 0.30062123799, 0.597018035782, 1.52892939052, 0.00789697895982, 1.53358142536, 3.07981392226, 2.96730493753
0.518459637064, 0.444539462439, 0.50054907029, 0.994861502173, 0.50138902854, 0.399601797833, 0.800000241225, 0.30062123799, 0.597018035782, 1.04228741448, 0.0053834544834, 1.04537241319, 2.61529750421, 4.37306198787
0.6494389671, 0.498923081495, 0.500458263651, 0.994864273341, 0.501519515081, 0.399601797833, 0.800002670848, 0.300617432901, 0.597018035823, 1.4710505421, 0.00759391375056, 1.47593650174, 2.96733580107, 3.19659484698
0.436404085689, 0.575898196112, 0.505580287824, 0.999992123684, 0.501524244408, 0.399601797833, 0.802346682357, 0.300651755493, 0.597018035782, 1.23717618633, 9.74446700365e-06, 1.20987531861, 1.8020599771, 5.48754569722
0.496757189237, 0.499235301762, 0.501131424123, 0.994859597609, 0.501519515081, 0.399601431591, 0.800000217308, 0.30063554954, 0.600600724738, 1.02823766137, 0.00531286560056, 1.02888355164, 2.0687523005, 4.18512281303
0.670109585075, 0.546524718068, 0.500619666087, 0.994774574035, 0.501525071016, 0.399601797833, 0.799990179963, 0.300635143453, 0.600497132773, 1.51476742458, 0.00795688313451, 1.51895465711, 2.52381306923, 2.73985407352
0.670109585075, 0.546524718068, 0.500619666087, 0.994774574035, 0.501525071016, 0.399601797833, 0.799990179963, 0.300635143453, 0.600497132773, 1.51476742458, 0.00795688313451, 1.51895465711, 2.52381306923, 2.73985407352
0.556909100414, 0.492910755564, 0.493695000479, 0.928859027023, 0.501525059988, 0.399601797833, 0.799990049166, 0.300635143453, 0.600484311051, 1.04531417098, 0.0800602298368, 1.15411880799, 2.34506241932, 3.67941287354
0.556909100414, 0.492910755564, 0.493695000479, 0.928859027023, 0.501525059988, 0.399601797833, 0.799990049166, 0.300635143453, 0.600484311051, 1.04531417098, 0.0800602298368, 1.15411880799, 2.34506241932, 3.67941287354
0.556909100414, 0.492910755564, 0.493695000479, 0.928859027023, 0.501525059988, 0.399601797833, 0.799990049166, 0.300635143453, 0.600484311051, 1.04531417098, 0.0800602298368, 1.15411880799, 2.34506241932, 3.67941287354
0.556909100414, 0.492910755564, 0.493695000479, 0.928859027023, 0.501525059988, 0.399601797833, 0.799990049166, 0.300635143453, 0.600484311051, 1.04531417098, 0.0800602298368, 1.15411880799, 2.34506241932, 3.67941287354
0.609684738926, 0.549297452156, 0.562420811122, 0.995985848176, 0.501519515081, 0.399601797833, 0.79999012946, 0.300621383011, 0.600586387524, 1.55944050805, 0.00628506014579, 1.21817847168, 2.28421347815, 3.24456802984
0.609684738926, 0.549297452156, 0.562420811122, 0.995985848176, 0.501519515081, 0.399601797833, 0.79999012946, 0.300621383011, 0.600586387524, 1.55944050805, 0.00628506014579, 1.21817847168, 2.28421347815, 3.24456802984
0.609684738926, 0.549297452156, 0.562420811122, 0.995985848176, 0.501519515081, 0.399601797833, 0.79999012946, 0.300621383011, 0.600586387524, 1.55944050805, 0.00628506014579, 1.21817847168, 2.28421347815, 3.24456802984
0.553864897595, 0.575898196112, 0.542491758958, 0.994774574035, 0.501525059988, 0.399601797833, 0.799990179963, 0.300635143453, 0.600484311051, 1.42939831696, 0.00750844992845, 1.21180953739, 1.95056239143, 3.70469347453
0.441678761554, 0.548745882161, 0.523093208885, 0.994865319095, 0.50152506227, 0.39960142789, 0.799990306078, 0.300635141685, 0.600600724738, 1.04911107721, 0.00541465313104, 0.961416576744, 1.65778422576, 4.64391708652
0.441675059428, 0.576504719671, 0.505580287824, 0.912867026352, 0.501525156981, 0.399601797833, 0.799956983526, 0.300652660559, 0.600618477039, 0.977865518191, 0.0933370665919, 1.04755601911, 1.55642137573, 4.64582411867
0.496757189237, 0.574634153627, 0.501527264025, 0.994857096611, 0.501519515081, 0.399601804244, 0.799990145768, 0.30063554968, 0.600600724738, 1.18441655662, 0.0061228290416, 1.18328846191, 1.75719679235, 4.18495896219
0.556989512412, 0.542033830414, 0.543309465443, 0.995992109698, 0.501519562153, 0.399601797833, 0.799990049166, 0.300635143453, 0.600484311051, 1.35636305259, 0.00545802950794, 1.14470819581, 2.11777484717, 3.67801400125
0.670109585075, 0.546524718068, 0.500619666087, 0.994774574035, 0.501525071016, 0.399601797833, 0.799990179963, 0.300635143453, 0.600497132773, 1.51476742458, 0.00795688313451, 1.51895465711, 2.52381306923, 2.73985407352
0.609684738926, 0.549297452156, 0.562420811122, 0.849398687936, 0.501519515081, 0.399601797833, 0.79999012946, 0.300621383011, 0.600586387524, 1.32992524329, 0.235800324903, 1.21817847168, 2.28421347815, 3.24456802984
0.240838977423, 0.548745882161, 0.523093167817, 0.994865563852, 0.501525221088, 0.39960142789, 0.799990307636, 0.499553328125, 0.600600724738, 0.433999363816, 0.00223984234919, 0.397721611916, 0.685796951758, 4.79050723005
0.240838977423, 0.548745882161, 0.523093167817, 0.994865563852, 0.501525221088, 0.39960142789, 0.799990307636, 0.499553328125, 0.600600724738, 0.433999363816, 0.00223984234919, 0.397721611916, 0.685796951758, 4.79050723005
0.441675059428, 0.576504719671, 0.500398024819, 0.9974956576, 0.501519172853, 0.399601797833, 0.799956983526, 0.29998021282, 0.600618477039, 1.05370817163, 0.00264547121714, 1.05467316072, 1.55074166343, 4.62887051937
0.441675059428, 0.576504719671, 0.500398024819, 0.9974956576, 0.501519172853, 0.399601797833, 0.799956983526, 0.29998021282, 0.600618477039, 1.05370817163, 0.00264547121714, 1.05467316072, 1.55074166343, 4.62887051937
0.17123002474, 0.548745882161, 0.522958909359, 0.998274464463, 0.501525217204, 0.39960142789, 0.799990307112, 0.300635138108, 0.600600724738, 0.408010599267, 0.000705253728855, 0.372829017322, 0.642693371326, 6.89345162498
0.191353043042, 0.575233357913, 0.487768848052, 0.994723823192, 0.501525218977, 0.39960142789, 0.799957271943, 0.300648537602, 0.600600724738, 0.444253251221, 0.00235639143874, 0.469007753661, 0.676114695926, 6.72656829609
0.73579964821, 0.549297452156, 0.487549776698, 0.849398687936, 0.501525135164, 0.399601810619, 0.79999012946, 0.300647444116, 0.600586387524, 1.3920998818, 0.246824102393, 1.7226281332, 2.75817791995, 2.19738461776
0.73579964821, 0.549297452156, 0.487549776698, 0.849398687936, 0.501525135164, 0.399601810619, 0.79999012946, 0.300647444116, 0.600586387524, 1.3920998818, 0.246824102393, 1.7226281332, 2.75817791995, 2.19738461776
0.444254530295, 0.547768648715, 0.542167356634, 0.997943790639, 0.50152506227, 0.39960178951, 0.799990497816, 0.30063514134, 0.600464306169, 1.09306611707, 0.0022522037849, 0.924940382386, 1.66790181485, 4.61374810991
0.610756979917, 0.549297452156, 0.562405141467, 0.995985848176, 0.501519515081, 0.399601797833, 0.79999012946, 0.300620647252, 0.600586387524, 1.56212535434, 0.00629588096283, 1.22035347471, 2.28820989836, 3.23562544
0.659714418107, 0.546524718068, 0.500619666087, 0.994774574035, 0.501525071016, 0.399601797833, 0.799990179963, 0.300635143453, 0.600497132773, 1.49126938687, 0.00783345089211, 1.49539166438, 2.48466207239, 2.82618953304
0.659714418107, 0.546524718068, 0.500619666087, 0.994774574035, 0.501525071016, 0.399601797833, 0.799990179963, 0.300635143453, 0.600497132773, 1.49126938687, 0.00783345089211, 1.49539166438, 2.48466207239, 2.82618953304
0.659714418107, 0.546524718068, 0.500619666087, 0.994774574035, 0.501525071016, 0.399601797833, 0.799990179963, 0.300635143453, 0.600497132773, 1.49126938687, 0.00783345089211, 1.49539166438, 2.48466207239, 2.82618953304
0.659714418107, 0.546524718068, 0.500619666087, 0.994774574035, 0.501525071016, 0.399601797833, 0.799990179963, 0.300635143453, 0.600497132773, 1.49126938687, 0.00783345089211, 1.49539166438, 2.48466207239, 2.82618953304
0.441675059428, 0.576504719671, 0.500398024819, 0.9974956576, 0.501519172853, 0.399601797833, 0.799956986991, 0.299980866221, 0.600618477039, 1.05370620104, 0.00264546626972, 1.05467118833, 1.55073876332, 4.6288618627
0.196178290894, 0.700287618947, 0.487485870438, 0.994775501172, 0.501525371384, 0.399601819841, 0.799990131816, 0.300619980925, 0.600484311051, 0.553124269609, 0.00290497413249, 0.584576622932, 0.488161850779, 6.67371932139
0.637908187768, 0.552766993449, 0.522366578466, 0.994861502173, 0.501519515081, 0.399601797833, 0.800002670848, 0.300621105494, 0.600766221327, 1.52807144099, 0.00789254761758, 1.40443084507, 2.37901618131, 3.01942381577
0.441678761554, 0.51422165466, 0.52321206228, 0.998018077251, 0.501524881813, 0.399601433572, 0.799990306078, 0.300635141685, 0.600592961136, 0.986321852258, 0.0019586957, 0.900591324856, 1.78439208971, 4.64333235649
0.441675059428, 0.576504719671, 0.493677623263, 0.923647717053, 0.501525056641, 0.399601797833, 0.705047860722, 0.300635199835, 0.600484998345, 0.975340994963, 0.0806254486886, 1.08301331539, 1.57127565788, 4.69016325676
0.484196081001, 0.548288191237, 0.500398024819, 0.995778510444, 0.501519170024, 0.399601797833, 0.799990314709, 0.29998021282, 0.600576933256, 1.09612757162, 0.00464690796871, 1.09902333133, 1.81232181171, 4.27402679626
0.553500345328, 0.580556086831, 0.493695000479, 0.970399247575, 0.501525059988, 0.399601797833, 0.799990048852, 0.300635143453, 0.600480895896, 1.27831576393, 0.0389933406728, 1.35095592406, 1.92778536025, 3.70755850258
0.615871848969, 0.636164389778, 0.562420811122, 0.994790976926, 0.501519515081, 0.398255944573, 0.799996605665, 0.300621378298, 0.600586387524, 1.88752603331, 0.00988365082504, 1.47623803055, 1.92945910628, 3.30762417744
0.615871848969, 0.636164389778, 0.562420811122, 0.994790976926, 0.501519515081, 0.398255944573, 0.799996605665, 0.300621378298, 0.600586387524, 1.88752603331, 0.00988365082504, 1.47623803055, 1.92945910628, 3.30762417744
0.615871848969, 0.636164389778, 0.562420811122, 0.994790976926, 0.501519515081, 0.398255944573, 0.799996605665, 0.300621378298, 0.600586387524, 1.88752603331, 0.00988365082504, 1.47623803055, 1.92945910628, 3.30762417744
0.615871848969, 0.636164389778, 0.562420811122, 0.994790976926, 0.501519515081, 0.398255944573, 0.799996605665, 0.300621378298, 0.600586387524, 1.88752603331, 0.00988365082504, 1.47623803055, 1.92945910628, 3.30762417744
0.615871848969, 0.636164389778, 0.562420811122, 0.994790976926, 0.501519515081, 0.398255944573, 0.799996605665, 0.300621378298, 0.600586387524, 1.88752603331, 0.00988365082504, 1.47623803055, 1.92945910628, 3.30762417744
0.615871848969, 0.636164389778, 0.562420811122, 0.994790976926, 0.501519515081, 0.398255944573, 0.799996605665, 0.300621378298, 0.600586387524, 1.88752603331, 0.00988365082504, 1.47623803055, 1.92945910628, 3.30762417744
0.73570306509, 0.546524718068, 0.500619666087, 0.994774574035, 0.501525071016, 0.399601797833, 0.799990179963, 0.300635143453, 0.600497132773, 1.66303998925, 0.00873574030426, 1.66763708781, 2.77085577061, 2.1950775196
0.179923126322, 0.580556086831, 0.493695000479, 0.970375582804, 0.501525059985, 0.399601797833, 0.799990048852, 0.300635143453, 0.600484311051, 0.41554250494, 0.0126860204927, 0.439166374288, 0.626681072259, 6.80989252013
0.559689772376, 0.552426974867, 0.523093208885, 0.994773857618, 0.501525058438, 0.39960142789, 0.799990308153, 0.300635163555, 0.600593300736, 1.33806278577, 0.00702964455745, 1.2263277439, 2.08334921832, 3.66192607391
0.199688327947, 0.572361852878, 0.487485870438, 0.996014699257, 0.501525384483, 0.399601819841, 0.799990436565, 0.300619980925, 0.600619702904, 0.461638402947, 0.00184712923582, 0.487281577778, 0.71036230525, 6.65748105285
0.199688327947, 0.572361852878, 0.487485870438, 0.996014699257, 0.501525384483, 0.399601819841, 0.799990436565, 0.300619980925, 0.600619702904, 0.461638402947, 0.00184712923582, 0.487281577778, 0.71036230525, 6.65748105285
0.199688327947, 0.572361852878, 0.487485870438, 0.996014699257, 0.501525384483, 0.399601819841, 0.799990436565, 0.300619980925, 0.600619702904, 0.461638402947, 0.00184712923582, 0.487281577778, 0.71036230525, 6.65748105285
0.441674905343, 0.552770786769, 0.523093208885, 0.996633295319, 0.501525058591, 0.399601432493, 0.799957215592, 0.299974020345, 0.600600594766, 1.05518992298, 0.00356451351789, 0.965271910076, 1.63757516172, 4.62866235772
0.440780783531, 0.58063494908, 0.500230648978, 0.967687336809, 0.501518539059, 0.399601797833, 0.799989969176, 0.300626754022, 0.600615549421, 1.0303433094, 0.034404848613, 1.06376627865, 1.53732490015, 4.65085565939
0.629794731992, 0.636164389778, 0.586998792652, 0.994790976926, 0.501524918339, 0.398255944573, 0.799996605665, 0.300619981457, 0.600585212632, 2.01485859259, 0.0105504021876, 1.42503931982, 1.97338296242, 3.18823071954
0.446991285609, 0.578285649425, 0.526343564334, 0.913650397976, 0.501525156981, 0.399601797833, 0.799989831171, 0.300620121487, 0.600483947176, 1.03203416338, 0.0975381168555, 1.01650179909, 1.56502281796, 4.59129515546
0.446991285609, 0.578285649425, 0.526343564334, 0.913650397976, 0.501525156981, 0.399601797833, 0.799989831171, 0.300620121487, 0.600483947176, 1.03203416338, 0.0975381168555, 1.01650179909, 1.56502281796, 4.59129515546
0.295355675999, 0.547768648715, 0.542167356634, 0.997943790639, 0.50152506227, 0.39960178951, 0.799990498567, 0.300634743527, 0.600464306169, 0.726704244413, 0.00149733490428, 0.614929043371, 1.1088728387, 5.849863273
0.295355675999, 0.547768648715, 0.542167356634, 0.997943790639, 0.50152506227, 0.39960178951, 0.799990498567, 0.300634743527, 0.600464306169, 0.726704244413, 0.00149733490428, 0.614929043371, 1.1088728387, 5.849863273
0.295355675999, 0.547768648715, 0.542167356634, 0.997943790639, 0.50152506227, 0.39960178951, 0.799990498567, 0.300634743527, 0.600464306169, 0.726704244413, 0.00149733490428, 0.614929043371, 1.1088728387, 5.849863273
0.295355675999, 0.547768648715, 0.542167356634, 0.997943790639, 0.50152506227, 0.39960178951, 0.799990498567, 0.300634743527, 0.600464306169, 0.726704244413, 0.00149733490428, 0.614929043371, 1.1088728387, 5.849863273
0.295355675999, 0.547768648715, 0.542167356634, 0.997943790639, 0.50152506227, 0.39960178951, 0.799990498567, 0.300634743527, 0.600464306169, 0.726704244413, 0.00149733490428, 0.614929043371, 1.1088728387, 5.849863273
0.295355675999, 0.547768648715, 0.542167356634, 0.997943790639, 0.50152506227, 0.39960178951, 0.799990498567, 0.300634743527, 0.600464306169, 0.726704244413, 0.00149733490428, 0.614929043371, 1.1088728387, 5.849863273
0.609684738926, 0.549297452156, 0.550414117134, 0.849398687936, 0.501519515081, 0.399601797833, 0.79999012946, 0.300621383011, 0.600586387524, 1.30153368112, 0.230766403171, 1.25160395558, 2.28421347815, 3.24456802984
0.609684738926, 0.549297452156, 0.550414117134, 0.849398687936, 0.501519515081, 0.399601797833, 0.79999012946, 0.300621383011, 0.600586387524, 1.30153368112, 0.230766403171, 1.25160395558, 2.28421347815, 3.24456802984
0.609684738926, 0.549297452156, 0.550414117134, 0.849398687936, 0.501519515081, 0.399601797833, 0.79999012946, 0.300621383011, 0.600586387524, 1.30153368112, 0.230766403171, 1.25160395558, 2.28421347815, 3.24456802984
0.199688327947, 0.548834390555, 0.552537699463, 0.997259905591, 0.501525387336, 0.39960179815, 0.799990436565, 0.300620001352, 0.600621164185, 0.502371995956, 0.00138032892888, 0.407954379246, 0.749462347628, 6.65763990838
0.199688327947, 0.548834390555, 0.552537699463, 0.997259905591, 0.501525387336, 0.39960179815, 0.799990436565, 0.300620001352, 0.600621164185, 0.502371995956, 0.00138032892888, 0.407954379246, 0.749462347628, 6.65763990838
0.199688327947, 0.548834390555, 0.552537699463, 0.997259905591, 0.501525387336, 0.39960179815, 0.799990436565, 0.300620001352, 0.600621164185, 0.502371995956, 0.00138032892888, 0.407954379246, 0.749462347628, 6.65763990838
0.199688327947, 0.548834390555, 0.552537699463, 0.997259905591, 0.501525387336, 0.39960179815, 0.799990436565, 0.300620001352, 0.600621164185, 0.502371995956, 0.00138032892888, 0.407954379246, 0.749462347628, 6.65763990838
0.441678761554, 0.51422165466, 0.52321206228, 0.998018077251, 0.501524881813, 0.399601438608, 0.799990304529, 0.300635143406, 0.600592961136, 0.98632181563, 0.00195869562726, 0.900591291412, 1.78439202345, 4.64333218406
0.505160773013, 0.548288191237, 0.514108683027, 0.99972348786, 0.501519170024, 0.399601798142, 0.799990435424, 0.29998021282, 0.600576933256, 1.17957653766, 0.000326257447124, 1.11514265747, 1.89079237734, 4.10031195354
0.615871848969, 0.635673825674, 0.562420811122, 0.994724676134, 0.501519515081, 0.398255944573, 0.799996605665, 0.300621378298, 0.600600514036, 1.88633828833, 0.010003818775, 1.47540742564, 1.93246372344, 3.30831427704
0.609684738926, 0.549297452156, 0.493222893585, 0.995985848176, 0.501524973095, 0.399601797833, 0.79999012946, 0.300621438622, 0.600584200779, 1.36779873583, 0.00551268052718, 1.41105126068, 2.28458979327, 3.24510255957
0.561885823514, 0.702443272268, 0.562420811122, 0.994790976926, 0.501525015142, 0.398255944573, 0.799996741283, 0.300621375057, 0.600586387524, 1.9018489458, 0.00995864987849, 1.48744001016, 1.43992979117, 3.77320824167
0.561885823514, 0.702443272268, 0.562420811122, 0.994790976926, 0.501525015142, 0.398255944573, 0.799996741283, 0.300621375057, 0.600586387524, 1.9018489458, 0.00995864987849, 1.48744001016, 1.43992979117, 3.77320824167
0.561885823514, 0.702443272268, 0.562420811122, 0.994790976926, 0.501525015142, 0.398255944573, 0.799996741283, 0.300621375057, 0.600586387524, 1.9018489458, 0.00995864987849, 1.48744001016, 1.43992979117, 3.77320824167
0.613691338675, 0.636164389778, 0.458155219083, 0.995015565136, 0.501519515081, 0.398255944573, 0.799996412402, 0.300635999282, 0.600586387524, 1.53277489669, 0.00767828856329, 1.82184221397, 1.92296648159, 3.32698591825
0.613691338675, 0.636164389778, 0.458155219083, 0.995015565136, 0.501519515081, 0.398255944573, 0.799996412402, 0.300635999282, 0.600586387524, 1.53277489669, 0.00767828856329, 1.82184221397, 1.92296648159, 3.32698591825
0.613691338675, 0.636164389778, 0.458155219083, 0.995015565136, 0.501519515081, 0.398255944573, 0.799996412402, 0.300635999282, 0.600586387524, 1.53277489669, 0.00767828856329, 1.82184221397, 1.92296648159, 3.32698591825
0.207151546053, 0.717851776288, 0.500619666087, 0.994760766763, 0.501525414511, 0.399601797837, 0.799990179963, 0.300635143453, 0.600496997668, 0.615052072857, 0.00323937309386, 0.61676080596, 0.485431408792, 6.58495114529
0.207151546053, 0.717851776288, 0.500619666087, 0.994760766763, 0.501525414511, 0.399601797837, 0.799990179963, 0.300635143453, 0.600496997668, 0.615052072857, 0.00323937309386, 0.61676080596, 0.485431408792, 6.58495114529
0.207151546053, 0.717851776288, 0.500619666087, 0.994760766763, 0.501525414511, 0.399601797837, 0.799990179963, 0.300635143453, 0.600496997668, 0.615052072857, 0.00323937309386, 0.61676080596, 0.485431408792, 6.58495114529
0.207151546053, 0.717851776288, 0.500619666087, 0.994760766763, 0.501525414511, 0.399601797837, 0.799990179963, 0.300635143453, 0.600496997668, 0.615052072857, 0.00323937309386, 0.61676080596, 0.485431408792, 6.58495114529
0.441675059428, 0.576504719671, 0.500398024819, 0.9974956576, 0.501519172853, 0.399601797833, 0.799956983526, 0.29998021282, 0.600618477039, 1.05370817163, 0.00264547121714, 1.05467316072, 1.55074166343, 4.62887051937
0.560681889381, 0.707098590482, 0.49981640081, 0.994774344205, 0.501525015938, 0.399601797833, 0.799990179963, 0.30063636887, 0.600497132773, 1.63717539715, 0.0086002570843, 1.64698475052, 1.36395995798, 3.64873849179
0.207911262531, 0.717851776288, 0.500967648984, 0.994760766763, 0.501525055333, 0.399601797837, 0.79999005023, 0.300635143453, 0.600496997668, 0.617728529133, 0.00325346952704, 0.6185830709, 0.487205150288, 6.57855292057
