0.00182620483811, 0.4344901292, 0.948215986063, 0.786665695978, 0.102320442727, 0.274239811751, 0.842133723384, 0.922539270029, 0.0970951498578, 0.0204641475247, 0.279079477689, 0.389455104325, 0.142869721534, 0.72047334194, 0.904234693155, 0.332937055629, 0.588891509331, 0.211330162534, 0.46034853093, 0.0563051470373, 0.354543815964, 0.512241945688, 0.00604071967265, 0.0774520235173, 0.11002816888, 0.315272003539, 0.11868225763, 0.0307380191855, 0.242722429575, 0.529263477193, 0.00182620483811, 4.26597895886
0.00182620483811, 0.4344901292, 0.948215986063, 0.786665695978, 0.102320442727, 0.274239811751, 0.842133723384, 0.922539270029, 0.0970951498578, 0.0204641475247, 0.279079477689, 0.389455104325, 0.142869721534, 0.72047334194, 0.904234693155, 0.332937055629, 0.588891509331, 0.211330162534, 0.46034853093, 0.0563051470373, 0.354543815964, 0.512241945688, 0.00604071967265, 0.0774520235173, 0.11002816888, 0.315272003539, 0.11868225763, 0.0307380191855, 0.242722429575, 0.529263477193, 0.00182620483811, 4.26597895886
0.186841837075, 0.0550119027946, 0.632103386215, 0.0425923819755, 0.282300950511, 0.461767428737, 0.126035975592, 0.297748279851, 0.387480445436, 0.206780125635, 0.589560375624, 0.0685092307277, 0.181888192394, 0.00968249063379, 0.88737447804, 0.300939758958, 0.361767010246, 0.583559311472, 0.861712335795, 0.155647915209, 0.123386223763, 0.284326247506, 0.0801286403715, 0.0273459002102, 0.0911805442412, 0.944273724915, 0.216912164882, 0.0673964859136, 0.999889573078, 0.314370743283, 0.186841837075, 3.12857763891
0.186841837075, 0.0550119027946, 0.632103386215, 0.0425923819755, 0.282300950511, 0.461767428737, 0.126035975592, 0.297748279851, 0.387480445436, 0.206780125635, 0.589560375624, 0.0685092307277, 0.181888192394, 0.00968249063379, 0.88737447804, 0.300939758958, 0.361767010246, 0.583559311472, 0.861712335795, 0.155647915209, 0.123386223763, 0.284326247506, 0.0801286403715, 0.0273459002102, 0.0911805442412, 0.944273724915, 0.216912164882, 0.0673964859136, 0.999889573078, 0.314370743283, 0.186841837075, 3.12857763891
0.049525102615, 0.4344901292, 0.660975926272, 0.324109189658, 0.429601165176, 0.0405396238182, 0.984480134584, 0.757219668103, 0.205775243284, 0.0758740122024, 0.00890759431255, 0.410102577957, 0.142869721534, 0.72047334194, 0.698033254221, 0.474888759218, 0.443899862, 0.395060701269, 0.0511979930034, 0.050779143963, 0.512790835044, 0.0304018906937, 0.00604071967265, 0.883998807222, 0.718329652499, 0.310337403827, 0.0496861640951, 0.0153152256899, 0.180459517708, 0.304181202566, 0.049525102615, 3.74677325462
0.049525102615, 0.4344901292, 0.660975926272, 0.324109189658, 0.429601165176, 0.0405396238182, 0.984480134584, 0.757219668103, 0.205775243284, 0.0758740122024, 0.00890759431255, 0.410102577957, 0.142869721534, 0.72047334194, 0.698033254221, 0.474888759218, 0.443899862, 0.395060701269, 0.0511979930034, 0.050779143963, 0.512790835044, 0.0304018906937, 0.00604071967265, 0.883998807222, 0.718329652499, 0.310337403827, 0.0496861640951, 0.0153152256899, 0.180459517708, 0.304181202566, 0.049525102615, 3.74677325462
0.748217038019, 0.344710121784, 0.119678960636, 0.0137383364925, 0.21157274575, 0.584504136875, 0.298659637889, 0.297748279851, 0.116079121625, 0.362455804835, 0.617345238395, 0.0685092307277, 0.169073185841, 0.0697161553447, 0.146270761483, 0.300939758958, 0.361767010246, 0.426967563321, 0.591090175923, 0.469761626675, 0.00219423493517, 0.182006646451, 0.535031643012, 0.761050555642, 0.740209037494, 0.480003926809, 0.272515178224, 0.151660662317, 0.396890014371, 0.278009727883, 0.748217038019, 2.19800461743
0.748217038019, 0.344710121784, 0.119678960636, 0.0137383364925, 0.21157274575, 0.584504136875, 0.298659637889, 0.297748279851, 0.116079121625, 0.362455804835, 0.617345238395, 0.0685092307277, 0.169073185841, 0.0697161553447, 0.146270761483, 0.300939758958, 0.361767010246, 0.426967563321, 0.591090175923, 0.469761626675, 0.00219423493517, 0.182006646451, 0.535031643012, 0.761050555642, 0.740209037494, 0.480003926809, 0.272515178224, 0.151660662317, 0.396890014371, 0.278009727883, 0.748217038019, 2.19800461743
0.16715589308, 0.222547899919, 0.661797234984, 0.0121149221473, 0.00826820552606, 0.256837839596, 0.129121591973, 0.0114280640752, 0.642492585453, 0.625856599935, 0.709480799736, 0.994177109719, 7.18498259032e-05, 0.0714610829302, 0.973613481811, 0.0581299109047, 0.875077842071, 0.058013036614, 0.568578314619, 0.160128459915, 0.154440439551, 0.0765142162644, 0.324040570871, 0.147342772072, 0.507620815457, 0.267217215398, 0.609126326586, 0.248322193197, 0.399999675104, 0.048829025887, 0.16715589308, 3.22578153576
0.16715589308, 0.222547899919, 0.661797234984, 0.0121149221473, 0.00826820552606, 0.256837839596, 0.129121591973, 0.0114280640752, 0.642492585453, 0.625856599935, 0.709480799736, 0.994177109719, 7.18498259032e-05, 0.0714610829302, 0.973613481811, 0.0581299109047, 0.875077842071, 0.058013036614, 0.568578314619, 0.160128459915, 0.154440439551, 0.0765142162644, 0.324040570871, 0.147342772072, 0.507620815457, 0.267217215398, 0.609126326586, 0.248322193197, 0.399999675104, 0.048829025887, 0.16715589308, 3.22578153576
0.00492002548252, 0.16113722912, 0.581998263037, 0.39041088005, 0.888302677932, 0.256837839596, 0.603227069471, 0.0107120868463, 0.276754045252, 0.625856599935, 0.515377283977, 0.0776807095388, 0.033155512441, 0.100754685729, 0.282974232865, 0.0312927054799, 0.861433687484, 0.0220985136941, 0.252033472975, 0.160128459915, 0.297885609112, 0.547588916979, 0.324040570871, 0.519638308269, 0.887503883513, 0.358950643278, 0.373859371125, 0.353785348577, 0.399999675104, 0.0516217134833, 0.00492002548252, 4.03670638908
0.00492002548252, 0.16113722912, 0.581998263037, 0.39041088005, 0.888302677932, 0.256837839596, 0.603227069471, 0.0107120868463, 0.276754045252, 0.625856599935, 0.515377283977, 0.0776807095388, 0.033155512441, 0.100754685729, 0.282974232865, 0.0312927054799, 0.861433687484, 0.0220985136941, 0.252033472975, 0.160128459915, 0.297885609112, 0.547588916979, 0.324040570871, 0.519638308269, 0.887503883513, 0.358950643278, 0.373859371125, 0.353785348577, 0.399999675104, 0.0516217134833, 0.00492002548252, 4.03670638908
0.416723245941, 0.16113722912, 0.313057504662, 0.39041088005, 0.00610568533705, 0.0847632556831, 0.114565632074, 0.0087017504073, 0.642492585453, 0.943239085309, 0.324082624896, 0.133171867145, 0.033155512441, 0.100754685729, 0.986718175813, 0.0173416525501, 0.373833916506, 0.058013036614, 0.0958751538786, 0.00881570149837, 0.154440439551, 0.558343450791, 0.324040570871, 0.499691118293, 0.839319209066, 0.358950643278, 0.380795956999, 0.353785348577, 0.399999675104, 0.0257573401379, 0.416723245941, 2.45604555765
0.416723245941, 0.16113722912, 0.313057504662, 0.39041088005, 0.00610568533705, 0.0847632556831, 0.114565632074, 0.0087017504073, 0.642492585453, 0.943239085309, 0.324082624896, 0.133171867145, 0.033155512441, 0.100754685729, 0.986718175813, 0.0173416525501, 0.373833916506, 0.058013036614, 0.0958751538786, 0.00881570149837, 0.154440439551, 0.558343450791, 0.324040570871, 0.499691118293, 0.839319209066, 0.358950643278, 0.380795956999, 0.353785348577, 0.399999675104, 0.0257573401379, 0.416723245941, 2.45604555765
0.301869575875, 0.114665519568, 0.661797234984, 0.39041088005, 0.00369953610391, 0.0100527714796, 0.291848510532, 0.129950867681, 0.791195332462, 0.614146255787, 0.441365211339, 0.287766908848, 0.0461789814447, 0.199369531088, 0.838339831731, 0.0137688268956, 0.346722789889, 0.00731620822404, 0.324423221816, 0.130762900431, 0.154440439551, 0.547588916979, 0.286500225164, 0.625450812863, 0.507620815457, 0.629021797201, 0.041973782209, 0.295244132753, 0.626712589112, 0.229609534034, 0.301869575875, 2.88007667268
0.301869575875, 0.114665519568, 0.661797234984, 0.39041088005, 0.00369953610391, 0.0100527714796, 0.291848510532, 0.129950867681, 0.791195332462, 0.614146255787, 0.441365211339, 0.287766908848, 0.0461789814447, 0.199369531088, 0.838339831731, 0.0137688268956, 0.346722789889, 0.00731620822404, 0.324423221816, 0.130762900431, 0.154440439551, 0.547588916979, 0.286500225164, 0.625450812863, 0.507620815457, 0.629021797201, 0.041973782209, 0.295244132753, 0.626712589112, 0.229609534034, 0.301869575875, 2.88007667268
0.814223437985, 0.31191256601, 0.543867957928, 0.0137383364925, 0.21157274575, 0.584504136875, 0.370227521459, 0.297748279851, 0.116079121625, 0.607575016961, 0.617345238395, 0.0685092307277, 0.169073185841, 0.0522514620974, 0.0634089700443, 0.0182889562502, 0.361767010246, 0.426967563321, 0.591090175923, 0.469761626675, 0.123386223763, 0.182006646451, 0.535031643012, 0.265010849326, 0.740209037494, 0.205453557002, 0.272515178224, 0.151660662317, 0.396890014371, 0.278009727883, 0.814223437985, 2.04664853172
0.814223437985, 0.31191256601, 0.543867957928, 0.0137383364925, 0.21157274575, 0.584504136875, 0.370227521459, 0.297748279851, 0.116079121625, 0.607575016961, 0.617345238395, 0.0685092307277, 0.169073185841, 0.0522514620974, 0.0634089700443, 0.0182889562502, 0.361767010246, 0.426967563321, 0.591090175923, 0.469761626675, 0.123386223763, 0.182006646451, 0.535031643012, 0.265010849326, 0.740209037494, 0.205453557002, 0.272515178224, 0.151660662317, 0.396890014371, 0.278009727883, 0.814223437985, 2.04664853172
0.218967697039, 0.512787633417, 0.977114026001, 0.61433541983, 0.595375290833, 0.274239811751, 0.993919930242, 0.0879500326937, 0.031130094815, 0.373632613509, 0.0523311398536, 0.312905364993, 0.0988554917961, 0.72047334194, 0.84820382866, 0.597031790903, 0.0743600010891, 0.271690008045, 0.46034853093, 0.163692421117, 0.354543815964, 0.0304018906937, 0.00604071967265, 0.199463465439, 0.00424702777218, 0.315272003539, 0.11868225763, 0.000466874656758, 0.242722429575, 0.00667226453588, 0.218967697039, 2.97437317891
0.218967697039, 0.512787633417, 0.977114026001, 0.61433541983, 0.595375290833, 0.274239811751, 0.993919930242, 0.0879500326937, 0.031130094815, 0.373632613509, 0.0523311398536, 0.312905364993, 0.0988554917961, 0.72047334194, 0.84820382866, 0.597031790903, 0.0743600010891, 0.271690008045, 0.46034853093, 0.163692421117, 0.354543815964, 0.0304018906937, 0.00604071967265, 0.199463465439, 0.00424702777218, 0.315272003539, 0.11868225763, 0.000466874656758, 0.242722429575, 0.00667226453588, 0.218967697039, 2.97437317891
0.0559016975867, 0.222547899919, 0.661797234984, 0.354738822149, 0.0218249759771, 0.256837839596, 0.637688449802, 0.0324589315217, 0.642492585453, 0.625856599935, 0.499674780809, 0.577532630218, 0.033155512441, 0.100754685729, 0.788038116795, 0.0376404359228, 0.373833916506, 0.058013036614, 0.259772186961, 0.0485545366917, 0.154440439551, 0.547588916979, 0.0463556118757, 0.576751763142, 0.114560719766, 0.325833854274, 0.380795956999, 0.353785348577, 0.399999675104, 0.048829025887, 0.0559016975867, 3.38573644337
0.0559016975867, 0.222547899919, 0.661797234984, 0.354738822149, 0.0218249759771, 0.256837839596, 0.637688449802, 0.0324589315217, 0.642492585453, 0.625856599935, 0.499674780809, 0.577532630218, 0.033155512441, 0.100754685729, 0.788038116795, 0.0376404359228, 0.373833916506, 0.058013036614, 0.259772186961, 0.0485545366917, 0.154440439551, 0.547588916979, 0.0463556118757, 0.576751763142, 0.114560719766, 0.325833854274, 0.380795956999, 0.353785348577, 0.399999675104, 0.048829025887, 0.0559016975867, 3.38573644337
0.683495462426, 0.0550119027946, 0.917479129711, 0.0137383364925, 0.282300950511, 0.461767428737, 0.126035975592, 0.297748279851, 0.387480445436, 0.0788887536529, 0.589560375624, 0.0685092307277, 0.181888192394, 0.00968249063379, 0.55175093904, 0.861852420668, 0.361767010246, 0.583559311472, 0.861712335795, 0.155647915209, 0.198191538616, 0.248613203137, 0.0801286403715, 0.0635312688558, 0.740209037494, 0.184147151783, 0.209157780662, 0.0673964859136, 0.999889573078, 0.314370743283, 0.683495462426, 2.41687811845
0.683495462426, 0.0550119027946, 0.917479129711, 0.0137383364925, 0.282300950511, 0.461767428737, 0.126035975592, 0.297748279851, 0.387480445436, 0.0788887536529, 0.589560375624, 0.0685092307277, 0.181888192394, 0.00968249063379, 0.55175093904, 0.861852420668, 0.361767010246, 0.583559311472, 0.861712335795, 0.155647915209, 0.198191538616, 0.248613203137, 0.0801286403715, 0.0635312688558, 0.740209037494, 0.184147151783, 0.209157780662, 0.0673964859136, 0.999889573078, 0.314370743283, 0.683495462426, 2.41687811845
0.158998945639, 0.00059268141576, 0.917479129711, 0.0137383364925, 0.542383326335, 0.461767428737, 0.126035975592, 0.297748279851, 0.0127443034709, 0.634049549503, 0.589560375624, 0.00178379579496, 0.0642990989411, 0.00968249063379, 0.55175093904, 0.300939758958, 0.0632107361874, 0.733818887102, 0.561160897644, 0.152404408899, 0.123386223763, 0.284326247506, 0.0944522801489, 0.0635312688558, 0.740209037494, 0.784593269837, 0.401589186699, 0.0369641909362, 0.999889573078, 0.314370743283, 0.158998945639, 3.26171060142
0.158998945639, 0.00059268141576, 0.917479129711, 0.0137383364925, 0.542383326335, 0.461767428737, 0.126035975592, 0.297748279851, 0.0127443034709, 0.634049549503, 0.589560375624, 0.00178379579496, 0.0642990989411, 0.00968249063379, 0.55175093904, 0.300939758958, 0.0632107361874, 0.733818887102, 0.561160897644, 0.152404408899, 0.123386223763, 0.284326247506, 0.0944522801489, 0.0635312688558, 0.740209037494, 0.784593269837, 0.401589186699, 0.0369641909362, 0.999889573078, 0.314370743283, 0.158998945639, 3.26171060142
0.33347601938, 0.198236126121, 0.647707704398, 0.109068399981, 0.524584895893, 0.248327761943, 0.0794011875392, 0.116231431415, 0.679772610229, 0.113159507218, 0.0208109686058, 0.312905364993, 0.142869721534, 0.374511008223, 0.341249509436, 0.185512169229, 0.0420667452028, 0.349636520512, 0.121119260759, 0.194368210284, 0.558168294377, 0.458182653313, 0.734024461075, 0.52579547722, 0.568562653504, 0.315272003539, 0.0577638626575, 0.00856217190799, 0.189544990478, 0.584163650234, 0.33347601938, 2.61600950044
0.33347601938, 0.198236126121, 0.647707704398, 0.109068399981, 0.524584895893, 0.248327761943, 0.0794011875392, 0.116231431415, 0.679772610229, 0.113159507218, 0.0208109686058, 0.312905364993, 0.142869721534, 0.374511008223, 0.341249509436, 0.185512169229, 0.0420667452028, 0.349636520512, 0.121119260759, 0.194368210284, 0.558168294377, 0.458182653313, 0.734024461075, 0.52579547722, 0.568562653504, 0.315272003539, 0.0577638626575, 0.00856217190799, 0.189544990478, 0.584163650234, 0.33347601938, 2.61600950044
4.54275527092e-05, 0.819784450022, 0.873832599974, 0.899888641705, 0.0606702433484, 0.274239811751, 0.842133723384, 0.922539270029, 0.0970951498578, 0.0204641475247, 0.534663885514, 0.389455104325, 0.142869721534, 0.389422976295, 0.242678873913, 0.332937055629, 0.588891509331, 0.211330162534, 0.46034853093, 0.0563051470373, 0.235698261644, 0.0153074340728, 0.150444302333, 0.0774520235173, 0.769327965998, 0.315272003539, 0.11868225763, 0.0307380191855, 0.242722429575, 0.529263477193, 4.54275527092e-05, 4.28947088426
4.54275527092e-05, 0.819784450022, 0.873832599974, 0.899888641705, 0.0606702433484, 0.274239811751, 0.842133723384, 0.922539270029, 0.0970951498578, 0.0204641475247, 0.534663885514, 0.389455104325, 0.142869721534, 0.389422976295, 0.242678873913, 0.332937055629, 0.588891509331, 0.211330162534, 0.46034853093, 0.0563051470373, 0.235698261644, 0.0153074340728, 0.150444302333, 0.0774520235173, 0.769327965998, 0.315272003539, 0.11868225763, 0.0307380191855, 0.242722429575, 0.529263477193, 4.54275527092e-05, 4.28947088426
0.0183265271955, 0.114665519568, 0.105791070804, 0.846673400028, 0.0218249759771, 0.852661437267, 0.431914335425, 0.0651732254804, 0.229457383265, 0.652243730447, 0.599567767612, 0.99551192295, 0.0347577045804, 0.199369531088, 0.949533557136, 0.0376404359228, 0.373833916506, 0.00209592069868, 0.290091227127, 0.0136821017085, 0.0263039110242, 0.547588916979, 0.320142231352, 0.576751763142, 0.507620815457, 0.784721260626, 0.380795956999, 0.148822042751, 0.0856733859191, 0.00857584086617, 0.0183265271955, 3.89026703919
0.0183265271955, 0.114665519568, 0.105791070804, 0.846673400028, 0.0218249759771, 0.852661437267, 0.431914335425, 0.0651732254804, 0.229457383265, 0.652243730447, 0.599567767612, 0.99551192295, 0.0347577045804, 0.199369531088, 0.949533557136, 0.0376404359228, 0.373833916506, 0.00209592069868, 0.290091227127, 0.0136821017085, 0.0263039110242, 0.547588916979, 0.320142231352, 0.576751763142, 0.507620815457, 0.784721260626, 0.380795956999, 0.148822042751, 0.0856733859191, 0.00857584086617, 0.0183265271955, 3.89026703919
0.197474678937, 0.0797941686292, 0.661797234984, 0.830737161251, 0.00369953610391, 0.0200361840082, 0.291848510532, 0.0908919119556, 0.791195332462, 0.982704481222, 0.237704674928, 0.287766908848, 0.0461789814447, 0.199369531088, 0.585495762691, 0.0137688268956, 0.346722789889, 0.0131848922234, 0.324423221816, 0.038461103163, 0.00793488713911, 0.547588916979, 0.286500225164, 0.313352426291, 0.507620815457, 0.629021797201, 0.041973782209, 0.295244132753, 0.626712589112, 0.677030020878, 0.197474678937, 3.14216897484
0.197474678937, 0.0797941686292, 0.661797234984, 0.830737161251, 0.00369953610391, 0.0200361840082, 0.291848510532, 0.0908919119556, 0.791195332462, 0.982704481222, 0.237704674928, 0.287766908848, 0.0461789814447, 0.199369531088, 0.585495762691, 0.0137688268956, 0.346722789889, 0.0131848922234, 0.324423221816, 0.038461103163, 0.00793488713911, 0.547588916979, 0.286500225164, 0.313352426291, 0.507620815457, 0.629021797201, 0.041973782209, 0.295244132753, 0.626712589112, 0.677030020878, 0.197474678937, 3.14216897484
0.049525102615, 0.4344901292, 0.660975926272, 0.324109189658, 0.429601165176, 0.0405396238182, 0.984480134584, 0.757219668103, 0.624825200473, 0.0758740122024, 0.00890759431255, 0.410102577957, 0.142869721534, 0.72047334194, 0.698033254221, 0.079221530703, 0.443899862, 0.563943361449, 0.0511979930034, 0.0312216490535, 0.512790835044, 0.0304018906937, 0.00604071967265, 0.883998807222, 0.718329652499, 0.310337403827, 0.022321014319, 0.0153152256899, 0.180459517708, 0.304181202566, 0.049525102615, 3.78943799458
0.049525102615, 0.4344901292, 0.660975926272, 0.324109189658, 0.429601165176, 0.0405396238182, 0.984480134584, 0.757219668103, 0.624825200473, 0.0758740122024, 0.00890759431255, 0.410102577957, 0.142869721534, 0.72047334194, 0.698033254221, 0.079221530703, 0.443899862, 0.563943361449, 0.0511979930034, 0.0312216490535, 0.512790835044, 0.0304018906937, 0.00604071967265, 0.883998807222, 0.718329652499, 0.310337403827, 0.022321014319, 0.0153152256899, 0.180459517708, 0.304181202566, 0.049525102615, 3.78943799458
0.748217038019, 0.344710121784, 0.943728595066, 0.0137383364925, 0.21157274575, 0.584504136875, 0.298659637889, 0.297748279851, 0.116079121625, 0.362455804835, 0.617345238395, 0.00745250939247, 0.169073185841, 0.0697161553447, 0.146270761483, 0.300939758958, 0.361767010246, 0.426967563321, 0.591090175923, 0.469761626675, 0.00219423493517, 0.182006646451, 0.535031643012, 0.761050555642, 0.740209037494, 0.480003926809, 0.272515178224, 0.151660662317, 0.396890014371, 0.278009727883, 0.748217038019, 2.38375223751
0.748217038019, 0.344710121784, 0.943728595066, 0.0137383364925, 0.21157274575, 0.584504136875, 0.298659637889, 0.297748279851, 0.116079121625, 0.362455804835, 0.617345238395, 0.00745250939247, 0.169073185841, 0.0697161553447, 0.146270761483, 0.300939758958, 0.361767010246, 0.426967563321, 0.591090175923, 0.469761626675, 0.00219423493517, 0.182006646451, 0.535031643012, 0.761050555642, 0.740209037494, 0.480003926809, 0.272515178224, 0.151660662317, 0.396890014371, 0.278009727883, 0.748217038019, 2.38375223751
0.808872368939, 0.0550119027946, 0.917479129711, 3.31318021147e-05, 0.282300950511, 0.461767428737, 0.126035975592, 0.38448372865, 0.387480445436, 0.206780125635, 0.589560375624, 0.0685092307277, 0.181888192394, 0.00968249063379, 0.559624513668, 0.300939758958, 0.0247137862211, 0.583559311472, 0.861712335795, 0.155647915209, 0.123386223763, 0.284326247506, 0.0801286403715, 0.0273459002102, 0.0911805442412, 0.873912323205, 0.216912164882, 0.599633473465, 0.999889573078, 0.672850933366, 0.808872368939, 2.31222166858
0.808872368939, 0.0550119027946, 0.917479129711, 3.31318021147e-05, 0.282300950511, 0.461767428737, 0.126035975592, 0.38448372865, 0.387480445436, 0.206780125635, 0.589560375624, 0.0685092307277, 0.181888192394, 0.00968249063379, 0.559624513668, 0.300939758958, 0.0247137862211, 0.583559311472, 0.861712335795, 0.155647915209, 0.123386223763, 0.284326247506, 0.0801286403715, 0.0273459002102, 0.0911805442412, 0.873912323205, 0.216912164882, 0.599633473465, 0.999889573078, 0.672850933366, 0.808872368939, 2.31222166858
0.768742323632, 0.344710121784, 0.986809790108, 0.251748919788, 0.123090878025, 0.550729391162, 0.298659637889, 0.396131835909, 0.0395818900299, 0.324697146658, 0.364948973787, 0.0175566246073, 3.45892563351e-05, 0.0697161553447, 0.146270761483, 0.157311419378, 0.361767010246, 0.426967563321, 0.591090175923, 0.469761626675, 0.123386223763, 0.182006646451, 0.535031643012, 0.265010849326, 0.740209037494, 0.826858163092, 0.239318000852, 0.151660662317, 0.396890014371, 0.636089946452, 0.768742323632, 2.33174744728
0.768742323632, 0.344710121784, 0.986809790108, 0.251748919788, 0.123090878025, 0.550729391162, 0.298659637889, 0.396131835909, 0.0395818900299, 0.324697146658, 0.364948973787, 0.0175566246073, 3.45892563351e-05, 0.0697161553447, 0.146270761483, 0.157311419378, 0.361767010246, 0.426967563321, 0.591090175923, 0.469761626675, 0.123386223763, 0.182006646451, 0.535031643012, 0.265010849326, 0.740209037494, 0.826858163092, 0.239318000852, 0.151660662317, 0.396890014371, 0.636089946452, 0.768742323632, 2.33174744728
0.0110361313059, 0.114665519568, 0.661797234984, 0.188371176913, 0.0218249759771, 0.107371393784, 0.431914335425, 0.611158747981, 0.791195332462, 0.302590359813, 0.694977301395, 0.287766908848, 0.0461789814447, 0.199369531088, 0.838339831731, 0.0376404359228, 0.608340933486, 0.00828767147999, 0.83744565231, 0.101242100346, 0.154440439551, 0.59230714543, 0.183686031073, 0.625450812863, 0.618954644988, 0.516294455557, 0.0208083672304, 0.353785348577, 0.629425862835, 0.161724677254, 0.0110361313059, 4.11664936778
0.0110361313059, 0.114665519568, 0.661797234984, 0.188371176913, 0.0218249759771, 0.107371393784, 0.431914335425, 0.611158747981, 0.791195332462, 0.302590359813, 0.694977301395, 0.287766908848, 0.0461789814447, 0.199369531088, 0.838339831731, 0.0376404359228, 0.608340933486, 0.00828767147999, 0.83744565231, 0.101242100346, 0.154440439551, 0.59230714543, 0.183686031073, 0.625450812863, 0.618954644988, 0.516294455557, 0.0208083672304, 0.353785348577, 0.629425862835, 0.161724677254, 0.0110361313059, 4.11664936778
0.638884058089, 0.114665519568, 0.661797234984, 0.39041088005, 0.0218249759771, 0.107371393784, 0.431914335425, 0.0158220778607, 0.563466592209, 0.302590359813, 0.460871440349, 0.287766908848, 0.0461789814447, 0.199369531088, 0.7644067314, 0.0376404359228, 0.373833916506, 0.0868542654425, 0.568578314619, 0.865747929996, 0.154440439551, 0.547588916979, 0.286500225164, 0.625450812863, 0.503396726836, 0.629021797201, 0.0208083672304, 0.0995000790562, 0.629425862835, 0.161724677254, 0.638884058089, 2.47408478125
0.638884058089, 0.114665519568, 0.661797234984, 0.39041088005, 0.0218249759771, 0.107371393784, 0.431914335425, 0.0158220778607, 0.563466592209, 0.302590359813, 0.460871440349, 0.287766908848, 0.0461789814447, 0.199369531088, 0.7644067314, 0.0376404359228, 0.373833916506, 0.0868542654425, 0.568578314619, 0.865747929996, 0.154440439551, 0.547588916979, 0.286500225164, 0.625450812863, 0.503396726836, 0.629021797201, 0.0208083672304, 0.0995000790562, 0.629425862835, 0.161724677254, 0.638884058089, 2.47408478125
0.312266085946, 0.638558487199, 0.313057504662, 0.39041088005, 0.258225375289, 0.290630450365, 0.431914335425, 0.000472527952355, 0.276754045252, 0.215992250312, 0.515377283977, 0.994177109719, 0.033155512441, 0.100754685729, 0.282974232865, 0.0234806473281, 0.373833916506, 0.0219250294281, 0.0958751538786, 0.607985396211, 0.207450437806, 0.536017056761, 0.324040570871, 0.576751763142, 0.912534955337, 0.358950643278, 0.301405236896, 0.300670685873, 0.254215943774, 0.120496617314, 0.312266085946, 2.90680022342
0.312266085946, 0.638558487199, 0.313057504662, 0.39041088005, 0.258225375289, 0.290630450365, 0.431914335425, 0.000472527952355, 0.276754045252, 0.215992250312, 0.515377283977, 0.994177109719, 0.033155512441, 0.100754685729, 0.282974232865, 0.0234806473281, 0.373833916506, 0.0219250294281, 0.0958751538786, 0.607985396211, 0.207450437806, 0.536017056761, 0.324040570871, 0.576751763142, 0.912534955337, 0.358950643278, 0.301405236896, 0.300670685873, 0.254215943774, 0.120496617314, 0.312266085946, 2.90680022342
0.301869575875, 0.114665519568, 0.661797234984, 0.733091754962, 0.00369953610391, 0.0200361840082, 0.291848510532, 0.129950867681, 0.791195332462, 0.393964400667, 0.441365211339, 0.287766908848, 0.0461789814447, 0.199369531088, 0.838339831731, 0.0137688268956, 0.346722789889, 0.00731620822404, 0.324423221816, 0.130762900431, 0.154440439551, 0.547588916979, 0.286500225164, 0.625450812863, 0.429354690536, 0.629021797201, 0.041973782209, 0.295244132753, 0.626712589112, 0.469921496262, 0.301869575875, 2.95895991748
0.301869575875, 0.114665519568, 0.661797234984, 0.733091754962, 0.00369953610391, 0.0200361840082, 0.291848510532, 0.129950867681, 0.791195332462, 0.393964400667, 0.441365211339, 0.287766908848, 0.0461789814447, 0.199369531088, 0.838339831731, 0.0137688268956, 0.346722789889, 0.00731620822404, 0.324423221816, 0.130762900431, 0.154440439551, 0.547588916979, 0.286500225164, 0.625450812863, 0.429354690536, 0.629021797201, 0.041973782209, 0.295244132753, 0.626712589112, 0.469921496262, 0.301869575875, 2.95895991748
0.814223437985, 0.31191256601, 0.943728595066, 0.0137383364925, 0.21157274575, 0.584504136875, 0.370227521459, 0.297748279851, 0.116079121625, 0.607575016961, 0.617345238395, 0.0685092307277, 0.169073185841, 0.0697161553447, 0.0634089700443, 0.300939758958, 0.361767010246, 0.426967563321, 0.591090175923, 0.469761626675, 0.123386223763, 0.182006646451, 0.535031643012, 0.265010849326, 0.740209037494, 0.480003926809, 0.272515178224, 0.151660662317, 0.396890014371, 0.278009727883, 0.814223437985, 2.28049305028
0.814223437985, 0.31191256601, 0.943728595066, 0.0137383364925, 0.21157274575, 0.584504136875, 0.370227521459, 0.297748279851, 0.116079121625, 0.607575016961, 0.617345238395, 0.0685092307277, 0.169073185841, 0.0697161553447, 0.0634089700443, 0.300939758958, 0.361767010246, 0.426967563321, 0.591090175923, 0.469761626675, 0.123386223763, 0.182006646451, 0.535031643012, 0.265010849326, 0.740209037494, 0.480003926809, 0.272515178224, 0.151660662317, 0.396890014371, 0.278009727883, 0.814223437985, 2.28049305028
0.218967697039, 0.898838648734, 0.977114026001, 0.914896390857, 0.595375290833, 0.274239811751, 0.993919930242, 0.0879500326937, 0.031130094815, 0.123959276287, 0.0523311398536, 0.0614203098009, 0.0988554917961, 0.72047334194, 0.84820382866, 0.597031790903, 0.0165713109928, 0.271690008045, 0.46034853093, 0.163692421117, 0.354543815964, 0.0304018906937, 0.00604071967265, 0.407195499012, 0.00223760206778, 0.01529038067, 0.11868225763, 0.000120699363117, 0.242722429575, 0.00667226453588, 0.218967697039, 2.98341807439
0.218967697039, 0.898838648734, 0.977114026001, 0.914896390857, 0.595375290833, 0.274239811751, 0.993919930242, 0.0879500326937, 0.031130094815, 0.123959276287, 0.0523311398536, 0.0614203098009, 0.0988554917961, 0.72047334194, 0.84820382866, 0.597031790903, 0.0165713109928, 0.271690008045, 0.46034853093, 0.163692421117, 0.354543815964, 0.0304018906937, 0.00604071967265, 0.407195499012, 0.00223760206778, 0.01529038067, 0.11868225763, 0.000120699363117, 0.242722429575, 0.00667226453588, 0.218967697039, 2.98341807439
0.0559016975867, 0.222547899919, 0.661797234984, 0.12668863212, 0.00772878489226, 0.256837839596, 0.637688449802, 0.0324589315217, 0.642492585453, 0.625856599935, 0.453954476309, 0.577532630218, 0.033155512441, 0.100754685729, 0.577328400177, 0.0376404359228, 0.300108472404, 0.058013036614, 0.259772186961, 0.0485545366917, 0.154440439551, 0.547588916979, 0.324040570871, 0.633596112352, 0.507620815457, 0.325833854274, 0.380795956999, 0.353785348577, 0.399999675104, 0.048829025887, 0.0559016975867, 3.43103445023
0.0559016975867, 0.222547899919, 0.661797234984, 0.12668863212, 0.00772878489226, 0.256837839596, 0.637688449802, 0.0324589315217, 0.642492585453, 0.625856599935, 0.453954476309, 0.577532630218, 0.033155512441, 0.100754685729, 0.577328400177, 0.0376404359228, 0.300108472404, 0.058013036614, 0.259772186961, 0.0485545366917, 0.154440439551, 0.547588916979, 0.324040570871, 0.633596112352, 0.507620815457, 0.325833854274, 0.380795956999, 0.353785348577, 0.399999675104, 0.048829025887, 0.0559016975867, 3.43103445023
0.683495462426, 0.0550119027946, 0.917479129711, 0.0137383364925, 0.282300950511, 0.200406024804, 0.126035975592, 0.297748279851, 0.387480445436, 0.422886070115, 0.727620831659, 0.0685092307277, 0.181888192394, 0.00968249063379, 0.927679328723, 0.300939758958, 0.361767010246, 0.583559311472, 0.861712335795, 0.155647915209, 0.123386223763, 0.284326247506, 0.0305145992872, 0.0635312688558, 0.740209037494, 0.184147151783, 0.272515178224, 0.0673964859136, 0.999889573078, 0.314370743283, 0.683495462426, 2.41943691582
0.683495462426, 0.0550119027946, 0.917479129711, 0.0137383364925, 0.282300950511, 0.200406024804, 0.126035975592, 0.297748279851, 0.387480445436, 0.422886070115, 0.727620831659, 0.0685092307277, 0.181888192394, 0.00968249063379, 0.927679328723, 0.300939758958, 0.361767010246, 0.583559311472, 0.861712335795, 0.155647915209, 0.123386223763, 0.284326247506, 0.0305145992872, 0.0635312688558, 0.740209037494, 0.184147151783, 0.272515178224, 0.0673964859136, 0.999889573078, 0.314370743283, 0.683495462426, 2.41943691582
0.158998945639, 0.0550119027946, 0.917479129711, 0.0137383364925, 0.542383326335, 0.461767428737, 0.126035975592, 0.297748279851, 0.0127443034709, 0.634049549503, 0.589560375624, 0.00178379579496, 0.0642990989411, 0.00968249063379, 0.302519906983, 0.300939758958, 0.0632107361874, 0.733818887102, 0.919592677179, 0.542007152304, 0.123386223763, 0.284326247506, 0.0944522801489, 0.0635312688558, 0.399127050872, 0.784593269837, 0.401589186699, 0.0369641909362, 0.999889573078, 0.314370743283, 0.158998945639, 3.32106373864
0.158998945639, 0.0550119027946, 0.917479129711, 0.0137383364925, 0.542383326335, 0.461767428737, 0.126035975592, 0.297748279851, 0.0127443034709, 0.634049549503, 0.589560375624, 0.00178379579496, 0.0642990989411, 0.00968249063379, 0.302519906983, 0.300939758958, 0.0632107361874, 0.733818887102, 0.919592677179, 0.542007152304, 0.123386223763, 0.284326247506, 0.0944522801489, 0.0635312688558, 0.399127050872, 0.784593269837, 0.401589186699, 0.0369641909362, 0.999889573078, 0.314370743283, 0.158998945639, 3.32106373864
0.416723245941, 0.16113722912, 0.313057504662, 0.39041088005, 0.00610568533705, 0.196739778634, 0.114565632074, 0.0107120868463, 0.642492585453, 0.886079356221, 0.924914746706, 0.133171867145, 0.033155512441, 0.100754685729, 0.986718175813, 0.0376404359228, 0.373833916506, 0.058013036614, 0.0958751538786, 0.160128459915, 0.154440439551, 0.547588916979, 0.324040570871, 0.499691118293, 0.839319209066, 0.358950643278, 0.380795956999, 0.353785348577, 0.399999675104, 0.0257573401379, 0.416723245941, 2.66813561787
0.416723245941, 0.16113722912, 0.313057504662, 0.39041088005, 0.00610568533705, 0.196739778634, 0.114565632074, 0.0107120868463, 0.642492585453, 0.886079356221, 0.924914746706, 0.133171867145, 0.033155512441, 0.100754685729, 0.986718175813, 0.0376404359228, 0.373833916506, 0.058013036614, 0.0958751538786, 0.160128459915, 0.154440439551, 0.547588916979, 0.324040570871, 0.499691118293, 0.839319209066, 0.358950643278, 0.380795956999, 0.353785348577, 0.399999675104, 0.0257573401379, 0.416723245941, 2.66813561787
0.33347601938, 0.740192291728, 0.647707704398, 0.631088356859, 0.524584895893, 0.248327761943, 0.356102443753, 0.0766415082979, 0.0433287834755, 0.202281286657, 0.338933995408, 0.651242997622, 0.395697609375, 0.374511008223, 0.177981995949, 0.139928738196, 0.0420667452028, 0.165320770658, 0.121119260759, 0.194368210284, 0.280042942381, 0.224780484398, 0.270414059036, 0.275565208931, 0.568562653504, 0.295963970861, 0.0577638626575, 0.0548187412021, 0.342283824307, 0.775768218657, 0.33347601938, 2.72592968142
0.33347601938, 0.740192291728, 0.647707704398, 0.631088356859, 0.524584895893, 0.248327761943, 0.356102443753, 0.0766415082979, 0.0433287834755, 0.202281286657, 0.338933995408, 0.651242997622, 0.395697609375, 0.374511008223, 0.177981995949, 0.139928738196, 0.0420667452028, 0.165320770658, 0.121119260759, 0.194368210284, 0.280042942381, 0.224780484398, 0.270414059036, 0.275565208931, 0.568562653504, 0.295963970861, 0.0577638626575, 0.0548187412021, 0.342283824307, 0.775768218657, 0.33347601938, 2.72592968142
4.54275527092e-05, 0.4344901292, 0.873832599974, 0.899888641705, 0.102320442727, 0.274239811751, 0.842133723384, 0.922539270029, 0.0970951498578, 0.294463602966, 0.632884488878, 0.389455104325, 0.142869721534, 0.389422976295, 0.177681179285, 0.332937055629, 0.588891509331, 0.211330162534, 0.46034853093, 0.0563051470373, 0.354543815964, 0.0304018906937, 0.200034046876, 0.0774520235173, 0.769327965998, 0.315272003539, 0.11868225763, 0.0307380191855, 0.242722429575, 0.529263477193, 4.54275527092e-05, 4.33505112077
4.54275527092e-05, 0.4344901292, 0.873832599974, 0.899888641705, 0.102320442727, 0.274239811751, 0.842133723384, 0.922539270029, 0.0970951498578, 0.294463602966, 0.632884488878, 0.389455104325, 0.142869721534, 0.389422976295, 0.177681179285, 0.332937055629, 0.588891509331, 0.211330162534, 0.46034853093, 0.0563051470373, 0.354543815964, 0.0304018906937, 0.200034046876, 0.0774520235173, 0.769327965998, 0.315272003539, 0.11868225763, 0.0307380191855, 0.242722429575, 0.529263477193, 4.54275527092e-05, 4.33505112077
0.0281515887804, 0.0562551620826, 0.660975926272, 0.897895751149, 0.110431296133, 0.150332013625, 0.625670596051, 0.757219668103, 0.171681632798, 0.130999347793, 0.00890759431255, 0.0379464268229, 0.114675676274, 0.840615018526, 0.955229084687, 0.111059728391, 0.565297644654, 0.767989239201, 0.591007462644, 0.0511658781714, 0.684530366879, 0.0006856296053, 0.00604071967265, 0.813143736511, 0.0406476358332, 0.310337403827, 0.0947711530832, 0.394077564435, 0.180459517708, 0.304181202566, 0.0281515887804, 3.8927931705
0.0281515887804, 0.0562551620826, 0.660975926272, 0.897895751149, 0.110431296133, 0.150332013625, 0.625670596051, 0.757219668103, 0.171681632798, 0.130999347793, 0.00890759431255, 0.0379464268229, 0.114675676274, 0.840615018526, 0.955229084687, 0.111059728391, 0.565297644654, 0.767989239201, 0.591007462644, 0.0511658781714, 0.684530366879, 0.0006856296053, 0.00604071967265, 0.813143736511, 0.0406476358332, 0.310337403827, 0.0947711530832, 0.394077564435, 0.180459517708, 0.304181202566, 0.0281515887804, 3.8927931705
0.0183265271955, 0.114665519568, 0.105791070804, 0.846673400028, 0.0218249759771, 0.70729949346, 0.431914335425, 0.0651732254804, 0.229457383265, 0.652243730447, 0.599567767612, 0.99551192295, 0.0308659361458, 0.199369531088, 0.949533557136, 0.0376404359228, 0.373833916506, 0.00209592069868, 0.465195628772, 0.0136821017085, 0.154440439551, 0.547588916979, 0.320142231352, 0.576751763142, 0.507620815457, 0.784721260626, 0.380795956999, 0.148822042751, 0.0856733859191, 0.00857584086617, 0.0183265271955, 3.93647598889
0.0183265271955, 0.114665519568, 0.105791070804, 0.846673400028, 0.0218249759771, 0.70729949346, 0.431914335425, 0.0651732254804, 0.229457383265, 0.652243730447, 0.599567767612, 0.99551192295, 0.0308659361458, 0.199369531088, 0.949533557136, 0.0376404359228, 0.373833916506, 0.00209592069868, 0.465195628772, 0.0136821017085, 0.154440439551, 0.547588916979, 0.320142231352, 0.576751763142, 0.507620815457, 0.784721260626, 0.380795956999, 0.148822042751, 0.0856733859191, 0.00857584086617, 0.0183265271955, 3.93647598889
0.198214899878, 0.4344901292, 0.266517326108, 0.324109189658, 0.126321247213, 0.274239811751, 0.984480134584, 0.757219668103, 0.585981866812, 0.0758740122024, 0.00890759431255, 0.410102577957, 0.142869721534, 0.892781041105, 0.106623708013, 0.64770950741, 0.67132866144, 0.0881170651413, 0.46034853093, 0.0795736366341, 0.354543815964, 0.0304018906937, 0.00226449974404, 0.538054367832, 0.0860052922688, 0.310337403827, 0.0496861640951, 0.853211229647, 0.20184043923, 0.304181202566, 0.198214899878, 3.22040197083
0.198214899878, 0.4344901292, 0.266517326108, 0.324109189658, 0.126321247213, 0.274239811751, 0.984480134584, 0.757219668103, 0.585981866812, 0.0758740122024, 0.00890759431255, 0.410102577957, 0.142869721534, 0.892781041105, 0.106623708013, 0.64770950741, 0.67132866144, 0.0881170651413, 0.46034853093, 0.0795736366341, 0.354543815964, 0.0304018906937, 0.00226449974404, 0.538054367832, 0.0860052922688, 0.310337403827, 0.0496861640951, 0.853211229647, 0.20184043923, 0.304181202566, 0.198214899878, 3.22040197083
0.768742323632, 0.0369601810194, 0.917479129711, 0.0137383364925, 0.294309248994, 0.550729391162, 0.126035975592, 0.297748279851, 0.157502743898, 0.607575016961, 0.543337583834, 0.564707806075, 0.250893928685, 0.166136121033, 0.55175093904, 0.113592844162, 0.361767010246, 0.626897050116, 0.591090175923, 0.0712814123263, 0.123386223763, 0.182006646451, 0.346281940036, 0.0273127706425, 0.153288590665, 0.993849967975, 0.272515178224, 0.151660662317, 0.587759483889, 0.347381740213, 0.768742323632, 2.33440624145
0.768742323632, 0.0369601810194, 0.917479129711, 0.0137383364925, 0.294309248994, 0.550729391162, 0.126035975592, 0.297748279851, 0.157502743898, 0.607575016961, 0.543337583834, 0.564707806075, 0.250893928685, 0.166136121033, 0.55175093904, 0.113592844162, 0.361767010246, 0.626897050116, 0.591090175923, 0.0712814123263, 0.123386223763, 0.182006646451, 0.346281940036, 0.0273127706425, 0.153288590665, 0.993849967975, 0.272515178224, 0.151660662317, 0.587759483889, 0.347381740213, 0.768742323632, 2.33440624145
0.0110361313059, 0.114665519568, 0.842045751187, 0.39041088005, 0.0218249759771, 0.107371393784, 0.431914335425, 0.472346003502, 0.791195332462, 0.302590359813, 0.694977301395, 0.287766908848, 0.0461789814447, 0.199369531088, 0.838339831731, 0.0376404359228, 0.608340933486, 0.00828767147999, 0.568578314619, 0.101242100346, 0.154440439551, 0.59230714543, 0.183686031073, 0.625450812863, 0.618954644988, 0.629021797201, 0.0208083672304, 0.353785348577, 0.629425862835, 0.161724677254, 0.0110361313059, 4.14307079345
0.0110361313059, 0.114665519568, 0.842045751187, 0.39041088005, 0.0218249759771, 0.107371393784, 0.431914335425, 0.472346003502, 0.791195332462, 0.302590359813, 0.694977301395, 0.287766908848, 0.0461789814447, 0.199369531088, 0.838339831731, 0.0376404359228, 0.608340933486, 0.00828767147999, 0.568578314619, 0.101242100346, 0.154440439551, 0.59230714543, 0.183686031073, 0.625450812863, 0.618954644988, 0.629021797201, 0.0208083672304, 0.353785348577, 0.629425862835, 0.161724677254, 0.0110361313059, 4.14307079345
0.312266085946, 0.638558487199, 0.313057504662, 0.394982434489, 0.258225375289, 0.229890348224, 0.431914335425, 0.000472527952355, 0.276754045252, 0.175693429524, 0.515377283977, 0.994177109719, 0.00472416040074, 0.100754685729, 0.282974232865, 0.518699571229, 0.373833916506, 0.0220985136941, 0.0958751538786, 0.160128459915, 0.207450437806, 0.413555676241, 0.324040570871, 0.901199590901, 0.841818990809, 0.358950643278, 0.318553937097, 0.300670685873, 0.254215943774, 0.120496617314, 0.312266085946, 2.92578643785
0.312266085946, 0.638558487199, 0.313057504662, 0.394982434489, 0.258225375289, 0.229890348224, 0.431914335425, 0.000472527952355, 0.276754045252, 0.175693429524, 0.515377283977, 0.994177109719, 0.00472416040074, 0.100754685729, 0.282974232865, 0.518699571229, 0.373833916506, 0.0220985136941, 0.0958751538786, 0.160128459915, 0.207450437806, 0.413555676241, 0.324040570871, 0.901199590901, 0.841818990809, 0.358950643278, 0.318553937097, 0.300670685873, 0.254215943774, 0.120496617314, 0.312266085946, 2.92578643785
0.218967697039, 0.4344901292, 0.977114026001, 0.771519275056, 0.595375290833, 0.274239811751, 0.993919930242, 0.0879500326937, 0.031130094815, 0.123959276287, 0.0523311398536, 0.312905364993, 0.142869721534, 0.72047334194, 0.84820382866, 0.597031790903, 0.0743600010891, 0.271690008045, 0.46034853093, 0.163692421117, 0.354543815964, 0.0261526574295, 0.00604071967265, 0.407195499012, 0.00216878938329, 0.315272003539, 0.11868225763, 0.0204490036572, 0.242722429575, 0.00358822949995, 0.218967697039, 2.99941898689
0.218967697039, 0.4344901292, 0.977114026001, 0.771519275056, 0.595375290833, 0.274239811751, 0.993919930242, 0.0879500326937, 0.031130094815, 0.123959276287, 0.0523311398536, 0.312905364993, 0.142869721534, 0.72047334194, 0.84820382866, 0.597031790903, 0.0743600010891, 0.271690008045, 0.46034853093, 0.163692421117, 0.354543815964, 0.0261526574295, 0.00604071967265, 0.407195499012, 0.00216878938329, 0.315272003539, 0.11868225763, 0.0204490036572, 0.242722429575, 0.00358822949995, 0.218967697039, 2.99941898689
0.0559016975867, 0.0158994689458, 0.661797234984, 0.327188662769, 0.0218249759771, 0.256837839596, 0.431914335425, 0.0324589315217, 0.642492585453, 0.625856599935, 0.528461338531, 0.996081660337, 0.220597700446, 0.100754685729, 0.826445017789, 0.0376404359228, 0.144433892438, 0.058013036614, 0.568578314619, 0.160128459915, 0.154440439551, 0.293720858269, 0.324040570871, 0.403594024659, 0.507620815457, 0.271794759999, 0.212819208047, 0.353785348577, 0.130957894242, 0.180023404713, 0.0559016975867, 3.47561269957
0.0559016975867, 0.0158994689458, 0.661797234984, 0.327188662769, 0.0218249759771, 0.256837839596, 0.431914335425, 0.0324589315217, 0.642492585453, 0.625856599935, 0.528461338531, 0.996081660337, 0.220597700446, 0.100754685729, 0.826445017789, 0.0376404359228, 0.144433892438, 0.058013036614, 0.568578314619, 0.160128459915, 0.154440439551, 0.293720858269, 0.324040570871, 0.403594024659, 0.507620815457, 0.271794759999, 0.212819208047, 0.353785348577, 0.130957894242, 0.180023404713, 0.0559016975867, 3.47561269957
0.683495462426, 0.486753128593, 0.917479129711, 0.00260255573578, 0.282300950511, 0.200406024804, 0.126035975592, 0.297748279851, 0.387480445436, 0.422886070115, 0.727620831659, 0.0685092307277, 0.181888192394, 0.00968249063379, 0.55175093904, 0.300939758958, 0.361767010246, 0.583559311472, 0.861712335795, 0.155647915209, 0.123386223763, 0.284326247506, 0.0801286403715, 0.0635312688558, 0.740209037494, 0.184147151783, 0.272515178224, 0.0673964859136, 0.999889573078, 0.314370743283, 0.683495462426, 2.44273037759
0.683495462426, 0.486753128593, 0.917479129711, 0.00260255573578, 0.282300950511, 0.200406024804, 0.126035975592, 0.297748279851, 0.387480445436, 0.422886070115, 0.727620831659, 0.0685092307277, 0.181888192394, 0.00968249063379, 0.55175093904, 0.300939758958, 0.361767010246, 0.583559311472, 0.861712335795, 0.155647915209, 0.123386223763, 0.284326247506, 0.0801286403715, 0.0635312688558, 0.740209037494, 0.184147151783, 0.272515178224, 0.0673964859136, 0.999889573078, 0.314370743283, 0.683495462426, 2.44273037759
0.158998945639, 0.0550119027946, 0.917479129711, 0.0137383364925, 0.542383326335, 0.461767428737, 0.513418361552, 0.297748279851, 0.00105770543945, 0.607575016961, 0.589560375624, 0.00178379579496, 0.1232667029, 0.00968249063379, 0.55175093904, 0.300939758958, 0.361767010246, 0.733818887102, 0.13359116302, 0.0582757853395, 0.123386223763, 0.251531181598, 0.197321609986, 0.0635312688558, 0.848126423602, 0.784235980766, 0.401589186699, 0.0673964859136, 0.999889573078, 0.314370743283, 0.158998945639, 3.38698231403
0.158998945639, 0.0550119027946, 0.917479129711, 0.0137383364925, 0.542383326335, 0.461767428737, 0.513418361552, 0.297748279851, 0.00105770543945, 0.607575016961, 0.589560375624, 0.00178379579496, 0.1232667029, 0.00968249063379, 0.55175093904, 0.300939758958, 0.361767010246, 0.733818887102, 0.13359116302, 0.0582757853395, 0.123386223763, 0.251531181598, 0.197321609986, 0.0635312688558, 0.848126423602, 0.784235980766, 0.401589186699, 0.0673964859136, 0.999889573078, 0.314370743283, 0.158998945639, 3.38698231403
0.416723245941, 0.16113722912, 0.313057504662, 0.39041088005, 0.0218249759771, 0.196739778634, 0.431914335425, 0.0107120868463, 0.642492585453, 0.886079356221, 0.324082624896, 0.133171867145, 0.033155512441, 0.100754685729, 0.986718175813, 0.0376404359228, 0.373833916506, 0.058013036614, 0.0958751538786, 0.160128459915, 0.154440439551, 0.547588916979, 0.324040570871, 0.801641610101, 0.507620815457, 0.358950643278, 0.776131542023, 0.353785348577, 0.399999675104, 0.0486454513867, 0.416723245941, 2.69952924341
0.416723245941, 0.16113722912, 0.313057504662, 0.39041088005, 0.0218249759771, 0.196739778634, 0.431914335425, 0.0107120868463, 0.642492585453, 0.886079356221, 0.324082624896, 0.133171867145, 0.033155512441, 0.100754685729, 0.986718175813, 0.0376404359228, 0.373833916506, 0.058013036614, 0.0958751538786, 0.160128459915, 0.154440439551, 0.547588916979, 0.324040570871, 0.801641610101, 0.507620815457, 0.358950643278, 0.776131542023, 0.353785348577, 0.399999675104, 0.0486454513867, 0.416723245941, 2.69952924341
0.33347601938, 0.740192291728, 0.647707704398, 0.631088356859, 0.524584895893, 0.248327761943, 0.356102443753, 0.0766415082979, 0.0433287834755, 0.202281286657, 0.338933995408, 0.651242997622, 0.454886681743, 0.374511008223, 0.177981995949, 0.139928738196, 0.0420667452028, 0.165320770658, 0.121119260759, 0.194368210284, 0.280042942381, 0.224780484398, 0.270414059036, 0.275565208931, 0.568562653504, 0.295963970861, 0.0577638626575, 0.0548187412021, 0.342283824307, 0.775768218657, 0.33347601938, 2.74160253566
0.33347601938, 0.740192291728, 0.647707704398, 0.631088356859, 0.524584895893, 0.248327761943, 0.356102443753, 0.0766415082979, 0.0433287834755, 0.202281286657, 0.338933995408, 0.651242997622, 0.454886681743, 0.374511008223, 0.177981995949, 0.139928738196, 0.0420667452028, 0.165320770658, 0.121119260759, 0.194368210284, 0.280042942381, 0.224780484398, 0.270414059036, 0.275565208931, 0.568562653504, 0.295963970861, 0.0577638626575, 0.0548187412021, 0.342283824307, 0.775768218657, 0.33347601938, 2.74160253566
0.00219601431102, 0.00438237151218, 0.515897051439, 0.432651561125, 0.392142307845, 0.783988610004, 0.151040975465, 0.134926046253, 0.926596137269, 0.130999347793, 0.245755732911, 0.510451472624, 0.10904456106, 0.995879418028, 0.86472895677, 0.135003993559, 0.00524480324981, 0.913512579563, 0.0114837255872, 0.2147193055, 0.111502290835, 0.349392189432, 0.174938787379, 0.640292009897, 0.134074378497, 0.349737054134, 0.621854383036, 0.159070396031, 0.510732368706, 0.762177616735, 0.00219601431102, 4.40502413465
0.00219601431102, 0.00438237151218, 0.515897051439, 0.432651561125, 0.392142307845, 0.783988610004, 0.151040975465, 0.134926046253, 0.926596137269, 0.130999347793, 0.245755732911, 0.510451472624, 0.10904456106, 0.995879418028, 0.86472895677, 0.135003993559, 0.00524480324981, 0.913512579563, 0.0114837255872, 0.2147193055, 0.111502290835, 0.349392189432, 0.174938787379, 0.640292009897, 0.134074378497, 0.349737054134, 0.621854383036, 0.159070396031, 0.510732368706, 0.762177616735, 0.00219601431102, 4.40502413465
0.00492002548252, 0.16113722912, 0.313057504662, 0.39041088005, 0.888302677932, 0.256837839596, 0.431914335425, 0.367152302909, 0.276754045252, 0.625856599935, 0.515377283977, 0.743891814332, 0.033155512441, 0.0681214406809, 0.282974232865, 0.0312927054799, 0.861433687484, 0.0220985136941, 0.252033472975, 0.602115767479, 0.154440439551, 0.547588916979, 0.324040570871, 0.519638308269, 0.841818990809, 0.358950643278, 0.624463121258, 0.439495540998, 0.399999675104, 0.0516217134833, 0.00492002548252, 4.38422902051
0.00492002548252, 0.16113722912, 0.313057504662, 0.39041088005, 0.888302677932, 0.256837839596, 0.431914335425, 0.367152302909, 0.276754045252, 0.625856599935, 0.515377283977, 0.743891814332, 0.033155512441, 0.0681214406809, 0.282974232865, 0.0312927054799, 0.861433687484, 0.0220985136941, 0.252033472975, 0.602115767479, 0.154440439551, 0.547588916979, 0.324040570871, 0.519638308269, 0.841818990809, 0.358950643278, 0.624463121258, 0.439495540998, 0.399999675104, 0.0516217134833, 0.00492002548252, 4.38422902051
0.0342093196733, 0.114665519568, 0.621615222475, 0.00527998998802, 0.0218249759771, 0.107371393784, 0.30791550992, 0.0158220778607, 0.791195332462, 0.30168315206, 0.694977301395, 0.287766908848, 0.0461789814447, 0.199369531088, 0.29215802781, 0.0376404359228, 0.373833916506, 0.609300167972, 0.568578314619, 0.111845433375, 0.505172178037, 0.59230714543, 0.286500225164, 0.625450812863, 0.618954644988, 0.812106993829, 0.0179614835934, 0.353785348577, 0.629425862835, 0.777304210501, 0.0342093196733, 3.94453238945
0.0342093196733, 0.114665519568, 0.621615222475, 0.00527998998802, 0.0218249759771, 0.107371393784, 0.30791550992, 0.0158220778607, 0.791195332462, 0.30168315206, 0.694977301395, 0.287766908848, 0.0461789814447, 0.199369531088, 0.29215802781, 0.0376404359228, 0.373833916506, 0.609300167972, 0.568578314619, 0.111845433375, 0.505172178037, 0.59230714543, 0.286500225164, 0.625450812863, 0.618954644988, 0.812106993829, 0.0179614835934, 0.353785348577, 0.629425862835, 0.777304210501, 0.0342093196733, 3.94453238945
0.0281515887804, 0.0562551620826, 0.660975926272, 0.897895751149, 0.110431296133, 0.150332013625, 0.625670596051, 0.757219668103, 0.171681632798, 0.130999347793, 0.00890759431255, 0.410102577957, 0.114675676274, 0.840615018526, 0.955229084687, 0.111059728391, 0.565297644654, 0.767989239201, 0.591007462644, 0.0795736366341, 0.739798488759, 0.0855133874678, 0.00604071967265, 0.902418166036, 0.0406476358332, 0.310337403827, 0.0947711530832, 0.394077564435, 0.180459517708, 0.304181202566, 0.0281515887804, 4.08041326185
0.0281515887804, 0.0562551620826, 0.660975926272, 0.897895751149, 0.110431296133, 0.150332013625, 0.625670596051, 0.757219668103, 0.171681632798, 0.130999347793, 0.00890759431255, 0.410102577957, 0.114675676274, 0.840615018526, 0.955229084687, 0.111059728391, 0.565297644654, 0.767989239201, 0.591007462644, 0.0795736366341, 0.739798488759, 0.0855133874678, 0.00604071967265, 0.902418166036, 0.0406476358332, 0.310337403827, 0.0947711530832, 0.394077564435, 0.180459517708, 0.304181202566, 0.0281515887804, 4.08041326185
0.976658589086, 0.344710121784, 0.917479129711, 0.0104687404542, 0.211171331759, 0.353465592573, 0.5311978689, 0.0627774079186, 0.387480445436, 0.607575016961, 0.589560375624, 0.0261899922889, 0.338122669596, 0.00364821608937, 0.55175093904, 0.507966008242, 0.144015640766, 0.453647445307, 0.739836079764, 0.469761626675, 0.123386223763, 0.182006646451, 0.197321609986, 0.265010849326, 0.740209037494, 0.735464260484, 0.131438280297, 0.151660662317, 0.635520187402, 0.623000537868, 0.976658589086, 2.34606301109
0.976658589086, 0.344710121784, 0.917479129711, 0.0104687404542, 0.211171331759, 0.353465592573, 0.5311978689, 0.0627774079186, 0.387480445436, 0.607575016961, 0.589560375624, 0.0261899922889, 0.338122669596, 0.00364821608937, 0.55175093904, 0.507966008242, 0.144015640766, 0.453647445307, 0.739836079764, 0.469761626675, 0.123386223763, 0.182006646451, 0.197321609986, 0.265010849326, 0.740209037494, 0.735464260484, 0.131438280297, 0.151660662317, 0.635520187402, 0.623000537868, 0.976658589086, 2.34606301109
