0.0433766439922, 0.114665519568, 0.660975926272, 0.37558604171, 0.0122950855533, 0.572693631039, 0.189180036727, 0.0908919119556, 0.313016438427, 0.123959276287, 0.47419337585, 0.860953468756, 0.0228173711078, 0.0316123834236, 0.00713143297658, 0.450997710758, 0.588891509331, 0.258642740643, 0.697664480293, 0.122217528942, 0.279932662674, 0.00330034405186, 0.364139528679, 0.11612058611, 0.0367061545729, 0.0174241149587, 0.0670751400078, 0.0297314931923, 0.242722429575, 0.0489913351724, 0.0433766439922, 2.8524683831
0.0433766439922, 0.114665519568, 0.660975926272, 0.37558604171, 0.0122950855533, 0.572693631039, 0.189180036727, 0.0908919119556, 0.313016438427, 0.123959276287, 0.47419337585, 0.860953468756, 0.0228173711078, 0.0316123834236, 0.00713143297658, 0.450997710758, 0.588891509331, 0.258642740643, 0.697664480293, 0.122217528942, 0.279932662674, 0.00330034405186, 0.364139528679, 0.11612058611, 0.0367061545729, 0.0174241149587, 0.0670751400078, 0.0297314931923, 0.242722429575, 0.0489913351724, 0.0433766439922, 2.8524683831
0.0321145678123, 0.317385893016, 0.145857840267, 0.580473687287, 0.254212059943, 0.402071694344, 0.0687678376586, 0.622530154369, 0.0786954869697, 0.123959276287, 0.0772829827123, 0.338958563975, 0.142869721534, 0.374077228726, 0.00266337602609, 0.597031790903, 0.852400693972, 0.530703052125, 0.196576166921, 0.163692421117, 0.00524490052047, 0.0869760151626, 0.210250484128, 0.411336426405, 0.0603788657823, 0.0174241149587, 0.229473298433, 0.0307380191855, 0.747012645973, 0.000329210809505, 0.0321145678123, 3.05067810718
0.0321145678123, 0.317385893016, 0.145857840267, 0.580473687287, 0.254212059943, 0.402071694344, 0.0687678376586, 0.622530154369, 0.0786954869697, 0.123959276287, 0.0772829827123, 0.338958563975, 0.142869721534, 0.374077228726, 0.00266337602609, 0.597031790903, 0.852400693972, 0.530703052125, 0.196576166921, 0.163692421117, 0.00524490052047, 0.0869760151626, 0.210250484128, 0.411336426405, 0.0603788657823, 0.0174241149587, 0.229473298433, 0.0307380191855, 0.747012645973, 0.000329210809505, 0.0321145678123, 3.05067810718
0.121877991547, 0.0833230221136, 0.112468096013, 0.48463639803, 0.66479464397, 0.292004886627, 0.0626161214858, 0.205440270796, 0.0357375262867, 0.123959276287, 0.201879103066, 0.148290035461, 0.142869721534, 0.0693015442398, 0.0668312834338, 0.706324302226, 0.267765745884, 0.200789927906, 0.831741076579, 0.364449248434, 0.010432410127, 0.0304018906937, 0.00230665794672, 0.281065563087, 0.0172695361338, 0.0174241149587, 0.0201335192886, 0.0307380191855, 0.175013739431, 0.0666577248402, 0.121877991547, 2.19266844207
0.121877991547, 0.0833230221136, 0.112468096013, 0.48463639803, 0.66479464397, 0.292004886627, 0.0626161214858, 0.205440270796, 0.0357375262867, 0.123959276287, 0.201879103066, 0.148290035461, 0.142869721534, 0.0693015442398, 0.0668312834338, 0.706324302226, 0.267765745884, 0.200789927906, 0.831741076579, 0.364449248434, 0.010432410127, 0.0304018906937, 0.00230665794672, 0.281065563087, 0.0172695361338, 0.0174241149587, 0.0201335192886, 0.0307380191855, 0.175013739431, 0.0666577248402, 0.121877991547, 2.19266844207
0.04161528052, 0.317385893016, 0.145857840267, 0.580473687287, 0.717008957818, 0.144579401084, 0.0687678376586, 0.622530154369, 0.0786954869697, 0.123959276287, 0.201879103066, 0.688586230878, 0.142869721534, 0.374077228726, 0.00266337602609, 0.597031790903, 0.221433097241, 0.976669934817, 0.196576166921, 0.163692421117, 0.00524490052047, 0.00652106960208, 0.00374290822078, 0.407195499012, 0.0219872502484, 0.0174241149587, 0.215962511996, 0.0307380191855, 0.747012645973, 0.000329210809505, 0.04161528052, 3.04952016012
0.04161528052, 0.317385893016, 0.145857840267, 0.580473687287, 0.717008957818, 0.144579401084, 0.0687678376586, 0.622530154369, 0.0786954869697, 0.123959276287, 0.201879103066, 0.688586230878, 0.142869721534, 0.374077228726, 0.00266337602609, 0.597031790903, 0.221433097241, 0.976669934817, 0.196576166921, 0.163692421117, 0.00524490052047, 0.00652106960208, 0.00374290822078, 0.407195499012, 0.0219872502484, 0.0174241149587, 0.215962511996, 0.0307380191855, 0.747012645973, 0.000329210809505, 0.04161528052, 3.04952016012
0.00017186607752, 0.626899576607, 0.691550135613, 0.00271181446317, 0.0275958944848, 0.919377167677, 0.981408107683, 0.840714067267, 0.120063823181, 0.205688055111, 0.99179361025, 0.855752600882, 0.185177675056, 0.00963204478835, 0.894048897622, 0.0705140536543, 0.0368395456838, 0.689129679955, 0.526130081385, 0.309837552693, 0.229657270272, 0.271492253898, 0.0965614677941, 0.062228293459, 0.362939540176, 0.578390589775, 0.127240782307, 0.159070396031, 0.618661178219, 0.175804441027, 0.00017186607752, 4.59258464058
0.00017186607752, 0.626899576607, 0.691550135613, 0.00271181446317, 0.0275958944848, 0.919377167677, 0.981408107683, 0.840714067267, 0.120063823181, 0.205688055111, 0.99179361025, 0.855752600882, 0.185177675056, 0.00963204478835, 0.894048897622, 0.0705140536543, 0.0368395456838, 0.689129679955, 0.526130081385, 0.309837552693, 0.229657270272, 0.271492253898, 0.0965614677941, 0.062228293459, 0.362939540176, 0.578390589775, 0.127240782307, 0.159070396031, 0.618661178219, 0.175804441027, 0.00017186607752, 4.59258464058
5.64759097023e-05, 0.26300141802, 0.0393515541908, 0.315110526732, 0.638813234551, 0.702317102726, 0.85842300656, 0.798609235181, 0.573059794844, 0.196106347821, 0.65134633238, 0.244240416536, 0.974125394908, 0.0724697950531, 0.0997882142963, 0.293685727441, 0.00288338057924, 0.659710045134, 0.901543063144, 0.473049951627, 0.364926294248, 0.551503211788, 0.44972937254, 0.0583242822677, 0.117009083082, 0.399486445816, 0.352451569358, 0.245833307966, 0.76746750951, 0.542342469739, 5.64759097023e-05, 4.89577030496
5.64759097023e-05, 0.26300141802, 0.0393515541908, 0.315110526732, 0.638813234551, 0.702317102726, 0.85842300656, 0.798609235181, 0.573059794844, 0.196106347821, 0.65134633238, 0.244240416536, 0.974125394908, 0.0724697950531, 0.0997882142963, 0.293685727441, 0.00288338057924, 0.659710045134, 0.901543063144, 0.473049951627, 0.364926294248, 0.551503211788, 0.44972937254, 0.0583242822677, 0.117009083082, 0.399486445816, 0.352451569358, 0.245833307966, 0.76746750951, 0.542342469739, 5.64759097023e-05, 4.89577030496
0.170642017409, 0.54285611255, 0.112468096013, 0.356853038164, 0.39212236825, 0.292004886627, 0.0626161214858, 0.205440270796, 0.0357375262867, 0.123959276287, 0.201879103066, 0.148290035461, 0.142869721534, 0.216032700809, 0.0145747208731, 0.597031790903, 0.267765745884, 0.640416876723, 0.831741076579, 0.112432186472, 0.010432410127, 0.0304018906937, 0.118574323434, 0.281065563087, 0.0172695361338, 0.0174241149587, 0.0201335192886, 0.0307380191855, 0.175013739431, 0.0666577248402, 0.170642017409, 2.18088055962
0.170642017409, 0.54285611255, 0.112468096013, 0.356853038164, 0.39212236825, 0.292004886627, 0.0626161214858, 0.205440270796, 0.0357375262867, 0.123959276287, 0.201879103066, 0.148290035461, 0.142869721534, 0.216032700809, 0.0145747208731, 0.597031790903, 0.267765745884, 0.640416876723, 0.831741076579, 0.112432186472, 0.010432410127, 0.0304018906937, 0.118574323434, 0.281065563087, 0.0172695361338, 0.0174241149587, 0.0201335192886, 0.0307380191855, 0.175013739431, 0.0666577248402, 0.170642017409, 2.18088055962
4.11454893545e-06, 0.996632966382, 0.872384111151, 0.0137383364925, 0.597345632162, 0.919377167677, 0.817194830618, 0.140013520834, 0.513038902871, 0.588537805424, 0.3472424572, 0.900462764928, 0.081874478481, 0.69863268819, 0.894048897622, 0.111196365441, 0.0368395456838, 0.972116075889, 0.416925965503, 0.177978201442, 0.318585482206, 0.183119886186, 0.278155828698, 0.442992360225, 0.327825067479, 0.578390589775, 0.706629711129, 0.181591162857, 0.572356013679, 0.460020169705, 4.11454893545e-06, 5.38519498816
4.11454893545e-06, 0.996632966382, 0.872384111151, 0.0137383364925, 0.597345632162, 0.919377167677, 0.817194830618, 0.140013520834, 0.513038902871, 0.588537805424, 0.3472424572, 0.900462764928, 0.081874478481, 0.69863268819, 0.894048897622, 0.111196365441, 0.0368395456838, 0.972116075889, 0.416925965503, 0.177978201442, 0.318585482206, 0.183119886186, 0.278155828698, 0.442992360225, 0.327825067479, 0.578390589775, 0.706629711129, 0.181591162857, 0.572356013679, 0.460020169705, 4.11454893545e-06, 5.38519498816
0.118612464774, 0.317385893016, 0.145857840267, 0.748080883599, 0.717008957818, 0.402071694344, 0.0370435014904, 0.622530154369, 0.0786954869697, 0.123959276287, 0.201879103066, 0.306145953657, 0.142869721534, 0.216032700809, 0.0177015726912, 0.597031790903, 0.0612692770645, 0.976669934817, 0.196576166921, 0.163692421117, 0.00205236432657, 0.0304018906937, 0.00374290822078, 0.407195499012, 0.0240875433135, 0.0174241149587, 0.150598853745, 0.0307380191855, 0.750790664316, 0.000108336814251, 0.118612464774, 2.69642919727
0.118612464774, 0.317385893016, 0.145857840267, 0.748080883599, 0.717008957818, 0.402071694344, 0.0370435014904, 0.622530154369, 0.0786954869697, 0.123959276287, 0.201879103066, 0.306145953657, 0.142869721534, 0.216032700809, 0.0177015726912, 0.597031790903, 0.0612692770645, 0.976669934817, 0.196576166921, 0.163692421117, 0.00205236432657, 0.0304018906937, 0.00374290822078, 0.407195499012, 0.0240875433135, 0.0174241149587, 0.150598853745, 0.0307380191855, 0.750790664316, 0.000108336814251, 0.118612464774, 2.69642919727
0.599943930092, 0.859438559578, 0.112468096013, 0.356853038164, 0.66479464397, 0.292004886627, 0.0626161214858, 0.205440270796, 0.0357375262867, 0.123959276287, 0.201879103066, 0.148290035461, 0.142869721534, 0.216032700809, 0.0668312834338, 0.597031790903, 0.267765745884, 0.200789927906, 0.831741076579, 0.112432186472, 0.010432410127, 0.0304018906937, 0.00230665794672, 0.281065563087, 0.0172695361338, 0.0174241149587, 0.0201335192886, 0.0307380191855, 0.175013739431, 0.0666577248402, 0.599943930092, 1.58773322414
0.599943930092, 0.859438559578, 0.112468096013, 0.356853038164, 0.66479464397, 0.292004886627, 0.0626161214858, 0.205440270796, 0.0357375262867, 0.123959276287, 0.201879103066, 0.148290035461, 0.142869721534, 0.216032700809, 0.0668312834338, 0.597031790903, 0.267765745884, 0.200789927906, 0.831741076579, 0.112432186472, 0.010432410127, 0.0304018906937, 0.00230665794672, 0.281065563087, 0.0172695361338, 0.0174241149587, 0.0201335192886, 0.0307380191855, 0.175013739431, 0.0666577248402, 0.599943930092, 1.58773322414
0.987412594901, 0.720422291057, 0.185047218078, 0.357674789104, 0.172557767059, 0.183547273189, 0.25692388891, 0.180112273445, 0.287686242393, 0.786175907262, 0.20092752757, 0.57021363782, 0.370222513895, 0.105243432074, 0.0883580467265, 0.328659690635, 0.167369897721, 0.00357585238002, 0.319247510275, 0.0412301617813, 0.163282117644, 0.0536392126509, 0.171735038867, 0.0544799364236, 0.122327583075, 0.652790485811, 0.418503796509, 0.00262647352376, 0.404554825271, 0.000240567099827, 0.987412594901, 1.48547275852
0.987412594901, 0.720422291057, 0.185047218078, 0.357674789104, 0.172557767059, 0.183547273189, 0.25692388891, 0.180112273445, 0.287686242393, 0.786175907262, 0.20092752757, 0.57021363782, 0.370222513895, 0.105243432074, 0.0883580467265, 0.328659690635, 0.167369897721, 0.00357585238002, 0.319247510275, 0.0412301617813, 0.163282117644, 0.0536392126509, 0.171735038867, 0.0544799364236, 0.122327583075, 0.652790485811, 0.418503796509, 0.00262647352376, 0.404554825271, 0.000240567099827, 0.987412594901, 1.48547275852
0.486828154844, 0.317385893016, 0.145857840267, 0.748080883599, 0.717008957818, 0.402071694344, 0.0687678376586, 0.713112472412, 0.0786954869697, 0.123959276287, 0.603817086156, 0.338958563975, 0.142869721534, 0.216032700809, 0.0177015726912, 0.0867726453202, 0.0612692770645, 0.976669934817, 0.0963490254464, 0.163692421117, 0.00205236432657, 0.0304018906937, 0.000515603657083, 0.407195499012, 0.0240875433135, 0.0121195878369, 0.150598853745, 0.0307380191855, 0.750790664316, 5.99592843995e-05, 0.486828154844, 2.03665243849
0.486828154844, 0.317385893016, 0.145857840267, 0.748080883599, 0.717008957818, 0.402071694344, 0.0687678376586, 0.713112472412, 0.0786954869697, 0.123959276287, 0.603817086156, 0.338958563975, 0.142869721534, 0.216032700809, 0.0177015726912, 0.0867726453202, 0.0612692770645, 0.976669934817, 0.0963490254464, 0.163692421117, 0.00205236432657, 0.0304018906937, 0.000515603657083, 0.407195499012, 0.0240875433135, 0.0121195878369, 0.150598853745, 0.0307380191855, 0.750790664316, 5.99592843995e-05, 0.486828154844, 2.03665243849
0.00114969486449, 0.317385893016, 0.409749960583, 0.356853038164, 0.717008957818, 0.0591999083767, 0.143261933947, 0.583001158157, 0.0786954869697, 0.123959276287, 0.234191967938, 0.338958563975, 0.111940238655, 0.216032700809, 0.0177015726912, 0.597031790903, 0.00152063382456, 0.986545856557, 0.196576166921, 0.595443117782, 1.93434019921e-05, 0.0304018906937, 0.00374290822078, 0.407195499012, 0.0188115166642, 0.0174241149587, 0.0777912890625, 0.162574069521, 0.477304471339, 0.000329210809505, 0.00114969486449, 3.19829647624
0.00114969486449, 0.317385893016, 0.409749960583, 0.356853038164, 0.717008957818, 0.0591999083767, 0.143261933947, 0.583001158157, 0.0786954869697, 0.123959276287, 0.234191967938, 0.338958563975, 0.111940238655, 0.216032700809, 0.0177015726912, 0.597031790903, 0.00152063382456, 0.986545856557, 0.196576166921, 0.595443117782, 1.93434019921e-05, 0.0304018906937, 0.00374290822078, 0.407195499012, 0.0188115166642, 0.0174241149587, 0.0777912890625, 0.162574069521, 0.477304471339, 0.000329210809505, 0.00114969486449, 3.19829647624
0.47670851989, 0.990066461248, 0.0781441172272, 0.00462966793403, 0.450749653237, 0.402071694344, 0.0687678376586, 0.417955544671, 0.0436467100269, 0.000199382368103, 0.365946490819, 0.338958563975, 0.142869721534, 0.0101979375087, 0.112644507706, 0.0414551482157, 0.267765745884, 0.973585029899, 0.46034853093, 0.163692421117, 0.00132286663324, 0.0304018906937, 0.00629785150995, 0.407195499012, 0.0406476358332, 0.00730587793132, 0.398098574393, 0.424342908757, 0.747012645973, 0.183495544829, 0.47670851989, 2.08819819421
0.47670851989, 0.990066461248, 0.0781441172272, 0.00462966793403, 0.450749653237, 0.402071694344, 0.0687678376586, 0.417955544671, 0.0436467100269, 0.000199382368103, 0.365946490819, 0.338958563975, 0.142869721534, 0.0101979375087, 0.112644507706, 0.0414551482157, 0.267765745884, 0.973585029899, 0.46034853093, 0.163692421117, 0.00132286663324, 0.0304018906937, 0.00629785150995, 0.407195499012, 0.0406476358332, 0.00730587793132, 0.398098574393, 0.424342908757, 0.747012645973, 0.183495544829, 0.47670851989, 2.08819819421
0.958426280116, 0.0428378622754, 0.178821542427, 0.500459607578, 0.172557767059, 0.0109721446272, 0.211277995001, 0.282824586039, 0.123447450798, 0.99925206286, 0.217702160404, 0.57021363782, 0.484215700974, 0.205981891014, 0.0233578597511, 0.328659690635, 0.0765781532852, 0.016215832037, 0.319247510275, 0.0412301617813, 0.0472018156361, 0.291169465934, 0.304691940215, 0.248468077494, 0.449486296432, 0.616964382258, 0.101392823002, 0.00652044365985, 0.404554825271, 0.00109103308855, 0.958426280116, 1.49129107845
0.958426280116, 0.0428378622754, 0.178821542427, 0.500459607578, 0.172557767059, 0.0109721446272, 0.211277995001, 0.282824586039, 0.123447450798, 0.99925206286, 0.217702160404, 0.57021363782, 0.484215700974, 0.205981891014, 0.0233578597511, 0.328659690635, 0.0765781532852, 0.016215832037, 0.319247510275, 0.0412301617813, 0.0472018156361, 0.291169465934, 0.304691940215, 0.248468077494, 0.449486296432, 0.616964382258, 0.101392823002, 0.00652044365985, 0.404554825271, 0.00109103308855, 0.958426280116, 1.49129107845
0.000107375413743, 0.292731073643, 0.831584887681, 0.0111243000589, 0.80130944552, 0.875359078255, 0.981408107683, 0.81066829944, 0.0155425562816, 0.626312092437, 0.0385823719454, 0.865387895443, 0.0405235284046, 0.0662207149286, 0.894048897622, 0.296122878811, 0.0368395456838, 0.972116075889, 0.686877568633, 0.631471182097, 0.318585482206, 0.271492253898, 0.362642132337, 0.0777061916901, 0.0302736332527, 0.152352992463, 0.403343487814, 0.0458560794752, 0.099323683145, 0.460020169705, 0.000107375413743, 4.70032347722
0.000107375413743, 0.292731073643, 0.831584887681, 0.0111243000589, 0.80130944552, 0.875359078255, 0.981408107683, 0.81066829944, 0.0155425562816, 0.626312092437, 0.0385823719454, 0.865387895443, 0.0405235284046, 0.0662207149286, 0.894048897622, 0.296122878811, 0.0368395456838, 0.972116075889, 0.686877568633, 0.631471182097, 0.318585482206, 0.271492253898, 0.362642132337, 0.0777061916901, 0.0302736332527, 0.152352992463, 0.403343487814, 0.0458560794752, 0.099323683145, 0.460020169705, 0.000107375413743, 4.70032347722
0.593116723727, 0.720422291057, 0.185047218078, 0.332237753226, 0.00987016391006, 0.0109721446272, 0.211277995001, 0.324861924896, 0.287686242393, 0.786175907262, 0.20092752757, 0.57021363782, 0.0391995657689, 0.0174709031313, 0.12954178327, 0.328659690635, 0.167369897721, 0.016215832037, 0.319247510275, 0.0412301617813, 0.163282117644, 0.0536392126509, 0.171735038867, 0.0544799364236, 0.214621013265, 0.652790485811, 0.197034945489, 0.00262647352376, 0.404554825271, 0.00346934887767, 0.593116723727, 1.70774239126
0.593116723727, 0.720422291057, 0.185047218078, 0.332237753226, 0.00987016391006, 0.0109721446272, 0.211277995001, 0.324861924896, 0.287686242393, 0.786175907262, 0.20092752757, 0.57021363782, 0.0391995657689, 0.0174709031313, 0.12954178327, 0.328659690635, 0.167369897721, 0.016215832037, 0.319247510275, 0.0412301617813, 0.163282117644, 0.0536392126509, 0.171735038867, 0.0544799364236, 0.214621013265, 0.652790485811, 0.197034945489, 0.00262647352376, 0.404554825271, 0.00346934887767, 0.593116723727, 1.70774239126
0.025022357571, 0.226239654553, 0.915041225417, 0.439137645268, 0.0218249759771, 0.114522451979, 0.168651208848, 0.0016696472902, 0.715284833431, 0.00475423968057, 0.0219614399486, 0.403918384214, 0.0423644659872, 0.199369531088, 0.230744513583, 0.0376404359228, 0.0197794519749, 0.0247641582759, 0.138203297521, 0.160128459915, 0.154440439551, 0.802234875274, 0.324040570871, 0.0307502996113, 0.507620815457, 0.165401234154, 0.486975152063, 0.353785348577, 0.95602172549, 0.048829025887, 0.025022357571, 3.10320314465
0.025022357571, 0.226239654553, 0.915041225417, 0.439137645268, 0.0218249759771, 0.114522451979, 0.168651208848, 0.0016696472902, 0.715284833431, 0.00475423968057, 0.0219614399486, 0.403918384214, 0.0423644659872, 0.199369531088, 0.230744513583, 0.0376404359228, 0.0197794519749, 0.0247641582759, 0.138203297521, 0.160128459915, 0.154440439551, 0.802234875274, 0.324040570871, 0.0307502996113, 0.507620815457, 0.165401234154, 0.486975152063, 0.353785348577, 0.95602172549, 0.048829025887, 0.025022357571, 3.10320314465
0.102330811748, 0.114665519568, 0.851470055458, 0.686127625301, 0.717008957818, 0.47095535019, 0.184243414857, 0.149690397056, 0.313016438427, 0.116442405077, 0.47419337585, 0.713722694957, 0.142869721534, 0.0316123834236, 0.00713143297658, 0.407831458072, 0.491254385407, 0.796551403541, 0.697664480293, 0.00672963937382, 0.354543815964, 0.0160490454276, 0.00629785150995, 0.0927356874114, 0.0406476358332, 0.0174241149587, 0.0100208080552, 0.00629894740223, 0.242722429575, 0.304181202566, 0.102330811748, 3.01758410537
0.102330811748, 0.114665519568, 0.851470055458, 0.686127625301, 0.717008957818, 0.47095535019, 0.184243414857, 0.149690397056, 0.313016438427, 0.116442405077, 0.47419337585, 0.713722694957, 0.142869721534, 0.0316123834236, 0.00713143297658, 0.407831458072, 0.491254385407, 0.796551403541, 0.697664480293, 0.00672963937382, 0.354543815964, 0.0160490454276, 0.00629785150995, 0.0927356874114, 0.0406476358332, 0.0174241149587, 0.0100208080552, 0.00629894740223, 0.242722429575, 0.304181202566, 0.102330811748, 3.01758410537
0.121877991547, 0.172924318199, 0.112468096013, 0.356853038164, 0.66479464397, 0.292004886627, 0.0626161214858, 0.205440270796, 0.0357375262867, 0.123959276287, 0.201879103066, 0.148290035461, 0.142869721534, 0.216032700809, 0.0668312834338, 0.706324302226, 0.267765745884, 0.200789927906, 0.831741076579, 0.112432186472, 0.586154531467, 0.0304018906937, 0.00230665794672, 0.281065563087, 0.0172695361338, 0.0174241149587, 0.0201335192886, 0.0307380191855, 0.175013739431, 0.0666577248402, 0.121877991547, 2.31292332141
0.121877991547, 0.172924318199, 0.112468096013, 0.356853038164, 0.66479464397, 0.292004886627, 0.0626161214858, 0.205440270796, 0.0357375262867, 0.123959276287, 0.201879103066, 0.148290035461, 0.142869721534, 0.216032700809, 0.0668312834338, 0.706324302226, 0.267765745884, 0.200789927906, 0.831741076579, 0.112432186472, 0.586154531467, 0.0304018906937, 0.00230665794672, 0.281065563087, 0.0172695361338, 0.0174241149587, 0.0201335192886, 0.0307380191855, 0.175013739431, 0.0666577248402, 0.121877991547, 2.31292332141
5.64759097023e-05, 0.26300141802, 0.56529474282, 0.315110526732, 0.638813234551, 0.702317102726, 0.326327969534, 0.798609235181, 0.333559252736, 0.196106347821, 0.65134633238, 0.350846346021, 0.974125394908, 0.0228662264716, 0.0411625636529, 0.293685727441, 0.00288338057924, 0.774301795751, 0.901543063144, 0.473049951627, 0.0988215749988, 0.683738641265, 0.44972937254, 0.825587828781, 0.0519050969392, 0.399486445816, 0.196373331055, 0.245833307966, 0.76746750951, 0.542342469739, 5.64759097023e-05, 4.98237397958
5.64759097023e-05, 0.26300141802, 0.56529474282, 0.315110526732, 0.638813234551, 0.702317102726, 0.326327969534, 0.798609235181, 0.333559252736, 0.196106347821, 0.65134633238, 0.350846346021, 0.974125394908, 0.0228662264716, 0.0411625636529, 0.293685727441, 0.00288338057924, 0.774301795751, 0.901543063144, 0.473049951627, 0.0988215749988, 0.683738641265, 0.44972937254, 0.825587828781, 0.0519050969392, 0.399486445816, 0.196373331055, 0.245833307966, 0.76746750951, 0.542342469739, 5.64759097023e-05, 4.98237397958
5.72341382864e-05, 0.98577149361, 0.568372466925, 0.00761888879692, 0.389739879091, 0.875359078255, 0.981408107683, 0.81066829944, 0.120063823181, 0.393750454315, 0.467121705369, 0.715070267771, 0.185177675056, 0.00963204478835, 0.894048897622, 0.511052211106, 0.00697356802959, 0.727772117525, 0.686877568633, 0.578359595242, 0.254592545741, 0.0497695037308, 0.0480301404698, 0.0777061916901, 0.362939540176, 0.00738286499092, 0.67005889, 0.159070396031, 0.618661178219, 0.460020169705, 5.72341382864e-05, 4.90072790169
5.72341382864e-05, 0.98577149361, 0.568372466925, 0.00761888879692, 0.389739879091, 0.875359078255, 0.981408107683, 0.81066829944, 0.120063823181, 0.393750454315, 0.467121705369, 0.715070267771, 0.185177675056, 0.00963204478835, 0.894048897622, 0.511052211106, 0.00697356802959, 0.727772117525, 0.686877568633, 0.578359595242, 0.254592545741, 0.0497695037308, 0.0480301404698, 0.0777061916901, 0.362939540176, 0.00738286499092, 0.67005889, 0.159070396031, 0.618661178219, 0.460020169705, 5.72341382864e-05, 4.90072790169
0.41798306834, 0.720422291057, 0.185047218078, 0.357674789104, 0.00987016391006, 0.0109721446272, 0.211277995001, 0.324861924896, 0.287686242393, 0.786175907262, 0.20092752757, 0.57021363782, 0.308560407389, 0.614185824079, 0.12954178327, 0.328659690635, 0.11144003099, 0.0155472633094, 0.319247510275, 0.0412301617813, 0.118247151725, 0.0536392126509, 0.171735038867, 0.0544799364236, 0.214621013265, 0.652790485811, 0.197034945489, 0.245514784666, 0.404554825271, 0.00346934887767, 0.41798306834, 2.18646890215
0.41798306834, 0.720422291057, 0.185047218078, 0.357674789104, 0.00987016391006, 0.0109721446272, 0.211277995001, 0.324861924896, 0.287686242393, 0.786175907262, 0.20092752757, 0.57021363782, 0.308560407389, 0.614185824079, 0.12954178327, 0.328659690635, 0.11144003099, 0.0155472633094, 0.319247510275, 0.0412301617813, 0.118247151725, 0.0536392126509, 0.171735038867, 0.0544799364236, 0.214621013265, 0.652790485811, 0.197034945489, 0.245514784666, 0.404554825271, 0.00346934887767, 0.41798306834, 2.18646890215
6.10207594065e-06, 0.999747281429, 0.188416736438, 0.454608839124, 0.597345632162, 0.976578163202, 0.981408107683, 0.81066829944, 0.284971133009, 0.393750454315, 0.99179361025, 0.855752600882, 0.081874478481, 0.0045858156777, 0.894048897622, 0.111196365441, 0.0368395456838, 0.972116075889, 0.733675335953, 0.177978201442, 0.318585482206, 0.271492253898, 0.263914435132, 0.442992360225, 0.470194593413, 0.208358931384, 0.847980342419, 0.159070396031, 0.572356013679, 0.460020169705, 6.10207594065e-06, 5.51353746228
6.10207594065e-06, 0.999747281429, 0.188416736438, 0.454608839124, 0.597345632162, 0.976578163202, 0.981408107683, 0.81066829944, 0.284971133009, 0.393750454315, 0.99179361025, 0.855752600882, 0.081874478481, 0.0045858156777, 0.894048897622, 0.111196365441, 0.0368395456838, 0.972116075889, 0.733675335953, 0.177978201442, 0.318585482206, 0.271492253898, 0.263914435132, 0.442992360225, 0.470194593413, 0.208358931384, 0.847980342419, 0.159070396031, 0.572356013679, 0.460020169705, 6.10207594065e-06, 5.51353746228
3.68073073095e-05, 0.497455777869, 0.554293940796, 0.0137383364925, 0.71751243274, 0.612386739787, 0.882809439046, 0.636152803922, 0.120063823181, 0.560542324753, 0.407345097311, 0.855752600882, 0.185177675056, 0.247676948721, 0.914415765653, 0.511052211106, 0.834387296968, 0.938810440826, 0.416925965503, 0.578359595242, 0.399762115527, 0.271492253898, 0.120069195434, 0.390801758464, 0.362939540176, 0.252147101364, 0.917116539888, 0.159070396031, 0.618661178219, 0.460020169705, 3.68073073095e-05, 5.46622667758
3.68073073095e-05, 0.497455777869, 0.554293940796, 0.0137383364925, 0.71751243274, 0.612386739787, 0.882809439046, 0.636152803922, 0.120063823181, 0.560542324753, 0.407345097311, 0.855752600882, 0.185177675056, 0.247676948721, 0.914415765653, 0.511052211106, 0.834387296968, 0.938810440826, 0.416925965503, 0.578359595242, 0.399762115527, 0.271492253898, 0.120069195434, 0.390801758464, 0.362939540176, 0.252147101364, 0.917116539888, 0.159070396031, 0.618661178219, 0.460020169705, 3.68073073095e-05, 5.46622667758
4.11454893545e-06, 0.997617032234, 0.872384111151, 0.0137383364925, 0.597345632162, 0.919377167677, 0.817194830618, 0.81066829944, 0.513038902871, 0.393750454315, 0.3472424572, 0.900462764928, 0.081874478481, 0.69863268819, 0.894048897622, 0.111196365441, 0.0368395456838, 0.972116075889, 0.416925965503, 0.711824780544, 0.318585482206, 0.271492253898, 0.278155828698, 0.442992360225, 0.470194593413, 0.578390589775, 0.706629711129, 0.159070396031, 0.572356013679, 0.460020169705, 4.11454893545e-06, 5.76331780194
4.11454893545e-06, 0.997617032234, 0.872384111151, 0.0137383364925, 0.597345632162, 0.919377167677, 0.817194830618, 0.81066829944, 0.513038902871, 0.393750454315, 0.3472424572, 0.900462764928, 0.081874478481, 0.69863268819, 0.894048897622, 0.111196365441, 0.0368395456838, 0.972116075889, 0.416925965503, 0.711824780544, 0.318585482206, 0.271492253898, 0.278155828698, 0.442992360225, 0.470194593413, 0.578390589775, 0.706629711129, 0.159070396031, 0.572356013679, 0.460020169705, 4.11454893545e-06, 5.76331780194
0.118612464774, 0.317385893016, 0.442495177852, 0.748080883599, 0.717008957818, 0.402071694344, 0.0370435014904, 0.622530154369, 0.0786954869697, 0.123959276287, 0.201879103066, 0.306145953657, 0.142869721534, 0.216032700809, 0.0177015726912, 0.46509062076, 0.0612692770645, 0.976669934817, 0.196576166921, 0.163692421117, 0.00205236432657, 0.0304018906937, 0.00374290822078, 0.407195499012, 0.0240875433135, 0.0174241149587, 0.150598853745, 0.0275372819749, 0.883513101993, 0.000108336814251, 0.118612464774, 2.77917290133
0.118612464774, 0.317385893016, 0.442495177852, 0.748080883599, 0.717008957818, 0.402071694344, 0.0370435014904, 0.622530154369, 0.0786954869697, 0.123959276287, 0.201879103066, 0.306145953657, 0.142869721534, 0.216032700809, 0.0177015726912, 0.46509062076, 0.0612692770645, 0.976669934817, 0.196576166921, 0.163692421117, 0.00205236432657, 0.0304018906937, 0.00374290822078, 0.407195499012, 0.0240875433135, 0.0174241149587, 0.150598853745, 0.0275372819749, 0.883513101993, 0.000108336814251, 0.118612464774, 2.77917290133
0.797021131784, 0.646609936688, 0.100241281513, 0.491520646159, 0.820210406035, 0.14751247195, 0.00133532712994, 0.893407095078, 0.0786954869697, 0.0127576510661, 0.365946490819, 0.0781289302784, 0.0368682241088, 0.0108199145003, 0.249621564043, 0.0530884239599, 0.0541005306019, 0.988669664752, 0.45876356883, 0.870679308745, 0.081575547158, 0.0304018906937, 0.0012657704543, 0.407195499012, 0.0125322840052, 0.00233056287603, 0.11868225763, 0.000787295220787, 0.149346321494, 0.304181202566, 0.797021131784, 1.6913731229
0.797021131784, 0.646609936688, 0.100241281513, 0.491520646159, 0.820210406035, 0.14751247195, 0.00133532712994, 0.893407095078, 0.0786954869697, 0.0127576510661, 0.365946490819, 0.0781289302784, 0.0368682241088, 0.0108199145003, 0.249621564043, 0.0530884239599, 0.0541005306019, 0.988669664752, 0.45876356883, 0.870679308745, 0.081575547158, 0.0304018906937, 0.0012657704543, 0.407195499012, 0.0125322840052, 0.00233056287603, 0.11868225763, 0.000787295220787, 0.149346321494, 0.304181202566, 0.797021131784, 1.6913731229
0.00114969486449, 0.317385893016, 0.409749960583, 0.356853038164, 0.717008957818, 0.344471182977, 0.143261933947, 0.583001158157, 0.0786954869697, 0.123959276287, 0.224394949502, 0.0246250461003, 0.333297206239, 0.216032700809, 0.0177015726912, 0.597031790903, 0.00152063382456, 0.986545856557, 0.196576166921, 0.595443117782, 1.93434019921e-05, 0.494983406813, 0.239621613845, 0.407195499012, 0.0239082289974, 0.0174241149587, 0.0777912890625, 0.162574069521, 0.477304471339, 0.000329210809505, 0.00114969486449, 3.4713641206
0.00114969486449, 0.317385893016, 0.409749960583, 0.356853038164, 0.717008957818, 0.344471182977, 0.143261933947, 0.583001158157, 0.0786954869697, 0.123959276287, 0.224394949502, 0.0246250461003, 0.333297206239, 0.216032700809, 0.0177015726912, 0.597031790903, 0.00152063382456, 0.986545856557, 0.196576166921, 0.595443117782, 1.93434019921e-05, 0.494983406813, 0.239621613845, 0.407195499012, 0.0239082289974, 0.0174241149587, 0.0777912890625, 0.162574069521, 0.477304471339, 0.000329210809505, 0.00114969486449, 3.4713641206
0.0243678886463, 0.317385893016, 0.145857840267, 0.580473687287, 0.717008957818, 0.402071694344, 0.0515112484749, 0.622530154369, 0.0379870271947, 0.123959276287, 0.201879103066, 0.688586230878, 0.142869721534, 0.374077228726, 0.00266337602609, 0.597031790903, 0.221433097241, 0.976669934817, 0.196576166921, 0.163692421117, 0.00524490052047, 0.0195519851795, 0.00374290822078, 0.407195499012, 0.0603788657823, 0.0174241149587, 0.215962511996, 0.0307380191855, 0.747012645973, 0.000329210809505, 0.0243678886463, 3.21280423815
0.0243678886463, 0.317385893016, 0.145857840267, 0.580473687287, 0.717008957818, 0.402071694344, 0.0515112484749, 0.622530154369, 0.0379870271947, 0.123959276287, 0.201879103066, 0.688586230878, 0.142869721534, 0.374077228726, 0.00266337602609, 0.597031790903, 0.221433097241, 0.976669934817, 0.196576166921, 0.163692421117, 0.00524490052047, 0.0195519851795, 0.00374290822078, 0.407195499012, 0.0603788657823, 0.0174241149587, 0.215962511996, 0.0307380191855, 0.747012645973, 0.000329210809505, 0.0243678886463, 3.21280423815
0.0144594885577, 0.226239654553, 0.915041225417, 0.439137645268, 0.0218249759771, 0.114522451979, 0.168651208848, 0.0908919119556, 0.715284833431, 0.0475649861167, 0.0219614399486, 0.403918384214, 0.00834326934774, 0.199369531088, 0.230744513583, 0.0376404359228, 0.0197794519749, 0.0247641582759, 0.637042165742, 0.160128459915, 0.582375533109, 0.430467090781, 0.324040570871, 0.011986512485, 0.507620815457, 0.165401234154, 0.191292798908, 0.393603373205, 0.95602172549, 0.0292813693197, 0.0144594885577, 3.28086044332
0.0144594885577, 0.226239654553, 0.915041225417, 0.439137645268, 0.0218249759771, 0.114522451979, 0.168651208848, 0.0908919119556, 0.715284833431, 0.0475649861167, 0.0219614399486, 0.403918384214, 0.00834326934774, 0.199369531088, 0.230744513583, 0.0376404359228, 0.0197794519749, 0.0247641582759, 0.637042165742, 0.160128459915, 0.582375533109, 0.430467090781, 0.324040570871, 0.011986512485, 0.507620815457, 0.165401234154, 0.191292798908, 0.393603373205, 0.95602172549, 0.0292813693197, 0.0144594885577, 3.28086044332
0.518967962635, 0.990066461248, 0.0685078133609, 0.00462966793403, 0.450749653237, 0.402071694344, 0.511284409544, 0.417955544671, 0.202773641111, 0.000199382368103, 0.365946490819, 0.0896329025944, 0.142869721534, 0.0101979375087, 0.112644507706, 0.0468748231797, 0.267765745884, 0.973585029899, 0.46034853093, 0.744466061891, 0.00132286663324, 0.0304018906937, 0.00629785150995, 0.407195499012, 0.0406476358332, 0.00730587793132, 0.398098574393, 0.0307380191855, 0.747012645973, 0.183495544829, 0.518967962635, 2.1671883579
0.518967962635, 0.990066461248, 0.0685078133609, 0.00462966793403, 0.450749653237, 0.402071694344, 0.511284409544, 0.417955544671, 0.202773641111, 0.000199382368103, 0.365946490819, 0.0896329025944, 0.142869721534, 0.0101979375087, 0.112644507706, 0.0468748231797, 0.267765745884, 0.973585029899, 0.46034853093, 0.744466061891, 0.00132286663324, 0.0304018906937, 0.00629785150995, 0.407195499012, 0.0406476358332, 0.00730587793132, 0.398098574393, 0.0307380191855, 0.747012645973, 0.183495544829, 0.518967962635, 2.1671883579
0.47670851989, 0.990066461248, 0.251742639674, 0.00462966793403, 0.450749653237, 0.480588576312, 0.0437687274847, 0.0189239979281, 0.0786954869697, 0.123959276287, 0.365946490819, 0.808897392819, 0.142869721534, 0.0101979375087, 0.0203437177813, 0.0468748231797, 0.0197794519749, 0.973585029899, 0.626677293958, 0.163692421117, 0.00253203732693, 0.0304018906937, 0.00629785150995, 0.407195499012, 0.168319265118, 0.000868116788607, 0.398098574393, 0.0307380191855, 0.585048945673, 0.672627381546, 0.47670851989, 2.17506126629
0.47670851989, 0.990066461248, 0.251742639674, 0.00462966793403, 0.450749653237, 0.480588576312, 0.0437687274847, 0.0189239979281, 0.0786954869697, 0.123959276287, 0.365946490819, 0.808897392819, 0.142869721534, 0.0101979375087, 0.0203437177813, 0.0468748231797, 0.0197794519749, 0.973585029899, 0.626677293958, 0.163692421117, 0.00253203732693, 0.0304018906937, 0.00629785150995, 0.407195499012, 0.168319265118, 0.000868116788607, 0.398098574393, 0.0307380191855, 0.585048945673, 0.672627381546, 0.47670851989, 2.17506126629
0.958426280116, 0.0428378622754, 0.178821542427, 0.500459607578, 0.172557767059, 0.0109721446272, 0.211277995001, 0.282824586039, 0.123447450798, 0.99925206286, 0.217702160404, 0.294321641602, 0.484215700974, 0.205981891014, 0.0233578597511, 0.328659690635, 0.0765781532852, 0.016215832037, 0.319247510275, 0.0412301617813, 0.0137738121887, 0.291169465934, 0.304691940215, 0.248468077494, 0.449486296432, 0.837323999855, 0.101392823002, 0.00652044365985, 0.519416438301, 0.00109103308855, 0.958426280116, 1.49715099113
0.958426280116, 0.0428378622754, 0.178821542427, 0.500459607578, 0.172557767059, 0.0109721446272, 0.211277995001, 0.282824586039, 0.123447450798, 0.99925206286, 0.217702160404, 0.294321641602, 0.484215700974, 0.205981891014, 0.0233578597511, 0.328659690635, 0.0765781532852, 0.016215832037, 0.319247510275, 0.0412301617813, 0.0137738121887, 0.291169465934, 0.304691940215, 0.248468077494, 0.449486296432, 0.837323999855, 0.101392823002, 0.00652044365985, 0.519416438301, 0.00109103308855, 0.958426280116, 1.49715099113
0.00017186607752, 0.626899576607, 0.365060348797, 0.00271181446317, 0.0275958944848, 0.919377167677, 0.981408107683, 0.840714067267, 0.120063823181, 0.205688055111, 0.99179361025, 0.855752600882, 0.185177675056, 0.00963204478835, 0.894048897622, 0.0705140536543, 0.0368395456838, 0.99939173237, 0.526130081385, 0.309837552693, 0.229657270272, 0.271492253898, 0.0965614677941, 0.062228293459, 0.362939540176, 0.578390589775, 0.127240782307, 0.159070396031, 0.618661178219, 0.541083618859, 0.00017186607752, 4.70058253875
0.00017186607752, 0.626899576607, 0.365060348797, 0.00271181446317, 0.0275958944848, 0.919377167677, 0.981408107683, 0.840714067267, 0.120063823181, 0.205688055111, 0.99179361025, 0.855752600882, 0.185177675056, 0.00963204478835, 0.894048897622, 0.0705140536543, 0.0368395456838, 0.99939173237, 0.526130081385, 0.309837552693, 0.229657270272, 0.271492253898, 0.0965614677941, 0.062228293459, 0.362939540176, 0.578390589775, 0.127240782307, 0.159070396031, 0.618661178219, 0.541083618859, 0.00017186607752, 4.70058253875
0.000107375413743, 0.98577149361, 0.831584887681, 0.0111243000589, 0.80130944552, 0.875359078255, 0.981408107683, 0.81066829944, 0.00868518066973, 0.396540365515, 0.0385823719454, 0.840552542931, 0.0405235284046, 0.0662207149286, 0.894048897622, 0.296122878811, 0.0368395456838, 0.984991823295, 0.686877568633, 0.631471182097, 0.318585482206, 0.271492253898, 0.263914435132, 0.0777061916901, 0.0302736332527, 0.152352992463, 0.67005889, 0.0458560794752, 0.099323683145, 0.460020169705, 0.000107375413743, 4.88994221637
0.000107375413743, 0.98577149361, 0.831584887681, 0.0111243000589, 0.80130944552, 0.875359078255, 0.981408107683, 0.81066829944, 0.00868518066973, 0.396540365515, 0.0385823719454, 0.840552542931, 0.0405235284046, 0.0662207149286, 0.894048897622, 0.296122878811, 0.0368395456838, 0.984991823295, 0.686877568633, 0.631471182097, 0.318585482206, 0.271492253898, 0.263914435132, 0.0777061916901, 0.0302736332527, 0.152352992463, 0.67005889, 0.0458560794752, 0.099323683145, 0.460020169705, 0.000107375413743, 4.88994221637
0.613317638961, 0.331145612028, 0.100241281513, 0.0454043452805, 0.820210406035, 0.14751247195, 0.017396574963, 0.893407095078, 0.0786954869697, 0.0127576510661, 0.847639909674, 0.460367939153, 0.142869721534, 0.0108199145003, 0.264303224719, 0.101453772492, 0.0541005306019, 0.990322293554, 0.45876356883, 0.753962973651, 0.081575547158, 0.0304018906937, 0.00629785150995, 0.407195499012, 0.383672963116, 0.00214828714099, 0.11868225763, 0.000787295220787, 0.0178299882453, 0.304181202566, 0.613317638961, 1.99284913773
0.613317638961, 0.331145612028, 0.100241281513, 0.0454043452805, 0.820210406035, 0.14751247195, 0.017396574963, 0.893407095078, 0.0786954869697, 0.0127576510661, 0.847639909674, 0.460367939153, 0.142869721534, 0.0108199145003, 0.264303224719, 0.101453772492, 0.0541005306019, 0.990322293554, 0.45876356883, 0.753962973651, 0.081575547158, 0.0304018906937, 0.00629785150995, 0.407195499012, 0.383672963116, 0.00214828714099, 0.11868225763, 0.000787295220787, 0.0178299882453, 0.304181202566, 0.613317638961, 1.99284913773
0.0433766439922, 0.114665519568, 0.660975926272, 0.37558604171, 0.717008957818, 0.572693631039, 0.330937209414, 0.0908919119556, 0.313016438427, 0.123959276287, 0.47419337585, 0.860953468756, 0.0228173711078, 0.0316123834236, 0.00713143297658, 0.450997710758, 0.588891509331, 0.131778325371, 0.697664480293, 0.122217528942, 0.279932662674, 0.00330034405186, 0.364139528679, 0.11612058611, 0.0367061545729, 0.0174241149587, 0.014890466075, 0.0297314931923, 0.242722429575, 0.304181202566, 0.0433766439922, 3.12254963739
0.0433766439922, 0.114665519568, 0.660975926272, 0.37558604171, 0.717008957818, 0.572693631039, 0.330937209414, 0.0908919119556, 0.313016438427, 0.123959276287, 0.47419337585, 0.860953468756, 0.0228173711078, 0.0316123834236, 0.00713143297658, 0.450997710758, 0.588891509331, 0.131778325371, 0.697664480293, 0.122217528942, 0.279932662674, 0.00330034405186, 0.364139528679, 0.11612058611, 0.0367061545729, 0.0174241149587, 0.014890466075, 0.0297314931923, 0.242722429575, 0.304181202566, 0.0433766439922, 3.12254963739
0.025022357571, 0.226239654553, 0.915041225417, 0.439137645268, 0.0218249759771, 0.114522451979, 0.168651208848, 0.0908919119556, 0.715284833431, 0.00475423968057, 0.0219614399486, 0.403918384214, 0.0423644659872, 0.199369531088, 0.230744513583, 0.0376404359228, 0.0197794519749, 0.0247641582759, 0.138203297521, 0.160128459915, 0.154440439551, 0.243369719351, 0.324040570871, 0.61625987537, 0.507620815457, 0.165401234154, 0.486975152063, 0.353785348577, 0.95602172549, 0.048829025887, 0.025022357571, 3.13762221996
0.025022357571, 0.226239654553, 0.915041225417, 0.439137645268, 0.0218249759771, 0.114522451979, 0.168651208848, 0.0908919119556, 0.715284833431, 0.00475423968057, 0.0219614399486, 0.403918384214, 0.0423644659872, 0.199369531088, 0.230744513583, 0.0376404359228, 0.0197794519749, 0.0247641582759, 0.138203297521, 0.160128459915, 0.154440439551, 0.243369719351, 0.324040570871, 0.61625987537, 0.507620815457, 0.165401234154, 0.486975152063, 0.353785348577, 0.95602172549, 0.048829025887, 0.025022357571, 3.13762221996
0.071669126462, 0.114665519568, 0.218612616621, 0.08662574174, 0.344847988389, 0.0607992239406, 0.124603746314, 0.0189239979281, 0.979841489605, 0.28391778916, 0.12040662875, 0.998053746727, 0.0104338953855, 0.145314035176, 0.684487798006, 0.0110570410272, 0.0197794519749, 0.0759541420133, 0.168365306541, 0.160128459915, 0.0222013218698, 0.329532541364, 0.578458233673, 0.576751763142, 0.475979398851, 0.0174241149587, 0.489458390541, 0.353785348577, 0.990162567516, 0.0107523419954, 0.071669126462, 3.11904204224
0.071669126462, 0.114665519568, 0.218612616621, 0.08662574174, 0.344847988389, 0.0607992239406, 0.124603746314, 0.0189239979281, 0.979841489605, 0.28391778916, 0.12040662875, 0.998053746727, 0.0104338953855, 0.145314035176, 0.684487798006, 0.0110570410272, 0.0197794519749, 0.0759541420133, 0.168365306541, 0.160128459915, 0.0222013218698, 0.329532541364, 0.578458233673, 0.576751763142, 0.475979398851, 0.0174241149587, 0.489458390541, 0.353785348577, 0.990162567516, 0.0107523419954, 0.071669126462, 3.11904204224
6.10207594065e-06, 0.999747281429, 0.30022157229, 0.454608839124, 0.686495942671, 0.976578163202, 0.981408107683, 0.81066829944, 0.284971133009, 0.393750454315, 0.99179361025, 0.855752600882, 0.081874478481, 0.0045858156777, 0.894048897622, 0.111196365441, 0.0368395456838, 0.972116075889, 0.416925965503, 0.177978201442, 0.318585482206, 0.271492253898, 0.263914435132, 0.442992360225, 0.470194593413, 0.578390589775, 0.847980342419, 0.159070396031, 0.572356013679, 0.303709981905, 6.10207594065e-06, 5.54391272098
6.10207594065e-06, 0.999747281429, 0.30022157229, 0.454608839124, 0.686495942671, 0.976578163202, 0.981408107683, 0.81066829944, 0.284971133009, 0.393750454315, 0.99179361025, 0.855752600882, 0.081874478481, 0.0045858156777, 0.894048897622, 0.111196365441, 0.0368395456838, 0.972116075889, 0.416925965503, 0.177978201442, 0.318585482206, 0.271492253898, 0.263914435132, 0.442992360225, 0.470194593413, 0.578390589775, 0.847980342419, 0.159070396031, 0.572356013679, 0.303709981905, 6.10207594065e-06, 5.54391272098
0.958426280116, 0.720422291057, 0.166722981871, 0.357674789104, 0.172557767059, 0.0109721446272, 0.144005385492, 0.180112273445, 0.473476003026, 0.995655711287, 0.0573565878839, 0.57021363782, 0.308560407389, 0.146714085533, 0.12954178327, 0.328659690635, 0.167369897721, 0.016215832037, 0.319247510275, 0.0220325950224, 0.366755952485, 0.0536392126509, 0.0204002256599, 0.0434523736146, 0.449486296432, 0.883511276299, 0.197034945489, 0.00262647352376, 0.404554825271, 0.0595017560799, 0.958426280116, 1.60284015627
0.958426280116, 0.720422291057, 0.166722981871, 0.357674789104, 0.172557767059, 0.0109721446272, 0.144005385492, 0.180112273445, 0.473476003026, 0.995655711287, 0.0573565878839, 0.57021363782, 0.308560407389, 0.146714085533, 0.12954178327, 0.328659690635, 0.167369897721, 0.016215832037, 0.319247510275, 0.0220325950224, 0.366755952485, 0.0536392126509, 0.0204002256599, 0.0434523736146, 0.449486296432, 0.883511276299, 0.197034945489, 0.00262647352376, 0.404554825271, 0.0595017560799, 0.958426280116, 1.60284015627
0.00114969486449, 0.0682315663767, 0.409749960583, 0.356853038164, 0.717008957818, 0.654871426063, 0.143261933947, 0.583001158157, 0.0199744867929, 0.123959276287, 0.0919613397979, 0.338958563975, 0.111940238655, 0.216032700809, 0.00617577775268, 0.597031790903, 0.0077766645913, 0.986545856557, 0.699028732059, 0.595443117782, 0.00221491091724, 0.0304018906937, 0.00374290822078, 0.407195499012, 0.0239082289974, 0.0174241149587, 0.28362900849, 0.162574069521, 0.747012645973, 0.000329210809505, 0.00114969486449, 3.54441964561
0.691890819355, 0.114665519568, 0.951089814029, 0.686127625301, 0.717008957818, 0.47095535019, 0.184243414857, 0.0908919119556, 0.313016438427, 0.00147314904544, 0.47419337585, 0.713722694957, 0.218958061882, 0.0316123834236, 0.00713143297658, 0.450997710758, 0.300834371311, 0.796551403541, 0.697664480293, 0.122217528942, 0.354543815964, 0.0304018906937, 0.370018001382, 0.011986512485, 0.0716705161291, 0.0174241149587, 0.0159640958642, 0.0121334938203, 0.242722429575, 0.864083853492, 0.691890819355, 2.25484306601
0.000107375413743, 0.98577149361, 0.831584887681, 0.0111243000589, 0.80130944552, 0.875359078255, 0.981408107683, 0.81066829944, 0.0155425562816, 0.626312092437, 0.0385823719454, 0.840552542931, 0.0405235284046, 0.0662207149286, 0.894048897622, 0.296122878811, 0.0368395456838, 0.972116075889, 0.686877568633, 0.631471182097, 0.318585482206, 0.271492253898, 0.263914435132, 0.0777061916901, 0.0302736332527, 0.0593614399835, 0.67005889, 0.0458560794752, 0.099323683145, 0.460020169705, 0.000107375413743, 4.93042880157
0.797021131784, 0.42548106956, 0.100241281513, 0.0257395746552, 0.820210406035, 0.14751247195, 0.017396574963, 0.893407095078, 0.0786954869697, 0.0127576510661, 0.847639909674, 0.277448206687, 0.142869721534, 0.0108199145003, 0.35635526046, 0.101453772492, 0.0541005306019, 0.990322293554, 0.45876356883, 0.870679308745, 0.081575547158, 0.0304018906937, 0.00629785150995, 0.407195499012, 0.0125322840052, 0.00214828714099, 0.11868225763, 0.000787295220787, 0.0178299882453, 0.304181202566, 0.797021131784, 1.72567541979
0.466621260383, 0.999702820987, 0.256840802772, 0.00331056491763, 0.322249618186, 0.0604168548685, 0.0687678376586, 0.0734313463048, 0.00974080870681, 0.123959276287, 0.466948800695, 0.437195488729, 0.0233724233771, 0.610929400054, 0.112644507706, 0.597031790903, 0.114285102689, 0.973585029899, 0.46034853093, 0.163692421117, 0.0922403453571, 0.0304018906937, 0.00540020362442, 0.324585717092, 0.0406476358332, 0.130036225841, 0.737669765235, 0.0307380191855, 0.747012645973, 0.183495544829, 0.466621260383, 2.25888565115
0.244953569234, 0.720422291057, 0.166722981871, 0.357674789104, 0.0680283319269, 0.0109721446272, 0.144005385492, 0.180112273445, 0.473476003026, 0.995655711287, 0.0573565878839, 0.57021363782, 0.308560407389, 0.146714085533, 0.12954178327, 0.328659690635, 0.167369897721, 0.016215832037, 0.319247510275, 0.0220325950224, 0.366755952485, 0.0536392126509, 0.0204002256599, 0.0434523736146, 0.449486296432, 0.883511276299, 0.197034945489, 0.00262647352376, 0.404554825271, 0.0595017560799, 0.244953569234, 2.46875854233
0.463361023213, 0.990066461248, 0.251742639674, 0.00462966793403, 0.450749653237, 0.480588576312, 0.0437687274847, 0.0703697764491, 0.523012030958, 0.123959276287, 0.365946490819, 0.338958563975, 0.328221779715, 0.0101979375087, 0.0203437177813, 0.0468748231797, 0.0556747164791, 0.973585029899, 0.626677293958, 0.163692421117, 0.00253203732693, 0.0304018906937, 0.00629785150995, 0.407195499012, 0.0406476358332, 0.000478123707339, 0.398098574393, 0.0307380191855, 0.913946171068, 0.672627381546, 0.463361023213, 2.30698505048
0.121877991547, 0.54285611255, 0.0398761104037, 0.360862056783, 0.200761837939, 0.402071694344, 0.167805259453, 0.205440270796, 0.0357375262867, 0.123959276287, 0.201879103066, 0.389323363299, 0.142869721534, 0.124276139114, 0.0668312834338, 0.597031790903, 0.0766010216609, 0.724063421712, 0.993756040509, 0.112432186472, 0.010432410127, 0.0304018906937, 0.00629785150995, 0.281065563087, 0.0172695361338, 0.241559514325, 0.0258483460001, 0.0307380191855, 0.747012645973, 0.0666577248402, 0.121877991547, 2.54100822698
0.244953569234, 0.720422291057, 0.166722981871, 0.357674789104, 0.0680283319269, 0.0109721446272, 0.144005385492, 0.180112273445, 0.473476003026, 0.995655711287, 0.0573565878839, 0.57021363782, 0.308560407389, 0.146714085533, 0.12954178327, 0.328659690635, 0.167369897721, 0.016215832037, 0.319247510275, 0.0220325950224, 0.366755952485, 0.0536392126509, 0.0204002256599, 0.0434523736146, 0.449486296432, 0.883511276299, 0.197034945489, 0.00262647352376, 0.404554825271, 0.0595017560799, 0.244953569234, 2.46875854233
0.102330811748, 0.114665519568, 0.660975926272, 0.686127625301, 0.717008957818, 0.47095535019, 0.184243414857, 0.0908919119556, 0.313016438427, 0.116442405077, 0.131431372006, 0.713722694957, 0.380970526024, 0.811197831114, 0.00713143297658, 0.407831458072, 0.491254385407, 0.796551403541, 0.697664480293, 0.147275314778, 0.354543815964, 0.0304018906937, 0.00629785150995, 0.011986512485, 0.0406476358332, 0.0174241149587, 0.0085753512455, 0.00629894740223, 0.242722429575, 0.304181202566, 0.102330811748, 3.15938647503
0.0266437912122, 0.114665519568, 0.595349150394, 0.0806994966373, 0.00784216784675, 0.633194955253, 0.110769081744, 0.165722231597, 0.00561453554792, 0.518239585566, 0.17876358693, 0.10122837195, 0.132294913713, 0.391264276671, 0.64119468524, 0.0376404359228, 0.115895208643, 0.0759541420133, 0.271447823633, 0.160128459915, 0.154440439551, 0.142199193278, 0.280438941038, 0.576751763142, 0.261403465885, 0.629021797201, 0.489458390541, 0.45273026946, 0.893279709169, 0.0593455829073, 0.0266437912122, 3.26036017037
0.797021131784, 0.42548106956, 0.100241281513, 0.0257395746552, 0.820210406035, 0.14751247195, 0.017396574963, 0.893407095078, 0.0786954869697, 0.0127576510661, 0.847639909674, 0.277448206687, 0.142869721534, 0.0108199145003, 0.35635526046, 0.101453772492, 0.0541005306019, 0.990322293554, 0.45876356883, 0.870679308745, 0.081575547158, 0.0304018906937, 0.00629785150995, 0.407195499012, 0.0125322840052, 0.00214828714099, 0.11868225763, 0.000787295220787, 0.0178299882453, 0.304181202566, 0.797021131784, 1.72567541979
0.691890819355, 0.114665519568, 0.951089814029, 0.686127625301, 0.717008957818, 0.47095535019, 0.184243414857, 0.0908919119556, 0.313016438427, 0.00147314904544, 0.47419337585, 0.713722694957, 0.218958061882, 0.0316123834236, 0.00713143297658, 0.450997710758, 0.300834371311, 0.796551403541, 0.697664480293, 0.122217528942, 0.354543815964, 0.0304018906937, 0.370018001382, 0.011986512485, 0.0716705161291, 0.0174241149587, 0.0159640958642, 0.0121334938203, 0.242722429575, 0.864083853492, 0.691890819355, 2.25484306601
5.64759097023e-05, 0.26300141802, 0.85784969905, 0.315110526732, 0.701353060244, 0.702317102726, 0.85842300656, 0.798609235181, 0.573059794844, 0.196106347821, 0.65134633238, 0.244240416536, 0.974125394908, 0.244661981687, 0.0997882142963, 0.293685727441, 0.00288338057924, 0.659710045134, 0.901543063144, 0.473049951627, 0.364926294248, 0.551503211788, 0.44972937254, 0.0577867682347, 0.117009083082, 0.399486445816, 0.352451569358, 0.0181033517906, 0.76746750951, 0.542342469739, 5.64759097023e-05, 5.15136467773
0.118612464774, 0.886322453866, 0.145857840267, 0.781631213351, 0.262757464379, 0.213090711318, 0.0687678376586, 0.622530154369, 0.0786954869697, 0.123959276287, 0.201879103066, 0.360646874338, 0.142869721534, 0.216032700809, 0.0177015726912, 0.597031790903, 0.0612692770645, 0.980134781442, 0.410308817141, 0.163692421117, 0.244349531292, 0.0304018906937, 0.0025908155172, 0.407195499012, 0.0240875433135, 0.0174241149587, 0.150598853745, 0.0307380191855, 0.750790664316, 0.000329210809505, 0.118612464774, 2.83825238074
0.118612464774, 0.886322453866, 0.145857840267, 0.781631213351, 0.262757464379, 0.213090711318, 0.0687678376586, 0.622530154369, 0.0786954869697, 0.123959276287, 0.201879103066, 0.360646874338, 0.142869721534, 0.216032700809, 0.0177015726912, 0.597031790903, 0.0612692770645, 0.980134781442, 0.410308817141, 0.163692421117, 0.244349531292, 0.0304018906937, 0.0025908155172, 0.407195499012, 0.0240875433135, 0.0174241149587, 0.150598853745, 0.0307380191855, 0.750790664316, 0.000329210809505, 0.118612464774, 2.83825238074
