0.0815394527615, 0.0438013113315, 0.407119433023, 0.175444040756, 0.0328624371504, 0.378380769511, 0.00126968306874, 0.110463981336, 0.14119574064, 0.0264751816738, 0.28078043668, 6.55445735721
0.0508926704922, 0.0438013113315, 0.0304761588702, 0.00226845324861, 0.0328624371504, 0.378380769511, 0.00126968306874, 0.168507461247, 0.0432375448637, 0.0264751816738, 0.754171068926, 5.70042863184
0.0887976005244, 0.0438013113315, 0.0304761588702, 0.501214178369, 0.240215443404, 0.143535308223, 0.156151385936, 0.0951137390856, 0.00683669610416, 0.00407563887082, 0.320958628519, 6.44664384398
0.0815394527615, 0.0438013113315, 0.407119433023, 0.175444040756, 0.0328624371504, 0.378380769511, 0.00126968306874, 0.110463981336, 0.14119574064, 0.0264751816738, 0.28078043668, 6.55445735721
0.0508926704922, 0.0438013113315, 0.0304761588702, 0.00226845324861, 0.0328624371504, 0.378380769511, 0.00126968306874, 0.168507461247, 0.0432375448637, 0.0264751816738, 0.754171068926, 5.70042863184
0.0887976005244, 0.0438013113315, 0.0304761588702, 0.501214178369, 0.240215443404, 0.143535308223, 0.156151385936, 0.0951137390856, 0.00683669610416, 0.00407563887082, 0.320958628519, 6.44664384398
0.0307942558612, 0.0773834617083, 0.407119433023, 0.00507802403176, 0.0720347365579, 0.145765880695, 0.00126968306874, 0.0277580121071, 0.0312859718369, 0.0345899624879, 0.975949565463, 5.75676972976
0.015202598087, 0.0108398651295, 0.00139888944242, 0.151872686067, 0.269884696483, 0.158024032105, 0.0744266076464, 0.106661820536, 0.00208200639966, 0.00407563887082, 0.999520109095, 5.71221738755
0.445784345222, 0.0773834617083, 0.407119433023, 0.00507802403176, 0.269884696483, 0.145765880695, 0.00126968306874, 0.0277580121071, 0.346848136677, 0.0345899624879, 0.935187171692, 6.43185680369
0.0307942558612, 0.0773834617083, 0.407119433023, 0.00507802403176, 0.0720347365579, 0.145765880695, 0.00126968306874, 0.0277580121071, 0.0312859718369, 0.0345899624879, 0.975949565463, 5.75676972976
0.015202598087, 0.0108398651295, 0.00139888944242, 0.151872686067, 0.269884696483, 0.158024032105, 0.0744266076464, 0.106661820536, 0.00208200639966, 0.00407563887082, 0.999520109095, 5.71221738755
0.445784345222, 0.0773834617083, 0.407119433023, 0.00507802403176, 0.269884696483, 0.145765880695, 0.00126968306874, 0.0277580121071, 0.346848136677, 0.0345899624879, 0.935187171692, 6.43185680369
0.0815394527615, 0.0897306216895, 0.0304761588702, 0.525569727273, 0.100282200947, 0.0432024242888, 0.910957455516, 0.0951137390856, 0.0129489464696, 0.00407563887082, 0.28078043668, 7.01774960615
0.0815394527615, 0.0897306216895, 0.0304761588702, 0.525569727273, 0.100282200947, 0.0432024242888, 0.910957455516, 0.0951137390856, 0.0129489464696, 0.00407563887082, 0.28078043668, 7.01774960615
0.0815394527615, 0.14360159257, 0.0304761588702, 0.501214178369, 0.100282200947, 0.0432024242888, 0.910957455516, 0.0951137390856, 0.0129489464696, 0.00407563887082, 0.28078043668, 7.04218631967
0.0769292505343, 0.0469257871245, 0.330064865582, 0.242348754702, 0.347743193441, 0.592981869517, 2.85924775989e-06, 0.167357715789, 0.0790718382328, 0.0316636002046, 0.296395788615, 7.03785104226
0.0815394527615, 0.14360159257, 0.0304761588702, 0.501214178369, 0.100282200947, 0.0432024242888, 0.910957455516, 0.0951137390856, 0.0129489464696, 0.00407563887082, 0.28078043668, 7.04218631967
0.0769292505343, 0.0469257871245, 0.330064865582, 0.242348754702, 0.347743193441, 0.592981869517, 2.85924775989e-06, 0.167357715789, 0.0790718382328, 0.0316636002046, 0.296395788615, 7.03785104226
0.0307942558612, 0.0773834617083, 0.407119433023, 0.00507802403176, 0.269884696483, 0.145765880695, 0.00126968306874, 0.0277580121071, 0.0312859718369, 0.0345899624879, 0.975949565463, 6.0426114938
0.0307942558612, 0.0773834617083, 0.407119433023, 0.00507802403176, 0.269884696483, 0.145765880695, 0.00126968306874, 0.0277580121071, 0.0312859718369, 0.0345899624879, 0.975949565463, 6.0426114938
0.0815394527615, 0.14360159257, 0.0304761588702, 0.501214178369, 0.100282200947, 0.0432024242888, 0.910957455516, 0.0951137390856, 0.0312859718369, 0.00311844584697, 0.28078043668, 7.05643839414
0.0815394527615, 0.14360159257, 0.0304761588702, 0.501214178369, 0.100282200947, 0.0432024242888, 0.910957455516, 0.0951137390856, 0.0312859718369, 0.00311844584697, 0.28078043668, 7.05643839414
0.0887976005244, 0.108671251016, 0.296073180632, 0.0194303620552, 0.264007889505, 0.233539793975, 0.00126968306874, 0.363502137483, 0.0104531238606, 0.0237088094555, 0.320958628519, 6.55463074466
0.0887976005244, 0.108671251016, 0.296073180632, 0.0194303620552, 0.264007889505, 0.233539793975, 0.00126968306874, 0.363502137483, 0.0104531238606, 0.0237088094555, 0.320958628519, 6.55463074466
0.977198793486, 0.108671251016, 0.0304761588702, 0.00226845324861, 0.0720347365579, 0.471101075011, 0.00126968306874, 0.0951137390856, 0.00356398338518, 0.147910842329, 0.999894982403, 5.9422947797
0.977198793486, 0.108671251016, 0.0304761588702, 0.00226845324861, 0.0720347365579, 0.471101075011, 0.00126968306874, 0.0951137390856, 0.00356398338518, 0.147910842329, 0.999894982403, 5.9422947797
0.977198793486, 0.108671251016, 0.0304761588702, 0.00155402516322, 0.0720347365579, 0.471101075011, 0.224901783645, 0.0461400338457, 0.0312859718369, 0.0019558977442, 0.999894982403, 6.01889059002
0.977198793486, 0.108671251016, 0.0304761588702, 0.00155402516322, 0.0720347365579, 0.471101075011, 0.224901783645, 0.0461400338457, 0.0312859718369, 0.0019558977442, 0.999894982403, 6.01889059002
0.526569368867, 0.0108398651295, 0.00139888944242, 0.151872686067, 0.269884696483, 0.158024032105, 0.383906093066, 0.0445515928592, 0.00356398338518, 0.00407563887082, 0.998508945283, 6.07232287342
0.0307942558612, 0.0773834617083, 0.407119433023, 0.00507802403176, 0.269884696483, 0.145765880695, 0.00126968306874, 0.0277580121071, 0.346848136677, 0.0345899624879, 0.975949565463, 6.41999059802
0.94946340346, 0.142006224536, 0.00264671637426, 0.309781162904, 0.0720347365579, 0.155653256468, 0.156151385936, 0.174627753828, 0.0271437738548, 0.0189677536042, 0.993433932929, 6.11379926073
0.977198793486, 0.108671251016, 0.0304761588702, 0.00155402516322, 0.0720347365579, 0.471101075011, 0.224901783645, 0.0461400338457, 0.0312859718369, 0.0019558977442, 0.999894982403, 6.01889059002
0.977198793486, 0.108671251016, 0.0304761588702, 0.00155402516322, 0.0720347365579, 0.471101075011, 0.224901783645, 0.0461400338457, 0.0312859718369, 0.0019558977442, 0.999894982403, 6.01889059002
0.526569368867, 0.0108398651295, 0.00139888944242, 0.151872686067, 0.269884696483, 0.158024032105, 0.383906093066, 0.0445515928592, 0.00356398338518, 0.00407563887082, 0.998508945283, 6.07232287342
0.0307942558612, 0.0773834617083, 0.407119433023, 0.00507802403176, 0.269884696483, 0.145765880695, 0.00126968306874, 0.0277580121071, 0.346848136677, 0.0345899624879, 0.975949565463, 6.41999059802
0.94946340346, 0.142006224536, 0.00264671637426, 0.309781162904, 0.0720347365579, 0.155653256468, 0.156151385936, 0.174627753828, 0.0271437738548, 0.0189677536042, 0.993433932929, 6.11379926073
0.0815394527615, 0.14360159257, 0.0304761588702, 0.501214178369, 0.100282200947, 0.0432024242888, 0.910957455516, 0.0951137390856, 0.0312859718369, 0.00407563887082, 0.28078043668, 7.05722041565
0.0815394527615, 0.14360159257, 0.0304761588702, 0.501214178369, 0.100282200947, 0.0432024242888, 0.910957455516, 0.0951137390856, 0.0312859718369, 0.00407563887082, 0.28078043668, 7.05722041565
0.0815394527615, 0.86261044919, 0.0333764301315, 0.00289811410725, 0.239463990211, 0.162062589633, 0.230301301892, 0.130239457824, 0.0602822626039, 0.147910842329, 0.28078043668, 7.06450660813
0.0815394527615, 0.86261044919, 0.0333764301315, 0.00289811410725, 0.239463990211, 0.162062589633, 0.230301301892, 0.130239457824, 0.0602822626039, 0.147910842329, 0.28078043668, 7.06450660813
0.0887976005244, 0.0773834617083, 0.407119433023, 0.159224505002, 0.347743193441, 0.233539793975, 0.00126968306874, 0.068195863897, 0.0271437738548, 0.00486167098862, 0.320958628519, 6.56077760828
0.0887976005244, 0.0773834617083, 0.407119433023, 0.159224505002, 0.347743193441, 0.233539793975, 0.00126968306874, 0.068195863897, 0.0271437738548, 0.00486167098862, 0.320958628519, 6.56077760828
0.94946340346, 0.283183844244, 0.0304761588702, 0.00155402516322, 0.0720347365579, 0.471101075011, 0.224901783645, 0.174627753828, 0.0312859718369, 0.00407563887082, 0.993433932929, 6.39029673557
0.704262080914, 0.0773834617083, 0.107064393796, 0.00507802403176, 0.269884696483, 0.158024032105, 0.00126968306874, 0.195130946581, 0.346848136677, 0.0316636002046, 0.995457288264, 6.27566749191
0.94946340346, 0.283183844244, 0.0304761588702, 0.00155402516322, 0.0720347365579, 0.471101075011, 0.224901783645, 0.174627753828, 0.0312859718369, 0.00407563887082, 0.993433932929, 6.39029673557
0.704262080914, 0.0773834617083, 0.107064393796, 0.00507802403176, 0.269884696483, 0.158024032105, 0.00126968306874, 0.195130946581, 0.346848136677, 0.0316636002046, 0.995457288264, 6.27566749191
0.0815394527615, 0.156917709177, 0.010486392737, 0.00289811410725, 0.606841500649, 0.162062589633, 0.132525666893, 0.888809125499, 0.0602822626039, 0.0448914522306, 0.28078043668, 7.21854160785
0.0815394527615, 0.156917709177, 0.010486392737, 0.00289811410725, 0.606841500649, 0.162062589633, 0.132525666893, 0.888809125499, 0.0602822626039, 0.0448914522306, 0.28078043668, 7.21854160785
0.0815394527615, 0.209475011154, 0.010486392737, 0.00289811410725, 0.606841500649, 0.162062589633, 0.132525666893, 0.888809125499, 0.0602822626039, 0.00298878166899, 0.28078043668, 7.22657082367
0.0815394527615, 0.209475011154, 0.010486392737, 0.00289811410725, 0.606841500649, 0.162062589633, 0.132525666893, 0.888809125499, 0.0602822626039, 0.00298878166899, 0.28078043668, 7.22657082367
0.0887976005244, 0.0773834617083, 0.353630402177, 0.00507802403176, 0.0197833673721, 0.158024032105, 0.00126968306874, 0.392375917419, 0.346848136677, 0.0316636002046, 0.320958628519, 6.62250782703
0.0887976005244, 0.0773834617083, 0.353630402177, 0.00507802403176, 0.0197833673721, 0.158024032105, 0.00126968306874, 0.392375917419, 0.346848136677, 0.0316636002046, 0.320958628519, 6.62250782703
0.0815394527615, 0.0438013113315, 0.407119433023, 0.312310209532, 0.269884696483, 0.378380769511, 0.00126968306874, 0.527999642008, 0.0432375448637, 0.151978894779, 0.28078043668, 7.27093252795
0.0815394527615, 0.0438013113315, 0.407119433023, 0.312310209532, 0.269884696483, 0.378380769511, 0.00126968306874, 0.527999642008, 0.0432375448637, 0.151978894779, 0.28078043668, 7.27093252795
0.0815394527615, 0.0158928448295, 0.0333764301315, 0.00289811410725, 0.606841500649, 0.162062589633, 0.230301301892, 0.888809125499, 0.0602822626039, 0.147910842329, 0.28078043668, 7.28003785934
0.0815394527615, 0.0158928448295, 0.0333764301315, 0.00289811410725, 0.606841500649, 0.162062589633, 0.230301301892, 0.888809125499, 0.0602822626039, 0.147910842329, 0.28078043668, 7.28003785934
0.977198793486, 0.108671251016, 0.0131809208554, 0.00226845324861, 0.269884696483, 0.162662081058, 0.224901783645, 0.0951137390856, 0.0230993023131, 0.147910842329, 0.999894982403, 6.09724264306
0.977198793486, 0.108671251016, 0.0131809208554, 0.00226845324861, 0.269884696483, 0.162662081058, 0.224901783645, 0.0951137390856, 0.0230993023131, 0.147910842329, 0.999894982403, 6.09724264306
0.0815394527615, 0.0177298585213, 0.0333764301315, 0.00289811410725, 0.606841500649, 0.162062589633, 0.230301301892, 0.888809125499, 0.0602822626039, 0.147910842329, 0.28078043668, 7.28138420328
0.0815394527615, 0.0177298585213, 0.0333764301315, 0.00289811410725, 0.606841500649, 0.162062589633, 0.230301301892, 0.888809125499, 0.0602822626039, 0.147910842329, 0.28078043668, 7.28138420328
0.0815394527615, 0.0962212449075, 0.0684192234799, 0.0210748050508, 0.606841500649, 0.0896103635188, 0.174028750128, 0.888809125499, 0.0602822626039, 0.147910842329, 0.28078043668, 7.2835708639
0.0815394527615, 0.0962212449075, 0.0684192234799, 0.0210748050508, 0.606841500649, 0.0896103635188, 0.174028750128, 0.888809125499, 0.0602822626039, 0.147910842329, 0.28078043668, 7.2835708639
0.0887976005244, 0.0773834617083, 0.407119433023, 0.159224505002, 0.347743193441, 0.0723156085307, 0.00126968306874, 0.307566211642, 0.0271437738548, 0.0240849095641, 0.320958628519, 6.66064298726
0.0887976005244, 0.0773834617083, 0.407119433023, 0.159224505002, 0.347743193441, 0.0723156085307, 0.00126968306874, 0.307566211642, 0.0271437738548, 0.0240849095641, 0.320958628519, 6.66064298726
0.0815394527615, 0.0962212449075, 0.0333764301315, 4.69546971626e-05, 0.606841500649, 0.162062589633, 0.174028750128, 0.888809125499, 0.0602822626039, 0.147910842329, 0.28078043668, 7.29552646401
0.0815394527615, 0.0962212449075, 0.0333764301315, 4.69546971626e-05, 0.606841500649, 0.162062589633, 0.174028750128, 0.888809125499, 0.0602822626039, 0.147910842329, 0.28078043668, 7.29552646401
0.0815394527615, 0.209475011154, 0.0333764301315, 0.00289811410725, 0.691348801758, 0.162062589633, 0.132525666893, 0.888809125499, 0.0602822626039, 0.0448914522306, 0.28078043668, 7.3359554792
0.0815394527615, 0.209475011154, 0.0333764301315, 0.00289811410725, 0.691348801758, 0.162062589633, 0.132525666893, 0.888809125499, 0.0602822626039, 0.0448914522306, 0.28078043668, 7.3359554792
0.0445046473111, 0.0773834617083, 0.407119433023, 0.159224505002, 0.347743193441, 0.0723156085307, 0.00126968306874, 0.307566211642, 0.0271437738548, 0.0240849095641, 0.858163589412, 6.56576231881
0.0445046473111, 0.0773834617083, 0.407119433023, 0.159224505002, 0.347743193441, 0.0723156085307, 0.00126968306874, 0.307566211642, 0.0271437738548, 0.0240849095641, 0.858163589412, 6.56576231881
0.0815394527615, 0.0962212449075, 0.0333764301315, 0.00289811410725, 0.606841500649, 0.162062589633, 0.230301301892, 0.888809125499, 0.0602822626039, 0.147910842329, 0.28078043668, 7.33812042856
0.0815394527615, 0.0962212449075, 0.0333764301315, 0.00289811410725, 0.606841500649, 0.162062589633, 0.230301301892, 0.888809125499, 0.0602822626039, 0.147910842329, 0.28078043668, 7.33812042856
0.0815394527615, 0.0962212449075, 0.0919984685697, 0.042428070518, 0.606841500649, 0.162062589633, 0.174028750128, 0.888809125499, 0.0602822626039, 0.147910842329, 0.28078043668, 7.36778081324
0.0815394527615, 0.0962212449075, 0.0919984685697, 0.042428070518, 0.606841500649, 0.162062589633, 0.174028750128, 0.888809125499, 0.0602822626039, 0.147910842329, 0.28078043668, 7.36778081324
0.977198793486, 0.108671251016, 0.0304761588702, 0.00226845324861, 0.269884696483, 0.192531525244, 0.224901783645, 0.0951137390856, 0.0230993023131, 0.147910842329, 0.999894982403, 6.15690641856
0.0815394527615, 0.209475011154, 0.0333764301315, 0.00289811410725, 0.971277592153, 0.162062589633, 0.132525666893, 0.888809125499, 0.0602822626039, 0.0181457394953, 0.28078043668, 7.50947055378
0.977198793486, 0.108671251016, 0.0304761588702, 0.00226845324861, 0.269884696483, 0.192531525244, 0.224901783645, 0.0951137390856, 0.0230993023131, 0.147910842329, 0.999894982403, 6.15690641856
0.0815394527615, 0.209475011154, 0.0333764301315, 0.00289811410725, 0.971277592153, 0.162062589633, 0.132525666893, 0.888809125499, 0.0602822626039, 0.0181457394953, 0.28078043668, 7.50947055378
0.0815394527615, 0.0438013113315, 0.407119433023, 0.312310209532, 0.269884696483, 0.378380769511, 0.46679705592, 0.527999642008, 0.0432375448637, 0.0516975594624, 0.28078043668, 7.52415472118
0.0815394527615, 0.0438013113315, 0.407119433023, 0.312310209532, 0.269884696483, 0.378380769511, 0.46679705592, 0.527999642008, 0.0432375448637, 0.0516975594624, 0.28078043668, 7.52415472118
0.0815394527615, 0.0962212449075, 0.0333764301315, 4.69546971626e-05, 0.606841500649, 0.162062589633, 0.174028750128, 0.888809125499, 0.616736624728, 0.147910842329, 0.28078043668, 7.66647396962
0.0815394527615, 0.0962212449075, 0.0333764301315, 4.69546971626e-05, 0.606841500649, 0.162062589633, 0.174028750128, 0.888809125499, 0.616736624728, 0.147910842329, 0.28078043668, 7.66647396962
0.0815394527615, 0.175296085314, 0.0333764301315, 0.00289811410725, 0.691348801758, 0.162062589633, 0.132525666893, 0.888809125499, 0.61696364661, 0.0250016737141, 0.28078043668, 7.66785190762
0.0815394527615, 0.175296085314, 0.0333764301315, 0.00289811410725, 0.691348801758, 0.162062589633, 0.132525666893, 0.888809125499, 0.61696364661, 0.0250016737141, 0.28078043668, 7.66785190762
0.977198793486, 0.108671251016, 0.0304761588702, 0.00226845324861, 0.269884696483, 0.471101075011, 0.00084895209123, 0.0951137390856, 0.0312859718369, 0.10229622588, 0.999894982403, 6.17804162343
0.977198793486, 0.108671251016, 0.0304761588702, 0.00226845324861, 0.269884696483, 0.471101075011, 0.00084895209123, 0.0951137390856, 0.0312859718369, 0.10229622588, 0.999894982403, 6.17804162343
0.0887976005244, 0.108671251016, 0.296073180632, 0.151804898763, 0.264007889505, 0.233539793975, 0.00126968306874, 0.363502137483, 0.0104531238606, 0.0237088094555, 0.320958628519, 6.68956950125
0.0887976005244, 0.108671251016, 0.296073180632, 0.151804898763, 0.264007889505, 0.233539793975, 0.00126968306874, 0.363502137483, 0.0104531238606, 0.0237088094555, 0.320958628519, 6.68956950125
0.977198793486, 0.108671251016, 0.0304761588702, 0.00226845324861, 0.00204511652375, 0.471101075011, 0.00126968306874, 0.0951137390856, 0.00356398338518, 0.43917763106, 0.999894982403, 6.22864681156
0.977198793486, 0.108671251016, 0.0304761588702, 0.00226845324861, 0.00204511652375, 0.471101075011, 0.00126968306874, 0.0951137390856, 0.00356398338518, 0.43917763106, 0.999894982403, 6.22864681156
0.980059303061, 0.0260278081438, 0.0304761588702, 0.302769005199, 0.269884696483, 0.0432024242888, 0.383906093066, 0.0966823998339, 0.0312859718369, 0.00407563887082, 0.999951464184, 6.26955982377
0.980059303061, 0.0260278081438, 0.0304761588702, 0.302769005199, 0.269884696483, 0.0432024242888, 0.383906093066, 0.0966823998339, 0.0312859718369, 0.00407563887082, 0.999951464184, 6.26955982377
0.96934974536, 0.0260278081438, 0.574157327877, 0.242348754702, 0.173345156174, 0.00245365149302, 0.0486789321888, 0.0951137390856, 0.0312859718369, 0.147910842329, 0.999450625947, 6.44044120975
0.96934974536, 0.0260278081438, 0.574157327877, 0.242348754702, 0.173345156174, 0.00245365149302, 0.0486789321888, 0.0951137390856, 0.0312859718369, 0.147910842329, 0.999450625947, 6.44044120975
0.0887976005244, 0.0773834617083, 0.407119433023, 0.00507802403176, 0.0370802242003, 0.158024032105, 0.00126968306874, 0.392375917419, 0.346848136677, 0.0316636002046, 0.320958628519, 6.69331583328
0.0887976005244, 0.0773834617083, 0.407119433023, 0.00507802403176, 0.0370802242003, 0.158024032105, 0.00126968306874, 0.392375917419, 0.346848136677, 0.0316636002046, 0.320958628519, 6.69331583328
0.94946340346, 0.142006224536, 0.00264671637426, 0.309781162904, 0.438984840024, 0.155653256468, 0.156151385936, 0.174627753828, 0.0271437738548, 0.0123779328118, 0.993433932929, 6.52367851547
0.94946340346, 0.142006224536, 0.00264671637426, 0.309781162904, 0.438984840024, 0.155653256468, 0.156151385936, 0.174627753828, 0.0271437738548, 0.0123779328118, 0.993433932929, 6.52367851547
0.0887976005244, 0.0438013113315, 0.0304761588702, 0.501214178369, 0.591442929983, 0.0322545155429, 0.156151385936, 0.0951137390856, 0.0312859718369, 0.00268594328532, 0.320958628519, 6.72020900212
0.0887976005244, 0.0438013113315, 0.0304761588702, 0.501214178369, 0.591442929983, 0.0322545155429, 0.156151385936, 0.0951137390856, 0.0312859718369, 0.00268594328532, 0.320958628519, 6.72020900212
