0.193070158685, 0.0438013113315, 0.0304761588702, 0.00507802403176, 0.0472600006174, 0.158024032105, 0.156151385936, 0.0277580121071, 0.0312859718369, 0.00407563887082, 0.994531089646, 5.19402801606
0.0815394527615, 0.0438013113315, 0.00788182844494, 0.000751548124921, 0.0328624371504, 0.320482352233, 0.00126968306874, 0.168507461247, 0.0432375448637, 0.0264751816738, 0.28078043668, 5.64318090345
0.0508926704922, 0.0773834617083, 0.000565530238065, 0.000251489226657, 0.0720347365579, 0.158024032105, 0.117672147071, 0.0461400338457, 0.0312859718369, 0.0019558977442, 0.754171068926, 5.27528734525
0.193070158685, 0.0438013113315, 0.0304761588702, 0.00507802403176, 0.0472600006174, 0.158024032105, 0.156151385936, 0.0277580121071, 0.0312859718369, 0.00407563887082, 0.994531089646, 5.19402801606
0.0815394527615, 0.0438013113315, 0.00788182844494, 0.000751548124921, 0.0328624371504, 0.320482352233, 0.00126968306874, 0.168507461247, 0.0432375448637, 0.0264751816738, 0.28078043668, 5.64318090345
0.0508926704922, 0.0773834617083, 0.000565530238065, 0.000251489226657, 0.0720347365579, 0.158024032105, 0.117672147071, 0.0461400338457, 0.0312859718369, 0.0019558977442, 0.754171068926, 5.27528734525
0.881393277786, 0.0438013113315, 0.0304761588702, 0.00226845324861, 0.0328624371504, 0.131025932838, 0.214529207119, 0.168507461247, 0.00208200639966, 0.0264751816738, 0.99300697131, 5.49533306296
0.881393277786, 0.0438013113315, 0.0304761588702, 0.00226845324861, 0.0328624371504, 0.131025932838, 0.214529207119, 0.168507461247, 0.00208200639966, 0.0264751816738, 0.99300697131, 5.49533306296
0.0140208572816, 0.0108398651295, 0.00139888944242, 0.151872686067, 0.269884696483, 0.158024032105, 0.00126968306874, 0.106661820536, 0.00208200639966, 0.00407563887082, 0.999699605439, 5.58980138361
0.0140208572816, 0.0108398651295, 0.00139888944242, 0.151872686067, 0.269884696483, 0.158024032105, 0.00126968306874, 0.106661820536, 0.00208200639966, 0.00407563887082, 0.999699605439, 5.58980138361
0.0815394527615, 0.108671251016, 0.0304761588702, 0.00155402516322, 0.0472600006174, 0.158024032105, 0.200928699811, 0.0461400338457, 0.0312859718369, 0.0264751816738, 0.28078043668, 5.6531801702
0.0815394527615, 0.108671251016, 0.0304761588702, 0.00155402516322, 0.0472600006174, 0.158024032105, 0.200928699811, 0.0461400338457, 0.0312859718369, 0.0264751816738, 0.28078043668, 5.6531801702
0.0815394527615, 0.108671251016, 0.0304761588702, 0.00155402516322, 0.240215443404, 0.027487630805, 0.200928699811, 0.0461400338457, 0.0312859718369, 0.0264751816738, 0.28078043668, 5.76153114286
0.0815394527615, 0.108671251016, 0.0304761588702, 0.00155402516322, 0.240215443404, 0.027487630805, 0.200928699811, 0.0461400338457, 0.0312859718369, 0.0264751816738, 0.28078043668, 5.76153114286
0.0307942558612, 0.0438013113315, 0.0279395624759, 0.271410948146, 0.0720347365579, 0.143535308223, 0.156151385936, 0.0257175801254, 0.000730393983997, 0.00407563887082, 0.975949565463, 5.66470026966
0.0307942558612, 0.0438013113315, 0.0279395624759, 0.271410948146, 0.0720347365579, 0.143535308223, 0.156151385936, 0.0257175801254, 0.000730393983997, 0.00407563887082, 0.975949565463, 5.66470026966
0.0815394527615, 0.0438013113315, 0.00788182844494, 0.336751474904, 0.0328624371504, 0.599394910077, 0.00126968306874, 0.110463981336, 0.14119574064, 0.0158091459944, 0.28078043668, 6.52502720371
0.0769292505343, 0.0570991120956, 0.165639119362, 0.242348754702, 0.305337579705, 0.162062589633, 2.85924775989e-06, 0.167357715789, 0.0790718382328, 0.0316636002046, 0.296395788615, 6.43680783369
0.0887976005244, 0.0773834617083, 0.407119433023, 0.159224505002, 0.0856182751532, 0.0723156085307, 0.00126968306874, 0.307566211642, 0.0271437738548, 0.0345899624879, 0.320958628519, 6.39065704595
0.0815394527615, 0.0438013113315, 0.00788182844494, 0.336751474904, 0.0328624371504, 0.599394910077, 0.00126968306874, 0.110463981336, 0.14119574064, 0.0158091459944, 0.28078043668, 6.52502720371
0.0769292505343, 0.0570991120956, 0.165639119362, 0.242348754702, 0.305337579705, 0.162062589633, 2.85924775989e-06, 0.167357715789, 0.0790718382328, 0.0316636002046, 0.296395788615, 6.43680783369
0.0887976005244, 0.0773834617083, 0.407119433023, 0.159224505002, 0.0856182751532, 0.0723156085307, 0.00126968306874, 0.307566211642, 0.0271437738548, 0.0345899624879, 0.320958628519, 6.39065704595
0.0887976005244, 0.0488230181497, 0.407119433023, 0.159224505002, 0.347743193441, 0.0723156085307, 0.00077147135459, 0.0867817627436, 0.0271437738548, 0.0240849095641, 0.320958628519, 6.39270977966
0.0887976005244, 0.0488230181497, 0.407119433023, 0.159224505002, 0.347743193441, 0.0723156085307, 0.00077147135459, 0.0867817627436, 0.0271437738548, 0.0240849095641, 0.320958628519, 6.39270977966
0.0769292505343, 0.0570991120956, 0.165639119362, 0.242348754702, 0.347743193441, 0.162062589633, 2.85924775989e-06, 0.167357715789, 0.0790718382328, 0.0316636002046, 0.296395788615, 6.4840229772
0.0769292505343, 0.0570991120956, 0.165639119362, 0.242348754702, 0.347743193441, 0.162062589633, 2.85924775989e-06, 0.167357715789, 0.0790718382328, 0.0316636002046, 0.296395788615, 6.4840229772
0.0815394527615, 0.108671251016, 0.0304761588702, 0.00226845324861, 0.607591532365, 0.192531525244, 0.224901783645, 0.0951137390856, 0.0602822626039, 0.0181457394953, 0.28078043668, 6.57861515557
0.0815394527615, 0.108671251016, 0.0304761588702, 0.00226845324861, 0.607591532365, 0.192531525244, 0.224901783645, 0.0951137390856, 0.0602822626039, 0.0181457394953, 0.28078043668, 6.57861515557
0.0508926704922, 0.0773834617083, 0.0304761588702, 0.00226845324861, 0.0328624371504, 0.131025932838, 0.214529207119, 0.0277580121071, 0.299842861894, 0.0345899624879, 0.754171068926, 5.89539743309
0.0440761216449, 0.0773834617083, 0.0243272306737, 0.00507802403176, 0.202315225209, 0.158024032105, 0.100820824072, 0.195130946581, 0.0312859718369, 0.0036522460173, 0.864021833894, 5.78487889707
0.0508926704922, 0.0773834617083, 0.0304761588702, 0.00226845324861, 0.0328624371504, 0.131025932838, 0.214529207119, 0.0277580121071, 0.299842861894, 0.0345899624879, 0.754171068926, 5.89539743309
0.0440761216449, 0.0773834617083, 0.0243272306737, 0.00507802403176, 0.202315225209, 0.158024032105, 0.100820824072, 0.195130946581, 0.0312859718369, 0.0036522460173, 0.864021833894, 5.78487889707
0.0365792004867, 0.413704223863, 0.000565530238065, 0.000251489226657, 0.0720347365579, 0.158024032105, 0.117672147071, 0.0461400338457, 0.00971094093508, 0.0019558977442, 0.942743605559, 5.79523198026
0.0365792004867, 0.413704223863, 0.000565530238065, 0.000251489226657, 0.0720347365579, 0.158024032105, 0.117672147071, 0.0461400338457, 0.00971094093508, 0.0019558977442, 0.942743605559, 5.79523198026
0.0815394527615, 0.108671251016, 0.0304761588702, 0.00226845324861, 0.857181013353, 0.192531525244, 0.224901783645, 0.0951137390856, 0.047225016772, 0.0181457394953, 0.28078043668, 6.81090269301
0.0815394527615, 0.108671251016, 0.0304761588702, 0.00226845324861, 0.857181013353, 0.192531525244, 0.224901783645, 0.0951137390856, 0.047225016772, 0.0181457394953, 0.28078043668, 6.81090269301
0.0508926704922, 0.0773834617083, 0.0304761588702, 0.217239188248, 0.0328624371504, 0.0451792966319, 0.214529207119, 0.0277580121071, 0.299842861894, 0.0345899624879, 0.754171068926, 6.07760370011
0.0508926704922, 0.0773834617083, 0.0304761588702, 0.217239188248, 0.0328624371504, 0.0451792966319, 0.214529207119, 0.0277580121071, 0.299842861894, 0.0345899624879, 0.754171068926, 6.07760370011
0.0769292505343, 0.0570991120956, 0.165639119362, 0.242348754702, 0.347743193441, 0.233539793975, 2.85924775989e-06, 0.167357715789, 0.0790718382328, 0.00486167098862, 0.296395788615, 6.53248464626
0.0769292505343, 0.0570991120956, 0.165639119362, 0.242348754702, 0.347743193441, 0.233539793975, 2.85924775989e-06, 0.167357715789, 0.0790718382328, 0.00486167098862, 0.296395788615, 6.53248464626
0.0769292505343, 0.0570991120956, 0.165639119362, 0.242348754702, 0.347743193441, 0.233539793975, 2.85924775989e-06, 0.167357715789, 0.0790718382328, 0.00486167098862, 0.296395788615, 6.53248464626
0.0769292505343, 0.0570991120956, 0.165639119362, 0.242348754702, 0.347743193441, 0.233539793975, 2.85924775989e-06, 0.167357715789, 0.0790718382328, 0.00486167098862, 0.296395788615, 6.53248464626
0.704262080914, 0.0773834617083, 0.0304761588702, 0.000104861898869, 0.269884696483, 0.158024032105, 0.00126968306874, 0.174627753828, 0.0757029254361, 0.0316636002046, 0.995457288264, 5.7766161809
0.704262080914, 0.0773834617083, 0.0304761588702, 0.000104861898869, 0.269884696483, 0.158024032105, 0.00126968306874, 0.174627753828, 0.0757029254361, 0.0316636002046, 0.995457288264, 5.7766161809
0.977198793486, 0.108671251016, 0.0304761588702, 0.00155402516322, 0.0328624371504, 0.417629390671, 0.00126968306874, 0.168507461247, 0.0432375448637, 0.00774522114611, 0.999894982403, 5.76394359885
0.977198793486, 0.108671251016, 0.0304761588702, 0.00155402516322, 0.0328624371504, 0.417629390671, 0.00126968306874, 0.168507461247, 0.0432375448637, 0.00774522114611, 0.999894982403, 5.76394359885
0.0815394527615, 0.86261044919, 0.0333764301315, 0.00289811410725, 0.239463990211, 0.162062589633, 0.230301301892, 0.0528379395433, 0.00698312474102, 0.0179542662609, 0.28078043668, 6.84025173543
0.0815394527615, 0.86261044919, 0.0333764301315, 0.00289811410725, 0.239463990211, 0.162062589633, 0.230301301892, 0.0528379395433, 0.00698312474102, 0.0179542662609, 0.28078043668, 6.84025173543
0.0445046473111, 0.0773834617083, 0.407119433023, 0.209957295354, 0.0720347365579, 0.145765880695, 0.00126968306874, 0.0277580121071, 0.0312859718369, 0.0345899624879, 0.858163589412, 6.08675701065
0.0508926704922, 0.0108398651295, 0.00139888944242, 0.105471756267, 0.269884696483, 0.158024032105, 0.0531152025618, 0.106661820536, 0.299842861894, 0.00407563887082, 0.754171068926, 6.11659420166
0.0445046473111, 0.0773834617083, 0.407119433023, 0.209957295354, 0.0720347365579, 0.145765880695, 0.00126968306874, 0.0277580121071, 0.0312859718369, 0.0345899624879, 0.858163589412, 6.08675701065
0.0508926704922, 0.0108398651295, 0.00139888944242, 0.105471756267, 0.269884696483, 0.158024032105, 0.0531152025618, 0.106661820536, 0.299842861894, 0.00407563887082, 0.754171068926, 6.11659420166
0.283281421078, 0.0251227176526, 0.228155403387, 0.00507802403176, 0.583626696974, 0.0561771312972, 0.00126968306874, 0.0277580121071, 0.0312859718369, 0.0345899624879, 0.909325270121, 6.05347404861
0.283281421078, 0.0251227176526, 0.228155403387, 0.00507802403176, 0.583626696974, 0.0561771312972, 0.00126968306874, 0.0277580121071, 0.0312859718369, 0.0345899624879, 0.909325270121, 6.05347404861
0.0307942558612, 0.0438013113315, 0.00139888944242, 0.00507802403176, 0.156001266728, 0.145765880695, 0.00126968306874, 0.168507461247, 0.346848136677, 0.0157422485928, 0.975949565463, 5.88129429926
0.0307942558612, 0.0438013113315, 0.00139888944242, 0.00507802403176, 0.156001266728, 0.145765880695, 0.00126968306874, 0.168507461247, 0.346848136677, 0.0157422485928, 0.975949565463, 5.88129429926
0.0815394527615, 0.14360159257, 0.0304761588702, 0.436917922322, 0.100282200947, 0.000577280177925, 0.910957455516, 0.0158303842105, 0.0312859718369, 0.00407563887082, 0.28078043668, 6.89904829876
0.0815394527615, 0.14360159257, 0.0304761588702, 0.436917922322, 0.100282200947, 0.000577280177925, 0.910957455516, 0.0158303842105, 0.0312859718369, 0.00407563887082, 0.28078043668, 6.89904829876
0.0508926704922, 0.0377799324875, 0.333053958063, 0.000751548124921, 0.0328624371504, 0.378380769511, 0.000972047450648, 0.168507461247, 0.0432375448637, 0.0264751816738, 0.754171068926, 6.133148864
0.0508926704922, 0.0377799324875, 0.333053958063, 0.000751548124921, 0.0328624371504, 0.378380769511, 0.000972047450648, 0.168507461247, 0.0432375448637, 0.0264751816738, 0.754171068926, 6.133148864
0.977198793486, 0.108671251016, 0.0304761588702, 0.00155402516322, 0.0328624371504, 0.417629390671, 0.00126968306874, 0.168507461247, 0.0432375448637, 0.0264751816738, 0.999894982403, 5.79294347412
0.977198793486, 0.108671251016, 0.0304761588702, 0.00155402516322, 0.0328624371504, 0.417629390671, 0.00126968306874, 0.168507461247, 0.0432375448637, 0.0264751816738, 0.999894982403, 5.79294347412
0.0815394527615, 0.0379832872297, 0.0304761588702, 0.501214178369, 0.100282200947, 0.0432024242888, 0.910957455516, 0.0951137390856, 0.0312859718369, 0.00407563887082, 0.28078043668, 6.96904553956
0.0815394527615, 0.0379832872297, 0.0304761588702, 0.501214178369, 0.100282200947, 0.0432024242888, 0.910957455516, 0.0951137390856, 0.0312859718369, 0.00407563887082, 0.28078043668, 6.96904553956
0.0508926704922, 0.0108398651295, 0.00139888944242, 0.151872686067, 0.269884696483, 0.158024032105, 0.0531152025618, 0.106661820536, 0.299842861894, 0.0024080623679, 0.754171068926, 6.17419702095
0.0508926704922, 0.0108398651295, 0.00139888944242, 0.151872686067, 0.269884696483, 0.158024032105, 0.0531152025618, 0.106661820536, 0.299842861894, 0.0024080623679, 0.754171068926, 6.17419702095
0.0140208572816, 0.0108398651295, 0.00139888944242, 0.151872686067, 0.269884696483, 0.158024032105, 0.00126968306874, 0.106661820536, 0.144987170654, 0.00407563887082, 0.999699605439, 5.82091326701
0.0140208572816, 0.0108398651295, 0.00139888944242, 0.151872686067, 0.269884696483, 0.158024032105, 0.00126968306874, 0.106661820536, 0.144987170654, 0.00407563887082, 0.999699605439, 5.82091326701
0.0815394527615, 0.86261044919, 0.0333764301315, 0.00289811410725, 0.404325076958, 0.162062589633, 0.230301301892, 0.068195863897, 0.00698312474102, 0.0179542662609, 0.28078043668, 6.99795279175
0.0307942558612, 0.0773834617083, 0.407119433023, 0.000436773707396, 0.209948709912, 0.145765880695, 0.00126968306874, 0.0277580121071, 0.0312859718369, 0.0345899624879, 0.975949565463, 5.95445738516
0.0815394527615, 0.86261044919, 0.0333764301315, 0.00289811410725, 0.404325076958, 0.162062589633, 0.230301301892, 0.068195863897, 0.00698312474102, 0.0179542662609, 0.28078043668, 6.99795279175
0.0307942558612, 0.0773834617083, 0.407119433023, 0.000436773707396, 0.209948709912, 0.145765880695, 0.00126968306874, 0.0277580121071, 0.0312859718369, 0.0345899624879, 0.975949565463, 5.95445738516
0.408656519421, 0.0773834617083, 0.407119433023, 0.00507802403176, 0.120700242127, 0.145765880695, 0.00126968306874, 0.0277580121071, 0.346848136677, 0.0345899624879, 0.817914587046, 6.29560393282
0.408656519421, 0.0773834617083, 0.407119433023, 0.00507802403176, 0.120700242127, 0.145765880695, 0.00126968306874, 0.0277580121071, 0.346848136677, 0.0345899624879, 0.817914587046, 6.29560393282
0.0887976005244, 0.108671251016, 0.296073180632, 0.0885474166259, 0.183491799415, 0.233539793975, 0.00126968306874, 0.363502137483, 0.0104531238606, 0.0237088094555, 0.320958628519, 6.54254300169
0.0887976005244, 0.108671251016, 0.296073180632, 0.0885474166259, 0.183491799415, 0.233539793975, 0.00126968306874, 0.363502137483, 0.0104531238606, 0.0237088094555, 0.320958628519, 6.54254300169
0.0126812844203, 0.0438013113315, 0.00139888944242, 0.00507802403176, 0.156001266728, 0.145765880695, 0.00126968306874, 0.168507461247, 0.346848136677, 0.0264751816738, 0.999832546517, 5.88911548331
0.0126812844203, 0.0438013113315, 0.00139888944242, 0.00507802403176, 0.156001266728, 0.145765880695, 0.00126968306874, 0.168507461247, 0.346848136677, 0.0264751816738, 0.999832546517, 5.88911548331
0.0815394527615, 0.14360159257, 0.0304761588702, 0.501214178369, 0.100282200947, 0.0101592271628, 0.910957455516, 0.0158303842105, 0.100770505892, 0.00407563887082, 0.28078043668, 7.02191884073
0.0815394527615, 0.14360159257, 0.0304761588702, 0.501214178369, 0.100282200947, 0.0101592271628, 0.910957455516, 0.0158303842105, 0.100770505892, 0.00407563887082, 0.28078043668, 7.02191884073
0.0445046473111, 0.413704223863, 0.407119433023, 0.00507802403176, 0.0720347365579, 0.145765880695, 0.00126968306874, 0.0277580121071, 0.0312859718369, 0.0345899624879, 0.858163589412, 6.251883319
0.0445046473111, 0.413704223863, 0.407119433023, 0.00507802403176, 0.0720347365579, 0.145765880695, 0.00126968306874, 0.0277580121071, 0.0312859718369, 0.0345899624879, 0.858163589412, 6.251883319
0.94946340346, 0.142006224536, 0.00264671637426, 0.309781162904, 0.0192995577288, 0.155653256468, 0.0334886464118, 0.275846532554, 0.0271437738548, 0.0189677536042, 0.993433932929, 6.01654864411
0.94946340346, 0.142006224536, 0.00264671637426, 0.309781162904, 0.0192995577288, 0.155653256468, 0.0334886464118, 0.275846532554, 0.0271437738548, 0.0189677536042, 0.993433932929, 6.01654864411
0.0815394527615, 0.14360159257, 0.0304761588702, 0.501214178369, 0.0949482840294, 0.0432024242888, 0.910957455516, 0.0951137390856, 0.0312859718369, 0.00407563887082, 0.28078043668, 7.05285877924
0.0815394527615, 0.14360159257, 0.0304761588702, 0.501214178369, 0.0949482840294, 0.0432024242888, 0.910957455516, 0.0951137390856, 0.0312859718369, 0.00407563887082, 0.28078043668, 7.05285877924
0.0815394527615, 0.14360159257, 0.0304761588702, 0.501214178369, 0.0949482840294, 0.0432024242888, 0.910957455516, 0.0951137390856, 0.0312859718369, 0.00407563887082, 0.28078043668, 7.05285877924
0.0815394527615, 0.14360159257, 0.0304761588702, 0.501214178369, 0.0949482840294, 0.0432024242888, 0.910957455516, 0.0951137390856, 0.0312859718369, 0.00407563887082, 0.28078043668, 7.05285877924
0.94946340346, 0.142006224536, 0.00264671637426, 0.309781162904, 0.0192995577288, 0.155653256468, 0.156151385936, 0.174627753828, 0.0271437738548, 0.0189677536042, 0.993433932929, 6.04521894505
0.94946340346, 0.142006224536, 0.00264671637426, 0.309781162904, 0.0192995577288, 0.155653256468, 0.156151385936, 0.174627753828, 0.0271437738548, 0.0189677536042, 0.993433932929, 6.04521894505
0.0209594933696, 0.0438013113315, 0.00696441597731, 0.159224505002, 0.240215443404, 0.378380769511, 0.156151385936, 0.0007237629952, 0.00683669610416, 0.00407563887082, 0.997010919834, 6.03088627997
0.0209594933696, 0.0438013113315, 0.00696441597731, 0.159224505002, 0.240215443404, 0.378380769511, 0.156151385936, 0.0007237629952, 0.00683669610416, 0.00407563887082, 0.997010919834, 6.03088627997
0.0307942558612, 0.251631099971, 0.0304761588702, 0.271410948146, 0.0720347365579, 0.143535308223, 0.156151385936, 0.0951137390856, 0.00683669610416, 0.00407563887082, 0.975949565463, 6.08356888232
0.980059303061, 0.103228532787, 0.00629716673418, 0.00226845324861, 0.0720347365579, 0.471101075011, 0.00126968306874, 0.0951137390856, 0.00192172664743, 0.147910842329, 0.999951464184, 5.89775471791
0.0307942558612, 0.251631099971, 0.0304761588702, 0.271410948146, 0.0720347365579, 0.143535308223, 0.156151385936, 0.0951137390856, 0.00683669610416, 0.00407563887082, 0.975949565463, 6.08356888232
0.980059303061, 0.103228532787, 0.00629716673418, 0.00226845324861, 0.0720347365579, 0.471101075011, 0.00126968306874, 0.0951137390856, 0.00192172664743, 0.147910842329, 0.999951464184, 5.89775471791
0.0887976005244, 0.0773834617083, 0.353630402177, 0.00507802403176, 0.0164386088314, 0.158024032105, 0.000686057719812, 0.392375917419, 0.346848136677, 0.0316636002046, 0.320958628519, 6.61849937277
0.0887976005244, 0.0773834617083, 0.353630402177, 0.00507802403176, 0.0164386088314, 0.158024032105, 0.000686057719812, 0.392375917419, 0.346848136677, 0.0316636002046, 0.320958628519, 6.61849937277
0.283281421078, 0.0438013113315, 0.0191478540885, 0.561852003982, 0.240215443404, 0.027487630805, 0.156151385936, 0.0277580121071, 0.0312859718369, 0.00407563887082, 0.909325270121, 6.20512387412
0.283281421078, 0.0438013113315, 0.0191478540885, 0.561852003982, 0.240215443404, 0.027487630805, 0.156151385936, 0.0277580121071, 0.0312859718369, 0.00407563887082, 0.909325270121, 6.20512387412
