0.0887976005244, 0.0149253991056, 0.407119433023, 0.02533816581, 0.269884696483, 0.233539793975, 0.00126968306874, 0.258862501131, 0.532382916301, 0.014736046365, 0.320958628519, 6.96854075835
0.0815394527615, 0.00445304370856, 0.598765089197, 0.00289811410725, 0.921415387397, 0.942519768493, 0.224901783645, 0.183119538171, 0.0602822626039, 0.147910842329, 0.28078043668, 7.87716497443
0.974695057299, 0.108671251016, 0.0304761588702, 0.501214178369, 0.269884696483, 0.0432024242888, 0.310132513048, 0.0951137390856, 0.0312859718369, 0.00407563887082, 0.99981021993, 6.49573833537
0.977198793486, 0.108671251016, 0.0304761588702, 0.00289811410725, 0.269884696483, 0.471101075011, 0.224901783645, 0.0951137390856, 0.0312859718369, 0.147910842329, 0.999894982403, 6.48344148996
0.0887976005244, 0.0149253991056, 0.407119433023, 0.02533816581, 0.269884696483, 0.233539793975, 0.00126968306874, 0.258862501131, 0.532382916301, 0.014736046365, 0.320958628519, 6.96854075835
0.0815394527615, 0.00445304370856, 0.598765089197, 0.00289811410725, 0.921415387397, 0.942519768493, 0.224901783645, 0.183119538171, 0.0602822626039, 0.147910842329, 0.28078043668, 7.87716497443
0.974695057299, 0.108671251016, 0.0304761588702, 0.501214178369, 0.269884696483, 0.0432024242888, 0.310132513048, 0.0951137390856, 0.0312859718369, 0.00407563887082, 0.99981021993, 6.49573833537
0.977198793486, 0.108671251016, 0.0304761588702, 0.00289811410725, 0.269884696483, 0.471101075011, 0.224901783645, 0.0951137390856, 0.0312859718369, 0.147910842329, 0.999894982403, 6.48344148996
0.0815394527615, 0.209475011154, 0.567932765998, 0.00289811410725, 0.606841500649, 0.544917788132, 0.224901783645, 0.775749753847, 0.0602822626039, 0.147910842329, 0.28078043668, 7.9074880842
0.0815394527615, 0.209475011154, 0.567932765998, 0.00289811410725, 0.606841500649, 0.544917788132, 0.224901783645, 0.775749753847, 0.0602822626039, 0.147910842329, 0.28078043668, 7.9074880842
0.0815394527615, 0.209475011154, 0.598765089197, 0.501214178369, 0.921415387397, 0.544917788132, 0.310132513048, 0.183119538171, 0.0602822626039, 0.102416833798, 0.28078043668, 8.0625296007
0.0841739593485, 0.504098987777, 0.0487913925838, 0.684091268596, 0.872498028238, 0.345761325877, 0.425508166172, 0.33299286286, 0.121101350399, 0.0125572181974, 0.286411705711, 8.01822014214
0.0815394527615, 0.209475011154, 0.598765089197, 0.501214178369, 0.921415387397, 0.544917788132, 0.310132513048, 0.183119538171, 0.0602822626039, 0.102416833798, 0.28078043668, 8.0625296007
0.0841739593485, 0.504098987777, 0.0487913925838, 0.684091268596, 0.872498028238, 0.345761325877, 0.425508166172, 0.33299286286, 0.121101350399, 0.0125572181974, 0.286411705711, 8.01822014214
0.0887976005244, 0.108671251016, 0.407119433023, 0.02533816581, 0.269884696483, 0.233539793975, 0.00126968306874, 0.258862501131, 0.532382916301, 0.0345899624879, 0.320958628519, 7.06313497303
0.0887976005244, 0.108671251016, 0.407119433023, 0.02533816581, 0.269884696483, 0.233539793975, 0.00126968306874, 0.258862501131, 0.532382916301, 0.0345899624879, 0.320958628519, 7.06313497303
0.0815394527615, 0.209475011154, 0.567932765998, 0.00289811410725, 0.921415387397, 0.544917788132, 0.224901783645, 0.775749753847, 0.0602822626039, 0.147910842329, 0.28078043668, 8.0747464976
0.0815394527615, 0.209475011154, 0.567932765998, 0.00289811410725, 0.921415387397, 0.544917788132, 0.224901783645, 0.775749753847, 0.0602822626039, 0.147910842329, 0.28078043668, 8.0747464976
0.179401866067, 0.123208404262, 0.17275429457, 0.00289811410725, 0.0519030448246, 0.0513457391955, 0.357551212702, 0.953395159549, 0.240520871259, 0.00042662700682, 0.999911872055, 7.00349907893
0.179401866067, 0.123208404262, 0.17275429457, 0.00289811410725, 0.0519030448246, 0.0513457391955, 0.357551212702, 0.953395159549, 0.240520871259, 0.00042662700682, 0.999911872055, 7.00349907893
0.179401866067, 0.123208404262, 0.17275429457, 0.00289811410725, 0.0519030448246, 0.0513457391955, 0.357551212702, 0.953395159549, 0.240520871259, 0.00161752040328, 0.999911872055, 7.00445325252
0.179401866067, 0.123208404262, 0.17275429457, 0.00289811410725, 0.0519030448246, 0.0513457391955, 0.357551212702, 0.953395159549, 0.240520871259, 0.00161752040328, 0.999911872055, 7.00445325252
0.0746252215675, 0.657252300887, 0.305207398319, 0.00734171358464, 0.963357419198, 0.0624453842405, 0.0312782443325, 0.6937241107, 0.613507122135, 0.951651049239, 0.315930858752, 8.46456322858
0.0848077148563, 0.467030623599, 0.379887909576, 0.00157406115252, 0.532809508804, 0.950827005387, 0.691874292424, 0.6257054257, 0.662144560989, 0.573616219467, 0.289330822758, 8.71558305474
0.0746252215675, 0.657252300887, 0.305207398319, 0.00734171358464, 0.963357419198, 0.0624453842405, 0.0312782443325, 0.6937241107, 0.613507122135, 0.951651049239, 0.315930858752, 8.46456322858
0.0848077148563, 0.467030623599, 0.379887909576, 0.00157406115252, 0.532809508804, 0.950827005387, 0.691874292424, 0.6257054257, 0.662144560989, 0.573616219467, 0.289330822758, 8.71558305474
0.0746252215675, 0.657252300887, 0.703581541761, 0.00970479214739, 0.872498028238, 0.335806702542, 0.0312782443325, 0.825573579616, 0.0312859718369, 0.951651049239, 0.315930858752, 8.52192598743
0.0746252215675, 0.657252300887, 0.703581541761, 0.00970479214739, 0.872498028238, 0.335806702542, 0.0312782443325, 0.825573579616, 0.0312859718369, 0.951651049239, 0.315930858752, 8.52192598743
0.0848077148563, 0.467030623599, 0.379887909576, 0.00970479214739, 0.532809508804, 0.950827005387, 0.691874292424, 0.6257054257, 0.662144560989, 0.573616219467, 0.289330822758, 8.71879877307
0.0848077148563, 0.467030623599, 0.379887909576, 0.00970479214739, 0.532809508804, 0.950827005387, 0.691874292424, 0.6257054257, 0.662144560989, 0.573616219467, 0.289330822758, 8.71879877307
0.0850560999115, 0.0298061405448, 0.897549314522, 0.27661878704, 0.421802859376, 0.253177105978, 0.796044786568, 0.427711989322, 0.904719759657, 0.944463199359, 0.290637442107, 8.74165074197
0.0848077148563, 0.782625520315, 0.0363760918362, 0.27661878704, 0.978120326991, 0.253177105978, 0.691874292424, 0.6257054257, 0.867096473341, 0.573616219467, 0.289330822758, 8.79344557353
0.0850560999115, 0.0298061405448, 0.897549314522, 0.27661878704, 0.421802859376, 0.253177105978, 0.796044786568, 0.427711989322, 0.904719759657, 0.944463199359, 0.290637442107, 8.74165074197
0.0848077148563, 0.782625520315, 0.0363760918362, 0.27661878704, 0.978120326991, 0.253177105978, 0.691874292424, 0.6257054257, 0.867096473341, 0.573616219467, 0.289330822758, 8.79344557353
0.0848077148563, 0.782625520315, 0.379887909576, 0.27661878704, 0.978120326991, 0.950827005387, 0.691874292424, 0.6257054257, 0.867096473341, 0.573616219467, 0.289330822758, 9.16578109611
0.0848077148563, 0.782625520315, 0.379887909576, 0.27661878704, 0.978120326991, 0.950827005387, 0.691874292424, 0.6257054257, 0.867096473341, 0.573616219467, 0.289330822758, 9.16578109611
0.0850560999115, 0.468380549952, 0.897549314522, 0.27661878704, 0.421802859376, 0.950827005387, 0.796044786568, 0.238973204661, 0.904719759657, 0.70143015619, 0.290637442107, 9.00401102875
0.0850560999115, 0.468380549952, 0.897549314522, 0.27661878704, 0.421802859376, 0.950827005387, 0.796044786568, 0.238973204661, 0.904719759657, 0.70143015619, 0.290637442107, 9.00401102875
0.0887976005244, 0.0438013113315, 0.407119433023, 0.405855575124, 0.269884696483, 0.233539793975, 0.00126968306874, 0.110463981336, 0.532382916301, 0.151822215616, 0.320958628519, 7.282409172
0.0444399092364, 0.45025615277, 0.330064865582, 0.242348754702, 0.269884696483, 0.233539793975, 0.00126968306874, 0.110463981336, 0.414159104592, 0.0345899624879, 0.859058097434, 7.14325657789
0.0887976005244, 0.0438013113315, 0.407119433023, 0.405855575124, 0.269884696483, 0.233539793975, 0.00126968306874, 0.110463981336, 0.532382916301, 0.151822215616, 0.320958628519, 7.282409172
0.0444399092364, 0.45025615277, 0.330064865582, 0.242348754702, 0.269884696483, 0.233539793975, 0.00126968306874, 0.110463981336, 0.414159104592, 0.0345899624879, 0.859058097434, 7.14325657789
0.0887976005244, 0.45025615277, 0.407119433023, 0.242348754702, 0.269884696483, 0.233539793975, 0.00126968306874, 0.110463981336, 0.414159104592, 0.0345899624879, 0.320958628519, 7.28788227015
0.0887976005244, 0.45025615277, 0.407119433023, 0.242348754702, 0.269884696483, 0.233539793975, 0.00126968306874, 0.110463981336, 0.414159104592, 0.0345899624879, 0.320958628519, 7.28788227015
0.992403518354, 0.241897338208, 0.0975632615072, 0.451640874434, 0.101972731251, 0.0108138645535, 0.0249191306063, 0.120598517434, 0.438124709186, 0.837674317198, 0.999999840563, 7.28165026225
0.992403518354, 0.241897338208, 0.0975632615072, 0.451640874434, 0.101972731251, 0.0108138645535, 0.0249191306063, 0.120598517434, 0.438124709186, 0.837674317198, 0.999999840563, 7.28165026225
0.0887976005244, 0.0438013113315, 0.407119433023, 0.191145064834, 0.269884696483, 0.861466198642, 0.00126968306874, 0.110463981336, 0.532382916301, 0.151822215616, 0.320958628519, 7.56507473671
0.10772161778, 0.267521176062, 0.266873847999, 0.309781162904, 0.438984840024, 0.527047941712, 0.230301301892, 0.174627753828, 0.0271437738548, 0.026164693308, 0.663298133243, 7.3173244561
0.0887976005244, 0.0438013113315, 0.407119433023, 0.191145064834, 0.269884696483, 0.861466198642, 0.00126968306874, 0.110463981336, 0.532382916301, 0.151822215616, 0.320958628519, 7.56507473671
0.10772161778, 0.267521176062, 0.266873847999, 0.309781162904, 0.438984840024, 0.527047941712, 0.230301301892, 0.174627753828, 0.0271437738548, 0.026164693308, 0.663298133243, 7.3173244561
0.223185452768, 0.0810817870567, 0.32627255519, 0.00734171358464, 0.721012959323, 8.57673198548e-05, 0.0312782443325, 0.502027459004, 0.0312859718369, 0.951651049239, 0.816254151708, 7.54365447769
0.223185452768, 0.0810817870567, 0.32627255519, 0.00734171358464, 0.721012959323, 8.57673198548e-05, 0.0312782443325, 0.502027459004, 0.0312859718369, 0.951651049239, 0.816254151708, 7.54365447769
0.0603157791712, 0.0216061703241, 0.0572288858713, 0.270045609408, 0.273926702783, 0.39135561182, 0.35203295291, 0.217441791518, 0.498394618941, 0.760873434186, 0.561614143284, 7.70647022277
0.247960221632, 0.0216061703241, 0.0776031484195, 0.235949726155, 0.321845164453, 0.462658366494, 0.357551212702, 0.976514380053, 0.240520871259, 0.0447968572975, 0.630748367772, 7.63292585776
0.0887976005244, 0.108671251016, 0.407119433023, 0.686325109794, 0.269884696483, 0.233539793975, 0.00126968306874, 0.253287500493, 0.956747350505, 0.0345899624879, 0.320958628519, 7.79748643514
0.0887976005244, 0.108671251016, 0.407119433023, 0.686325109794, 0.269884696483, 0.233539793975, 0.00126968306874, 0.253287500493, 0.956747350505, 0.0345899624879, 0.320958628519, 7.79748643514
0.0941036856438, 0.0810817870567, 0.32627255519, 0.131207318688, 0.503710697298, 0.0432024242888, 0.0312782443325, 0.825573579616, 0.0312859718369, 0.951651049239, 0.394027386271, 7.77561064355
0.0603157791712, 0.0216061703241, 0.0572288858713, 0.270045609408, 0.273926702783, 0.39135561182, 0.35203295291, 0.217441791518, 0.498394618941, 0.760873434186, 0.561614143284, 7.70647022277
0.247960221632, 0.0216061703241, 0.0776031484195, 0.235949726155, 0.321845164453, 0.462658366494, 0.357551212702, 0.976514380053, 0.240520871259, 0.0447968572975, 0.630748367772, 7.63292585776
0.0887976005244, 0.108671251016, 0.407119433023, 0.686325109794, 0.269884696483, 0.233539793975, 0.00126968306874, 0.253287500493, 0.956747350505, 0.0345899624879, 0.320958628519, 7.79748643514
0.0887976005244, 0.108671251016, 0.407119433023, 0.686325109794, 0.269884696483, 0.233539793975, 0.00126968306874, 0.253287500493, 0.956747350505, 0.0345899624879, 0.320958628519, 7.79748643514
0.0941036856438, 0.0810817870567, 0.32627255519, 0.131207318688, 0.503710697298, 0.0432024242888, 0.0312782443325, 0.825573579616, 0.0312859718369, 0.951651049239, 0.394027386271, 7.77561064355
0.468971187491, 0.586976785337, 0.00153878188299, 0.55242841383, 0.103392161436, 0.162078621106, 0.0779896708776, 0.0770190293941, 0.385822199181, 0.58019421083, 0.995660753439, 7.42039684578
0.901839787893, 0.24449360972, 0.544791915005, 0.00289811410725, 0.269884696483, 0.544917788132, 0.0521367405432, 0.110463981336, 0.433916484991, 0.438021076616, 0.978609365655, 7.49877757431
0.468971187491, 0.586976785337, 0.00153878188299, 0.55242841383, 0.103392161436, 0.162078621106, 0.0779896708776, 0.0770190293941, 0.385822199181, 0.58019421083, 0.995660753439, 7.42039684578
0.901839787893, 0.24449360972, 0.544791915005, 0.00289811410725, 0.269884696483, 0.544917788132, 0.0521367405432, 0.110463981336, 0.433916484991, 0.438021076616, 0.978609365655, 7.49877757431
0.247960221632, 0.122941306838, 0.0776031484195, 0.235949726155, 0.321845164453, 0.462658366494, 0.357551212702, 0.976514380053, 0.240520871259, 0.0581340340944, 0.630748367772, 7.70227852778
0.247960221632, 0.122941306838, 0.0776031484195, 0.235949726155, 0.321845164453, 0.462658366494, 0.357551212702, 0.976514380053, 0.240520871259, 0.0581340340944, 0.630748367772, 7.70227852778
0.974695057299, 0.0810817870567, 0.0304761588702, 0.719626954785, 0.269884696483, 0.0432024242888, 0.310132513048, 0.834075344827, 0.0312859718369, 0.0631362593626, 0.99981021993, 7.32185371752
0.974695057299, 0.0810817870567, 0.0304761588702, 0.719626954785, 0.269884696483, 0.0432024242888, 0.310132513048, 0.834075344827, 0.0312859718369, 0.0631362593626, 0.99981021993, 7.32185371752
0.10772161778, 0.267521176062, 0.266873847999, 0.684091268596, 0.438984840024, 0.527047941712, 0.230301301892, 0.174627753828, 0.0271437738548, 0.026164693308, 0.663298133243, 7.56745792242
0.10772161778, 0.267521176062, 0.266873847999, 0.684091268596, 0.438984840024, 0.527047941712, 0.230301301892, 0.174627753828, 0.0271437738548, 0.026164693308, 0.663298133243, 7.56745792242
0.974695057299, 0.0810817870567, 0.0304761588702, 0.660063426935, 0.269884696483, 0.0432024242888, 0.310132513048, 0.909058884466, 0.0312859718369, 0.0705764868898, 0.99981021993, 7.33755881635
0.974695057299, 0.0810817870567, 0.0304761588702, 0.660063426935, 0.269884696483, 0.0432024242888, 0.310132513048, 0.909058884466, 0.0312859718369, 0.0705764868898, 0.99981021993, 7.33755881635
0.901839787893, 0.24449360972, 0.544791915005, 0.00289811410725, 0.269884696483, 0.544917788132, 0.128317263785, 0.110463981336, 0.433916484991, 0.438021076616, 0.978609365655, 7.54680439751
0.901839787893, 0.24449360972, 0.544791915005, 0.00289811410725, 0.269884696483, 0.544917788132, 0.128317263785, 0.110463981336, 0.433916484991, 0.438021076616, 0.978609365655, 7.54680439751
0.247960221632, 0.00773258198585, 0.0776031484195, 0.235949726155, 0.101972731251, 0.369940705277, 0.614926374688, 0.953395159549, 0.438124709186, 0.159415869949, 0.630748367772, 7.76416342321
0.247960221632, 0.00773258198585, 0.0776031484195, 0.235949726155, 0.101972731251, 0.369940705277, 0.614926374688, 0.953395159549, 0.438124709186, 0.159415869949, 0.630748367772, 7.76416342321
0.0941036856438, 0.0810817870567, 0.32627255519, 0.00734171358464, 0.721012959323, 0.0624453842405, 0.0312782443325, 0.825573579616, 0.0312859718369, 0.951651049239, 0.394027386271, 7.8402895721
0.102635158553, 0.59687804631, 0.32627255519, 0.0565951470394, 0.295308938493, 0.0154941551153, 0.385191192445, 0.487220234287, 0.221012519063, 0.651038821855, 0.55813143485, 7.81874620264
0.0941036856438, 0.0810817870567, 0.32627255519, 0.00734171358464, 0.721012959323, 0.0624453842405, 0.0312782443325, 0.825573579616, 0.0312859718369, 0.951651049239, 0.394027386271, 7.8402895721
0.102635158553, 0.59687804631, 0.32627255519, 0.0565951470394, 0.295308938493, 0.0154941551153, 0.385191192445, 0.487220234287, 0.221012519063, 0.651038821855, 0.55813143485, 7.81874620264
0.416394961599, 0.886287822366, 0.421456629045, 0.385029908188, 0.0739616092076, 0.125779661045, 0.00691280242727, 0.113338273883, 0.602795899806, 0.212175460711, 0.810933889984, 7.65318238357
0.416394961599, 0.886287822366, 0.421456629045, 0.385029908188, 0.0739616092076, 0.125779661045, 0.00691280242727, 0.113338273883, 0.602795899806, 0.212175460711, 0.810933889984, 7.65318238357
0.416394961599, 0.886287822366, 0.421456629045, 0.385029908188, 0.0739616092076, 0.125779661045, 0.00691280242727, 0.113338273883, 0.602795899806, 0.212175460711, 0.810933889984, 7.65318238357
0.416394961599, 0.886287822366, 0.421456629045, 0.385029908188, 0.0739616092076, 0.125779661045, 0.00691280242727, 0.113338273883, 0.602795899806, 0.212175460711, 0.810933889984, 7.65318238357
0.974695057299, 0.79746426537, 0.0304761588702, 0.501214178369, 0.184248060593, 0.0432024242888, 0.310132513048, 0.690027105434, 0.0556079575433, 0.0631362593626, 0.99981021993, 7.51484433771
0.974695057299, 0.79746426537, 0.0304761588702, 0.501214178369, 0.184248060593, 0.0432024242888, 0.310132513048, 0.690027105434, 0.0556079575433, 0.0631362593626, 0.99981021993, 7.51484433771
0.179401866067, 0.527559550851, 0.392335533249, 0.00289811410725, 0.0519030448246, 0.0187788826389, 0.357551212702, 0.953395159549, 0.240520871259, 0.0043355783039, 0.999911872055, 7.4336269504
0.179401866067, 0.527559550851, 0.392335533249, 0.00289811410725, 0.0519030448246, 0.0187788826389, 0.357551212702, 0.953395159549, 0.240520871259, 0.0043355783039, 0.999911872055, 7.4336269504
0.416394961599, 0.886287822366, 0.434128358662, 0.385029908188, 0.0739616092076, 0.125779661045, 0.00691280242727, 0.113338273883, 0.602795899806, 0.212175460711, 0.810933889984, 7.6608012237
0.416394961599, 0.886287822366, 0.434128358662, 0.385029908188, 0.0739616092076, 0.125779661045, 0.00691280242727, 0.113338273883, 0.602795899806, 0.212175460711, 0.810933889984, 7.6608012237
0.0603157791712, 0.122941306838, 0.305207398319, 0.121813436327, 0.273926702783, 0.105289240694, 0.35203295291, 0.363574504492, 0.636186049882, 0.760873434186, 0.561614143284, 7.82212684973
0.0603157791712, 0.122941306838, 0.305207398319, 0.121813436327, 0.273926702783, 0.105289240694, 0.35203295291, 0.363574504492, 0.636186049882, 0.760873434186, 0.561614143284, 7.82212684973
0.10772161778, 0.267521176062, 0.116438550642, 0.684091268596, 0.503710697298, 0.527047941712, 0.55458380096, 0.174627753828, 0.0271437738548, 0.0188150923324, 0.663298133243, 7.70888954952
0.10772161778, 0.267521176062, 0.116438550642, 0.684091268596, 0.503710697298, 0.527047941712, 0.55458380096, 0.174627753828, 0.0271437738548, 0.0188150923324, 0.663298133243, 7.70888954952
0.992403518354, 0.241897338208, 0.0975632615072, 0.451640874434, 0.35972957436, 0.0108138645535, 0.0249191306063, 0.120598517434, 0.438124709186, 0.837674317198, 0.999999840563, 7.45556144058
0.992403518354, 0.241897338208, 0.0975632615072, 0.451640874434, 0.35972957436, 0.0108138645535, 0.0249191306063, 0.120598517434, 0.438124709186, 0.837674317198, 0.999999840563, 7.45556144058
0.0603157791712, 0.122941306838, 0.184644201338, 0.270045609408, 0.273926702783, 0.39135561182, 0.35203295291, 0.217441791518, 0.498394618941, 0.760873434186, 0.561614143284, 7.83896383432
0.0603157791712, 0.122941306838, 0.184644201338, 0.270045609408, 0.273926702783, 0.39135561182, 0.35203295291, 0.217441791518, 0.498394618941, 0.760873434186, 0.561614143284, 7.83896383432
