0.00219299452975, -3.0344135222, 0.104615113301, 0.254810122865, 0.0456525805813, 4.45706205109, 0.399285146142, -1.51094002097, -0.105634820999, -0.950352522049, 0.00219299452975, 81.4620639328
0.00219299452975, -3.0344135222, 0.104615113301, 0.254810122865, 0.0456525805813, 4.45706205109, 0.399285146142, -1.51094002097, -0.105634820999, -0.950352522049, 0.00219299452975, 81.4620639328
0.000498514706793, 1.72853893805, -3.63215938388, 0.54070671469, 0.929251547035, 4.43809605304, -0.107538269511, -1.49050995018, 1.08859102634, -0.950352522049, 0.000498514706793, 96.1069590485
0.000498514706793, 1.72853893805, -3.63215938388, 0.54070671469, 0.929251547035, 4.43809605304, -0.107538269511, -1.49050995018, 1.08859102634, -0.950352522049, 0.000498514706793, 96.1069590485
3.47142758068e-05, -2.47541236067, 0.936231563658, 1.18710855746, 3.87101779577, 4.98467406499, -2.87593983592, -2.97851056853, 3.47412980049, 2.94002490456, 3.47142758068e-05, 131.814710791
3.47142758068e-05, -2.47541236067, 0.936231563658, 1.18710855746, 3.87101779577, 4.98467406499, -2.87593983592, -2.97851056853, 3.47412980049, 2.94002490456, 3.47142758068e-05, 131.814710791
3.47142758068e-05, -2.47541236067, 0.936231563658, 1.18710855746, 3.87101779577, 4.98467406499, -2.87593983592, -2.97851056853, 3.47412980049, 2.94002490456, 3.47142758068e-05, 131.814710791
3.47142758068e-05, -2.47541236067, 0.936231563658, 1.18710855746, 3.87101779577, 4.98467406499, -2.87593983592, -2.97851056853, 3.47412980049, 2.94002490456, 3.47142758068e-05, 131.814710791
0.000620412046333, 1.96334542706, 2.98878477296, -0.141463405445, 0.923576479714, 1.85657580204, -1.94092410176, 2.90769319462, 1.03802119709, 2.61096211879, 0.000620412046333, 85.9843302997
0.000620412046333, 1.96334542706, 2.98878477296, -0.141463405445, 0.923576479714, 1.85657580204, -1.94092410176, 2.90769319462, 1.03802119709, 2.61096211879, 0.000620412046333, 85.9843302997
0.000138830265371, -2.47541236067, 4.44077847033, -0.46343961427, 4.44788298449, -0.443564013235, -2.29122532785, -1.66043779178, 0.0436083167316, 3.51602353953, 0.000138830265371, 110.710548958
0.000138830265371, -2.47541236067, 4.44077847033, -0.46343961427, 4.44788298449, -0.443564013235, -2.29122532785, -1.66043779178, 0.0436083167316, 3.51602353953, 0.000138830265371, 110.710548958
0.00205516074344, -0.536547027061, 0.300027259157, -0.46343961427, 0.929251547035, 1.20805059328, 3.43049576967, 1.35847992332, 0.427591406428, -0.950352522049, 0.00205516074344, 82.5023079639
0.00205516074344, -0.536547027061, 0.300027259157, -0.46343961427, 0.929251547035, 1.20805059328, 3.43049576967, 1.35847992332, 0.427591406428, -0.950352522049, 0.00205516074344, 82.5023079639
0.138971877949, -2.48635508837, 3.02152647321, 0.00219397700889, -3.99396928252, -0.056852014074, 2.60309817414, -1.34160125708, 0.499343866055, -0.0159798830198, 0.138971877949, 65.6385294573
0.138971877949, -2.48635508837, 3.02152647321, 0.00219397700889, -3.99396928252, -0.056852014074, 2.60309817414, -1.34160125708, 0.499343866055, -0.0159798830198, 0.138971877949, 65.6385294573
0.0943344760402, -2.48635508837, 3.02152647321, 0.00219397700889, -3.99396928252, 2.08949827783, 0.327295690072, -1.34160125708, 0.499343866055, -0.0159798830198, 0.0943344760402, 74.9321322315
0.0943344760402, -2.48635508837, 3.02152647321, 0.00219397700889, -3.99396928252, 2.08949827783, 0.327295690072, -1.34160125708, 0.499343866055, -0.0159798830198, 0.0943344760402, 74.9321322315
7.82907669866e-05, -2.26808643116, 0.922956074379, -1.49302729174, 2.18547451346, 0.777211003315, -1.71226711143, -4.47303131704, 0.125334603258, 0.335303620352, 7.82907669866e-05, 142.388107887
7.82907669866e-05, -2.26808643116, 0.922956074379, -1.49302729174, 2.18547451346, 0.777211003315, -1.71226711143, -4.47303131704, 0.125334603258, 0.335303620352, 7.82907669866e-05, 142.388107887
4.74451883379e-05, -2.47541236067, 0.936231563658, 1.18710855746, 4.80888354673, 4.98467406499, -2.33660903089, -2.97851056853, 3.47412980049, 2.94002490456, 4.74451883379e-05, 148.786279337
4.74451883379e-05, -2.47541236067, 0.936231563658, 1.18710855746, 4.80888354673, 4.98467406499, -2.33660903089, -2.97851056853, 3.47412980049, 2.94002490456, 4.74451883379e-05, 148.786279337
9.09550118042e-05, 1.72853893805, -4.10946588511, -2.88409323732, 0.929251547035, 4.43809605304, 3.43049576967, 0.782371350226, -0.105634820999, -0.950352522049, 9.09550118042e-05, 138.417958203
9.09550118042e-05, 1.72853893805, -4.10946588511, -2.88409323732, 0.929251547035, 4.43809605304, 3.43049576967, 0.782371350226, -0.105634820999, -0.950352522049, 9.09550118042e-05, 138.417958203
0.0016097050885, -2.39321339098, 3.05108356193, -0.141463405445, 0.0456525805813, 4.45706205109, 2.14620669066, -1.51094002097, -0.105634820999, -0.950352522049, 0.0016097050885, 90.7272762461
0.0016097050885, -2.39321339098, 3.05108356193, -0.141463405445, 0.0456525805813, 4.45706205109, 2.14620669066, -1.51094002097, -0.105634820999, -0.950352522049, 0.0016097050885, 90.7272762461
0.000620412046333, 1.96334542706, 2.98878477296, -0.141463405445, 0.923576479714, 1.85657580204, -1.94092410176, 3.34870709295, 1.03802119709, 2.61096211879, 0.000620412046333, 95.9815126668
0.000620412046333, 1.96334542706, 2.98878477296, -0.141463405445, 0.923576479714, 1.85657580204, -1.94092410176, 3.34870709295, 1.03802119709, 2.61096211879, 0.000620412046333, 95.9815126668
0.000620412046333, 1.96334542706, 2.98878477296, -0.141463405445, 0.923576479714, 1.85657580204, -1.94092410176, 3.34870709295, 1.03802119709, 2.61096211879, 0.000620412046333, 95.9815126668
0.000620412046333, 1.96334542706, 2.98878477296, -0.141463405445, 0.923576479714, 1.85657580204, -1.94092410176, 3.34870709295, 1.03802119709, 2.61096211879, 0.000620412046333, 95.9815126668
0.000138830265371, -2.47541236067, -0.427984433398, 1.05369599326, 4.00777222482, 4.98734367205, -3.66882825585, -2.97851056853, -1.1679581274, 0.41677560604, 0.000138830265371, 115.612222582
0.000138830265371, -2.47541236067, -0.427984433398, 1.05369599326, 4.00777222482, 4.98734367205, -3.66882825585, -2.97851056853, -1.1679581274, 0.41677560604, 0.000138830265371, 115.612222582
0.00919562231547, 1.02466031067, -0.427984433398, -2.55631653896, 2.03311602228, -2.1530032727, -2.90269242417, 2.30980336117, 0.544239383082, 0.41677560604, 0.00919562231547, 83.158983314
0.00919562231547, 1.02466031067, -0.427984433398, -2.55631653896, 2.03311602228, -2.1530032727, -2.90269242417, 2.30980336117, 0.544239383082, 0.41677560604, 0.00919562231547, 83.158983314
0.138971877949, -2.48635508837, 3.02152647321, 0.00219397700889, -3.99396928252, -0.056852014074, 0.327295690072, -1.34160125708, 0.499343866055, -0.0159798830198, 0.138971877949, 67.3292380065
0.138971877949, -2.48635508837, 3.02152647321, 0.00219397700889, -3.99396928252, -0.056852014074, 0.327295690072, -1.34160125708, 0.499343866055, -0.0159798830198, 0.138971877949, 67.3292380065
0.138310955941, -2.48635508837, 2.98735870871, 0.00219397700889, 1.02872703447, 2.08949827783, 0.327295690072, 1.01698994279, -1.61375195428, -0.209697905379, 0.138310955941, 75.1310519482
0.138310955941, -2.48635508837, 2.98735870871, 0.00219397700889, 1.02872703447, 2.08949827783, 0.327295690072, 1.01698994279, -1.61375195428, -0.209697905379, 0.138310955941, 75.1310519482
4.74451883379e-05, -2.47541236067, 0.936231563658, 1.18710855746, 3.87101779577, 4.98467406499, -2.33660903089, -2.97851056853, 3.47412980049, 4.16827785862, 4.74451883379e-05, 154.957828898
4.74451883379e-05, -2.47541236067, 0.936231563658, 1.18710855746, 3.87101779577, 4.98467406499, -2.33660903089, -2.97851056853, 3.47412980049, 4.16827785862, 4.74451883379e-05, 154.957828898
7.82907669866e-05, -2.26808643116, -4.98474806468, -1.49302729174, 3.49080392745, 0.777211003315, -1.71226711143, -4.47303131704, 0.125334603258, 0.654136894483, 7.82907669866e-05, 151.934105135
7.82907669866e-05, -2.26808643116, -4.98474806468, -1.49302729174, 3.49080392745, 0.777211003315, -1.71226711143, -4.47303131704, 0.125334603258, 0.654136894483, 7.82907669866e-05, 151.934105135
9.09550118042e-05, -2.47541236067, 0.936231563658, -0.533289581235, 3.87101779577, 4.98467406499, 2.06180166902, -4.98585387313, 2.11619857375, 4.67500860225, 9.09550118042e-05, 146.427306513
9.09550118042e-05, -2.47541236067, 0.936231563658, -0.533289581235, 3.87101779577, 4.98467406499, 2.06180166902, -4.98585387313, 2.11619857375, 4.67500860225, 9.09550118042e-05, 146.427306513
9.09550118042e-05, -2.47541236067, 0.936231563658, -0.533289581235, 3.87101779577, 4.98467406499, 2.06180166902, -4.98585387313, 2.11619857375, 4.67500860225, 9.09550118042e-05, 146.427306513
9.09550118042e-05, -2.47541236067, 0.936231563658, -0.533289581235, 3.87101779577, 4.98467406499, 2.06180166902, -4.98585387313, 2.11619857375, 4.67500860225, 9.09550118042e-05, 146.427306513
0.00219299452975, -1.66481021844, -3.63215938388, 0.54070671469, 0.929251547035, 4.43809605304, 1.48560188586, -3.0107874116, 1.08859102634, -0.950352522049, 0.00219299452975, 92.448147148
0.00219299452975, -1.66481021844, -3.63215938388, 0.54070671469, 0.929251547035, 4.43809605304, 1.48560188586, -3.0107874116, 1.08859102634, -0.950352522049, 0.00219299452975, 92.448147148
0.000620412046333, 1.96334542706, 1.71632925002, -0.141463405445, 0.923576479714, 1.85657580204, -1.94092410176, 3.34870709295, 1.03802119709, 2.61096211879, 0.000620412046333, 109.013442127
0.000620412046333, 1.96334542706, 1.71632925002, -0.141463405445, 0.923576479714, 1.85657580204, -1.94092410176, 3.34870709295, 1.03802119709, 2.61096211879, 0.000620412046333, 109.013442127
0.000138830265371, -2.47541236067, 4.44077847033, -0.46343961427, 3.87101779577, -0.443564013235, 3.90322709084, -1.66043779178, 3.41656431418, 3.51602353953, 0.000138830265371, 127.38508782
0.000138830265371, -2.47541236067, 4.44077847033, -0.46343961427, 3.87101779577, -0.443564013235, 3.90322709084, -1.66043779178, 3.41656431418, 3.51602353953, 0.000138830265371, 127.38508782
0.0232522950813, -0.536547027061, 4.44077847033, -0.46343961427, 1.58482602852, -0.443564013235, 3.90322709084, 1.35847992332, 0.427591406428, 3.51602353953, 0.0232522950813, 88.5005974145
0.0232522950813, -0.536547027061, 4.44077847033, -0.46343961427, 1.58482602852, -0.443564013235, 3.90322709084, 1.35847992332, 0.427591406428, 3.51602353953, 0.0232522950813, 88.5005974145
0.138298885646, -2.48635508837, 3.02152647321, 0.00219397700889, -3.99396928252, -0.354952863406, 3.6454066579, 1.01698994279, -1.8994001343, -0.0159798830198, 0.138298885646, 83.3017785893
0.138298885646, -2.48635508837, 3.02152647321, 0.00219397700889, -3.99396928252, -0.354952863406, 3.6454066579, 1.01698994279, -1.8994001343, -0.0159798830198, 0.138298885646, 83.3017785893
0.602795812139, -0.050816978745, -0.519731139321, -1.04416171766, -2.43407941672, -1.9881039756, 1.49578284958, 0.805495845985, 1.12212597399, 0.290595065965, 0.602795812139, 69.6378904177
0.602795812139, -0.050816978745, -0.519731139321, -1.04416171766, -2.43407941672, -1.9881039756, 1.49578284958, 0.805495845985, 1.12212597399, 0.290595065965, 0.602795812139, 69.6378904177
0.138971877949, -2.48635508837, 3.02152647321, 0.00219397700889, -3.99396928252, 2.08949827783, 0.327295690072, 1.01698994279, -1.8994001343, -0.0159798830198, 0.138971877949, 70.6581748811
0.138971877949, -2.48635508837, 3.02152647321, 0.00219397700889, -3.99396928252, 2.08949827783, 0.327295690072, 1.01698994279, -1.8994001343, -0.0159798830198, 0.138971877949, 70.6581748811
0.138971877949, -2.48635508837, 3.02152647321, 0.00219397700889, -3.99396928252, 2.08949827783, 0.327295690072, 1.01698994279, -1.8994001343, -0.0159798830198, 0.138971877949, 70.6581748811
0.138971877949, -2.48635508837, 3.02152647321, 0.00219397700889, -3.99396928252, 2.08949827783, 0.327295690072, 1.01698994279, -1.8994001343, -0.0159798830198, 0.138971877949, 70.6581748811
5.55782844567e-05, -3.87407788128, -4.84180191299, -1.80277093826, 2.18547451346, 0.777211003315, -0.062789592886, -4.47303131704, -0.571490893809, -2.23855143621, 5.55782844567e-05, 178.981153577
5.55782844567e-05, -3.87407788128, -4.84180191299, -1.80277093826, 2.18547451346, 0.777211003315, -0.062789592886, -4.47303131704, -0.571490893809, -2.23855143621, 5.55782844567e-05, 178.981153577
5.80134132985e-05, -2.47541236067, 0.936231563658, 1.05369599326, 4.00777222482, 4.98467406499, -3.25265911843, -3.64606689361, 3.47412980049, 4.67500860225, 5.80134132985e-05, 162.776114376
5.80134132985e-05, -2.47541236067, 0.936231563658, 1.05369599326, 4.00777222482, 4.98467406499, -3.25265911843, -3.64606689361, 3.47412980049, 4.67500860225, 5.80134132985e-05, 162.776114376
5.80134132985e-05, -2.47541236067, 0.936231563658, 1.05369599326, 4.00777222482, 4.98467406499, -3.25265911843, -3.64606689361, 3.47412980049, 4.67500860225, 5.80134132985e-05, 162.776114376
5.80134132985e-05, -2.47541236067, 0.936231563658, 1.05369599326, 4.00777222482, 4.98467406499, -3.25265911843, -3.64606689361, 3.47412980049, 4.67500860225, 5.80134132985e-05, 162.776114376
7.82907669866e-05, 1.06264415368, -4.85758876383, -1.49302729174, 2.18547451346, -3.58251381272, -1.71226711143, -4.56033077911, 0.913602749021, -2.23855143621, 7.82907669866e-05, 158.959357038
7.82907669866e-05, 1.06264415368, -4.85758876383, -1.49302729174, 2.18547451346, -3.58251381272, -1.71226711143, -4.56033077911, 0.913602749021, -2.23855143621, 7.82907669866e-05, 158.959357038
0.00219299452975, 1.72853893805, -3.63215938388, 0.54070671469, 0.929251547035, 4.43809605304, -0.107538269511, -1.49050995018, 1.08859102634, -0.950352522049, 0.00219299452975, 96.106959001
0.00219299452975, 1.72853893805, -3.63215938388, 0.54070671469, 0.929251547035, 4.43809605304, -0.107538269511, -1.49050995018, 1.08859102634, -0.950352522049, 0.00219299452975, 96.106959001
0.00205516074344, 1.72853893805, -3.63215938388, 0.54070671469, 0.929251547035, 4.43809605304, 3.43049576967, 0.782371350226, -0.105634820999, -0.950352522049, 0.00205516074344, 121.955628744
0.00205516074344, 1.72853893805, -3.63215938388, 0.54070671469, 0.929251547035, 4.43809605304, 3.43049576967, 0.782371350226, -0.105634820999, -0.950352522049, 0.00205516074344, 121.955628744
0.00205516074344, 1.72853893805, -3.63215938388, 0.54070671469, 0.929251547035, 4.43809605304, 3.43049576967, 0.782371350226, -0.105634820999, -0.950352522049, 0.00205516074344, 121.955628744
0.00205516074344, 1.72853893805, -3.63215938388, 0.54070671469, 0.929251547035, 4.43809605304, 3.43049576967, 0.782371350226, -0.105634820999, -0.950352522049, 0.00205516074344, 121.955628744
0.0015998600033, 4.14161489043, -3.75239923053, 2.44458258304, 0.0456525805813, 1.85657580204, -1.94092410176, -1.68993348436, 1.46125428406, -0.950352522049, 0.0015998600033, 122.573334795
0.0015998600033, 4.14161489043, -3.75239923053, 2.44458258304, 0.0456525805813, 1.85657580204, -1.94092410176, -1.68993348436, 1.46125428406, -0.950352522049, 0.0015998600033, 122.573334795
0.0015998600033, 4.14161489043, -3.75239923053, 2.44458258304, 0.0456525805813, 1.85657580204, -1.94092410176, -1.68993348436, 1.46125428406, -0.950352522049, 0.0015998600033, 122.573334795
0.0015998600033, 4.14161489043, -3.75239923053, 2.44458258304, 0.0456525805813, 1.85657580204, -1.94092410176, -1.68993348436, 1.46125428406, -0.950352522049, 0.0015998600033, 122.573334795
0.000138830265371, -2.47541236067, 0.936231563658, 1.05369599326, 4.00777222482, 4.98467406499, -3.66882825585, -2.97851056853, -0.105634820999, 4.67500860225, 0.000138830265371, 139.227408609
0.000138830265371, -2.47541236067, 0.936231563658, 1.05369599326, 4.00777222482, 4.98467406499, -3.66882825585, -2.97851056853, -0.105634820999, 4.67500860225, 0.000138830265371, 139.227408609
0.0956921862645, -1.02705940687, -1.66261054831, 2.03652034926, 3.35558992604, 1.9983381923, 0.95668634001, -2.98713063072, -0.0254441037705, -4.37629558891, 0.0956921862645, 93.7069690186
0.0956921862645, -1.02705940687, -1.66261054831, 2.03652034926, 3.35558992604, 1.9983381923, 0.95668634001, -2.98713063072, -0.0254441037705, -4.37629558891, 0.0956921862645, 93.7069690186
0.11659672779, -2.48635508837, 3.02152647321, 0.00219397700889, -4.04135862478, 2.08949827783, 0.327295690072, 1.01698994279, -1.61375195428, -0.209697905379, 0.11659672779, 91.5244264786
0.11659672779, -2.48635508837, 3.02152647321, 0.00219397700889, -4.04135862478, 2.08949827783, 0.327295690072, 1.01698994279, -1.61375195428, -0.209697905379, 0.11659672779, 91.5244264786
0.0250261814076, -1.02705940687, -1.66261054831, 2.03652034926, 3.35558992604, -0.427585021764, 0.95668634001, -2.98713063072, -0.0254441037705, -4.37629558891, 0.0250261814076, 93.7568439099
0.0250261814076, -1.02705940687, -1.66261054831, 2.03652034926, 3.35558992604, -0.427585021764, 0.95668634001, -2.98713063072, -0.0254441037705, -4.37629558891, 0.0250261814076, 93.7568439099
0.311576983613, -2.48635508837, 0.442263954187, 0.00219397700889, -3.99396928252, 2.08949827783, 0.327295690072, 1.01698994279, -0.333614317341, 0.0749250979865, 0.311576983613, 72.2882744112
0.311576983613, -2.48635508837, 0.442263954187, 0.00219397700889, -3.99396928252, 2.08949827783, 0.327295690072, 1.01698994279, -0.333614317341, 0.0749250979865, 0.311576983613, 72.2882744112
0.138971877949, -2.48635508837, 3.02152647321, 0.00219397700889, -3.99396928252, 2.08949827783, 0.327295690072, -1.34160125708, 0.499343866055, -0.0159798830198, 0.138971877949, 74.9319932501
0.138971877949, -2.48635508837, 3.02152647321, 0.00219397700889, -3.99396928252, 2.08949827783, 0.327295690072, -1.34160125708, 0.499343866055, -0.0159798830198, 0.138971877949, 74.9319932501
0.602795812139, -0.050816978745, -0.519731139321, -1.04416171766, -2.43407941672, -1.9881039756, 1.49578284958, 0.805495845985, 1.13789394219, 0.290595065965, 0.602795812139, 71.6479749846
0.602795812139, -0.050816978745, -0.519731139321, -1.04416171766, -2.43407941672, -1.9881039756, 1.49578284958, 0.805495845985, 1.13789394219, 0.290595065965, 0.602795812139, 71.6479749846
5.55782844567e-05, -2.77577232077, -4.84180191299, -1.49302729174, 2.18547451346, 0.777211003315, -1.71226711143, -4.47303131704, 0.125334603258, -2.23855143621, 5.55782844567e-05, 187.008585401
5.55782844567e-05, -2.77577232077, -4.84180191299, -1.49302729174, 2.18547451346, 0.777211003315, -1.71226711143, -4.47303131704, 0.125334603258, -2.23855143621, 5.55782844567e-05, 187.008585401
0.473150281123, -2.4852484516, -4.96488334914, 0.44826030028, 0.0212555607405, 2.03153484198, 1.16715955614, 2.41604439776, 1.53631738513, 1.4770126318, 0.473150281123, 73.7517130026
0.473150281123, -2.4852484516, -4.96488334914, 0.44826030028, 0.0212555607405, 2.03153484198, 1.16715955614, 2.41604439776, 1.53631738513, 1.4770126318, 0.473150281123, 73.7517130026
0.138971877949, 1.45745585701, 0.569429774854, 0.00219397700889, -3.99396928252, 2.08949827783, 0.327295690072, 1.01698994279, -1.75805349202, 0.0749250979865, 0.138971877949, 78.6200708065
0.00219299452975, -2.39321339098, 2.14587517211, -0.141463405445, 0.0456525805813, 4.45706205109, 2.14620669066, -1.51094002097, -0.105634820999, -0.950352522049, 0.00219299452975, 96.6256011459
