0.218605316166, -2.4852484516, -2.98668760358, 4.96241846391, 0.0212555607405, 1.1162160804, 1.16715955614, -0.934140158914, 2.34919693002, -1.65477261261, 0.218605316166, 108.246621967
0.218605316166, -2.4852484516, -2.98668760358, 4.96241846391, 0.0212555607405, 1.1162160804, 1.16715955614, -0.934140158914, 2.34919693002, -1.65477261261, 0.218605316166, 108.246621967
0.0373777093606, -1.96704749069, 2.56338474146, -2.25190214093, 2.08111949802, 4.91474511297, -0.352491279486, 0.0873448928949, -1.1292302592, 2.23654199804, 0.0373777093606, 133.850490767
0.0373777093606, -1.96704749069, 2.56338474146, -2.25190214093, 2.08111949802, 4.91474511297, -0.352491279486, 0.0873448928949, -1.1292302592, 2.23654199804, 0.0373777093606, 133.850490767
0.0397182562031, -0.109536537581, -4.35160775871, -0.141463405445, -0.153637406897, 1.85657580204, 3.43049576967, -1.51094002097, -0.105634820999, -0.950352522049, 0.0397182562031, 110.387755976
0.0397182562031, -0.109536537581, -4.35160775871, -0.141463405445, -0.153637406897, 1.85657580204, 3.43049576967, -1.51094002097, -0.105634820999, -0.950352522049, 0.0397182562031, 110.387755976
0.00300961385543, -0.317845843903, -2.11059337648, 2.64340215935, -4.03990173404, -3.58251381272, -0.218751901441, -4.21290287171, -2.83094859947, -1.87224539463, 0.00300961385543, 178.003479699
0.00300961385543, -0.317845843903, -2.11059337648, 2.64340215935, -4.03990173404, -3.58251381272, -0.218751901441, -4.21290287171, -2.83094859947, -1.87224539463, 0.00300961385543, 178.003479699
0.0126714747808, 2.77748441013, 3.45646816451, 0.513521712436, -2.40259925425, 0.337132142206, 2.9396614739, -3.29246940303, -3.95969737659, -1.3323920749, 0.0126714747808, 143.648874948
0.0126714747808, 2.77748441013, 3.45646816451, 0.513521712436, -2.40259925425, 0.337132142206, 2.9396614739, -3.29246940303, -3.95969737659, -1.3323920749, 0.0126714747808, 143.648874948
0.0126714747808, 2.77748441013, 3.45646816451, 0.513521712436, -2.40259925425, 0.337132142206, 2.9396614739, -3.29246940303, -3.95969737659, -1.3323920749, 0.0126714747808, 143.648874948
0.0126714747808, 2.77748441013, 3.45646816451, 0.513521712436, -2.40259925425, 0.337132142206, 2.9396614739, -3.29246940303, -3.95969737659, -1.3323920749, 0.0126714747808, 143.648874948
0.329062546859, 2.97519321596, 2.94393299731, 1.93300397909, -0.0498099046338, 4.99566070836, -0.375234893408, 1.33226108898, -0.42997295364, -0.979855947253, 0.329062546859, 87.4205541227
0.329062546859, 2.97519321596, 2.94393299731, 1.93300397909, -0.0498099046338, 4.99566070836, -0.375234893408, 1.33226108898, -0.42997295364, -0.979855947253, 0.329062546859, 87.4205541227
0.0373777093606, 0.125079050229, 2.56338474146, -2.25190214093, 2.08111949802, 4.91474511297, -0.352491279486, 0.0873448928949, -1.1292302592, 2.23654199804, 0.0373777093606, 139.16160843
0.0373777093606, 0.125079050229, 2.56338474146, -2.25190214093, 2.08111949802, 4.91474511297, -0.352491279486, 0.0873448928949, -1.1292302592, 2.23654199804, 0.0373777093606, 139.16160843
0.113501064351, 1.13457923506, 1.96186950758, -1.3813745177, -0.543209577283, -4.63427751923, -2.98297269867, -2.78155847034, 0.544239383082, -1.81499206582, 0.113501064351, 121.973882725
0.113501064351, 1.13457923506, 1.96186950758, -1.3813745177, -0.543209577283, -4.63427751923, -2.98297269867, -2.78155847034, 0.544239383082, -1.81499206582, 0.113501064351, 121.973882725
0.218605316166, -2.4852484516, -2.98668760358, 4.96241846391, 0.0212555607405, 1.1162160804, -2.34453590506, -0.934140158914, -0.255888302068, -1.65477261261, 0.218605316166, 112.396489227
0.218605316166, -2.4852484516, -2.98668760358, 4.96241846391, 0.0212555607405, 1.1162160804, -2.34453590506, -0.934140158914, -0.255888302068, -1.65477261261, 0.218605316166, 112.396489227
0.0397182562031, -0.259920928024, -4.35160775871, -0.141463405445, -0.153637406897, 1.85657580204, 3.43049576967, -1.51094002097, -0.105634820999, -0.950352522049, 0.0397182562031, 122.29669534
0.0397182562031, -0.259920928024, -4.35160775871, -0.141463405445, -0.153637406897, 1.85657580204, 3.43049576967, -1.51094002097, -0.105634820999, -0.950352522049, 0.0397182562031, 122.29669534
0.00300961385543, -2.77577232077, -2.11059337648, 2.64340215935, -4.54370862032, -3.58251381272, -0.218751901441, -4.21290287171, 0.125334603258, -1.87224539463, 0.00300961385543, 179.857653855
0.00300961385543, -2.77577232077, -2.11059337648, 2.64340215935, -4.54370862032, -3.58251381272, -0.218751901441, -4.21290287171, 0.125334603258, -1.87224539463, 0.00300961385543, 179.857653855
0.0277577001963, -0.536547027061, 2.99217438127, -0.46343961427, 3.5945022037, 4.73156358949, 3.90322709084, 1.35847992332, 3.70512105445, -0.0674111237106, 0.0277577001963, 145.109798388
0.0277577001963, -0.536547027061, 2.99217438127, -0.46343961427, 3.5945022037, 4.73156358949, 3.90322709084, 1.35847992332, 3.70512105445, -0.0674111237106, 0.0277577001963, 145.109798388
0.362822643543, 1.37713718146, -1.38824189465, 2.03652034926, 2.3278089788, -0.427585021764, 0.95668634001, -0.837134036191, 2.13112848374, -2.03529726478, 0.362822643543, 91.1953781931
0.362822643543, 1.37713718146, -1.38824189465, 2.03652034926, 2.3278089788, -0.427585021764, 0.95668634001, -0.837134036191, 2.13112848374, -2.03529726478, 0.362822643543, 91.1953781931
0.222591054328, -3.03544564782, -0.147502163282, -2.61982734842, 0.398193096602, 4.28335814025, 0.958929468269, -0.133869175597, 0.624720942531, 0.585747502257, 0.222591054328, 114.297063534
0.222591054328, -3.03544564782, -0.147502163282, -2.61982734842, 0.398193096602, 4.28335814025, 0.958929468269, -0.133869175597, 0.624720942531, 0.585747502257, 0.222591054328, 114.297063534
0.190929514765, -3.19355602663, -4.07277265735, -2.61982734842, 0.398193096602, -2.19678866147, 0.958929468269, -0.133869175597, 0.624720942531, 0.585747502257, 0.190929514765, 124.759137248
0.190929514765, -3.19355602663, -4.07277265735, -2.61982734842, 0.398193096602, -2.19678866147, 0.958929468269, -0.133869175597, 0.624720942531, 0.585747502257, 0.190929514765, 124.759137248
0.113501064351, 1.13457923506, 1.96186950758, -1.3813745177, -0.543209577283, -4.63427751923, -0.146438321361, -2.78155847034, 0.544239383082, -1.81499206582, 0.113501064351, 125.530706583
0.113501064351, 1.13457923506, 1.96186950758, -1.3813745177, -0.543209577283, -4.63427751923, -0.146438321361, -2.78155847034, 0.544239383082, -1.81499206582, 0.113501064351, 125.530706583
0.0277577001963, -0.536547027061, 2.99217438127, -0.46343961427, 2.31991045562, 4.73156358949, 3.90322709084, 1.35847992332, 3.70512105445, -0.0674111237106, 0.0277577001963, 147.693578178
0.0277577001963, -0.536547027061, 2.99217438127, -0.46343961427, 2.31991045562, 4.73156358949, 3.90322709084, 1.35847992332, 3.70512105445, -0.0674111237106, 0.0277577001963, 147.693578178
0.362822643543, 1.37713718146, -1.38824189465, 2.51211902908, 2.3278089788, -0.427585021764, 0.95668634001, -0.837134036191, 2.13112848374, -2.03529726478, 0.362822643543, 92.4397430073
0.362822643543, 1.37713718146, -1.38824189465, 2.51211902908, 2.3278089788, -0.427585021764, 0.95668634001, -0.837134036191, 2.13112848374, -2.03529726478, 0.362822643543, 92.4397430073
0.338685883312, -2.82730580599, -1.23682788806, -0.608740035068, -2.0191797586, 0.805405677357, -3.23453002201, -0.440649776642, -2.03361783651, 0.495581460785, 0.338685883312, 115.453956653
0.338685883312, -2.82730580599, -1.23682788806, -0.608740035068, -2.0191797586, 0.805405677357, -3.23453002201, -0.440649776642, -2.03361783651, 0.495581460785, 0.338685883312, 115.453956653
0.134719772207, -2.47541236067, 0.922289632429, 4.18009443905, -0.963703633712, 4.97900906094, 2.06180166902, -2.97851056853, 3.48425088004, 4.67500860225, 0.134719772207, 140.218507749
0.134719772207, -2.47541236067, 0.922289632429, 4.18009443905, -0.963703633712, 4.97900906094, 2.06180166902, -2.97851056853, 3.48425088004, 4.67500860225, 0.134719772207, 140.218507749
0.163896628251, -2.48635508837, 0.442263954187, -3.11751029801, 1.26323273188, 2.08949827783, -2.16513667679, 0.945475274866, -1.75805349202, -4.5835702329, 0.163896628251, 132.076440488
0.163896628251, -2.48635508837, 0.442263954187, -3.11751029801, 1.26323273188, 2.08949827783, -2.16513667679, 0.945475274866, -1.75805349202, -4.5835702329, 0.163896628251, 132.076440488
0.0657059351012, -2.38975789799, 0.147934383113, -4.5404584828, -2.77623551845, 4.94243973921, -3.09202433455, -0.560213387598, -1.54415696262, -2.18914171841, 0.0657059351012, 148.181809474
0.0657059351012, -2.38975789799, 0.147934383113, -4.5404584828, -2.77623551845, 4.94243973921, -3.09202433455, -0.560213387598, -1.54415696262, -2.18914171841, 0.0657059351012, 148.181809474
0.06331350074, 0.687272573804, 0.480571892763, -1.81240346743, 1.16565877314, 1.19259618636, -3.28396017547, 2.81473983279, 2.79357613569, 0.679426854746, 0.06331350074, 172.396772049
0.06331350074, 0.687272573804, 0.480571892763, -1.81240346743, 1.16565877314, 1.19259618636, -3.28396017547, 2.81473983279, 2.79357613569, 0.679426854746, 0.06331350074, 172.396772049
0.0352737764321, 4.37378722455, 3.63956470635, 2.5362100599, 0.161946243435, -4.51056049899, -4.78679636961, 1.74174643545, 1.41901421121, 1.4480390391, 0.0352737764321, 173.493357091
0.0352737764321, 4.37378722455, 3.63956470635, 2.5362100599, 0.161946243435, -4.51056049899, -4.78679636961, 1.74174643545, 1.41901421121, 1.4480390391, 0.0352737764321, 173.493357091
0.554545246194, -0.948368671046, 1.14446245942, -4.99460943803, -3.50349224361, -1.47145389991, -0.726759600863, -3.49883066426, 1.00982360259, -3.59745714391, 0.554545246194, 110.707439772
0.554545246194, -0.948368671046, 1.14446245942, -4.99460943803, -3.50349224361, -1.47145389991, -0.726759600863, -3.49883066426, 1.00982360259, -3.59745714391, 0.554545246194, 110.707439772
0.554545246194, -0.948368671046, 1.14446245942, -4.99460943803, -3.50349224361, -1.47145389991, -0.726759600863, -3.49883066426, 1.00982360259, -3.59745714391, 0.554545246194, 110.707439772
0.554545246194, -0.948368671046, 1.14446245942, -4.99460943803, -3.50349224361, -1.47145389991, -0.726759600863, -3.49883066426, 1.00982360259, -3.59745714391, 0.554545246194, 110.707439772
0.520798330738, -0.0670607723128, -3.50373372917, 1.95036445536, -0.0595350155357, -2.27156009219, -0.60446318104, -4.61024556217, -2.02689731928, -3.12554435152, 0.520798330738, 111.526523491
0.520798330738, -0.0670607723128, -3.50373372917, 1.95036445536, -0.0595350155357, -2.27156009219, -0.60446318104, -4.61024556217, -2.02689731928, -3.12554435152, 0.520798330738, 111.526523491
0.706126109513, 0.876639659663, 2.60272515658, -3.0941305387, -0.499359459989, -2.15817353701, 2.36309340668, 2.92278312276, -0.0936321178101, -1.54234132775, 0.706126109513, 100.213195229
0.706126109513, 0.876639659663, 2.60272515658, -3.0941305387, -0.499359459989, -2.15817353701, 2.36309340668, 2.92278312276, -0.0936321178101, -1.54234132775, 0.706126109513, 100.213195229
0.706126109513, 0.876639659663, 2.60272515658, -3.0941305387, -0.499359459989, -2.15817353701, 2.36309340668, 2.92278312276, -0.0936321178101, -1.54234132775, 0.706126109513, 100.213195229
0.706126109513, 0.876639659663, 2.60272515658, -3.0941305387, -0.499359459989, -2.15817353701, 2.36309340668, 2.92278312276, -0.0936321178101, -1.54234132775, 0.706126109513, 100.213195229
0.519989833219, -3.39635887616, -0.591183118368, -3.36510998303, -0.880715345061, -2.06860853487, 2.14194409456, -0.541845063135, 1.81508378426, 1.64630284499, 0.519989833219, 120.334052198
0.519989833219, -3.39635887616, -0.591183118368, -3.36510998303, -0.880715345061, -2.06860853487, 2.14194409456, -0.541845063135, 1.81508378426, 1.64630284499, 0.519989833219, 120.334052198
0.152803397339, -2.91828188358, 3.47213904816, -4.01643924255, -1.77144664548, 4.45804075133, 0.891502498882, 4.58798137906, -0.971513102076, 1.75794726185, 0.152803397339, 147.275450328
0.152803397339, -2.91828188358, 3.47213904816, -4.01643924255, -1.77144664548, 4.45804075133, 0.891502498882, 4.58798137906, -0.971513102076, 1.75794726185, 0.152803397339, 147.275450328
0.222383977932, -2.30383637938, 0.580099329395, -1.88385514391, 1.18910412632, -1.49411991845, 1.81454958359, 2.4091460257, -2.27242064049, 3.93403199381, 0.222383977932, 137.730523619
0.222383977932, -2.30383637938, 0.580099329395, -1.88385514391, 1.18910412632, -1.49411991845, 1.81454958359, 2.4091460257, -2.27242064049, 3.93403199381, 0.222383977932, 137.730523619
0.232997154297, 2.45636874252, 0.470199915846, -1.27743736938, -1.58479473967, -3.36288074121, 0.624399479405, 3.63184762031, -2.46499569784, -3.24368688055, 0.232997154297, 132.836439997
0.232997154297, 2.45636874252, 0.470199915846, -1.27743736938, -1.58479473967, -3.36288074121, 0.624399479405, 3.63184762031, -2.46499569784, -3.24368688055, 0.232997154297, 132.836439997
0.232997154297, 2.45636874252, 0.470199915846, -1.27743736938, -1.58479473967, -3.36288074121, 0.624399479405, 3.63184762031, -2.46499569784, -3.24368688055, 0.232997154297, 132.836439997
0.232997154297, 2.45636874252, 0.470199915846, -1.27743736938, -1.58479473967, -3.36288074121, 0.624399479405, 3.63184762031, -2.46499569784, -3.24368688055, 0.232997154297, 132.836439997
0.121722757693, 0.931647374445, -1.34726568342, -1.9295589714, -1.46286261913, 1.10448644145, -4.33980580153, -0.207688860223, -4.8520133285, -2.28480479398, 0.121722757693, 152.283322005
0.121722757693, 0.931647374445, -1.34726568342, -1.9295589714, -1.46286261913, 1.10448644145, -4.33980580153, -0.207688860223, -4.8520133285, -2.28480479398, 0.121722757693, 152.283322005
0.0855769535073, 0.329302724184, 1.24693260176, -4.17907853035, 0.246219025656, 1.09830248846, 2.27532857362, -1.39463251849, 2.24331463397, 0.392327776806, 0.0855769535073, 166.968930331
0.0855769535073, 0.329302724184, 1.24693260176, -4.17907853035, 0.246219025656, 1.09830248846, 2.27532857362, -1.39463251849, 2.24331463397, 0.392327776806, 0.0855769535073, 166.968930331
0.0759147135892, -1.82466197614, 4.51157958612, 0.680627725264, 4.76638611771, 1.99409977941, -4.14296560532, -1.65770101422, 4.41364641426, -0.993202266882, 0.0759147135892, 176.091401315
0.0759147135892, -1.82466197614, 4.51157958612, 0.680627725264, 4.76638611771, 1.99409977941, -4.14296560532, -1.65770101422, 4.41364641426, -0.993202266882, 0.0759147135892, 176.091401315
0.0352737764321, 4.37378722455, 3.63956470635, 1.79156507701, 0.161946243435, -4.51056049899, -4.78679636961, 1.74174643545, 1.41901421121, 1.4480390391, 0.0352737764321, 187.919814334
0.0352737764321, 4.37378722455, 3.63956470635, 1.79156507701, 0.161946243435, -4.51056049899, -4.78679636961, 1.74174643545, 1.41901421121, 1.4480390391, 0.0352737764321, 187.919814334
0.06331350074, 0.687272573804, 0.480571892763, -1.81240346743, 1.16565877314, 1.19259618636, -3.28396017547, 2.81473983279, 2.79357613569, 3.80385326638, 0.06331350074, 187.882056674
0.06331350074, 0.687272573804, 0.480571892763, -1.81240346743, 1.16565877314, 1.19259618636, -3.28396017547, 2.81473983279, 2.79357613569, 3.80385326638, 0.06331350074, 187.882056674
0.779894577726, -1.4603981159, 1.0899628613, 0.00834846330964, -3.66766200391, 3.69272673209, 2.03583090631, 1.8467174197, -1.96937203463, 1.97507191258, 0.779894577726, 102.065572447
0.779894577726, -1.4603981159, 1.0899628613, 0.00834846330964, -3.66766200391, 3.69272673209, 2.03583090631, 1.8467174197, -1.96937203463, 1.97507191258, 0.779894577726, 102.065572447
0.779894577726, -1.4603981159, 1.0899628613, 0.00834846330964, -3.66766200391, 3.69272673209, 2.03583090631, 1.8467174197, -1.96937203463, 1.97507191258, 0.779894577726, 102.065572447
0.779894577726, -1.4603981159, 1.0899628613, 0.00834846330964, -3.66766200391, 3.69272673209, 2.03583090631, 1.8467174197, -1.96937203463, 1.97507191258, 0.779894577726, 102.065572447
0.0759147135892, -1.82466197614, 4.51157958612, 0.680627725264, 4.76638611771, 0.841407671808, -1.73622949661, -1.65770101422, 4.41364641426, 1.44564783754, 0.0759147135892, 183.665236864
0.0759147135892, -1.82466197614, 4.51157958612, 0.680627725264, 4.76638611771, 0.841407671808, -1.73622949661, -1.65770101422, 4.41364641426, 1.44564783754, 0.0759147135892, 183.665236864
0.978851659275, -0.0670607723128, -3.50373372917, 1.95036445536, -0.0595350155357, -2.27156009219, -0.60446318104, -4.61024556217, -2.02689731928, -3.12554435152, 0.978851659275, 111.520364376
0.978851659275, -0.0670607723128, -3.50373372917, 1.95036445536, -0.0595350155357, -2.27156009219, -0.60446318104, -4.61024556217, -2.02689731928, -3.12554435152, 0.978851659275, 111.520364376
0.519989833219, -3.39635887616, -0.591183118368, -3.36510998303, -0.880715345061, -2.06860853487, 2.14194409456, -0.541845063135, 1.81508378426, 0.264331752445, 0.519989833219, 124.886818304
0.152803397339, -2.91828188358, 3.47213904816, -4.01643924255, -1.59315534183, 4.45804075133, 0.891502498882, 4.58798137906, 0.317466019701, 1.75794726185, 0.152803397339, 148.280126412
0.519989833219, -3.39635887616, -0.591183118368, -3.36510998303, -0.880715345061, -2.06860853487, 2.14194409456, -0.541845063135, 1.81508378426, 0.264331752445, 0.519989833219, 124.886818304
0.130459841386, -2.74495717552, -3.82266122599, 1.08305703584, -2.81520015873, 0.986107657249, -3.12408257919, 2.75847879442, 0.0715530840349, 1.22693445901, 0.130459841386, 163.328050363
0.329062546859, 2.97519321596, 0.292629254819, 1.93300397909, -0.0498099046338, 4.99566070836, -2.26705593214, 4.72182546818, -0.42997295364, -0.979855947253, 0.329062546859, 134.641682155
0.436711838201, -4.10113922422, -1.98178235916, -1.49302729174, -4.54659511862, 2.13060380623, -1.71226711143, 0.884540175046, 3.18923999535, 1.43459546394, 0.436711838201, 132.96048231
0.222383977932, -2.30383637938, 0.580099329395, -1.88385514391, 2.8132735415, -1.49411991845, 1.81454958359, 2.4091460257, -2.27242064049, 3.93403199381, 0.222383977932, 144.020917971
0.0855769535073, 0.329302724184, 1.24693260176, -4.17907853035, -2.50562633929, -2.73485089122, 2.27532857362, -1.39463251849, 2.24331463397, 0.392327776806, 0.0855769535073, 172.607552531
0.222383977932, -2.30383637938, 0.580099329395, -1.88385514391, 2.8132735415, -1.49411991845, 1.81454958359, 2.4091460257, -2.27242064049, 3.93403199381, 0.222383977932, 144.020917971
0.130459841386, -2.74495717552, -3.82266122599, 1.08305703584, -2.81520015873, 0.986107657249, -3.12408257919, 2.75847879442, 0.0715530840349, 1.22693445901, 0.130459841386, 163.328050363
0.329062546859, 2.97519321596, 0.292629254819, 1.93300397909, -0.0498099046338, 4.99566070836, -2.26705593214, 4.72182546818, -0.42997295364, -0.979855947253, 0.329062546859, 134.641682155
0.0855769535073, 0.329302724184, 1.24693260176, -4.17907853035, -2.50562633929, -2.73485089122, 2.27532857362, -1.39463251849, 2.24331463397, 0.392327776806, 0.0855769535073, 172.607552531
