0.184424863284, 0.295294289844, 0.0, 0.437836923908, 0.226842414793, 0.312418105286, 0.0173042907189, 0.0392498594768, 0.0, 0.163744355709, 0.714649173881, 0.0919342124579, 0.0, 1.0, 0.51313638035, 0.0527944099548, 0.64731300203, 0.772228914066, 0.921323640846, 0.875657927754, 0.0, 1.0, 0.333895665875, 1.0, 0.530562747569, 0.0, 0.473466702182, 0.378090811345, 24.0, 0.0, 5.84707871268
0.184424863284, 0.295294289844, 0.0, 0.437836923908, 0.226842414793, 0.312418105286, 0.0173042907189, 0.0392498594768, 0.0, 0.163744355709, 0.714649173881, 0.0919342124579, 0.0, 1.0, 0.51313638035, 0.0527944099548, 0.64731300203, 0.772228914066, 0.921323640846, 0.875657927754, 0.0, 1.0, 0.333895665875, 1.0, 0.530562747569, 0.0, 0.473466702182, 0.378090811345, 24.0, 0.0, 5.84707871268
0.0, 0.295294289844, 0.0, 0.254418261026, 0.0, 0.0, 0.0646120166558, 0.214054693308, 0.0, 0.495809082276, 0.714649173881, 0.0919342124579, 0.0, 1.0, 0.51313638035, 0.0749572256727, 0.64731300203, 0.616303825459, 0.30189765417, 0.875657927754, 0.0, 1.0, 0.462309081522, 1.0, 0.530562747569, 0.897495792775, 0.473466702182, 0.297086452645, 21.0, 1.0, 6.1341988751
0.0, 0.295294289844, 0.0, 0.254418261026, 0.0, 0.0, 0.0646120166558, 0.214054693308, 0.0, 0.495809082276, 0.714649173881, 0.0919342124579, 0.0, 1.0, 0.51313638035, 0.0749572256727, 0.64731300203, 0.616303825459, 0.30189765417, 0.875657927754, 0.0, 1.0, 0.462309081522, 1.0, 0.530562747569, 0.897495792775, 0.473466702182, 0.297086452645, 21.0, 1.0, 6.1341988751
0.473918906832, 0.497396541258, 0.107606883504, 0.135464080007, 0.66863011811, 0.270351743343, 1.0, 0.120735609226, 0.740848129092, 0.123053992649, 0.627038110269, 0.0, 0.201724691831, 0.931923145093, 0.557654159782, 0.598636268726, 0.85589954041, 0.865832685385, 0.0915815828871, 0.560984491666, 0.926236510404, 0.0, 0.873013137747, 1.0, 0.998254294418, 0.0, 0.0, 0.850501808889, 13.0, 1.0, 9.76730253787
0.473918906832, 0.497396541258, 0.107606883504, 0.135464080007, 0.66863011811, 0.270351743343, 1.0, 0.120735609226, 0.740848129092, 0.123053992649, 0.627038110269, 0.0, 0.201724691831, 0.931923145093, 0.557654159782, 0.598636268726, 0.85589954041, 0.865832685385, 0.0915815828871, 0.560984491666, 0.926236510404, 0.0, 0.873013137747, 1.0, 0.998254294418, 0.0, 0.0, 0.850501808889, 13.0, 1.0, 9.76730253787
0.956939716675, 0.334447757308, 0.31349432806, 1.0, 0.0, 0.943319853791, 0.0, 1.0, 0.0, 1.0, 0.0, 1.0, 0.0363216932241, 1.0, 0.779455744026, 0.613089487844, 0.0, 0.96068926842, 0.426301401647, 0.0, 0.685529869358, 0.499092901176, 1.0, 0.685621611803, 0.932508414572, 0.393576288181, 1.0, 0.162492647978, 7.0, 0.0, 14.4857474152
0.956939716675, 0.334447757308, 0.31349432806, 1.0, 0.0, 0.943319853791, 0.0, 1.0, 0.0, 1.0, 0.0, 1.0, 0.0363216932241, 1.0, 0.779455744026, 0.613089487844, 0.0, 0.96068926842, 0.426301401647, 0.0, 0.685529869358, 0.499092901176, 1.0, 0.685621611803, 0.932508414572, 0.393576288181, 1.0, 0.162492647978, 7.0, 0.0, 14.4857474152
1.0, 0.085196473001, 0.0312310102159, 0.0, 0.878726010504, 0.0, 1.0, 0.0534009782321, 0.0977749063104, 0.661579918129, 0.937546042575, 0.0, 1.0, 0.811804468388, 0.809537928534, 0.509222586959, 0.388091890402, 0.708905985166, 0.0103254338072, 0.560984491666, 0.781054615836, 0.0, 1.0, 0.946410429083, 0.756367510853, 0.0, 0.0, 0.850501808889, 10.0, 2.0, 11.3588636559
0.579819509529, 0.085196473001, 0.0312310102159, 0.0, 0.878726010504, 0.0, 1.0, 0.0534009782321, 0.0977749063104, 0.661579918129, 0.937546042575, 0.0, 1.0, 1.0, 0.809537928534, 0.509222586959, 0.388091890402, 0.708905985166, 0.165278542289, 0.560984491666, 0.781054615836, 0.0, 1.0, 0.946410429083, 0.756367510853, 0.0, 0.0, 0.850501808889, 10.0, 2.0, 11.3588636559
1.0, 0.085196473001, 0.0312310102159, 0.0278696342569, 0.878726010504, 0.0, 1.0, 0.0534009782321, 0.0977749063104, 0.661579918129, 0.845861996528, 0.0, 1.0, 0.811804468388, 0.809537928534, 0.509222586959, 0.388091890402, 0.708905985166, 0.067276770059, 0.560984491666, 0.781054615836, 0.0, 1.0, 0.946410429083, 0.756367510853, 0.0, 0.0, 0.850501808889, 10.0, 2.0, 11.3588636559
1.0, 0.085196473001, 0.0312310102159, 0.0, 0.878726010504, 0.0, 1.0, 0.0534009782321, 0.0977749063104, 0.661579918129, 0.937546042575, 0.0, 1.0, 0.811804468388, 0.809537928534, 0.509222586959, 0.388091890402, 0.708905985166, 0.0103254338072, 0.560984491666, 0.781054615836, 0.0, 1.0, 0.946410429083, 0.756367510853, 0.0, 0.0, 0.850501808889, 10.0, 2.0, 11.3588636559
0.579819509529, 0.085196473001, 0.0312310102159, 0.0, 0.878726010504, 0.0, 1.0, 0.0534009782321, 0.0977749063104, 0.661579918129, 0.937546042575, 0.0, 1.0, 1.0, 0.809537928534, 0.509222586959, 0.388091890402, 0.708905985166, 0.165278542289, 0.560984491666, 0.781054615836, 0.0, 1.0, 0.946410429083, 0.756367510853, 0.0, 0.0, 0.850501808889, 10.0, 2.0, 11.3588636559
1.0, 0.085196473001, 0.0312310102159, 0.0278696342569, 0.878726010504, 0.0, 1.0, 0.0534009782321, 0.0977749063104, 0.661579918129, 0.845861996528, 0.0, 1.0, 0.811804468388, 0.809537928534, 0.509222586959, 0.388091890402, 0.708905985166, 0.067276770059, 0.560984491666, 0.781054615836, 0.0, 1.0, 0.946410429083, 0.756367510853, 0.0, 0.0, 0.850501808889, 10.0, 2.0, 11.3588636559
0.483289369312, 0.947348040159, 0.0, 0.0406248334549, 0.684163922232, 0.0, 1.0, 0.972756890146, 0.0, 0.0, 0.432757235299, 0.708829385041, 0.11982219749, 1.0, 0.895602601835, 1.0, 0.0, 0.827584786182, 0.0, 0.913939907075, 0.99966825318, 0.0, 0.271446916761, 0.547547483803, 1.0, 0.0, 1.0, 0.0, 13.0, 0.0, 10.8447572682
0.483289369312, 0.947348040159, 0.0, 0.0406248334549, 0.684163922232, 0.0, 1.0, 0.972756890146, 0.0, 0.0, 0.432757235299, 0.708829385041, 0.11982219749, 1.0, 0.895602601835, 1.0, 0.0, 0.827584786182, 0.0, 0.913939907075, 0.99966825318, 0.0, 0.271446916761, 0.547547483803, 1.0, 0.0, 1.0, 0.0, 13.0, 0.0, 10.8447572682
0.37811633803, 0.0, 0.0, 0.187533363847, 0.0825146838231, 0.742692655447, 0.150326757102, 0.0, 0.887472366071, 0.0, 0.831649660808, 0.376517498196, 0.73859794265, 1.0, 1.0, 1.0, 0.78914763854, 0.369191308022, 0.0551236148963, 0.587345826835, 0.184855249878, 1.0, 0.797368680416, 0.937969111545, 1.0, 0.188652360863, 0.652075945903, 0.274824117838, 14.0, 0.0, 9.98054237358
0.37811633803, 0.0, 0.0, 0.187533363847, 0.0825146838231, 0.742692655447, 0.150326757102, 0.0, 0.887472366071, 0.0, 0.831649660808, 0.376517498196, 0.73859794265, 1.0, 1.0, 1.0, 0.78914763854, 0.369191308022, 0.0551236148963, 0.587345826835, 0.184855249878, 1.0, 0.797368680416, 0.937969111545, 1.0, 0.188652360863, 0.652075945903, 0.274824117838, 14.0, 0.0, 9.98054237358
0.0, 0.0784776576471, 0.154274690599, 0.0361831150439, 0.0, 0.0, 0.0, 0.324725620412, 0.191515285937, 0.0, 0.140193227129, 0.873007538163, 0.0, 1.0, 0.241326432578, 0.733467028827, 0.25847247704, 0.0012485455063, 0.136749636852, 0.619508859821, 1.0, 0.090068853719, 1.0, 0.937969111545, 0.915405364209, 0.475377036577, 1.0, 0.321311894385, 19.0, 1.0, 6.98329135861
0.0, 0.0784776576471, 0.154274690599, 0.0361831150439, 0.0, 0.0, 0.0, 0.324725620412, 0.191515285937, 0.0, 0.140193227129, 0.873007538163, 0.0, 1.0, 0.241326432578, 0.733467028827, 0.25847247704, 0.0012485455063, 0.136749636852, 0.619508859821, 1.0, 0.090068853719, 1.0, 0.937969111545, 0.915405364209, 0.475377036577, 1.0, 0.321311894385, 19.0, 1.0, 6.98329135861
0.0, 0.63569339228, 0.153712818778, 0.0, 0.613241755984, 0.0, 0.0646120166558, 0.214054693308, 0.0, 0.43074094818, 0.698780354285, 0.0, 0.20504725265, 1.0, 0.523572173984, 0.668950162168, 0.0, 0.195413576252, 0.30189765417, 0.676510552364, 0.0, 1.0, 0.118720993185, 1.0, 0.41039789944, 0.367768166381, 0.858489599928, 0.321194182747, 18.0, 0.0, 7.11810328984
0.0, 0.63569339228, 0.153712818778, 0.0, 0.590828535207, 0.0, 0.0646120166558, 0.214054693308, 0.0, 0.43074094818, 0.698780354285, 0.0, 0.20504725265, 1.0, 0.523572173984, 0.668950162168, 0.0, 0.195413576252, 0.160572431325, 0.676510552364, 0.0, 1.0, 0.0256316283105, 0.902543234301, 0.319356484489, 0.367768166381, 0.858489599928, 0.321194182747, 18.0, 0.0, 7.11810328984
0.0, 0.63569339228, 0.153712818778, 0.0, 0.613241755984, 0.0, 0.0646120166558, 0.214054693308, 0.0, 0.43074094818, 0.698780354285, 0.0, 0.20504725265, 1.0, 0.523572173984, 0.668950162168, 0.0, 0.195413576252, 0.30189765417, 0.676510552364, 0.0, 1.0, 0.118720993185, 1.0, 0.41039789944, 0.367768166381, 0.858489599928, 0.321194182747, 18.0, 0.0, 7.11810328984
0.0, 0.63569339228, 0.153712818778, 0.0, 0.590828535207, 0.0, 0.0646120166558, 0.214054693308, 0.0, 0.43074094818, 0.698780354285, 0.0, 0.20504725265, 1.0, 0.523572173984, 0.668950162168, 0.0, 0.195413576252, 0.160572431325, 0.676510552364, 0.0, 1.0, 0.0256316283105, 0.902543234301, 0.319356484489, 0.367768166381, 0.858489599928, 0.321194182747, 18.0, 0.0, 7.11810328984
0.0, 0.689173570692, 0.153712818778, 0.0, 0.60140622681, 0.0, 0.0646120166558, 0.214054693308, 0.0, 0.43074094818, 0.70487308544, 0.0, 0.20504725265, 1.0, 0.523572173984, 0.668950162168, 0.0, 0.00849202805885, 0.30189765417, 0.676510552364, 0.0, 1.0, 0.0256316283105, 0.902543234301, 0.915405364209, 0.367768166381, 0.858489599928, 0.321194182747, 17.0, 0.0, 7.52955503592
0.0, 0.689173570692, 0.153712818778, 0.0, 0.60140622681, 0.0, 0.0646120166558, 0.214054693308, 0.0, 0.43074094818, 0.70487308544, 0.0, 0.20504725265, 1.0, 0.523572173984, 0.668950162168, 0.0, 0.00849202805885, 0.30189765417, 0.676510552364, 0.0, 1.0, 0.0256316283105, 0.902543234301, 0.915405364209, 0.367768166381, 0.858489599928, 0.321194182747, 17.0, 0.0, 7.52955503592
0.0, 0.295294289844, 0.0, 0.437836923908, 0.226842414793, 0.0, 0.0173042907189, 0.0582209198071, 0.0, 0.163744355709, 0.0, 0.0919342124579, 0.0, 1.0, 0.51313638035, 0.0527944099548, 0.37684466079, 0.645406839479, 0.30189765417, 0.875657927754, 0.0, 1.0, 0.694374401364, 1.0, 0.530562747569, 0.0, 0.671265070317, 0.111050203755, 25.0, 0.0, 5.09335785496
0.0, 0.295294289844, 0.0, 0.437836923908, 0.226842414793, 0.0, 0.0173042907189, 0.0582209198071, 0.0, 0.163744355709, 0.0, 0.0919342124579, 0.0, 1.0, 0.51313638035, 0.0527944099548, 0.37684466079, 0.645406839479, 0.30189765417, 0.875657927754, 0.0, 1.0, 0.694374401364, 1.0, 0.530562747569, 0.0, 0.671265070317, 0.111050203755, 25.0, 0.0, 5.09335785496
1.0, 0.629574763466, 0.890227276987, 1.0, 1.0, 0.853539275623, 1.0, 0.830478026446, 0.0, 0.0949624575711, 0.0, 0.634550425626, 0.243808736647, 0.511742141786, 1.0, 1.0, 0.290704651806, 0.195413576252, 0.0, 1.0, 0.24038468159, 0.959889799276, 0.894541087712, 1.0, 1.0, 0.135982541113, 0.0, 0.748570707225, 4.0, 0.0, 15.6957356894
1.0, 0.629574763466, 0.890227276987, 1.0, 1.0, 0.853539275623, 1.0, 0.830478026446, 0.0, 0.0949624575711, 0.0, 0.634550425626, 0.243808736647, 0.511742141786, 1.0, 1.0, 0.290704651806, 0.195413576252, 0.0, 1.0, 0.24038468159, 0.959889799276, 0.894541087712, 1.0, 1.0, 0.135982541113, 0.0, 0.748570707225, 4.0, 0.0, 15.6957356894
0.460704541336, 0.295294289844, 0.153712818778, 0.0, 0.226842414793, 0.730829462243, 0.0646120166558, 0.214054693308, 0.0, 0.43074094818, 0.198206839908, 0.0, 0.0, 1.0, 0.599401172368, 0.0749572256727, 0.2734235555, 0.195413576252, 0.30189765417, 0.976321656137, 0.0, 1.0, 0.321125429432, 1.0, 0.530562747569, 0.232769982341, 0.671265070317, 0.297086452645, 26.0, 0.0, 4.50437990862
0.460704541336, 0.295294289844, 0.153712818778, 0.0, 0.226842414793, 0.730829462243, 0.0646120166558, 0.214054693308, 0.0, 0.43074094818, 0.198206839908, 0.0, 0.0, 1.0, 0.599401172368, 0.0749572256727, 0.2734235555, 0.195413576252, 0.30189765417, 0.976321656137, 0.0, 1.0, 0.321125429432, 1.0, 0.530562747569, 0.232769982341, 0.671265070317, 0.297086452645, 26.0, 0.0, 4.50437990862
0.0, 0.59932828442, 0.153712818778, 0.0, 0.362756896094, 0.0, 0.0646120166558, 0.309525421694, 0.0, 0.43074094818, 0.879206829261, 0.0, 0.269913624729, 1.0, 0.326139590143, 0.0749572256727, 0.2734235555, 0.0226856217024, 0.30189765417, 0.976321656137, 0.0, 1.0, 0.333895665875, 1.0, 0.0, 0.463286622447, 0.858489599928, 0.297086452645, 24.0, 1.0, 5.01713230936
0.0, 0.59932828442, 0.153712818778, 0.0, 0.362756896094, 0.0, 0.0646120166558, 0.309525421694, 0.0, 0.43074094818, 0.879206829261, 0.0, 0.269913624729, 1.0, 0.326139590143, 0.0749572256727, 0.2734235555, 0.0226856217024, 0.30189765417, 0.976321656137, 0.0, 1.0, 0.333895665875, 1.0, 0.0, 0.463286622447, 0.858489599928, 0.297086452645, 24.0, 1.0, 5.01713230936
1.0, 0.2804952558, 0.0312310102159, 0.430464253328, 0.66863011811, 0.793167226661, 1.0, 0.247344662286, 0.0, 0.0, 0.678086359283, 0.0, 0.870367049309, 0.413594996638, 0.618974773106, 0.598636268726, 0.00042918474254, 1.0, 0.19313299995, 0.560984491666, 0.650497711027, 0.0, 1.0, 1.0, 0.776897030765, 0.0, 0.0, 0.693303136146, 11.0, 1.0, 10.5108827202
1.0, 0.2804952558, 0.0312310102159, 0.430464253328, 0.66863011811, 0.742692655447, 1.0, 0.247344662286, 0.0, 0.0, 0.678086359283, 0.0, 0.870367049309, 0.413594996638, 0.618974773106, 0.750924475051, 0.00042918474254, 1.0, 0.0551236148963, 0.560984491666, 0.650497711027, 0.0, 1.0, 1.0, 0.776897030765, 0.0, 0.0, 0.551157191154, 11.0, 1.0, 10.5108827202
1.0, 0.2804952558, 0.0312310102159, 0.430464253328, 0.66863011811, 0.793167226661, 1.0, 0.247344662286, 0.0, 0.0, 0.678086359283, 0.0, 0.870367049309, 0.413594996638, 0.618974773106, 0.598636268726, 0.00042918474254, 1.0, 0.19313299995, 0.560984491666, 0.650497711027, 0.0, 1.0, 1.0, 0.776897030765, 0.0, 0.0, 0.693303136146, 11.0, 1.0, 10.5108827202
1.0, 0.2804952558, 0.0312310102159, 0.430464253328, 0.66863011811, 0.742692655447, 1.0, 0.247344662286, 0.0, 0.0, 0.678086359283, 0.0, 0.870367049309, 0.413594996638, 0.618974773106, 0.750924475051, 0.00042918474254, 1.0, 0.0551236148963, 0.560984491666, 0.650497711027, 0.0, 1.0, 1.0, 0.776897030765, 0.0, 0.0, 0.551157191154, 11.0, 1.0, 10.5108827202
0.0, 0.63569339228, 0.153712818778, 0.0, 0.613241755984, 0.0, 0.0646120166558, 0.214054693308, 0.0, 0.478101779421, 0.210470994078, 0.0647111377449, 0.20504725265, 1.0, 0.523572173984, 0.668950162168, 0.0, 0.195413576252, 0.30189765417, 0.676510552364, 0.0, 1.0, 0.0256316283105, 1.0, 0.41039789944, 0.367768166381, 0.858489599928, 0.321194182747, 22.0, 0.0, 6.28727646984
0.0, 0.63569339228, 0.153712818778, 0.0, 0.613241755984, 0.0, 0.0646120166558, 0.214054693308, 0.0, 0.478101779421, 0.210470994078, 0.0647111377449, 0.20504725265, 1.0, 0.523572173984, 0.668950162168, 0.0, 0.195413576252, 0.30189765417, 0.676510552364, 0.0, 1.0, 0.0256316283105, 1.0, 0.41039789944, 0.367768166381, 0.858489599928, 0.321194182747, 22.0, 0.0, 6.28727646984
1.0, 0.615239798411, 0.0312310102159, 0.691651386009, 0.60835082876, 0.0, 1.0, 0.0462942106589, 0.0489379189491, 0.123053992649, 0.681581253424, 0.0, 0.655423905609, 1.0, 0.86293792137, 0.598636268726, 0.0, 0.865832685385, 0.184370373702, 0.560984491666, 0.897641322434, 0.0, 1.0, 1.0, 0.999505555649, 0.0, 0.0, 0.850501808889, 7.0, 1.0, 13.1245229682
1.0, 0.615239798411, 0.0312310102159, 0.691651386009, 0.60835082876, 0.0, 1.0, 0.0462942106589, 0.0489379189491, 0.123053992649, 0.681581253424, 0.0, 0.655423905609, 1.0, 0.86293792137, 0.598636268726, 0.0, 0.865832685385, 0.184370373702, 0.560984491666, 0.897641322434, 0.0, 1.0, 1.0, 0.999505555649, 0.0, 0.0, 0.850501808889, 7.0, 1.0, 13.1245229682
1.0, 0.912247587436, 0.0312310102159, 0.782348960458, 0.60835082876, 0.0, 1.0, 0.0204982876498, 0.373327888761, 0.123053992649, 0.681581253424, 0.0, 0.0, 1.0, 0.557654159782, 0.598636268726, 0.0, 0.865832685385, 0.0192615728868, 0.790408407908, 0.897641322434, 0.0, 1.0, 1.0, 0.999505555649, 0.0, 0.0, 0.850501808889, 8.0, 1.0, 12.1434691132
1.0, 0.912247587436, 0.0312310102159, 0.782348960458, 0.60835082876, 0.0, 1.0, 0.0204982876498, 0.373327888761, 0.123053992649, 0.681581253424, 0.0, 0.0, 1.0, 0.557654159782, 0.598636268726, 0.0, 0.865832685385, 0.0192615728868, 0.790408407908, 0.897641322434, 0.0, 1.0, 1.0, 0.999505555649, 0.0, 0.0, 0.850501808889, 8.0, 1.0, 12.1434691132
0.0, 0.0, 0.0, 0.0, 1.0, 0.0, 0.0, 0.112143353183, 0.0, 0.0351400949988, 3.47359072724e-05, 5.97294942571e-05, 0.299601667975, 0.0, 0.733770049226, 0.438466864847, 0.00279110766441, 0.0411842911215, 0.0, 0.398391486007, 0.734440102195, 0.0611818379486, 0.0, 0.890578856387, 0.0, 0.0, 0.243401475853, 0.42908126257, 36.0, 1.0, 1.37067164675
0.0, 0.0, 0.0, 0.0, 1.0, 0.0, 0.0, 0.112143353183, 0.0, 0.0351400949988, 3.47359072724e-05, 5.97294942571e-05, 0.299601667975, 0.0, 0.733770049226, 0.438466864847, 0.00279110766441, 0.0411842911215, 0.0, 0.398391486007, 0.734440102195, 0.0611818379486, 0.0, 0.890578856387, 0.0, 0.0, 0.243401475853, 0.42908126257, 36.0, 1.0, 1.37067164675
0.473918906832, 0.497396541258, 0.566792746003, 0.158268838929, 0.0102320876133, 0.0, 1.0, 0.120735609226, 0.373327888761, 0.123053992649, 0.728065513902, 0.0, 0.394900608551, 0.236259517564, 0.859319637125, 0.598636268726, 0.388091890402, 0.865832685385, 0.184370373702, 0.560984491666, 0.866445979903, 0.0, 1.0, 1.0, 0.996528979095, 0.123302791917, 0.0146888149001, 0.850501808889, 14.0, 1.0, 9.3611456724
0.473918906832, 0.497396541258, 0.566792746003, 0.158268838929, 0.0102320876133, 0.0, 1.0, 0.120735609226, 0.373327888761, 0.123053992649, 0.728065513902, 0.0, 0.394900608551, 0.236259517564, 0.859319637125, 0.598636268726, 0.388091890402, 0.865832685385, 0.184370373702, 0.560984491666, 0.866445979903, 0.0, 1.0, 1.0, 0.996528979095, 0.123302791917, 0.0146888149001, 0.850501808889, 14.0, 1.0, 9.3611456724
0.0, 0.286056032756, 0.0769696050628, 0.782348960458, 0.91586895325, 0.763482958621, 1.0, 0.997785840809, 0.191515285937, 0.0417195768888, 0.0, 0.688756719088, 0.0, 1.0, 0.774491225891, 1.0, 0.0, 0.244540215379, 0.0, 0.673737570707, 0.99966825318, 0.0780429031986, 0.506654202559, 0.765092980773, 0.135577327343, 0.0, 0.853522286239, 0.291930299805, 9.0, 0.0, 12.7177836369
0.0, 0.286056032756, 0.0769696050628, 0.782348960458, 0.91586895325, 0.763482958621, 1.0, 0.997785840809, 0.191515285937, 0.0417195768888, 0.0, 0.688756719088, 0.0, 1.0, 0.774491225891, 1.0, 0.0, 0.244540215379, 0.0, 0.673737570707, 0.99966825318, 0.0780429031986, 0.506654202559, 0.765092980773, 0.135577327343, 0.0, 0.853522286239, 0.291930299805, 9.0, 0.0, 12.7177836369
0.809413220245, 0.285516010929, 0.153712818778, 1.0, 0.157000745829, 0.943319853791, 0.0, 1.0, 0.0, 1.0, 0.0, 1.0, 0.0363216932241, 0.879922485854, 0.779455744026, 1.0, 0.0, 0.96068926842, 0.756840950049, 0.0, 0.842249072217, 0.0, 1.0, 0.685621611803, 0.932508414572, 0.440702913324, 1.0, 0.321194182747, 6.0, 0.0, 15.1161873515
0.809413220245, 0.334447757308, 0.153712818778, 1.0, 0.0, 0.943319853791, 0.0, 1.0, 0.0, 1.0, 0.0, 0.502171748002, 0.0363216932241, 1.0, 0.779455744026, 0.613089487844, 0.21129676243, 0.96068926842, 0.756840950049, 0.0, 0.685529869358, 0.0, 1.0, 0.685621611803, 0.932508414572, 0.440702913324, 1.0, 0.321194182747, 6.0, 0.0, 15.1161873515
0.809413220245, 0.285516010929, 0.153712818778, 1.0, 0.157000745829, 0.943319853791, 0.0, 1.0, 0.0, 1.0, 0.0, 1.0, 0.0363216932241, 0.879922485854, 0.779455744026, 1.0, 0.0, 0.96068926842, 0.756840950049, 0.0, 0.842249072217, 0.0, 1.0, 0.685621611803, 0.932508414572, 0.440702913324, 1.0, 0.321194182747, 6.0, 0.0, 15.1161873515
0.809413220245, 0.334447757308, 0.153712818778, 1.0, 0.0, 0.943319853791, 0.0, 1.0, 0.0, 1.0, 0.0, 0.502171748002, 0.0363216932241, 1.0, 0.779455744026, 0.613089487844, 0.21129676243, 0.96068926842, 0.756840950049, 0.0, 0.685529869358, 0.0, 1.0, 0.685621611803, 0.932508414572, 0.440702913324, 1.0, 0.321194182747, 6.0, 0.0, 15.1161873515
0.154030056274, 0.0, 0.0312310102159, 0.832700053784, 0.626804070414, 0.916153341426, 0.910744822163, 0.0, 0.0, 0.0691805545849, 0.996540516177, 0.0, 1.0, 0.804236963715, 0.967158004391, 0.850942524794, 0.502488600375, 0.29563016798, 0.202835182574, 1.0, 0.968848245022, 0.00921417491526, 1.0, 1.0, 0.049344853732, 0.34100069065, 0.0, 0.987747875583, 10.0, 1.0, 11.5900463297
0.154030056274, 0.0, 0.0312310102159, 0.832700053784, 0.626804070414, 0.916153341426, 0.960995599629, 0.0, 0.0, 0.244532462806, 0.755753481202, 0.0, 1.0, 0.85320822743, 0.967158004391, 0.850942524794, 0.502488600375, 0.29563016798, 0.202835182574, 1.0, 0.968848245022, 0.00921417491526, 1.0, 1.0, 0.404812609987, 0.195992875622, 0.0, 1.0, 10.0, 1.0, 11.5900463297
0.154030056274, 0.0, 0.0312310102159, 0.832700053784, 0.626804070414, 0.916153341426, 0.910744822163, 0.0, 0.0, 0.0691805545849, 0.996540516177, 0.0, 1.0, 0.804236963715, 0.967158004391, 0.850942524794, 0.502488600375, 0.29563016798, 0.202835182574, 1.0, 0.968848245022, 0.00921417491526, 1.0, 1.0, 0.049344853732, 0.34100069065, 0.0, 0.987747875583, 10.0, 1.0, 11.5900463297
0.154030056274, 0.0, 0.0312310102159, 0.832700053784, 0.626804070414, 0.916153341426, 0.960995599629, 0.0, 0.0, 0.244532462806, 0.755753481202, 0.0, 1.0, 0.85320822743, 0.967158004391, 0.850942524794, 0.502488600375, 0.29563016798, 0.202835182574, 1.0, 0.968848245022, 0.00921417491526, 1.0, 1.0, 0.404812609987, 0.195992875622, 0.0, 1.0, 10.0, 1.0, 11.5900463297
0.825638104738, 0.217179983325, 0.0, 0.187533363847, 0.0, 0.742692655447, 0.264298008183, 0.0, 0.778453246794, 0.0, 0.831649660808, 0.376517498196, 0.73859794265, 1.0, 1.0, 1.0, 0.78914763854, 0.998387114957, 0.0551236148963, 0.587345826835, 0.184855249878, 1.0, 0.797368680416, 0.937969111545, 1.0, 0.188652360863, 0.652075945903, 0.274824117838, 10.0, 0.0, 12.0884712965
0.825638104738, 0.217179983325, 0.0, 0.187533363847, 0.0, 0.742692655447, 0.264298008183, 0.0, 0.778453246794, 0.0, 0.831649660808, 0.376517498196, 0.73859794265, 1.0, 1.0, 1.0, 0.78914763854, 0.998387114957, 0.0551236148963, 0.587345826835, 0.184855249878, 1.0, 0.797368680416, 0.937969111545, 1.0, 0.188652360863, 0.652075945903, 0.274824117838, 10.0, 0.0, 12.0884712965
0.0, 0.150391011092, 0.0276484168592, 0.0290852835933, 0.878533535183, 0.0, 0.904138341719, 0.0437713435676, 0.222405230089, 0.0, 0.140193227129, 0.903400089052, 0.0, 1.0, 0.697314680578, 1.0, 0.0378410389335, 0.513445982837, 0.115944580036, 0.619508859821, 0.811720835124, 0.0215054641574, 1.0, 0.784389699521, 0.776897030765, 0.0, 1.0, 0.0863514193416, 15.0, 0.0, 8.74845101706
0.0, 0.150391011092, 0.0276484168592, 0.0290852835933, 0.66863011811, 0.0, 0.904138341719, 0.324725620412, 0.191515285937, 0.0, 0.140193227129, 0.903400089052, 0.0, 1.0, 0.697314680578, 1.0, 0.0378410389335, 0.513445982837, 0.136749636852, 0.619508859821, 0.811720835124, 0.0215054641574, 1.0, 0.784389699521, 0.776897030765, 0.0, 1.0, 0.0863514193416, 15.0, 0.0, 8.74845101706
0.0, 0.150391011092, 0.0276484168592, 0.0290852835933, 0.878533535183, 0.0, 0.904138341719, 0.0437713435676, 0.222405230089, 0.0, 0.140193227129, 0.903400089052, 0.0, 1.0, 0.697314680578, 1.0, 0.0378410389335, 0.513445982837, 0.115944580036, 0.619508859821, 0.811720835124, 0.0215054641574, 1.0, 0.784389699521, 0.776897030765, 0.0, 1.0, 0.0863514193416, 15.0, 0.0, 8.74845101706
0.0, 0.150391011092, 0.0276484168592, 0.0290852835933, 0.66863011811, 0.0, 0.904138341719, 0.324725620412, 0.191515285937, 0.0, 0.140193227129, 0.903400089052, 0.0, 1.0, 0.697314680578, 1.0, 0.0378410389335, 0.513445982837, 0.136749636852, 0.619508859821, 0.811720835124, 0.0215054641574, 1.0, 0.784389699521, 0.776897030765, 0.0, 1.0, 0.0863514193416, 15.0, 0.0, 8.74845101706
0.17476323089, 0.00133646238541, 0.170585357468, 0.0, 0.0, 0.0, 0.0802803595196, 0.0, 0.0, 0.4584945704, 0.00459167203525, 0.0, 0.0569962960858, 0.00852584427025, 0.654183316638, 0.235473616986, 0.0, 0.30415906089, 0.127834883669, 0.0134048137948, 0.0859989898251, 1.0, 0.321125429432, 1.0, 0.0395213781908, 0.0, 0.778890750114, 0.307301573009, 33.0, 0.0, 2.25902517471
0.17476323089, 0.00133646238541, 0.170585357468, 0.0, 0.0, 0.0, 0.0802803595196, 0.0, 0.0, 0.4584945704, 0.00459167203525, 0.0, 0.0569962960858, 0.00852584427025, 0.654183316638, 0.235473616986, 0.0, 0.30415906089, 0.127834883669, 0.0134048137948, 0.0859989898251, 1.0, 0.321125429432, 1.0, 0.0395213781908, 0.0, 0.778890750114, 0.307301573009, 33.0, 0.0, 2.25902517471
0.0, 0.77400075001, 0.0769696050628, 0.782348960458, 0.91586895325, 0.533287183045, 1.0, 0.99886178082, 0.191515285937, 0.0417195768888, 0.0, 0.688756719088, 0.0, 1.0, 0.654183316638, 1.0, 0.0, 0.244540215379, 0.0, 0.988810457899, 0.99966825318, 0.0780429031986, 0.506654202559, 0.765092980773, 0.417462671948, 0.0, 0.853522286239, 0.291930299805, 8.0, 0.0, 13.5740714496
0.0, 0.77400075001, 0.0769696050628, 0.782348960458, 0.91586895325, 0.533287183045, 1.0, 0.99886178082, 0.191515285937, 0.0417195768888, 0.0, 0.688756719088, 0.0, 1.0, 0.654183316638, 1.0, 0.0, 0.244540215379, 0.0, 0.988810457899, 0.99966825318, 0.0780429031986, 0.506654202559, 0.765092980773, 0.417462671948, 0.0, 0.853522286239, 0.291930299805, 8.0, 0.0, 13.5740714496
0.0, 0.0, 0.0430592792993, 0.0, 1.0, 0.0, 0.0409200597341, 0.0534009782321, 0.272078586575, 0.0209076619787, 0.154463259674, 0.910067708195, 0.281337014808, 0.263105672015, 0.767107187755, 0.438466864847, 0.0, 0.158134978385, 0.0, 0.0, 0.616611861468, 0.0611818379486, 0.287362247164, 0.960917777091, 0.0, 0.0, 0.427193405693, 0.400408089175, 32.0, 2.0, 2.56998965679
0.0, 0.0, 0.0430592792993, 0.0, 1.0, 0.0, 0.0409200597341, 0.0534009782321, 0.272078586575, 0.0209076619787, 0.0801128351069, 0.910067708195, 0.281337014808, 0.263105672015, 0.767107187755, 0.438466864847, 0.0, 0.158134978385, 0.0, 0.0, 0.616611861468, 0.0611818379486, 0.287362247164, 0.960917777091, 0.0, 0.0, 0.427193405693, 0.400408089175, 32.0, 2.0, 2.56998965679
0.0, 0.0, 0.0430592792993, 0.0, 1.0, 0.0, 0.0409200597341, 0.0534009782321, 0.272078586575, 0.0209076619787, 0.154463259674, 0.910067708195, 0.281337014808, 0.263105672015, 0.767107187755, 0.438466864847, 0.0, 0.158134978385, 0.0, 0.0, 0.616611861468, 0.0611818379486, 0.287362247164, 0.960917777091, 0.0, 0.0, 0.427193405693, 0.400408089175, 32.0, 2.0, 2.56998965679
0.0, 0.0, 0.0430592792993, 0.0, 1.0, 0.0, 0.0409200597341, 0.0534009782321, 0.272078586575, 0.0209076619787, 0.0801128351069, 0.910067708195, 0.281337014808, 0.263105672015, 0.767107187755, 0.438466864847, 0.0, 0.158134978385, 0.0, 0.0, 0.616611861468, 0.0611818379486, 0.287362247164, 0.960917777091, 0.0, 0.0, 0.427193405693, 0.400408089175, 32.0, 2.0, 2.56998965679
0.0, 0.0269929860744, 0.0, 0.0361831150439, 0.00689272900242, 0.0, 1.0, 0.324725620412, 0.22601714196, 0.0, 0.140193227129, 0.575505881585, 0.0, 0.715673946782, 0.697314680578, 0.598636268726, 0.0378410389335, 0.513445982837, 0.106245786672, 0.619508859821, 1.0, 0.0215054641574, 1.0, 0.937969111545, 0.776897030765, 0.285023881133, 1.0, 0.380202261986, 16.0, 0.0, 8.53801792901
0.14949841856, 0.150391011092, 0.0, 0.0345111454902, 0.0102320876133, 0.0, 0.904138341719, 0.324725620412, 0.208889762311, 0.0, 0.13561262067, 0.575505881585, 0.0, 1.0, 0.697314680578, 1.0, 0.0378410389335, 0.513445982837, 0.136749636852, 0.619508859821, 0.811720835124, 0.0215054641574, 1.0, 0.784389699521, 0.776897030765, 0.0, 1.0, 0.153560072216, 16.0, 0.0, 8.53801792901
0.0, 0.150391011092, 0.0, 0.0345111454902, 0.0102320876133, 0.0, 0.904138341719, 0.324725620412, 0.191515285937, 0.0, 0.13561262067, 0.575505881585, 0.0, 1.0, 0.697314680578, 1.0, 0.0378410389335, 0.513445982837, 0.136749636852, 0.619508859821, 0.811720835124, 0.0215054641574, 1.0, 0.874318810144, 0.776897030765, 0.0, 1.0, 0.153560072216, 16.0, 0.0, 8.53801792901
0.0, 0.0269929860744, 0.0, 0.0361831150439, 0.00689272900242, 0.0, 1.0, 0.324725620412, 0.22601714196, 0.0, 0.140193227129, 0.575505881585, 0.0, 0.715673946782, 0.697314680578, 0.598636268726, 0.0378410389335, 0.513445982837, 0.106245786672, 0.619508859821, 1.0, 0.0215054641574, 1.0, 0.937969111545, 0.776897030765, 0.285023881133, 1.0, 0.380202261986, 16.0, 0.0, 8.53801792901
0.14949841856, 0.150391011092, 0.0, 0.0345111454902, 0.0102320876133, 0.0, 0.904138341719, 0.324725620412, 0.208889762311, 0.0, 0.13561262067, 0.575505881585, 0.0, 1.0, 0.697314680578, 1.0, 0.0378410389335, 0.513445982837, 0.136749636852, 0.619508859821, 0.811720835124, 0.0215054641574, 1.0, 0.784389699521, 0.776897030765, 0.0, 1.0, 0.153560072216, 16.0, 0.0, 8.53801792901
0.0, 0.150391011092, 0.0, 0.0345111454902, 0.0102320876133, 0.0, 0.904138341719, 0.324725620412, 0.191515285937, 0.0, 0.13561262067, 0.575505881585, 0.0, 1.0, 0.697314680578, 1.0, 0.0378410389335, 0.513445982837, 0.136749636852, 0.619508859821, 0.811720835124, 0.0215054641574, 1.0, 0.874318810144, 0.776897030765, 0.0, 1.0, 0.153560072216, 16.0, 0.0, 8.53801792901
0.473918906832, 0.497396541258, 0.107606883504, 0.135464080007, 0.66863011811, 0.270351743343, 1.0, 0.120735609226, 0.409369117518, 0.123053992649, 0.627038110269, 0.0, 0.201724691831, 0.931923145093, 0.557654159782, 0.91268819567, 0.388091890402, 0.865832685385, 0.0915815828871, 0.560984491666, 0.926236510404, 0.0, 1.0, 1.0, 0.998254294418, 0.0, 0.0, 0.850501808889, 15.0, 1.0, 8.17378002464
0.473918906832, 0.497396541258, 0.107606883504, 0.135464080007, 0.66863011811, 0.270351743343, 1.0, 0.120735609226, 0.409369117518, 0.123053992649, 0.627038110269, 0.0, 0.201724691831, 0.931923145093, 0.557654159782, 0.91268819567, 0.388091890402, 0.865832685385, 0.0915815828871, 0.560984491666, 0.926236510404, 0.0, 1.0, 1.0, 0.998254294418, 0.0, 0.0, 0.850501808889, 15.0, 1.0, 8.17378002464
0.0, 0.335920113839, 0.0, 0.137842174905, 1.0, 0.191893559866, 0.221653274377, 0.459897374666, 0.0, 0.4584945704, 0.0018625313327, 0.019127136722, 0.2570205591, 0.0243722533611, 0.834196631013, 0.0872239474706, 0.0, 0.272388195429, 0.456378418085, 1.0, 1.0, 0.0599267742636, 0.0, 0.901569336205, 0.083328470855, 0.319512415075, 0.69895409048, 0.26228110024, 28.0, 0.0, 3.16907189353
0.0, 0.335920113839, 0.0, 0.137842174905, 1.0, 0.191893559866, 0.221653274377, 0.459897374666, 0.0, 0.4584945704, 0.0018625313327, 0.019127136722, 0.2570205591, 0.0243722533611, 0.834196631013, 0.0872239474706, 0.0, 0.272388195429, 0.456378418085, 1.0, 1.0, 0.0599267742636, 0.0, 0.901569336205, 0.083328470855, 0.319512415075, 0.69895409048, 0.26228110024, 28.0, 0.0, 3.16907189353
0.899376080043, 0.615239798411, 0.0312310102159, 0.0493326758694, 0.734800983751, 0.078626280336, 1.0, 0.0462942106589, 0.373327888761, 0.123053992649, 0.820913927063, 0.0, 0.236499400631, 0.604001780453, 0.557654159782, 0.598523293063, 0.388091890402, 0.269518451602, 0.197868423214, 0.560984491666, 0.650497711027, 0.0, 1.0, 1.0, 0.999327663953, 0.0, 0.0, 0.850501808889, 12.0, 1.0, 9.94218074203
0.899376080043, 0.615239798411, 0.0312310102159, 0.0493326758694, 0.734800983751, 0.078626280336, 1.0, 0.0462942106589, 0.373327888761, 0.123053992649, 0.820913927063, 0.0, 0.236499400631, 0.604001780453, 0.557654159782, 0.598523293063, 0.388091890402, 0.269518451602, 0.197868423214, 0.560984491666, 0.650497711027, 0.0, 1.0, 1.0, 0.999327663953, 0.0, 0.0, 0.850501808889, 12.0, 1.0, 9.94218074203
0.0, 0.0784776576471, 0.154274690599, 0.0361831150439, 0.0, 0.0, 0.0, 0.324725620412, 0.00320799906764, 0.0, 0.310943336916, 0.873007538163, 0.0, 1.0, 0.241326432578, 0.733467028827, 0.25847247704, 0.0671298357212, 0.136749636852, 0.619508859821, 1.0, 0.365279759868, 1.0, 0.937969111545, 0.396603394013, 0.0, 1.0, 0.321311894385, 20.0, 1.0, 6.57183961254
0.0, 0.0784776576471, 0.154274690599, 0.0361831150439, 0.0, 0.0, 0.0, 0.324725620412, 0.00320799906764, 0.0, 0.310943336916, 0.873007538163, 0.0, 1.0, 0.241326432578, 0.733467028827, 0.25847247704, 0.0671298357212, 0.136749636852, 0.619508859821, 1.0, 0.365279759868, 1.0, 0.937969111545, 0.396603394013, 0.0, 1.0, 0.321311894385, 20.0, 1.0, 6.57183961254
0.473918906832, 0.497396541258, 0.0312310102159, 0.158268838929, 0.0647420918011, 0.0, 1.0, 0.120735609226, 0.191515285937, 0.151745097659, 0.728065513902, 0.0, 0.201724691831, 1.0, 0.721112017572, 0.598636268726, 0.388091890402, 0.865832685385, 0.0665415750156, 0.560984491666, 0.558803469744, 0.0, 1.0, 1.0, 0.996528979095, 0.0, 0.0146888149001, 0.850501808889, 16.0, 1.0, 7.96334693659
0.473918906832, 0.497396541258, 0.0312310102159, 0.158268838929, 0.0647420918011, 0.0, 1.0, 0.120735609226, 0.191515285937, 0.151745097659, 0.728065513902, 0.0, 0.201724691831, 1.0, 0.721112017572, 0.598636268726, 0.388091890402, 0.865832685385, 0.0665415750156, 0.560984491666, 0.558803469744, 0.0, 1.0, 1.0, 0.996528979095, 0.0, 0.0146888149001, 0.850501808889, 16.0, 1.0, 7.96334693659
1.0, 0.0912356919225, 0.356604505433, 0.995803072032, 1.0, 1.0, 0.891619213785, 0.663444337699, 0.543149479897, 0.394494136427, 0.0433679773751, 0.861174750466, 0.253852000611, 0.679830861521, 1.0, 0.736412892251, 0.392527740083, 1.0, 0.0862079479085, 1.0, 0.0, 0.959889799276, 0.894541087712, 0.0, 0.950888847047, 0.0, 0.0, 0.603801092648, 5.0, 0.0, 15.2797751124
1.0, 0.0912356919225, 0.356604505433, 0.995803072032, 1.0, 1.0, 0.891619213785, 0.663444337699, 0.543149479897, 0.394494136427, 0.0433679773751, 0.861174750466, 0.253852000611, 0.679830861521, 1.0, 0.736412892251, 0.392527740083, 1.0, 0.0862079479085, 1.0, 0.0, 0.959889799276, 0.894541087712, 0.0, 0.950888847047, 0.0, 0.0, 0.603801092648, 5.0, 0.0, 15.2797751124
0.0, 0.295294289844, 0.0, 0.254418261026, 0.226842414793, 0.0, 0.0646120166558, 0.214054693308, 0.0, 0.515759794919, 0.714649173881, 0.0919342124579, 0.0, 1.0, 0.51313638035, 0.0749572256727, 0.761870312331, 0.616303825459, 0.30189765417, 0.875657927754, 0.0, 1.0, 0.462309081522, 1.0, 0.378360786666, 0.897495792775, 0.473466702182, 0.297086452645, 21.0, 2.0, 6.41675599149
1.0, 0.703250862751, 0.890227276987, 1.0, 1.0, 0.853539275623, 1.0, 0.830478026446, 0.0, 0.0967350767902, 0.0, 0.634550425626, 0.537582982164, 0.332466013062, 1.0, 0.580531878578, 0.397021486091, 0.195413576252, 0.0, 1.0, 0.0, 0.959889799276, 0.906261528872, 0.60357186894, 1.0, 0.135982541113, 0.0, 0.748570707225, 4.0, 1.0, 16.0467865047
