0.0, 1.0, 0.0, 0.0, 0.0, 0.0, 0.0, 0.0, 1.0, 0.0, 0.0, 0.0, 0.0, 0.0, 0.0, 0.189595632769, 0.0, 0.122306390071, 0.0, 0.0, 1.0, 0.0, 0.0, 0.0, 0.0, 0.0656270637056, 1.0, 0.0, 39.0, 0.0, 3.08632467249
0.0, 1.0, 0.0, 0.0, 0.0, 0.0, 0.0, 0.0, 1.0, 0.0, 0.0, 0.0, 0.0, 0.0, 0.0, 0.189595632769, 0.0, 0.122306390071, 0.0, 0.0, 1.0, 0.0, 0.0, 0.0, 0.0, 0.0656270637056, 1.0, 0.0, 39.0, 0.0, 3.08632467249
0.0, 0.0, 0.0, 0.0, 0.0, 0.0, 0.0, 0.0, 0.0, 0.0, 0.222052613085, 0.0, 0.0, 0.0, 0.0, 1.0, 0.0, 0.377006117986, 1.0, 0.0, 0.0, 0.0, 0.0, 0.0, 0.0, 0.0, 0.0, 1.0, 37.0, 0.0, 3.79633973693
0.0, 0.0, 0.0, 0.0, 0.0, 0.0, 0.0, 0.0, 0.0, 0.0, 0.0, 0.0, 0.0, 0.0, 0.0, 1.0, 0.0, 0.377006117986, 1.0, 0.0, 0.0, 0.0, 0.145135425778, 0.0, 0.0, 0.0, 0.0, 1.0, 37.0, 0.0, 3.79633973693
0.0, 0.0, 0.0, 0.0, 0.0, 0.0, 0.0, 0.0, 0.0, 0.0, 0.222052613085, 0.0, 0.0, 0.0, 0.0, 1.0, 0.0, 0.377006117986, 1.0, 0.0, 0.0, 0.0, 0.0, 0.0, 0.0, 0.0, 0.0, 1.0, 37.0, 0.0, 3.79633973693
0.0, 0.0, 0.0, 0.0, 0.0, 0.0, 0.0, 0.0, 0.0, 0.0, 0.0, 0.0, 0.0, 0.0, 0.0, 1.0, 0.0, 0.377006117986, 1.0, 0.0, 0.0, 0.0, 0.145135425778, 0.0, 0.0, 0.0, 0.0, 1.0, 37.0, 0.0, 3.79633973693
1.0, 0.0, 1.0, 1.0, 0.0, 1.0, 0.0, 1.0, 0.0, 1.0, 0.0, 1.0, 0.0, 1.0, 0.0, 1.0, 0.0, 1.0, 1.0, 0.0, 0.847885944312, 0.0, 1.0, 0.0, 1.0, 0.0, 1.0, 0.0, 7.0, 0.0, 15.7346720911
1.0, 0.0, 1.0, 1.0, 0.0, 1.0, 0.0, 1.0, 0.0, 0.855622069899, 0.0, 1.0, 0.0, 1.0, 0.0, 1.0, 0.0, 1.0, 1.0, 0.0, 1.0, 0.0, 1.0, 0.0, 1.0, 0.0, 1.0, 0.0, 7.0, 0.0, 15.7346720911
1.0, 0.0, 1.0, 1.0, 0.0, 1.0, 0.0, 1.0, 0.0, 1.0, 0.0, 1.0, 0.0, 1.0, 0.0, 1.0, 0.0, 1.0, 1.0, 0.0, 0.847885944312, 0.0, 1.0, 0.0, 1.0, 0.0, 1.0, 0.0, 7.0, 0.0, 15.7346720911
1.0, 0.0, 1.0, 1.0, 0.0, 1.0, 0.0, 1.0, 0.0, 0.855622069899, 0.0, 1.0, 0.0, 1.0, 0.0, 1.0, 0.0, 1.0, 1.0, 0.0, 1.0, 0.0, 1.0, 0.0, 1.0, 0.0, 1.0, 0.0, 7.0, 0.0, 15.7346720911
0.0, 0.0, 0.0, 0.0, 0.0, 0.0, 0.0, 0.0, 0.0635456847052, 0.0, 0.0, 0.0, 0.0, 0.0, 0.0, 1.0, 0.0, 1.0, 1.0, 1.0, 0.0, 1.0, 0.0, 0.0, 1.0, 0.0, 0.33883655917, 0.0, 31.0, 0.0, 4.62706895399
0.0, 0.0, 0.0, 0.0, 0.0, 0.0, 0.0, 0.0, 0.0635456847052, 0.0, 0.0, 0.0, 0.0, 0.0, 0.0, 1.0, 0.0, 1.0, 1.0, 1.0, 0.0, 1.0, 0.0, 0.0, 1.0, 0.0, 0.33883655917, 0.0, 31.0, 0.0, 4.62706895399
0.0, 0.254764269334, 0.0, 0.0, 1.0, 0.0, 1.0, 0.0, 1.0, 0.0, 0.0, 0.0, 0.0, 0.0, 0.0, 1.0, 0.0, 0.0, 1.0, 0.810629272056, 0.0, 1.0, 0.0, 0.0, 0.507782668715, 0.0, 1.0, 0.0, 25.0, 0.0, 6.74350058295
0.0, 0.254764269334, 0.0, 0.0, 1.0, 0.0, 1.0, 0.0, 1.0, 0.0, 0.0, 0.0, 0.0, 0.0, 0.0, 1.0, 0.0, 0.0, 1.0, 0.810629272056, 0.0, 1.0, 0.0, 0.0, 0.507782668715, 0.0, 1.0, 0.0, 25.0, 0.0, 6.74350058295
0.0, 0.0, 0.0, 0.0, 0.0, 1.0, 0.0, 0.0, 1.0, 0.0, 0.575171797628, 0.0, 0.402005452612, 1.0, 1.0, 1.0, 0.651256097747, 0.0, 0.0, 0.0, 0.0, 1.0, 1.0, 0.0, 1.0, 0.0, 1.0, 0.0, 17.0, 0.0, 8.96168312312
0.0, 0.0, 0.0, 0.0, 0.0, 1.0, 0.0, 0.0, 1.0, 0.0, 0.575171797628, 0.0, 0.402005452612, 1.0, 1.0, 1.0, 0.651256097747, 0.0, 0.0, 0.0, 0.0, 1.0, 1.0, 0.0, 1.0, 0.0, 1.0, 0.0, 17.0, 0.0, 8.96168312312
0.0, 0.0, 0.0, 0.0, 0.0, 1.0, 0.0, 0.0, 0.274279321565, 0.0, 0.0, 0.057864803339, 1.0, 1.0, 1.0, 1.0, 0.651256097747, 0.0, 0.0, 0.0, 0.0, 1.0, 0.28367555096, 0.0, 1.0, 0.0, 1.0, 0.0, 22.0, 0.0, 7.8813730114
0.0, 0.0, 0.0, 0.0, 0.0, 1.0, 0.0, 0.0, 0.274279321565, 0.0, 0.0, 0.057864803339, 1.0, 1.0, 1.0, 1.0, 0.651256097747, 0.0, 0.0, 0.0, 0.0, 1.0, 0.28367555096, 0.0, 1.0, 0.0, 1.0, 0.0, 22.0, 0.0, 7.8813730114
0.0, 0.423766859636, 0.0, 0.0, 0.578251724111, 0.0, 0.0, 1.0, 0.0, 0.4584945704, 0.320960790991, 0.0, 0.0, 0.0, 0.626200047014, 1.0, 0.421457915554, 0.0, 0.0, 0.660173962333, 1.0, 0.0, 0.0, 0.0, 0.0, 0.0444059419327, 0.0, 0.0, 30.0, 0.0, 5.17007476
0.0, 0.423766859636, 0.0, 0.0, 0.578251724111, 0.0, 0.0, 1.0, 0.0, 0.4584945704, 0.320960790991, 0.0, 0.0, 0.0, 0.626200047014, 1.0, 0.421457915554, 0.0, 0.0, 0.660173962333, 1.0, 0.0, 0.0, 0.0, 0.0, 0.0444059419327, 0.0, 0.0, 30.0, 0.0, 5.17007476
1.0, 0.0, 1.0, 0.522853791122, 0.66863011811, 0.0, 1.0, 0.0, 0.373327888761, 0.0, 0.176625505014, 0.60664205047, 1.0, 1.0, 1.0, 1.0, 0.399659174966, 1.0, 1.0, 1.0, 0.0, 0.0, 1.0, 1.0, 1.0, 0.0, 0.0, 1.0, 10.0, 0.0, 13.7842875677
1.0, 0.0, 1.0, 0.522853791122, 0.66863011811, 0.0, 1.0, 0.0, 0.373327888761, 0.0, 0.176625505014, 0.60664205047, 1.0, 1.0, 1.0, 1.0, 0.399659174966, 1.0, 1.0, 1.0, 0.0, 0.0, 1.0, 1.0, 1.0, 0.0, 0.0, 1.0, 10.0, 0.0, 13.7842875677
1.0, 0.0, 0.0312310102159, 0.0, 0.66863011811, 0.169855145685, 0.74229325198, 0.0, 0.0, 0.0, 0.0, 0.0, 1.0, 1.0, 1.0, 1.0, 0.399659174966, 1.0, 1.0, 1.0, 0.650497711027, 0.0, 1.0, 1.0, 1.0, 0.0, 0.0, 1.0, 14.0, 0.0, 10.4644679097
1.0, 0.0, 0.0312310102159, 0.0, 0.66863011811, 0.169855145685, 0.74229325198, 0.0, 0.0, 0.0, 0.0, 0.0, 1.0, 1.0, 1.0, 1.0, 0.399659174966, 1.0, 1.0, 1.0, 0.650497711027, 0.0, 1.0, 1.0, 1.0, 0.0, 0.0, 1.0, 14.0, 0.0, 10.4644679097
1.0, 0.0, 1.0, 1.0, 0.0, 0.143162982162, 0.0, 1.0, 0.0, 1.0, 0.0, 1.0, 0.0, 1.0, 0.0, 1.0, 0.0, 1.0, 0.663039602476, 0.0, 1.0, 0.293218852025, 1.0, 0.0, 1.0, 0.0, 1.0, 0.0, 9.0, 0.0, 14.6015540268
1.0, 0.0, 1.0, 1.0, 0.0, 0.143162982162, 0.0, 1.0, 0.0, 1.0, 0.0, 1.0, 0.0, 1.0, 0.0, 1.0, 0.0, 1.0, 0.663039602476, 0.0, 1.0, 0.293218852025, 1.0, 0.0, 1.0, 0.0, 1.0, 0.0, 9.0, 0.0, 14.6015540268
0.0, 1.0, 0.0, 1.0, 0.554516866505, 0.0, 1.0, 0.0, 0.0, 0.0, 0.0, 0.0, 0.0, 0.479245276632, 1.0, 1.0, 0.0, 0.0, 0.0, 0.0, 1.0, 0.0, 1.0, 1.0, 1.0, 0.0, 0.725693609286, 0.0, 20.0, 1.0, 8.58809575771
0.0, 1.0, 0.0, 1.0, 0.554516866505, 0.0, 1.0, 0.0, 0.0, 0.0, 0.0, 0.0, 0.0, 0.479245276632, 1.0, 1.0, 0.0, 0.0, 0.0, 0.0, 1.0, 0.0, 1.0, 1.0, 1.0, 0.0, 0.725693609286, 0.0, 20.0, 1.0, 8.58809575771
0.0, 0.0, 0.0, 0.0, 1.0, 0.0, 1.0, 0.0, 0.0, 0.0, 0.0, 0.0, 1.0, 1.0, 1.0, 1.0, 1.0, 0.0, 0.0, 1.0, 0.0, 0.0, 0.0153230428126, 1.0, 1.0, 0.31654139555, 0.0, 0.544836289731, 23.0, 0.0, 7.69301506526
0.0, 0.0, 0.0, 0.0, 1.0, 0.0, 1.0, 0.0, 0.0, 0.0, 0.0, 0.0, 1.0, 1.0, 1.0, 1.0, 1.0, 0.0, 0.0, 1.0, 0.0, 0.0, 0.0, 1.0, 1.0, 0.0, 0.0, 0.544836289731, 23.0, 0.0, 7.69301506526
0.0, 0.0, 0.0, 0.0, 1.0, 0.0, 1.0, 0.0, 0.0, 0.0, 0.0, 0.0, 1.0, 1.0, 1.0, 1.0, 1.0, 0.0, 0.0, 1.0, 0.0, 0.0, 0.0153230428126, 1.0, 1.0, 0.31654139555, 0.0, 0.544836289731, 23.0, 0.0, 7.69301506526
0.0, 0.0, 0.0, 0.0, 1.0, 0.0, 1.0, 0.0, 0.0, 0.0, 0.0, 0.0, 1.0, 1.0, 1.0, 1.0, 1.0, 0.0, 0.0, 1.0, 0.0, 0.0, 0.0153230428126, 1.0, 1.0, 0.31654139555, 0.0, 0.544836289731, 23.0, 0.0, 7.69301506526
0.0, 0.0, 0.0, 0.0, 1.0, 0.0, 1.0, 0.0, 0.0, 0.0, 0.0, 0.0, 1.0, 1.0, 1.0, 1.0, 1.0, 0.0, 0.0, 1.0, 0.0, 0.0, 0.0, 1.0, 1.0, 0.0, 0.0, 0.544836289731, 23.0, 0.0, 7.69301506526
0.0, 0.0, 0.0, 0.0, 1.0, 0.0, 1.0, 0.0, 0.0, 0.0, 0.0, 0.0, 1.0, 1.0, 1.0, 1.0, 1.0, 0.0, 0.0, 1.0, 0.0, 0.0, 0.0153230428126, 1.0, 1.0, 0.31654139555, 0.0, 0.544836289731, 23.0, 0.0, 7.69301506526
0.0, 0.0, 0.0, 1.0, 0.0, 1.0, 0.948638857736, 0.0, 0.0, 1.0, 0.0, 0.0, 0.0, 1.0, 1.0, 0.505628134467, 0.0, 0.0, 0.0, 0.0, 1.0, 0.0, 0.714330909306, 1.0, 0.0, 0.0, 0.0, 1.0, 20.0, 0.0, 8.70378617713
0.0, 0.0, 0.0, 1.0, 0.0, 1.0, 0.948638857736, 0.0, 0.0, 1.0, 0.0, 0.0, 0.0, 1.0, 1.0, 0.505628134467, 0.0, 0.0, 0.0, 0.0, 1.0, 0.0, 0.714330909306, 1.0, 0.0, 0.0, 0.0, 1.0, 20.0, 0.0, 8.70378617713
0.0, 0.0302108648719, 0.155127897347, 0.0, 0.0, 1.0, 0.0, 0.0, 1.0, 0.0, 0.0, 0.057864803339, 1.0, 1.0, 1.0, 1.0, 0.651256097747, 0.0, 0.0, 0.0, 0.0, 1.0, 0.28367555096, 0.0, 1.0, 0.0, 1.0, 0.0, 21.0, 0.0, 8.64480925441
0.0, 0.0302108648719, 0.155127897347, 0.0, 0.0, 1.0, 0.0, 0.0, 1.0, 0.0, 0.0, 0.057864803339, 1.0, 1.0, 1.0, 1.0, 0.651256097747, 0.0, 0.0, 0.0, 0.0, 1.0, 0.28367555096, 0.0, 1.0, 0.0, 1.0, 0.0, 21.0, 0.0, 8.64480925441
0.0, 0.0459933972034, 0.0, 0.0, 0.0, 0.074018958124, 0.0, 0.0, 1.0, 1.0, 0.0, 0.0, 0.0, 0.0, 0.0, 1.0, 0.0, 0.403755708365, 0.0, 0.0, 0.0, 0.0, 0.0, 0.0, 0.0, 0.0, 0.0, 0.0, 43.0, 1.0, 3.06110347853
0.0, 0.0459933972034, 0.0, 0.0, 0.0, 0.074018958124, 0.0, 0.0, 1.0, 1.0, 0.0, 0.0, 0.0, 0.0, 0.0, 1.0, 0.0, 0.403755708365, 0.0, 0.0, 0.0, 0.0, 0.0, 0.0, 0.0, 0.0, 0.0, 0.0, 43.0, 1.0, 3.06110347853
0.0, 0.0, 0.0, 0.149999398853, 0.0, 0.0, 0.0, 0.0, 0.0, 0.509317745036, 0.0, 0.0, 0.0, 1.0, 0.577401008404, 1.0, 0.0, 0.0, 0.0, 0.0, 0.0, 1.0, 1.0, 1.0, 0.946890017923, 0.446616640683, 0.46915434709, 0.0, 29.0, 1.0, 4.99471683464
0.0, 0.0, 0.0, 0.149999398853, 0.0, 0.0, 0.0, 0.0, 0.0, 0.509317745036, 0.0, 0.0, 0.0, 1.0, 0.577401008404, 1.0, 0.0, 0.0, 0.0, 0.0, 0.0, 1.0, 1.0, 1.0, 0.946890017923, 0.446616640683, 0.46915434709, 0.0, 29.0, 1.0, 4.99471683464
0.444341055194, 0.0, 0.0, 0.0, 0.0, 0.0, 0.69888659452, 0.0, 0.0, 0.0, 0.0, 0.0, 0.0, 0.0, 0.0, 1.0, 0.0, 0.0, 0.0, 0.0, 0.0, 0.0, 0.0, 0.0, 0.0, 0.0, 0.0, 0.0, 44.0, 0.0, 2.27359741499
0.444341055194, 0.0300275872627, 0.0, 0.0, 0.0, 0.0, 0.896594547983, 0.0, 0.0, 0.459162928992, 0.0, 0.0, 0.0, 0.0, 0.0, 1.0, 0.0, 0.0, 0.0, 0.0, 0.0, 0.0, 0.0, 0.0, 0.0765998074135, 0.0, 0.0, 0.410004562124, 44.0, 0.0, 2.27359741499
0.444341055194, 0.181837607809, 0.0, 0.0, 0.0, 0.0, 0.896594547983, 0.0, 0.0, 0.0, 0.0, 0.0, 0.0, 0.0, 0.0, 1.0, 0.0, 0.0, 0.0, 0.0, 0.0, 0.0, 0.0, 0.0, 0.0, 0.17532527014, 0.0, 0.0, 44.0, 0.0, 2.27359741499
0.444341055194, 0.0, 0.0, 0.0, 0.0, 0.0, 0.69888659452, 0.0, 0.0, 0.0, 0.0, 0.287914226534, 0.0, 0.0, 0.0, 1.0, 0.0, 0.0, 0.0, 0.0, 0.0, 0.0, 0.0, 0.0, 0.0765998074135, 0.0, 0.0, 0.0, 44.0, 0.0, 2.27359741499
0.444341055194, 0.0, 0.0, 0.0, 0.0, 0.0, 0.69888659452, 0.0, 0.0, 0.0, 0.0, 0.0, 0.0, 0.0, 0.0, 1.0, 0.0, 0.0, 0.0, 0.0, 0.0, 0.0, 0.0, 0.0, 0.0, 0.0, 0.0, 0.0, 44.0, 0.0, 2.27359741499
0.444341055194, 0.0300275872627, 0.0, 0.0, 0.0, 0.0, 0.896594547983, 0.0, 0.0, 0.459162928992, 0.0, 0.0, 0.0, 0.0, 0.0, 1.0, 0.0, 0.0, 0.0, 0.0, 0.0, 0.0, 0.0, 0.0, 0.0765998074135, 0.0, 0.0, 0.410004562124, 44.0, 0.0, 2.27359741499
0.444341055194, 0.181837607809, 0.0, 0.0, 0.0, 0.0, 0.896594547983, 0.0, 0.0, 0.0, 0.0, 0.0, 0.0, 0.0, 0.0, 1.0, 0.0, 0.0, 0.0, 0.0, 0.0, 0.0, 0.0, 0.0, 0.0, 0.17532527014, 0.0, 0.0, 44.0, 0.0, 2.27359741499
0.444341055194, 0.0, 0.0, 0.0, 0.0, 0.0, 0.69888659452, 0.0, 0.0, 0.0, 0.0, 0.287914226534, 0.0, 0.0, 0.0, 1.0, 0.0, 0.0, 0.0, 0.0, 0.0, 0.0, 0.0, 0.0, 0.0765998074135, 0.0, 0.0, 0.0, 44.0, 0.0, 2.27359741499
1.0, 0.0, 0.0312310102159, 0.0, 0.66863011811, 0.0, 1.0, 0.0, 0.0, 0.0, 0.0, 0.0, 1.0, 1.0, 0.46964392559, 1.0, 0.399659174966, 0.708905985166, 1.0, 1.0, 0.650497711027, 0.0, 1.0, 1.0, 1.0, 0.0, 0.0, 1.0, 15.0, 1.0, 10.1775883903
1.0, 0.0, 0.0312310102159, 0.0, 0.66863011811, 0.0, 1.0, 0.0, 0.0, 0.0, 0.0, 0.0, 1.0, 1.0, 0.46964392559, 1.0, 0.399659174966, 0.708905985166, 1.0, 1.0, 0.650497711027, 0.0, 1.0, 1.0, 1.0, 0.0, 0.0, 1.0, 15.0, 1.0, 10.1775883903
0.0, 0.0, 0.0, 0.0, 1.0, 1.0, 0.0, 0.0, 0.0, 0.0, 0.0469324889652, 0.111644364731, 0.0, 0.0, 0.0, 1.0, 0.0, 0.914774352458, 0.0, 1.0, 0.0, 1.0, 0.0, 0.0, 0.0, 0.372902954951, 0.0, 0.0, 34.0, 0.0, 4.04022412114
0.0, 0.0, 0.0, 0.450488212978, 1.0, 1.0, 0.0, 0.0, 0.0, 0.0, 0.0469324889652, 0.111644364731, 0.0, 0.0, 0.0, 1.0, 0.0, 0.895272982008, 0.0, 1.0, 0.0, 1.0, 0.0, 0.0, 0.0, 0.0, 0.0938438086269, 0.0, 34.0, 0.0, 4.04022412114
0.0, 0.0, 0.0, 0.0, 1.0, 1.0, 0.0, 0.0, 0.0, 0.0, 0.0469324889652, 0.111644364731, 0.0, 0.0, 0.0, 1.0, 0.0, 0.895272982008, 0.0, 1.0, 0.0, 1.0, 0.0, 0.0, 0.0, 0.372902954951, 0.0, 0.0, 34.0, 0.0, 4.04022412114
0.0, 0.0, 0.0, 0.0, 1.0, 1.0, 0.0, 0.0, 0.0, 0.0, 0.0469324889652, 0.111644364731, 0.0, 0.0, 0.0, 1.0, 0.0, 0.914774352458, 0.0, 1.0, 0.0, 1.0, 0.0, 0.0, 0.0, 0.372902954951, 0.0, 0.0, 34.0, 0.0, 4.04022412114
0.0, 0.0, 0.0, 0.450488212978, 1.0, 1.0, 0.0, 0.0, 0.0, 0.0, 0.0469324889652, 0.111644364731, 0.0, 0.0, 0.0, 1.0, 0.0, 0.895272982008, 0.0, 1.0, 0.0, 1.0, 0.0, 0.0, 0.0, 0.0, 0.0938438086269, 0.0, 34.0, 0.0, 4.04022412114
0.0, 0.0, 0.0, 0.0, 1.0, 1.0, 0.0, 0.0, 0.0, 0.0, 0.0469324889652, 0.111644364731, 0.0, 0.0, 0.0, 1.0, 0.0, 0.895272982008, 0.0, 1.0, 0.0, 1.0, 0.0, 0.0, 0.0, 0.372902954951, 0.0, 0.0, 34.0, 0.0, 4.04022412114
0.0, 0.0, 0.0, 0.0, 0.0, 1.0, 0.0, 0.144041579444, 1.0, 0.0, 0.0, 0.0, 0.0, 1.0, 0.0795534685448, 1.0, 0.0, 1.0, 1.0, 1.0, 1.0, 0.0, 0.166731215514, 0.0, 0.0, 0.0, 0.0, 0.0, 29.0, 0.0, 6.06346100475
0.0, 0.0, 0.0, 0.0, 0.0, 1.0, 0.0, 0.144041579444, 1.0, 0.0, 0.0, 0.0, 0.0, 1.0, 0.0795534685448, 1.0, 0.0, 1.0, 1.0, 1.0, 1.0, 0.0, 0.166731215514, 0.0, 0.0, 0.0, 0.0, 0.0, 29.0, 0.0, 6.06346100475
0.0, 0.0, 0.0, 0.0, 1.0, 0.0, 1.0, 0.0, 0.0, 0.0, 0.0, 0.0, 1.0, 1.0, 1.0, 1.0, 1.0, 0.0891502504752, 0.0, 1.0, 0.0, 0.0, 0.0, 1.0, 0.365546747875, 0.0, 0.0, 0.544836289731, 24.0, 0.0, 7.28156331918
0.0, 0.0, 0.0, 0.0, 1.0, 0.0, 1.0, 0.0, 0.0, 0.0, 0.0, 0.0, 1.0, 1.0, 1.0, 1.0, 1.0, 0.0891502504752, 0.0, 1.0, 0.0, 0.0, 0.0, 1.0, 0.365546747875, 0.0, 0.0, 0.544836289731, 24.0, 0.0, 7.28156331918
0.0, 0.0, 0.0, 0.0, 0.0, 1.0, 0.0, 0.0, 1.0, 0.0, 0.693601052396, 0.0, 1.0, 1.0, 1.0, 1.0, 0.651256097747, 0.0, 0.0, 0.0, 0.0, 1.0, 1.0, 0.0, 1.0, 0.0, 1.0, 0.0, 16.0, 0.0, 9.9427369781
0.0, 0.0, 0.0, 0.0, 0.0, 1.0, 0.0, 0.0, 1.0, 0.0, 0.693601052396, 0.0, 1.0, 1.0, 1.0, 1.0, 0.651256097747, 0.0, 0.0, 0.0, 0.0, 1.0, 1.0, 0.0, 1.0, 0.0, 1.0, 0.0, 16.0, 0.0, 9.9427369781
0.0, 0.0, 0.409409149021, 0.149999398853, 0.0, 0.0, 0.0, 0.0, 0.0, 0.509317745036, 0.0, 0.0, 0.0, 1.0, 0.577401008404, 1.0, 0.0, 0.0, 0.0, 0.0, 0.0, 1.0, 1.0, 1.0, 0.946890017923, 0.446616640683, 0.934317435604, 0.0, 25.0, 1.0, 6.06524809967
0.0, 0.0, 0.409409149021, 0.149999398853, 0.0, 0.0, 0.0, 0.0, 0.0, 0.509317745036, 0.0, 0.0, 0.0, 1.0, 0.577401008404, 1.0, 0.0, 0.0, 0.0, 0.0, 0.0, 1.0, 1.0, 1.0, 0.946890017923, 0.446616640683, 0.934317435604, 0.0, 25.0, 1.0, 6.06524809967
1.0, 0.0, 1.0, 0.237659533714, 0.92934082965, 0.0, 1.0, 0.0, 0.373327888761, 0.0, 0.142232514816, 0.60664205047, 0.777020564079, 1.0, 1.0, 0.896491436592, 0.399659174966, 1.0, 1.0, 1.0, 0.0, 0.0, 1.0, 0.818879077138, 1.0, 0.0, 0.0, 1.0, 12.0, 0.0, 12.7604437369
1.0, 0.0, 1.0, 0.237659533714, 0.92934082965, 0.0, 1.0, 0.0, 0.373327888761, 0.0, 0.142232514816, 0.60664205047, 0.777020564079, 1.0, 1.0, 0.896491436592, 0.399659174966, 1.0, 1.0, 1.0, 0.0, 0.0, 1.0, 0.818879077138, 1.0, 0.0, 0.0, 1.0, 12.0, 0.0, 12.7604437369
0.0, 0.0, 0.0, 0.0, 0.0, 0.0, 0.0, 0.0, 0.0, 0.509317745036, 0.0, 0.0, 0.0, 1.0, 0.0, 0.878841662526, 0.0, 0.0, 0.0, 0.0, 0.0, 1.0, 0.92097040678, 1.0, 0.948847058357, 0.446616640683, 1.0, 0.0, 26.0, 2.0, 5.77836858029
0.0, 0.0, 0.0, 0.0, 0.0, 0.0, 0.0, 0.0, 0.0, 0.509317745036, 0.0, 0.0, 0.0, 1.0, 0.0, 0.878841662526, 0.0, 0.0, 0.0, 0.0, 0.0, 1.0, 0.92097040678, 1.0, 0.948847058357, 0.446616640683, 1.0, 0.0, 26.0, 2.0, 5.77836858029
0.0, 0.0, 0.0, 0.0, 0.0, 0.0, 0.0, 0.0, 0.0, 0.509317745036, 0.0, 0.0, 0.0, 1.0, 0.0, 0.878841662526, 0.0, 0.0, 0.30189765417, 0.837813935722, 0.0, 1.0, 0.92097040678, 1.0, 0.946890017923, 0.446616640683, 1.0, 0.0, 22.0, 2.0, 6.50623756203
0.0, 0.0, 0.0, 0.0, 0.0, 0.0, 0.0, 0.0, 0.0, 0.509317745036, 0.0, 0.0, 0.0, 1.0, 0.0, 0.878841662526, 0.0, 0.0, 0.30189765417, 0.837813935722, 0.0, 1.0, 0.92097040678, 1.0, 0.946890017923, 0.446616640683, 1.0, 0.0, 22.0, 2.0, 6.50623756203
0.0, 0.0, 0.0, 0.0, 1.0, 0.0, 0.0, 1.0, 0.0, 0.4584945704, 0.320960790991, 0.0, 0.0, 0.0, 0.572212517173, 1.0, 0.0, 0.0, 0.0, 0.0, 1.0, 0.0, 0.0, 0.890578856387, 0.0, 0.0, 0.0, 0.0, 30.0, 1.0, 4.681449362
0.0, 0.0, 0.0, 0.0, 1.0, 0.0, 0.0, 1.0, 0.0, 0.4584945704, 0.320960790991, 0.0, 0.0, 0.0, 0.572212517173, 1.0, 0.0, 0.0, 0.0, 0.0, 1.0, 0.0, 0.0, 0.890578856387, 0.0, 0.0, 0.0, 0.0, 30.0, 1.0, 4.681449362
0.0, 0.0, 0.0, 0.0, 1.0, 0.0, 0.0, 1.0, 0.0, 0.4584945704, 0.320960790991, 0.0, 0.0, 0.0, 0.0, 1.0, 0.0, 0.0, 0.0, 0.0, 1.0, 0.0, 0.0, 0.0, 0.0, 0.0, 0.0, 0.0, 38.0, 1.0, 3.91728015513
1.0, 0.0, 1.0, 1.0, 1.0, 1.0, 1.0, 1.0, 0.0, 1.0, 0.0, 0.0, 1.0, 1.0, 1.0, 1.0, 1.0, 1.0, 0.539525803925, 1.0, 0.0, 1.0, 1.0, 1.0, 1.0, 0.0, 0.0, 0.0474868698979, 8.0, 0.0, 16.509275337
1.0, 0.0, 1.0, 1.0, 1.0, 1.0, 1.0, 1.0, 0.0, 1.0, 0.0, 0.0, 1.0, 1.0, 1.0, 1.0, 1.0, 1.0, 0.539525803925, 1.0, 0.0, 1.0, 1.0, 1.0, 1.0, 0.0, 0.0, 0.0474868698979, 8.0, 0.0, 16.509275337
0.0, 0.0, 0.0, 0.0, 0.0, 0.074018958124, 0.0, 0.0, 1.0, 0.0, 0.0, 0.0, 0.0, 0.0, 0.0, 1.0, 0.476648179866, 0.0, 0.0, 0.0, 0.0, 0.0, 0.0, 0.0, 0.0, 0.0, 0.0, 0.0, 44.0, 0.0, 2.36709461606
0.0, 0.0, 0.0, 0.0, 0.0, 0.074018958124, 0.0, 0.0, 1.0, 0.0, 0.0, 0.0, 0.0, 0.0, 0.0, 1.0, 0.476648179866, 0.0, 0.0, 0.0, 0.0, 0.0, 0.0, 0.0, 0.0, 0.0, 0.0, 0.0, 44.0, 0.0, 2.36709461606
0.0, 1.0, 0.0, 1.0, 0.554516866505, 0.0, 1.0, 0.0, 0.0, 0.0, 0.0, 0.0, 0.0, 0.699728959626, 1.0, 1.0, 0.0, 0.0, 0.0, 0.0, 1.0, 0.0, 1.0, 1.0, 1.0, 0.0, 0.700587453501, 0.0, 19.0, 1.0, 9.21809879737
1.0, 0.0, 1.0, 1.0, 0.457514121548, 0.267801519747, 0.0, 1.0, 0.0, 0.173738009602, 0.0, 1.0, 0.0, 1.0, 0.0, 1.0, 0.0, 1.0, 1.0, 0.43300566788, 1.0, 0.0, 1.0, 0.0, 1.0, 0.0, 1.0, 0.0, 10.0, 0.0, 13.9075451643
0.272154199191, 1.0, 0.0, 1.0, 1.0, 1.0, 0.0, 1.0, 1.0, 0.00782964439428, 0.0, 0.0, 0.0, 0.0, 1.0, 1.0, 1.0, 0.624642945372, 1.0, 1.0, 0.926178916085, 0.0, 0.0, 1.0, 0.0, 0.0, 0.0, 0.0, 15.0, 0.0, 12.3590496477
0.0, 1.0, 0.0, 1.0, 0.0, 0.0, 1.0, 0.322956140545, 0.0, 0.0, 0.0, 0.575505881585, 0.0, 1.0, 1.0, 1.0, 0.0, 0.0, 0.0, 0.0, 1.0, 0.0, 1.0, 0.663569762627, 1.0, 0.0, 1.0, 0.0, 16.0, 0.0, 10.2069837194
0.598922521928, 1.0, 0.0, 1.0, 0.0, 0.51890352916, 1.0, 1.0, 0.597099884766, 1.0, 0.0, 0.0, 0.384143460942, 1.0, 0.615842731467, 1.0, 0.0, 0.0, 0.0, 0.0, 1.0, 0.0, 1.0, 1.0, 0.413034570321, 0.0, 0.0, 0.773283873188, 13.0, 0.0, 13.6626629802
0.0, 0.762527710701, 0.250390893499, 0.0, 0.318193897633, 0.0, 0.62193653186, 0.0, 1.0, 0.0, 0.0, 0.0, 0.0, 1.0, 1.0, 1.0, 0.69104080895, 0.0, 1.0, 0.0, 1.0, 0.0, 1.0, 0.0, 1.0, 0.0, 0.0, 0.0, 23.0, 0.0, 8.71270551149
0.0, 0.0, 0.0, 0.0, 0.0, 1.0, 0.0, 0.0, 0.191909003769, 0.0, 0.0, 0.197574695392, 0.0, 1.0, 0.0795534685448, 1.0, 0.0, 1.0, 1.0, 1.0, 1.0, 0.0, 0.104314871754, 0.0, 0.0, 0.0, 0.0, 0.290934140165, 30.0, 0.0, 5.30002476174
0.0, 0.0, 0.410130171394, 0.0, 1.0, 0.0, 1.0, 0.381452765092, 1.0, 0.0, 0.0, 0.0, 0.0, 0.0, 0.0, 1.0, 0.0, 0.0, 1.0, 1.0, 0.0, 1.0, 0.0, 0.0, 0.0854007427986, 0.0, 1.0, 0.0, 29.0, 0.0, 6.10063163187
0.0, 0.0, 0.0, 0.0, 0.0, 0.0, 1.0, 0.0, 1.0, 0.0, 0.0, 0.0, 0.0, 1.0, 0.0, 1.0, 0.0, 0.0280134463947, 0.0, 0.0, 0.0, 0.0, 0.0, 0.0, 0.0, 0.0, 0.0, 0.0, 39.0, 0.0, 3.90508280141
0.0, 0.0, 0.0, 0.0, 0.0, 0.0, 1.0, 0.0, 1.0, 0.0, 0.0, 0.0, 0.0, 1.0, 0.0, 1.0, 0.0, 0.0280134463947, 0.0, 0.0, 0.0, 0.0, 0.0, 0.0, 0.0, 0.0, 0.0, 0.0, 39.0, 0.0, 3.90508280141
0.0, 1.0, 0.0, 0.0, 0.0, 0.0, 0.405206384973, 0.0, 1.0, 0.0, 0.0, 0.0, 0.0, 1.0, 1.0, 1.0, 0.0, 0.0, 1.0, 0.0, 1.0, 0.0, 1.0, 0.33901713009, 0.0, 0.0, 0.0, 0.0, 26.0, 0.0, 6.80122845324
0.0, 1.0, 0.250390893499, 0.0, 0.0, 0.0, 0.62193653186, 0.0, 1.0, 0.0, 0.0, 0.0, 0.0752034446937, 0.751907250749, 1.0, 0.893987221488, 0.0, 0.0, 1.0, 0.0, 1.0, 0.0, 1.0, 0.0, 0.0, 0.0, 0.0, 0.0, 25.0, 0.0, 7.47116749519
0.337127254171, 0.0, 0.0, 0.284805527872, 0.0, 0.0, 0.504915491837, 0.0, 1.0, 0.0, 0.0, 1.0, 1.0, 1.0, 0.0, 1.0, 0.337845257003, 1.0, 0.193494842071, 1.0, 1.0, 0.0, 0.0, 0.0, 1.0, 0.091989572862, 1.0, 0.0, 17.0, 0.0, 9.52070122519
