1.0, 0.0, 1.0, 1.0, 1.0, 1.0, 1.0, 1.0, 0.0, 1.0, 0.0, 0.0, 1.0, 1.0, 1.0, 1.0, 0.898284690793, 1.0, 0.65659766595, 1.0, 0.0, 0.959889799276, 0.813086827602, 1.0, 1.0, 0.0, 0.0, 0.528332119656, 4.0, 0.0, 17.3736267997
1.0, 0.0, 0.864832239621, 1.0, 1.0, 1.0, 1.0, 1.0, 0.0, 1.0, 0.0, 0.0, 1.0, 1.0, 1.0, 1.0, 0.586458244453, 1.0, 0.65659766595, 1.0, 0.0, 0.959889799276, 0.813086827602, 1.0, 1.0, 0.0, 0.0, 0.528332119656, 4.0, 0.0, 17.3736267997
0.0, 0.0, 0.0, 0.0, 0.664549963642, 0.375813689072, 0.0, 0.0, 0.0, 0.509317745036, 0.0, 0.0, 0.0, 1.0, 0.0, 0.669171411542, 0.0, 0.0, 0.30189765417, 0.837813935722, 0.0, 1.0, 0.92097040678, 1.0, 0.447146894282, 0.446616640683, 1.0, 0.0, 22.0, 2.0, 6.30521890401
0.309378822892, 0.0300275872627, 0.0, 0.0, 0.0, 0.0, 0.0, 0.0, 0.0, 0.0, 0.0353464223336, 0.0, 0.0, 0.0, 0.0, 1.0, 0.0, 0.0, 0.0, 0.0, 0.0, 0.683222653571, 0.0, 0.0, 0.0765998074135, 0.0, 0.35613157616, 0.410004562124, 41.0, 0.0, 2.02798307586
0.309378822892, 0.0300275872627, 0.0, 0.0, 0.0, 0.0, 0.0, 0.0, 0.0, 0.0, 0.0353464223336, 0.0, 0.0, 0.0, 0.0, 1.0, 0.0, 0.0, 0.0, 0.0, 0.0, 0.683222653571, 0.0, 0.0, 0.0765998074135, 0.0, 0.35613157616, 0.410004562124, 41.0, 0.0, 2.02798307586
0.0, 0.0, 0.0, 0.0, 1.0, 0.155156982252, 0.0, 1.0, 0.0, 0.4584945704, 0.00399875554275, 0.0, 0.2570205591, 0.0, 0.572212517173, 0.207711932892, 0.0, 0.0, 0.0, 0.0, 1.0, 0.0, 0.0, 0.890578856387, 0.0, 0.0, 0.445542970301, 0.42908126257, 34.0, 1.0, 3.07779098895
0.0, 0.0, 0.409409149021, 0.0370752571066, 0.0, 0.0, 0.0, 0.0, 0.0, 0.509317745036, 0.0, 0.0, 0.0, 1.0, 0.577401008404, 0.794385208667, 0.0, 0.0, 0.20264183953, 0.542451050758, 0.0, 1.0, 1.0, 1.0, 0.946890017923, 0.446616640683, 0.983021121204, 0.0, 21.0, 1.0, 6.79311708142
0.995546739247, 0.0, 0.0312310102159, 0.0482173399808, 0.66863011811, 0.0, 1.0, 0.0, 0.0, 0.0, 0.678086359283, 0.0, 1.0, 1.0, 0.46964392559, 0.598636268726, 0.399659174966, 0.708905985166, 0.558352720034, 1.0, 0.968848245022, 0.0, 1.0, 1.0, 1.0, 0.0, 0.0, 1.0, 11.0, 2.0, 11.0084152103
1.0, 0.0, 1.0, 0.522853791122, 0.796312326902, 0.0, 1.0, 0.0, 0.373327888761, 0.217901730711, 0.176625505014, 0.60664205047, 1.0, 1.0, 1.0, 1.0, 0.399659174966, 1.0, 1.0, 1.0, 0.0, 0.0, 1.0, 1.0, 1.0, 0.0, 0.0, 1.0, 10.0, 0.0, 13.7842875677
0.0, 0.77400075001, 0.0, 0.879163273377, 0.0, 0.936178925265, 1.0, 0.322956140545, 0.0, 0.0, 0.0, 0.575505881585, 0.0, 1.0, 0.697314680578, 1.0, 0.0, 0.0, 0.0, 0.619508859821, 1.0, 0.0, 1.0, 0.82689158717, 1.0, 0.0, 1.0, 0.0, 11.0, 0.0, 11.4108836675
1.0, 0.0, 0.226107816187, 0.0, 0.684163922232, 0.169855145685, 0.74229325198, 0.0, 0.0, 0.0, 0.0, 0.0, 1.0, 1.0, 1.0, 1.0, 0.399659174966, 1.0, 1.0, 1.0, 0.650497711027, 0.0, 1.0, 1.0, 1.0, 0.0, 0.0, 1.0, 14.0, 0.0, 10.4644679097
0.112728894105, 1.0, 0.0, 0.0, 0.397770046363, 0.0, 0.0, 0.0, 1.0, 0.0, 0.0, 0.0, 0.0, 0.0, 0.0, 0.189595632769, 0.0, 0.0447045909681, 0.0, 0.0, 1.0, 0.0, 0.00224250129942, 0.0, 0.0, 0.0656270637056, 1.0, 0.11783202417, 39.0, 0.0, 3.08632467249
0.0, 0.035669324117, 0.0, 0.00310681767615, 0.0, 0.0, 0.0, 0.295985968674, 0.0, 0.509317745036, 0.0, 0.0, 0.0, 1.0, 0.577401008404, 0.870047407035, 0.0, 0.0, 0.0, 0.0, 0.0, 1.0, 1.0, 1.0, 0.946890017923, 0.446616640683, 0.46915434709, 0.0, 29.0, 1.0, 4.99471683464
0.0, 0.0, 0.0, 0.0, 1.0, 0.0, 0.0, 1.0, 0.0, 0.4584945704, 0.00399875554275, 0.0, 0.2570205591, 0.0, 0.572212517173, 0.438466864847, 0.0, 0.0, 0.129611725233, 0.0, 1.0, 0.0, 0.0, 0.890578856387, 0.0, 0.0, 0.445542970301, 0.0, 34.0, 1.0, 3.07779098895
0.0, 0.0, 0.409409149021, 0.149999398853, 0.0, 0.0, 0.0, 0.0, 0.0, 0.165173322329, 0.0, 0.0, 0.0210911895662, 0.978380919024, 0.577401008404, 1.0, 0.0, 0.0, 0.0, 0.0, 0.0, 1.0, 1.0, 1.0, 0.946890017923, 0.446616640683, 0.934317435604, 0.0, 26.0, 0.0, 5.37123923719
0.0, 0.0, 0.0, 0.0, 0.0, 1.0, 0.0, 0.0, 1.0, 0.0, 0.830322887536, 0.0, 0.752029932248, 1.0, 1.0, 1.0, 0.358273824923, 0.0, 0.0, 0.846663254805, 0.0, 1.0, 1.0, 0.579215568826, 1.0, 0.0, 1.0, 0.0, 15.0, 0.0, 9.15045610335
0.0, 0.0, 0.0, 0.0, 0.0, 1.0, 0.0, 0.0, 1.0, 0.0, 0.575171797628, 0.0, 0.402005452612, 0.745752476687, 0.996105654682, 1.0, 0.651256097747, 0.0, 0.0, 0.0, 0.0, 1.0, 1.0, 0.0, 1.0, 0.0, 1.0, 0.0, 17.0, 0.0, 8.96168312312
0.252525877924, 0.265683552487, 0.0, 0.0, 1.0, 0.123409295521, 1.0, 0.26061052601, 0.0, 0.0, 0.0, 0.0, 1.0, 0.918934525368, 1.0, 0.781783930543, 1.0, 0.266022707552, 0.0, 1.0, 0.976600720204, 0.0, 0.0, 1.0, 0.365546747875, 0.0540020424946, 0.0, 0.544836289731, 20.0, 0.0, 7.67763267101
1.0, 0.783597265638, 1.0, 1.0, 0.0, 1.0, 0.0, 1.0, 0.0, 1.0, 0.0, 1.0, 0.0, 1.0, 0.0, 1.0, 0.0, 1.0, 1.0, 0.347171329346, 1.0, 0.0, 0.952528904725, 0.0, 1.0, 0.0, 1.0, 0.0902675190087, 6.0, 0.0, 16.5909599037
0.0, 0.0941500584999, 0.0, 0.0, 1.0, 0.0, 1.0, 0.0, 1.0, 0.0, 0.0, 0.0, 0.0, 0.0, 0.0, 1.0, 0.0, 0.0, 1.0, 0.972992631635, 0.0, 1.0, 0.0, 0.0, 0.507782668715, 0.0, 0.621020697098, 0.0, 25.0, 0.0, 6.74350058295
1.0, 0.0, 0.842633151833, 1.0, 0.0, 0.792157313195, 0.0, 1.0, 0.0, 1.0, 0.0, 1.0, 0.0666969297658, 1.0, 0.0, 1.0, 0.0, 1.0, 1.0, 0.0, 0.948830537211, 0.0, 1.0, 0.0, 0.689906351388, 0.0, 1.0, 0.0, 7.0, 0.0, 15.7346720911
0.0, 0.423766859636, 0.0, 0.0, 0.578251724111, 0.0, 0.0, 0.458051290124, 0.0, 0.4584945704, 0.320960790991, 0.0401436445811, 0.0, 0.0, 0.626200047014, 0.869654982889, 0.421457915554, 0.0, 0.165993112391, 0.660173962333, 0.619995568742, 0.0, 0.0, 0.0, 0.0, 0.0444059419327, 0.0180827695795, 0.0, 32.0, 0.0, 3.4629554178
1.0, 0.0, 1.0, 0.522853791122, 0.796312326902, 0.0, 1.0, 0.0, 0.373327888761, 0.0, 0.176625505014, 0.60664205047, 1.0, 1.0, 1.0, 1.0, 0.399659174966, 1.0, 1.0, 1.0, 0.0, 0.0, 1.0, 1.0, 1.0, 0.0, 0.0, 1.0, 10.0, 0.0, 13.7842875677
1.0, 0.0, 1.0, 1.0, 0.0, 0.254517479786, 0.153822959502, 1.0, 0.0, 0.855622069899, 0.0, 1.0, 0.0, 1.0, 0.0, 1.0, 0.0, 1.0, 1.0, 0.0, 0.847885944312, 0.0, 1.0, 0.0, 1.0, 0.0, 0.648542130142, 0.0, 9.0, 0.0, 14.6015540268
0.112728894105, 1.0, 0.0, 0.0, 0.397770046363, 0.0, 0.0, 0.0, 1.0, 0.0, 0.0, 0.0, 0.0, 0.0, 0.0, 0.189595632769, 0.0, 0.0447045909681, 0.0, 0.0, 1.0, 0.0, 0.00224250129942, 0.0, 0.0, 0.0656270637056, 1.0, 0.11783202417, 39.0, 0.0, 3.08632467249
1.0, 0.783597265638, 1.0, 1.0, 0.0, 1.0, 0.0, 1.0, 0.0, 0.855622069899, 0.0, 1.0, 0.0, 1.0, 0.0, 1.0, 0.0, 1.0, 1.0, 0.0, 0.859554904291, 0.0, 1.0, 0.0, 1.0, 0.0, 1.0, 0.0902675190087, 6.0, 0.0, 16.5909599037
0.252525877924, 0.265683552487, 0.0, 0.0, 1.0, 0.123409295521, 1.0, 0.26061052601, 0.0, 0.0, 0.0, 0.0, 1.0, 0.918934525368, 1.0, 0.781783930543, 1.0, 0.266022707552, 0.0, 1.0, 0.976600720204, 0.0, 0.0, 1.0, 0.365546747875, 0.0540020424946, 0.0, 0.544836289731, 20.0, 0.0, 7.67763267101
0.0, 0.340570136941, 0.0, 0.149999398853, 0.0, 0.128412777509, 0.0, 0.0, 0.428308538759, 0.4990409339, 0.0, 0.0, 0.08073882934, 1.0, 0.577401008404, 1.0, 0.0, 0.0, 0.0, 0.0, 0.0, 1.0, 1.0, 1.0, 0.946890017923, 0.195992875622, 0.46915434709, 0.0, 30.0, 0.0, 4.30070797217
1.0, 0.115388155376, 1.0, 1.0, 0.0, 0.961634373217, 0.0, 1.0, 0.0, 1.0, 0.0, 1.0, 0.0, 1.0, 0.0, 1.0, 0.0, 1.0, 1.0, 0.0, 0.847885944312, 0.293218852025, 1.0, 0.0, 1.0, 0.0, 0.930156770797, 0.0, 7.0, 0.0, 15.7346720911
1.0, 0.0, 0.842633151833, 1.0, 0.0, 1.0, 0.0, 1.0, 0.0, 1.0, 0.0, 1.0, 0.0, 1.0, 0.0, 1.0, 0.0, 0.150969132622, 1.0, 0.0, 0.948830537211, 0.123391186441, 1.0, 0.0, 1.0, 0.0, 1.0, 0.0, 8.0, 0.0, 15.136764082
0.0, 0.0, 0.0, 0.0, 0.226842414793, 0.0, 0.0, 0.0, 0.0, 0.509317745036, 0.698780354285, 0.0, 0.0, 1.0, 0.0, 0.878841662526, 0.0, 0.0, 0.30189765417, 0.837813935722, 0.0, 1.0, 0.92097040678, 1.0, 0.530562747569, 0.467487678406, 1.0, 0.0, 18.0, 2.0, 7.33706438203
1.0, 0.0, 0.842633151833, 1.0, 0.0, 1.0, 0.0, 1.0, 0.0, 1.0, 0.0, 1.0, 0.0, 1.0, 0.0, 1.0, 0.0, 0.150969132622, 1.0, 0.0, 0.948830537211, 0.123391186441, 1.0, 0.0, 1.0, 0.0, 1.0, 0.0, 8.0, 0.0, 15.136764082
1.0, 0.0, 1.0, 1.0, 0.0, 0.143162982162, 0.0, 1.0, 0.0, 1.0, 0.0, 1.0, 0.0, 1.0, 0.0, 1.0, 0.0, 0.879023882897, 0.663039602476, 0.0, 1.0, 0.293218852025, 1.0, 0.00206650777514, 1.0, 0.0, 1.0, 0.0, 9.0, 0.0, 14.6015540268
0.0, 0.77400075001, 0.0, 1.0, 0.0, 0.0, 1.0, 0.322956140545, 0.0, 0.0, 0.0, 0.575505881585, 0.0, 1.0, 0.697314680578, 1.0, 0.0, 0.244540215379, 0.0, 0.619508859821, 1.0, 0.0, 1.0, 0.937969111545, 1.0, 0.0, 1.0, 0.0, 12.0, 0.0, 10.9348527011
1.0, 0.0, 0.226107816187, 0.0, 0.684163922232, 0.169855145685, 0.74229325198, 0.0, 0.0, 0.0, 0.0, 0.0, 1.0, 1.0, 1.0, 1.0, 0.399659174966, 1.0, 1.0, 1.0, 0.650497711027, 0.0, 1.0, 1.0, 1.0, 0.0, 0.0, 1.0, 14.0, 0.0, 10.4644679097
0.0, 0.77400075001, 0.0, 1.0, 0.0, 0.0, 1.0, 0.322956140545, 0.0, 0.0, 0.0, 0.575505881585, 0.0, 1.0, 0.697314680578, 1.0, 0.0, 0.244540215379, 0.0, 0.619508859821, 1.0, 0.0, 1.0, 0.937969111545, 1.0, 0.0, 1.0, 0.0, 12.0, 0.0, 10.9348527011
0.0, 0.0, 0.0, 0.0, 0.664549963642, 0.375813689072, 0.0, 0.0, 0.0, 0.509317745036, 0.0, 0.0, 0.0, 1.0, 0.0, 0.669171411542, 0.0, 0.0, 0.30189765417, 0.837813935722, 0.0, 1.0, 0.92097040678, 1.0, 0.447146894282, 0.446616640683, 1.0, 0.0, 22.0, 2.0, 6.30521890401
0.0, 0.0187751866296, 0.0, 0.00310681767615, 0.0, 0.0, 0.0, 0.0, 0.0, 0.509317745036, 0.0, 0.0, 0.0, 1.0, 0.577401008404, 0.870047407035, 0.0, 0.0, 0.0, 0.0, 0.0, 1.0, 1.0, 1.0, 0.946890017923, 0.446616640683, 0.46915434709, 0.757324325186, 25.0, 1.0, 5.85906829729
0.0, 0.0, 0.0, 0.0, 0.226842414793, 0.0, 0.0, 0.0, 0.0, 0.59468546737, 0.605645722437, 0.0, 0.0, 1.0, 0.0, 0.878841662526, 0.0, 0.0, 0.30189765417, 0.837813935722, 0.0, 1.0, 0.92097040678, 1.0, 0.973691299092, 0.467487678406, 1.0, 0.0, 18.0, 2.0, 7.33706438203
0.0, 0.340570136941, 0.0, 0.149999398853, 0.0, 0.128412777509, 0.0, 0.0, 0.428308538759, 0.4990409339, 0.0, 0.0401436445811, 0.0, 1.0, 0.577401008404, 1.0, 0.0, 0.0, 0.0, 0.0, 0.0, 1.0, 1.0, 1.0, 0.447146894282, 0.195992875622, 0.46915434709, 0.0, 31.0, 0.0, 3.88925622609
0.0, 0.340570136941, 0.0, 0.149999398853, 0.0, 0.128412777509, 0.0, 0.0, 0.428308538759, 0.4990409339, 0.0, 0.0401436445811, 0.0, 1.0, 0.577401008404, 1.0, 0.0, 0.0, 0.0, 0.0, 0.0, 1.0, 1.0, 1.0, 0.447146894282, 0.195992875622, 0.46915434709, 0.0, 31.0, 0.0, 3.88925622609
0.0, 0.340570136941, 0.0, 0.149999398853, 0.0, 0.128412777509, 0.0, 0.0, 0.428308538759, 0.4990409339, 0.0, 0.0, 0.08073882934, 1.0, 0.577401008404, 1.0, 0.0, 0.0, 0.0, 0.0, 0.0, 1.0, 1.0, 1.0, 0.946890017923, 0.195992875622, 0.46915434709, 0.0, 30.0, 0.0, 4.30070797217
0.0, 0.77400075001, 0.0, 0.879163273377, 0.0, 0.936178925265, 1.0, 0.322956140545, 0.0, 0.0, 0.0, 0.575505881585, 0.0, 1.0, 0.697314680578, 1.0, 0.0, 0.0, 0.0, 0.619508859821, 1.0, 0.0, 1.0, 0.82689158717, 1.0, 0.0, 1.0, 0.0, 11.0, 0.0, 11.4108836675
1.0, 0.2804952558, 0.0312310102159, 0.0482173399808, 0.66863011811, 0.0, 1.0, 0.0534009782321, 0.0, 0.0, 0.750983553164, 0.0, 1.0, 1.0, 0.46964392559, 0.598636268726, 0.388091890402, 0.708905985166, 0.558352720034, 0.560984491666, 0.650497711027, 0.0, 1.0, 1.0, 1.0, 0.0, 0.0, 1.0, 11.0, 2.0, 11.0084152103
0.0, 0.423766859636, 0.0, 0.0, 0.509003625125, 0.0, 0.0, 0.458051290124, 0.0, 0.4584945704, 0.320960790991, 0.0, 0.0, 0.0, 0.626200047014, 1.0, 0.421457915554, 0.0, 0.165993112391, 0.776379060047, 0.619995568742, 0.0, 0.0, 0.0, 0.0, 0.0444059419327, 0.0180827695795, 0.0, 32.0, 0.0, 3.4629554178
0.0, 0.035669324117, 0.0, 0.00310681767615, 0.0, 0.0, 0.0, 0.295985968674, 0.0, 0.509317745036, 0.0, 0.0, 0.0, 1.0, 0.577401008404, 0.870047407035, 0.0, 0.0, 0.0, 0.0, 0.0, 1.0, 1.0, 1.0, 0.946890017923, 0.446616640683, 0.46915434709, 0.0, 29.0, 1.0, 4.99471683464
0.0, 0.0, 0.409409149021, 0.149999398853, 0.0, 0.0, 0.355820825742, 0.0, 0.0, 0.165173322329, 0.0925562822312, 0.0, 0.0210911895662, 1.0, 0.577401008404, 1.0, 0.0, 0.0, 0.0, 0.0, 0.0, 1.0, 1.0, 1.0, 0.946890017923, 0.446616640683, 0.934317435604, 0.0, 26.0, 0.0, 5.37123923719
0.0, 0.0, 0.248060538888, 0.0, 0.0, 1.0, 0.0, 0.0, 1.0, 0.0, 0.575171797628, 0.0, 0.402005452612, 0.809178561, 1.0, 0.216954419143, 0.651256097747, 0.0, 0.0, 0.0, 0.0, 1.0, 1.0, 0.0, 1.0, 0.0, 1.0, 0.0, 21.0, 0.0, 7.35802475007
0.0, 0.0, 0.0, 0.0, 0.0, 1.0, 0.0, 0.402779586203, 1.0, 0.0, 0.942710546963, 0.0, 0.402005452612, 1.0, 1.0, 1.0, 0.651256097747, 0.0, 0.0, 0.0, 0.0, 0.778363712418, 1.0, 0.0, 1.0, 0.0, 1.0, 0.0, 17.0, 0.0, 8.96168312312
0.0, 0.0, 0.0, 0.0, 0.0, 1.0, 0.0, 0.0, 1.0, 0.0, 0.830322887536, 0.0, 0.752029932248, 1.0, 1.0, 1.0, 0.11989750467, 0.0, 0.0, 0.846663254805, 0.0, 1.0, 1.0, 0.0, 1.0, 0.0, 1.0, 0.0, 16.0, 0.0, 9.14262972461
0.0, 0.0, 0.409409149021, 0.0370752571066, 0.0, 0.0, 0.0, 0.0, 0.0, 0.509317745036, 0.0, 0.0, 0.0, 1.0, 0.577401008404, 0.794385208667, 0.0, 0.0, 0.20264183953, 0.542451050758, 0.0, 1.0, 1.0, 1.0, 0.946890017923, 0.446616640683, 0.983021121204, 0.0, 21.0, 1.0, 6.79311708142
0.0, 0.0, 0.0, 0.00310681767615, 0.0, 0.330707931038, 0.0, 0.0, 0.0, 0.509317745036, 0.0, 0.0, 0.19579970697, 0.873324386932, 0.577401008404, 1.0, 0.0, 0.0, 0.0, 0.0, 0.0, 1.0, 1.0, 1.0, 0.979419898747, 0.446616640683, 0.46915434709, 0.622501211636, 25.0, 1.0, 5.85906829729
0.0, 0.0, 0.0, 0.0, 0.0, 1.0, 0.0, 0.0, 1.0, 0.0, 0.830322887536, 0.0, 0.752029932248, 1.0, 1.0, 1.0, 0.358273824923, 0.0, 0.0, 0.846663254805, 0.0, 1.0, 1.0, 0.579215568826, 1.0, 0.0, 1.0, 0.0, 15.0, 0.0, 9.15045610335
0.0, 0.0, 0.0, 0.0, 0.0, 1.0, 0.0, 0.0, 1.0, 0.0, 0.830322887536, 0.0, 0.752029932248, 1.0, 1.0, 1.0, 0.11989750467, 0.0, 0.0, 0.846663254805, 0.0, 1.0, 1.0, 0.0, 1.0, 0.0, 1.0, 0.0, 16.0, 0.0, 9.14262972461
0.0, 0.0941500584999, 0.0, 0.0, 1.0, 0.0, 1.0, 0.0, 1.0, 0.0, 0.0, 0.0, 0.0, 0.0, 0.0, 1.0, 0.0, 0.0, 1.0, 0.972992631635, 0.0, 1.0, 0.0, 0.0, 0.507782668715, 0.134034314947, 1.0, 0.0, 25.0, 0.0, 6.74350058295
0.0, 0.0, 0.248060538888, 0.0, 0.0, 1.0, 0.0, 0.0, 1.0, 0.0, 0.575171797628, 0.0, 0.402005452612, 0.809178561, 1.0, 0.216954419143, 0.651256097747, 0.0, 0.0, 0.0, 0.0, 1.0, 1.0, 0.0, 1.0, 0.0, 1.0, 0.0, 21.0, 0.0, 7.35802475007
1.0, 0.0, 1.0, 1.0, 0.0, 1.0, 0.135042429177, 1.0, 0.0, 0.855622069899, 0.0, 1.0, 0.0, 1.0, 0.0, 1.0, 0.313169343786, 1.0, 1.0, 0.0, 1.0, 0.0, 1.0, 0.0, 1.0, 0.30004058974, 1.0, 0.0902675190087, 7.0, 0.0, 15.7346720911
1.0, 0.0, 0.842633151833, 1.0, 0.0, 1.0, 0.0, 1.0, 0.0, 1.0, 0.0, 1.0, 0.0, 1.0, 0.0, 1.0, 0.0, 1.0, 1.0, 0.0, 0.948830537211, 0.0, 1.0, 0.0, 1.0, 0.0, 1.0, 0.0, 7.0, 0.0, 15.7346720911
1.0, 0.0, 0.842633151833, 1.0, 0.0, 0.792157313195, 0.0, 1.0, 0.0, 0.87792273811, 0.0, 1.0, 0.0666969297658, 1.0, 0.241326432578, 1.0, 0.0, 1.0, 1.0, 0.0, 0.948830537211, 0.0, 1.0, 0.0, 0.689906351388, 0.0, 1.0, 0.0, 7.0, 0.0, 15.7346720911
1.0, 0.0482357532039, 0.89087983759, 1.0, 0.0, 0.711366850658, 0.0, 1.0, 0.0, 0.855622069899, 0.0, 1.0, 0.0, 1.0, 0.0, 1.0, 0.0, 0.899390204752, 1.0, 0.0, 1.0, 0.0, 1.0, 0.0695252527106, 1.0, 0.0, 0.866520725077, 0.0, 7.0, 0.0, 15.7346720911
1.0, 0.115388155376, 1.0, 1.0, 0.0, 0.961634373217, 0.0, 1.0, 0.0, 1.0, 0.0, 1.0, 0.0, 1.0, 0.427171621132, 1.0, 0.0, 1.0, 1.0, 0.0, 0.847885944312, 0.0, 1.0, 0.0, 1.0, 0.0, 1.0, 0.0, 7.0, 0.0, 15.7346720911
1.0, 0.0, 1.0, 1.0, 0.0, 1.0, 0.135042429177, 1.0, 0.0701069290079, 0.855622069899, 0.0, 1.0, 0.0, 1.0, 0.0, 0.857437601805, 0.0, 1.0, 1.0, 0.0, 1.0, 0.0, 0.682964539629, 0.0, 1.0, 0.0, 1.0, 0.0902675190087, 7.0, 0.0, 15.7346720911
1.0, 0.0, 0.842633151833, 1.0, 0.0, 0.792157313195, 0.0, 1.0, 0.0, 1.0, 0.0, 1.0, 0.0666969297658, 1.0, 0.0, 1.0, 0.0, 1.0, 1.0, 0.0, 0.948830537211, 0.0, 1.0, 0.0, 0.689906351388, 0.0, 1.0, 0.0, 7.0, 0.0, 15.7346720911
1.0, 0.115388155376, 1.0, 1.0, 0.0, 0.961634373217, 0.0, 1.0, 0.0, 1.0, 0.0, 1.0, 0.0, 1.0, 0.0, 1.0, 0.0, 1.0, 1.0, 0.0, 0.847885944312, 0.293218852025, 1.0, 0.0, 1.0, 0.0, 0.930156770797, 0.0, 7.0, 0.0, 15.7346720911
1.0, 0.0, 1.0, 1.0, 0.0, 1.0, 0.135042429177, 1.0, 0.0, 0.855622069899, 0.0, 1.0, 0.0, 1.0, 0.0, 1.0, 0.313169343786, 1.0, 1.0, 0.0, 1.0, 0.0, 1.0, 0.0, 1.0, 0.30004058974, 1.0, 0.0902675190087, 7.0, 0.0, 15.7346720911
1.0, 0.0, 0.842633151833, 1.0, 0.0, 1.0, 0.0, 1.0, 0.0, 1.0, 0.0, 1.0, 0.0, 1.0, 0.0, 1.0, 0.0, 1.0, 1.0, 0.0, 0.948830537211, 0.0, 1.0, 0.0, 1.0, 0.0, 1.0, 0.0, 7.0, 0.0, 15.7346720911
1.0, 0.0, 0.842633151833, 1.0, 0.0, 0.792157313195, 0.0, 1.0, 0.0, 0.87792273811, 0.0, 1.0, 0.0666969297658, 1.0, 0.241326432578, 1.0, 0.0, 1.0, 1.0, 0.0, 0.948830537211, 0.0, 1.0, 0.0, 0.689906351388, 0.0, 1.0, 0.0, 7.0, 0.0, 15.7346720911
1.0, 0.0482357532039, 0.89087983759, 1.0, 0.0, 0.711366850658, 0.0, 1.0, 0.0, 0.855622069899, 0.0, 1.0, 0.0, 1.0, 0.0, 1.0, 0.0, 0.899390204752, 1.0, 0.0, 1.0, 0.0, 1.0, 0.0695252527106, 1.0, 0.0, 0.866520725077, 0.0, 7.0, 0.0, 15.7346720911
1.0, 0.115388155376, 1.0, 1.0, 0.0, 0.961634373217, 0.0, 1.0, 0.0, 1.0, 0.0, 1.0, 0.0, 1.0, 0.427171621132, 1.0, 0.0, 1.0, 1.0, 0.0, 0.847885944312, 0.0, 1.0, 0.0, 1.0, 0.0, 1.0, 0.0, 7.0, 0.0, 15.7346720911
1.0, 0.0, 1.0, 1.0, 0.0, 1.0, 0.135042429177, 1.0, 0.0701069290079, 0.855622069899, 0.0, 1.0, 0.0, 1.0, 0.0, 0.857437601805, 0.0, 1.0, 1.0, 0.0, 1.0, 0.0, 0.682964539629, 0.0, 1.0, 0.0, 1.0, 0.0902675190087, 7.0, 0.0, 15.7346720911
1.0, 0.2804952558, 0.0312310102159, 0.0482173399808, 0.66863011811, 0.0, 1.0, 0.0534009782321, 0.0, 0.0, 0.750983553164, 0.0, 1.0, 1.0, 0.46964392559, 0.598636268726, 0.388091890402, 0.708905985166, 0.558352720034, 0.560984491666, 0.650497711027, 0.0, 1.0, 1.0, 1.0, 0.0, 0.0, 1.0, 11.0, 2.0, 11.0084152103
0.995546739247, 0.0, 0.0312310102159, 0.0482173399808, 0.66863011811, 0.0, 1.0, 0.0, 0.0, 0.0, 0.678086359283, 0.0, 1.0, 1.0, 0.46964392559, 0.598636268726, 0.399659174966, 0.708905985166, 0.558352720034, 1.0, 0.968848245022, 0.0, 1.0, 1.0, 1.0, 0.0, 0.0, 1.0, 11.0, 2.0, 11.0084152103
0.242977602107, 0.0941500584999, 0.0, 0.0, 1.0, 0.0, 1.0, 0.289823514041, 1.0, 0.0, 0.0, 0.0, 0.0, 0.0, 0.271025199727, 1.0, 0.0, 0.0, 1.0, 0.972992631635, 0.0, 1.0, 0.0, 0.0, 0.614574005378, 0.0, 1.0, 0.0, 25.0, 0.0, 6.74350058295
0.0, 0.0941500584999, 0.0, 0.0, 1.0, 0.0, 1.0, 0.0, 1.0, 0.0, 0.0, 0.0, 0.0, 0.0, 0.0, 1.0, 0.0, 0.0, 1.0, 0.972992631635, 0.0, 1.0, 0.0, 0.0, 0.507782668715, 0.134034314947, 1.0, 0.0, 25.0, 0.0, 6.74350058295
0.0, 0.0941500584999, 0.0, 0.0, 1.0, 0.0, 1.0, 0.0, 1.0, 0.0, 0.0, 0.0, 0.0, 0.0, 0.0, 1.0, 0.0, 0.0, 1.0, 0.972992631635, 0.0, 1.0, 0.0, 0.0, 0.507782668715, 0.0, 0.621020697098, 0.0, 25.0, 0.0, 6.74350058295
0.242977602107, 0.0941500584999, 0.0, 0.0, 1.0, 0.0, 1.0, 0.289823514041, 1.0, 0.0, 0.0, 0.0, 0.0, 0.0, 0.271025199727, 1.0, 0.0, 0.0, 1.0, 0.972992631635, 0.0, 1.0, 0.0, 0.0, 0.614574005378, 0.0, 1.0, 0.0, 25.0, 0.0, 6.74350058295
0.0, 0.0, 0.0, 0.0, 0.0, 1.0, 0.0, 0.0, 1.0, 0.0, 0.575171797628, 0.0, 0.0300429532437, 1.0, 1.0, 1.0, 0.651256097747, 0.0, 0.0, 0.0, 0.0, 1.0, 1.0, 0.0, 1.0, 0.0, 1.0, 0.0, 17.0, 0.0, 8.96168312312
0.0, 0.0, 0.0, 0.0, 0.0, 1.0, 0.0, 0.402779586203, 1.0, 0.0, 0.942710546963, 0.0, 0.402005452612, 1.0, 1.0, 1.0, 0.651256097747, 0.0, 0.0, 0.0, 0.0, 0.778363712418, 1.0, 0.0, 1.0, 0.0, 1.0, 0.0, 17.0, 0.0, 8.96168312312
0.0, 0.0, 0.0, 0.0, 0.0, 1.0, 0.0, 0.0, 1.0, 0.0, 0.575171797628, 0.0, 0.402005452612, 0.745752476687, 0.996105654682, 1.0, 0.651256097747, 0.0, 0.0, 0.0, 0.0, 1.0, 1.0, 0.0, 1.0, 0.0, 1.0, 0.0, 17.0, 0.0, 8.96168312312
0.0, 0.0, 0.0, 0.0, 0.0, 1.0, 0.0, 0.0, 1.0, 0.0, 0.575171797628, 0.0, 0.0300429532437, 1.0, 1.0, 1.0, 0.651256097747, 0.0, 0.0, 0.0, 0.0, 1.0, 1.0, 0.0, 1.0, 0.0, 1.0, 0.0, 17.0, 0.0, 8.96168312312
0.0, 0.0, 0.0, 0.0, 1.0, 0.155156982252, 0.0, 1.0, 0.0, 0.4584945704, 0.00399875554275, 0.0, 0.2570205591, 0.0, 0.572212517173, 0.207711932892, 0.0, 0.0, 0.0, 0.0, 1.0, 0.0, 0.0, 0.890578856387, 0.0, 0.0, 0.445542970301, 0.42908126257, 34.0, 1.0, 3.07779098895
0.0, 0.0, 0.0, 0.0, 1.0, 0.0, 0.0, 1.0, 0.0, 0.4584945704, 0.00399875554275, 0.0, 0.2570205591, 0.0, 0.572212517173, 0.438466864847, 0.0, 0.0, 0.129611725233, 0.0, 1.0, 0.0, 0.0, 0.890578856387, 0.0, 0.0, 0.445542970301, 0.0, 34.0, 1.0, 3.07779098895
1.0, 0.0, 1.0, 0.522853791122, 0.66863011811, 0.0, 1.0, 0.00131332973776, 0.373327888761, 0.0, 0.176625505014, 0.63166792253, 1.0, 1.0, 1.0, 1.0, 0.399659174966, 1.0, 0.918030244245, 1.0, 0.0, 0.0, 1.0, 1.0, 1.0, 0.0, 0.0, 0.754333187603, 10.0, 0.0, 13.7842875677
1.0, 0.36079380038, 1.0, 0.522853791122, 0.66863011811, 0.0, 1.0, 0.0, 0.373327888761, 0.0, 0.176625505014, 0.632352824731, 1.0, 0.896921360156, 1.0, 1.0, 0.399659174966, 1.0, 0.918030244245, 1.0, 0.0, 0.0, 1.0, 1.0, 1.0, 0.0, 0.0, 0.754333187603, 10.0, 0.0, 13.7842875677
1.0, 0.0, 1.0, 0.522853791122, 0.796312326902, 0.0, 1.0, 0.0, 0.373327888761, 0.0, 0.176625505014, 0.60664205047, 1.0, 1.0, 1.0, 1.0, 0.399659174966, 1.0, 1.0, 1.0, 0.0, 0.4315068237, 1.0, 1.0, 1.0, 0.0, 0.0, 1.0, 10.0, 0.0, 13.7842875677
1.0, 0.0, 1.0, 0.522853791122, 0.66863011811, 0.0, 1.0, 0.00131332973776, 0.373327888761, 0.0, 0.176625505014, 0.60664205047, 1.0, 1.0, 1.0, 1.0, 0.399659174966, 1.0, 0.918030244245, 1.0, 0.0, 0.0, 1.0, 1.0, 1.0, 0.0, 0.0, 0.754333187603, 10.0, 0.0, 13.7842875677
1.0, 0.36079380038, 1.0, 0.522853791122, 0.66863011811, 0.0, 1.0, 0.0, 0.373327888761, 0.0, 0.176625505014, 0.632352824731, 1.0, 1.0, 1.0, 1.0, 0.399659174966, 1.0, 0.918030244245, 1.0, 0.0, 0.4315068237, 1.0, 1.0, 1.0, 0.0, 0.0, 0.754333187603, 10.0, 0.0, 13.7842875677
1.0, 0.0, 1.0, 0.522853791122, 0.796312326902, 0.0, 1.0, 0.0, 0.373327888761, 0.0, 0.176625505014, 0.60664205047, 1.0, 1.0, 1.0, 1.0, 0.399659174966, 1.0, 1.0, 1.0, 0.0, 0.0, 1.0, 1.0, 1.0, 0.0, 0.0, 1.0, 10.0, 0.0, 13.7842875677
1.0, 0.0, 1.0, 0.522853791122, 0.796312326902, 0.0, 1.0, 0.0, 0.373327888761, 0.217901730711, 0.176625505014, 0.60664205047, 1.0, 1.0, 1.0, 1.0, 0.399659174966, 1.0, 1.0, 1.0, 0.0, 0.0, 1.0, 1.0, 1.0, 0.0, 0.0, 1.0, 10.0, 0.0, 13.7842875677
1.0, 0.0, 1.0, 0.522853791122, 0.66863011811, 0.0, 1.0, 0.00131332973776, 0.373327888761, 0.0, 0.176625505014, 0.63166792253, 1.0, 1.0, 1.0, 1.0, 0.399659174966, 1.0, 0.918030244245, 1.0, 0.0, 0.0, 1.0, 1.0, 1.0, 0.0, 0.0, 0.754333187603, 10.0, 0.0, 13.7842875677
1.0, 0.36079380038, 1.0, 0.522853791122, 0.66863011811, 0.0, 1.0, 0.0, 0.373327888761, 0.0, 0.176625505014, 0.632352824731, 1.0, 0.896921360156, 1.0, 1.0, 0.399659174966, 1.0, 0.918030244245, 1.0, 0.0, 0.0, 1.0, 1.0, 1.0, 0.0, 0.0, 0.754333187603, 10.0, 0.0, 13.7842875677
1.0, 0.0, 1.0, 0.522853791122, 0.796312326902, 0.0, 1.0, 0.0, 0.373327888761, 0.0, 0.176625505014, 0.60664205047, 1.0, 1.0, 1.0, 1.0, 0.399659174966, 1.0, 1.0, 1.0, 0.0, 0.4315068237, 1.0, 1.0, 1.0, 0.0, 0.0, 1.0, 10.0, 0.0, 13.7842875677
