1.0, 0.0, 0.890227276987, 1.0, 1.0, 1.0, 1.0, 1.0, 0.0, 1.0, 0.0, 0.634550425626, 1.0, 1.0, 1.0, 1.0, 0.586458244453, 1.0, 0.65659766595, 1.0, 0.0, 0.959889799276, 0.813086827602, 1.0, 1.0, 0.0, 0.0, 0.528332119656, 0.0, 0.0, 18.5729448097
1.0, 0.0, 0.890227276987, 1.0, 1.0, 1.0, 1.0, 1.0, 0.0, 1.0, 0.0, 0.634550425626, 1.0, 1.0, 1.0, 1.0, 0.586458244453, 1.0, 0.65659766595, 1.0, 0.0, 0.959889799276, 0.813086827602, 1.0, 1.0, 0.0, 0.0, 0.528332119656, 0.0, 0.0, 18.5729448097
0.0, 0.0, 0.0, 0.0, 1.0, 0.155156982252, 0.0, 1.0, 0.0, 0.4584945704, 0.00399875554275, 0.0, 0.2570205591, 0.00893800108047, 0.210977151656, 0.207711932892, 0.0, 0.0, 0.0, 0.0, 1.0, 0.0, 0.0, 0.890578856387, 0.0, 0.0, 0.36381177934, 0.42908126257, 38.0, 2.0, 2.55286536583
0.309378822892, 0.00133646238541, 0.0, 0.0, 0.0, 0.0, 0.0, 0.0, 0.0, 0.0, 0.0353464223336, 0.0, 0.0, 0.0, 0.0, 1.0, 0.0, 0.0, 0.0, 0.0, 0.0, 1.0, 0.0, 0.0, 0.0765998074135, 0.0, 0.35613157616, 0.410004562124, 41.0, 0.0, 2.02798307586
0.309378822892, 0.00133646238541, 0.0, 0.0, 0.0, 0.0, 0.0, 0.0, 0.0, 0.0, 0.0353464223336, 0.0, 0.0, 0.0, 0.0, 1.0, 0.0, 0.0, 0.0, 0.0, 0.0, 1.0, 0.0, 0.0, 0.0765998074135, 0.0, 0.35613157616, 0.410004562124, 41.0, 0.0, 2.02798307586
0.0, 0.0, 0.0, 0.0, 1.0, 0.0, 0.0, 1.0, 0.0, 0.4584945704, 0.000310426091653, 0.0, 0.2570205591, 0.0, 0.572212517173, 0.438466864847, 0.0, 0.158134978385, 0.110802175388, 0.0, 1.0, 0.0, 0.0, 0.890578856387, 0.0, 0.0, 0.445542970301, 0.0, 34.0, 1.0, 3.07779098895
0.0, 0.0, 0.0, 0.0, 0.226842414793, 0.0, 0.0, 0.0, 0.0, 0.43074094818, 0.698780354285, 0.0, 0.0, 1.0, 0.0, 0.878841662526, 0.0, 0.0, 0.30189765417, 0.837813935722, 0.0, 1.0, 0.92097040678, 1.0, 0.530562747569, 0.467487678406, 0.585485159705, 0.0, 19.0, 1.0, 6.64305551956
0.995546739247, 0.0, 0.23980818586, 0.437548154051, 0.66863011811, 0.0, 1.0, 0.0, 0.0, 0.0, 0.678086359283, 0.0, 1.0, 1.0, 0.46964392559, 0.794385208667, 0.399659174966, 0.708905985166, 0.558352720034, 1.0, 0.968848245022, 0.0, 1.0, 1.0, 0.946890017923, 0.0, 0.0, 1.0, 11.0, 2.0, 11.0084152103
0.0, 0.423766859636, 0.0, 0.0, 0.509003625125, 0.0, 0.0, 0.763288941878, 0.0, 0.4584945704, 0.320960790991, 0.0, 0.0, 1.0, 0.626200047014, 0.994233206058, 0.421457915554, 0.0, 0.165993112391, 0.776379060047, 0.619995568742, 0.0, 0.0, 0.0, 0.0, 0.0444059419327, 0.0180827695795, 0.0, 29.0, 0.0, 5.80007779966
1.0, 0.36079380038, 1.0, 0.720685764042, 0.66863011811, 0.0, 1.0, 0.0, 0.373327888761, 0.0, 0.12709758619, 0.632352824731, 1.0, 0.896921360156, 1.0, 1.0, 0.399659174966, 1.0, 0.918030244245, 1.0, 0.0, 0.0, 1.0, 1.0, 1.0, 0.0, 0.0, 0.819118797199, 10.0, 0.0, 13.7842875677
0.0, 0.77400075001, 0.0, 1.0, 0.684163922232, 0.0, 1.0, 0.322956140545, 0.0, 0.0, 0.0, 0.575505881585, 0.0, 1.0, 0.871738478847, 1.0, 0.0, 0.244540215379, 0.0, 0.619508859821, 0.99966825318, 0.0, 1.0, 0.547547483803, 1.0, 0.0, 1.0, 0.0, 11.0, 0.0, 11.1452857892
1.0, 0.0, 1.0, 1.0, 1.0, 1.0, 1.0, 1.0, 0.0, 1.0, 0.0, 0.0, 1.0, 1.0, 1.0, 1.0, 0.898284690793, 1.0, 0.966289942899, 1.0, 0.0, 0.959889799276, 0.813086827602, 1.0, 1.0, 0.0, 0.0, 0.528332119656, 4.0, 0.0, 17.3736267997
0.0, 0.0187751866296, 0.0, 0.00310681767615, 0.0, 0.0, 0.189003757386, 0.0, 0.0, 0.509317745036, 0.0, 0.0, 0.0, 1.0, 0.577401008404, 0.669171411542, 0.0, 0.0, 0.0, 0.0, 0.0, 1.0, 1.0, 1.0, 0.946890017923, 0.446616640683, 0.46915434709, 0.604926020222, 25.0, 1.0, 5.85906829729
1.0, 0.0, 1.0, 1.0, 1.0, 1.0, 1.0, 1.0, 0.0, 1.0, 0.0, 0.0, 1.0, 1.0, 1.0, 1.0, 0.898284690793, 1.0, 0.966289942899, 1.0, 0.0, 0.959889799276, 0.813086827602, 1.0, 1.0, 0.0, 0.0, 0.528332119656, 4.0, 0.0, 17.3736267997
0.409793052741, 0.0, 0.0312310102159, 0.0482173399808, 0.66863011811, 0.0, 1.0, 0.0, 0.0, 0.0, 0.750983553164, 0.0, 1.0, 0.767463199621, 0.46964392559, 0.598636268726, 0.399659174966, 0.708905985166, 0.396968988646, 1.0, 0.968848245022, 0.0, 1.0, 1.0, 1.0, 0.0, 0.0, 1.0, 15.0, 2.0, 8.86795436024
0.0, 0.100960219801, 0.0, 0.149999398853, 0.0, 0.128412777509, 0.0, 0.0, 0.428308538759, 0.4990409339, 0.0, 0.0, 0.08073882934, 1.0, 0.577401008404, 1.0, 0.0, 0.0, 0.0, 0.0, 0.0, 1.0, 1.0, 1.0, 0.946890017923, 0.195992875622, 0.46915434709, 0.0, 30.0, 0.0, 4.30070797217
0.0, 0.0, 0.409409149021, 0.149999398853, 0.0, 0.0, 0.355820825742, 0.0, 0.0, 0.165173322329, 0.0925562822312, 0.0, 0.0210911895662, 0.984079229557, 0.577401008404, 1.0, 0.0, 0.0, 0.76295733838, 0.0, 0.0853590854577, 1.0, 1.0, 1.0, 0.946890017923, 0.446616640683, 0.948750795536, 0.0, 22.0, 0.0, 6.69956913843
0.0, 0.0, 0.0, 0.0, 1.0, 0.155156982252, 0.0, 1.0, 0.0128503815683, 0.4584945704, 0.00399875554275, 0.0, 0.2570205591, 0.0, 0.572212517173, 0.0872239474706, 0.21129676243, 0.0, 0.0, 0.0, 1.0, 0.0, 0.0, 0.890578856387, 0.0, 0.29812276467, 0.445542970301, 0.42908126257, 34.0, 1.0, 3.07779098895
1.0, 0.0, 0.842633151833, 1.0, 0.0, 1.0, 0.0, 1.0, 0.0, 1.0, 0.0, 1.0, 0.0, 1.0, 0.0, 1.0, 0.529580538246, 0.940256590992, 1.0, 0.0, 0.948830537211, 0.0, 1.0, 0.0, 1.0, 0.0, 1.0, 0.0, 6.0, 0.0, 16.5647583613
1.0, 0.2804952558, 0.0312310102159, 0.0482173399808, 0.66863011811, 0.0, 1.0, 0.0534009782321, 0.0, 0.0, 0.678086359283, 0.0, 1.0, 1.0, 0.46964392559, 0.598636268726, 0.388091890402, 0.708905985166, 0.184370373702, 0.560984491666, 0.650497711027, 0.0, 1.0, 1.0, 1.0, 0.0, 0.0, 1.0, 12.0, 2.0, 10.3779752741
0.0, 0.0, 0.0, 0.0, 0.0, 1.0, 0.264298008183, 0.0, 1.0, 0.0, 0.830322887536, 0.0, 0.752029932248, 1.0, 1.0, 1.0, 0.358273824923, 0.0, 0.0, 0.846663254805, 0.0, 1.0, 1.0, 0.579215568826, 1.0, 0.0, 1.0, 0.0, 15.0, 0.0, 9.15045610335
0.0, 0.314090854777, 0.0, 0.149999398853, 0.0, 0.128412777509, 0.0, 0.0, 0.428308538759, 0.4990409339, 0.0, 0.455430213246, 0.0, 1.0, 0.577401008404, 1.0, 0.0, 0.0, 0.0, 0.0, 0.0, 1.0, 1.0, 1.0, 0.447146894282, 0.195992875622, 0.172958882832, 0.0, 31.0, 0.0, 3.88925622609
0.0, 0.0, 0.0, 0.0, 0.0, 1.0, 0.0, 0.0, 1.0, 0.0, 0.830322887536, 0.0, 0.303897189863, 1.0, 1.0, 1.0, 0.11989750467, 0.0, 0.0, 0.877782725921, 0.0, 1.0, 1.0, 0.0, 1.0, 0.0, 1.0, 0.0, 17.0, 0.0, 8.16157586963
0.309378822892, 0.0300275872627, 0.0, 0.0, 0.0, 0.0, 0.0, 0.0, 0.0, 0.0, 0.0353464223336, 0.0, 0.0, 0.0, 0.0, 1.0, 0.425053427004, 0.68732732127, 0.0, 0.0, 0.0, 0.683222653571, 0.0, 0.0, 0.0765998074135, 0.0, 0.35613157616, 0.410004562124, 37.0, 0.0, 3.32378104994
0.0, 0.77400075001, 0.0, 1.0, 0.0, 0.0, 1.0, 0.322956140545, 0.313965669212, 0.0, 0.0, 0.575505881585, 0.0, 1.0, 0.697314680578, 1.0, 0.0, 0.244540215379, 0.0, 0.619508859821, 1.0, 0.0, 1.0, 0.937969111545, 1.0, 0.0, 1.0, 0.0, 12.0, 0.0, 10.9348527011
1.0, 0.0, 1.0, 0.522853791122, 0.796312326902, 0.649559728447, 0.766701192727, 0.0, 0.373327888761, 0.217901730711, 0.176625505014, 0.60664205047, 1.0, 1.0, 1.0, 1.0, 0.399659174966, 1.0, 1.0, 1.0, 0.0, 0.0, 1.0, 1.0, 1.0, 0.0, 0.0, 1.0, 9.0, 0.0, 14.2603185341
1.0, 0.0, 0.842633151833, 1.0, 0.0, 1.0, 0.0, 1.0, 0.0, 1.0, 0.0, 1.0, 0.0, 1.0, 0.0, 1.0, 0.0, 0.150969132622, 1.0, 0.0, 0.948830537211, 0.123391186441, 1.0, 0.0, 1.0, 0.0, 1.0, 0.0, 8.0, 0.0, 15.136764082
0.0, 0.0187751866296, 0.0, 0.00310681767615, 0.0, 0.0, 0.189003757386, 0.0, 0.0, 0.509317745036, 0.0, 0.0, 0.0, 1.0, 0.577401008404, 0.669171411542, 0.0, 0.0, 0.0, 0.0, 0.0, 1.0, 1.0, 1.0, 0.946890017923, 0.446616640683, 0.46915434709, 0.604926020222, 25.0, 1.0, 5.85906829729
1.0, 0.115388155376, 1.0, 0.819478888888, 0.0, 0.961634373217, 0.0, 1.0, 0.0, 1.0, 0.0, 0.875126728172, 0.0, 1.0, 0.427171621132, 1.0, 0.0, 1.0, 1.0, 0.0, 0.847885944312, 0.0, 1.0, 0.0, 1.0, 0.0, 1.0, 0.0, 7.0, 0.0, 15.7346720911
1.0, 0.0, 0.842633151833, 1.0, 0.0, 1.0, 0.0, 1.0, 0.0, 1.0, 0.0, 1.0, 0.0, 1.0, 0.0, 1.0, 0.529580538246, 0.940256590992, 1.0, 0.0, 0.948830537211, 0.0, 1.0, 0.0, 1.0, 0.0, 1.0, 0.0, 6.0, 0.0, 16.5647583613
0.0, 0.0, 0.0, 0.0, 0.0, 1.0, 0.0, 0.0, 1.0, 0.0, 0.830322887536, 0.0, 0.303897189863, 1.0, 1.0, 1.0, 0.11989750467, 0.0, 0.0, 0.877782725921, 0.0, 1.0, 1.0, 0.0, 1.0, 0.0, 1.0, 0.0, 17.0, 0.0, 8.16157586963
0.0, 0.0, 0.248060538888, 0.0, 0.0, 1.0, 0.0, 0.0, 1.0, 0.0, 0.575171797628, 0.0, 0.402005452612, 0.809178561, 1.0, 0.216954419143, 0.672641830923, 0.0, 0.0, 0.0, 0.0, 1.0, 1.0, 0.0, 1.0, 0.0, 1.0, 0.0, 21.0, 0.0, 7.35802475007
0.0, 0.0, 0.0, 0.00310681767615, 0.0, 0.330707931038, 0.0, 0.0, 0.0, 0.509317745036, 0.0, 0.0, 0.19579970697, 0.873324386932, 0.577401008404, 1.0, 0.0, 0.0, 0.0, 0.542451050758, 0.0, 1.0, 1.0, 1.0, 0.979419898747, 0.446616640683, 0.46915434709, 0.595726638029, 21.0, 1.0, 6.58693727904
1.0, 0.115388155376, 1.0, 1.0, 0.0, 0.961634373217, 0.0, 1.0, 0.0, 1.0, 0.0, 1.0, 0.0, 1.0, 0.0, 1.0, 0.0, 1.0, 1.0, 0.0, 0.847885944312, 0.293218852025, 1.0, 0.0, 1.0, 0.0, 0.930156770797, 0.0, 7.0, 0.0, 15.7346720911
1.0, 0.0, 0.842633151833, 1.0, 0.0, 1.0, 0.0, 1.0, 0.0, 1.0, 0.0, 1.0, 0.0, 1.0, 0.0, 1.0, 0.0, 0.150969132622, 1.0, 0.0, 0.948830537211, 0.123391186441, 1.0, 0.0, 1.0, 0.0, 1.0, 0.0, 8.0, 0.0, 15.136764082
0.0, 0.314090854777, 0.0, 0.149999398853, 0.0, 0.128412777509, 0.0, 0.0, 0.428308538759, 0.4990409339, 0.0, 0.455430213246, 0.0, 1.0, 0.577401008404, 1.0, 0.0, 0.0, 0.0, 0.0, 0.0, 1.0, 1.0, 1.0, 0.447146894282, 0.195992875622, 0.172958882832, 0.0, 31.0, 0.0, 3.88925622609
0.309378822892, 0.0300275872627, 0.0, 0.0, 0.0, 0.0, 0.0, 0.0, 0.0, 0.0, 0.0353464223336, 0.0, 0.0, 0.0, 0.0, 1.0, 0.425053427004, 0.68732732127, 0.0, 0.0, 0.0, 0.683222653571, 0.0, 0.0, 0.0765998074135, 0.0, 0.35613157616, 0.410004562124, 37.0, 0.0, 3.32378104994
0.0, 0.0, 0.0, 0.0, 1.0, 0.155156982252, 0.0, 1.0, 0.0, 0.4584945704, 0.00399875554275, 0.0, 0.2570205591, 0.00893800108047, 0.210977151656, 0.207711932892, 0.0, 0.0, 0.0, 0.0, 1.0, 0.0, 0.0, 0.890578856387, 0.0, 0.0, 0.36381177934, 0.42908126257, 38.0, 2.0, 2.55286536583
1.0, 0.0, 1.0, 0.522853791122, 0.841120865873, 0.966129336151, 0.753326195798, 0.0, 0.373327888761, 0.0, 0.132570693741, 0.60664205047, 1.0, 1.0, 1.0, 1.0, 0.399659174966, 1.0, 1.0, 1.0, 0.0, 0.0, 1.0, 1.0, 1.0, 0.0, 0.0, 1.0, 9.0, 0.0, 14.2603185341
1.0, 0.36079380038, 1.0, 0.522853791122, 0.66863011811, 0.0, 1.0, 0.0, 0.373327888761, 0.0, 0.176625505014, 0.632352824731, 1.0, 0.896921360156, 1.0, 1.0, 0.399659174966, 1.0, 0.918030244245, 1.0, 0.0, 0.0, 1.0, 1.0, 1.0, 0.0, 0.0, 0.754333187603, 10.0, 0.0, 13.7842875677
0.0, 0.0, 0.0, 0.0, 0.226842414793, 0.0, 0.0, 0.0, 0.0, 0.43074094818, 0.698780354285, 0.0, 0.0, 1.0, 0.0, 0.878841662526, 0.0, 0.0, 0.30189765417, 0.837813935722, 0.0, 1.0, 0.92097040678, 1.0, 0.530562747569, 0.467487678406, 0.585485159705, 0.0, 19.0, 1.0, 6.64305551956
0.0, 0.0, 0.0, 0.0, 0.664549963642, 0.375813689072, 0.0, 0.0, 0.0, 0.509317745036, 0.0568660362662, 0.0, 0.0, 1.0, 0.0, 0.870047407035, 0.0, 0.0, 0.30189765417, 0.837813935722, 0.0, 0.508268881572, 0.92097040678, 1.0, 0.447146894282, 0.446616640683, 1.0, 0.0, 22.0, 2.0, 6.30521890401
0.0, 0.340570136941, 0.0, 0.149999398853, 0.0, 0.123409295521, 0.0, 0.0, 0.428308538759, 0.4990409339, 0.0, 0.0, 0.08073882934, 1.0, 0.577401008404, 1.0, 0.0, 0.0, 0.164717903611, 0.0, 0.0, 1.0, 1.0, 1.0, 0.946890017923, 0.195992875622, 0.46915434709, 0.0, 30.0, 0.0, 4.30070797217
0.0, 0.0, 0.0, 0.0, 0.0, 1.0, 0.0, 0.0, 1.0, 0.0, 0.830322887536, 0.0, 0.529863247679, 1.0, 1.0, 1.0, 0.11989750467, 0.0, 0.0, 0.846663254805, 0.0, 1.0, 1.0, 0.0, 1.0, 0.0, 1.0, 0.0, 16.0, 0.0, 9.14262972461
0.0, 0.0, 0.248060538888, 0.0, 0.0, 1.0, 0.0, 0.0, 1.0, 0.0, 0.762362150877, 0.219748410282, 0.402005452612, 0.717348128511, 1.0, 0.216954419143, 0.651256097747, 0.0, 0.0, 0.0, 0.0, 1.0, 1.0, 0.0, 1.0, 0.0, 1.0, 0.0, 21.0, 0.0, 7.35802475007
1.0, 0.2804952558, 0.0312310102159, 0.0482173399808, 0.66863011811, 0.0, 1.0, 0.0534009782321, 0.0, 0.0, 0.678086359283, 0.0, 1.0, 1.0, 0.46964392559, 0.598636268726, 0.388091890402, 0.708905985166, 0.184370373702, 0.560984491666, 0.650497711027, 0.0, 1.0, 1.0, 1.0, 0.0, 0.0, 1.0, 12.0, 2.0, 10.3779752741
0.0, 0.77400075001, 0.0, 1.0, 0.0, 0.0, 1.0, 0.322956140545, 0.313965669212, 0.0, 0.0, 0.575505881585, 0.0, 1.0, 0.697314680578, 1.0, 0.0, 0.244540215379, 0.0, 0.619508859821, 1.0, 0.0, 1.0, 0.937969111545, 1.0, 0.0, 1.0, 0.0, 12.0, 0.0, 10.9348527011
0.0, 0.77400075001, 0.0, 1.0, 0.684163922232, 0.0, 1.0, 0.322956140545, 0.0, 0.0, 0.0, 0.575505881585, 0.0, 1.0, 0.871738478847, 1.0, 0.0, 0.244540215379, 0.0, 0.619508859821, 0.99966825318, 0.0, 1.0, 0.547547483803, 1.0, 0.0, 1.0, 0.0, 11.0, 0.0, 11.1452857892
0.995546739247, 0.0, 0.23980818586, 0.437548154051, 0.66863011811, 0.0, 1.0, 0.0, 0.0, 0.0, 0.678086359283, 0.0, 1.0, 1.0, 0.46964392559, 0.794385208667, 0.399659174966, 0.708905985166, 0.558352720034, 1.0, 0.968848245022, 0.0, 1.0, 1.0, 0.946890017923, 0.0, 0.0, 1.0, 11.0, 2.0, 11.0084152103
0.0, 0.423766859636, 0.0, 0.0, 0.509003625125, 0.0, 0.0, 0.763288941878, 0.0, 0.4584945704, 0.320960790991, 0.0, 0.0, 1.0, 0.626200047014, 0.994233206058, 0.421457915554, 0.0, 0.165993112391, 0.776379060047, 0.619995568742, 0.0, 0.0, 0.0, 0.0, 0.0444059419327, 0.0180827695795, 0.0, 29.0, 0.0, 5.80007779966
0.0, 0.0, 0.0, 0.0, 0.0, 1.0, 0.0, 0.0, 1.0, 0.0, 0.830322887536, 0.0, 0.529863247679, 1.0, 1.0, 1.0, 0.11989750467, 0.0, 0.0, 0.846663254805, 0.0, 1.0, 1.0, 0.0, 1.0, 0.0, 1.0, 0.0, 16.0, 0.0, 9.14262972461
0.0, 0.0, 0.0, 0.0, 0.664549963642, 0.375813689072, 0.0, 0.0, 0.0, 0.509317745036, 0.0568660362662, 0.0, 0.0, 1.0, 0.0, 0.870047407035, 0.0, 0.0, 0.30189765417, 0.837813935722, 0.0, 0.508268881572, 0.92097040678, 1.0, 0.447146894282, 0.446616640683, 1.0, 0.0, 22.0, 2.0, 6.30521890401
0.409793052741, 0.0, 0.0312310102159, 0.0482173399808, 0.66863011811, 0.0, 1.0, 0.0, 0.0, 0.0, 0.750983553164, 0.0, 1.0, 0.767463199621, 0.46964392559, 0.598636268726, 0.399659174966, 0.708905985166, 0.396968988646, 1.0, 0.968848245022, 0.0, 1.0, 1.0, 1.0, 0.0, 0.0, 1.0, 15.0, 2.0, 8.86795436024
0.0, 0.0, 0.409409149021, 0.149999398853, 0.0, 0.0, 0.355820825742, 0.0, 0.0, 0.165173322329, 0.0925562822312, 0.0, 0.0210911895662, 0.984079229557, 0.577401008404, 1.0, 0.0, 0.0, 0.76295733838, 0.0, 0.0853590854577, 1.0, 1.0, 1.0, 0.946890017923, 0.446616640683, 0.948750795536, 0.0, 22.0, 0.0, 6.69956913843
0.0, 0.0, 0.0, 0.00310681767615, 0.0, 0.330707931038, 0.0, 0.0, 0.0, 0.509317745036, 0.0, 0.0, 0.19579970697, 0.873324386932, 0.577401008404, 1.0, 0.0, 0.0, 0.0, 0.542451050758, 0.0, 1.0, 1.0, 1.0, 0.979419898747, 0.446616640683, 0.46915434709, 0.595726638029, 21.0, 1.0, 6.58693727904
0.0, 0.0, 0.0, 0.0, 0.0, 1.0, 0.264298008183, 0.0, 1.0, 0.0, 0.830322887536, 0.0, 0.752029932248, 1.0, 1.0, 1.0, 0.358273824923, 0.0, 0.0, 0.846663254805, 0.0, 1.0, 1.0, 0.579215568826, 1.0, 0.0, 1.0, 0.0, 15.0, 0.0, 9.15045610335
0.0, 0.0, 0.0, 0.0, 1.0, 0.0, 0.0, 1.0, 0.0, 0.4584945704, 0.000310426091653, 0.0, 0.2570205591, 0.0, 0.572212517173, 0.438466864847, 0.0, 0.158134978385, 0.110802175388, 0.0, 1.0, 0.0, 0.0, 0.890578856387, 0.0, 0.0, 0.445542970301, 0.0, 34.0, 1.0, 3.07779098895
0.0, 0.0, 0.0, 0.0, 1.0, 0.155156982252, 0.0, 1.0, 0.0128503815683, 0.4584945704, 0.00399875554275, 0.0, 0.2570205591, 0.0, 0.572212517173, 0.0872239474706, 0.21129676243, 0.0, 0.0, 0.0, 1.0, 0.0, 0.0, 0.890578856387, 0.0, 0.29812276467, 0.445542970301, 0.42908126257, 34.0, 1.0, 3.07779098895
1.0, 0.0, 1.0, 1.0, 0.0, 1.0, 0.00874902953078, 1.0, 0.0, 0.855622069899, 0.0, 1.0, 0.0, 1.0, 0.0, 1.0, 0.313169343786, 0.886142390263, 1.0, 0.0, 1.0, 0.0, 1.0, 0.0, 1.0, 0.30004058974, 1.0, 0.0902675190087, 7.0, 0.0, 15.7346720911
0.631430088811, 0.0, 0.842633151833, 1.0, 0.0, 0.792157313195, 0.0, 1.0, 0.0, 0.87792273811, 0.0, 1.0, 0.0666969297658, 1.0, 0.241326432578, 1.0, 0.0, 1.0, 1.0, 0.0, 0.685529869358, 0.0, 1.0, 0.0, 0.689906351388, 0.300236356955, 1.0, 0.0, 7.0, 0.0, 15.7346720911
1.0, 0.115388155376, 0.840337622468, 1.0, 0.0, 0.961634373217, 0.0, 0.506326306874, 0.0, 1.0, 0.0, 1.0, 0.0, 1.0, 0.427171621132, 1.0, 0.0, 1.0, 0.712012465547, 0.0, 0.866539863946, 0.0, 1.0, 0.0, 1.0, 0.0, 1.0, 0.0, 7.0, 0.0, 15.7346720911
1.0, 0.0, 1.0, 1.0, 0.0, 1.0, 0.135042429177, 1.0, 0.0701069290079, 0.855622069899, 0.490926260879, 1.0, 0.0, 1.0, 0.0, 0.857437601805, 0.0, 1.0, 1.0, 0.0, 1.0, 0.0, 0.682964539629, 0.0, 1.0, 0.0, 1.0, 0.147489205717, 7.0, 0.0, 15.7346720911
1.0, 0.0, 0.842633151833, 1.0, 0.0, 0.792157313195, 0.160570005926, 1.0, 0.0, 1.0, 0.0, 1.0, 0.0666969297658, 1.0, 0.0, 1.0, 0.0, 1.0, 1.0, 0.0, 0.948830537211, 0.0, 1.0, 0.0, 0.689906351388, 0.0, 1.0, 0.0, 7.0, 0.0, 15.7346720911
1.0, 0.115388155376, 1.0, 1.0, 0.0, 0.961634373217, 0.038536983853, 1.0, 0.0, 1.0, 0.149427368816, 1.0, 0.0, 1.0, 0.0, 1.0, 0.0, 1.0, 1.0, 0.0, 0.847885944312, 0.293218852025, 1.0, 0.0, 1.0, 0.0, 0.930156770797, 0.0, 7.0, 0.0, 15.7346720911
1.0, 0.0, 1.0, 1.0, 0.0, 1.0, 0.135042429177, 1.0, 0.0, 0.855622069899, 0.0, 1.0, 0.0, 1.0, 0.0, 1.0, 0.313169343786, 0.788179213788, 1.0, 0.0, 1.0, 0.0, 1.0, 0.0, 1.0, 0.30004058974, 1.0, 0.0902675190087, 7.0, 0.0, 15.7346720911
1.0, 0.0, 0.842633151833, 1.0, 0.0, 1.0, 0.0, 1.0, 0.0, 1.0, 0.0, 1.0, 0.0, 1.0, 0.0, 1.0, 0.0, 1.0, 1.0, 0.0, 0.948830537211, 0.0, 1.0, 0.0291882200739, 1.0, 0.0, 1.0, 0.0, 7.0, 0.0, 15.7346720911
1.0, 0.0, 0.842633151833, 1.0, 0.0, 0.792157313195, 0.0, 1.0, 0.0, 0.87792273811, 0.0, 1.0, 0.0666969297658, 1.0, 0.241326432578, 1.0, 0.0, 1.0, 1.0, 0.0, 0.948830537211, 0.0, 1.0, 0.0, 0.689906351388, 0.0, 1.0, 0.0, 7.0, 0.0, 15.7346720911
1.0, 0.115388155376, 1.0, 0.819478888888, 0.0, 0.961634373217, 0.0, 1.0, 0.0, 1.0, 0.0, 0.875126728172, 0.0, 1.0, 0.427171621132, 1.0, 0.0, 1.0, 1.0, 0.0, 0.847885944312, 0.0, 1.0, 0.0, 1.0, 0.0, 1.0, 0.0, 7.0, 0.0, 15.7346720911
1.0, 0.115388155376, 1.0, 1.0, 0.0, 0.961634373217, 0.0, 1.0, 0.0, 1.0, 0.0, 1.0, 0.0, 1.0, 0.0, 1.0, 0.0, 1.0, 1.0, 0.0, 0.847885944312, 0.293218852025, 1.0, 0.0, 1.0, 0.0, 0.930156770797, 0.0, 7.0, 0.0, 15.7346720911
1.0, 0.0, 1.0, 1.0, 0.0, 1.0, 0.00874902953078, 1.0, 0.0, 0.855622069899, 0.0, 1.0, 0.0, 1.0, 0.0, 1.0, 0.313169343786, 0.886142390263, 1.0, 0.0, 1.0, 0.0, 1.0, 0.0, 1.0, 0.30004058974, 1.0, 0.0902675190087, 7.0, 0.0, 15.7346720911
0.631430088811, 0.0, 0.842633151833, 1.0, 0.0, 0.792157313195, 0.0, 1.0, 0.0, 0.87792273811, 0.0, 1.0, 0.0666969297658, 1.0, 0.241326432578, 1.0, 0.0, 1.0, 1.0, 0.0, 0.685529869358, 0.0, 1.0, 0.0, 0.689906351388, 0.300236356955, 1.0, 0.0, 7.0, 0.0, 15.7346720911
1.0, 0.115388155376, 0.840337622468, 1.0, 0.0, 0.961634373217, 0.0, 0.506326306874, 0.0, 1.0, 0.0, 1.0, 0.0, 1.0, 0.427171621132, 1.0, 0.0, 1.0, 0.712012465547, 0.0, 0.866539863946, 0.0, 1.0, 0.0, 1.0, 0.0, 1.0, 0.0, 7.0, 0.0, 15.7346720911
1.0, 0.0, 1.0, 1.0, 0.0, 1.0, 0.135042429177, 1.0, 0.0701069290079, 0.855622069899, 0.490926260879, 1.0, 0.0, 1.0, 0.0, 0.857437601805, 0.0, 1.0, 1.0, 0.0, 1.0, 0.0, 0.682964539629, 0.0, 1.0, 0.0, 1.0, 0.147489205717, 7.0, 0.0, 15.7346720911
1.0, 0.0, 0.842633151833, 1.0, 0.0, 0.792157313195, 0.160570005926, 1.0, 0.0, 1.0, 0.0, 1.0, 0.0666969297658, 1.0, 0.0, 1.0, 0.0, 1.0, 1.0, 0.0, 0.948830537211, 0.0, 1.0, 0.0, 0.689906351388, 0.0, 1.0, 0.0, 7.0, 0.0, 15.7346720911
1.0, 0.115388155376, 1.0, 1.0, 0.0, 0.961634373217, 0.038536983853, 1.0, 0.0, 1.0, 0.149427368816, 1.0, 0.0, 1.0, 0.0, 1.0, 0.0, 1.0, 1.0, 0.0, 0.847885944312, 0.293218852025, 1.0, 0.0, 1.0, 0.0, 0.930156770797, 0.0, 7.0, 0.0, 15.7346720911
1.0, 0.0, 1.0, 1.0, 0.0, 1.0, 0.135042429177, 1.0, 0.0, 0.855622069899, 0.0, 1.0, 0.0, 1.0, 0.0, 1.0, 0.313169343786, 0.788179213788, 1.0, 0.0, 1.0, 0.0, 1.0, 0.0, 1.0, 0.30004058974, 1.0, 0.0902675190087, 7.0, 0.0, 15.7346720911
1.0, 0.0, 0.842633151833, 1.0, 0.0, 1.0, 0.0, 1.0, 0.0, 1.0, 0.0, 1.0, 0.0, 1.0, 0.0, 1.0, 0.0, 1.0, 1.0, 0.0, 0.948830537211, 0.0, 1.0, 0.0291882200739, 1.0, 0.0, 1.0, 0.0, 7.0, 0.0, 15.7346720911
1.0, 0.0, 0.842633151833, 1.0, 0.0, 0.792157313195, 0.0, 1.0, 0.0, 0.87792273811, 0.0, 1.0, 0.0666969297658, 1.0, 0.241326432578, 1.0, 0.0, 1.0, 1.0, 0.0, 0.948830537211, 0.0, 1.0, 0.0, 0.689906351388, 0.0, 1.0, 0.0, 7.0, 0.0, 15.7346720911
1.0, 0.0, 1.0, 0.522853791122, 0.796312326902, 0.649559728447, 0.766701192727, 0.0, 0.373327888761, 0.217901730711, 0.176625505014, 0.60664205047, 1.0, 1.0, 1.0, 1.0, 0.399659174966, 1.0, 1.0, 1.0, 0.0, 0.0, 1.0, 1.0, 1.0, 0.0, 0.0, 1.0, 9.0, 0.0, 14.2603185341
1.0, 0.0, 1.0, 0.522853791122, 0.841120865873, 0.966129336151, 0.753326195798, 0.0, 0.373327888761, 0.0, 0.132570693741, 0.60664205047, 1.0, 1.0, 1.0, 1.0, 0.399659174966, 1.0, 1.0, 1.0, 0.0, 0.0, 1.0, 1.0, 1.0, 0.0, 0.0, 1.0, 9.0, 0.0, 14.2603185341
0.0, 0.0, 0.248060538888, 0.0, 0.0, 1.0, 0.0, 0.0, 1.0, 0.0, 0.575171797628, 0.0, 0.402005452612, 0.809178561, 1.0, 0.216954419143, 0.672641830923, 0.0, 0.0, 0.0, 0.0, 1.0, 1.0, 0.0, 1.0, 0.0, 1.0, 0.0, 21.0, 0.0, 7.35802475007
0.0, 0.0, 0.248060538888, 0.0, 0.0, 1.0, 0.0, 0.0, 1.0, 0.0, 0.762362150877, 0.219748410282, 0.402005452612, 0.717348128511, 1.0, 0.216954419143, 0.651256097747, 0.0, 0.0, 0.0, 0.0, 1.0, 1.0, 0.0, 1.0, 0.0, 1.0, 0.0, 21.0, 0.0, 7.35802475007
1.0, 0.0, 1.0, 0.522853791122, 0.796312326902, 0.0, 1.0, 0.0, 0.373327888761, 0.0, 0.176625505014, 0.60664205047, 1.0, 1.0, 0.734999297606, 1.0, 0.399659174966, 1.0, 1.0, 1.0, 0.0, 0.4315068237, 1.0, 1.0, 1.0, 0.0, 0.0, 1.0, 10.0, 0.0, 13.7842875677
1.0, 0.0, 1.0, 0.522853791122, 0.66863011811, 0.0, 1.0, 0.00131332973776, 0.373327888761, 0.0, 0.176625505014, 0.60664205047, 1.0, 1.0, 1.0, 1.0, 0.155113566031, 1.0, 0.918030244245, 1.0, 0.0, 0.0, 1.0, 1.0, 1.0, 0.0, 0.0, 0.754333187603, 10.0, 0.0, 13.7842875677
1.0, 0.0, 1.0, 0.522853791122, 0.796312326902, 0.0, 1.0, 0.0, 0.373327888761, 0.0, 0.176625505014, 0.60664205047, 1.0, 1.0, 1.0, 1.0, 0.399659174966, 1.0, 1.0, 1.0, 0.0, 0.4315068237, 1.0, 1.0, 1.0, 0.0, 0.0, 1.0, 10.0, 0.0, 13.7842875677
1.0, 0.36079380038, 1.0, 0.522853791122, 0.66863011811, 0.0, 1.0, 0.0, 0.373327888761, 0.0, 0.176625505014, 0.632352824731, 1.0, 0.896921360156, 1.0, 1.0, 0.399659174966, 1.0, 0.918030244245, 1.0, 0.0, 0.0, 1.0, 1.0, 1.0, 0.0, 0.0, 0.754333187603, 10.0, 0.0, 13.7842875677
1.0, 0.36079380038, 1.0, 0.720685764042, 0.66863011811, 0.0, 1.0, 0.0, 0.373327888761, 0.0, 0.12709758619, 0.632352824731, 1.0, 0.896921360156, 1.0, 1.0, 0.399659174966, 1.0, 0.918030244245, 1.0, 0.0, 0.0, 1.0, 1.0, 1.0, 0.0, 0.0, 0.819118797199, 10.0, 0.0, 13.7842875677
1.0, 0.0, 1.0, 0.522853791122, 0.796312326902, 0.0, 1.0, 0.0, 0.373327888761, 0.0, 0.176625505014, 0.60664205047, 1.0, 1.0, 0.734999297606, 1.0, 0.399659174966, 1.0, 1.0, 1.0, 0.0, 0.4315068237, 1.0, 1.0, 1.0, 0.0, 0.0, 1.0, 10.0, 0.0, 13.7842875677
1.0, 0.0, 1.0, 0.522853791122, 0.66863011811, 0.0, 1.0, 0.00131332973776, 0.373327888761, 0.0, 0.176625505014, 0.60664205047, 1.0, 1.0, 1.0, 1.0, 0.155113566031, 1.0, 0.918030244245, 1.0, 0.0, 0.0, 1.0, 1.0, 1.0, 0.0, 0.0, 0.754333187603, 10.0, 0.0, 13.7842875677
1.0, 0.0, 1.0, 0.522853791122, 0.796312326902, 0.0, 1.0, 0.0, 0.373327888761, 0.0, 0.176625505014, 0.60664205047, 1.0, 1.0, 1.0, 1.0, 0.399659174966, 1.0, 1.0, 1.0, 0.0, 0.4315068237, 1.0, 1.0, 1.0, 0.0, 0.0, 1.0, 10.0, 0.0, 13.7842875677
0.0, 0.100960219801, 0.0, 0.149999398853, 0.0, 0.128412777509, 0.0, 0.0, 0.428308538759, 0.4990409339, 0.0, 0.0, 0.08073882934, 1.0, 0.577401008404, 1.0, 0.0, 0.0, 0.0, 0.0, 0.0, 1.0, 1.0, 1.0, 0.946890017923, 0.195992875622, 0.46915434709, 0.0, 30.0, 0.0, 4.30070797217
0.0, 0.340570136941, 0.0, 0.149999398853, 0.0, 0.123409295521, 0.0, 0.0, 0.428308538759, 0.4990409339, 0.0, 0.0, 0.08073882934, 1.0, 0.577401008404, 1.0, 0.0, 0.0, 0.164717903611, 0.0, 0.0, 1.0, 1.0, 1.0, 0.946890017923, 0.195992875622, 0.46915434709, 0.0, 30.0, 0.0, 4.30070797217
