0.998374259815, 0.969407445533, 0.869741254556, 0.00354626484602, 0.00416725680337, 0.808968424959, 0.814161876702, 0.495811916044, 0.297848130047, 0.163223387946, 45.8636231769, 6.89331368252, 1.67005410598, 0.088894023791
0.968186666963, 0.947441017921, 0.945085077382, 0.0143178314692, 0.498300874733, 0.159695032293, 0.697435375033, 0.403915493376, 0.301503966966, 1.29510502179, 89.1588875802, 5.25590142418, 5.30947521777, 3.31936283218
0.994715285654, 0.925314142608, 0.700746496556, 0.996593282227, 0.405070686855, 0.111334177229, 0.00349542588022, 0.197186806313, 0.991402243389, 39.3748286801, 0.134597464247, 16.8724842021, 4.55081266101, 0.323722818046
0.820677118231, 0.712005987842, 0.0544344605578, 0.428878201943, 0.494651270121, 0.503406882552, 0.702957698857, 0.796401605698, 0.99112102759, 0.445630211915, 0.593429851982, 18.0492169806, 7.72087536497, 5.85796089722
0.996880864594, 0.767613925494, 0.396442445726, 0.855957488112, 0.402559586323, 0.501390009718, 0.800183788328, 0.096575754143, 0.594859373208, 4.84158342565, 0.814752891154, 8.61140009182, 4.31938914337, 0.0581571614737
0.71788151886, 0.99239699758, 0.0650833605446, 0.855957488112, 0.402559586323, 0.500340532797, 0.0089251610124, 0.695882957337, 0.592490334365, 1.2232073697, 0.205844173966, 20.5281973093, 0.168219993182, 8.69503323511
0.99958108404, 0.932656816899, 0.00898702224189, 0.327427279792, 0.496574936384, 0.0999876926959, 0.00349542588022, 0.762067567495, 0.991402243389, 0.362420368947, 0.744452488981, 122.056598661, 8.8931105885, 0.0553437943118
0.996785570638, 0.993893881114, 0.971481384406, 0.028554082394, 0.6374476682, 0.091932699271, 0.796286877835, 0.785774984787, 0.290408468732, 3.86956741915, 131.6475669, 3.97821422218, 0.857008175987, 0.452607611682
0.999006756481, 0.994122006951, 0.971481384406, 0.426848522047, 0.440853735401, 0.511517345353, 0.706001778867, 0.786185675023, 0.322788915197, 72.9917993743, 98.0098454814, 5.01989050314, 1.04077100601, 0.176040839662
0.263746904072, 0.766320976786, 0.0437991672225, 0.856148469859, 0.500448509459, 0.499682010494, 0.789200526767, 0.695062569496, 0.603449539121, 0.165084123051, 0.0277377166916, 4.20958697235, 1.34245390921, 16.0368629885
0.818269515304, 0.999823043861, 0.729377520583, 0.326612423449, 0.500111876077, 0.110182142922, 0.803379848435, 0.809857372654, 0.319802865126, 14.3025610902, 29.4880606478, 16.2477267198, 0.010626034698, 13.3363507205
0.916018502444, 0.944059021276, 0.494046089513, 0.93174813317, 0.499356937228, 0.10963439114, 0.197032704417, 0.797917886508, 0.805648230911, 13.9935132799, 1.02504461331, 15.3805449679, 1.80132335802, 2.95216746018
0.968191645474, 0.990888338243, 0.389634417825, 0.836043638132, 0.705222754515, 0.1952562007, 0.38942474846, 0.592204598386, 0.0942352513903, 12.8603673991, 2.5220442509, 24.0966768142, 0.363027887887, 1.30894763233
0.862531713508, 0.999430423712, 0.870999434321, 0.459144899055, 0.4988669048, 0.500584910234, 0.396921694862, 0.518086032826, 0.991171709493, 17.4632423585, 20.5710304701, 5.63311813616, 0.0248860849831, 6.96357289235
0.262892589306, 0.00211425215022, 0.396041252793, 0.843752201155, 0.704858256334, 0.498826615015, 0.796611938152, 0.592653539989, 0.592198879598, 0.00418781151284, 0.000775507702335, 0.00756900962727, 5.91501460122, 16.6198628151
0.844614216619, 0.98156648625, 0.972479277235, 0.417828137553, 0.40219458967, 0.10926403093, 0.694369862467, 0.0880510810347, 0.804864002701, 17.2463037319, 24.0297669341, 1.16809409128, 0.797088231541, 7.95520112953
0.965020465655, 0.791796645542, 0.9391202622, 0.885214333603, 0.702031182925, 0.50051523683, 0.69130377932, 0.591650001351, 0.592490334365, 15.9563148534, 2.06905397277, 1.16851884903, 5.04704310326, 0.878672008424
5.56772925909e-05, 0.95455278858, 0.928347362012, 0.76398784038, 0.502718847968, 0.513842273894, 0.691237624374, 0.80466667361, 0.114869238424, 0.00236245009138, 0.000729811285719, 0.000238670021681, 0.000158588969952, 62.6705416034
0.777925295831, 0.95455278858, 0.919283493683, 0.97413804382, 0.502718847968, 0.195579697565, 0.696496178824, 0.590199624619, 0.410010310762, 20.2677329482, 0.538078996811, 1.82682759218, 1.07756256788, 6.76856267111
0.966138766708, 0.998170542296, 0.946338803315, 0.838477211588, 0.802190782004, 0.594922257236, 0.391919033265, 0.590199624619, 0.197396010316, 23.140952793, 4.45783280689, 1.56496157313, 0.0534516294427, 1.02400443797
0.613558333114, 4.32274611238e-05, 0.0582849018232, 0.418541771756, 0.401039800601, 0.495162631219, 0.488467977568, 0.798476415388, 0.708592563686, 1.93633734288e-05, 2.69005235953e-05, 0.000747490498658, 18.3614781683, 11.5652360772
0.909816830009, 0.993799101915, 0.933455065639, 0.12719256009, 0.792553660892, 0.501026271485, 0.697402195709, 0.59265397716, 0.419916471676, 5.70589394998, 39.1543867611, 3.19803764018, 0.299864161348, 4.79337604025
0.24917751845, 0.732069075001, 0.396247769675, 0.144904945188, 0.503153978289, 0.498826615015, 0.31082496724, 0.595517066215, 0.802180919839, 0.2303373612, 1.35923821126, 2.421994193, 1.46819970227, 16.5116585785
0.99733656427, 0.361120779852, 0.999997309886, 0.837021081783, 0.69738890391, 0.80164491263, 0.911054708448, 0.312131992673, 0.314545228848, 19.5214317385, 3.80107729189, 6.27403870128e-05, 41.2612823634, 0.172474318923
0.878745608482, 0.954006326417, 0.0130244540169, 0.996039612542, 0.804582561635, 0.107924835461, 0.00349542588022, 0.599211856768, 0.988058959727, 0.656553834025, 0.00261054634505, 49.9505870546, 2.43995068289, 7.3201041216
0.910340512994, 0.995566640073, 0.404092347517, 0.0224941919396, 0.705603884025, 0.593759211149, 0.796611938152, 0.593004334251, 0.194320364105, 0.234378796111, 10.1851462413, 15.3654845067, 0.114823280969, 2.5508759541
0.843207719751, 0.951046385766, 0.883687017444, 0.0869527532349, 0.49844090247, 0.198288866587, 0.69560302923, 0.590738849271, 0.308176074743, 1.62202622434, 17.0320837836, 2.45529823242, 1.08657352908, 4.12728502417
0.998306946255, 0.999835943119, 0.785824013162, 0.934134902035, 0.0287226952918, 0.484230210119, 0.39257401945, 0.2002155297, 0.324737302669, 114.988556693, 8.10775032052, 33.5498439717, 0.0257030957282, 0.265703720017
0.844912719592, 0.99041167821, 0.700746496556, 0.994340093838, 0.711850029265, 0.111334177229, 0.00845218801144, 0.197186806313, 0.997981723758, 42.4547371953, 0.241657587942, 18.2334778499, 0.589871099368, 11.2922074975
0.999169203455, 0.000688410651695, 0.00602360873142, 0.322375369417, 0.499517376976, 0.1040050134, 0.703936771385, 0.501482235892, 0.792257195526, 3.18272506182e-05, 6.69000518916e-05, 0.0162913316989, 23.792159331, 0.0197965074521
0.996269755459, 0.999893497046, 0.869741254556, 0.0307878170862, 9.40326434597e-05, 0.808968424959, 0.913184246072, 0.490459437329, 0.295229287512, 1.68800415531, 53.1390123425, 8.21129082705, 0.00671448102644, 0.236053887127
0.997389949122, 0.964045098629, 0.971481384406, 0.022391533699, 0.503661046953, 0.109889324828, 0.537123410283, 0.814961368236, 0.325207402456, 3.78586550448, 165.289891225, 4.96335451177, 6.49094019379, 0.472425674331
0.845396531295, 0.947122871808, 0.377920551391, 0.0142097267948, 0.494651270121, 0.503406882552, 0.703838476426, 0.796401605698, 0.99112102759, 0.143061340813, 9.92478464095, 16.5722664565, 1.48729661418, 5.143852434
0.849320961479, 0.952101492731, 0.700746496556, 0.0212402380967, 0.711614734285, 0.0919805143409, 0.797186143315, 0.197186806313, 0.991402243389, 0.719309609805, 33.146111603, 14.462214215, 2.43127609242, 9.00519866003
0.996269755459, 0.999893497046, 0.869741254556, 0.00431931150311, 9.40326434597e-05, 0.808968424959, 0.856620241095, 0.495811916044, 0.989060194771, 0.571183608324, 131.66831982, 19.8051451791, 0.0161949289499, 0.56934793848
0.996269755459, 0.999893497046, 0.869792066633, 0.454266078197, 9.40326434597e-05, 0.808968424959, 0.703559280038, 0.496819026252, 0.989060194771, 20.9103179782, 25.1206735085, 6.89084265338, 0.005636931991, 0.198171638688
0.990715894445, 0.818638085682, 0.000151790795397, 0.172220978074, 0.0880393159774, 0.793709771824, 0.702645222197, 0.511878076532, 0.802137758306, 0.00109560243015, 0.00526600602431, 41.9040087657, 9.2848660889, 0.479756085377
0.914662689513, 0.948046545722, 0.998981670357, 0.162328996116, 0.502188286743, 0.109267042897, 0.331808456141, 0.798550305492, 0.805648230911, 14.2662028525, 73.6182983386, 0.0895866214265, 4.82102674115, 8.65771129963
0.916090107379, 0.817542618607, 0.490455102951, 0.177310168918, 0.499356937228, 0.108395304488, 0.297666640919, 0.0963616256225, 0.805648230911, 2.26796522566, 10.5229831983, 13.2888055576, 5.820422704, 2.92191824661
0.996880864594, 0.767613925494, 0.0650833605446, 0.855957488112, 0.402559586323, 0.499682010494, 0.789200526767, 0.695882957337, 0.592490334365, 1.12374749067, 0.18910683478, 18.8590346868, 6.10680180132, 0.082223260433
0.996481053139, 0.999815221209, 0.509048401503, 0.00722947707388, 0.000848265064021, 0.808968424959, 0.856620241095, 0.68566494999, 0.989007821755, 0.629590362141, 86.45697976, 83.9906199154, 0.0316172786169, 0.604249121027
0.994103818397, 0.998122048473, 0.00165219018245, 0.172220978074, 0.093469613376, 0.78078447859, 0.708202767507, 0.511878076532, 0.802137758306, 0.0214729173471, 0.103209438932, 75.3402112157, 0.141986055027, 0.448435952523
0.984835417594, 0.951978164672, 0.49629833901, 0.178773339899, 0.392575389568, 0.100786316006, 0.196397207254, 0.789034764421, 0.805637222163, 3.63427141192, 16.6946624995, 20.6321822429, 2.06625324804, 0.662539219621
0.716677858194, 0.994171345565, 0.462697689944, 0.428878201943, 0.495496276044, 0.503406882552, 0.702982444313, 0.796401605698, 0.99112102759, 4.50651418854, 6.00116414094, 12.2019192281, 0.133142437786, 9.03035296294
0.856542172291, 0.997048222572, 0.527776617874, 0.980272814823, 0.4988669048, 0.500584910234, 0.396921694862, 0.518091286456, 0.991171709493, 22.3882453052, 0.450545046481, 20.4348022597, 0.128112172511, 7.26912753229
0.994086381304, 0.999823043861, 0.823606025194, 0.0252044170181, 0.502951464083, 0.778908950498, 0.0965328154022, 0.813624496612, 0.295335792292, 1.62548029798, 62.8664020896, 13.8124043889, 0.0138588766957, 0.46589879821
0.906006594956, 0.792765239638, 0.964258052282, 0.427874745561, 0.407707162392, 0.504078085853, 0.896769113181, 0.607574084072, 0.700325514313, 7.51435748089, 10.0476920648, 0.650968747627, 4.76101914257, 2.38343519599
0.845997537898, 0.818638085682, 0.000151790795397, 0.172220978074, 0.394748024988, 0.0921919065398, 0.702645222197, 0.511878076532, 0.802137758306, 0.000706427499156, 0.00339543922495, 27.0190566416, 5.9867380271, 6.00900725174
0.27103641458, 0.711972156371, 0.707557703276, 0.914675072803, 0.398965473745, 0.509960817742, 0.90850035573, 0.5962893708, 0.405361441784, 3.86894890177, 0.360912626995, 1.74825376725, 2.41844240995, 22.5828873216
0.723081442198, 0.998427862605, 0.465200613384, 0.984953588262, 0.709856631035, 0.111334177229, 0.681675008909, 0.205848459815, 0.992027177099, 29.4060966311, 0.449215316132, 34.3219721927, 0.101054379649, 24.6166804484
0.998972423346, 0.95455278858, 0.9319473197, 0.764364803463, 0.40274607324, 0.200226336931, 0.691237624374, 0.0965641076787, 0.59309189843, 20.2416691666, 6.24001742451, 1.93374637525, 1.35288713737, 0.0306206958818
0.84230273405, 0.999823043861, 0.808845175048, 0.936187500522, 0.500111876077, 0.778184799777, 0.802709012667, 0.813624496612, 0.295335792292, 48.535092882, 3.3082535149, 12.2521665594, 0.0113441019308, 12.0021883796
0.263845786639, 0.00839917715595, 0.00718326137478, 0.91573926432, 0.704858256334, 0.498826615015, 0.903255768835, 0.592653539989, 0.31710426318, 0.000696120996999, 6.40528036905e-05, 0.10506554533, 12.4937083978, 35.1538686469
0.997823589295, 3.3261718104e-05, 0.162398167556, 0.45038857639, 0.500542777343, 0.499989918122, 0.397793721385, 0.80498411842, 0.319746022387, 0.000106885891544, 0.000130433385958, 0.00122402281197, 43.9331930525, 0.0958284141528
0.916090107379, 0.775108582753, 0.488951902099, 0.177310168918, 0.499356937228, 0.095144179592, 0.297666640919, 0.101450019866, 0.29138763105, 1.91439105742, 8.88245758982, 11.2847683807, 6.40680061997, 2.60941587137
0.779148309052, 1.57732559077e-06, 0.590544704764, 0.370510599595, 0.307810712291, 0.803648840587, 0.359982190568, 0.436539353141, 0.692709939989, 5.27051910309e-05, 8.95449661535e-05, 9.86294172775e-05, 152.71367936, 43.2871728328
0.999351319985, 0.993893881114, 0.971481384406, 0.028554082394, 0.6374476682, 0.091932699271, 0.796286877835, 0.785774984787, 0.290408468732, 3.87952777609, 131.986430813, 3.98845423853, 0.859214135055, 0.0913373663745
0.994086381304, 0.999920749112, 0.836442896359, 0.93441253653, 0.502951464083, 0.778908950498, 0.0965328154022, 0.813624496612, 0.331965696294, 114.329305234, 8.02490210422, 23.9250041546, 0.0115936762839, 0.870254393142
0.913570853712, 0.951778890405, 0.882980447687, 0.0869527532349, 0.484582442724, 0.197075281072, 0.696528777898, 0.590738849271, 0.299133226016, 2.76862599282, 29.0719528252, 4.21976532824, 1.826968243, 3.58436135704
0.906006594956, 0.793212561013, 0.932164409183, 0.427874745561, 0.407707162392, 0.503965625538, 0.896769113181, 0.607574084072, 0.698625374964, 7.28372649314, 9.73930786144, 1.23880249189, 4.76079005588, 2.38847609683
0.000103016930312, 0.0382757035785, 0.0556455539095, 0.935835174542, 0.401935985888, 0.512667478659, 0.424847792718, 0.0178047519085, 0.193905610924, 2.34636161704e-05, 1.608764959e-06, 0.000425500564378, 0.0113212014017, 114.258516727
0.906006594956, 0.791796645542, 0.0258465071432, 0.91673299886, 0.407707162392, 0.104405856765, 0.896769113181, 0.510241222861, 0.309018522973, 0.7639465645, 0.0693893854985, 31.4083880625, 8.47797869656, 4.22445435975
0.891237776955, 0.824245276717, 0.118080906616, 0.94319556526, 0.386754442432, 0.499197308966, 0.803646012149, 0.592803909457, 0.803282788858, 2.82866952891, 0.170358067377, 22.3990463366, 5.4156591273, 3.7603546378
0.994715423934, 0.981269506749, 0.006172913585, 0.997859060313, 0.516813575827, 0.112514877266, 0.0686782622504, 0.104855757128, 0.800628724598, 0.850258429682, 0.00182425764232, 137.183656124, 2.63482912335, 0.74733365809
0.999984744948, 0.932789254989, 0.971481384406, 0.0296636952391, 0.505141840359, 0.103908017308, 0.537123410283, 0.772026051168, 0.3265095053, 5.81259846087, 190.137313174, 5.75226689391, 14.5333510403, 0.00329873448272
0.915916226175, 0.917863296803, 0.998774216254, 0.994340093838, 0.498646301979, 0.115015443259, 0.00685794250213, 0.184675553849, 0.318044198215, 85.4743759479, 0.486530665057, 0.10549880084, 7.70181226477, 8.6081951405
0.948931786751, 0.96170303771, 0.998906886734, 0.916090439238, 0.801492486274, 0.778184799777, 0.912802300977, 0.813624496612, 0.295335792292, 83.0183019793, 7.60408465797, 0.0991689359294, 3.61271604277, 5.07674288794
0.92935369337, 0.95476841216, 0.700746496556, 0.996593282227, 0.496490493517, 0.111334177229, 0.00349542588022, 0.189717770499, 0.987427598393, 47.4160980357, 0.162085443265, 20.3182437067, 3.21655301027, 5.40576686802
0.968186666963, 0.999815221209, 0.519347417119, 0.000530210965938, 0.000830234862111, 0.503544841521, 0.85827793879, 0.686555674265, 0.927563597692, 0.0532499365853, 100.378351834, 92.9487799547, 0.0357391970648, 6.35539785823
0.842314079236, 0.999823043861, 0.968461640446, 0.427600419679, 0.106756572851, 0.114551882243, 0.47791771137, 0.813624496612, 0.295197829421, 37.3146896957, 49.9506355434, 2.84183192087, 0.0159478367263, 16.8715508192
0.86225021305, 0.999947306998, 0.884101729731, 0.416039112011, 0.0956324059318, 0.114551882243, 0.702130978325, 0.809313566262, 0.295197829421, 18.2063254744, 25.5547656076, 5.7367094656, 0.00260832513855, 7.9079954669
0.915916226175, 0.970034744988, 0.493072657086, 0.993727453495, 0.502141501447, 0.111379502314, 0.00349542588022, 0.19209028899, 0.991402243389, 27.9738262402, 0.176574699036, 28.9413897628, 1.7636173099, 5.40309765701
0.909816830009, 0.995005966544, 0.933455065639, 0.12719256009, 0.792553660892, 0.195587420948, 0.697402195709, 0.593035231149, 0.419887737881, 6.34012693716, 43.5065538176, 3.55351234466, 0.268020856009, 5.31971876383
0.699745396565, 0.998559950855, 0.0577018679578, 0.427324167062, 0.713666083566, 0.590589986695, 0.0105988814263, 0.208067286172, 0.410635879067, 1.26409817619, 1.694073333, 48.3083058838, 0.0739327136972, 22.029719027
0.27103641458, 0.732069075001, 0.396247769675, 0.914476141835, 0.704858256334, 0.498826615015, 0.902212879163, 0.594368560849, 0.405361441784, 1.46800649438, 0.137291257221, 2.44594966089, 1.48272137657, 14.8838366842
0.71777818436, 0.99390230554, 0.459749014573, 0.428878201943, 0.495496276044, 0.503406882552, 0.702982444313, 0.796401605698, 0.99112102759, 4.48345631428, 5.97045879254, 12.2843937866, 0.139501900122, 8.99528216476
0.776946528383, 0.954464561142, 0.998719534372, 0.916090439238, 0.801492486274, 0.778184799777, 0.910519385789, 0.813624496612, 0.295631665113, 63.951421142, 5.85764835907, 0.089502719146, 3.33470962798, 21.0245327798
0.906006594956, 0.791796645542, 0.9391202622, 0.91685055388, 0.407707162392, 0.504078085853, 0.896769113181, 0.591650001351, 0.592490334365, 18.6800430536, 1.69409859308, 1.32078121544, 5.70469165286, 2.84256547303
0.909320058647, 0.99963218553, 0.377920551391, 0.949383684856, 0.494651270121, 0.506880396732, 0.703810014796, 0.591832560142, 0.41083739534, 9.72344228766, 0.518404547038, 16.8586820913, 0.00997163440488, 2.70353499574
0.916090107379, 0.948046545722, 0.494046089513, 0.177310168918, 0.499356937228, 0.109267042897, 0.294417127663, 0.798550305492, 0.805648230911, 2.58839794024, 12.0097379481, 14.9499896777, 1.61925297604, 2.85479710531
0.996334794163, 0.389296584319, 0.999993634497, 0.894641103102, 0.806441771698, 0.791067819352, 0.898823362025, 0.312131992673, 0.314545228848, 22.9086556582, 2.69787592053, 0.000162999502602, 40.1701337056, 0.24197249393
0.996880864594, 0.765825617956, 0.391442548756, 0.946396839596, 0.405156397795, 0.50291132464, 0.911386488004, 0.31143672294, 0.600636099806, 11.2548212357, 0.637464077194, 18.4883806385, 9.28980894403, 0.124124744721
0.856518393803, 0.982149308412, 0.985009777854, 0.987196712431, 0.40219458967, 0.500696118547, 0.684698218825, 0.0828934118421, 0.696597044284, 51.1793089788, 0.663761742921, 0.788965921253, 0.956594120372, 8.97702007508
0.999907596407, 0.932887119308, 0.971481384406, 0.022391533699, 0.505407493764, 0.109889324828, 0.537123410283, 0.772026051168, 0.3265095053, 4.54768687812, 198.550811834, 5.96211940385, 15.0400407837, 0.0207096196297
0.967736421833, 0.791796645542, 0.993437925501, 0.885214333603, 0.0945444529553, 0.50051523683, 0.684155896214, 0.591650001351, 0.592490334365, 33.1416920479, 4.29748035345, 0.247301449004, 9.9096785993, 1.58681863197
0.968131673095, 0.96779079462, 0.999997309886, 0.837021081783, 0.69738890391, 0.80164491263, 0.911054708448, 0.312131992673, 0.275034083704, 75.2819366356, 14.658374635, 0.000241950380631, 2.99332641603, 3.05913682933
0.915916226175, 0.951924339365, 0.609447205124, 0.994340093838, 0.496574936384, 0.111334177229, 0.00349542588022, 0.196198333439, 0.991402243389, 31.761841357, 0.180792309128, 20.4698368441, 2.64702145025, 5.05462152174
0.947170089428, 0.999787549999, 0.0510319184899, 0.0497193680155, 0.495250044054, 0.688312315328, 0.705583683747, 0.593079089967, 0.191837797291, 0.0932197968785, 1.78169938651, 34.8652081501, 0.00780709872399, 2.04967419415
0.844738312264, 0.999764187816, 0.979136404881, 0.4270132834, 0.387340772316, 0.10926403093, 0.690158530799, 0.084591169192, 0.984555082291, 37.7289387685, 50.6264830304, 1.8826914593, 0.0212842656839, 16.589547544
0.970615143036, 0.712005987842, 0.0544344605578, 0.0012310300765, 0.487984464635, 0.503406882552, 0.700828658977, 0.796401605698, 0.99112102759, 0.00197394080524, 1.60151312496, 27.8537179719, 11.9149260127, 1.25251925228
0.994086381304, 0.999823043861, 0.823606025194, 0.936591124581, 0.502951464083, 0.778184799777, 0.0965328154022, 0.813624496612, 0.295335792292, 62.0879767003, 4.20346582012, 14.1978211476, 0.0142455902023, 0.478899084016
0.856542172291, 0.953806316733, 0.527776617874, 0.981332845244, 0.4988669048, 0.500584910234, 0.396921694862, 0.595139452642, 0.988572029469, 12.3430028859, 0.234791636852, 11.2538685271, 1.15418851326, 4.18475132302
