0.00433762286171, -2.54458421866, 1.07936009884, 0.513521712436, -0.0965045563476, -4.3624856679, 0.0237057111167, -4.97089916411, -4.09948044376, 1.01958803509, 0.00433762286171, 103.059004471
0.00433762286171, -2.54458421866, 1.07936009884, 0.513521712436, -0.0965045563476, -4.3624856679, 0.0237057111167, -4.97089916411, -4.09948044376, 1.01958803509, 0.00433762286171, 103.059004471
0.00433762286171, -2.54458421866, 1.07936009884, 0.513521712436, -0.0965045563476, -4.3624856679, 0.0237057111167, -4.97089916411, -4.09948044376, 1.01958803509, 0.00433762286171, 103.059004471
0.00433762286171, -2.54458421866, 1.07936009884, 0.513521712436, -0.0965045563476, -4.3624856679, 0.0237057111167, -4.97089916411, -4.09948044376, 1.01958803509, 0.00433762286171, 103.059004471
0.000250254877925, -0.939578537547, -1.23718158005, -1.33820413089, 0.626792570474, -1.73818863285, -0.571900725926, 0.266377348294, 0.309237692252, -0.355188814422, 0.000250254877925, 129.851003543
0.000250254877925, -0.939578537547, -1.23718158005, -1.33820413089, 0.626792570474, -1.73818863285, -0.571900725926, 0.266377348294, 0.309237692252, -0.355188814422, 0.000250254877925, 129.851003543
1.89779551318e-05, -0.939578537547, -1.23718158005, -0.477321135964, 3.13135947344, -3.49651031633, -0.571900725926, -4.5885129082, 3.85666401341, 1.18282641456, 1.89779551318e-05, 135.468343865
1.89779551318e-05, -0.939578537547, -1.23718158005, -0.477321135964, 3.13135947344, -3.49651031633, -0.571900725926, -4.5885129082, 3.85666401341, 1.18282641456, 1.89779551318e-05, 135.468343865
0.0126714747808, 3.44009117593, 3.45646816451, 0.513521712436, 0.0444813775187, 1.60210945289, 0.404476845609, 1.37615881812, -4.38981627441, 0.505830673697, 0.0126714747808, 86.5984147262
0.0126714747808, 3.44009117593, 3.45646816451, 0.513521712436, 0.0444813775187, 1.60210945289, 0.404476845609, 1.37615881812, -4.38981627441, 0.505830673697, 0.0126714747808, 86.5984147262
0.00300961385543, 0.124027854722, -0.986972826489, -1.33820413089, -1.84043039393, -3.77624231329, -0.571900725926, 0.764016712759, 0.471985933953, -1.87224539463, 0.00300961385543, 118.824959504
0.00300961385543, 0.124027854722, -0.986972826489, -1.33820413089, -1.84043039393, -3.77624231329, -0.571900725926, 0.764016712759, 0.471985933953, -1.87224539463, 0.00300961385543, 118.824959504
0.014695580293, 1.93256123089, -0.668323824807, -2.47744699675, 2.01705217915, 3.34677984374, -1.98879279381, 0.0873448928949, -1.1292302592, 1.46158753141, 0.014695580293, 83.8389906846
0.014695580293, 1.93256123089, -0.668323824807, -2.47744699675, 2.01705217915, 3.34677984374, -1.98879279381, 0.0873448928949, -1.1292302592, 1.46158753141, 0.014695580293, 83.8389906846
0.0182870430031, 1.13457923506, 0.432589213676, -1.59048428889, -0.543209577283, -0.548153508523, -0.0439113451437, 3.46151831175, 0.544239383082, 2.92276347127, 0.0182870430031, 58.5015267847
0.0182870430031, 1.13457923506, 0.432589213676, -1.59048428889, -0.543209577283, -0.548153508523, -0.0439113451437, 3.46151831175, 0.544239383082, 2.92276347127, 0.0182870430031, 58.5015267847
6.20448338706e-07, -0.939578537547, -1.68896798065, -0.0654970521235, 4.88240153988, -2.78607725243, -0.571900725926, -4.92210154031, 3.85666401341, 4.71678157549, 6.20448338706e-07, 188.881427501
6.20448338706e-07, -0.939578537547, -1.68896798065, -0.0654970521235, 4.88240153988, -2.78607725243, -0.571900725926, -4.92210154031, 3.85666401341, 4.71678157549, 6.20448338706e-07, 188.881427501
0.00466617661956, 0.598762776901, -0.42045425871, 0.513521712436, -0.916486340679, -2.27614277573, -2.08206686466, -3.50907945441, -3.95969737659, 1.35241370487, 0.00466617661956, 96.9449427682
0.00466617661956, 0.598762776901, -0.42045425871, 0.513521712436, -0.916486340679, -2.27614277573, -2.08206686466, -3.50907945441, -3.95969737659, 1.35241370487, 0.00466617661956, 96.9449427682
5.43897005427e-05, -3.08994329133, 3.45646816451, -2.57757316857, -3.35200901221, 1.60210945289, 1.4120339364, -1.86295747396, -3.95969737659, -1.3323920749, 5.43897005427e-05, 130.831682423
5.43897005427e-05, -3.08994329133, 3.45646816451, -2.57757316857, -3.35200901221, 1.60210945289, 1.4120339364, -1.86295747396, -3.95969737659, -1.3323920749, 5.43897005427e-05, 130.831682423
1.89779551318e-05, -0.939578537547, -1.23718158005, -1.33820413089, 3.13135947344, -3.49651031633, -0.571900725926, -4.5885129082, 3.85666401341, 1.18282641456, 1.89779551318e-05, 151.088829247
1.89779551318e-05, -0.939578537547, -1.23718158005, -1.33820413089, 3.13135947344, -3.49651031633, -0.571900725926, -4.5885129082, 3.85666401341, 1.18282641456, 1.89779551318e-05, 151.088829247
1.91408339731e-05, 3.92864611329, 3.45646816451, 0.513521712436, -4.69302206452, 1.60210945289, 1.70586716589, 0.121407247125, -1.26176178524, -3.55249044136, 1.91408339731e-05, 150.480242537
1.91408339731e-05, 3.92864611329, 3.45646816451, 0.513521712436, -4.69302206452, 1.60210945289, 1.70586716589, 0.121407247125, -1.26176178524, -3.55249044136, 1.91408339731e-05, 150.480242537
0.012926058745, -0.109536537581, -4.58138297402, -0.447319545648, -3.36923574983, -1.6083318328, 1.98908252728, -1.51094002097, -0.105634820999, -0.0970155025309, 0.012926058745, 90.3488311953
0.012926058745, -0.109536537581, -4.58138297402, -0.447319545648, -3.36923574983, -1.6083318328, 1.98908252728, -1.51094002097, -0.105634820999, -0.0970155025309, 0.012926058745, 90.3488311953
0.0126714747808, 3.44009117593, 3.45646816451, 0.513521712436, 0.0444813775187, 1.60210945289, 0.404476845609, 1.99272121382, -4.38981627441, -3.45839167457, 0.0126714747808, 91.8768187092
0.0126714747808, 3.44009117593, 3.45646816451, 0.513521712436, 0.0444813775187, 1.60210945289, 0.404476845609, 1.99272121382, -4.38981627441, -3.45839167457, 0.0126714747808, 91.8768187092
0.00300961385543, 0.124027854722, -0.986972826489, -1.33820413089, -1.84043039393, -3.77624231329, -0.571900725926, -4.21290287171, 0.471985933953, -1.60056679295, 0.00300961385543, 130.765521476
0.00300961385543, 0.124027854722, -0.986972826489, -1.33820413089, -1.84043039393, -3.77624231329, -0.571900725926, -4.21290287171, 0.471985933953, -1.60056679295, 0.00300961385543, 130.765521476
0.00433762286171, 3.92864611329, 3.45646816451, 0.513521712436, -0.0965045563476, 1.60210945289, 0.0237057111167, -3.29246940303, -3.95969737659, -4.11316645284, 0.00433762286171, 122.502293797
0.00433762286171, 3.92864611329, 3.45646816451, 0.513521712436, -0.0965045563476, 1.60210945289, 0.0237057111167, -3.29246940303, -3.95969737659, -4.11316645284, 0.00433762286171, 122.502293797
0.00433762286171, 3.92864611329, 3.45646816451, 0.513521712436, -0.0965045563476, 1.60210945289, 0.0237057111167, -3.29246940303, -3.95969737659, -4.11316645284, 0.00433762286171, 122.502293797
0.00433762286171, 3.92864611329, 3.45646816451, 0.513521712436, -0.0965045563476, 1.60210945289, 0.0237057111167, -3.29246940303, -3.95969737659, -4.11316645284, 0.00433762286171, 122.502293797
0.113501064351, 2.51904389074, -0.0314021382796, -1.3813745177, -0.543209577283, -1.11247369275, -0.963776800404, 0.919032597085, 2.0128684879, -4.54556664261, 0.113501064351, 64.8871473342
0.113501064351, 2.51904389074, -0.0314021382796, -1.3813745177, -0.543209577283, -1.11247369275, -0.963776800404, 0.919032597085, 2.0128684879, -4.54556664261, 0.113501064351, 64.8871473342
0.0182870430031, 4.10544233536, 0.432589213676, -1.59048428889, -0.543209577283, -0.478912415373, -0.0439113451437, 3.46151831175, 0.544239383082, 2.92276347127, 0.0182870430031, 68.937348671
0.0182870430031, 4.10544233536, 0.432589213676, -1.59048428889, -0.543209577283, -0.478912415373, -0.0439113451437, 3.46151831175, 0.544239383082, 2.92276347127, 0.0182870430031, 68.937348671
0.010708481898, -3.21806491244, 1.61419449711, -2.40484019167, 2.08111949802, 1.55511990773, 1.08649284503, 0.0873448928949, -1.42471449853, -0.357081339023, 0.010708481898, 98.2688480348
0.010708481898, -3.21806491244, 1.61419449711, -2.40484019167, 2.08111949802, 1.55511990773, 1.08649284503, 0.0873448928949, -1.42471449853, -0.357081339023, 0.010708481898, 98.2688480348
0.00466617661956, 0.598762776901, -3.8550324194, 0.513521712436, -2.03020182691, -3.54327107317, -0.00378203716171, -3.50907945441, -3.95969737659, 1.35241370487, 0.00466617661956, 98.6570362201
0.00466617661956, 0.598762776901, -3.8550324194, 0.513521712436, -2.03020182691, -3.54327107317, -0.00378203716171, -3.50907945441, -3.95969737659, 1.35241370487, 0.00466617661956, 98.6570362201
5.43897005427e-05, 3.92864611329, 3.45646816451, 1.39635151999, 2.40088442821, 1.60210945289, 1.70586716589, -1.86295747396, -1.26176178524, -1.1380285304, 5.43897005427e-05, 135.992916018
5.43897005427e-05, 3.92864611329, 3.45646816451, 1.39635151999, 2.40088442821, 1.60210945289, 1.70586716589, -1.86295747396, -1.26176178524, -1.1380285304, 5.43897005427e-05, 135.992916018
1.89779551318e-05, -0.939578537547, -1.23718158005, -1.33820413089, 4.88240153988, -2.78607725243, -0.571900725926, -4.92210154031, 3.85666401341, 1.18282641456, 1.89779551318e-05, 179.930436654
1.89779551318e-05, -0.939578537547, -1.23718158005, -1.33820413089, 4.88240153988, -2.78607725243, -0.571900725926, -4.92210154031, 3.85666401341, 1.18282641456, 1.89779551318e-05, 179.930436654
0.00300961385543, 0.124027854722, -0.986972826489, -1.33820413089, -1.84043039393, -3.77624231329, -0.571900725926, -4.21290287171, 0.471985933953, -1.87224539463, 0.00300961385543, 135.077447879
0.00300961385543, 0.124027854722, -0.986972826489, -1.33820413089, -1.84043039393, -3.77624231329, -0.571900725926, -4.21290287171, 0.471985933953, -1.87224539463, 0.00300961385543, 135.077447879
0.00433762286171, 3.92864611329, 3.45646816451, 0.513521712436, -0.0965045563476, 1.60210945289, 0.0237057111167, -3.351512169, -3.95969737659, -4.20855073656, 0.00433762286171, 128.143310116
0.00433762286171, 3.92864611329, 3.45646816451, 0.513521712436, -0.0965045563476, 1.60210945289, 0.0237057111167, -3.351512169, -3.95969737659, -4.20855073656, 0.00433762286171, 128.143310116
0.113501064351, 1.13457923506, 0.432589213676, -1.3813745177, -0.543209577283, -0.548153508523, -0.146438321361, 3.46151831175, 0.544239383082, 2.07424627079, 0.113501064351, 67.9331366492
0.113501064351, 1.13457923506, 0.432589213676, -1.3813745177, -0.543209577283, -0.548153508523, -0.146438321361, 3.46151831175, 0.544239383082, 2.07424627079, 0.113501064351, 67.9331366492
0.0182870430031, 1.13457923506, 0.432589213676, -0.444572984998, -0.543209577283, -0.478912415373, -0.0439113451437, 3.46151831175, -3.14234649931, 2.92276347127, 0.0182870430031, 71.4385338263
0.0182870430031, 1.13457923506, 0.432589213676, -0.444572984998, -0.543209577283, -0.478912415373, -0.0439113451437, 3.46151831175, -3.14234649931, 2.92276347127, 0.0182870430031, 71.4385338263
0.00466617661956, 0.598762776901, -3.8550324194, 0.513521712436, 4.45688601137, -3.54327107317, -0.00378203716171, 0.0554695909337, -3.95969737659, 1.35241370487, 0.00466617661956, 105.076695186
0.00466617661956, 0.598762776901, -3.8550324194, 0.513521712436, 4.45688601137, -3.54327107317, -0.00378203716171, 0.0554695909337, -3.95969737659, 1.35241370487, 0.00466617661956, 105.076695186
5.43897005427e-05, 3.92864611329, 3.45646816451, 0.513521712436, -2.783430654, 0.354455871115, 1.70586716589, -1.86295747396, -1.26176178524, -1.1380285304, 5.43897005427e-05, 144.360222859
5.43897005427e-05, 3.92864611329, 3.45646816451, 0.513521712436, -2.783430654, 0.354455871115, 1.70586716589, -1.86295747396, -1.26176178524, -1.1380285304, 5.43897005427e-05, 144.360222859
0.000250254877925, -0.939578537547, 0.413097724718, -1.33820413089, 3.90666380631, -3.76628021117, -0.571900725926, -0.256966210947, -0.809934546326, -0.355188814422, 0.000250254877925, 136.516415128
0.000250254877925, -0.939578537547, 0.413097724718, -1.33820413089, 3.90666380631, -3.76628021117, -0.571900725926, -0.256966210947, -0.809934546326, -0.355188814422, 0.000250254877925, 136.516415128
1.89779551318e-05, -0.939578537547, 2.24595192555, -4.75503753584, 3.13135947344, -3.49651031633, -0.571900725926, -4.5885129082, 3.85666401341, 1.18282641456, 1.89779551318e-05, 181.057703349
1.89779551318e-05, -0.939578537547, 2.24595192555, -4.75503753584, 3.13135947344, -3.49651031633, -0.571900725926, -4.5885129082, 3.85666401341, 1.18282641456, 1.89779551318e-05, 181.057703349
0.00433762286171, 3.92864611329, 3.45646816451, 0.513521712436, -0.0965045563476, 1.60210945289, 0.0237057111167, -3.29246940303, -3.95969737659, -4.25076345958, 0.00433762286171, 135.134258232
0.00433762286171, 3.92864611329, 3.45646816451, 0.513521712436, -0.0965045563476, 1.60210945289, 0.0237057111167, -3.29246940303, -3.95969737659, -4.25076345958, 0.00433762286171, 135.134258232
0.0373777093606, -0.10325978548, 4.53716288391, 0.0544196290051, 0.0264877821834, -0.325601715485, -0.352491279486, 0.0873448928949, -1.52930253911, -0.154403737153, 0.0373777093606, 83.7028104465
0.0373777093606, -0.10325978548, 4.53716288391, 0.0544196290051, 0.0264877821834, -0.325601715485, -0.352491279486, 0.0873448928949, -1.52930253911, -0.154403737153, 0.0373777093606, 83.7028104465
0.0635870492723, 1.93256123089, -0.668323824807, -2.47744699675, -1.50659628433, 3.88657092275, -1.98879279381, 0.0873448928949, -1.1292302592, 1.46158753141, 0.0635870492723, 80.8290850798
0.0635870492723, 1.93256123089, -0.668323824807, -2.47744699675, -1.50659628433, 3.88657092275, -1.98879279381, 0.0873448928949, -1.1292302592, 1.46158753141, 0.0635870492723, 80.8290850798
0.0786392656411, 1.13457923506, 0.432589213676, -1.3813745177, -0.543209577283, -1.46876633096, -0.146438321361, 3.46151831175, 0.544239383082, 2.92276347127, 0.0786392656411, 73.3209085904
0.0786392656411, 1.13457923506, 0.432589213676, -1.3813745177, -0.543209577283, -1.46876633096, -0.146438321361, 3.46151831175, 0.544239383082, 2.92276347127, 0.0786392656411, 73.3209085904
0.0182870430031, 1.13457923506, 0.432589213676, -1.59048428889, -0.543209577283, 1.86864446681, -0.271815018776, 3.46151831175, 0.544239383082, 2.92276347127, 0.0182870430031, 88.9294086241
0.0182870430031, 1.13457923506, 0.432589213676, -1.59048428889, -0.543209577283, 1.86864446681, -0.271815018776, 3.46151831175, 0.544239383082, 2.92276347127, 0.0182870430031, 88.9294086241
0.113501064351, 1.13457923506, 0.432589213676, -1.3813745177, -0.543209577283, -0.548153508523, -0.146438321361, 3.46151831175, 0.544239383082, 2.92276347127, 0.113501064351, 72.4792256174
0.113501064351, 1.13457923506, 0.432589213676, -1.3813745177, -0.543209577283, -0.548153508523, -0.146438321361, 3.46151831175, 0.544239383082, 2.92276347127, 0.113501064351, 72.4792256174
0.113501064351, 1.13457923506, 0.432589213676, -1.3813745177, -0.543209577283, -0.548153508523, -0.146438321361, 3.46151831175, 0.544239383082, 2.92276347127, 0.113501064351, 72.4792256174
0.113501064351, 1.13457923506, 0.432589213676, -1.3813745177, -0.543209577283, -0.548153508523, -0.146438321361, 3.46151831175, 0.544239383082, 2.92276347127, 0.113501064351, 72.4792256174
0.0126714747808, 3.44009117593, -3.40194804808, 0.513521712436, 0.0444813775187, 1.60210945289, 0.404476845609, -3.29246940303, -4.57918464686, 0.505830673697, 0.0126714747808, 107.249763139
0.0126714747808, 3.44009117593, -3.40194804808, 0.513521712436, 0.0444813775187, 1.60210945289, 0.404476845609, -3.29246940303, -4.57918464686, 0.505830673697, 0.0126714747808, 107.249763139
0.0126714747808, 3.44009117593, -3.40194804808, 0.513521712436, 0.0444813775187, 1.60210945289, 0.404476845609, -3.29246940303, -4.57918464686, 0.505830673697, 0.0126714747808, 107.249763139
0.0126714747808, 3.44009117593, -3.40194804808, 0.513521712436, 0.0444813775187, 1.60210945289, 0.404476845609, -3.29246940303, -4.57918464686, 0.505830673697, 0.0126714747808, 107.249763139
0.00466617661956, 0.598762776901, -3.8550324194, 0.513521712436, -2.03020182691, 0.337132142206, -4.03353801823, -3.50907945441, -3.95969737659, 1.35241370487, 0.00466617661956, 116.487822156
0.00466617661956, 0.598762776901, -3.8550324194, 0.513521712436, -2.03020182691, 0.337132142206, -4.03353801823, -3.50907945441, -3.95969737659, 1.35241370487, 0.00466617661956, 116.487822156
5.43897005427e-05, 3.92864611329, 3.45646816451, 1.39635151999, 2.40088442821, 1.60210945289, 1.70586716589, -1.86295747396, -1.26176178524, -1.23452264825, 5.43897005427e-05, 144.403399833
5.43897005427e-05, 3.92864611329, 3.45646816451, 1.39635151999, 2.40088442821, 1.60210945289, 1.70586716589, -1.86295747396, -1.26176178524, -1.23452264825, 5.43897005427e-05, 144.403399833
0.000250254877925, -0.939578537547, -1.23718158005, -1.33820413089, 0.626792570474, -1.73818863285, -0.571900725926, -4.5885129082, 0.309237692252, -0.355188814422, 0.000250254877925, 136.619399191
0.000250254877925, -0.939578537547, -1.23718158005, -1.33820413089, 0.626792570474, -1.73818863285, -0.571900725926, -4.5885129082, 0.309237692252, -0.355188814422, 0.000250254877925, 136.619399191
1.89779551318e-05, -0.939578537547, -1.23718158005, -1.33820413089, 4.88240153988, -2.78607725243, -0.571900725926, -4.92210154031, 3.73836528304, 1.18282641456, 1.89779551318e-05, 186.641430067
1.89779551318e-05, -0.939578537547, -1.23718158005, -1.33820413089, 4.88240153988, -2.78607725243, -0.571900725926, -4.92210154031, 3.73836528304, 1.18282641456, 1.89779551318e-05, 186.641430067
0.113501064351, 1.13457923506, 0.432589213676, -1.3813745177, -0.543209577283, -1.46876633096, -0.146438321361, 3.46151831175, 0.544239383082, 2.92276347127, 0.113501064351, 73.3208172338
0.113501064351, 1.13457923506, 0.432589213676, -1.3813745177, -0.543209577283, -1.46876633096, -0.146438321361, 3.46151831175, 0.544239383082, 2.92276347127, 0.113501064351, 73.3208172338
0.0635870492723, 1.93256123089, -0.668323824807, -2.47744699675, 2.08111949802, 3.88657092275, -1.98879279381, 0.0873448928949, -1.1292302592, 1.46158753141, 0.0635870492723, 87.6170183703
0.0635870492723, 1.93256123089, -0.668323824807, -2.47744699675, 2.08111949802, 3.88657092275, -1.98879279381, 0.0873448928949, -1.1292302592, 1.46158753141, 0.0635870492723, 87.6170183703
0.0290645054891, -3.53177044107, 1.7191958886, -2.40484019167, 2.08111949802, 1.55511990773, 3.52658433716, -1.03449074272, -1.42471449853, -0.357081339023, 0.0290645054891, 95.9369654005
5.43897005427e-05, 4.5158293705, 3.55566848329, 0.513521712436, -4.69302206452, 1.60210945289, 1.70586716589, -1.86295747396, -1.26176178524, -1.9924865927, 5.43897005427e-05, 148.174480094
0.0126714747808, -0.109536537581, -4.58138297402, 0.165874814765, -3.36923574983, 0.00967924507164, 1.98908252728, -0.715557208607, -0.105634820999, -0.0970155025309, 0.0126714747808, 109.7566005
0.0290645054891, -3.53177044107, 1.7191958886, -2.40484019167, 2.08111949802, 1.55511990773, 3.52658433716, -1.03449074272, -1.42471449853, -0.357081339023, 0.0290645054891, 95.9369654005
0.00466617661956, 0.598762776901, -3.8550324194, 0.513521712436, -2.03020182691, 0.337132142206, -4.03353801823, -3.50907945441, -3.95969737659, -2.86655623517, 0.00466617661956, 121.134705813
0.000250254877925, -0.939578537547, 0.413097724718, -1.33820413089, 3.90666380631, -3.76628021117, -0.571900725926, -0.256966210947, -0.809934546326, -0.772423255902, 0.000250254877925, 144.128606483
