0.251232296554, 0.0159847583036, 0.900873883708, 0.999996637157, 0.243799208531, 0.0361252011022, 0.728443588334, 0.165275974521, 0.857266598645, 0.952782503289, 0.597692168214, 0.00409619600869, 0.847117017322, 0.814696487412, 1.7029733081e-06, 0.322389901071, 2.05373165308, 0.0522091952755, 0.866092251175
0.200635102226, 0.731462013508, 0.0404925055913, 0.984788366667, 0.650678143629, 0.989804784246, 0.0714635887637, 0.210359153964, 0.845272953093, 0.598143974241, 0.64228352161, 0.682890955796, 0.644484079038, 0.0709943531101, 0.0177979465985, 0.744717416406, 0.0474456336288, 1.66335463406, 0.594392805069
0.458130426816, 0.0203647489183, 0.297661060471, 0.538083691631, 0.222449711604, 0.6206980334, 0.305925962812, 0.248421662959, 0.439122872561, 0.662392915525, 0.437115131677, 0.677196131857, 0.704425471568, 0.326305908043, 0.592153189129, 0.667604063745, 0.450567820028, 0.0319894180617, 0.876577198071
0.42124372816, 0.0062108908317, 0.0649425796561, 0.99868567782, 0.39054935424, 0.455415621893, 0.122025797136, 0.903733438754, 0.956078408131, 0.477189734513, 0.185224160017, 0.334230572519, 0.507413893845, 0.273721902252, 0.00276448894088, 1.33903684137, 0.137073344021, 0.0131324164326, 1.04836173995
0.169076301949, 0.00927318119673, 0.00659222498109, 0.0275996505106, 0.709258773873, 0.731390701929, 0.211339303383, 0.353509046594, 0.646595732868, 0.958330792885, 0.750509746506, 0.0470854495428, 0.73982320675, 0.517508369923, 1.69583011721, 0.0735661471269, 0.0175775371748, 0.0247282412431, 0.461790551969
0.0603142317433, 0.00317864208677, 0.900873883708, 0.999996637157, 0.105549447086, 0.0361252011022, 0.728443588334, 0.165275974521, 0.857266598645, 0.904026562108, 0.597692168214, 0.00409619600869, 0.972813137414, 0.814696487412, 1.96038589118e-06, 0.371120680819, 2.36416304226, 0.0119489188119, 0.227410604552
0.00164503057409, 0.321597865087, 0.524870746377, 0.975379492004, 0.692444844739, 0.114641376452, 0.394398241825, 0.40584223139, 0.635332943092, 0.220268389998, 0.99160515848, 0.967243781718, 0.828911987534, 0.972401229671, 0.048091016078, 1.24288364012, 1.34500212002, 1.01312845639, 0.00540950327979
0.41640570488, 0.542563005107, 0.201230683216, 0.334498721668, 0.443082346454, 0.0729826413441, 0.617686741674, 0.531712608729, 0.789612017481, 0.324871057551, 0.477424633242, 0.26259111858, 0.761563234446, 0.0392068276076, 0.709888292068, 0.41158871537, 0.268376513817, 0.987262187407, 1.00550335611
0.0645339565927, 0.124685675559, 0.295534333483, 0.987188393884, 0.82213083542, 0.466333351726, 0.755487025494, 0.906892362917, 0.772211774801, 0.909846332721, 0.132247761443, 0.291725212857, 0.0881151999414, 0.487756046388, 0.0338222976788, 1.68043229067, 0.841598157681, 0.372931501836, 0.194927029987
0.5667580663, 0.000126947928617, 0.463598641397, 0.0249363231743, 0.0383109814324, 0.497980634095, 0.802191852236, 0.25880028274, 0.269077466405, 0.407454172824, 0.380765340779, 0.564748624266, 0.272735318729, 0.096379483446, 0.777800373056, 0.0304819419172, 0.694108938124, 0.000207968723965, 1.28828164147
0.683398052861, 0.502386513834, 0.0404925055913, 0.0588872216079, 0.650678143629, 0.998954693957, 0.537080445456, 0.210359153964, 0.624647696066, 0.598143974241, 0.64228352161, 0.682890955796, 0.644484079038, 0.12504740016, 0.533416976744, 0.049482187788, 0.0341199352774, 0.540832371364, 1.40377211381
0.432820795693, 0.0570034391946, 0.0543047982502, 0.0977895436872, 0.239642216741, 0.650160191666, 0.617686741674, 0.141574641546, 0.535461692849, 0.41884954636, 0.630179531366, 0.415973865933, 0.679255693511, 0.547218819379, 0.990559216924, 0.153365414844, 0.0857112054392, 0.0903212842324, 0.816589559603
0.0892640294948, 0.321597865087, 0.0692715843223, 0.920036529446, 0.257544825841, 0.415319169212, 0.523600558859, 0.654042755969, 0.635332943092, 0.800061363855, 0.122782156775, 0.505185167378, 0.54212965007, 0.00805392555635, 0.171006073332, 1.35427739689, 0.14912015795, 0.759391201943, 0.221472214782
0.251232296554, 0.0159847583036, 0.900873883708, 0.999996637157, 0.243799208531, 0.0361252011022, 0.728443588334, 0.165275974521, 0.857266598645, 0.952782503289, 0.597692168214, 0.00409619600869, 0.847117017322, 0.814696487412, 1.7029733081e-06, 0.322389901071, 2.05373165308, 0.0522091952755, 0.866092251175
0.432820795693, 0.0570034391946, 0.708525298276, 0.43106899281, 0.443082346454, 0.731390701929, 0.322618683281, 0.0205987839299, 0.722692494698, 0.444896728297, 0.518742253237, 0.415973865933, 0.54212965007, 0.606045670743, 0.371192744925, 0.298406198213, 0.966508652902, 0.0967373391658, 0.874596744918
0.0194923999629, 0.502386513834, 0.645635529102, 0.0588872216079, 0.22399588901, 0.548582377569, 0.550394946813, 0.52636229588, 0.23909317578, 0.943907954918, 0.286940008781, 0.373355823408, 0.657480712778, 0.631243056678, 0.537240172374, 0.0498368448245, 0.867060900229, 1.02891281107, 0.0444009790454
0.139095691633, 0.346984092916, 0.0790646313536, 0.643862751718, 0.602019983378, 0.497980634095, 0.31751115997, 0.179407642824, 0.090511083714, 0.449615574133, 0.352119568599, 0.263122999409, 0.969193012901, 0.606045670743, 0.714822661177, 1.14163287496, 0.168150160673, 0.823004209892, 0.352463954195
0.200635102226, 0.731462013508, 0.0404925055913, 0.984788366667, 0.650678143629, 0.989804784246, 0.0714635887637, 0.210359153964, 0.845272953093, 0.598143974241, 0.64228352161, 0.682890955796, 0.644484079038, 0.0709943531101, 0.0177979465985, 0.744717416406, 0.0474456336288, 1.66335463406, 0.594392805069
0.42124372816, 0.11188899613, 0.900873883708, 0.99868567782, 0.506253311727, 0.371744149032, 0.728443588334, 0.941565841104, 0.857266598645, 0.232775305491, 0.518742253237, 0.556901026723, 0.880242709491, 0.302330975134, 0.000410349954981, 0.198761405571, 1.26617942625, 0.227610787627, 1.01381139819
0.0454800395769, 0.321597865087, 0.720847060612, 0.686824308161, 0.284722374906, 0.46210812651, 0.273599341746, 0.180912820929, 0.646595732868, 0.318267228743, 0.483260526564, 0.00409619600869, 0.661376762277, 0.441211156259, 0.268005293202, 0.50012508867, 1.20997986291, 0.739074092023, 0.109286484884
0.315313169472, 0.00262153541372, 0.842522348111, 0.112433407444, 0.441407119987, 0.800393327799, 0.923055865199, 0.783423655281, 0.215215644038, 0.945552459541, 0.569077350536, 0.558439938146, 0.673022199215, 0.517508369923, 0.354380352489, 0.0632460506161, 1.42545200849, 0.00605418339664, 0.794219645357
0.27003329017, 0.123329417178, 0.380429403591, 0.0631157283797, 0.415483466621, 0.731390701929, 0.825386383748, 0.52636229588, 0.646595732868, 0.389596825812, 0.750509746506, 0.635914901075, 0.661376762277, 0.606045670743, 0.970741261954, 0.0965577528033, 0.663932967998, 0.231504992261, 0.543036029426
0.458130426816, 0.0203647489183, 0.297661060471, 0.538083691631, 0.222449711604, 0.6206980334, 0.305925962812, 0.248421662959, 0.439122872561, 0.662392915525, 0.437115131677, 0.677196131857, 0.704425471568, 0.326305908043, 0.592153189129, 0.667604063745, 0.450567820028, 0.0319894180617, 0.876577198071
0.0194923999629, 0.731462013508, 0.987486602555, 0.984788366667, 0.621158483039, 0.548582377569, 0.550394946813, 0.0205987839299, 0.23909317578, 0.943907954918, 0.280965082923, 0.373355823408, 0.855684271639, 0.631243056678, 0.000330972277857, 0.0138488346565, 0.704670626115, 1.57058095192, 0.0527256238021
0.948555291815, 0.502386513834, 0.0404925055913, 0.0588872216079, 0.650678143629, 0.991340605477, 0.537080445456, 0.210359153964, 0.624647696066, 0.598143974241, 0.64228352161, 0.682890955796, 0.644484079038, 0.12504740016, 0.0898293042038, 0.00833297531439, 0.00574591769494, 0.0910780828669, 1.58452667502
0.42124372816, 0.0062108908317, 0.0649425796561, 0.99868567782, 0.39054935424, 0.455415621893, 0.122025797136, 0.903733438754, 0.956078408131, 0.477189734513, 0.185224160017, 0.334230572519, 0.507413893845, 0.273721902252, 0.00276448894088, 1.33903684137, 0.137073344021, 0.0131324164326, 1.04836173995
0.42124372816, 0.105177861164, 0.524870746377, 0.999634030462, 0.223264662896, 0.114641376452, 0.737445594804, 0.840374455208, 0.599941092005, 0.558757980513, 0.379632008351, 0.00488739074972, 0.26486368954, 0.553927414053, 0.000525038296005, 0.913326627373, 0.987628987862, 0.224289782508, 1.06212634477
0.00198232323752, 0.321597865087, 0.392566600927, 0.148004367173, 0.696660449151, 0.409683132883, 0.394398241825, 0.204924042784, 0.535461692849, 0.600700685987, 0.745425988209, 0.33408897184, 0.828911987534, 0.505465276077, 0.939548892999, 0.222453073135, 0.684413866399, 0.654505345837, 0.00421121105479
0.142097891297, 0.390073149051, 0.276573872698, 0.984742716571, 0.623528714151, 0.314506417707, 0.998420982926, 0.654042755969, 0.71572017939, 0.389596825812, 0.594323092257, 0.606665670923, 0.308539909101, 0.0889799281384, 0.0278585506295, 1.16219303071, 0.539421062281, 0.900928567557, 0.355592400308
0.0307727990108, 0.300093365359, 0.452414211415, 0.052448791587, 0.494848771715, 0.702801165879, 0.324616851745, 0.410785112817, 0.635332943092, 0.360015410305, 0.260665245005, 0.674972140614, 0.204442390578, 0.206608493404, 0.927040545141, 0.0765487749636, 0.800582646464, 0.625553030771, 0.0666373468496
0.432820795693, 0.0203647489183, 0.0543047982502, 0.0977895436872, 0.239642216741, 0.650160191666, 0.617686741674, 0.183604233137, 0.0716651172161, 0.41884954636, 0.630179531366, 0.415973865933, 0.44736687677, 0.854673247979, 1.18387125585, 0.183295357989, 0.102438128574, 0.0384748976654, 0.972538441765
0.00484885637088, 0.108165972448, 0.998937811393, 0.43106899281, 0.575438748907, 0.438285879049, 0.404752463791, 0.566131336347, 0.822705787574, 0.94724487995, 0.0612635775257, 0.00156063288579, 0.366312056709, 0.839937445252, 0.0024369625619, 0.00195910276595, 1.87403632679, 0.321511594776, 0.0144825577764
0.433768601798, 0.208162189766, 0.32846846559, 0.984788366667, 0.650678143629, 0.844687816339, 0.738786328542, 0.609868536661, 0.698740931753, 0.157413644945, 0.259997421122, 0.686001277141, 0.255018006193, 0.556812578337, 0.0232797117193, 0.974090278917, 0.552667489958, 0.379918897292, 0.959206361666
0.0349875544631, 0.982145023068, 0.201230683216, 0.643862751718, 0.650678143629, 0.0853098565392, 0.779015922774, 0.210359153964, 0.348839846353, 0.598143974241, 0.64228352161, 0.682890955796, 0.644484079038, 0.876933674157, 0.0226759168899, 0.0362153770403, 0.0139748094704, 1.60248893343, 0.0881935642079
0.499735261548, 0.542563005107, 0.98948564069, 0.222290818405, 0.867556572464, 0.346675690045, 0.322618683281, 0.410785112817, 0.535461692849, 0.696966837385, 0.518742253237, 0.415973865933, 0.54212965007, 0.12504740016, 0.0100294621993, 0.00365164959761, 0.64619959638, 0.739046400329, 0.980956391986
0.313678033777, 0.321597865087, 0.0692715843223, 0.920036529446, 0.257544825841, 0.415319169212, 0.523600558859, 0.654042755969, 0.635332943092, 0.479404336881, 0.122782156775, 0.505185167378, 0.54212965007, 0.00805392555635, 0.143553440978, 1.13686710989, 0.125181003082, 0.637481569885, 0.707217709367
0.315313169472, 0.60799796043, 0.399112943773, 0.985730145985, 0.983197416997, 0.625446494706, 0.657441762505, 0.376042095195, 0.589282369923, 0.444896728297, 0.299519311056, 0.635914901075, 0.662077778073, 0.345064272876, 0.012999172545, 0.57983384011, 0.420146325432, 1.01222503994, 0.669833422367
0.169076301949, 0.00927318119673, 0.00659222498109, 0.0275996505106, 0.709258773873, 0.731390701929, 0.211339303383, 0.353509046594, 0.646595732868, 0.958330792885, 0.750509746506, 0.0470854495428, 0.73982320675, 0.517508369923, 1.69583011721, 0.0735661471269, 0.0175775371748, 0.0247282412431, 0.461790551969
0.0349875544631, 0.0570034391946, 0.0600003328858, 0.920064228708, 0.828011479679, 0.455415621893, 0.498391719278, 0.210359153964, 0.956078408131, 0.598143974241, 0.22071968307, 0.682890955796, 0.44736687677, 0.273721902252, 0.19547482077, 1.54859901216, 0.14754811898, 0.140762527714, 0.0865999476223
0.0349875544631, 0.509032157356, 0.574026719048, 0.572561372831, 0.39054935424, 0.977198548079, 0.537080445456, 0.296544844492, 0.599941092005, 0.277889789971, 0.284114603138, 0.365528451489, 0.679255693511, 0.631243056678, 0.390973134217, 0.492058431686, 0.794715380669, 1.04235540254, 0.0799699483766
0.0603142317433, 0.00317864208677, 0.900873883708, 0.999996637157, 0.105549447086, 0.0361252011022, 0.728443588334, 0.165275974521, 0.857266598645, 0.904026562108, 0.597692168214, 0.00409619600869, 0.972813137414, 0.814696487412, 1.96038589118e-06, 0.371120680819, 2.36416304226, 0.0119489188119, 0.227410604552
0.00164503057409, 0.321597865087, 0.524870746377, 0.975379492004, 0.692444844739, 0.114641376452, 0.394398241825, 0.40584223139, 0.635332943092, 0.220268389998, 0.99160515848, 0.967243781718, 0.828911987534, 0.972401229671, 0.048091016078, 1.24288364012, 1.34500212002, 1.01312845639, 0.00540950327979
0.41640570488, 0.542563005107, 0.201230683216, 0.334498721668, 0.443082346454, 0.0729826413441, 0.617686741674, 0.531712608729, 0.789612017481, 0.324871057551, 0.477424633242, 0.26259111858, 0.761563234446, 0.0392068276076, 0.709888292068, 0.41158871537, 0.268376513817, 0.987262187407, 1.00550335611
0.432820795693, 0.0570034391946, 0.708525298276, 0.919727309809, 0.226895794707, 0.731390701929, 0.322618683281, 0.52636229588, 0.722692494698, 0.444896728297, 0.518742253237, 0.14470511753, 0.54212965007, 0.606045670743, 0.0582321378583, 0.459372314024, 0.939683656561, 0.0940524394896, 0.850322720664
0.266350755372, 0.123329417178, 0.999961580496, 0.977277035826, 0.955387401776, 0.455415621893, 0.658556359877, 0.210359153964, 0.646595732868, 0.948868956929, 0.605984517227, 0.635914901075, 0.0450745719636, 0.547218819379, 3.43774497151e-06, 9.6272956575e-05, 1.59628114679, 0.313167713021, 0.723291214103
0.0175579444913, 0.0984935329473, 0.00659222498109, 0.000996477358732, 0.953285241184, 0.438285879049, 0.278495243847, 0.0887835607123, 0.824728981205, 0.41884954636, 0.330959691461, 0.00156063288579, 0.888318507737, 0.960054720511, 2.15196933511, 0.00336840067414, 0.0222845583439, 0.335638747512, 0.0600872222267
0.718488338016, 0.38630116132, 0.999257988431, 0.0885313093452, 0.989637775042, 0.527465817243, 0.343977507756, 0.566131336347, 0.23909317578, 0.2276687319, 0.91942399765, 0.645193030631, 0.91587684477, 0.60970638903, 0.000727727275275, 0.000101858604751, 0.630450384377, 0.437638133388, 1.62093447023
0.0194923999629, 0.3771319585, 0.645635529102, 0.0588872216079, 0.22399588901, 0.532684576026, 0.550394946813, 0.0205987839299, 0.0389756271153, 0.943907954918, 0.286940008781, 0.373355823408, 0.657480712778, 0.631243056678, 0.795098592558, 0.0737569660927, 1.28322291758, 1.0172124166, 0.0557987958215
0.139095691633, 0.769591747853, 0.757717489498, 0.0275996505106, 0.39054935424, 0.977198548079, 0.537080445456, 0.658404556469, 0.599941092005, 0.277889789971, 0.374054763448, 0.775891213881, 0.679255693511, 0.490110794603, 0.185960373487, 0.00806707467743, 0.465243588793, 1.32354648692, 0.314231084652
0.0349875544631, 0.346984092916, 0.237104541133, 0.643862751718, 0.602019983378, 0.497980634095, 0.31751115997, 0.179407642824, 0.845272953093, 0.269133696268, 0.352119568599, 0.263122999409, 0.969193012901, 0.606045670743, 0.687253968515, 1.09760331691, 0.505929721005, 0.842961220291, 0.0894476342395
0.0349875544631, 0.321597865087, 0.529489911227, 0.984788366667, 0.650678143629, 0.844687816339, 0.738786328542, 0.609868536661, 0.773503036984, 0.418358478345, 0.194811091296, 0.686001277141, 0.255018006193, 0.556812578337, 0.0208552465607, 0.872643664326, 0.957753943986, 0.716642463639, 0.0814651043538
0.0307727990108, 0.0980127474988, 0.201230683216, 0.103096947458, 0.803794233051, 0.33366038719, 0.537080445456, 0.360140769436, 0.635332943092, 0.428053085889, 0.518742253237, 0.869349538509, 0.54212965007, 0.447586497542, 1.20885457214, 0.197496654391, 0.400607589274, 0.199992771797, 0.0630890828875
0.0232082533327, 0.0062108908317, 0.0404925055913, 0.751176425909, 0.39054935424, 0.270664043473, 0.498391719278, 0.903733438754, 0.956078408131, 0.477189734513, 0.64228352161, 0.334230572519, 0.679255693511, 0.273721902252, 0.595419565814, 1.44501692561, 0.0995420962024, 0.0152789208108, 0.0571189982323
0.204780225774, 0.542563005107, 0.0692715843223, 0.696524235144, 0.687276307127, 0.572797733258, 0.322618683281, 0.410785112817, 0.746409762571, 0.655898040933, 0.467968568503, 0.515859300417, 0.54212965007, 0.805611284815, 0.359292930762, 0.695735334899, 0.085540788967, 0.900744015362, 0.398749217971
0.0218117602184, 0.0237858695974, 0.0652807983525, 0.962494042176, 0.422804025228, 0.392080160152, 0.484251035946, 0.210359153964, 0.789612017481, 0.513941799583, 0.965383627997, 0.166041278849, 0.361203271621, 0.19094373494, 0.0952721729643, 1.6152623241, 0.166505460165, 0.0608030802371, 0.0557915327543
0.0645339565927, 0.124685675559, 0.295534333483, 0.987188393884, 0.82213083542, 0.466333351726, 0.755487025494, 0.906892362917, 0.772211774801, 0.909846332721, 0.132247761443, 0.291725212857, 0.0881151999414, 0.487756046388, 0.0338222976788, 1.68043229067, 0.841598157681, 0.372931501836, 0.194927029987
0.871554562002, 0.00143634129568, 0.524870746377, 0.826760615061, 0.675704022339, 0.365014292181, 0.862508534487, 0.997053217289, 0.201279079334, 0.94724487995, 0.591839838717, 0.727033450257, 0.302734076565, 0.631243056678, 0.0670297625817, 0.240210487551, 0.269675887869, 0.000828733819375, 1.79576569586
0.0349875544631, 0.17017252387, 0.619805432967, 0.0275996505106, 0.413594316266, 0.977198548079, 0.356697541603, 0.512954859428, 0.11817038655, 0.627404034352, 0.624012084802, 0.0271103614724, 0.47245928663, 0.533884196846, 0.897485875474, 0.0389334859014, 1.32098377479, 0.43749092555, 0.091120280625
0.0936639577833, 0.979340840086, 0.972113152879, 0.771430065602, 0.419688506311, 0.34066126494, 0.573937618422, 0.623021479887, 0.725497499783, 0.867630723166, 0.505651472979, 0.495191378359, 0.0590357718517, 0.756951345431, 0.000740252711171, 0.00197241036752, 0.0480634436268, 1.48199475146, 0.219744148018
0.0202190891459, 0.216263700636, 0.0433322996799, 0.103096947458, 0.506253311727, 0.0209277550703, 0.322618683281, 0.869330635058, 0.857266598645, 0.157413644945, 0.830765459766, 0.20253967222, 0.54212965007, 0.353650180665, 1.72913343006, 0.282497229446, 0.119440471054, 0.620625587824, 0.0591751020159
0.0349875544631, 0.507674909804, 0.524870746377, 0.999634030462, 0.460801491426, 0.114641376452, 0.737445594804, 0.840374455208, 0.599941092005, 0.558757980513, 0.379632008351, 0.00488739074972, 0.750507988913, 0.74192070303, 0.000467310665783, 0.812906939478, 0.879039802192, 1.22652302162, 0.0942949884716
0.559622792938, 0.0552641914329, 0.561502523778, 0.827402847694, 0.39054935424, 0.13086640973, 0.883211470946, 0.56837353116, 0.789612017481, 0.904026562108, 0.127874034293, 0.360383354554, 0.26486368954, 0.316850498121, 0.194022682423, 0.698026562793, 0.879978520163, 0.0991979221282, 1.38137725637
0.0454800395769, 0.542563005107, 0.720847060612, 0.686824308161, 2.81770293136e-05, 0.46210812651, 0.273599341746, 0.180912820929, 0.646595732868, 0.318267228743, 0.82423661621, 0.556901026723, 0.661376762277, 0.441211156259, 0.21026940849, 0.392384065663, 0.949316138573, 1.19900122672, 0.113982780711
0.801132184336, 0.321597865087, 0.126507503927, 0.940978095869, 0.284722374906, 0.213380447155, 0.495162848086, 0.875959099389, 0.636261738811, 0.600700685987, 0.973219974339, 0.655917940077, 0.255018006193, 0.505465276077, 0.0392203528024, 0.421824294775, 0.0853113341138, 0.238989866377, 1.52910042299
0.73543673639, 0.277270101147, 0.764649769754, 0.106897442853, 0.545384935693, 0.702801165879, 0.140629817244, 0.624322061497, 0.734001778268, 0.428796545282, 0.380765340779, 0.952085897611, 0.631413099323, 0.436803137941, 0.19395868174, 0.0328779817769, 0.507674269309, 0.253356361334, 1.36087176618
0.718488338016, 0.321597865087, 0.999393725899, 0.000314059055119, 0.257544825841, 0.86921163282, 0.263927124247, 0.937121670499, 0.654147498356, 0.870295111505, 0.99675039761, 0.411991232852, 0.969193012901, 0.185716445376, 0.000776093392431, 3.82864604373e-07, 0.814938835236, 0.450683929344, 1.96688808343
0.00198232323752, 0.800286358743, 0.152652032387, 0.0275996505106, 0.602019983378, 0.497980634095, 0.242784020792, 0.204924042784, 0.598683744509, 0.407454172824, 0.427478836848, 0.263122999409, 0.807672496423, 0.812053524612, 0.429855840303, 0.0186474091185, 0.105193911625, 1.3652965267, 0.0044694387272
0.0232082533327, 0.17017252387, 0.687478882176, 0.000986953450839, 0.0170692890538, 0.642392245386, 0.0255478159794, 0.654042755969, 0.0333572365165, 0.655898040933, 0.0415789156608, 0.446313519366, 0.333771198036, 0.187823597487, 0.946252912197, 0.00146697976688, 1.77017556424, 0.549697017577, 0.0759019864832
0.0778869327938, 0.11188899613, 0.524870746377, 0.888885283256, 0.766386183368, 0.114641376452, 0.943843282236, 0.489212369248, 0.857266598645, 0.904026562108, 0.55329419931, 0.515859300417, 0.48143967411, 0.453318865096, 0.197376604637, 1.11934127778, 1.22907711264, 0.297293445068, 0.209062050448
0.236321385679, 0.300093365359, 0.0457475579046, 0.751176425909, 0.239642216741, 0.290672348148, 0.0997995102567, 0.956226034074, 0.599452079136, 0.668840540867, 0.380765340779, 0.835370368, 0.272735318729, 0.663558678596, 0.543715795665, 1.31953763794, 0.102733272388, 0.729323972086, 0.625154609164
0.0349875544631, 0.0787827914809, 0.994633882467, 0.117305765996, 0.17355559881, 0.934184861645, 0.00773099043204, 0.793453837332, 0.462051496386, 0.16320142493, 0.437115131677, 0.388724482377, 0.72212634456, 0.12504740016, 0.0159666870165, 0.00297583308951, 1.92681215692, 0.239679562768, 0.106821789963
0.313678033777, 0.105095159742, 0.723480267606, 0.997156526526, 0.257544825841, 0.415319169212, 0.893984286822, 0.654042755969, 0.635332943092, 0.655898040933, 0.122782156775, 0.623899505876, 0.133669967904, 0.00805392555635, 0.0029752655566, 0.666122016913, 1.43591907539, 0.263710944602, 0.861563696741
0.98132777574, 0.321597865087, 0.814815513806, 0.334498721668, 0.189939885288, 0.844687816339, 0.152589435228, 0.616126012702, 0.232619702554, 0.170217652688, 0.518742253237, 0.686001277141, 0.255018006193, 0.640051904462, 0.0104677021037, 0.00606910708329, 0.0404165411235, 0.0233316314209, 1.6432463308
0.571052697758, 0.958690185523, 0.304129522889, 0.609262036062, 0.993769169488, 0.156723670372, 0.251676630418, 0.654042755969, 0.354164102953, 0.360015410305, 0.463911673559, 0.556901026723, 0.807765807212, 0.547218819379, 0.0328905894452, 0.0466834506438, 0.0295652910222, 0.98961709123, 1.24205264426
0.256962323311, 0.456661169667, 0.988073851597, 0.571864230601, 0.361537812537, 0.149130396892, 0.322618683281, 0.28940685904, 0.331906764248, 0.597613516458, 0.197823673154, 0.833905783008, 0.0545434583201, 0.549642268847, 0.0134211373874, 0.0168532206548, 1.14990513529, 1.00328474432, 0.651822948297
0.5667580663, 0.000126947928617, 0.463598641397, 0.0249363231743, 0.0383109814324, 0.497980634095, 0.802191852236, 0.25880028274, 0.269077466405, 0.407454172824, 0.380765340779, 0.564748624266, 0.272735318729, 0.096379483446, 0.777800373056, 0.0304819419172, 0.694108938124, 0.000207968723965, 1.28828164147
0.27003329017, 0.00262153541372, 0.842522348111, 0.14187397279, 0.441407119987, 0.0990072324813, 0.923055865199, 0.783423655281, 0.215215644038, 0.88630227017, 0.584838600292, 0.558439938146, 0.969193012901, 0.517508369923, 0.410219987815, 0.0929637386466, 1.66558259489, 0.00707406663408, 0.77576418261
0.0560972164822, 0.60799796043, 0.380429403591, 0.985730145985, 0.454351685001, 0.625446494706, 0.657441762505, 0.353509046594, 0.756052583415, 0.444896728297, 0.517592883192, 0.248021425732, 0.618408409405, 0.718928362094, 0.0134152173703, 0.59839170353, 0.407359215561, 1.02330982529, 0.110745153578
0.155356492286, 0.123329417178, 0.913390939705, 0.0631157283797, 0.415483466621, 0.731390701929, 0.825386383748, 0.52636229588, 0.646595732868, 0.389596825812, 0.924009455116, 0.635914901075, 0.661376762277, 0.606045670743, 0.184604163195, 0.0183622184972, 1.355205574, 0.268351643305, 0.3470801593
0.0307727990108, 0.300093365359, 0.452414211415, 0.0275996505106, 0.255272661875, 0.702801165879, 0.313134713032, 0.410785112817, 0.635332943092, 0.360015410305, 0.467129778025, 0.192232533453, 0.111641715848, 0.187823597487, 1.02822495572, 0.0446050271219, 0.885784922516, 0.692127721402, 0.0737292487871
0.00370398381677, 0.253374151509, 0.202277306556, 0.175836214449, 0.516277853854, 0.175097464227, 0.687694013578, 0.811466526313, 0.884700273556, 0.189744494133, 0.259977084966, 0.00565113070089, 0.929568818178, 0.214730390265, 1.72729110824, 0.489596683878, 0.590449328646, 0.794599847945, 0.0119285299204
0.180457349802, 0.950619928678, 0.134568531888, 0.083825283813, 0.283967360846, 0.46576867488, 0.404752463791, 0.830020863139, 0.376932405066, 0.451141748725, 0.415955984613, 0.0640615329276, 0.805971566523, 0.222127601202, 0.111864739496, 0.0148152235164, 0.0242141342711, 1.48491208696, 0.433868418188
0.0642547378818, 0.0370159522667, 0.998937811393, 0.0977895436872, 0.575438748907, 0.438285879049, 0.810291444174, 0.108902709002, 0.825691025381, 0.721558858139, 0.330959691461, 0.580717296972, 0.888318507737, 0.839937445252, 0.00280916326044, 0.000434934612129, 1.703722979, 0.0991740831668, 0.17283727426
0.137231249563, 0.375786822749, 0.99564340911, 0.267413868622, 0.0767628574503, 0.529472591707, 0.416215908247, 0.476586034335, 0.824728981205, 0.602706169598, 0.702369878605, 0.000280952505149, 0.805834213223, 0.0590457197615, 0.00954448519235, 0.0042629086329, 1.52748240548, 1.02338807384, 0.402599042286
0.0651747308594, 0.997561197483, 0.586881979068, 0.436672142134, 0.756746815085, 0.859721379247, 0.624853154629, 0.386651171883, 0.269077466405, 0.446712655285, 0.262685036541, 0.0444838001027, 0.222726470933, 0.169666713602, 0.00308259825223, 0.00252312170935, 0.00525180158481, 1.72066422603, 0.176774421917
0.363149929179, 0.994242225817, 0.201230683216, 0.771430065602, 0.517878288581, 0.455415621893, 0.499768022395, 0.973526357734, 0.933884709343, 0.0585595900197, 0.22071968307, 0.771101021847, 0.679255693511, 0.289874148857, 0.00467113109766, 0.0124462730984, 0.00434789736423, 1.54644737157, 0.992213128529
0.5667580663, 0.654801844588, 0.97034661198, 0.0151849767532, 0.106160357675, 0.94305902183, 0.196151415346, 0.210359153964, 0.635332943092, 0.347711894528, 0.518742253237, 0.556901026723, 0.54212965007, 0.692032344579, 0.0243555858504, 0.000581051949618, 0.52265329396, 0.86845498376, 1.25241817417
0.0766521044664, 0.763811597707, 0.237104541133, 0.0269246207527, 0.602019983378, 0.837939701939, 0.31751115997, 0.512954859428, 0.667061325184, 0.444896728297, 0.427478836848, 0.345924015526, 0.969193012901, 0.606045670743, 0.485481735053, 0.0205447763071, 0.189835956206, 1.3410214848, 0.174095063138
0.999178367379, 0.961711606985, 0.503095358446, 0.734601119034, 0.441999332194, 0.143790116017, 0.715949488136, 0.868719318524, 0.134576021003, 0.391072724211, 0.696838730793, 0.828283621143, 0.78232780879, 0.709711283309, 3.82037307631e-05, 8.62689314189e-05, 9.52716141922e-05, 0.00222672217777, 1.72843950832
0.040640657374, 0.536512094567, 0.920819164408, 0.867245931662, 0.648231475972, 0.146048894755, 0.307927238173, 0.0841957631377, 0.594508087205, 0.999739378587, 0.23002633492, 0.539559584309, 0.87848338681, 0.860315685887, 0.0334821301567, 0.158228845965, 1.29362954062, 1.46252618531, 0.125244468239
0.62790084755, 0.0203647489183, 0.983176309623, 0.420915925016, 0.39054935424, 0.753008293007, 0.305925962812, 0.248421662959, 0.66130238647, 0.860954533584, 0.0407050629564, 0.133686898003, 0.727399402255, 0.323177879804, 0.0202585482159, 0.0157608764755, 0.971044542166, 0.0310840733919, 1.46896883346
0.758537382786, 0.782606280986, 0.297661060471, 0.538083691631, 0.621158483039, 0.6206980334, 0.305749923675, 0.780235818645, 0.439122872561, 0.662392915525, 0.437115131677, 0.677196131857, 0.855684271639, 0.248523588269, 0.102876966036, 0.115985325845, 0.0782788156323, 0.488675491424, 1.30114495571
