0.0194923999629, 0.502386513834, 0.987486602555, 0.0588872216079, 0.22399588901, 0.548582377569, 0.550394946813, 0.0205987839299, 0.23909317578, 0.943907954918, 0.280965082923, 0.373355823408, 0.657480712778, 0.631243056678, 0.0231791710957, 0.00215020546202, 1.18415203125, 1.19329411794, 0.0514945742296
0.200635102226, 0.731462013508, 0.0404925055913, 0.984788366667, 0.650678143629, 0.989804784246, 0.537080445456, 0.210359153964, 0.624647696066, 0.598143974241, 0.64228352161, 0.682890955796, 0.644484079038, 0.12504740016, 0.0147406671066, 0.616792025021, 0.0392955607049, 1.37762841377, 0.49228973812
0.204780225774, 0.0062108908317, 0.0649425796561, 0.751176425909, 0.39054935424, 0.455415621893, 0.498391719278, 0.903733438754, 0.956078408131, 0.477189734513, 0.185224160017, 0.334230572519, 0.679255693511, 0.273721902252, 0.573607028623, 1.39208032889, 0.154126370266, 0.0147661946385, 0.504383610398
0.42124372816, 0.11188899613, 0.900873883708, 0.99868567782, 0.506253311727, 0.0853098565392, 0.728443588334, 0.489212369248, 0.857266598645, 0.964990760835, 0.830765459766, 0.00409619600869, 0.58859904882, 0.353650180665, 0.000485660027538, 0.235239381731, 1.49855684777, 0.269383388606, 1.19987261016
0.42124372816, 0.507674909804, 0.524870746377, 0.999634030462, 0.460801491426, 0.114641376452, 0.737445594804, 0.840374455208, 0.599941092005, 0.558757980513, 0.379632008351, 0.00488739074972, 0.26486368954, 0.553927414053, 0.00035567600856, 0.618713666806, 0.669048218031, 0.93352205434, 1.01601440963
0.169076301949, 0.105177861164, 0.524870746377, 0.190538834418, 0.623528714151, 0.44300357287, 0.947113505169, 0.717881982211, 0.71572017939, 0.389596825812, 0.514751215068, 0.347413880438, 0.0279334659954, 0.19094373494, 1.02904296221, 0.317528612895, 1.16452963914, 0.264463784171, 0.437405840817
0.537329414898, 0.542563005107, 0.126507503927, 0.940978095869, 0.00179569379117, 0.702801165879, 0.495162848086, 0.792930251407, 0.636261738811, 0.600700685987, 0.745425988209, 0.655917940077, 0.255018006193, 0.505465276077, 0.0614694790161, 0.661118979903, 0.133707192502, 0.774508966995, 1.15721530006
0.00198232323752, 0.321597865087, 0.239965063151, 0.148004367173, 0.696660449151, 0.409683132883, 0.394398241825, 0.204924042784, 0.535461692849, 0.816251349823, 0.965383627997, 0.0849828895744, 0.828911987534, 0.947466917578, 1.53884341063, 0.364345536799, 0.626015253484, 0.940583147658, 0.00605188968213
0.0232082533327, 0.17017252387, 0.0245947952547, 0.00415385541268, 0.0170692890538, 0.642392245386, 0.0891378863277, 0.654042755969, 0.0333572365165, 0.655898040933, 0.0415789156608, 0.515859300417, 0.333771198036, 0.187823597487, 1.94892231476, 0.0127166273268, 0.075332608245, 0.534142466623, 0.0737542191159
0.142097891297, 0.00460109544727, 0.295534333483, 0.984742716571, 0.623528714151, 0.314506417707, 0.998420982926, 0.932361764841, 0.71572017939, 0.389596825812, 0.136496963289, 0.674375316733, 0.308539909101, 0.0889799281384, 0.039949974495, 1.66661871799, 0.834750714769, 0.0134750375449, 0.423211600141
0.0307727990108, 0.300093365359, 0.452414211415, 0.0631157283797, 0.255272661875, 0.702801165879, 0.313134713032, 0.410785112817, 0.635332943092, 0.360015410305, 0.260665245005, 0.160145916938, 0.111641715848, 0.187823597487, 1.07580568443, 0.107008307376, 0.930472604917, 0.727045434504, 0.077448875493
0.458130426816, 0.0203647489183, 0.297661060471, 0.920064228708, 0.621158483039, 0.6206980334, 0.0989457983142, 0.248421662959, 0.439122872561, 0.662392915525, 0.736667828385, 0.616190474649, 0.44736687677, 0.326305908043, 0.116458122439, 0.922609534343, 0.469527751049, 0.0333355354117, 0.913463638849
0.432820795693, 0.0570034391946, 0.201230683216, 0.43106899281, 0.239642216741, 0.455415621893, 0.617686741674, 0.210359153964, 0.535461692849, 0.41884954636, 0.630179531366, 0.415973865933, 0.679255693511, 0.547218819379, 0.707853260031, 0.569051532139, 0.297043091449, 0.0857917320687, 0.77563813782
0.00484885637088, 0.108165972448, 0.998937811393, 0.0977895436872, 0.575438748907, 0.438285879049, 0.404752463791, 0.566131336347, 0.824728981205, 0.94724487995, 0.330959691461, 0.00156063288579, 0.888318507737, 0.839937445252, 0.00304174071221, 0.000470943905429, 1.84477834397, 0.316492065228, 0.0142564520065
0.0349875544631, 0.321597865087, 0.32846846559, 0.643862751718, 0.650678143629, 0.844687816339, 0.738786328542, 0.609868536661, 0.698740931753, 0.157413644945, 0.259997421122, 0.686001277141, 0.255018006193, 0.556812578337, 0.614252123902, 0.981013132696, 0.656512912109, 0.735901275964, 0.0836543705994
0.433768601798, 0.982145023068, 0.201230683216, 0.984788366667, 0.650678143629, 0.0853098565392, 0.779015922774, 0.210359153964, 0.348839846353, 0.598143974241, 0.64228352161, 0.682890955796, 0.644484079038, 0.12504740016, 0.00079339638362, 0.0331979929103, 0.0108607788535, 1.24540359267, 1.01031594025
0.499735261548, 0.542563005107, 0.0692715843223, 0.222290818405, 0.867556572464, 0.392080160152, 0.322618683281, 0.410785112817, 0.535461692849, 0.696966837385, 0.518742253237, 0.415973865933, 0.54212965007, 0.805611284815, 0.578009374271, 0.21044874162, 0.0671985431887, 0.707600272914, 0.939217091615
0.313678033777, 0.321597865087, 0.723480267606, 0.920036529446, 0.257544825841, 0.415319169212, 0.523600558859, 0.654042755969, 0.635332943092, 0.655898040933, 0.122782156775, 0.556901026723, 0.54212965007, 0.00805392555635, 0.0618716471389, 0.489990627796, 1.06461991323, 0.649032687793, 0.720032440857
0.315313169472, 0.60799796043, 0.399112943773, 0.985730145985, 0.454351685001, 0.625446494706, 0.657441762505, 0.353509046594, 0.756052583415, 0.444896728297, 0.517592883192, 0.635914901075, 0.662077778073, 0.345064272876, 0.011084386149, 0.494423946121, 0.358258504072, 0.863123646792, 0.571166532584
0.169076301949, 0.123329417178, 0.00659222498109, 0.0275996505106, 0.415483466621, 0.731390701929, 0.211339303383, 0.376042095195, 0.646595732868, 0.710879608274, 0.750509746506, 0.0470854495428, 0.661376762277, 0.517508369923, 1.43743644686, 0.0623568717541, 0.0148992474687, 0.282284994562, 0.398846881082
0.17135307873, 0.0570034391946, 0.0589860267805, 0.160633819282, 0.388180765969, 0.00133784944394, 0.0832035463419, 0.811466526313, 0.662450334067, 0.674253767214, 0.118876840196, 4.79280653675e-05, 0.72212634456, 0.12504740016, 2.01236799902, 0.51882442492, 0.193106125667, 0.187383945645, 0.578059518227
0.458130426816, 0.0203647489183, 0.297661060471, 0.43106899281, 0.39054935424, 0.6206980334, 0.0989457983142, 0.248421662959, 0.439122872561, 0.0895495637259, 0.736667828385, 0.616190474649, 0.679255693511, 0.326305908043, 0.813022744718, 0.653598513519, 0.526701442738, 0.0373947536786, 1.02469473933
0.0349875544631, 0.0570034391946, 0.0600003328858, 0.920064228708, 0.621158483039, 0.455415621893, 0.498391719278, 0.210359153964, 0.956078408131, 0.598143974241, 0.22071968307, 0.682890955796, 0.44736687677, 0.273721902252, 0.18395460709, 1.45733308106, 0.138852442207, 0.132466756468, 0.0814962217442
0.0349875544631, 0.799639555476, 0.574026719048, 0.572561372831, 0.39054935424, 0.977198548079, 0.537080445456, 0.296544844492, 0.599941092005, 0.277889789971, 0.284114603138, 0.235595793673, 0.679255693511, 0.631243056678, 0.179821678652, 0.226314202785, 0.365516300983, 1.43144274117, 0.0828168389782
0.251232296554, 0.0159847583036, 0.900873883708, 0.999996637157, 0.243799208531, 0.0853098565392, 0.728443588334, 0.489212369248, 0.857266598645, 0.904026562108, 0.830765459766, 0.00409619600869, 0.58859904882, 0.814696487412, 1.5444539663e-06, 0.29238060223, 1.86256236796, 0.0473493614592, 0.785473034809
0.42124372816, 0.0403342723993, 0.524870746377, 0.148004367173, 0.226895794707, 0.409683132883, 0.728443588334, 0.204924042784, 0.599941092005, 0.955181600972, 0.832314812737, 0.00315960253987, 0.333771198036, 0.695013582492, 0.968685745369, 0.22935168416, 1.07645144131, 0.0930175458553, 1.14418108145
0.00164503057409, 0.321597865087, 0.294015396291, 0.999084764724, 0.692444844739, 0.114641376452, 0.394398241825, 0.40584223139, 0.635332943092, 0.816251349823, 0.99160515848, 0.967243781718, 0.828911987534, 0.972401229671, 0.00238231432098, 1.65709014533, 0.82480158248, 1.02366169714, 0.00546574451951
0.499735261548, 0.542563005107, 0.201230683216, 0.334498721668, 0.226895794707, 0.392080160152, 0.617686741674, 0.410785112817, 0.789612017481, 0.324871057551, 0.477424633242, 0.443704558761, 0.679255693511, 0.0392068276076, 0.563140195823, 0.326505102791, 0.212897725225, 0.783175364007, 1.03952996595
0.432820795693, 0.0570034391946, 0.708525298276, 0.43106899281, 0.327884494782, 0.455415621893, 0.322618683281, 0.210359153964, 0.535461692849, 0.41884954636, 0.518742253237, 0.415973865933, 0.54212965007, 0.547218819379, 0.31118182833, 0.250162719004, 0.810252715923, 0.0810977651932, 0.733200252042
0.169076301949, 0.123329417178, 0.00659222498109, 0.977277035826, 0.783888775935, 0.731390701929, 0.658556359877, 0.52636229588, 0.646595732868, 0.444896728297, 0.605984517227, 0.635914901075, 0.0450745719636, 0.606045670743, 0.0483987496384, 1.35539161888, 0.0140445853317, 0.266092344752, 0.375967918339
0.00319919077061, 0.0984935329473, 0.999961580496, 0.0977895436872, 0.953285241184, 0.438285879049, 0.404752463791, 0.0887835607123, 0.824728981205, 0.94724487995, 0.330959691461, 0.00156063288579, 0.888318507737, 0.960054720511, 0.000137436909689, 2.12789587025e-05, 2.30449447905, 0.359408107482, 0.0117208171879
0.718488338016, 0.277270101147, 0.999257988431, 0.000996477358732, 0.636892934145, 0.527465817243, 0.343977507756, 0.566131336347, 0.0389756271153, 0.2276687319, 0.91942399765, 0.829539987529, 0.91587684477, 0.60970638903, 0.000815969592394, 1.27720803464e-06, 0.70007369041, 0.325770524889, 1.63085943895
0.0194923999629, 0.502386513834, 0.987486602555, 0.0588872216079, 0.22399588901, 0.548582377569, 0.550394946813, 0.0205987839299, 0.23909317578, 0.943907954918, 0.280965082923, 0.373355823408, 0.657480712778, 0.631243056678, 0.0231791710957, 0.00215020546202, 1.18415203125, 1.19329411794, 0.0514945742296
0.0349875544631, 0.769591747853, 0.645955496325, 0.0275996505106, 0.39054935424, 0.977198548079, 0.537080445456, 0.658404556469, 0.599941092005, 0.269133696268, 0.374054763448, 0.666506532634, 0.679255693511, 0.302330975134, 0.269294081212, 0.0116821418595, 0.433652945991, 1.34864304477, 0.0793333095827
0.0766521044664, 0.346984092916, 0.237104541133, 0.643862751718, 0.602019983378, 0.497980634095, 0.31751115997, 0.179407642824, 0.845272953093, 0.277889789971, 0.352119568599, 0.263122999409, 0.969193012901, 0.606045670743, 0.681645622577, 1.08864630918, 0.501801074209, 0.836082223076, 0.195114264158
0.0349875544631, 0.321597865087, 0.32846846559, 0.984788366667, 0.650678143629, 0.844687816339, 0.738786328542, 0.609868536661, 0.698740931753, 0.157413644945, 0.122782156775, 0.686001277141, 0.255018006193, 0.556812578337, 0.029191827919, 1.22147027173, 0.693022940223, 0.776826253645, 0.0883065615406
0.0307727990108, 0.0980127474988, 0.201230683216, 0.103096947458, 0.803794233051, 0.183660456647, 0.0714635887637, 0.293342837318, 0.635332943092, 0.428053085889, 0.518742253237, 0.869349538509, 0.54212965007, 0.302330975134, 1.49970162633, 0.245013801171, 0.496992663136, 0.248110477496, 0.0782681410901
0.200635102226, 0.731462013508, 0.0404925055913, 0.984788366667, 0.650678143629, 0.989804784246, 0.537080445456, 0.210359153964, 0.624647696066, 0.598143974241, 0.64228352161, 0.682890955796, 0.644484079038, 0.12504740016, 0.0147406671066, 0.616792025021, 0.0392955607049, 1.37762841377, 0.49228973812
0.204780225774, 0.0062108908317, 0.0649425796561, 0.751176425909, 0.39054935424, 0.455415621893, 0.498391719278, 0.903733438754, 0.956078408131, 0.477189734513, 0.185224160017, 0.334230572519, 0.679255693511, 0.273721902252, 0.573607028623, 1.39208032889, 0.154126370266, 0.0147661946385, 0.504383610398
0.0232082533327, 0.542563005107, 0.0692715843223, 0.696524235144, 0.687276307127, 0.572797733258, 0.322618683281, 0.410785112817, 0.746409762571, 0.277889789971, 0.467968568503, 0.515859300417, 0.54212965007, 0.805611284815, 0.385976277593, 0.747405005115, 0.0918935845406, 0.967638916179, 0.0468821273373
0.0307727990108, 0.0237858695974, 0.0652807983525, 0.962494042176, 0.422804025228, 0.392080160152, 0.755487025494, 0.210359153964, 0.789612017481, 0.655898040933, 0.965383627997, 0.166041278849, 0.361203271621, 0.19094373494, 0.100427771633, 1.70267131277, 0.175515807069, 0.0640934038412, 0.0830043371459
0.0633541381469, 0.124685675559, 0.295534333483, 0.987188393884, 0.623528714151, 0.466333351726, 0.484251035946, 0.310154124022, 0.772211774801, 0.389596825812, 0.136496963289, 0.248021425732, 0.0881151999414, 0.487756046388, 0.0264203615101, 1.3126733445, 0.657416234205, 0.291316255051, 0.149465258903
0.871554562002, 0.00143634129568, 0.524870746377, 0.826760615061, 0.675704022339, 0.365014292181, 0.862508534487, 0.932361764841, 0.201279079334, 0.94724487995, 0.965682262322, 0.919223109372, 0.302734076565, 0.631243056678, 0.0769950709214, 0.275922557573, 0.309768576115, 0.00095194159639, 2.06274200871
0.0349875544631, 0.17017252387, 0.619805432967, 0.0275996505106, 0.413594316266, 0.977198548079, 0.356697541603, 0.512954859428, 0.725497499783, 0.627404034352, 0.624012084802, 0.0271103614724, 0.969193012901, 0.606045670743, 0.970275120549, 0.042091127848, 1.42812018144, 0.472972970525, 0.0985104542411
0.174137794098, 0.248165612659, 0.645955496325, 0.643862751718, 0.240052773397, 0.572797733258, 0.755487025494, 0.573994190399, 0.309812825246, 0.217354574634, 0.505651472979, 0.263122999409, 0.34155260487, 0.257962724003, 0.349183404407, 0.557675736254, 1.0585630085, 0.512068865504, 0.378059202788
0.17135307873, 0.979340840086, 0.972113152879, 0.771430065602, 0.419688506311, 0.313644807363, 0.573937618422, 0.623021479887, 0.187180803303, 0.867630723166, 0.118876840196, 0.000265821326737, 0.0590357718517, 0.756951345431, 0.000938575957062, 0.00250084453657, 0.0609402598882, 1.87904025372, 0.518615422182
0.42124372816, 0.11188899613, 0.900873883708, 0.99868567782, 0.506253311727, 0.0853098565392, 0.728443588334, 0.489212369248, 0.857266598645, 0.964990760835, 0.830765459766, 0.00409619600869, 0.58859904882, 0.353650180665, 0.000485660027538, 0.235239381731, 1.49855684777, 0.269383388606, 1.19987261016
0.0307727990108, 0.216263700636, 0.0433322996799, 0.103096947458, 0.803794233051, 0.371744149032, 0.322618683281, 0.293342837318, 0.635332943092, 0.157413644945, 0.518742253237, 0.20253967222, 0.54212965007, 0.302330975134, 1.34295112512, 0.219404683023, 0.0927647989444, 0.482015914421, 0.069979124288
0.42124372816, 0.507674909804, 0.524870746377, 0.999634030462, 0.460801491426, 0.114641376452, 0.737445594804, 0.840374455208, 0.599941092005, 0.558757980513, 0.379632008351, 0.00488739074972, 0.26486368954, 0.553927414053, 0.00035567600856, 0.618713666806, 0.669048218031, 0.93352205434, 1.01601440963
0.0349875544631, 0.0552641914329, 0.561502523778, 0.827402847694, 0.39054935424, 0.455415621893, 0.883211470946, 0.0467341449323, 0.789612017481, 0.904026562108, 0.22071968307, 0.360383354554, 0.679255693511, 0.74192070303, 0.305037445585, 1.09741931719, 1.38347948089, 0.155956408784, 0.0989591932115
0.169076301949, 0.105177861164, 0.524870746377, 0.190538834418, 0.623528714151, 0.44300357287, 0.947113505169, 0.717881982211, 0.71572017939, 0.389596825812, 0.514751215068, 0.347413880438, 0.0279334659954, 0.19094373494, 1.02904296221, 0.317528612895, 1.16452963914, 0.264463784171, 0.437405840817
0.0454800395769, 0.321597865087, 0.720847060612, 0.686824308161, 0.284722374906, 0.46210812651, 0.273599341746, 0.180912820929, 0.646595732868, 0.318267228743, 0.605984517227, 0.556901026723, 0.661376762277, 0.441211156259, 0.22744220039, 0.424430238964, 1.02684719082, 0.627213872281, 0.0927457748985
0.537329414898, 0.542563005107, 0.126507503927, 0.940978095869, 0.00179569379117, 0.702801165879, 0.495162848086, 0.792930251407, 0.636261738811, 0.600700685987, 0.745425988209, 0.655917940077, 0.255018006193, 0.505465276077, 0.0614694790161, 0.661118979903, 0.133707192502, 0.774508966995, 1.15721530006
0.323761783969, 0.277270101147, 0.764649769754, 0.220583119591, 0.545384935693, 0.213380447155, 0.140629817244, 0.624322061497, 0.734001778268, 0.428796545282, 0.380765340779, 0.829539987529, 0.631413099323, 0.60970638903, 0.387749723387, 0.139999821716, 1.06386070366, 0.530922863619, 0.701538984701
0.718488338016, 0.321597865087, 0.999393725899, 0.000314059055119, 0.257544825841, 0.86921163282, 0.263927124247, 0.937121670499, 0.654147498356, 0.407454172824, 0.91942399765, 0.076977087917, 0.969193012901, 0.126074580427, 0.000780676287956, 3.85125451455e-07, 0.819751116305, 0.453345255137, 1.97850271987
0.138007750431, 0.736034625398, 0.237104541133, 0.0275996505106, 0.602019983378, 0.497980634095, 0.31751115997, 0.598508762946, 0.598683744509, 0.870295111505, 0.427478836848, 0.263122999409, 0.807672496423, 0.606045670743, 0.500675476858, 0.0217196082436, 0.195785998802, 1.22237528184, 0.294144485885
0.103961861556, 0.630458760865, 0.17883227207, 0.113932584008, 0.483775224108, 0.146048894755, 0.687694013578, 0.0138544299316, 0.432418050434, 0.947895632622, 0.62010225646, 0.693939373319, 0.259386786396, 0.51775946786, 0.876150971954, 0.158496007689, 0.256906766234, 1.41297535049, 0.278420796628
0.00198232323752, 0.321597865087, 0.239965063151, 0.148004367173, 0.696660449151, 0.409683132883, 0.394398241825, 0.204924042784, 0.535461692849, 0.816251349823, 0.965383627997, 0.0849828895744, 0.828911987534, 0.947466917578, 1.53884341063, 0.364345536799, 0.626015253484, 0.940583147658, 0.00605188968213
0.0232082533327, 0.17017252387, 0.0245947952547, 0.00415385541268, 0.0170692890538, 0.642392245386, 0.0891378863277, 0.654042755969, 0.0333572365165, 0.655898040933, 0.0415789156608, 0.515859300417, 0.333771198036, 0.187823597487, 1.94892231476, 0.0127166273268, 0.075332608245, 0.534142466623, 0.0737542191159
0.0778869327938, 0.11188899613, 0.524870746377, 0.55684002518, 0.766386183368, 0.114641376452, 0.943843282236, 0.489212369248, 0.857266598645, 0.904026562108, 0.55329419931, 0.446313519366, 0.48143967411, 0.453318865096, 0.729959892799, 0.873505496041, 1.23096457886, 0.297749991959, 0.209383102361
0.236321385679, 0.300093365359, 0.985165584709, 0.751176425909, 0.239642216741, 0.290672348148, 0.0997995102567, 0.956226034074, 0.350571316231, 0.708169944618, 0.380765340779, 0.835370368, 0.72212634456, 0.663558678596, 0.0128851420819, 0.0312708037595, 1.45118646187, 0.739885396888, 0.634207545372
0.0349875544631, 0.0787827914809, 0.0692715843223, 0.117305765996, 0.17355559881, 0.547599600205, 0.311197623392, 0.793453837332, 0.462051496386, 0.431754118476, 0.437115131677, 0.076977087917, 0.272735318729, 0.12504740016, 1.56076897352, 0.290892403143, 0.173439211126, 0.198657896425, 0.0885390136781
0.313678033777, 0.124372439586, 0.723480267606, 0.920036529446, 0.257544825841, 0.415319169212, 0.893984286822, 0.654042755969, 0.635332943092, 0.655898040933, 0.122782156775, 0.556901026723, 0.54212965007, 0.00805392555635, 0.076405191372, 0.605088589337, 1.31469731243, 0.286793899472, 0.793194070003
0.98132777574, 0.321597865087, 0.814815513806, 0.334498721668, 0.650678143629, 0.844687816339, 0.622829732492, 0.616126012702, 0.635332943092, 0.170217652688, 0.518742253237, 0.686001277141, 0.255018006193, 0.312187450834, 0.00908878821386, 0.00526962158273, 0.0350924566796, 0.0202581478311, 1.42678094351
0.512147793947, 0.958690185523, 0.182961206045, 0.609262036062, 0.993769169488, 0.554371497803, 0.251676630418, 0.654042755969, 0.354164102953, 0.360015410305, 0.463911673559, 0.556901026723, 0.807765807212, 0.547218819379, 0.0366229599536, 0.051981012571, 0.0187948120235, 1.02040094363, 1.06234115507
0.256962323311, 0.456661169667, 0.988073851597, 0.571864230601, 0.203222560319, 0.156723670372, 0.322618683281, 0.522797361718, 0.331906764248, 0.857385009541, 0.197823673154, 0.55790704884, 0.0630345530136, 0.549642268847, 0.0136020255273, 0.0170803659143, 1.16540338964, 1.01680687034, 0.660608123296
0.142097891297, 0.00460109544727, 0.295534333483, 0.984742716571, 0.623528714151, 0.314506417707, 0.998420982926, 0.932361764841, 0.71572017939, 0.389596825812, 0.136496963289, 0.674375316733, 0.308539909101, 0.0889799281384, 0.039949974495, 1.66661871799, 0.834750714769, 0.0134750375449, 0.423211600141
0.5667580663, 0.156079934522, 0.463598641397, 0.0249363231743, 0.200064360957, 0.0990072324813, 0.802191852236, 0.25880028274, 0.269077466405, 0.407454172824, 0.380765340779, 0.564748624266, 0.272735318729, 0.126074580427, 0.761144833326, 0.0298292124866, 0.679245536928, 0.2553549806, 1.29955658688
0.27003329017, 0.00262153541372, 0.842522348111, 0.14187397279, 0.441407119987, 0.497980634095, 0.923055865199, 0.783423655281, 0.215215644038, 0.88630227017, 0.584838600292, 0.558439938146, 0.969193012901, 0.718928362094, 0.385591022713, 0.087382341487, 1.56558362648, 0.00664935076106, 0.729188516997
0.169076301949, 0.60799796043, 0.399112943773, 0.985730145985, 0.454351685001, 0.625446494706, 0.657441762505, 0.353509046594, 0.756052583415, 0.444896728297, 0.517592883192, 0.248021425732, 0.618408409405, 0.517508369923, 0.0122484099762, 0.54634574371, 0.395880924424, 0.953764344183, 0.31780188423
0.315313169472, 0.123329417178, 0.00659222498109, 0.0275996505106, 0.415483466621, 0.731390701929, 0.211339303383, 0.52636229588, 0.646595732868, 0.389596825812, 0.750509746506, 0.635914901075, 0.661376762277, 0.606045670743, 1.11859424737, 0.0485253022353, 0.0115943995611, 0.219670491676, 0.616402627521
0.0307727990108, 0.300093365359, 0.452414211415, 0.0631157283797, 0.255272661875, 0.702801165879, 0.313134713032, 0.410785112817, 0.635332943092, 0.360015410305, 0.260665245005, 0.160145916938, 0.111641715848, 0.187823597487, 1.07580568443, 0.107008307376, 0.930472604917, 0.727045434504, 0.077448875493
0.139870489515, 0.253374151509, 0.658990306615, 0.206709055075, 0.337483354803, 0.448966017119, 0.970319205527, 0.654042755969, 0.141309112529, 0.202611118553, 0.215883055819, 0.556901026723, 0.987283445192, 0.897481976152, 0.857549365574, 0.28866081333, 1.52445930685, 0.745335115305, 0.429447392688
0.00370398381677, 0.108165972448, 0.202277306556, 0.175836214449, 0.806814241619, 0.175097464227, 0.687694013578, 0.811466526313, 0.884700273556, 0.327106327406, 0.259977084966, 0.00565113070089, 0.929568818178, 0.268657038118, 1.84644521354, 0.523370640419, 0.631180425531, 0.346606525194, 0.0119264619632
0.180457349802, 0.950619928678, 0.134568531888, 0.083825283813, 0.283967360846, 0.46576867488, 0.404752463791, 0.824577233116, 0.423319825456, 0.849696079887, 0.952038502234, 0.0640615329276, 0.805971566523, 0.222127601202, 0.133811289299, 0.0177217965993, 0.0289646634022, 1.77623442156, 0.518988312898
0.0642547378818, 0.0370159522667, 0.998937811393, 0.0977895436872, 0.575438748907, 0.438285879049, 0.810291444174, 0.566131336347, 0.825691025381, 0.94724487995, 0.330959691461, 0.000280952505149, 0.888318507737, 0.839937445252, 0.00321130966653, 0.000497197775545, 1.94761982993, 0.11337137162, 0.197579833605
0.158366156316, 0.375786822749, 0.99564340911, 0.267413868622, 0.718192028656, 0.529472591707, 0.994753784526, 0.108902709002, 0.824728981205, 0.677321390681, 0.702369878605, 0.580717296972, 0.239624718982, 0.0819982179418, 0.0094239945186, 0.00420909318629, 1.50819929272, 1.01046870564, 0.461162400868
0.688778569794, 0.969440459249, 0.957300930718, 0.286536798701, 0.0767628574503, 0.523354852667, 0.841617535868, 0.444758647803, 0.599941092005, 0.602706169598, 0.279350409825, 0.977948156638, 0.805834213223, 0.137563590397, 0.00247768671919, 0.0011971370639, 0.0409653870631, 0.854661607989, 1.60856588908
0.0721294674821, 0.577851948233, 0.340404775812, 0.692602950144, 0.523151591623, 0.699360308867, 0.302080502204, 0.160684343089, 0.123417848389, 0.633619908321, 0.402090139193, 0.0602457297804, 0.308486942854, 0.506228982914, 0.389471991902, 0.742914010948, 0.496793616595, 1.24810399789, 0.180208655258
0.224915884736, 0.997561197483, 0.586881979068, 0.436672142134, 0.756746815085, 0.859721379247, 0.624853154629, 0.386651171883, 0.269077466405, 0.446712655285, 0.299870203327, 0.0444838001027, 0.222726470933, 0.169666713602, 0.0028800893003, 0.00235736714416, 0.00490678846677, 1.607626496, 0.592847766166
0.363149929179, 0.994242225817, 0.201230683216, 0.771430065602, 0.517878288581, 0.455415621893, 0.499768022395, 0.210359153964, 0.789612017481, 0.0585595900197, 0.22071968307, 0.771101021847, 0.679255693511, 0.117805502312, 0.0043081144465, 0.0114790117895, 0.00401000080176, 1.4262653141, 0.915103349414
0.17135307873, 0.0570034391946, 0.0589860267805, 0.0630592065315, 0.388180765969, 0.00133784944394, 0.0832035463419, 0.988382815334, 0.662450334067, 0.674253767214, 0.118876840196, 0.000265821326737, 0.72212634456, 0.12504740016, 2.20239823433, 0.218870814571, 0.205657336047, 0.199563234704, 0.615631328031
0.5667580663, 0.654801844588, 0.97034661198, 0.0151849767532, 0.106160357675, 0.94305902183, 0.322618683281, 0.623021479887, 0.635332943092, 0.347711894528, 0.518742253237, 0.556901026723, 0.54212965007, 0.547218819379, 0.0218727663776, 0.000521819250224, 0.469373780023, 0.779924288659, 1.12474609721
0.991964061549, 0.792830347454, 0.743286178553, 0.07330348791, 0.191581823739, 0.497980634095, 0.220602623513, 0.483581295351, 0.896733323622, 0.845499155213, 0.903139522307, 0.142640479988, 0.0083984265418, 0.400776415202, 0.00313350724842, 0.000362410290671, 0.00739385834727, 0.023823981871, 1.99181134744
0.0766521044664, 0.566938131027, 0.237104541133, 0.0269246207527, 0.602019983378, 0.837939701939, 0.31751115997, 0.512954859428, 0.667061325184, 0.391072724211, 0.427478836848, 0.345924015526, 0.969193012901, 0.606045670743, 0.847391217627, 0.0358601812463, 0.331351955107, 1.12545087031, 0.175155524472
0.994249716038, 0.536512094567, 0.140498658497, 0.734601119034, 0.441999332194, 0.350598606449, 0.715949488136, 0.868719318524, 0.134576021003, 0.444896728297, 0.696838730793, 0.828283621143, 0.78232780879, 0.948991668011, 0.0042094152327, 0.00950540030437, 0.00233227877048, 0.0119521341574, 1.77258984536
0.040640657374, 0.961711606985, 0.920819164408, 0.819984336212, 0.399472409241, 0.146048894755, 0.307927238173, 0.0841957631377, 0.24356477821, 0.859081036436, 0.23002633492, 0.539559584309, 0.87848338681, 0.860315685887, 0.00391877173473, 0.0134872621322, 0.112340226479, 1.88014816649, 0.120406280964
0.142870708852, 0.962341061234, 0.645955496325, 0.984788366667, 0.401572148851, 0.0246988152628, 0.73564194821, 0.80746494943, 0.599941092005, 0.255835990305, 0.42385486736, 0.728673215869, 0.707941014506, 0.240262151453, 0.00118063777371, 0.0494012895072, 0.0795004355305, 1.58056243887, 0.361420665802
0.280263666992, 0.964823800084, 0.982355624644, 0.18652533143, 0.39054935424, 0.903800490155, 0.923778252331, 0.609668413069, 0.839363240132, 0.549089984356, 0.782826631035, 0.319564819227, 0.0866115214131, 0.956789786938, 0.00261964722941, 0.000790283572843, 0.0987005155782, 1.78515181466, 0.842217272462
0.62790084755, 0.969440459249, 0.983176309623, 0.420915925016, 0.335447524597, 0.330399737653, 0.305749923675, 0.664307814997, 0.915698203032, 0.860954533584, 0.0407050629564, 0.133686898003, 0.727399402255, 0.323177879804, 0.00102251367886, 0.000795501810653, 0.0490117216971, 1.02058966769, 1.54436961278
0.458130426816, 0.0203647489183, 0.297661060471, 0.920064228708, 0.621158483039, 0.6206980334, 0.0989457983142, 0.248421662959, 0.439122872561, 0.662392915525, 0.736667828385, 0.616190474649, 0.44736687677, 0.326305908043, 0.116458122439, 0.922609534343, 0.469527751049, 0.0333355354117, 0.913463638849
0.363149929179, 0.974339710186, 0.201230683216, 0.729134716959, 0.0623761209783, 0.455415621893, 0.716793709207, 0.989847869691, 0.722985025743, 0.633619908321, 0.437115131677, 0.360383354554, 0.679255693511, 0.60868492266, 0.0214937583037, 0.0474314030707, 0.0170312900913, 1.35854189917, 0.872324329168
