0.307877540348, 0.822897429068, 0.00597285531969, 0.182902915354, 0.77846521669, 0.256046409193, 0.353329348056, 0.557974514964, 0.483648203323, 0.0664286769938, 0.233287756674, 0.465120916281, 0.494075996259, 0.846229698701, 0.151174814455, 0.116927836141, 0.284560579946, 0.348027287767, 0.688017468853, 0.0320680645791, 0.142454433834, 0.256050032733, 0.710917264398, 0.686436213209, 0.351682608332, 0.687121309324, 0.298453928839, 0.815968037881, 0.118638382777, 0.577482020467, 0.307877540348, 3.4673527182
0.307877540348, 0.822897429068, 0.00597285531969, 0.182902915354, 0.77846521669, 0.256046409193, 0.353329348056, 0.557974514964, 0.483648203323, 0.0664286769938, 0.233287756674, 0.465120916281, 0.494075996259, 0.846229698701, 0.151174814455, 0.116927836141, 0.284560579946, 0.348027287767, 0.688017468853, 0.0320680645791, 0.142454433834, 0.256050032733, 0.710917264398, 0.686436213209, 0.351682608332, 0.687121309324, 0.298453928839, 0.815968037881, 0.118638382777, 0.577482020467, 0.307877540348, 3.4673527182
0.203236058526, 0.642332676071, 0.55988017368, 0.229088907538, 0.167589305517, 0.240032462524, 0.0248456773858, 0.081803806995, 0.302144147632, 0.580004311016, 0.938043086782, 0.388242028709, 0.128953191283, 0.260390018951, 0.9681147601, 0.165735098955, 0.131072619253, 0.888039998383, 0.235031754538, 0.279952257316, 0.885934939908, 0.306869138833, 0.383566777034, 0.434608322152, 0.423074500334, 0.26099004402, 0.22884885125, 0.302246413387, 0.769015319539, 0.564913829415, 0.203236058526, 3.68071387035
0.203236058526, 0.642332676071, 0.55988017368, 0.229088907538, 0.167589305517, 0.240032462524, 0.0248456773858, 0.081803806995, 0.302144147632, 0.580004311016, 0.938043086782, 0.388242028709, 0.128953191283, 0.260390018951, 0.9681147601, 0.165735098955, 0.131072619253, 0.888039998383, 0.235031754538, 0.279952257316, 0.885934939908, 0.306869138833, 0.383566777034, 0.434608322152, 0.423074500334, 0.26099004402, 0.22884885125, 0.302246413387, 0.769015319539, 0.564913829415, 0.203236058526, 3.68071387035
0.768742323632, 0.344710121784, 0.917479129711, 0.0137383364925, 0.119232316457, 0.461767428737, 0.126035975592, 0.171576862322, 0.387480445436, 0.632897338648, 0.589560375624, 0.0685092307277, 0.250893928685, 0.0142146411948, 0.55175093904, 0.300939758958, 0.0683943276443, 0.894136395608, 0.571250837497, 0.469761626675, 0.123386223763, 0.182006646451, 0.535031643012, 0.265010849326, 0.63484204877, 0.836580252212, 0.272515178224, 0.151660662317, 0.635520187402, 0.314370743283, 0.768742323632, 2.54850652005
0.768742323632, 0.344710121784, 0.917479129711, 0.0137383364925, 0.119232316457, 0.461767428737, 0.126035975592, 0.171576862322, 0.387480445436, 0.632897338648, 0.589560375624, 0.0685092307277, 0.250893928685, 0.0142146411948, 0.55175093904, 0.300939758958, 0.0683943276443, 0.894136395608, 0.571250837497, 0.469761626675, 0.123386223763, 0.182006646451, 0.535031643012, 0.265010849326, 0.63484204877, 0.836580252212, 0.272515178224, 0.151660662317, 0.635520187402, 0.314370743283, 0.768742323632, 2.54850652005
0.00778731218989, 0.672728725629, 0.253878500636, 0.992227385166, 0.762702084772, 0.171781220604, 0.982869035069, 0.387122794512, 0.598589796456, 0.583706488147, 0.879519663241, 0.829217856159, 0.333546351565, 0.938908992778, 0.688627961041, 0.305197781687, 0.956872486038, 0.267339199699, 0.775816948792, 0.63435998652, 0.170494641136, 0.419644675276, 0.886454550428, 0.264173328346, 0.103676100925, 0.625082518261, 0.138296128375, 0.914737424266, 0.897568833786, 0.224217514754, 0.00778731218989, 5.95094540426
0.00778731218989, 0.672728725629, 0.253878500636, 0.992227385166, 0.762702084772, 0.171781220604, 0.982869035069, 0.387122794512, 0.598589796456, 0.583706488147, 0.879519663241, 0.829217856159, 0.333546351565, 0.938908992778, 0.688627961041, 0.305197781687, 0.956872486038, 0.267339199699, 0.775816948792, 0.63435998652, 0.170494641136, 0.419644675276, 0.886454550428, 0.264173328346, 0.103676100925, 0.625082518261, 0.138296128375, 0.914737424266, 0.897568833786, 0.224217514754, 0.00778731218989, 5.95094540426
0.65736667544, 0.650098792613, 0.5845095829, 0.575517681221, 0.0813573604462, 0.718807324735, 0.86993335881, 0.0036987666326, 0.245021463384, 0.414607444763, 0.744398893219, 0.401157215476, 0.344445523079, 0.578808994368, 0.12904083503, 0.146452312438, 0.0317416627667, 0.762666775008, 0.385114290881, 0.589233454899, 0.204112626186, 0.443631372947, 0.36398620675, 0.100582963941, 0.0848231701688, 0.227272321568, 0.246348525547, 0.915437095041, 0.501026681627, 0.166564793718, 0.65736667544, 2.83852370918
0.65736667544, 0.650098792613, 0.5845095829, 0.575517681221, 0.0813573604462, 0.718807324735, 0.86993335881, 0.0036987666326, 0.245021463384, 0.414607444763, 0.744398893219, 0.401157215476, 0.344445523079, 0.578808994368, 0.12904083503, 0.146452312438, 0.0317416627667, 0.762666775008, 0.385114290881, 0.589233454899, 0.204112626186, 0.443631372947, 0.36398620675, 0.100582963941, 0.0848231701688, 0.227272321568, 0.246348525547, 0.915437095041, 0.501026681627, 0.166564793718, 0.65736667544, 2.83852370918
0.0326667745922, 0.172689573758, 0.172930560177, 0.393000871904, 0.965904543326, 0.578543067047, 0.537444183186, 0.0134654520033, 0.77249311549, 0.614615557454, 0.476693691305, 0.945527758259, 0.697284798843, 0.71378858483, 0.19794781958, 0.427685300186, 0.49192075058, 0.184486235384, 0.692928315928, 0.393593191329, 0.0726811250733, 0.785400290169, 0.490704707868, 0.0470550919804, 0.470156669425, 0.450498393457, 0.817811773816, 0.986483594392, 0.200975664391, 0.0739844809346, 0.0326667745922, 4.87887928769
0.0326667745922, 0.172689573758, 0.172930560177, 0.393000871904, 0.965904543326, 0.578543067047, 0.537444183186, 0.0134654520033, 0.77249311549, 0.614615557454, 0.476693691305, 0.945527758259, 0.697284798843, 0.71378858483, 0.19794781958, 0.427685300186, 0.49192075058, 0.184486235384, 0.692928315928, 0.393593191329, 0.0726811250733, 0.785400290169, 0.490704707868, 0.0470550919804, 0.470156669425, 0.450498393457, 0.817811773816, 0.986483594392, 0.200975664391, 0.0739844809346, 0.0326667745922, 4.87887928769
0.74321866568, 0.0546276726525, 0.779052154676, 0.524915153859, 0.835908603405, 0.780216847677, 0.613750215247, 0.979323550173, 0.0400861392294, 0.362125394234, 0.315911849535, 0.0396190358565, 0.239652386867, 0.44483223008, 0.3327315988, 0.563393078511, 0.227602907771, 0.226957659982, 0.241717001508, 0.0733092049795, 0.267216075025, 0.130552209184, 0.224517391448, 0.811596481144, 0.558486777251, 0.342968265534, 0.340807252371, 0.248264520256, 0.603337221937, 0.34481141747, 0.74321866568, 2.73817893318
0.74321866568, 0.0546276726525, 0.779052154676, 0.524915153859, 0.835908603405, 0.780216847677, 0.613750215247, 0.979323550173, 0.0400861392294, 0.362125394234, 0.315911849535, 0.0396190358565, 0.239652386867, 0.44483223008, 0.3327315988, 0.563393078511, 0.227602907771, 0.226957659982, 0.241717001508, 0.0733092049795, 0.267216075025, 0.130552209184, 0.224517391448, 0.811596481144, 0.558486777251, 0.342968265534, 0.340807252371, 0.248264520256, 0.603337221937, 0.34481141747, 0.74321866568, 2.73817893318
0.0559016975867, 0.114665519568, 0.915041225417, 0.39041088005, 0.0218249759771, 0.256837839596, 0.431914335425, 0.0908919119556, 0.642492585453, 0.625856599935, 0.694977301395, 0.994177109719, 0.02645277912, 0.199369531088, 0.988129153439, 0.00773635723144, 0.373833916506, 0.0759541420133, 0.568578314619, 0.160128459915, 0.154440439551, 0.547588916979, 0.324040570871, 0.576751763142, 0.507620815457, 0.629021797201, 0.380795956999, 0.353785348577, 0.706022822668, 0.048829025887, 0.0559016975867, 4.15395862643
0.0559016975867, 0.114665519568, 0.915041225417, 0.39041088005, 0.0218249759771, 0.256837839596, 0.431914335425, 0.0908919119556, 0.642492585453, 0.625856599935, 0.694977301395, 0.994177109719, 0.02645277912, 0.199369531088, 0.988129153439, 0.00773635723144, 0.373833916506, 0.0759541420133, 0.568578314619, 0.160128459915, 0.154440439551, 0.547588916979, 0.324040570871, 0.576751763142, 0.507620815457, 0.629021797201, 0.380795956999, 0.353785348577, 0.706022822668, 0.048829025887, 0.0559016975867, 4.15395862643
0.0125442242776, 0.693649886146, 0.32000928739, 0.726274937597, 0.428326995463, 0.54081457524, 0.90519477816, 0.950833787202, 0.467652158446, 0.514411991324, 0.471846324017, 0.286857979858, 0.076264301068, 0.922159544431, 0.327090039237, 0.400654323539, 0.00572078179663, 0.50268612312, 0.999731557137, 0.36262384011, 0.271195873351, 0.970583491433, 0.466521609828, 0.677786152696, 0.942515590983, 0.31643668526, 0.871036728448, 0.599580923941, 0.0650500763841, 0.312252595201, 0.0125442242776, 5.50877342299
0.0125442242776, 0.693649886146, 0.32000928739, 0.726274937597, 0.428326995463, 0.54081457524, 0.90519477816, 0.950833787202, 0.467652158446, 0.514411991324, 0.471846324017, 0.286857979858, 0.076264301068, 0.922159544431, 0.327090039237, 0.400654323539, 0.00572078179663, 0.50268612312, 0.999731557137, 0.36262384011, 0.271195873351, 0.970583491433, 0.466521609828, 0.677786152696, 0.942515590983, 0.31643668526, 0.871036728448, 0.599580923941, 0.0650500763841, 0.312252595201, 0.0125442242776, 5.50877342299
0.104909135672, 0.317086018321, 0.138032365484, 0.427985501833, 0.803052057665, 0.663197937078, 0.474553570893, 0.35242214337, 0.797426403248, 0.196693136908, 0.137299452693, 0.352498643654, 0.113308275475, 0.47498391863, 0.41832193676, 0.981507367007, 0.161091182771, 0.724398979096, 0.1048641067, 0.159487668913, 0.0816708167492, 0.186252775977, 0.464617913243, 0.060149707938, 0.945278396153, 0.363801159811, 0.497599152995, 0.418913108989, 0.463074180581, 0.586202492314, 0.104909135672, 3.98159888812
0.104909135672, 0.317086018321, 0.138032365484, 0.427985501833, 0.803052057665, 0.663197937078, 0.474553570893, 0.35242214337, 0.797426403248, 0.196693136908, 0.137299452693, 0.352498643654, 0.113308275475, 0.47498391863, 0.41832193676, 0.981507367007, 0.161091182771, 0.724398979096, 0.1048641067, 0.159487668913, 0.0816708167492, 0.186252775977, 0.464617913243, 0.060149707938, 0.945278396153, 0.363801159811, 0.497599152995, 0.418913108989, 0.463074180581, 0.586202492314, 0.104909135672, 3.98159888812
0.337914083648, 0.993314903955, 0.464406800572, 0.000777924008831, 0.229157851779, 0.330253224936, 0.194121197346, 0.605123552244, 0.621135870296, 0.804747891597, 0.00806285323072, 0.00111039625918, 0.158921254123, 0.639284145649, 0.216937311557, 0.848951828712, 0.141413335428, 0.0943141622686, 0.174140665306, 0.211175568061, 0.807205500594, 0.609028577557, 0.236700857918, 0.526357930531, 0.764108992969, 0.580726040089, 0.474371588924, 0.690750189932, 0.0758299826379, 0.189505114047, 0.337914083648, 3.37791344301
0.337914083648, 0.993314903955, 0.464406800572, 0.000777924008831, 0.229157851779, 0.330253224936, 0.194121197346, 0.605123552244, 0.621135870296, 0.804747891597, 0.00806285323072, 0.00111039625918, 0.158921254123, 0.639284145649, 0.216937311557, 0.848951828712, 0.141413335428, 0.0943141622686, 0.174140665306, 0.211175568061, 0.807205500594, 0.609028577557, 0.236700857918, 0.526357930531, 0.764108992969, 0.580726040089, 0.474371588924, 0.690750189932, 0.0758299826379, 0.189505114047, 0.337914083648, 3.37791344301
0.158795017592, 0.0546276726525, 0.779052154676, 0.524915153859, 0.835908603405, 0.780216847677, 0.613750215247, 0.979323550173, 0.242003976569, 0.362125394234, 0.315911849535, 0.0396190358565, 0.239652386867, 0.44483223008, 0.3327315988, 0.563393078511, 0.227602907771, 0.226957659982, 0.241717001508, 0.0733092049795, 0.271141663725, 0.389123317396, 0.224517391448, 0.811596481144, 0.558486777251, 0.545912596623, 0.322037402965, 0.248264520256, 0.603337221937, 0.34481141747, 0.158795017592, 3.91353202498
0.158795017592, 0.0546276726525, 0.779052154676, 0.524915153859, 0.835908603405, 0.780216847677, 0.613750215247, 0.979323550173, 0.242003976569, 0.362125394234, 0.315911849535, 0.0396190358565, 0.239652386867, 0.44483223008, 0.3327315988, 0.563393078511, 0.227602907771, 0.226957659982, 0.241717001508, 0.0733092049795, 0.271141663725, 0.389123317396, 0.224517391448, 0.811596481144, 0.558486777251, 0.545912596623, 0.322037402965, 0.248264520256, 0.603337221937, 0.34481141747, 0.158795017592, 3.91353202498
0.417714834895, 0.555165726029, 0.218612616621, 0.350789585215, 0.289089952129, 0.100232929042, 0.642701760608, 0.867802237553, 0.13348647103, 0.422013626859, 0.145914269625, 0.913971965382, 0.961455548657, 0.0046993798042, 0.792412120212, 0.22044994709, 0.105220040851, 0.0108750490835, 0.578758470466, 0.69320613745, 0.448103151483, 0.277072166072, 0.53271208322, 0.277646604503, 0.82595057554, 0.0384482467084, 0.266629038708, 0.0266151765254, 0.257053726036, 0.42562375674, 0.417714834895, 3.15658624686
0.417714834895, 0.555165726029, 0.218612616621, 0.350789585215, 0.289089952129, 0.100232929042, 0.642701760608, 0.867802237553, 0.13348647103, 0.422013626859, 0.145914269625, 0.913971965382, 0.961455548657, 0.0046993798042, 0.792412120212, 0.22044994709, 0.105220040851, 0.0108750490835, 0.578758470466, 0.69320613745, 0.448103151483, 0.277072166072, 0.53271208322, 0.277646604503, 0.82595057554, 0.0384482467084, 0.266629038708, 0.0266151765254, 0.257053726036, 0.42562375674, 0.417714834895, 3.15658624686
0.447146288836, 0.198236126121, 0.647707704398, 0.213050507054, 0.524584895893, 0.398816604587, 0.356102443753, 0.28537025685, 0.73992416698, 0.0307117827442, 0.261262632388, 0.442984052498, 0.812931208425, 0.374511008223, 0.177981995949, 0.139928738196, 0.524107702706, 0.349636520512, 0.121119260759, 0.0639208702675, 0.600235155524, 0.246137721881, 0.885186116691, 0.4510210611, 0.567982358938, 0.295963970861, 0.0577638626575, 0.0912555615667, 0.000497562674119, 0.7948275303, 0.447146288836, 2.91869234923
0.447146288836, 0.198236126121, 0.647707704398, 0.213050507054, 0.524584895893, 0.398816604587, 0.356102443753, 0.28537025685, 0.73992416698, 0.0307117827442, 0.261262632388, 0.442984052498, 0.812931208425, 0.374511008223, 0.177981995949, 0.139928738196, 0.524107702706, 0.349636520512, 0.121119260759, 0.0639208702675, 0.600235155524, 0.246137721881, 0.885186116691, 0.4510210611, 0.567982358938, 0.295963970861, 0.0577638626575, 0.0912555615667, 0.000497562674119, 0.7948275303, 0.447146288836, 2.91869234923
0.290282077734, 0.555501856218, 0.754048146107, 0.0151517839606, 0.909178004144, 0.918449776036, 0.378528941829, 0.283516496045, 0.400256961249, 0.108685605611, 0.485255265708, 0.263924396691, 0.46458876244, 0.382222039659, 0.294620992175, 0.436825246592, 0.269187610216, 0.0846712014199, 0.654700529343, 0.643224537781, 0.0436921554155, 0.34053427914, 0.0901115160077, 0.200283985437, 0.84338641434, 0.566415873111, 0.594999815753, 0.0683293457429, 0.97160564441, 0.880762864073, 0.290282077734, 3.79901408519
0.290282077734, 0.555501856218, 0.754048146107, 0.0151517839606, 0.909178004144, 0.918449776036, 0.378528941829, 0.283516496045, 0.400256961249, 0.108685605611, 0.485255265708, 0.263924396691, 0.46458876244, 0.382222039659, 0.294620992175, 0.436825246592, 0.269187610216, 0.0846712014199, 0.654700529343, 0.643224537781, 0.0436921554155, 0.34053427914, 0.0901115160077, 0.200283985437, 0.84338641434, 0.566415873111, 0.594999815753, 0.0683293457429, 0.97160564441, 0.880762864073, 0.290282077734, 3.79901408519
0.235836138829, 0.501726993106, 0.315084048308, 0.559181083004, 0.599143928739, 0.775716773961, 0.819599426461, 0.0816549545209, 0.336995110032, 0.0303163134869, 0.221873891995, 0.517638836928, 0.230073837439, 0.583004688826, 0.62492926792, 0.139952576138, 0.55747466092, 0.469279002564, 0.703678817507, 0.765102563274, 0.00987710488098, 0.450927366815, 0.347611329763, 0.10148099483, 0.502621127176, 0.669672518332, 0.121620687663, 0.507849875841, 0.804860212411, 0.379249003025, 0.235836138829, 3.86965818212
0.235836138829, 0.501726993106, 0.315084048308, 0.559181083004, 0.599143928739, 0.775716773961, 0.819599426461, 0.0816549545209, 0.336995110032, 0.0303163134869, 0.221873891995, 0.517638836928, 0.230073837439, 0.583004688826, 0.62492926792, 0.139952576138, 0.55747466092, 0.469279002564, 0.703678817507, 0.765102563274, 0.00987710488098, 0.450927366815, 0.347611329763, 0.10148099483, 0.502621127176, 0.669672518332, 0.121620687663, 0.507849875841, 0.804860212411, 0.379249003025, 0.235836138829, 3.86965818212
0.768742323632, 0.344710121784, 0.917479129711, 0.0137383364925, 0.119232316457, 0.461767428737, 0.126035975592, 0.297748279851, 0.387480445436, 0.607575016961, 0.589560375624, 0.0685092307277, 0.250893928685, 0.0142146411948, 0.55175093904, 0.300939758958, 0.0683943276443, 0.894136395608, 0.571250837497, 0.469761626675, 0.123386223763, 0.182006646451, 0.535031643012, 0.265010849326, 0.814005572297, 0.836580252212, 0.272515178224, 0.151660662317, 0.635520187402, 0.314370743283, 0.768742323632, 2.61730226839
0.768742323632, 0.344710121784, 0.917479129711, 0.0137383364925, 0.119232316457, 0.461767428737, 0.126035975592, 0.297748279851, 0.387480445436, 0.607575016961, 0.589560375624, 0.0685092307277, 0.250893928685, 0.0142146411948, 0.55175093904, 0.300939758958, 0.0683943276443, 0.894136395608, 0.571250837497, 0.469761626675, 0.123386223763, 0.182006646451, 0.535031643012, 0.265010849326, 0.814005572297, 0.836580252212, 0.272515178224, 0.151660662317, 0.635520187402, 0.314370743283, 0.768742323632, 2.61730226839
0.867653812344, 0.244116013971, 0.56529474282, 0.315110526732, 0.469624396663, 0.424353887699, 0.441035149293, 0.224894967502, 0.573059794844, 0.249187584338, 0.147056772079, 0.115127559713, 0.522145588349, 0.338941197945, 0.659380064685, 0.310336055796, 0.00297492760271, 0.931574459827, 0.901543063144, 0.473049951627, 0.0694108973977, 0.644942956692, 0.44972937254, 0.869897442656, 0.133563166094, 0.399486445816, 0.313400276218, 0.0931148801041, 0.660510448681, 0.115394268225, 0.867653812344, 2.61635683937
0.867653812344, 0.244116013971, 0.56529474282, 0.315110526732, 0.469624396663, 0.424353887699, 0.441035149293, 0.224894967502, 0.573059794844, 0.249187584338, 0.147056772079, 0.115127559713, 0.522145588349, 0.338941197945, 0.659380064685, 0.310336055796, 0.00297492760271, 0.931574459827, 0.901543063144, 0.473049951627, 0.0694108973977, 0.644942956692, 0.44972937254, 0.869897442656, 0.133563166094, 0.399486445816, 0.313400276218, 0.0931148801041, 0.660510448681, 0.115394268225, 0.867653812344, 2.61635683937
0.0326667745922, 0.432723859179, 0.172930560177, 0.393000871904, 0.789487232415, 0.578543067047, 0.537444183186, 0.0134654520033, 0.77249311549, 0.614615557454, 0.476693691305, 0.955624595337, 0.697284798843, 0.71378858483, 0.19794781958, 0.427685300186, 0.49192075058, 0.184486235384, 0.853726007056, 0.393593191329, 0.0726811250733, 0.785400290169, 0.490704707868, 0.0470550919804, 0.470156669425, 0.450498393457, 0.817811773816, 0.986483594392, 0.200975664391, 0.0739844809346, 0.0326667745922, 4.95477502951
0.0326667745922, 0.432723859179, 0.172930560177, 0.393000871904, 0.789487232415, 0.578543067047, 0.537444183186, 0.0134654520033, 0.77249311549, 0.614615557454, 0.476693691305, 0.955624595337, 0.697284798843, 0.71378858483, 0.19794781958, 0.427685300186, 0.49192075058, 0.184486235384, 0.853726007056, 0.393593191329, 0.0726811250733, 0.785400290169, 0.490704707868, 0.0470550919804, 0.470156669425, 0.450498393457, 0.817811773816, 0.986483594392, 0.200975664391, 0.0739844809346, 0.0326667745922, 4.95477502951
0.0559016975867, 0.114665519568, 0.915041225417, 0.39041088005, 0.816252039238, 0.796158647346, 0.431914335425, 0.0908919119556, 0.642492585453, 0.961001947124, 0.694977301395, 0.994177109719, 0.0461789814447, 0.199369531088, 0.988129153439, 0.00532166153841, 0.373833916506, 0.0759541420133, 0.568578314619, 0.160128459915, 0.154440439551, 0.0909218680608, 0.324040570871, 0.576751763142, 0.507620815457, 0.629021797201, 0.690375099572, 0.353785348577, 0.706022822668, 0.048829025887, 0.0559016975867, 4.60610751351
0.0559016975867, 0.114665519568, 0.915041225417, 0.39041088005, 0.816252039238, 0.796158647346, 0.431914335425, 0.0908919119556, 0.642492585453, 0.961001947124, 0.694977301395, 0.994177109719, 0.0461789814447, 0.199369531088, 0.988129153439, 0.00532166153841, 0.373833916506, 0.0759541420133, 0.568578314619, 0.160128459915, 0.154440439551, 0.0909218680608, 0.324040570871, 0.576751763142, 0.507620815457, 0.629021797201, 0.690375099572, 0.353785348577, 0.706022822668, 0.048829025887, 0.0559016975867, 4.60610751351
0.101434208702, 0.0562551620826, 0.614302894721, 0.905935827169, 0.205378913135, 0.512537854895, 0.151040975465, 0.134926046253, 0.926596137269, 0.130999347793, 0.507666812724, 0.941812077958, 0.10904456106, 0.995879418028, 0.86472895677, 0.0274514080449, 0.122753443515, 0.913512579563, 0.160991173961, 0.305337858364, 0.247921444857, 0.0801587269065, 0.37317287343, 0.475650237859, 0.134074378497, 0.709717813829, 0.913467662234, 0.232159037308, 0.443199680821, 0.762177616735, 0.101434208702, 4.30800834126
0.101434208702, 0.0562551620826, 0.614302894721, 0.905935827169, 0.205378913135, 0.512537854895, 0.151040975465, 0.134926046253, 0.926596137269, 0.130999347793, 0.507666812724, 0.941812077958, 0.10904456106, 0.995879418028, 0.86472895677, 0.0274514080449, 0.122753443515, 0.913512579563, 0.160991173961, 0.305337858364, 0.247921444857, 0.0801587269065, 0.37317287343, 0.475650237859, 0.134074378497, 0.709717813829, 0.913467662234, 0.232159037308, 0.443199680821, 0.762177616735, 0.101434208702, 4.30800834126
0.0689649160461, 0.355348266409, 0.265740743266, 0.608746997895, 0.983338100831, 0.812014120119, 0.230778518403, 0.912434315646, 0.250898835448, 0.593866316298, 0.225433806963, 0.522874626782, 0.0384287342996, 0.0228858194654, 0.267556290823, 0.290801673055, 0.17725720919, 0.848449388897, 0.132431160957, 0.127122903369, 0.445705352679, 0.26831445181, 0.974248011761, 0.924412668048, 0.478559428822, 0.545798109852, 0.717076157257, 0.0989941089035, 0.60206185609, 0.585945368786, 0.0689649160461, 4.53512311047
0.0689649160461, 0.355348266409, 0.265740743266, 0.608746997895, 0.983338100831, 0.812014120119, 0.230778518403, 0.912434315646, 0.250898835448, 0.593866316298, 0.225433806963, 0.522874626782, 0.0384287342996, 0.0228858194654, 0.267556290823, 0.290801673055, 0.17725720919, 0.848449388897, 0.132431160957, 0.127122903369, 0.445705352679, 0.26831445181, 0.974248011761, 0.924412668048, 0.478559428822, 0.545798109852, 0.717076157257, 0.0989941089035, 0.60206185609, 0.585945368786, 0.0689649160461, 4.53512311047
0.0721255625074, 0.266713781106, 0.40095363833, 0.58610324084, 0.379412740234, 0.412772070197, 0.753596751452, 0.44300789987, 0.657921990844, 0.897491716153, 0.151399112263, 0.978879014452, 0.417991865192, 0.688138625074, 0.560002024534, 0.5466287761, 0.0311589969439, 0.520699768864, 0.253239070393, 0.148247433195, 0.120254884842, 0.313879867246, 0.937076397452, 0.0563205959909, 0.27224947581, 0.781463695641, 0.976268946989, 0.500598120192, 0.101618821434, 0.0161993428075, 0.0721255625074, 4.48158629296
0.0721255625074, 0.266713781106, 0.40095363833, 0.58610324084, 0.379412740234, 0.412772070197, 0.753596751452, 0.44300789987, 0.657921990844, 0.897491716153, 0.151399112263, 0.978879014452, 0.417991865192, 0.688138625074, 0.560002024534, 0.5466287761, 0.0311589969439, 0.520699768864, 0.253239070393, 0.148247433195, 0.120254884842, 0.313879867246, 0.937076397452, 0.0563205959909, 0.27224947581, 0.781463695641, 0.976268946989, 0.500598120192, 0.101618821434, 0.0161993428075, 0.0721255625074, 4.48158629296
0.0125442242776, 0.76850401206, 0.32000928739, 0.726274937597, 0.121757767652, 0.54081457524, 0.909390495562, 0.950833787202, 0.467652158446, 0.572975792663, 0.471846324017, 0.286857979858, 0.076264301068, 0.922159544431, 0.327090039237, 0.400654323539, 0.00572078179663, 0.50268612312, 0.999731557137, 0.36262384011, 0.271195873351, 0.970583491433, 0.435891975577, 0.677786152696, 0.942515590983, 0.463123337068, 0.931342843165, 0.599580923941, 0.0650500763841, 0.312252595201, 0.0125442242776, 5.51101876511
0.0125442242776, 0.76850401206, 0.32000928739, 0.726274937597, 0.121757767652, 0.54081457524, 0.909390495562, 0.950833787202, 0.467652158446, 0.572975792663, 0.471846324017, 0.286857979858, 0.076264301068, 0.922159544431, 0.327090039237, 0.400654323539, 0.00572078179663, 0.50268612312, 0.999731557137, 0.36262384011, 0.271195873351, 0.970583491433, 0.435891975577, 0.677786152696, 0.942515590983, 0.463123337068, 0.931342843165, 0.599580923941, 0.0650500763841, 0.312252595201, 0.0125442242776, 5.51101876511
0.116629981376, 0.138765353407, 0.624634724382, 0.254491528395, 0.995473670353, 0.0280046150178, 0.203878544436, 0.156676491387, 0.996027251664, 0.91519250965, 0.797264327095, 0.0300135093166, 0.0583770341905, 0.213964691298, 0.217278155053, 0.225469015111, 0.258268466358, 0.902956422027, 0.569997922948, 0.273292312551, 0.453990691877, 0.937977256865, 0.234834444268, 0.0176962286849, 0.486878791029, 0.556239841865, 0.0015704882842, 0.00837285523751, 0.734281467639, 0.916453673529, 0.116629981376, 4.04145009252
0.116629981376, 0.138765353407, 0.624634724382, 0.254491528395, 0.995473670353, 0.0280046150178, 0.203878544436, 0.156676491387, 0.996027251664, 0.91519250965, 0.797264327095, 0.0300135093166, 0.0583770341905, 0.213964691298, 0.217278155053, 0.225469015111, 0.258268466358, 0.902956422027, 0.569997922948, 0.273292312551, 0.453990691877, 0.937977256865, 0.234834444268, 0.0176962286849, 0.486878791029, 0.556239841865, 0.0015704882842, 0.00837285523751, 0.734281467639, 0.916453673529, 0.116629981376, 4.04145009252
0.177784798307, 0.445595722489, 0.560227985807, 0.181309512934, 0.516687667775, 0.12890645546, 0.42209943765, 0.45469074521, 0.0837811851932, 0.221387653948, 0.0528885578475, 0.470499325031, 0.447603133947, 0.40519814428, 0.785017387473, 0.077096850879, 0.658106035703, 0.919911146741, 0.203699762434, 0.302256985893, 0.55640630355, 0.0660005664464, 0.787369558105, 0.187111140161, 0.0474251214012, 0.754012201684, 0.881751920448, 0.632793274085, 0.860181484799, 0.335025414709, 0.177784798307, 3.93250412038
0.177784798307, 0.445595722489, 0.560227985807, 0.181309512934, 0.516687667775, 0.12890645546, 0.42209943765, 0.45469074521, 0.0837811851932, 0.221387653948, 0.0528885578475, 0.470499325031, 0.447603133947, 0.40519814428, 0.785017387473, 0.077096850879, 0.658106035703, 0.919911146741, 0.203699762434, 0.302256985893, 0.55640630355, 0.0660005664464, 0.787369558105, 0.187111140161, 0.0474251214012, 0.754012201684, 0.881751920448, 0.632793274085, 0.860181484799, 0.335025414709, 0.177784798307, 3.93250412038
0.417714834895, 0.555165726029, 0.218612616621, 0.350789585215, 0.289089952129, 0.159612002638, 0.642701760608, 0.867802237553, 0.13348647103, 0.519559398361, 0.145914269625, 0.913971965382, 0.961455548657, 0.0046993798042, 0.792412120212, 0.22044994709, 0.105220040851, 0.0108750490835, 0.578758470466, 0.983704537555, 0.448103151483, 0.277072166072, 0.53271208322, 0.270499830271, 0.82595057554, 0.0384482467084, 0.266629038708, 0.0266151765254, 0.257053726036, 0.42562375674, 0.417714834895, 3.27263780687
0.417714834895, 0.555165726029, 0.218612616621, 0.350789585215, 0.289089952129, 0.159612002638, 0.642701760608, 0.867802237553, 0.13348647103, 0.519559398361, 0.145914269625, 0.913971965382, 0.961455548657, 0.0046993798042, 0.792412120212, 0.22044994709, 0.105220040851, 0.0108750490835, 0.578758470466, 0.983704537555, 0.448103151483, 0.277072166072, 0.53271208322, 0.270499830271, 0.82595057554, 0.0384482467084, 0.266629038708, 0.0266151765254, 0.257053726036, 0.42562375674, 0.417714834895, 3.27263780687
0.58299669187, 0.4344901292, 0.660975926272, 0.897895751149, 0.437875227984, 0.274239811751, 0.27883866426, 0.757219668103, 0.116722966208, 0.123959276287, 0.132293284883, 0.97845248314, 0.609326768419, 0.318677308775, 0.84820382866, 0.597031790903, 0.588891509331, 0.935841408599, 0.46034853093, 0.163692421117, 0.354543815964, 0.0304018906937, 0.00629785150995, 0.407195499012, 0.759702312611, 0.315272003539, 0.11868225763, 0.0307380191855, 0.242722429575, 0.0442581449101, 0.58299669187, 3.04533677632
0.58299669187, 0.4344901292, 0.660975926272, 0.897895751149, 0.437875227984, 0.274239811751, 0.27883866426, 0.757219668103, 0.116722966208, 0.123959276287, 0.132293284883, 0.97845248314, 0.609326768419, 0.318677308775, 0.84820382866, 0.597031790903, 0.588891509331, 0.935841408599, 0.46034853093, 0.163692421117, 0.354543815964, 0.0304018906937, 0.00629785150995, 0.407195499012, 0.759702312611, 0.315272003539, 0.11868225763, 0.0307380191855, 0.242722429575, 0.0442581449101, 0.58299669187, 3.04533677632
0.447146288836, 0.198236126121, 0.995398286256, 0.213050507054, 0.524584895893, 0.398816604587, 0.356102443753, 0.550187962637, 0.73992416698, 0.0231235670586, 0.643283471527, 0.442984052498, 0.812931208425, 0.374511008223, 0.177981995949, 0.139928738196, 0.524107702706, 0.502976992393, 0.121119260759, 0.194368210284, 0.600235155524, 0.190387256265, 0.885186116691, 0.52579547722, 0.567982358938, 0.295963970861, 0.0577638626575, 0.0912555615667, 0.000380156571681, 0.7948275303, 0.447146288836, 3.25587242259
0.447146288836, 0.198236126121, 0.995398286256, 0.213050507054, 0.524584895893, 0.398816604587, 0.356102443753, 0.550187962637, 0.73992416698, 0.0231235670586, 0.643283471527, 0.442984052498, 0.812931208425, 0.374511008223, 0.177981995949, 0.139928738196, 0.524107702706, 0.502976992393, 0.121119260759, 0.194368210284, 0.600235155524, 0.190387256265, 0.885186116691, 0.52579547722, 0.567982358938, 0.295963970861, 0.0577638626575, 0.0912555615667, 0.000380156571681, 0.7948275303, 0.447146288836, 3.25587242259
0.516555732327, 0.993314903955, 0.464406800572, 0.124470283957, 0.229157851779, 0.330253224936, 0.194121197346, 0.615195303069, 0.621135870296, 0.804747891597, 0.00806285323072, 0.00111039625918, 0.158921254123, 0.639284145649, 0.216937311557, 0.848951828712, 0.154269374178, 0.0943141622686, 0.174140665306, 0.211175568061, 0.807205500594, 0.609028577557, 0.236700857918, 0.28644695548, 0.764108992969, 0.580726040089, 0.474371588924, 0.690750189932, 0.0758299826379, 0.189505114047, 0.516555732327, 3.05817123139
0.516555732327, 0.993314903955, 0.464406800572, 0.124470283957, 0.229157851779, 0.330253224936, 0.194121197346, 0.615195303069, 0.621135870296, 0.804747891597, 0.00806285323072, 0.00111039625918, 0.158921254123, 0.639284145649, 0.216937311557, 0.848951828712, 0.154269374178, 0.0943141622686, 0.174140665306, 0.211175568061, 0.807205500594, 0.609028577557, 0.236700857918, 0.28644695548, 0.764108992969, 0.580726040089, 0.474371588924, 0.690750189932, 0.0758299826379, 0.189505114047, 0.516555732327, 3.05817123139
0.65736667544, 0.650098792613, 0.329211784951, 0.844545437664, 0.0813573604462, 0.718807324735, 0.86993335881, 0.0036987666326, 0.245021463384, 0.414607444763, 0.744398893219, 0.401157215476, 0.344445523079, 0.578808994368, 0.144284280203, 0.312467106247, 0.0317416627667, 0.762666775008, 0.432797826159, 0.298681540934, 0.196693771031, 0.443631372947, 0.815923676012, 0.100582963941, 0.0848231701688, 0.227272321568, 0.246348525547, 0.915437095041, 0.501026681627, 0.49369410436, 0.65736667544, 3.02106696355
0.65736667544, 0.650098792613, 0.329211784951, 0.844545437664, 0.0813573604462, 0.718807324735, 0.86993335881, 0.0036987666326, 0.245021463384, 0.414607444763, 0.744398893219, 0.401157215476, 0.344445523079, 0.578808994368, 0.144284280203, 0.312467106247, 0.0317416627667, 0.762666775008, 0.432797826159, 0.298681540934, 0.196693771031, 0.443631372947, 0.815923676012, 0.100582963941, 0.0848231701688, 0.227272321568, 0.246348525547, 0.915437095041, 0.501026681627, 0.49369410436, 0.65736667544, 3.02106696355
0.867653812344, 0.244116013971, 0.56529474282, 0.315110526732, 0.469624396663, 0.424353887699, 0.441035149293, 0.224894967502, 0.573059794844, 0.249187584338, 0.147056772079, 0.0193320269431, 0.522145588349, 0.338941197945, 0.659380064685, 0.310336055796, 0.00297492760271, 0.931574459827, 0.901543063144, 0.80223900519, 0.0694108973977, 0.644942956692, 0.44972937254, 0.739814196911, 0.133563166094, 0.399486445816, 0.313400276218, 0.0931148801041, 0.660510448681, 0.115394268225, 0.867653812344, 2.64148201576
0.867653812344, 0.244116013971, 0.56529474282, 0.315110526732, 0.469624396663, 0.424353887699, 0.441035149293, 0.224894967502, 0.573059794844, 0.249187584338, 0.147056772079, 0.0193320269431, 0.522145588349, 0.338941197945, 0.659380064685, 0.310336055796, 0.00297492760271, 0.931574459827, 0.901543063144, 0.80223900519, 0.0694108973977, 0.644942956692, 0.44972937254, 0.739814196911, 0.133563166094, 0.399486445816, 0.313400276218, 0.0931148801041, 0.660510448681, 0.115394268225, 0.867653812344, 2.64148201576
0.037268267097, 0.674966609127, 0.820134633595, 0.758968617461, 0.597345632162, 0.919377167677, 0.979160937568, 0.698511435334, 0.120063823181, 0.83410485138, 0.967692078939, 0.855752600882, 0.237744111649, 0.00963204478835, 0.890581169121, 0.421571769257, 0.120333912182, 0.953697912109, 0.715898797106, 0.928863451325, 0.182367468882, 0.415045335659, 0.827925947093, 0.0777061916901, 0.362939540176, 0.578390589775, 0.67005889, 0.159070396031, 0.618661178219, 0.97965212005, 0.037268267097, 5.90451949897
0.037268267097, 0.674966609127, 0.820134633595, 0.758968617461, 0.597345632162, 0.919377167677, 0.979160937568, 0.698511435334, 0.120063823181, 0.83410485138, 0.967692078939, 0.855752600882, 0.237744111649, 0.00963204478835, 0.890581169121, 0.421571769257, 0.120333912182, 0.953697912109, 0.715898797106, 0.928863451325, 0.182367468882, 0.415045335659, 0.827925947093, 0.0777061916901, 0.362939540176, 0.578390589775, 0.67005889, 0.159070396031, 0.618661178219, 0.97965212005, 0.037268267097, 5.90451949897
0.0689649160461, 0.355348266409, 0.265740743266, 0.608746997895, 0.654331383649, 0.812014120119, 0.230778518403, 0.997764191055, 0.250898835448, 0.593866316298, 0.927335556093, 0.64394423749, 0.0384287342996, 0.0137251655694, 0.267556290823, 0.290801673055, 0.17725720919, 0.848449388897, 0.132431160957, 0.127122903369, 0.445705352679, 0.26831445181, 0.974248011761, 0.829637590832, 0.478559428822, 0.72845626833, 0.717076157257, 0.0989941089035, 0.60206185609, 0.585945368786, 0.0689649160461, 4.72761192529
0.773093709453, 0.46933456434, 0.970675389625, 0.465750214542, 0.165153083894, 0.784006660384, 0.43100019741, 0.127344098273, 0.00521850895646, 0.113909525324, 0.37326258989, 0.950328309079, 0.771193857612, 0.857177085599, 0.671824500796, 0.651777656023, 0.49547874127, 0.229086222259, 0.593360464813, 0.541610417381, 0.00186934855129, 0.29465086679, 0.00215023347084, 0.0703802304446, 0.206526457396, 0.024894896509, 0.0260121801647, 0.408841121379, 0.512651823118, 0.688663743663, 0.773093709453, 2.78934007337
0.291962238881, 0.34272815608, 0.60002617525, 0.385447668411, 0.837218614287, 0.933288457264, 0.0577549296638, 0.603437501468, 0.60244092547, 0.0327354551087, 0.0835870199749, 0.16135035466, 0.342078440502, 0.501111976984, 0.856642291824, 0.0925199547298, 0.00205145063462, 0.00175985588457, 0.936188826191, 0.375333182152, 0.501355365763, 0.210986382885, 0.756346040391, 0.333253163313, 0.294788495072, 0.771970346274, 0.907517630895, 0.83048914548, 0.16726282315, 0.614221642677, 0.291962238881, 3.8592031775
0.420659303424, 0.90936555697, 0.0464391389597, 0.98934001543, 0.0626439371008, 0.480608232608, 0.984076718131, 0.313354020449, 0.526723686097, 0.468660501142, 0.441248259886, 0.0708787254845, 0.318815923536, 0.537989546583, 0.364468061508, 0.192961221901, 0.0574423325288, 0.270056544862, 0.5208164684, 0.490011175465, 0.798959551563, 0.443861897183, 0.612060182982, 0.767282073903, 0.171598031768, 0.554959001136, 0.0217449249062, 0.368822567959, 0.314855980146, 0.754668128315, 0.420659303424, 3.54065792013
0.773093709453, 0.46933456434, 0.970675389625, 0.465750214542, 0.165153083894, 0.784006660384, 0.43100019741, 0.127344098273, 0.00521850895646, 0.113909525324, 0.37326258989, 0.950328309079, 0.771193857612, 0.857177085599, 0.671824500796, 0.651777656023, 0.49547874127, 0.229086222259, 0.593360464813, 0.541610417381, 0.00186934855129, 0.29465086679, 0.00215023347084, 0.0703802304446, 0.206526457396, 0.024894896509, 0.0260121801647, 0.408841121379, 0.512651823118, 0.688663743663, 0.773093709453, 2.78934007337
0.420659303424, 0.90936555697, 0.0464391389597, 0.98934001543, 0.0626439371008, 0.480608232608, 0.984076718131, 0.313354020449, 0.526723686097, 0.468660501142, 0.441248259886, 0.0708787254845, 0.318815923536, 0.537989546583, 0.364468061508, 0.192961221901, 0.0574423325288, 0.270056544862, 0.5208164684, 0.490011175465, 0.798959551563, 0.443861897183, 0.612060182982, 0.767282073903, 0.171598031768, 0.554959001136, 0.0217449249062, 0.368822567959, 0.314855980146, 0.754668128315, 0.420659303424, 3.54065792013
0.597116705612, 0.34272815608, 0.530057310154, 0.385447668411, 0.837218614287, 0.933288457264, 0.346440089969, 0.603437501468, 0.60244092547, 0.0327354551087, 0.0835870199749, 0.16135035466, 0.342078440502, 0.501111976984, 0.753234908494, 0.0925199547298, 0.00135823095935, 0.00175985588457, 0.936188826191, 0.375333182152, 0.501355365763, 0.210986382885, 0.756346040391, 0.333253163313, 0.294788495072, 0.771970346274, 0.777341879836, 0.83048914548, 0.16726282315, 0.614221642677, 0.597116705612, 3.33157646016
0.177784798307, 0.445595722489, 0.560227985807, 0.181309512934, 0.516687667775, 0.32660844695, 0.42209943765, 0.45469074521, 0.0837811851932, 0.214451738199, 0.0528885578475, 0.470499325031, 0.447603133947, 0.40519814428, 0.785017387473, 0.077096850879, 0.658106035703, 0.919911146741, 0.203699762434, 0.302256985893, 0.55640630355, 0.0660005664464, 0.869033677305, 0.187111140161, 0.278097541887, 0.754012201684, 0.881751920448, 0.632793274085, 0.860181484799, 0.335025414709, 0.177784798307, 4.07382943909
0.672406207946, 0.424419164028, 0.236211294018, 0.862813042929, 0.192424165181, 0.869152870863, 0.42739209081, 0.0559105399669, 0.42078593581, 0.281449004664, 0.131531501415, 0.251751653111, 0.330535281547, 0.00384996609626, 0.664743621228, 0.755755245329, 0.0819694234474, 0.852996340282, 0.139137964548, 0.54261958469, 0.258226120193, 0.755771217661, 0.0998323725593, 0.830975824721, 0.58531208087, 0.760363586563, 0.814048987636, 0.671587874483, 0.0060530860867, 0.537515567858, 0.672406207946, 3.1553285834
0.672406207946, 0.424419164028, 0.236211294018, 0.862813042929, 0.192424165181, 0.869152870863, 0.42739209081, 0.0559105399669, 0.42078593581, 0.281449004664, 0.131531501415, 0.251751653111, 0.330535281547, 0.00384996609626, 0.664743621228, 0.755755245329, 0.0819694234474, 0.852996340282, 0.139137964548, 0.54261958469, 0.258226120193, 0.755771217661, 0.0998323725593, 0.830975824721, 0.58531208087, 0.760363586563, 0.814048987636, 0.671587874483, 0.0060530860867, 0.537515567858, 0.672406207946, 3.1553285834
0.290282077734, 0.73087097529, 0.754048146107, 0.0151517839606, 0.909178004144, 0.918449776036, 0.378528941829, 0.281132269482, 0.400256961249, 0.341683337151, 0.637038795743, 0.263924396691, 0.46458876244, 0.382222039659, 0.294620992175, 0.436825246592, 0.269187610216, 0.130452119885, 0.654700529343, 0.643224537781, 0.0436921554155, 0.34053427914, 0.0901115160077, 0.200283985437, 0.84338641434, 0.566415873111, 0.594999815753, 0.0683293457429, 0.97160564441, 0.880762864073, 0.290282077734, 3.96397284013
0.116629981376, 0.138765353407, 0.624634724382, 0.254491528395, 0.995473670353, 0.0280046150178, 0.700519549042, 0.156676491387, 0.996027251664, 0.91519250965, 0.797264327095, 0.0277246996621, 0.0583770341905, 0.213964691298, 0.217278155053, 0.7978369025, 0.258268466358, 0.902956422027, 0.569997922948, 0.273292312551, 0.519641079049, 0.937977256865, 0.234834444268, 0.0176962286849, 0.486878791029, 0.556239841865, 0.0015704882842, 0.0023858894617, 0.734281467639, 0.916453673529, 0.116629981376, 4.36422101311
0.520894153339, 0.482992304792, 0.198407166642, 0.154987713757, 0.634589174063, 0.127032794037, 0.687851166856, 0.158915777868, 0.167099855388, 0.466046062875, 0.142765578321, 0.25857894746, 0.346785977392, 0.346273559812, 0.813780915925, 0.563224563094, 0.601365628681, 0.891182326389, 0.53827621323, 0.0583552114717, 0.445935308624, 0.382520182641, 0.76285316518, 0.695044934337, 0.0118636600903, 0.311567363962, 0.918977436802, 0.711137865568, 0.563372581145, 0.299782856297, 0.520894153339, 3.34783745357
0.291962238881, 0.34272815608, 0.60002617525, 0.385447668411, 0.837218614287, 0.933288457264, 0.0577549296638, 0.603437501468, 0.60244092547, 0.0327354551087, 0.0835870199749, 0.16135035466, 0.342078440502, 0.501111976984, 0.856642291824, 0.0925199547298, 0.00205145063462, 0.00175985588457, 0.936188826191, 0.375333182152, 0.501355365763, 0.210986382885, 0.756346040391, 0.333253163313, 0.294788495072, 0.771970346274, 0.907517630895, 0.83048914548, 0.16726282315, 0.614221642677, 0.291962238881, 3.8592031775
0.0721255625074, 0.232673692586, 0.40095363833, 0.58610324084, 0.647008138147, 0.412772070197, 0.753596751452, 0.44300789987, 0.657921990844, 0.897491716153, 0.151399112263, 0.978879014452, 0.0282375257756, 0.688138625074, 0.560002024534, 0.601610619815, 0.0311589969439, 0.520699768864, 0.253239070393, 0.281381298718, 0.120254884842, 0.313879867246, 0.91237426918, 0.0563205959909, 0.27224947581, 0.781463695641, 0.976268946989, 0.500598120192, 0.101618821434, 0.0161993428075, 0.0721255625074, 4.48369200825
0.22482832596, 0.0224488810751, 0.26270658188, 0.806880660083, 0.475084490192, 0.92619996689, 0.182399133138, 0.200093735207, 0.391361756144, 0.0177814565345, 0.350550910114, 0.519985128098, 0.18313483009, 0.755150504874, 0.925152639657, 0.32805427371, 0.0608096723452, 0.513241547666, 0.240011403289, 0.965490336895, 0.571547742318, 0.783041999252, 0.744906823823, 0.221091300665, 0.750857959474, 0.389676595627, 0.206094126799, 0.386966273183, 0.530347943517, 0.407449784746, 0.22482832596, 4.00347978531
0.177784798307, 0.445595722489, 0.560227985807, 0.181309512934, 0.516687667775, 0.32660844695, 0.42209943765, 0.45469074521, 0.0837811851932, 0.214451738199, 0.0528885578475, 0.470499325031, 0.447603133947, 0.40519814428, 0.785017387473, 0.077096850879, 0.658106035703, 0.919911146741, 0.203699762434, 0.302256985893, 0.55640630355, 0.0660005664464, 0.869033677305, 0.187111140161, 0.278097541887, 0.754012201684, 0.881751920448, 0.632793274085, 0.860181484799, 0.335025414709, 0.177784798307, 4.07382943909
0.472370034633, 0.262762943645, 0.240161653882, 0.855887906289, 0.461891019139, 0.675988908664, 0.63630782039, 0.291436857366, 0.514089453165, 0.176926409381, 0.36317990078, 0.96074681916, 0.69920532497, 0.806475735154, 0.109850704785, 0.594623015859, 0.311559992883, 0.223934828759, 0.524693172143, 0.85958087226, 0.0870174972758, 0.611286104751, 0.445328838275, 0.0556176033829, 0.096435607181, 0.276097105327, 0.573950754187, 0.124994730706, 0.431275044948, 0.563768757209, 0.472370034633, 3.44903681399
0.597116705612, 0.34272815608, 0.530057310154, 0.385447668411, 0.837218614287, 0.933288457264, 0.346440089969, 0.603437501468, 0.60244092547, 0.0327354551087, 0.0835870199749, 0.16135035466, 0.342078440502, 0.501111976984, 0.753234908494, 0.0925199547298, 0.00135823095935, 0.00175985588457, 0.936188826191, 0.375333182152, 0.501355365763, 0.210986382885, 0.756346040391, 0.333253163313, 0.294788495072, 0.771970346274, 0.777341879836, 0.83048914548, 0.16726282315, 0.614221642677, 0.597116705612, 3.33157646016
0.658986256448, 0.67386836649, 0.0465370551397, 0.0554349454153, 0.502962716072, 0.107775332971, 0.728432585932, 0.504645013197, 0.895192979992, 0.608670845625, 0.699313828485, 0.80030990688, 0.134445918958, 0.267959245454, 0.192900093092, 0.426363743091, 0.536148867825, 0.286234300373, 0.612484913046, 0.77799488597, 0.626226625941, 0.533562434048, 0.297530155399, 0.00266933938774, 0.165663257681, 0.270263497307, 0.219074681535, 0.333037386812, 0.961424294728, 0.559643087895, 0.658986256448, 3.16903000559
0.116629981376, 0.138765353407, 0.624634724382, 0.254491528395, 0.995473670353, 0.0280046150178, 0.700519549042, 0.156676491387, 0.996027251664, 0.91519250965, 0.797264327095, 0.0277246996621, 0.0583770341905, 0.213964691298, 0.217278155053, 0.7978369025, 0.258268466358, 0.902956422027, 0.569997922948, 0.273292312551, 0.519641079049, 0.937977256865, 0.234834444268, 0.0176962286849, 0.486878791029, 0.556239841865, 0.0015704882842, 0.0023858894617, 0.734281467639, 0.916453673529, 0.116629981376, 4.36422101311
0.472370034633, 0.262762943645, 0.240161653882, 0.855887906289, 0.461891019139, 0.675988908664, 0.63630782039, 0.291436857366, 0.514089453165, 0.176926409381, 0.36317990078, 0.96074681916, 0.69920532497, 0.806475735154, 0.109850704785, 0.594623015859, 0.311559992883, 0.223934828759, 0.524693172143, 0.85958087226, 0.0870174972758, 0.611286104751, 0.445328838275, 0.0556176033829, 0.096435607181, 0.276097105327, 0.573950754187, 0.124994730706, 0.431275044948, 0.563768757209, 0.472370034633, 3.44903681399
0.658986256448, 0.67386836649, 0.0465370551397, 0.0554349454153, 0.502962716072, 0.107775332971, 0.728432585932, 0.504645013197, 0.895192979992, 0.608670845625, 0.699313828485, 0.80030990688, 0.134445918958, 0.267959245454, 0.192900093092, 0.426363743091, 0.536148867825, 0.286234300373, 0.612484913046, 0.77799488597, 0.626226625941, 0.533562434048, 0.297530155399, 0.00266933938774, 0.165663257681, 0.270263497307, 0.219074681535, 0.333037386812, 0.961424294728, 0.559643087895, 0.658986256448, 3.16903000559
0.22012467069, 0.939289806951, 0.657568762693, 0.227205521361, 0.02532156325, 0.315268827997, 0.446072066718, 0.171328945049, 0.61084641529, 0.163217357894, 0.539843890904, 0.0957185863663, 0.999016741031, 0.831447175025, 0.116882877156, 0.167884396678, 0.170327659323, 0.289161723553, 0.121764908649, 0.818873656041, 0.752815866744, 0.596681392971, 0.0348752599757, 0.0312108887117, 0.740200061505, 0.764142027228, 0.840375360738, 0.227968551622, 0.916792074015, 0.589922787532, 0.22012467069, 4.03792806985
0.0689649160461, 0.355348266409, 0.265740743266, 0.608746997895, 0.654331383649, 0.812014120119, 0.230778518403, 0.997764191055, 0.250898835448, 0.593866316298, 0.927335556093, 0.64394423749, 0.0384287342996, 0.0137251655694, 0.267556290823, 0.290801673055, 0.17725720919, 0.848449388897, 0.132431160957, 0.127122903369, 0.445705352679, 0.26831445181, 0.974248011761, 0.829637590832, 0.478559428822, 0.72845626833, 0.717076157257, 0.0989941089035, 0.60206185609, 0.585945368786, 0.0689649160461, 4.72761192529
0.510936480251, 0.884447411354, 0.0660616348948, 0.146588619265, 0.251191139891, 0.552151132284, 0.890278494047, 0.0942462102889, 0.257902836605, 0.490740446511, 0.26644554997, 0.169077431684, 0.590751466862, 0.0274018863148, 0.758903167543, 0.462417442387, 0.916485311363, 0.494841394158, 0.180325762906, 0.441631102707, 0.557909353979, 0.45702955234, 0.157487901983, 0.304610479247, 0.914675680222, 0.046133133766, 0.552088524199, 0.181305535343, 0.943679635848, 0.754011438603, 0.510936480251, 3.3813114518
0.0697926597252, 0.500352305636, 0.324919514302, 0.57558671692, 0.491888727132, 0.641564757755, 0.945998579683, 0.887410271868, 0.957888391448, 0.973495827276, 0.453175411909, 0.566757955629, 0.023490689247, 0.855378652627, 0.514065898398, 0.430242282676, 0.0764691035647, 0.620523989005, 0.309437862248, 0.110069010575, 0.0770003855759, 0.408511151944, 0.407641216409, 0.47299600148, 0.121720166844, 0.221860698223, 0.0772830151218, 0.724202797961, 0.219540937763, 0.738594142763, 0.0697926597252, 4.65451387211
0.104909135672, 0.317086018321, 0.138032365484, 0.427985501833, 0.803052057665, 0.663197937078, 0.474553570893, 0.35242214337, 0.877129427908, 0.405886550445, 0.137299452693, 0.690476295839, 0.113308275475, 0.47498391863, 0.41832193676, 0.981507367007, 0.161091182771, 0.724398979096, 0.318804258098, 0.159487668913, 0.81759898459, 0.127660282313, 0.464617913243, 0.060149707938, 0.945278396153, 0.363801159811, 0.497599152995, 0.364155353679, 0.379545032311, 0.586202492314, 0.104909135672, 4.37848394839
0.104909135672, 0.317086018321, 0.138032365484, 0.427985501833, 0.803052057665, 0.663197937078, 0.474553570893, 0.35242214337, 0.877129427908, 0.405886550445, 0.137299452693, 0.690476295839, 0.113308275475, 0.47498391863, 0.41832193676, 0.981507367007, 0.161091182771, 0.724398979096, 0.318804258098, 0.159487668913, 0.81759898459, 0.127660282313, 0.464617913243, 0.060149707938, 0.945278396153, 0.363801159811, 0.497599152995, 0.364155353679, 0.379545032311, 0.586202492314, 0.104909135672, 4.37848394839
0.0721255625074, 0.232673692586, 0.40095363833, 0.58610324084, 0.647008138147, 0.412772070197, 0.753596751452, 0.44300789987, 0.657921990844, 0.897491716153, 0.151399112263, 0.978879014452, 0.0282375257756, 0.688138625074, 0.560002024534, 0.601610619815, 0.0311589969439, 0.520699768864, 0.253239070393, 0.281381298718, 0.120254884842, 0.313879867246, 0.91237426918, 0.0563205959909, 0.27224947581, 0.781463695641, 0.976268946989, 0.500598120192, 0.101618821434, 0.0161993428075, 0.0721255625074, 4.48369200825
0.510936480251, 0.884447411354, 0.0660616348948, 0.146588619265, 0.251191139891, 0.552151132284, 0.890278494047, 0.0942462102889, 0.257902836605, 0.490740446511, 0.26644554997, 0.169077431684, 0.590751466862, 0.0274018863148, 0.758903167543, 0.462417442387, 0.916485311363, 0.494841394158, 0.180325762906, 0.441631102707, 0.557909353979, 0.45702955234, 0.157487901983, 0.304610479247, 0.914675680222, 0.046133133766, 0.552088524199, 0.181305535343, 0.943679635848, 0.754011438603, 0.510936480251, 3.3813114518
0.0697926597252, 0.500352305636, 0.324919514302, 0.57558671692, 0.491888727132, 0.641564757755, 0.945998579683, 0.887410271868, 0.957888391448, 0.973495827276, 0.453175411909, 0.566757955629, 0.023490689247, 0.855378652627, 0.514065898398, 0.430242282676, 0.0764691035647, 0.620523989005, 0.309437862248, 0.110069010575, 0.0770003855759, 0.408511151944, 0.407641216409, 0.47299600148, 0.121720166844, 0.221860698223, 0.0772830151218, 0.724202797961, 0.219540937763, 0.738594142763, 0.0697926597252, 4.65451387211
0.22482832596, 0.0224488810751, 0.26270658188, 0.806880660083, 0.475084490192, 0.92619996689, 0.182399133138, 0.200093735207, 0.391361756144, 0.0177814565345, 0.350550910114, 0.519985128098, 0.18313483009, 0.755150504874, 0.925152639657, 0.32805427371, 0.0608096723452, 0.513241547666, 0.240011403289, 0.965490336895, 0.571547742318, 0.783041999252, 0.744906823823, 0.221091300665, 0.750857959474, 0.389676595627, 0.206094126799, 0.386966273183, 0.530347943517, 0.407449784746, 0.22482832596, 4.00347978531
0.520894153339, 0.482992304792, 0.198407166642, 0.154987713757, 0.634589174063, 0.127032794037, 0.687851166856, 0.158915777868, 0.167099855388, 0.466046062875, 0.142765578321, 0.25857894746, 0.346785977392, 0.346273559812, 0.813780915925, 0.563224563094, 0.601365628681, 0.891182326389, 0.53827621323, 0.0583552114717, 0.445935308624, 0.382520182641, 0.76285316518, 0.695044934337, 0.0118636600903, 0.311567363962, 0.918977436802, 0.711137865568, 0.563372581145, 0.299782856297, 0.520894153339, 3.34783745357
