0.86728810901, 1.11706704439, 7.9786417951, 0.346933849538, 24.7786039339, 44.8166172693, 2.55629302269, 0.509467647948, 34.856806842, 1455.46423795, 0.532549872251, 0.0
0.86728810901, 1.11706704439, 7.9786417951, 0.346933849538, 24.7786039339, 44.8166172693, 2.55629302269, 0.509467647948, 34.856806842, 1455.46423795, 0.532549872251, 0.0
0.570067010988, 1.09440603503, 3.56605614824, 0.295565507036, 21.9323772056, 44.1303970662, 3.2187886668, 0.700591006814, 38.3694002771, 775.827621585, 0.551960452798, 0.0284090909091
0.570067010988, 1.09440603503, 3.56605614824, 0.295565507036, 21.9323772056, 44.1303970662, 3.2187886668, 0.700591006814, 38.3694002771, 775.827621585, 0.551960452798, 0.0284090909091
0.505892990911, 1.11318691149, 5.32107151306, 0.405576895248, 49.3345050091, 40.730765788, 2.84305579781, 1.40081377102, 42.1455816397, 897.756374105, 0.469795003483, 0.563636363636
0.505892990911, 1.11318691149, 5.32107151306, 0.405576895248, 49.3345050091, 40.730765788, 2.84305579781, 1.40081377102, 42.1455816397, 897.756374105, 0.469795003483, 0.563636363636
0.682980243292, 0.877298597893, 2.11350100264, 0.494611385481, 37.0118638401, 44.4954894856, 3.52910937332, 3.49758642928, 43.9053102181, 383.654322131, 0.541074067024, 0.0807291666667
0.682980243292, 0.877298597893, 2.11350100264, 0.494611385481, 37.0118638401, 44.4954894856, 3.52910937332, 3.49758642928, 43.9053102181, 383.654322131, 0.541074067024, 0.0807291666667
0.665149113071, 0.883571155696, 2.19917024194, 0.476338976712, 33.9311121547, 40.1830742798, 3.81756969735, 1.6913188988, 31.3135827875, 373.258939829, 0.519080972002, 0.157303370787
0.665149113071, 0.883571155696, 2.19917024194, 0.476338976712, 33.9311121547, 40.1830742798, 3.81756969735, 1.6913188988, 31.3135827875, 373.258939829, 0.519080972002, 0.157303370787
0.583309097488, 1.12507175476, 4.38604850041, 0.455546282234, 6.9823958705, 40.7443184604, 2.02209154996, 3.55315255797, 41.4839217869, 974.105108195, 0.564036055373, 0.027397260274
0.583309097488, 1.12507175476, 4.38604850041, 0.455546282234, 6.9823958705, 40.7443184604, 2.02209154996, 3.55315255797, 41.4839217869, 974.105108195, 0.564036055373, 0.027397260274
0.607259754653, 1.21292721014, 4.07104573787, 0.492252966378, 40.4926365853, 43.9586332685, 3.64748596563, 4.49583886939, 38.973640368, 1020.16864096, 0.537256215844, 0.0
0.607259754653, 1.21292721014, 4.07104573787, 0.492252966378, 40.4926365853, 43.9586332685, 3.64748596563, 4.49583886939, 38.973640368, 1020.16864096, 0.537256215844, 0.0
0.636378812297, 0.978043444586, 2.16466367914, 0.473876623976, 47.3250888082, 45.489042573, 2.56565857983, 2.56117715941, 22.6608856655, 275.207195791, 0.555014662, 0.242603550296
0.636378812297, 0.978043444586, 2.16466367914, 0.473876623976, 47.3250888082, 45.489042573, 2.56565857983, 2.56117715941, 22.6608856655, 275.207195791, 0.555014662, 0.242603550296
0.731155549201, 1.16449877144, 3.07366221819, 0.412966913652, 3.64104832528, 41.8524700714, 3.86001264608, 0.892876911823, 24.5739799264, 649.484835234, 0.565868600106, 0.0135593220339
0.731155549201, 1.16449877144, 3.07366221819, 0.412966913652, 3.64104832528, 41.8524700714, 3.86001264608, 0.892876911823, 24.5739799264, 649.484835234, 0.565868600106, 0.0135593220339
0.529773813351, 1.06479011748, 7.10122648847, 0.283948880961, 48.9579590354, 41.4536089142, 3.3477178102, 2.0507024284, 23.1087850052, 1386.51800242, 0.534019921244, 0.0518731988473
0.529773813351, 1.06479011748, 7.10122648847, 0.283948880961, 48.9579590354, 41.4536089142, 3.3477178102, 2.0507024284, 23.1087850052, 1386.51800242, 0.534019921244, 0.0518731988473
0.683057347151, 1.04237078009, 2.35385592792, 0.336939025515, 15.825486762, 46.5411085574, 3.50660538155, 3.52136723207, 35.1695976633, 466.884547701, 0.530284940172, 0.15667311412
0.683057347151, 1.04237078009, 2.35385592792, 0.336939025515, 15.825486762, 46.5411085574, 3.50660538155, 3.52136723207, 35.1695976633, 466.884547701, 0.530284940172, 0.15667311412
0.537999125042, 0.867158228596, 3.63029692982, 0.412870137011, 37.59333946, 49.2533367422, 3.29487136805, 1.53836788107, 24.2629348481, 512.615908493, 0.478546953748, 0.264478764479
0.537999125042, 0.867158228596, 3.63029692982, 0.412870137011, 37.59333946, 49.2533367422, 3.29487136805, 1.53836788107, 24.2629348481, 512.615908493, 0.478546953748, 0.264478764479
0.776034810509, 0.90573639592, 3.96983750572, 0.328229974261, 30.9850446307, 43.1023509981, 2.38401509387, 4.89608259834, 34.3093578632, 487.477272769, 0.604243317969, 0.0
0.776034810509, 0.90573639592, 3.96983750572, 0.328229974261, 30.9850446307, 43.1023509981, 2.38401509387, 4.89608259834, 34.3093578632, 487.477272769, 0.604243317969, 0.0
0.547742018773, 1.03746715441, 7.07347776187, 0.263665527908, 14.143510521, 47.7675960914, 2.22441294305, 0.377215784289, 32.484926758, 1064.41236024, 0.532231579584, 0.0647482014388
0.547742018773, 1.03746715441, 7.07347776187, 0.263665527908, 14.143510521, 47.7675960914, 2.22441294305, 0.377215784289, 32.484926758, 1064.41236024, 0.532231579584, 0.0647482014388
0.869313436203, 1.12045262013, 7.56080556467, 0.211445076135, 37.3654383752, 41.4354821333, 3.12355588254, 1.1520092191, 36.2584715943, 1789.51092826, 0.440326919397, 0.619453924915
0.869313436203, 1.12045262013, 7.56080556467, 0.211445076135, 37.3654383752, 41.4354821333, 3.12355588254, 1.1520092191, 36.2584715943, 1789.51092826, 0.440326919397, 0.619453924915
0.832194028603, 1.07553178627, 2.86440398286, 0.27188562418, 26.066537633, 41.5451547788, 2.8078382064, 2.19327758175, 28.9899302957, 372.072161664, 0.574350643481, 0.146341463415
0.832194028603, 1.07553178627, 2.86440398286, 0.27188562418, 26.066537633, 41.5451547788, 2.8078382064, 2.19327758175, 28.9899302957, 372.072161664, 0.574350643481, 0.146341463415
0.827929761374, 1.12007412556, 4.84084049168, 0.428584323309, 48.0045193037, 42.7242525519, 3.23359408489, 3.2819682483, 30.3865558225, 958.488326033, 0.578991194321, 0.00890207715134
0.827929761374, 1.12007412556, 4.84084049168, 0.428584323309, 48.0045193037, 42.7242525519, 3.23359408489, 3.2819682483, 30.3865558225, 958.488326033, 0.578991194321, 0.00890207715134
0.899640406771, 1.10733166788, 3.23737584564, 0.331034322101, 49.5539671942, 46.876360829, 2.43585833181, 0.306698872687, 28.1251635155, 493.703501884, 0.587683036701, 0.020202020202
0.899640406771, 1.10733166788, 3.23737584564, 0.331034322101, 49.5539671942, 46.876360829, 2.43585833181, 0.306698872687, 28.1251635155, 493.703501884, 0.587683036701, 0.020202020202
0.60090568897, 1.12653176123, 7.01288371391, 0.291427590966, 10.6345760026, 48.9334543523, 2.53509579696, 1.1536147275, 28.807102922, 1328.42592625, 0.441824855028, 0.565693430657
0.60090568897, 1.12653176123, 7.01288371391, 0.291427590966, 10.6345760026, 48.9334543523, 2.53509579696, 1.1536147275, 28.807102922, 1328.42592625, 0.441824855028, 0.565693430657
0.512205042934, 1.03891187028, 3.5931169873, 0.204448529074, 4.24165054239, 48.6812075403, 2.52778672271, 2.18136374469, 38.0490452369, 556.641720064, 0.506851881156, 0.115942028986
0.512205042934, 1.03891187028, 3.5931169873, 0.204448529074, 4.24165054239, 48.6812075403, 2.52778672271, 2.18136374469, 38.0490452369, 556.641720064, 0.506851881156, 0.115942028986
0.829871912248, 1.01102171601, 6.96081860894, 0.392559085299, 10.6173114693, 47.1607899863, 2.98750969487, 1.11484064157, 38.2621056217, 1127.35550837, 0.459246716429, 0.474885844749
0.829871912248, 1.01102171601, 6.96081860894, 0.392559085299, 10.6173114693, 47.1607899863, 2.98750969487, 1.11484064157, 38.2621056217, 1127.35550837, 0.459246716429, 0.474885844749
0.519251249582, 0.8458575851, 2.12748836388, 0.333330509513, 41.164370495, 49.0164360738, 3.29695450496, 0.850816726141, 41.8066537902, 387.568516174, 0.560926565968, 0.086859688196
0.519251249582, 0.8458575851, 2.12748836388, 0.333330509513, 41.164370495, 49.0164360738, 3.29695450496, 0.850816726141, 41.8066537902, 387.568516174, 0.560926565968, 0.086859688196
0.539659869635, 1.0237325038, 2.53349109607, 0.284073601242, 12.4258089505, 49.9626640344, 2.09251120947, 0.686831144278, 33.0370516852, 415.866247981, 0.552487445404, 0.254777070064
0.539659869635, 1.0237325038, 2.53349109607, 0.284073601242, 12.4258089505, 49.9626640344, 2.09251120947, 0.686831144278, 33.0370516852, 415.866247981, 0.552487445404, 0.254777070064
0.785313893699, 1.10072035581, 2.18883617357, 0.323373478201, 6.62161075774, 45.7816428928, 2.75927808374, 3.82652400844, 36.6406231777, 349.817439054, 0.564294228234, 0.382775119617
0.785313893699, 1.10072035581, 2.18883617357, 0.323373478201, 6.62161075774, 45.7816428928, 2.75927808374, 3.82652400844, 36.6406231777, 349.817439054, 0.564294228234, 0.382775119617
0.705589384799, 0.985771110041, 3.89677719897, 0.403071835369, 10.9895538442, 43.6808390786, 2.80384406726, 1.79823043647, 37.7174959626, 518.825522689, 0.48564362277, 0.422594142259
0.705589384799, 0.985771110041, 3.89677719897, 0.403071835369, 10.9895538442, 43.6808390786, 2.80384406726, 1.79823043647, 37.7174959626, 518.825522689, 0.48564362277, 0.422594142259
0.550638138793, 1.02945576182, 6.55156571324, 0.450958018127, 49.9997541306, 45.2025557267, 2.30375575999, 1.26493877448, 28.6577206696, 1097.96020916, 0.495717753599, 0.26618705036
0.550638138793, 1.02945576182, 6.55156571324, 0.450958018127, 49.9997541306, 45.2025557267, 2.30375575999, 1.26493877448, 28.6577206696, 1097.96020916, 0.495717753599, 0.26618705036
0.538071178722, 1.09639900281, 7.80361037745, 0.275397121714, 42.6444073665, 46.3948071617, 2.28214470255, 2.55486816933, 23.9836142676, 1377.38942395, 0.536418498856, 0.114285714286
0.538071178722, 1.09639900281, 7.80361037745, 0.275397121714, 42.6444073665, 46.3948071617, 2.28214470255, 2.55486816933, 23.9836142676, 1377.38942395, 0.536418498856, 0.114285714286
0.552802373767, 0.944739818158, 5.32292125585, 0.204344388065, 0.797250239521, 48.8457587637, 2.61476900592, 2.25628964881, 26.8389374537, 686.63921326, 0.60847873948, 0.0865384615385
0.552802373767, 0.944739818158, 5.32292125585, 0.204344388065, 0.797250239521, 48.8457587637, 2.61476900592, 2.25628964881, 26.8389374537, 686.63921326, 0.60847873948, 0.0865384615385
0.80071775184, 1.08319013851, 3.61297018252, 0.321191698073, 21.3052097288, 45.087502966, 3.59726573445, 0.26890887489, 37.19809688, 796.85444994, 0.588165550573, 0.0275229357798
0.80071775184, 1.08319013851, 3.61297018252, 0.321191698073, 21.3052097288, 45.087502966, 3.59726573445, 0.26890887489, 37.19809688, 796.85444994, 0.588165550573, 0.0275229357798
0.645166283629, 1.12229364723, 7.33855990186, 0.208294764263, 27.5461519181, 47.9574488081, 3.20718859315, 1.36508544835, 40.7956653451, 1908.40501885, 0.452794902625, 0.603929679421
0.645166283629, 1.12229364723, 7.33855990186, 0.208294764263, 27.5461519181, 47.9574488081, 3.20718859315, 1.36508544835, 40.7956653451, 1908.40501885, 0.452794902625, 0.603929679421
0.740291876409, 1.24656039541, 3.31587509329, 0.261541783707, 48.5092066053, 46.4041769773, 2.62560918794, 1.68884494687, 28.8167912189, 716.53366615, 0.539657164568, 0.154471544715
0.740291876409, 1.24656039541, 3.31587509329, 0.261541783707, 48.5092066053, 46.4041769773, 2.62560918794, 1.68884494687, 28.8167912189, 716.53366615, 0.539657164568, 0.154471544715
0.806367008839, 0.820957199703, 6.93148225577, 0.296209513085, 31.0840657765, 48.2978357205, 2.91931359267, 2.9790461243, 32.3451004783, 584.302234272, 0.535940671265, 0.410071942446
0.806367008839, 0.820957199703, 6.93148225577, 0.296209513085, 31.0840657765, 48.2978357205, 2.91931359267, 2.9790461243, 32.3451004783, 584.302234272, 0.535940671265, 0.410071942446
0.655133748599, 1.00948044754, 5.77030852676, 0.255772580598, 29.7282141948, 41.9597177747, 2.88646637208, 0.219280130633, 23.661321201, 866.627598856, 0.558669471412, 0.135338345865
0.655133748599, 1.00948044754, 5.77030852676, 0.255772580598, 29.7282141948, 41.9597177747, 2.88646637208, 0.219280130633, 23.661321201, 866.627598856, 0.558669471412, 0.135338345865
0.553614009855, 0.986317997534, 6.11744255869, 0.41203442161, 38.085563782, 41.069450733, 2.37777146335, 3.79369317872, 22.7814021844, 853.116114386, 0.509097322987, 0.174242424242
0.553614009855, 0.986317997534, 6.11744255869, 0.41203442161, 38.085563782, 41.069450733, 2.37777146335, 3.79369317872, 22.7814021844, 853.116114386, 0.509097322987, 0.174242424242
0.897084893063, 0.990965831339, 2.17890443204, 0.499852237515, 9.33384176235, 46.8655357316, 3.30440957936, 3.60402981426, 39.860440897, 410.568273291, 0.569561804344, 0.308166409861
0.869145010644, 0.893532279847, 3.35919195419, 0.273939241009, 25.2778024972, 46.6466940348, 3.46001016057, 0.127087313202, 34.8407215158, 555.382056627, 0.642525352635, 0.278571428571
0.806236879659, 1.15817096551, 7.88191829022, 0.256078120842, 44.0500809559, 41.939402818, 2.69055006481, 1.92214696142, 38.2073284442, 1440.13472076, 0.488387490663, 0.43949044586
0.63032453165, 1.14327488382, 7.4847391064, 0.267830511332, 37.6211868193, 46.8796851016, 3.2261816431, 4.54892415892, 27.6490051302, 1869.89530941, 0.588413294325, 0.0291777188329
0.639830606706, 0.972207577374, 5.2322564804, 0.344492397559, 3.55745096871, 41.5450657355, 2.45361268918, 3.43330851647, 25.5028531568, 961.611969086, 0.548977234652, 0.599137931034
0.532590313058, 1.23356512544, 7.7684121275, 0.418028251595, 27.5275764706, 44.7444487464, 3.55261138011, 4.61588747978, 25.9557463739, 1987.90465377, 0.553435889243, 0.196147110333
0.806236879659, 1.15817096551, 7.88191829022, 0.256078120842, 44.0500809559, 41.939402818, 2.69055006481, 1.92214696142, 38.2073284442, 1440.13472076, 0.488387490663, 0.43949044586
0.531642676286, 1.21261458283, 4.29476333462, 0.373511436693, 36.4885358008, 47.4850708263, 3.88041122625, 2.38179521228, 40.6924367492, 1143.2435979, 0.541090220352, 0.422843256379
0.897084893063, 0.990965831339, 2.17890443204, 0.499852237515, 9.33384176235, 46.8655357316, 3.30440957936, 3.60402981426, 39.860440897, 410.568273291, 0.569561804344, 0.308166409861
0.869145010644, 0.893532279847, 3.35919195419, 0.273939241009, 25.2778024972, 46.6466940348, 3.46001016057, 0.127087313202, 34.8407215158, 555.382056627, 0.642525352635, 0.278571428571
0.639830606706, 0.972207577374, 5.2322564804, 0.344492397559, 3.55745096871, 41.5450657355, 2.45361268918, 3.43330851647, 25.5028531568, 961.611969086, 0.548977234652, 0.599137931034
0.760447631045, 1.14381166992, 7.25134907943, 0.458245350752, 16.6199568199, 48.4883783687, 3.4740999926, 3.90113960223, 28.3996769891, 1695.93917925, 0.600731216752, 0.0720221606648
0.575383261909, 0.92670196806, 3.09287964422, 0.359479044146, 49.9554860249, 45.7004502242, 3.1751227879, 0.995818936752, 41.1882808129, 536.09698217, 0.612372896284, 0.283880171184
0.567862975902, 0.905588282027, 6.4056885365, 0.349587543563, 17.9758622179, 49.1403769523, 3.25584344464, 2.52104872908, 43.3034190001, 1065.32684466, 0.546527233589, 0.493197278912
0.816804872166, 0.854807129838, 3.93340625883, 0.240930391199, 49.7708344275, 46.3465134938, 3.87362659011, 1.664903324, 38.3533471048, 616.342826572, 0.564851106941, 0.22149122807
0.587899831318, 0.848790582947, 6.64820480759, 0.400143623825, 17.9293619567, 48.1265520972, 3.97756526523, 2.47458250042, 28.5802734339, 807.311624523, 0.588017744471, 0.151315789474
0.63032453165, 1.14327488382, 7.4847391064, 0.267830511332, 37.6211868193, 46.8796851016, 3.2261816431, 4.54892415892, 27.6490051302, 1869.89530941, 0.588413294325, 0.0291777188329
0.849134669801, 1.23376403923, 4.055358867, 0.370815311627, 37.2409339825, 42.7278667916, 3.69555184602, 4.13527174937, 27.4403157788, 924.120617204, 0.584551555813, 0.201298701299
0.532590313058, 1.23356512544, 7.7684121275, 0.418028251595, 27.5275764706, 44.7444487464, 3.55261138011, 4.61588747978, 25.9557463739, 1987.90465377, 0.553435889243, 0.196147110333
0.509392619871, 1.19482882807, 7.76717749441, 0.310729121258, 41.0671302413, 46.2442039054, 2.02428458653, 0.327439305454, 32.0788747133, 1666.09033244, 0.593287230434, 0.114035087719
0.567862975902, 0.905588282027, 6.4056885365, 0.349587543563, 17.9758622179, 49.1403769523, 3.25584344464, 2.52104872908, 43.3034190001, 1065.32684466, 0.546527233589, 0.493197278912
0.563877452252, 1.06232560001, 7.23394954472, 0.271765017015, 27.9746640898, 48.6615753593, 3.30550276913, 3.18421247177, 30.4381475844, 1564.43752619, 0.561752857604, 0.221223021583
0.622853919269, 0.900467563828, 7.58637940822, 0.488694857646, 43.5417514166, 45.2255529852, 3.53093948716, 3.26430559119, 43.0147011139, 1300.62990928, 0.56850294138, 0.126262626263
0.531642676286, 1.21261458283, 4.29476333462, 0.373511436693, 36.4885358008, 47.4850708263, 3.88041122625, 2.38179521228, 40.6924367492, 1143.2435979, 0.541090220352, 0.422843256379
