0.501136609905, 0.856645381991, 2.19917024194, 0.454026710307, 26.7985844957, 40.1830742798, 3.99970728799, 1.6913188988, 31.9098117663, 374.091001025, 0.438393040052, 0.0184049079755
0.501136609905, 0.856645381991, 2.19917024194, 0.454026710307, 26.7985844957, 40.1830742798, 3.99970728799, 1.6913188988, 31.9098117663, 374.091001025, 0.438393040052, 0.0184049079755
0.665149113071, 0.978043444586, 2.01268606188, 0.405576895248, 39.3013766788, 40.712330043, 2.4284395078, 1.6913188988, 43.2087994823, 363.944526933, 0.401549876074, 0.605166051661
0.665149113071, 0.978043444586, 2.01268606188, 0.405576895248, 39.3013766788, 40.712330043, 2.4284395078, 1.6913188988, 43.2087994823, 363.944526933, 0.401549876074, 0.605166051661
0.502871281397, 1.13248553404, 2.00888076163, 0.208221978339, 37.59333946, 40.1830742798, 2.56565857983, 1.53836788107, 35.9490697564, 351.876525766, 0.401942134968, 0.724637681159
0.502871281397, 1.13248553404, 2.00888076163, 0.208221978339, 37.59333946, 40.1830742798, 2.56565857983, 1.53836788107, 35.9490697564, 351.876525766, 0.401942134968, 0.724637681159
0.502871281397, 1.13248553404, 2.00888076163, 0.208221978339, 36.4433784466, 40.1830742798, 2.56565857983, 0.0760234349784, 35.9490697564, 324.150902017, 0.458211607528, 0.0545454545455
0.502871281397, 1.13248553404, 2.00888076163, 0.208221978339, 36.4433784466, 40.1830742798, 2.56565857983, 0.0760234349784, 35.9490697564, 324.150902017, 0.458211607528, 0.0545454545455
0.501890343845, 0.872466621809, 2.16466367914, 0.487240511031, 44.5131437922, 40.1830742798, 2.11738798323, 1.6913188988, 30.7410000364, 243.856792106, 0.447381328461, 0.266094420601
0.501890343845, 0.872466621809, 2.16466367914, 0.487240511031, 44.5131437922, 40.1830742798, 2.11738798323, 1.6913188988, 30.7410000364, 243.856792106, 0.447381328461, 0.266094420601
0.555419230342, 1.05548613794, 2.54693107066, 0.476338976712, 39.055044801, 40.1830742798, 2.24038207488, 1.6913188988, 29.0454265468, 372.737276247, 0.384436428861, 0.337748344371
0.555419230342, 1.05548613794, 2.54693107066, 0.476338976712, 39.055044801, 40.1830742798, 2.24038207488, 1.6913188988, 29.0454265468, 372.737276247, 0.384436428861, 0.337748344371
0.501769329024, 0.872466621809, 2.16466367914, 0.487240511031, 44.5131437922, 40.1830742798, 2.11738798323, 1.6913188988, 30.7410000364, 288.994661922, 0.404490838089, 0.474178403756
0.501769329024, 0.872466621809, 2.16466367914, 0.487240511031, 44.5131437922, 40.1830742798, 2.11738798323, 1.6913188988, 30.7410000364, 288.994661922, 0.404490838089, 0.474178403756
0.506744260109, 0.82005558563, 2.00888076163, 0.208221978339, 49.3345050091, 40.1830742798, 2.45989484876, 2.26344230762, 41.4139187974, 204.349202206, 0.468224623187, 0.0405405405405
0.506744260109, 0.82005558563, 2.00888076163, 0.208221978339, 49.3345050091, 40.1830742798, 2.45989484876, 2.26344230762, 41.4139187974, 204.349202206, 0.468224623187, 0.0405405405405
0.503140340787, 1.18735685354, 3.19291402854, 0.322682037879, 49.9549823087, 40.730765788, 3.02277868427, 1.40081377102, 40.8900541048, 789.086193616, 0.479991698148, 0.0175438596491
0.503140340787, 1.18735685354, 3.19291402854, 0.322682037879, 49.9549823087, 40.730765788, 3.02277868427, 1.40081377102, 40.8900541048, 789.086193616, 0.479991698148, 0.0175438596491
0.64060826131, 1.01804978654, 2.19917024194, 0.476338976712, 0.204594818501, 40.1830742798, 2.24038207488, 1.6913188988, 29.0454265468, 425.540471699, 0.427732830342, 0.0731707317073
0.64060826131, 1.01804978654, 2.19917024194, 0.476338976712, 0.204594818501, 40.1830742798, 2.24038207488, 1.6913188988, 29.0454265468, 425.540471699, 0.427732830342, 0.0731707317073
0.505892990911, 0.872466621809, 2.16466367914, 0.487240511031, 44.5131437922, 40.1830742798, 2.11738798323, 1.6913188988, 30.9005155815, 267.194987386, 0.416584846706, 0.566343042071
0.505892990911, 0.872466621809, 2.16466367914, 0.487240511031, 44.5131437922, 40.1830742798, 2.11738798323, 1.6913188988, 30.9005155815, 267.194987386, 0.416584846706, 0.566343042071
0.636378812297, 0.978043444586, 2.10469265283, 0.481282096457, 39.0948646414, 40.1830742798, 2.74884569499, 1.78999255064, 27.9180232286, 235.101989253, 0.518825757307, 0.0
0.636378812297, 0.978043444586, 2.10469265283, 0.481282096457, 39.0948646414, 40.1830742798, 2.74884569499, 1.78999255064, 27.9180232286, 235.101989253, 0.518825757307, 0.0
0.590871380666, 0.978043444586, 2.16466367914, 0.473876623976, 29.9607414311, 45.489042573, 2.01638772688, 1.85037066466, 20.3626659339, 265.159424504, 0.404988061604, 0.621621621622
0.590871380666, 0.978043444586, 2.16466367914, 0.473876623976, 29.9607414311, 45.489042573, 2.01638772688, 1.85037066466, 20.3626659339, 265.159424504, 0.404988061604, 0.621621621622
0.501020739102, 0.867158228596, 2.02011952876, 0.246623708493, 26.18757996, 40.0316963523, 3.55261138011, 1.1520092191, 22.2900185752, 278.702102719, 0.421913685774, 0.525547445255
0.501020739102, 0.867158228596, 2.02011952876, 0.246623708493, 26.18757996, 40.0316963523, 3.55261138011, 1.1520092191, 22.2900185752, 278.702102719, 0.421913685774, 0.525547445255
0.505892990911, 1.25270562064, 2.29056074623, 0.361287489266, 37.5642044692, 40.9822323653, 2.62560918794, 1.10862776895, 21.257545144, 352.624079836, 0.435649301482, 0.225165562914
0.505892990911, 1.25270562064, 2.29056074623, 0.361287489266, 37.5642044692, 40.9822323653, 2.62560918794, 1.10862776895, 21.257545144, 352.624079836, 0.435649301482, 0.225165562914
0.504910074287, 1.01804978654, 2.00888076163, 0.476338976712, 49.4088056164, 40.1830742798, 3.95285606914, 1.6913188988, 24.232397534, 308.646010543, 0.499954315233, 0.0158227848101
0.504910074287, 1.01804978654, 2.00888076163, 0.476338976712, 49.4088056164, 40.1830742798, 3.95285606914, 1.6913188988, 24.232397534, 308.646010543, 0.499954315233, 0.0158227848101
0.503776720661, 1.12045262013, 2.02011952876, 0.281254620256, 42.6690508464, 40.0892719469, 3.66064988913, 1.57046889515, 22.9065950974, 341.235341887, 0.402536720302, 0.626996805112
0.503776720661, 1.12045262013, 2.02011952876, 0.281254620256, 42.6690508464, 40.0892719469, 3.66064988913, 1.57046889515, 22.9065950974, 341.235341887, 0.402536720302, 0.626996805112
0.501136609905, 0.883571155696, 2.19917024194, 0.454026710307, 49.3345050091, 40.1830742798, 3.99600756708, 1.6913188988, 30.7122164449, 356.188564356, 0.426784340659, 0.360413589365
0.501136609905, 0.883571155696, 2.19917024194, 0.454026710307, 49.3345050091, 40.1830742798, 3.99600756708, 1.6913188988, 30.7122164449, 356.188564356, 0.426784340659, 0.360413589365
0.512636536386, 0.984989727346, 2.16466367914, 0.376137534475, 46.0040462962, 45.489042573, 2.56565857983, 1.85037066466, 20.3626659339, 281.915117853, 0.42624580886, 0.428571428571
0.512636536386, 0.984989727346, 2.16466367914, 0.376137534475, 46.0040462962, 45.489042573, 2.56565857983, 1.85037066466, 20.3626659339, 281.915117853, 0.42624580886, 0.428571428571
0.50101860883, 0.874631846791, 2.11584350373, 0.3771867112, 49.349458787, 40.1830742798, 2.34898899221, 1.6913188988, 31.3135827875, 222.469683854, 0.443142236215, 0.588888888889
0.50101860883, 0.874631846791, 2.11584350373, 0.3771867112, 49.349458787, 40.1830742798, 2.34898899221, 1.6913188988, 31.3135827875, 222.469683854, 0.443142236215, 0.588888888889
0.52718524783, 1.021326158, 3.21230886046, 0.405576895248, 49.748906851, 40.3967370577, 2.07104732334, 1.40081377102, 27.0293931046, 387.661503198, 0.394950110221, 0.58651026393
0.590871380666, 0.847215708996, 2.16466367914, 0.473876623976, 29.9607414311, 45.489042573, 2.56565857983, 1.85037066466, 20.1498644746, 220.479025453, 0.510604405673, 0.381642512077
0.572653086889, 1.05548613794, 2.54693107066, 0.476338976712, 39.055044801, 40.1830742798, 2.24038207488, 1.6913188988, 29.0454265468, 331.354982623, 0.54005364271, 0.0
0.525199939735, 0.872466621809, 2.16466367914, 0.476338976712, 33.9311121547, 40.1830742798, 2.56565857983, 1.18508256966, 31.3135827875, 259.093746071, 0.55379916278, 0.0
0.501020739102, 1.12045262013, 2.01903776076, 0.281254620256, 42.6690508464, 40.0281889682, 3.66659841252, 1.1520092191, 22.2900185752, 346.586211994, 0.41673458124, 0.6248049922
0.503140340787, 1.18086995467, 3.19291402854, 0.322682037879, 49.8766121886, 40.730765788, 3.02277868427, 1.40081377102, 42.3641490714, 778.846559464, 0.428421258837, 0.512696493349
0.503140340787, 1.18086995467, 3.19291402854, 0.322682037879, 49.8766121886, 40.730765788, 3.02277868427, 1.40081377102, 40.8900541048, 694.349180672, 0.4327470465, 0.445255474453
0.505892990911, 1.12045262013, 2.51110649958, 0.281254620256, 42.6690508464, 40.2468150181, 3.64034842965, 1.1520092191, 34.5636173134, 480.098474856, 0.400498895325, 0.55035335689
0.525199939735, 0.872466621809, 2.16466367914, 0.476338976712, 21.5173473029, 40.1582738255, 2.56565857983, 1.6913188988, 31.3135827875, 307.525668071, 0.484271272238, 0.176991150442
0.537999125042, 0.862853016763, 2.17570160994, 0.450100521236, 12.5956905551, 48.5039258992, 2.88230323843, 1.53836788107, 21.257545144, 250.25325915, 0.520312120035, 0.0227272727273
0.506744260109, 1.01804978654, 2.00888076163, 0.476338976712, 49.3345050091, 40.1830742798, 3.98417259796, 1.6913188988, 24.232397534, 369.19759743, 0.46672335684, 0.321799307958
0.501020739102, 1.12045262013, 2.19917024194, 0.281254620256, 42.6690508464, 40.5462681767, 3.55261138011, 1.1520092191, 24.2153617597, 443.021196279, 0.476619175363, 0.224181360202
0.503140340787, 1.18086995467, 3.19291402854, 0.322682037879, 49.8766121886, 40.730765788, 3.02277868427, 1.40081377102, 40.8900541048, 694.349180672, 0.4327470465, 0.445255474453
0.503140340787, 1.18086995467, 3.19291402854, 0.322682037879, 49.8766121886, 40.730765788, 3.02277868427, 1.40081377102, 42.3641490714, 778.846559464, 0.428421258837, 0.512696493349
0.512636536386, 0.978043444586, 2.16466367914, 0.376137534475, 46.0040462962, 46.5091532346, 2.56565857983, 1.85037066466, 20.3626659339, 282.768126862, 0.505059942257, 0.0816326530612
0.505892990911, 1.12045262013, 2.51110649958, 0.281254620256, 42.6690508464, 40.2468150181, 3.64034842965, 1.1520092191, 34.5636173134, 480.098474856, 0.400498895325, 0.55035335689
0.537999125042, 0.862853016763, 2.17570160994, 0.450100521236, 37.5334441323, 48.5039258992, 2.88230323843, 1.53836788107, 41.4100589574, 283.88295677, 0.443670016851, 0.464601769912
0.52718524783, 1.021326158, 3.21230886046, 0.405576895248, 49.748906851, 40.3967370577, 2.07104732334, 1.40081377102, 27.0293931046, 387.661503198, 0.394950110221, 0.58651026393
0.537999125042, 0.867158228596, 2.00471950609, 0.466733074417, 37.59333946, 46.6141345744, 2.88230323843, 1.53836788107, 26.1466726982, 257.849602772, 0.454926855565, 0.409523809524
0.590871380666, 0.847215708996, 2.16466367914, 0.473876623976, 29.9607414311, 45.489042573, 2.56565857983, 1.85037066466, 20.1498644746, 220.479025453, 0.510604405673, 0.381642512077
0.559954326082, 0.872466621809, 2.16466367914, 0.476338976712, 35.2240878341, 40.1830742798, 2.8502275365, 1.6913188988, 31.3135827875, 257.077019927, 0.518779677185, 0.266355140187
0.826282246944, 0.978043444586, 2.03739891777, 0.473876623976, 29.9607414311, 45.489042573, 2.56565857983, 1.85037066466, 20.3626659339, 241.100648582, 0.501438964689, 0.450704225352
0.501020739102, 1.12045262013, 2.19917024194, 0.281254620256, 42.6690508464, 40.5462681767, 3.55261138011, 1.1520092191, 24.2153617597, 443.021196279, 0.476619175363, 0.224181360202
0.527739939208, 0.978043444586, 2.16466367914, 0.473876623976, 29.9607414311, 45.489042573, 2.57362147316, 1.85037066466, 20.3626659339, 276.028161467, 0.503569229992, 0.32298136646
0.502105260573, 1.22828690497, 2.02011952876, 0.204369454251, 48.2797034226, 40.0892719469, 3.64034842965, 1.1520092191, 34.0161106313, 445.076493345, 0.406153116403, 0.554006968641
0.572653086889, 1.05548613794, 2.54693107066, 0.476338976712, 39.055044801, 40.1830742798, 2.24038207488, 1.6913188988, 29.0454265468, 331.354982623, 0.54005364271, 0.0
0.501020739102, 1.12045262013, 2.01903776076, 0.281254620256, 42.6690508464, 40.0281889682, 3.66659841252, 1.1520092191, 22.2900185752, 346.586211994, 0.41673458124, 0.6248049922
0.525199939735, 0.872466621809, 2.16466367914, 0.476338976712, 21.5173473029, 40.1582738255, 2.56565857983, 1.6913188988, 31.3135827875, 307.525668071, 0.484271272238, 0.176991150442
0.665842665405, 0.978043444586, 2.03739891777, 0.473876623976, 29.9607414311, 45.489042573, 2.56565857983, 1.85037066466, 20.3626659339, 245.845209422, 0.489507220002, 0.504559270517
0.559954326082, 0.872466621809, 2.16466367914, 0.476338976712, 35.2240878341, 40.1830742798, 2.8502275365, 1.6913188988, 31.3135827875, 257.077019927, 0.518779677185, 0.266355140187
0.665842665405, 0.978043444586, 2.03739891777, 0.473876623976, 29.9607414311, 45.489042573, 2.56565857983, 1.85037066466, 20.3626659339, 245.845209422, 0.489507220002, 0.504559270517
0.572653086889, 0.883571155696, 2.19917024194, 0.476338976712, 39.055044801, 40.1830742798, 2.24038207488, 0.00430501512371, 29.0454265468, 258.353533884, 0.505213431781, 0.0791366906475
0.506744260109, 1.01804978654, 2.00888076163, 0.476338976712, 49.3345050091, 40.1830742798, 3.98417259796, 1.6913188988, 24.232397534, 369.19759743, 0.46672335684, 0.321799307958
0.525199939735, 0.872466621809, 2.16466367914, 0.476338976712, 33.9311121547, 40.1830742798, 2.56565857983, 1.18508256966, 31.3135827875, 259.093746071, 0.55379916278, 0.0
0.503776720661, 1.12045262013, 2.02011952876, 0.281254620256, 42.6690508464, 40.0892719469, 3.66064988913, 1.1520092191, 22.9065950974, 408.968943027, 0.412861573628, 0.520435967302
0.505892990911, 0.872466621809, 2.16466367914, 0.487240511031, 44.5131437922, 40.1830742798, 2.11738798323, 1.6913188988, 30.9005155815, 311.263548242, 0.424063387166, 0.580204778157
0.501136609905, 0.883571155696, 2.19917024194, 0.454026710307, 49.3345050091, 40.1830742798, 3.99600756708, 1.6913188988, 31.3135827875, 313.314585759, 0.450049380145, 0.406801007557
0.501020739102, 1.12045262013, 2.19917024194, 0.281254620256, 42.6690508464, 40.5462681767, 3.55261138011, 1.1520092191, 24.2153617597, 408.61102827, 0.431611297468, 0.559766763848
0.505892990911, 1.25270562064, 2.29056074623, 0.339731850296, 19.9749909097, 40.9822323653, 2.62560918794, 1.1520092191, 41.4100589574, 384.304499587, 0.438509739165, 0.521367521368
0.505892990911, 1.25270562064, 2.29056074623, 0.339731850296, 19.9749909097, 40.9822323653, 2.62560918794, 1.1520092191, 41.4100589574, 384.304499587, 0.438509739165, 0.521367521368
0.636378812297, 0.978043444586, 2.16466367914, 0.481282096457, 39.0948646414, 40.1830742798, 2.56565857983, 1.78999255064, 27.9180232286, 308.295060602, 0.439241483989, 0.450892857143
0.503776720661, 1.12045262013, 2.02011952876, 0.281254620256, 42.6690508464, 40.0892719469, 3.66064988913, 1.1520092191, 22.9065950974, 408.968943027, 0.412861573628, 0.520435967302
0.537999125042, 0.862853016763, 2.17570160994, 0.450100521236, 12.5956905551, 48.5039258992, 2.88230323843, 1.53836788107, 21.257545144, 250.25325915, 0.520312120035, 0.0227272727273
0.537999125042, 0.862853016763, 2.17570160994, 0.450100521236, 37.5334441323, 48.5039258992, 2.88230323843, 1.53836788107, 41.4100589574, 283.88295677, 0.443670016851, 0.464601769912
0.501136609905, 0.883571155696, 2.19917024194, 0.454026710307, 49.3345050091, 40.1830742798, 3.99600756708, 1.6913188988, 31.3135827875, 313.314585759, 0.450049380145, 0.406801007557
0.527739939208, 0.978043444586, 2.16466367914, 0.473876623976, 29.9607414311, 45.489042573, 2.57362147316, 1.85037066466, 20.3626659339, 276.028161467, 0.503569229992, 0.32298136646
0.502105260573, 1.22828690497, 2.02011952876, 0.204369454251, 48.2797034226, 40.0892719469, 3.64034842965, 1.1520092191, 34.0161106313, 445.076493345, 0.406153116403, 0.554006968641
0.505892990911, 0.872466621809, 2.16466367914, 0.487240511031, 44.5131437922, 40.1830742798, 2.11738798323, 1.6913188988, 30.9005155815, 311.263548242, 0.424063387166, 0.580204778157
0.501020739102, 1.12045262013, 2.19917024194, 0.281254620256, 42.6690508464, 40.5462681767, 3.55261138011, 1.1520092191, 24.2153617597, 408.61102827, 0.431611297468, 0.559766763848
0.590871380666, 1.01126675269, 2.16466367914, 0.473876623976, 29.9607414311, 45.489042573, 2.57362147316, 1.85037066466, 20.3626659339, 253.835711926, 0.448920210026, 0.513043478261
0.572653086889, 0.883571155696, 2.19917024194, 0.476338976712, 39.055044801, 40.1830742798, 2.24038207488, 0.00430501512371, 29.0454265468, 258.353533884, 0.505213431781, 0.0791366906475
0.537999125042, 0.867158228596, 2.00471950609, 0.466733074417, 37.59333946, 46.6141345744, 2.88230323843, 1.53836788107, 26.1466726982, 257.849602772, 0.454926855565, 0.409523809524
