0.958150252658, 0.963771418827, 0.975237655743, 0.982051970152, 0.431828768279, 0.848623770539, 0.927004520188, 0.431047553422, 0.761427248845, 356.130843303, 6.50866471405, 9.20781133282, 13.9779002884, 16.8519372773
0.0148560312612, 0.00305492121286, 0.975237655743, 0.510610587014, 0.431828768279, 0.968910283094, 0.41933771832, 0.759092149129, 0.981713796105, 0.00724665159076, 0.00694547794015, 0.000360353597009, 4.7490673008, 315.88862577
0.00025947899087, 0.045544432674, 0.261539465704, 0.31545662786, 0.0435868899442, 0.0603669757257, 0.029186864585, 0.191340692587, 0.544038343162, 0.000379318924632, 0.000823125060156, 0.00339511830491, 0.0963491839924, 388.935352277
0.00025947899087, 0.045544432674, 0.261539465704, 0.31545662786, 0.0435868899442, 0.0603669757257, 0.029186864585, 0.191340692587, 0.544038343162, 0.000379318924632, 0.000823125060156, 0.00339511830491, 0.0963491839924, 388.935352277
0.999972645818, 0.121952146749, 0.922862943031, 0.109038661648, 0.995155080793, 0.668717463497, 0.913353959763, 0.572850566468, 0.166488474922, 3.05419536503, 24.9560105461, 2.34121964199, 218.528371665, 0.00680808950125
0.999597887172, 0.0412126392515, 0.00477375911975, 0.826756581622, 0.561675397862, 0.668717463497, 0.029186864585, 0.0506806600854, 0.327633310493, 0.06541577276, 0.0137076043188, 16.4955246297, 385.599255625, 0.16178434117
0.00025947899087, 0.926538041858, 0.987588561391, 0.510610587014, 0.77816215812, 0.0603669757257, 0.409338446661, 0.805648873888, 0.549757755687, 0.0315947368997, 0.0302816473806, 0.000777626407259, 0.00496761719717, 260.537784837
0.400031359986, 0.0018299145407, 0.113232971445, 0.999952596008, 0.643934536401, 0.482371361609, 0.267330268809, 0.0171172008466, 0.682922460208, 0.0221468527581, 1.04989901037e-06, 0.17344797701, 106.692390043, 160.311030491
0.999300236713, 0.999078991321, 0.962008251817, 0.0336943057911, 0.755023469282, 0.0359801190645, 0.407913334312, 0.982404405106, 0.937422142355, 10.8185694564, 310.26148257, 12.6801328991, 0.307679402525, 0.233932124086
0.999972645818, 0.928149671323, 0.00477375911975, 0.826756581622, 0.171069622492, 0.668717463497, 0.669400861684, 0.758731255461, 0.327633310493, 1.33034733467, 0.278768775491, 335.466146758, 26.093817812, 0.00993446488222
0.994382503375, 0.998853301157, 0.802037663534, 0.502959003884, 0.339387815661, 0.945866886452, 0.829127550139, 0.107363103424, 0.0435364772576, 155.016767189, 153.19278069, 76.0735873056, 0.44116290736, 2.17339649364
0.958150252658, 0.963771418827, 0.975237655743, 0.982051970152, 0.431828768279, 0.848623770539, 0.927004520188, 0.431047553422, 0.761427248845, 356.130843303, 6.50866471405, 9.20781133282, 13.9779002884, 16.8519372773
0.999300236713, 0.946221786805, 0.992509115584, 0.748661036439, 0.750369212262, 0.235053869095, 0.913353959763, 0.143133415869, 0.0689933500756, 274.921555732, 92.2961066693, 2.77154639833, 21.0282185723, 0.273811243484
0.994382503375, 0.998853301157, 0.452707449979, 0.748661036439, 0.00679676014828, 0.945866886452, 0.913353959763, 0.107363103424, 0.0435364772576, 90.8462041227, 30.4987032533, 146.697748828, 0.307717062449, 1.51597329105
0.998131622094, 0.0412126392515, 0.00477375911975, 0.950212723645, 0.975119262077, 0.668717463497, 0.029186864585, 0.0506806600854, 0.327633310493, 0.0701445122832, 0.00367528673416, 15.3898425194, 359.752839204, 0.70235849238
0.973214222528, 0.0018299145407, 0.00477375911975, 0.722492880132, 0.561675397862, 0.974526040044, 0.986476509484, 0.00620636913414, 0.845755736471, 0.00183996450088, 0.000706724264474, 0.530929907241, 290.997403202, 8.02380513133
0.502981642571, 0.996578457654, 0.998920534701, 0.99592825253, 0.171069622492, 0.945866886452, 0.913353959763, 0.248017385277, 0.841435518638, 201.008342227, 0.821801376597, 0.218104072026, 0.693690125542, 200.338255672
0.965766018604, 0.999291447836, 0.975237655743, 0.139498215649, 0.431828768279, 0.23149980038, 0.918215522861, 0.982404405106, 0.848350941049, 43.0733333856, 265.7000311, 7.84009139084, 0.224496216668, 11.2311101744
0.999300236713, 0.999078991321, 0.962008251817, 0.0336943057911, 0.755023469282, 0.0359801190645, 0.407913334312, 0.982404405106, 0.937422142355, 10.8185694564, 310.26148257, 12.6801328991, 0.307679402525, 0.233932124086
0.994382503375, 0.999682180185, 0.680937829318, 0.255420581444, 0.561675397862, 0.473034715998, 0.739572144716, 0.128684099461, 0.0708316965244, 65.1911870033, 190.039564704, 119.591648691, 0.119163858492, 2.11813156881
0.973214222528, 0.0018299145407, 0.00477375911975, 0.722492880132, 0.561675397862, 0.974526040044, 0.986476509484, 0.00620636913414, 0.845755736471, 0.00183996450088, 0.000706724264474, 0.530929907241, 290.997403202, 8.02380513133
0.998131622094, 0.121952146749, 0.922862943031, 0.248894527689, 0.898681623115, 0.42505116615, 0.913353959763, 0.0506806600854, 0.166488474922, 7.69693729376, 23.2275565681, 2.58480900418, 241.264891434, 0.514343020816
0.999300236713, 0.946221786805, 0.337720556633, 0.255420581444, 0.754143973272, 0.716567936616, 0.167681872818, 0.128684099461, 0.971044927687, 28.4325101829, 82.8839312025, 218.294650385, 18.7333411807, 0.243929338363
0.994382503375, 0.998853301157, 0.452707449979, 0.748661036439, 0.00679676014828, 0.945866886452, 0.913353959763, 0.107363103424, 0.0435364772576, 90.8462041227, 30.4987032533, 146.697748828, 0.307717062449, 1.51597329105
0.999300236713, 0.946221786805, 0.996054142366, 0.255420581444, 0.754143973272, 0.29546450673, 0.167681872818, 0.128684099461, 0.0708316965244, 78.0343526879, 227.478821884, 1.21028711296, 17.4325300311, 0.22699130259
0.0216286003131, 0.903506851768, 0.992509115584, 0.999338068337, 0.623649906907, 0.734509972135, 0.247932427433, 0.38300363371, 0.327633310493, 6.14364504042, 0.00406936682171, 0.0463993905193, 0.661521868576, 310.115206973
0.400031359986, 0.0018299145407, 0.113232971445, 0.999952596008, 0.643934536401, 0.482371361609, 0.267330268809, 0.0171172008466, 0.682922460208, 0.0221468527581, 1.04989901037e-06, 0.17344797701, 106.692390043, 160.311030491
0.53554809268, 0.999078991321, 0.79117849143, 0.0138602578533, 0.337824303811, 0.602476081225, 0.499628583153, 0.758731255461, 0.231883114406, 1.52309100962, 108.365990834, 29.0038266897, 0.128039499745, 120.565352307
0.00025947899087, 0.926538041858, 0.987588561391, 0.510610587014, 0.77816215812, 0.0603669757257, 0.409338446661, 0.805648873888, 0.549757755687, 0.0315947368997, 0.0302816473806, 0.000777626407259, 0.00496761719717, 260.537784837
0.913518199679, 0.999078991321, 0.0790462229636, 0.99592825253, 0.857892451945, 0.743080868688, 0.544995081238, 0.79596644692, 0.181526981145, 24.2814711859, 0.0992722303231, 284.055795385, 0.28433460389, 29.2262780731
0.942302676396, 0.00259979965433, 0.996054142366, 0.998532453611, 0.689377809606, 0.482371361609, 0.117225642936, 0.993865751084, 0.0708316965244, 0.396131688152, 0.000582196028323, 0.00157157773058, 152.800235527, 9.38036669383
0.942302676396, 0.00259979965433, 0.996054142366, 0.998532453611, 0.689377809606, 0.482371361609, 0.117225642936, 0.993865751084, 0.0708316965244, 0.396131688152, 0.000582196028323, 0.00157157773058, 152.800235527, 9.38036669383
0.995418558621, 0.994724921266, 0.184806217629, 0.99592825253, 0.171069622492, 0.146248890086, 0.169912189003, 0.38300363371, 0.549355066451, 67.5825283145, 0.276304028915, 299.330287233, 1.94722327227, 1.69896020212
0.994382503375, 0.0018299145407, 0.319570753389, 0.708970042035, 0.171069622492, 0.316574644916, 0.998719404698, 0.997418748635, 0.166488474922, 0.0829624842114, 0.0340558371456, 0.249155116344, 199.737945938, 1.13043442686
0.999972645818, 0.928149671323, 0.00477375911975, 0.826756581622, 0.171069622492, 0.668717463497, 0.669400861684, 0.758731255461, 0.327633310493, 1.33034733467, 0.278768775491, 335.466146758, 26.093817812, 0.00993446488222
0.994382503375, 0.999682180185, 0.785887407514, 0.258830320479, 0.0804459335841, 0.0668469343208, 0.580109911173, 0.0404951130785, 0.544240638018, 72.736537344, 208.283619836, 76.5630722916, 0.113683166509, 2.0207125455
0.994382503375, 0.985042114462, 0.198344098026, 0.262741614779, 0.171069622492, 0.316574644916, 0.975167081873, 0.107363103424, 0.166488474922, 12.7275453078, 35.7137544023, 195.787291874, 3.70861637733, 1.40065460149
0.696310405423, 0.994724921266, 0.00477375911975, 0.99592825253, 0.171069622492, 0.482371361609, 0.913353959763, 0.248017385277, 0.999004739809, 0.778072166538, 0.00318106587254, 162.874518417, 0.867875190759, 71.7555262969
0.640697487965, 0.741525050434, 0.362394582332, 0.876022691648, 0.676672918926, 0.689822966276, 0.995178604323, 0.0723069911641, 0.166488474922, 33.4294410907, 4.73103284383, 67.1404212638, 36.704954957, 79.6367390897
0.999629279646, 0.999078991321, 0.998920534701, 0.546640910467, 0.171069622492, 0.482371361609, 0.737075147136, 0.38300363371, 0.549355066451, 168.885856352, 140.066242033, 0.333863463186, 0.285117651082, 0.114806861375
0.998131622094, 0.985042114462, 0.0141504247363, 0.510610587014, 0.662998698149, 0.668717463497, 0.409338446661, 0.0912444218081, 0.166488474922, 1.8630930319, 1.78566216293, 254.206062793, 3.91553091617, 0.490001444126
0.502981642571, 0.996578457654, 0.998920534701, 0.99592825253, 0.171069622492, 0.945866886452, 0.913353959763, 0.248017385277, 0.841435518638, 201.008342227, 0.821801376597, 0.218104072026, 0.693690125542, 200.338255672
0.378379074995, 0.982249134315, 0.560582985798, 0.999680600575, 0.171069622492, 0.204087472218, 0.919465347287, 0.362407692883, 0.0202985424409, 51.9379316363, 0.0165942457036, 40.7249296103, 1.67487097592, 155.010220103
0.994382503375, 0.998853301157, 0.802037663534, 0.502959003884, 0.339387815661, 0.945866886452, 0.829127550139, 0.107363103424, 0.0435364772576, 155.016767189, 153.19278069, 76.0735873056, 0.44116290736, 2.17339649364
0.999300236713, 0.946221786805, 0.337720556633, 0.255420581444, 0.754143973272, 0.716567936616, 0.167681872818, 0.128684099461, 0.971044927687, 28.4325101829, 82.8839312025, 218.294650385, 18.7333411807, 0.243929338363
0.998131622094, 0.985042114462, 0.0141504247363, 0.510610587014, 0.662998698149, 0.668717463497, 0.409338446661, 0.0912444218081, 0.166488474922, 1.8630930319, 1.78566216293, 254.206062793, 3.91553091617, 0.490001444126
0.991894942946, 0.999078991321, 0.962008251817, 0.0336943057911, 0.171069622492, 0.368097268262, 0.913353959763, 0.985013649881, 0.166488474922, 8.94695873242, 256.586297477, 10.4864720079, 0.254450916852, 2.25751527452
0.999300236713, 0.946221786805, 0.992509115584, 0.748661036439, 0.750369212262, 0.235053869095, 0.913353959763, 0.143133415869, 0.0689933500756, 274.921555732, 92.2961066693, 2.77154639833, 21.0282185723, 0.273811243484
0.679614691883, 0.974737947072, 0.923184305028, 0.262741614779, 0.72154824812, 0.816963976461, 0.00327932017972, 0.107363103424, 0.688542477063, 18.2492790752, 51.2078531366, 5.77934205828, 1.94988591631, 36.3873472514
0.958150252658, 0.999078991321, 0.132336946629, 0.489918686282, 0.192095411103, 0.134511094044, 0.877718010434, 0.336185832474, 0.901111084446, 14.6815969142, 15.2858187515, 196.480423951, 0.208752688736, 9.89982635295
0.640697487965, 0.741525050434, 0.362394582332, 0.876022691648, 0.676672918926, 0.689822966276, 0.995178604323, 0.0723069911641, 0.166488474922, 33.4294410907, 4.73103284383, 67.1404212638, 36.704954957, 79.6367390897
0.994382503375, 0.999078991321, 0.879724135497, 0.998626639307, 0.623649906907, 0.745650314296, 0.544995081238, 0.38300363371, 0.998430514126, 248.81994508, 0.342189481812, 34.0654415704, 0.261095527084, 1.60149303807
0.998131622094, 0.928149671323, 0.825480692303, 0.827753463954, 0.171069622492, 0.00638407576239, 0.421426576182, 0.0506806600854, 0.327633310493, 185.618746015, 38.6252518637, 47.4086282453, 21.029292016, 0.547864046324
0.994382503375, 0.982249134315, 0.904756740968, 0.999680600575, 0.171069622492, 0.204087472218, 0.919465347287, 0.362407692883, 0.0202985424409, 220.29413175, 0.0703842997625, 23.1976549422, 4.40157108024, 1.40080449882
0.999629279646, 0.999078991321, 0.998920534701, 0.546640910467, 0.171069622492, 0.482371361609, 0.737075147136, 0.38300363371, 0.549355066451, 168.885856352, 140.066242033, 0.333863463186, 0.285117651082, 0.114806861375
0.999300236713, 0.946221786805, 0.996054142366, 0.255420581444, 0.754143973272, 0.29546450673, 0.167681872818, 0.128684099461, 0.0708316965244, 78.0343526879, 227.478821884, 1.21028711296, 17.4325300311, 0.22699130259
0.538284134144, 0.999291447836, 0.66465938723, 0.198831962551, 0.171069622492, 0.200991394493, 0.918215522861, 0.982404405106, 0.848350941049, 18.1821479381, 73.2626464743, 46.1366437939, 0.09755274701, 118.094832238
0.696310405423, 0.994724921266, 0.00477375911975, 0.99592825253, 0.171069622492, 0.482371361609, 0.913353959763, 0.248017385277, 0.999004739809, 0.778072166538, 0.00318106587254, 162.874518417, 0.867875190759, 71.7555262969
0.994382503375, 0.741525050434, 0.302450905003, 0.748661036439, 0.576784791951, 0.816963976461, 0.955280560917, 0.112385426246, 0.901111084446, 35.6870509844, 11.9807843208, 109.93736447, 54.9367766328, 1.2006987564
0.0118923306642, 0.982249134315, 0.0790462229636, 0.99592825253, 0.184326991929, 0.743080868688, 0.247932427433, 0.380221190864, 0.448343599807, 0.33414352883, 0.00136611052522, 3.90896437567, 0.0767046623013, 359.037257892
0.912714681992, 0.982249134315, 0.922862943031, 0.262741614779, 0.0821611301446, 0.668717463497, 0.913353959763, 0.186905839864, 0.679984784269, 41.383970573, 116.124274202, 13.1652511807, 3.08435222473, 16.6169223898
0.999972645818, 0.121952146749, 0.922862943031, 0.109038661648, 0.995155080793, 0.668717463497, 0.913353959763, 0.572850566468, 0.166488474922, 3.05419536503, 24.9560105461, 2.34121964199, 218.528371665, 0.00680808950125
0.994382503375, 0.999078991321, 0.879724135497, 0.998626639307, 0.623649906907, 0.745650314296, 0.544995081238, 0.38300363371, 0.998430514126, 248.81994508, 0.342189481812, 34.0654415704, 0.261095527084, 1.60149303807
0.400031359986, 0.385820782604, 0.012323966581, 0.99592825253, 0.431828768279, 0.33522561712, 0.0781624141288, 0.47716179818, 0.877547683748, 0.55748779741, 0.00227922997758, 44.8612444391, 72.3046619926, 176.565437776
0.00025947899087, 0.045544432674, 0.466339660297, 0.31545662786, 0.0435868899442, 0.0603669757257, 0.029186864585, 0.191340692587, 0.544038343162, 0.000676347097295, 0.00146767853908, 0.00245353665333, 0.0963491839924, 388.935352277
0.994382503375, 0.999682180185, 0.785887407514, 0.258830320479, 0.0804459335841, 0.0668469343208, 0.580109911173, 0.0404951130785, 0.544240638018, 72.736537344, 208.283619836, 76.5630722916, 0.113683166509, 2.0207125455
0.0216286003131, 0.903506851768, 0.680937829318, 0.999338068337, 0.623649906907, 0.734509972135, 0.995178604323, 0.444145931778, 0.549355066451, 4.51243748286, 0.00298890369756, 2.11576106132, 0.708200665118, 331.997786127
0.400031359986, 0.385820782604, 0.012323966581, 0.99592825253, 0.431828768279, 0.33522561712, 0.0781624141288, 0.47716179818, 0.877547683748, 0.55748779741, 0.00227922997758, 44.8612444391, 72.3046619926, 176.565437776
0.538284134144, 0.297439648178, 0.012323966581, 0.998100897918, 0.171069622492, 0.200991394493, 0.0781624141288, 0.758731255461, 0.901111084446, 0.44489541151, 0.000846509410228, 35.7229638275, 85.4314439623, 104.303127011
0.994382503375, 0.999514371562, 0.582027913778, 0.197680740175, 0.561675397862, 0.316574644916, 0.267330268809, 0.143133415869, 0.166488474922, 42.650785822, 173.105113231, 154.940924838, 0.180108385419, 2.09516952316
0.994382503375, 0.999514371562, 0.582027913778, 0.197680740175, 0.561675397862, 0.316574644916, 0.267330268809, 0.143133415869, 0.166488474922, 42.650785822, 173.105113231, 154.940924838, 0.180108385419, 2.09516952316
0.0118923306642, 0.982249134315, 0.0790462229636, 0.99592825253, 0.184326991929, 0.743080868688, 0.247932427433, 0.380221190864, 0.448343599807, 0.33414352883, 0.00136611052522, 3.90896437567, 0.0767046623013, 359.037257892
0.672449044745, 0.00259979965433, 0.136231270895, 0.248894527689, 0.898681623115, 0.612667233563, 0.267330268809, 0.0171172008466, 0.391692550057, 0.00861250344903, 0.0259905210891, 0.219399043495, 97.4466294441, 47.5901266139
0.998131622094, 0.121952146749, 0.922862943031, 0.248894527689, 0.898681623115, 0.42505116615, 0.913353959763, 0.0506806600854, 0.166488474922, 7.69693729376, 23.2275565681, 2.58480900418, 241.264891434, 0.514343020816
0.913518199679, 0.999078991321, 0.0790462229636, 0.591918961294, 0.857892451945, 0.743080868688, 0.544995081238, 0.79596644692, 0.181526981145, 14.4314243185, 9.94931909772, 284.055795385, 0.28433460389, 29.2262780731
0.378379074995, 0.982249134315, 0.560582985798, 0.999680600575, 0.171069622492, 0.204087472218, 0.919465347287, 0.362407692883, 0.0202985424409, 51.9379316363, 0.0165942457036, 40.7249296103, 1.67487097592, 155.010220103
0.998131622094, 0.0340844267521, 0.362394582332, 0.950212723645, 0.975119262077, 0.668717463497, 0.029186864585, 0.0506806600854, 0.327633310493, 4.40393055494, 0.230748023186, 8.15436078419, 362.42746216, 0.70235849238
0.998131622094, 0.0412126392515, 0.00477375911975, 0.826756581622, 0.561675397862, 0.668717463497, 0.029186864585, 0.0506806600854, 0.327633310493, 0.0653198173119, 0.0136874972519, 16.4713280882, 385.03363746, 0.751715110075
0.994382503375, 0.741525050434, 0.302450905003, 0.748661036439, 0.576784791951, 0.816963976461, 0.955280560917, 0.112385426246, 0.901111084446, 35.6870509844, 11.9807843208, 109.93736447, 54.9367766328, 1.2006987564
0.538284134144, 0.297439648178, 0.673468110588, 0.99592825253, 0.431828768279, 0.307905529522, 0.0781624141288, 0.143133415869, 0.515926587812, 27.1972022856, 0.111192888963, 13.240510921, 95.7775935621, 116.934726171
0.0148560312612, 0.00305492121286, 0.975237655743, 0.510610587014, 0.431828768279, 0.968910283094, 0.41933771832, 0.759092149129, 0.981713796105, 0.00724665159076, 0.00694547794015, 0.000360353597009, 4.7490673008, 315.88862577
0.672449044745, 0.00259979965433, 0.0790462229636, 0.0419570364771, 0.561675397862, 0.612667233563, 0.267330268809, 0.885806941863, 0.937422142355, 0.00174030719685, 0.0397380083129, 0.483256630129, 201.311950725, 98.3149574137
0.994382503375, 0.999682180185, 0.680937829318, 0.255420581444, 0.561675397862, 0.473034715998, 0.739572144716, 0.128684099461, 0.0708316965244, 65.1911870033, 190.039564704, 119.591648691, 0.119163858492, 2.11813156881
0.999300236713, 0.982249134315, 0.613995944686, 0.354483049115, 0.184326991929, 0.668717463497, 0.913353959763, 0.189477115557, 0.143649633635, 51.5712265484, 93.9116863218, 91.4615069249, 4.28197737581, 0.168919580425
0.998131622094, 0.928149671323, 0.825480692303, 0.827753463954, 0.171069622492, 0.00638407576239, 0.421426576182, 0.0506806600854, 0.327633310493, 185.618746015, 38.6252518637, 47.4086282453, 21.029292016, 0.547864046324
0.991894942946, 0.999078991321, 0.962008251817, 0.0336943057911, 0.171069622492, 0.368097268262, 0.913353959763, 0.985013649881, 0.166488474922, 8.94695873242, 256.586297477, 10.4864720079, 0.254450916852, 2.25751527452
0.994382503375, 0.994724921266, 0.582027913778, 0.197680740175, 0.561675397862, 0.316574644916, 0.913353959763, 0.107363103424, 0.166488474922, 26.5628680969, 107.809696845, 96.4970579079, 1.22431378956, 1.31115229942
0.823551664127, 0.385820782604, 0.0593102139631, 0.729056880281, 0.3023287069, 0.08946225648, 0.525815735282, 0.998321345949, 0.951752230755, 2.70899930389, 1.0067592016, 58.9337963892, 99.7303834588, 34.7903733909
0.729930745263, 0.999078991321, 0.132336946629, 0.489918686282, 0.192095411103, 0.200991394493, 0.877718010434, 0.336185832474, 0.901111084446, 7.3905680086, 7.69472719556, 98.9062663997, 0.105084000882, 42.2149584004
0.995418558621, 0.994724921266, 0.184806217629, 0.99592825253, 0.171069622492, 0.146248890086, 0.169912189003, 0.38300363371, 0.549355066451, 67.5825283145, 0.276304028915, 299.330287233, 1.94722327227, 1.69896020212
0.672449044745, 0.00259979965433, 0.0790462229636, 0.0419570364771, 0.561675397862, 0.612667233563, 0.267330268809, 0.885806941863, 0.937422142355, 0.00174030719685, 0.0397380083129, 0.483256630129, 201.311950725, 98.3149574137
0.437644223229, 0.402865474897, 0.136231270895, 0.99592825253, 0.0142910213704, 0.72741256134, 0.247932427433, 0.79596644692, 0.138468033392, 7.03233867156, 0.0287509738997, 44.770546359, 76.8257924281, 165.319783202
