0.999972645818, 0.999078991321, 0.985723915912, 0.0883053129208, 0.995155080793, 0.668717463497, 0.029186864585, 0.166103549222, 0.231883114406, 27.5179473951, 284.104835934, 4.51318364789, 0.29143238118, 0.00865584944843
0.999972645818, 0.999997666718, 0.680937829318, 0.197680740175, 0.171069622492, 0.473034715998, 0.391723344778, 0.166103549222, 0.0674871273933, 39.802843073, 161.546276916, 94.3447177151, 0.00068993857537, 0.00808870318815
0.696310405423, 0.999997666718, 0.680937829318, 0.117435836106, 0.171069622492, 0.482371361609, 0.391723344778, 0.982404405106, 0.0708316965244, 11.9361187954, 89.7033738092, 47.6244904324, 0.000348275705068, 65.1003114531
0.999936690283, 0.903506851768, 0.00477375911975, 0.848833771932, 0.561675397862, 0.543473751923, 0.267330268809, 0.0118186365327, 0.150139529746, 1.43088494565, 0.254821953587, 351.433681188, 37.7126099172, 0.0247450298592
0.999936690283, 0.121952146749, 0.00477375911975, 0.848833771932, 0.0374885683788, 0.23149980038, 0.438729429068, 0.0506806600854, 0.472386584129, 0.210705564116, 0.0375239138847, 51.7505144413, 374.387714257, 0.0269961151928
2.30555881581e-05, 0.926538041858, 0.678774982859, 0.510610587014, 0.750369212262, 0.0603669757257, 0.515316134282, 0.638203746057, 0.549757755687, 0.00305359268687, 0.00292668419052, 0.00283011983494, 0.00069854551595, 412.425956294
0.999936690283, 0.996578457654, 0.992509115584, 0.835824940205, 0.750369212262, 0.235053869095, 0.515316134282, 0.143133415869, 0.733891393523, 321.668537531, 63.183028937, 2.90463690107, 1.33127929833, 0.0246345780939
0.000124904193979, 0.0018299145407, 0.113232971445, 0.999995273225, 0.561675397862, 0.482371361609, 0.913353959763, 0.985013649881, 0.682922460208, 5.19629934094e-06, 2.45618531262e-11, 4.06942310873e-05, 0.0250320865687, 200.752624714
0.0118923306642, 0.999514371562, 0.922862943031, 0.197680740175, 0.896537219209, 0.316574644916, 0.9976426493, 0.143133415869, 0.166488474922, 0.502512361499, 2.03952770297, 0.212475200952, 0.00133832087327, 228.977829583
2.30555881581e-05, 0.926538041858, 0.678774982859, 0.510610587014, 0.750369212262, 0.0603669757257, 0.515316134282, 0.638203746057, 0.549757755687, 0.00305359268687, 0.00292668419052, 0.00283011983494, 0.00069854551595, 412.425956294
0.965766018604, 0.999291447836, 0.362394582332, 0.139498215649, 0.807157837643, 0.23149980038, 0.947823728014, 0.107363103424, 0.848350941049, 15.2206788771, 93.8895259116, 191.97102023, 0.213483017453, 10.6801411844
0.999972645818, 0.99313124549, 0.922862943031, 0.0883053129208, 0.995155080793, 0.668717463497, 0.029186864585, 0.166103549222, 0.166488474922, 26.1353079072, 269.82998617, 24.7381173148, 2.21806837044, 0.00883349456514
0.999936690283, 0.971367214667, 0.992509115584, 0.448079529921, 0.750369212262, 0.235053869095, 0.515316134282, 0.143133415869, 0.733891393523, 168.081652329, 207.034015995, 2.83115597627, 11.1406583671, 0.0246345780939
0.640697487965, 0.724807414035, 0.985000431347, 0.722492880132, 0.902706345571, 0.689822966276, 0.0660370739776, 0.0723069911641, 0.0202985424409, 73.2458943143, 28.1335051628, 1.54380365136, 39.0775561567, 79.6338841348
0.823551664127, 0.385820782604, 0.0392339398124, 0.729056880281, 0.0821611301446, 0.734509972135, 0.681087530498, 0.998321345949, 0.682922460208, 1.74351894432, 0.647952820748, 58.5626862038, 97.0315201418, 33.8488903717
0.999300236713, 0.688373412251, 0.885257611955, 0.374237706835, 0.750369212262, 0.235053869095, 0.661565471942, 0.572850566468, 0.219858456665, 84.4080793804, 141.138619519, 29.23416472, 115.339276242, 0.259177848965
0.999300236713, 0.688373412251, 0.885257611955, 0.374237706835, 0.750369212262, 0.235053869095, 0.661565471942, 0.572850566468, 0.219858456665, 84.4080793804, 141.138619519, 29.23416472, 115.339276242, 0.259177848965
0.999972645818, 0.741525050434, 0.338060592467, 0.448079529921, 0.750369212262, 0.235053869095, 0.955280560917, 0.143133415869, 0.0649056305457, 54.4955120388, 67.1246656302, 238.138340121, 125.401784724, 0.0132715262504
0.999936690283, 0.971367214667, 0.992509115584, 0.448079529921, 0.750369212262, 0.235053869095, 0.515316134282, 0.143133415869, 0.733891393523, 168.081652329, 207.034015995, 2.83115597627, 11.1406583671, 0.0246345780939
0.999972645818, 0.946221786805, 0.338060592467, 0.951422653356, 0.750369212262, 0.235053869095, 0.913353959763, 0.143133415869, 0.0649056305457, 122.546149513, 6.25691091528, 252.202780828, 21.6543453613, 0.0110147413319
0.958150252658, 0.999682180185, 0.362394582332, 0.98828823681, 0.431828768279, 0.848623770539, 0.817286407501, 0.431047553422, 0.152497434713, 131.515446735, 1.55853091302, 234.133436965, 0.11674289569, 16.043854439
0.999300236713, 0.971824546981, 0.999974349543, 0.748661036439, 0.98709614154, 0.240871064968, 0.913353959763, 0.431047553422, 0.166488474922, 216.827731282, 72.7929658408, 0.00742909382552, 8.39699273768, 0.208693072733
0.000124904193979, 0.774306917734, 0.707771404743, 0.999952596008, 0.794515033414, 0.482371361609, 0.913353959763, 0.985013649881, 0.682922460208, 0.0082634583503, 3.91739487276e-07, 0.00341202440078, 0.00340325527458, 120.710488882
0.0118923306642, 0.999514371562, 0.00477375911975, 0.197680740175, 0.896537219209, 0.316574644916, 0.9976426493, 0.978124081257, 0.166488474922, 0.00203732082478, 0.00826879611397, 2.14860401661, 0.00104893755047, 179.466261397
0.999972645818, 0.439838594414, 0.785887407514, 0.999680600575, 0.857892451945, 0.204087472218, 0.669400861684, 0.362407692883, 0.167364585627, 117.720005724, 0.0376117153237, 32.0826985058, 190.83082535, 0.00931903531888
0.690878380929, 0.181398991176, 0.319570753389, 0.0419570364771, 0.868572213756, 0.0359801190645, 0.208802422019, 0.999589678317, 0.144842766046, 0.499787787498, 11.4121066041, 25.3627756627, 168.209769593, 91.9404694532
0.994382503375, 0.999682180185, 0.00477375911975, 0.276108546298, 0.525697654902, 0.287387596575, 0.580109911173, 0.759092149129, 0.544240638018, 0.388750222822, 1.01921134894, 293.529746101, 0.0937668485761, 1.6667009997
0.999936690283, 0.121952146749, 0.00477375911975, 0.848833771932, 0.0374885683788, 0.23149980038, 0.438729429068, 0.0506806600854, 0.472386584129, 0.210705564116, 0.0375239138847, 51.7505144413, 374.387714257, 0.0269961151928
0.973214222528, 0.000589418492442, 0.00477375911975, 0.753066638159, 0.840382106755, 0.980953766844, 0.993570500832, 0.133914460296, 0.845755736471, 0.000710240334583, 0.000232890457028, 0.196622512542, 334.989819663, 9.22536324127
0.999300236713, 0.971824546981, 0.885257611955, 0.748661036439, 0.98709614154, 0.290635344382, 0.913353959763, 0.431047553422, 0.166488474922, 137.402016613, 46.128326126, 23.7882278788, 6.01064735874, 0.149384488661
0.999936690283, 0.946221786805, 0.992509115584, 0.835824940205, 0.750369212262, 0.511516518448, 0.515316134282, 0.143133415869, 0.733891393523, 250.078872155, 49.1211877207, 2.25818889785, 17.1332833361, 0.0201712168277
0.640697487965, 0.724807414035, 0.985000431347, 0.722492880132, 0.902706345571, 0.689822966276, 0.0660370739776, 0.0723069911641, 0.0202985424409, 73.2458943143, 28.1335051628, 1.54380365136, 39.0775561567, 79.6338841348
0.994382503375, 0.0167649447781, 0.922862943031, 0.0883053129208, 0.995155080793, 0.668717463497, 0.029186864585, 0.982404405106, 0.166488474922, 0.380457341995, 3.92797359393, 0.360118135703, 273.802339644, 1.5731464223
0.999972645818, 0.0412126392515, 0.97646077247, 0.0883053129208, 0.995155080793, 0.668717463497, 0.029186864585, 0.166103549222, 0.166488474922, 1.14754307457, 11.8476328283, 0.313270549105, 309.61303331, 0.00883349456514
0.999936690283, 0.903506851768, 0.0796704075401, 0.982051970152, 0.561675397862, 0.543473751923, 0.829127550139, 0.0118186365327, 0.150139529746, 27.0880715766, 0.495062921277, 318.632422188, 36.9752912954, 0.0242612401837
0.999936690283, 0.903506851768, 0.00477375911975, 0.848833771932, 0.561675397862, 0.543473751923, 0.267330268809, 0.0118186365327, 0.150139529746, 1.43088494565, 0.254821953587, 351.433681188, 37.7126099172, 0.0247450298592
0.999300236713, 0.999078991321, 0.338060592467, 0.448079529921, 0.171069622492, 0.696760298321, 0.913353959763, 0.143133415869, 0.731491680409, 40.9135322664, 50.3951072371, 178.786844969, 0.248989607031, 0.189309609841
0.999972645818, 0.982249134315, 0.785887407514, 0.999680600575, 0.857892451945, 0.204087472218, 0.669400861684, 0.362407692883, 0.166488474922, 264.771495682, 0.0845948830892, 72.1592223573, 6.09042384913, 0.00938563350841
0.997104674845, 0.858275256339, 0.302450905003, 0.888769926434, 0.72154824812, 0.816963976461, 0.955280560917, 0.380221190864, 0.688542477063, 52.785859368, 6.60618102176, 136.977153444, 32.4259303219, 0.66435981599
0.737656195965, 0.999622731564, 0.0719298878282, 0.377648437207, 0.413329043705, 0.0824605425801, 0.93003246117, 0.79596644692, 0.181526981145, 3.39401751176, 5.59322347051, 115.957218875, 0.0471553912559, 44.4526542258
0.712593735023, 0.843180214547, 0.975237655743, 0.99592825253, 0.616049682002, 0.743080868688, 0.918215522861, 0.982404405106, 0.848350941049, 178.512414821, 0.729829153429, 4.55115542819, 34.183014455, 87.9151526049
0.823551664127, 0.385820782604, 0.0392339398124, 0.729056880281, 0.0821611301446, 0.734509972135, 0.681087530498, 0.998321345949, 0.682922460208, 1.74351894432, 0.647952820748, 58.5626862038, 97.0315201418, 33.8488903717
0.998131622094, 0.982249134315, 0.922862943031, 0.982051970152, 0.118903322157, 0.00638407576239, 0.301732232985, 0.042660439662, 0.166488474922, 216.597997304, 3.95855559466, 18.4351138101, 4.318974512, 0.455447173711
0.994382503375, 0.999538094622, 0.879724135497, 0.846492886722, 0.171069622492, 0.473034715998, 0.544995081238, 0.38300363371, 0.998430514126, 193.348934706, 35.0628307546, 31.2284515622, 0.119984634149, 1.4674454259
0.994382503375, 0.466097107979, 0.739790252411, 0.826756581622, 0.379995717079, 0.668717463497, 0.908988174944, 0.620121279783, 0.327633310493, 61.7736926574, 12.9444215138, 26.2809378272, 115.691955668, 1.22413759308
0.999300236713, 0.903506851768, 0.327607814819, 0.37324218671, 0.907468005059, 0.165533322836, 0.776758297268, 0.989771897365, 0.167211308035, 27.2848286281, 45.8173811425, 150.037185762, 23.8309457503, 0.172941796239
0.999936690283, 0.996578457654, 0.992509115584, 0.835824940205, 0.750369212262, 0.235053869095, 0.515316134282, 0.143133415869, 0.733891393523, 321.668537531, 63.183028937, 2.90463690107, 1.33127929833, 0.0246345780939
0.994382503375, 0.184393794438, 0.998127628338, 0.846492886722, 0.171069622492, 0.74417453155, 0.919465347287, 0.38300363371, 0.0202985424409, 43.8573540835, 7.9533046609, 0.0971907864853, 229.597554104, 1.59028909855
0.99963979683, 0.999078991321, 0.998920534701, 0.0718005365919, 0.999594447742, 0.482371361609, 0.737075147136, 0.830265074891, 0.297356571291, 14.4922598049, 187.348290319, 0.218115317643, 0.18626934028, 0.0728755166092
0.999972645818, 0.0412126392515, 0.97646077247, 0.0883053129208, 0.995155080793, 0.668717463497, 0.029186864585, 0.166103549222, 0.166488474922, 1.14754307457, 11.8476328283, 0.313270549105, 309.61303331, 0.00883349456514
0.672449044745, 0.998853301157, 0.00127720327862, 0.0419570364771, 0.0142910213704, 0.612667233563, 0.913353959763, 0.38300363371, 0.0202985424409, 0.00523556264781, 0.119548337442, 97.576108494, 0.112162116403, 47.6448880278
0.973214222528, 0.000589418492442, 0.00477375911975, 0.753066638159, 0.840382106755, 0.980953766844, 0.993570500832, 0.133914460296, 0.845755736471, 0.000710240334583, 0.000232890457028, 0.196622512542, 334.989819663, 9.22536324127
0.737656195965, 0.999622731564, 0.0719298878282, 0.377648437207, 0.413329043705, 0.0824605425801, 0.93003246117, 0.79596644692, 0.181526981145, 3.39401751176, 5.59322347051, 115.957218875, 0.0471553912559, 44.4526542258
0.0118923306642, 0.999514371562, 0.922862943031, 0.197680740175, 0.896537219209, 0.316574644916, 0.9976426493, 0.143133415869, 0.166488474922, 0.502512361499, 2.03952770297, 0.212475200952, 0.00133832087327, 228.977829583
0.994382503375, 0.946221786805, 0.198406992639, 0.748661036439, 0.675169043835, 0.816963976461, 0.913353959763, 0.10602355465, 0.448343599807, 30.5570557015, 10.258552717, 164.900973823, 11.6918362818, 1.22819041285
0.696310405423, 0.999997666718, 0.680937829318, 0.117435836106, 0.171069622492, 0.482371361609, 0.391723344778, 0.982404405106, 0.0708316965244, 11.9361187954, 89.7033738092, 47.6244904324, 0.000348275705068, 65.1003114531
0.000124904193979, 0.0018299145407, 0.113232971445, 0.999995273225, 0.561675397862, 0.482371361609, 0.913353959763, 0.985013649881, 0.682922460208, 5.19629934094e-06, 2.45618531262e-11, 4.06942310873e-05, 0.0250320865687, 200.752624714
0.973214222528, 0.000589418492442, 0.987588561391, 0.753066638159, 0.643104503487, 0.980953766844, 0.993570500832, 0.00620636913414, 0.880394585161, 0.0908529174846, 0.029791010796, 0.00151618271814, 207.133147561, 5.70428834965
0.378379074995, 0.928149671323, 0.739790252411, 0.999970015341, 0.0157242707636, 0.204087472218, 0.913353959763, 0.486318071862, 0.937422142355, 46.2403690005, 0.00138654326446, 16.264820331, 4.83878641539, 110.638481798
0.703745962032, 0.999538094622, 0.688183014609, 0.846492886722, 0.982555479624, 0.482371361609, 0.544995081238, 0.38300363371, 0.998430514126, 83.5385052077, 15.1492764832, 44.7156147834, 0.0662694102595, 60.3960379701
0.999300236713, 0.903506851768, 0.327607814819, 0.37324218671, 0.907468005059, 0.165533322836, 0.776758297268, 0.989771897365, 0.167211308035, 27.2848286281, 45.8173811425, 150.037185762, 23.8309457503, 0.172941796239
0.481781437498, 0.982249134315, 0.00157535966194, 0.99592825253, 0.0885507970688, 0.0900392679713, 0.919465347287, 0.47716179818, 0.7695874454, 0.144454815304, 0.000590588254985, 91.9262492117, 1.66388050348, 100.824365418
0.994382503375, 0.999538094622, 0.879724135497, 0.846492886722, 0.171069622492, 0.473034715998, 0.544995081238, 0.38300363371, 0.998430514126, 193.348934706, 35.0628307546, 31.2284515622, 0.119984634149, 1.4674454259
0.913518199679, 0.999622731564, 0.0719298878282, 0.273137972008, 0.413329043705, 0.475688465062, 0.544995081238, 0.79596644692, 0.181526981145, 3.66064341658, 9.74153347472, 172.920606251, 0.070320234679, 17.6456376601
0.999972645818, 0.982249134315, 0.785887407514, 0.999680600575, 0.857892451945, 0.204087472218, 0.669400861684, 0.362407692883, 0.166488474922, 264.771495682, 0.0845948830892, 72.1592223573, 6.09042384913, 0.00938563350841
0.999972645818, 0.99313124549, 0.922862943031, 0.0883053129208, 0.995155080793, 0.668717463497, 0.029186864585, 0.166103549222, 0.166488474922, 26.1353079072, 269.82998617, 24.7381173148, 2.21806837044, 0.00883349456514
0.994382503375, 0.971824546981, 0.251431780458, 0.426828569267, 0.0804459335841, 0.204087472218, 0.235581790125, 0.38300363371, 0.630423240359, 23.5453163521, 31.6180865862, 164.233694906, 6.36083194451, 1.27535873208
0.998131622094, 0.104619042673, 0.998920534701, 0.0336943057911, 0.588491857282, 0.368097268262, 0.913353959763, 0.996768498382, 0.166488474922, 0.719913705556, 20.6461209597, 0.023088816568, 183.058584464, 0.382700609756
0.965766018604, 0.999291447836, 0.362394582332, 0.139498215649, 0.807157837643, 0.23149980038, 0.947823728014, 0.107363103424, 0.848350941049, 15.2206788771, 93.8895259116, 191.97102023, 0.213483017453, 10.6801411844
0.690878380929, 0.181398991176, 0.319570753389, 0.0419570364771, 0.868572213756, 0.0359801190645, 0.208802422019, 0.999589678317, 0.144842766046, 0.499787787498, 11.4121066041, 25.3627756627, 168.209769593, 91.9404694532
0.999300236713, 0.121952146749, 0.922862943031, 0.109038661648, 0.999976964701, 0.973938495466, 0.511580944941, 0.143133415869, 0.845755736471, 3.63269553178, 29.6829695441, 2.78467390454, 259.920189914, 0.20728935193
0.999972645818, 0.946221786805, 0.338060592467, 0.951422653356, 0.750369212262, 0.235053869095, 0.913353959763, 0.143133415869, 0.0649056305457, 122.546149513, 6.25691091528, 252.202780828, 21.6543453613, 0.0110147413319
0.999936690283, 0.121952146749, 0.00477375911975, 0.258830320479, 0.0942668368957, 0.23149980038, 0.913353959763, 0.0506806600854, 0.42635919544, 0.0414535038264, 0.118703558722, 33.3893075273, 241.554053341, 0.0174178286331
0.999936690283, 0.946221786805, 0.992509115584, 0.835824940205, 0.750369212262, 0.511516518448, 0.515316134282, 0.143133415869, 0.733891393523, 250.078872155, 49.1211877207, 2.25818889785, 17.1332833361, 0.0201712168277
0.999972645818, 0.999078991321, 0.985723915912, 0.0883053129208, 0.995155080793, 0.668717463497, 0.029186864585, 0.166103549222, 0.231883114406, 27.5179473951, 284.104835934, 4.51318364789, 0.29143238118, 0.00865584944843
0.998131622094, 0.982249134315, 0.922862943031, 0.248894527689, 0.118903322157, 0.00638407576239, 0.596690188962, 0.0506806600854, 0.166488474922, 55.8179972534, 168.445660818, 18.74497042, 4.39156765213, 0.46310231046
0.845840999752, 0.999078991321, 0.999982376267, 0.989872218922, 0.459321722426, 0.668717463497, 0.53071328541, 0.717218211293, 0.549355066451, 300.691745839, 3.07649827493, 0.00535362476023, 0.280036035682, 55.415384473
0.0118923306642, 0.999514371562, 0.00477375911975, 0.197680740175, 0.896537219209, 0.316574644916, 0.9976426493, 0.978124081257, 0.166488474922, 0.00203732082478, 0.00826879611397, 2.14860401661, 0.00104893755047, 179.466261397
0.999803704811, 0.903506851768, 0.0593102139631, 0.848833771932, 0.0317931707744, 0.0717900145157, 0.913353959763, 0.233011113699, 0.150139529746, 16.3846956137, 2.91790067251, 306.148873138, 34.7577185718, 0.0707212127222
0.99963979683, 0.999078991321, 0.998920534701, 0.0718005365919, 0.999594447742, 0.482371361609, 0.737075147136, 0.830265074891, 0.297356571291, 14.4922598049, 187.348290319, 0.218115317643, 0.18626934028, 0.0728755166092
0.739794668433, 0.996578457654, 0.998920534701, 0.99592825253, 0.676672918926, 0.816963976461, 0.658263829224, 0.248017385277, 0.648260656233, 275.712203766, 1.12722022424, 0.299161485949, 0.951496993235, 97.8116296347
0.999629279646, 0.999078991321, 0.998920534701, 0.510610587014, 0.676672918926, 0.817389554367, 0.737075147136, 0.0277571693952, 0.937599494148, 168.597538082, 161.590559011, 0.356811758764, 0.30471537546, 0.122698176478
0.998998570313, 0.999111391462, 0.999139208469, 0.502959003884, 0.339387815661, 0.945866886452, 0.273036909053, 0.620121279783, 0.0243852183766, 177.09876021, 175.014948546, 0.303357626198, 0.313439339039, 0.353588894227
0.999300236713, 0.999808144344, 0.802037663534, 0.827753463954, 0.0251305607616, 0.432976159103, 0.913353959763, 0.733233478046, 0.682922460208, 176.976689707, 36.8269334897, 52.7719167282, 0.0511538391161, 0.18670622191
0.997104674845, 0.858275256339, 0.302450905003, 0.888769926434, 0.72154824812, 0.816963976461, 0.955280560917, 0.380221190864, 0.688542477063, 52.785859368, 6.60618102176, 136.977153444, 32.4259303219, 0.66435981599
0.53554809268, 0.999078991321, 0.79117849143, 0.0138602578533, 0.337824303811, 0.602476081225, 0.499628583153, 0.758731255461, 0.998430514126, 1.15998303014, 82.5313192835, 22.0892557022, 0.0975146238497, 91.8223282893
0.999972645818, 0.741525050434, 0.338060592467, 0.448079529921, 0.750369212262, 0.235053869095, 0.955280560917, 0.143133415869, 0.0649056305457, 54.4955120388, 67.1246656302, 238.138340121, 125.401784724, 0.0132715262504
0.999936690283, 0.903506851768, 0.0796704075401, 0.982051970152, 0.561675397862, 0.543473751923, 0.829127550139, 0.0118186365327, 0.150139529746, 27.0880715766, 0.495062921277, 318.632422188, 36.9752912954, 0.0242612401837
0.994382503375, 0.999682180185, 0.00477375911975, 0.276108546298, 0.525697654902, 0.287387596575, 0.580109911173, 0.759092149129, 0.544240638018, 0.388750222822, 1.01921134894, 293.529746101, 0.0937668485761, 1.6667009997
0.999300236713, 0.996578457654, 0.885257611955, 0.99592825253, 0.446328103317, 0.0359801190645, 0.407913334312, 0.982404405106, 0.937422142355, 291.800985663, 1.19299750972, 37.9763233416, 1.13631687539, 0.232558758649
0.999803704811, 0.903506851768, 0.0593102139631, 0.848833771932, 0.0317931707744, 0.0717900145157, 0.913353959763, 0.233011113699, 0.150139529746, 16.3846956137, 2.91790067251, 306.148873138, 34.7577185718, 0.0707212127222
0.999300236713, 0.121952146749, 0.922862943031, 0.109038661648, 0.999976964701, 0.973938495466, 0.511580944941, 0.143133415869, 0.845755736471, 3.63269553178, 29.6829695441, 2.78467390454, 259.920189914, 0.20728935193
