0.00119092565986, -2.48635508837, 0.442263954187, 1.19004690784, 3.62048636193, 2.08949827783, 2.08359427592, -0.934140158914, -4.61479442876, -1.87224539463, 0.00119092565986, 118.689804748
0.218605316166, -3.02588216011, -4.42603406241, 1.53314156886, -3.30627024395, 0.445779589195, 0.979852819418, -0.934140158914, -3.5063676142, -0.950352522049, 0.218605316166, 88.9564917597
0.00293698416709, -2.95241260098, -4.995587734, 1.53314156886, -1.33403402746, 1.1162160804, 1.36906658431, -0.934140158914, -3.5063676142, 1.4770126318, 0.00293698416709, 98.1243131461
0.292258707208, 1.37713718146, 1.38886555233, 0.52081957822, -0.0397087270377, -0.427585021764, 0.95668634001, -2.49129536604, -0.260305169206, -2.03529726478, 0.292258707208, 62.420565099
0.00576806108695, -0.536547027061, 0.0136400972273, -0.46343961427, 3.5945022037, -3.58251381272, 1.53092525321, 1.35847992332, -2.27242064049, 2.54797086266, 0.00576806108695, 90.6694645319
0.00119092565986, -2.48635508837, 0.442263954187, 1.19004690784, 3.62048636193, 2.08949827783, 2.08359427592, -0.934140158914, -4.61479442876, -1.87224539463, 0.00119092565986, 118.689804748
0.218605316166, -3.02588216011, -4.42603406241, 1.53314156886, -3.30627024395, 0.445779589195, 0.979852819418, -0.934140158914, -3.5063676142, -0.950352522049, 0.218605316166, 88.9564917597
0.00293698416709, -2.95241260098, -4.995587734, 1.53314156886, -1.33403402746, 1.1162160804, 1.36906658431, -0.934140158914, -3.5063676142, 1.4770126318, 0.00293698416709, 98.1243131461
0.292258707208, 1.37713718146, 1.38886555233, 0.52081957822, -0.0397087270377, -0.427585021764, 0.95668634001, -2.49129536604, -0.260305169206, -2.03529726478, 0.292258707208, 62.420565099
0.00576806108695, -0.536547027061, 0.0136400972273, -0.46343961427, 3.5945022037, -3.58251381272, 1.53092525321, 1.35847992332, -2.27242064049, 2.54797086266, 0.00576806108695, 90.6694645319
0.292258707208, 0.280616501373, 1.38886555233, 0.98431213542, 1.85199247412, -1.49411991845, -2.91939918801, 1.07540167317, -0.491344656185, 1.97507191258, 0.292258707208, 73.4812589264
0.292258707208, 0.280616501373, 1.38886555233, 0.98431213542, 1.85199247412, -1.49411991845, -2.91939918801, 1.07540167317, -0.491344656185, 1.97507191258, 0.292258707208, 73.4812589264
0.779894577726, -0.536547027061, 3.90264710698, 0.96883996894, -3.04891194366, -1.49411991845, 2.08359427592, 3.39567059763, -1.96937203463, 1.97507191258, 0.779894577726, 76.5528278093
0.779894577726, -0.536547027061, 3.90264710698, 0.96883996894, -3.04891194366, -1.49411991845, 2.08359427592, 3.39567059763, -1.96937203463, 1.97507191258, 0.779894577726, 76.5528278093
0.779894577726, -0.536547027061, 2.15427222707, -0.46343961427, -3.04891194366, -1.56103488059, 2.08359427592, 1.35847992332, -0.327281789582, 1.97507191258, 0.779894577726, 81.582692447
0.779894577726, -0.536547027061, 2.15427222707, -0.46343961427, -3.04891194366, -1.56103488059, 2.08359427592, 1.35847992332, -0.327281789582, 1.97507191258, 0.779894577726, 81.582692447
0.0254835239474, -2.48635508837, 0.0136400972273, -0.46343961427, 3.5945022037, -1.49411991845, 4.4831601017, 1.35847992332, -2.27242064049, 0.960289042919, 0.0254835239474, 91.3074656768
0.0254835239474, -2.48635508837, 0.0136400972273, -0.46343961427, 3.5945022037, -1.49411991845, 4.4831601017, 1.35847992332, -2.27242064049, 0.960289042919, 0.0254835239474, 91.3074656768
0.779894577726, -2.08214219152, 3.90264710698, 0.96883996894, -3.04891194366, -1.49411991845, 2.08359427592, 3.39567059763, -1.96937203463, 1.97507191258, 0.779894577726, 84.4357304669
0.779894577726, -2.08214219152, 3.90264710698, 0.96883996894, -3.04891194366, -1.49411991845, 2.08359427592, 3.39567059763, -1.96937203463, 1.97507191258, 0.779894577726, 84.4357304669
0.486373403673, 0.953792757925, -3.48536589421, -4.60282072775, 2.04291658719, 1.53037560554, -0.0982964923805, -0.639588779574, 0.500976843899, 4.05149862763, 0.486373403673, 90.5889192993
0.486373403673, 0.953792757925, -3.48536589421, -4.60282072775, 2.04291658719, 1.53037560554, -0.0982964923805, -0.639588779574, 0.500976843899, 4.05149862763, 0.486373403673, 90.5889192993
0.00300961385543, -1.81432340696, 3.63956470635, 1.19004690784, -4.09569290078, -3.58251381272, -1.71226711143, -4.87566297801, 0.125334603258, -1.87224539463, 0.00300961385543, 185.321946009
0.00300961385543, -1.81432340696, 3.63956470635, 1.19004690784, -4.09569290078, -3.58251381272, -1.71226711143, -4.87566297801, 0.125334603258, -1.87224539463, 0.00300961385543, 185.321946009
0.994538681139, 2.41320716744, 1.0899628613, 0.00834846330964, -3.04891194366, -3.37360626312, 2.08359427592, -1.21070027615, -1.96937203463, 1.97507191258, 0.994538681139, 90.4954885488
0.994538681139, 2.41320716744, 1.0899628613, 0.00834846330964, -3.04891194366, -3.37360626312, 2.08359427592, -1.21070027615, -1.96937203463, 1.97507191258, 0.994538681139, 90.4954885488
0.00300961385543, 4.11369265143, -1.23718158005, 1.19004690784, -4.03990173404, -3.37360626312, 0.2714651078, -4.21290287171, 0.125334603258, -1.87224539463, 0.00300961385543, 186.028293375
0.00300961385543, 4.11369265143, -1.23718158005, 1.19004690784, -4.03990173404, -3.37360626312, 0.2714651078, -4.21290287171, 0.125334603258, -1.87224539463, 0.00300961385543, 186.028293375
0.00300961385543, -1.81432340696, 3.63956470635, 1.19004690784, -4.09569290078, -3.58251381272, -1.71226711143, -4.87566297801, 2.11124561939, -1.87224539463, 0.00300961385543, 188.001714664
0.00300961385543, -1.81432340696, 3.63956470635, 1.19004690784, -4.09569290078, -3.58251381272, -1.71226711143, -4.87566297801, 2.11124561939, -1.87224539463, 0.00300961385543, 188.001714664
0.0238374981648, -2.48635508837, 0.442263954187, -3.11751029801, 3.62048636193, 2.08949827783, 2.08359427592, -0.523258495326, -4.92879936827, 1.97507191258, 0.0238374981648, 103.90511672
0.0238374981648, -2.48635508837, 0.442263954187, -3.11751029801, 3.62048636193, 2.08949827783, 2.08359427592, -0.523258495326, -4.92879936827, 1.97507191258, 0.0238374981648, 103.90511672
0.00300961385543, -1.81432340696, 3.63956470635, 1.19004690784, -4.09569290078, -3.58251381272, 3.51395056194, -4.21290287171, 0.125334603258, -2.81047165743, 0.00300961385543, 190.283522153
0.00300961385543, -1.81432340696, 3.63956470635, 1.19004690784, -4.09569290078, -3.58251381272, 3.51395056194, -4.21290287171, 0.125334603258, -2.81047165743, 0.00300961385543, 190.283522153
0.00300961385543, 4.11369265143, 3.13931099987, -2.83042097694, -4.03990173404, -3.37360626312, 0.2714651078, -4.21290287171, 0.125334603258, -1.87224539463, 0.00300961385543, 190.885977196
0.00300961385543, 4.11369265143, 3.13931099987, -2.83042097694, -4.03990173404, -3.37360626312, 0.2714651078, -4.21290287171, 0.125334603258, -1.87224539463, 0.00300961385543, 190.885977196
0.00300961385543, -1.79915001096, 3.63956470635, 1.19004690784, -4.09569290078, -3.58251381272, 3.51395056194, -4.21290287171, 0.125334603258, -2.81047165743, 0.00300961385543, 191.473981592
0.00300961385543, -1.79915001096, 3.63956470635, 1.19004690784, -4.09569290078, -3.58251381272, 3.51395056194, -4.21290287171, 0.125334603258, -2.81047165743, 0.00300961385543, 191.473981592
0.292258707208, 0.280616501373, 1.38886555233, 0.98431213542, 1.85199247412, 1.91609338918, -2.91939918801, 0.829616382049, -0.491344656185, 1.97507191258, 0.292258707208, 90.7233546093
0.292258707208, 0.280616501373, 1.38886555233, 0.98431213542, 1.85199247412, 1.91609338918, -2.91939918801, 0.829616382049, -0.491344656185, 1.97507191258, 0.292258707208, 90.7233546093
0.00300961385543, 4.11369265143, -1.23718158005, -2.83042097694, -4.46013155744, -3.37360626312, 0.2714651078, -4.21290287171, 0.125334603258, -1.87224539463, 0.00300961385543, 194.213128794
0.00300961385543, 4.11369265143, -1.23718158005, -2.83042097694, -4.46013155744, -3.37360626312, 0.2714651078, -4.21290287171, 0.125334603258, -1.87224539463, 0.00300961385543, 194.213128794
0.00300961385543, 3.94678951443, -3.1760007478, 1.19004690784, 1.99660297606, -4.67660434289, -4.78679636961, 3.90092355236, 0.125334603258, 1.20894312436, 0.00300961385543, 199.510343436
0.00300961385543, 3.94678951443, -3.1760007478, 1.19004690784, 1.99660297606, -4.67660434289, -4.78679636961, 3.90092355236, 0.125334603258, 1.20894312436, 0.00300961385543, 199.510343436
0.00300961385543, 3.94678951443, -3.1760007478, 1.19004690784, -4.09569290078, -4.67660434289, -4.78679636961, -4.9710078496, 0.125334603258, -1.87224539463, 0.00300961385543, 215.731301321
0.00300961385543, 3.94678951443, -3.1760007478, 1.19004690784, -4.09569290078, -4.67660434289, -4.78679636961, -4.9710078496, 0.125334603258, -1.87224539463, 0.00300961385543, 215.731301321
0.00300961385543, 3.94678951443, -3.1760007478, 0.88187701676, -4.09569290078, -4.67660434289, -4.78679636961, -4.21290287171, 0.125334603258, -1.87224539463, 0.00300961385543, 218.250167813
0.00300961385543, 3.94678951443, -3.1760007478, 0.88187701676, -4.09569290078, -4.67660434289, -4.78679636961, -4.21290287171, 0.125334603258, -1.87224539463, 0.00300961385543, 218.250167813
0.0208924157789, -3.60973282572, 0.0136400972273, -0.46343961427, 3.5945022037, -3.58251381272, 3.90322709084, 1.35847992332, -0.434167190209, 3.84936195449, 0.0208924157789, 127.520583364
0.0110244957587, -0.536547027061, 0.0136400972273, 0.00834846330964, 4.64760110274, -1.49411991845, 3.90322709084, -1.70348814863, -2.27242064049, 4.84600427738, 0.0110244957587, 144.008650115
0.0208924157789, -3.60973282572, 0.0136400972273, -0.46343961427, 3.5945022037, -3.58251381272, 3.90322709084, 1.35847992332, -0.434167190209, 3.84936195449, 0.0208924157789, 127.520583364
0.0110244957587, -0.536547027061, 0.0136400972273, 0.00834846330964, 4.64760110274, -1.49411991845, 3.90322709084, -1.70348814863, -2.27242064049, 4.84600427738, 0.0110244957587, 144.008650115
0.0180410176855, -2.38975789799, -3.45744895049, -4.5404584828, -2.77623551845, 4.46837580695, -3.09202433455, 2.74021155464, -1.31919086767, 3.22048381419, 0.0180410176855, 188.863590285
0.0180410176855, -2.38975789799, -3.45744895049, -4.5404584828, -2.77623551845, 4.46837580695, -3.09202433455, 2.74021155464, -1.31919086767, 3.22048381419, 0.0180410176855, 188.863590285
0.218605316166, -2.95241260098, -4.42603406241, 1.53314156886, -3.97381165289, 1.57935619602, -0.300211321079, -1.55854978696, -3.5063676142, -0.950352522049, 0.218605316166, 99.954178442
0.218605316166, -2.95241260098, -4.42603406241, 1.53314156886, -3.97381165289, 1.57935619602, -0.300211321079, -1.55854978696, -3.5063676142, -0.950352522049, 0.218605316166, 99.954178442
0.362822643543, 1.37713718146, 1.79280716586, -1.58218234125, 3.59744480517, -0.427585021764, 0.95668634001, -2.49129536604, 2.13112848374, -2.03529726478, 0.362822643543, 94.4478899529
0.362822643543, 1.37713718146, 1.79280716586, -1.58218234125, 3.59744480517, -0.427585021764, 0.95668634001, -2.49129536604, 2.13112848374, -2.03529726478, 0.362822643543, 94.4478899529
0.218605316166, -3.02588216011, -4.42603406241, 1.53314156886, -3.30627024395, 1.1162160804, 0.409385985314, -0.934140158914, -3.5063676142, -0.950352522049, 0.218605316166, 101.370254133
0.218605316166, -3.02588216011, -4.42603406241, 1.53314156886, -3.30627024395, 1.1162160804, 0.409385985314, -0.934140158914, -3.5063676142, -0.950352522049, 0.218605316166, 101.370254133
0.0254835239474, 3.95734954551, 0.0136400972273, -0.46343961427, 1.34692105279, -1.49411991845, 4.4831601017, 1.35847992332, -1.75805349202, 3.51602353953, 0.0254835239474, 106.823310913
0.0254835239474, 3.95734954551, 0.0136400972273, -0.46343961427, 1.34692105279, -1.49411991845, 4.4831601017, 1.35847992332, -1.75805349202, 3.51602353953, 0.0254835239474, 106.823310913
0.0238374981648, -2.48635508837, 0.442263954187, -3.11751029801, 3.5309187718, 4.69229477415, -0.739316770329, -0.523258495326, -2.27242064049, 0.539381147113, 0.0238374981648, 128.950994584
0.0252795785489, 3.95734954551, 0.0136400972273, -0.46343961427, 3.5945022037, -3.58251381272, 4.4831601017, 1.35847992332, -2.27242064049, 3.51602353953, 0.0252795785489, 127.950314223
0.0238374981648, -2.48635508837, 0.442263954187, -3.11751029801, 3.5309187718, 4.69229477415, -0.739316770329, -0.523258495326, -2.27242064049, 0.539381147113, 0.0238374981648, 128.950994584
0.0252795785489, 3.95734954551, 0.0136400972273, -0.46343961427, 3.5945022037, -3.58251381272, 4.4831601017, 1.35847992332, -2.27242064049, 3.51602353953, 0.0252795785489, 127.950314223
0.58312356781, -3.40983107149, 1.0157504322, 0.394961814356, 1.43280041026, -1.13063891692, 2.90341488727, -0.251559370388, -1.99511256523, -0.367841344842, 0.58312356781, 94.712259098
0.58312356781, -3.40983107149, 1.0157504322, 0.394961814356, 1.43280041026, -1.13063891692, 2.90341488727, -0.251559370388, -1.99511256523, -0.367841344842, 0.58312356781, 94.712259098
0.779894577726, 2.41320716744, -0.203422815935, 0.00834846330964, -3.04891194366, 1.01269665763, 2.08359427592, 3.79434630691, -1.96937203463, 1.97507191258, 0.779894577726, 94.1601371652
0.779894577726, 2.41320716744, -0.203422815935, 0.00834846330964, -3.04891194366, 1.01269665763, 2.08359427592, 3.79434630691, -1.96937203463, 1.97507191258, 0.779894577726, 94.1601371652
0.0238374981648, -0.796840405243, -1.23718158005, -3.11751029801, -4.03990173404, -3.37360626312, -1.71226711143, -0.523258495326, 0.125334603258, 1.97507191258, 0.0238374981648, 136.212250527
0.0238374981648, -0.796840405243, -1.23718158005, -3.11751029801, -4.03990173404, -3.37360626312, -1.71226711143, -0.523258495326, 0.125334603258, 1.97507191258, 0.0238374981648, 136.212250527
0.779894577726, -0.536547027061, 3.90264710698, 0.00834846330964, -2.22908910589, -1.49411991845, 2.08359427592, 3.39567059763, -1.96937203463, -1.6074999579, 0.779894577726, 94.4283934336
0.779894577726, -0.536547027061, 3.90264710698, 0.00834846330964, -2.22908910589, -1.49411991845, 2.08359427592, 3.39567059763, -1.96937203463, -1.6074999579, 0.779894577726, 94.4283934336
0.0397182562031, -0.109536537581, -4.9100791882, -0.141463405445, -0.153637406897, 0.445779589195, 3.43049576967, 1.09286059569, -2.14529680169, 1.4770126318, 0.0397182562031, 109.305716694
0.0397182562031, -0.109536537581, -4.9100791882, -0.141463405445, -0.153637406897, 0.445779589195, 3.43049576967, 1.09286059569, -2.14529680169, 1.4770126318, 0.0397182562031, 109.305716694
0.0254835239474, 3.95734954551, 0.0136400972273, -0.46343961427, 3.5945022037, -3.58251381272, -0.821755962452, -0.595257753368, -0.434167190209, 3.84936195449, 0.0254835239474, 111.372670156
0.0397182562031, -0.109536537581, -4.9100791882, -0.141463405445, -0.153637406897, 0.445779589195, 3.43049576967, 1.09286059569, -2.14529680169, 1.4770126318, 0.0397182562031, 109.305716694
0.0397182562031, -0.109536537581, -4.9100791882, -0.141463405445, -0.153637406897, 0.445779589195, 3.43049576967, 1.09286059569, -2.14529680169, 1.4770126318, 0.0397182562031, 109.305716694
0.0254835239474, 3.95734954551, 0.0136400972273, -0.46343961427, 3.5945022037, -3.58251381272, -0.821755962452, -0.595257753368, -0.434167190209, 3.84936195449, 0.0254835239474, 111.372670156
0.0238374981648, -3.90479669151, 0.442263954187, -3.11751029801, 1.26323273188, 4.69229477415, -0.739316770329, -0.523258495326, -1.75805349202, 2.00636940247, 0.0238374981648, 153.294263884
0.0239258670228, 3.94678951443, -0.482626205191, 2.73765402545, 1.99999487122, -4.51056049899, -4.93440597374, 1.74174643545, 3.39260998296, 1.4480390391, 0.0239258670228, 145.014902409
0.0238374981648, -3.90479669151, 0.442263954187, -3.11751029801, 1.26323273188, 4.69229477415, -0.739316770329, -0.523258495326, -1.75805349202, 2.00636940247, 0.0238374981648, 153.294263884
0.0239258670228, 3.94678951443, -0.482626205191, 2.73765402545, 1.99999487122, -4.51056049899, -4.93440597374, 1.74174643545, 3.39260998296, 1.4480390391, 0.0239258670228, 145.014902409
0.779894577726, 2.41320716744, -0.203422815935, 0.00834846330964, -3.04891194366, 1.01269665763, 2.08359427592, 3.79434630691, 0.586811899145, 1.97507191258, 0.779894577726, 95.2777819435
0.779894577726, 2.41320716744, -0.203422815935, 0.00834846330964, -3.04891194366, 1.01269665763, 2.08359427592, 3.79434630691, 0.586811899145, 1.97507191258, 0.779894577726, 95.2777819435
0.0373777093606, -0.0804948242477, 2.56338474146, -2.25190214093, 2.08111949802, 0.29290477713, -0.352491279486, 0.0873448928949, -1.54919333461, -3.8961386976, 0.0373777093606, 113.27814485
0.0373777093606, -0.0804948242477, 2.56338474146, -2.25190214093, 2.08111949802, 0.29290477713, -0.352491279486, 0.0873448928949, -1.54919333461, -3.8961386976, 0.0373777093606, 113.27814485
0.0239258670228, 3.94678951443, -1.23718158005, 2.73765402545, 1.83158450878, 3.34677984374, -0.319825413687, 1.74174643545, 3.39260998296, 1.4480390391, 0.0239258670228, 173.665732985
0.0239258670228, 3.94678951443, -1.23718158005, 2.73765402545, 1.83158450878, 3.34677984374, -0.319825413687, 1.74174643545, 3.39260998296, 1.4480390391, 0.0239258670228, 173.665732985
0.0239258670228, 3.94678951443, -1.23718158005, 2.73765402545, 1.83158450878, 3.34677984374, -0.319825413687, 1.74174643545, 3.39260998296, 1.4480390391, 0.0239258670228, 173.665732985
0.0239258670228, 3.94678951443, -1.23718158005, 2.73765402545, 1.83158450878, 3.34677984374, -0.319825413687, 1.74174643545, 3.39260998296, 1.4480390391, 0.0239258670228, 173.665732985
0.0241511819949, -2.38975789799, -3.45744895049, -4.5404584828, -2.77623551845, 4.46837580695, -3.09202433455, 2.74021155464, -1.37249140196, 4.6036120546, 0.0241511819949, 181.716297695
0.0241511819949, -2.38975789799, -3.45744895049, -4.5404584828, -2.77623551845, 4.46837580695, -3.09202433455, 2.74021155464, -1.37249140196, 4.6036120546, 0.0241511819949, 181.716297695
0.0241511819949, -2.38975789799, -3.45744895049, -4.5404584828, -4.58463449219, 4.46837580695, -3.09202433455, 2.74021155464, -1.37249140196, 3.22048381419, 0.0241511819949, 181.862202083
0.0241511819949, -2.38975789799, -3.45744895049, -4.5404584828, -4.58463449219, 4.46837580695, -3.09202433455, 2.74021155464, -1.37249140196, 3.22048381419, 0.0241511819949, 181.862202083
0.58312356781, -3.40983107149, 1.0157504322, 0.394961814356, 1.43280041026, -1.13063891692, 1.55364747197, -0.251559370388, -3.1169372844, -0.367841344842, 0.58312356781, 99.0839022033
0.58312356781, -3.40983107149, 1.0157504322, 0.394961814356, 1.43280041026, -1.13063891692, 1.55364747197, -0.251559370388, -3.1169372844, -0.367841344842, 0.58312356781, 99.0839022033
0.0373777093606, -0.0804948242477, -1.5450321245, -2.25190214093, 1.064817217, 3.34677984374, -2.15756410023, 0.0873448928949, 0.446743504539, 2.23654199804, 0.0373777093606, 114.960406241
0.0373777093606, -0.0804948242477, -1.5450321245, -2.25190214093, 1.064817217, 3.34677984374, -2.15756410023, 0.0873448928949, 0.446743504539, 2.23654199804, 0.0373777093606, 114.960406241
