0.0986650159466, 0.882094307632, 0.992874567817, 0.0640268199468, 0.814674449023, 0.948083394044, 0.547359072706, 0.457107742179, 0.910221952166, 0.51558806581, 0.514022506636, 0.822160197824, 0.635389908485, 0.391490324629, 1.15516470976, 7.85157878452e-120, 1.11643212417, 8.98465083366e-06, 6.58140016032e-101
0.451677761317, 0.265838936806, 0.342232034272, 0.865140863935, 0.412639771246, 0.313635801115, 0.457999607671, 0.49719325608, 0.558022145716, 0.298639638847, 0.619572689324, 0.73112720515, 0.704052448536, 0.317261524277, 1.23079606465, 9.88527069317e-07, 5.22843670552e-47, 5.59970453128e-58, 5.87728572186e-35
0.0525519473175, 0.998683351965, 0.461579348558, 0.511046596884, 0.191506393569, 0.132917894697, 0.0570140661543, 0.620036093839, 0.51371960277, 0.36792145291, 0.41072925344, 0.0581663831425, 0.0193133082974, 0.0236445052654, 0.408375187284, 4.50017378546e-30, 1.70536055088e-34, 2.07963950325, 3.8124590099e-128
0.997105522924, 0.128931140218, 0.992874567817, 0.0327183185724, 0.804016253105, 0.257590177845, 0.504775280321, 0.457107742179, 0.116136506032, 0.749413260365, 0.521450562667, 0.555276401042, 0.107577002071, 0.00660611257035, 0.488293118078, 2.31152265538e-149, 0.471920686656, 1.15829261798e-89, 1.62757417857
0.0812457401617, 0.43064027146, 0.00190959578009, 0.511046596884, 0.00839616895445, 0.109239025658, 0.667988566091, 0.10742834903, 0.160102055623, 0.0630770463791, 0.941586281516, 0.786940222054, 0.898563991546, 0.0816443634866, 2.49434123426, 2.74869026913e-29, 4.86654082294e-272, 1.01050810282e-36, 3.74227497659e-109
0.253469624227, 0.128931140218, 0.992874567817, 0.374558052996, 0.503730515191, 0.663749140323, 0.863582054702, 0.694733734619, 0.511228010592, 0.51558806581, 0.694078241333, 0.370765006405, 0.281120727791, 0.237722107384, 0.983942927695, 3.47539097632e-43, 0.950951395539, 2.33403623247e-89, 5.30783422043e-60
0.0433392401593, 0.242564433641, 0.00759503112994, 0.0601270698735, 0.999340901429, 0.151754689462, 0.996033391831, 0.286733293694, 0.843629306832, 0.512072206082, 0.276625611577, 0.845402106938, 0.479494169634, 0.419792745093, 1.95642721035, 2.48077623873e-122, 3.47167767822e-212, 9.33890131071e-62, 1.49869360528e-136
0.999742619826, 0.0992694223095, 0.080619045271, 0.0946420894308, 0.616142655145, 0.094212179969, 0.460806751261, 0.450624700372, 0.719476533599, 0.390888393306, 0.539949735525, 0.365673327209, 0.225483858679, 0.926662731724, 0.0606296155063, 3.86577580526e-104, 4.19343353294e-111, 4.57461074353e-102, 1.51803174906
0.520375411677, 0.271643163746, 0.998321183163, 0.374558052996, 0.23968445186, 0.700916574601, 0.57640453902, 0.694733734619, 0.7243621659, 0.51558806581, 0.629093832954, 0.672545652672, 0.281120727791, 0.237722107384, 0.32851717192, 1.1603575601e-43, 1.32550323248, 5.38670991497e-57, 9.18591333465e-29
0.0547098306348, 0.99022568642, 0.017251143433, 0.135603203136, 0.814674449023, 0.59061802082, 0.504775280321, 0.361914651131, 0.133267087955, 0.363947393983, 0.694873454265, 0.611188437044, 0.197333456548, 0.391490324629, 1.19219411605, 3.15836035958e-87, 9.0002683793e-177, 0.795167847703, 1.44183916228e-126
0.451677761317, 0.996513283319, 0.668203601492, 0.814136356438, 0.404307925321, 0.948083394044, 0.142000841206, 0.562227285736, 0.24051482627, 0.412924649401, 0.369415235138, 0.638725196453, 0.734899106206, 0.340851489073, 0.685105922115, 1.26355025908e-09, 3.33241289278e-18, 1.37216308602, 7.32365674991e-35
0.228999707389, 0.271643163746, 0.993232338162, 0.175509692938, 0.23968445186, 0.948083394044, 0.863582054702, 0.694733734619, 0.7243621659, 0.26249431933, 0.442302861058, 0.573547560494, 0.115641135673, 0.237722107384, 1.23802633091, 5.23552694383e-76, 1.26591402196, 6.98447528084e-57, 2.67761747272e-64
0.276378030112, 0.0114510005218, 0.128236718196, 0.000653689613086, 0.00839616895445, 0.198441120955, 0.831080997409, 0.256196514949, 0.160102055623, 0.260514953128, 0.941586281516, 0.283469154585, 0.838066629719, 0.0972087667347, 2.19296442543, 1.18662710556e-318, 2.17967115123e-89, 2.63933738426e-194, 4.86971079812e-56
0.0110403711365, 0.998683351965, 0.461579348558, 0.814136356438, 0.191506393569, 0.0138889620476, 0.156156917017, 0.376958360237, 0.51371960277, 0.504740255791, 0.570762445318, 0.594226447819, 0.0193133082974, 0.604195282048, 0.331588186961, 6.1155264612e-10, 1.38470071344e-34, 1.68860379838, 5.37317319134e-196
0.12010607117, 0.99022568642, 0.860495135843, 0.00406813111914, 0.929709915299, 0.59061802082, 0.547359072706, 0.964248481417, 0.685019387032, 0.363947393983, 0.592395597897, 0.198767448324, 0.635389908485, 0.317261524277, 1.34304872243, 1.83529490431e-239, 6.29583904546e-07, 0.895784627349, 2.29414393988e-92
0.370916401166, 0.996513283319, 0.342232034272, 0.360088191967, 0.187184111555, 0.948768511592, 0.156156917017, 0.49719325608, 0.303964347678, 0.694743297876, 0.369415235138, 0.262118005398, 0.704248324841, 0.604195282048, 0.723684755183, 4.97229996483e-45, 3.07422167318e-47, 1.44943062806, 2.15403418986e-43
0.546637253704, 0.999015658953, 0.00759503112994, 0.072589423381, 0.874815965784, 0.132917894697, 0.0570140661543, 0.620036093839, 0.51371960277, 0.36792145291, 0.369415235138, 0.594226447819, 0.0193133082974, 0.0236445052654, 0.291733999738, 5.60327039122e-115, 5.17681623681e-213, 1.9658912414, 1.83794305971e-26
0.00311442297969, 0.18369958568, 0.0257959158192, 0.979782655305, 0.381698785522, 0.937415033861, 0.0158217011612, 0.583987669365, 0.910221952166, 0.569613474705, 0.519603369131, 0.279986321966, 0.44787435191, 0.989873848706, 1.87188369254, 0.386760431352, 4.29112778885e-159, 7.73203880492e-74, 6.53485358106e-251
0.991174852452, 0.739550629585, 0.0215048013884, 0.0327183185724, 0.804016253105, 0.738906758268, 0.504775280321, 0.457107742179, 0.116136506032, 0.747593707818, 0.521450562667, 0.555276401042, 0.757467189628, 0.426814220237, 1.14481045747, 5.419399149e-149, 3.22401500916e-167, 1.41789665201e-13, 0.865534586297
0.138580448514, 0.156653523547, 0.992874567817, 0.00685597339641, 0.967620418684, 0.854321646037, 0.410024220791, 0.256196514949, 0.96156197955, 0.809121195128, 0.36785830767, 0.736920202341, 0.479494169634, 0.629586820273, 1.30232350068, 8.2746784232e-217, 1.25865669192, 8.87341912753e-81, 4.20988739553e-86
0.451677761317, 0.996513283319, 0.352818235855, 0.897654577853, 0.404307925321, 0.948083394044, 0.156156917017, 0.562227285736, 0.495713721888, 0.311701183352, 0.369415235138, 0.319413051822, 0.704248324841, 0.340851489073, 0.663008143822, 2.1309033102e-05, 5.92572031993e-46, 1.32790459371, 7.08743555343e-35
0.0434367381868, 0.144602496653, 0.150266805785, 0.217523866322, 0.412639771246, 0.758514740837, 0.375478587473, 0.0452068628415, 0.7243621659, 0.0883602245736, 0.468297430707, 0.640266753202, 0.965042166497, 0.981716816066, 1.98558486924, 1.75670857878e-66, 1.51465528487e-82, 3.24778648984e-84, 1.90427140737e-136
0.231141265622, 0.99022568642, 0.00759503112994, 0.236343486254, 0.874815965784, 0.827416070084, 0.504775280321, 0.781407867286, 0.27879940347, 0.51558806581, 0.47464484666, 0.363078707284, 0.648885212862, 0.240799540341, 1.23526392822, 4.3877651989e-63, 2.19197432116e-212, 0.823894486581, 5.69562337175e-64
0.999742619826, 0.191234687458, 0.679924287199, 0.367057399955, 0.573514422827, 0.247733081028, 0.734590408186, 0.450624700372, 0.145469577354, 0.622389776468, 0.202515808652, 0.428209907892, 0.225483858679, 0.441239724356, 0.0574531593579, 2.68430703195e-45, 1.59033734374e-18, 1.29449635526e-73, 1.43850029825
0.276378030112, 0.0726920543061, 0.128236718196, 0.000653689613086, 0.00839616895445, 0.166771556691, 0.831080997409, 0.256196514949, 0.160102055623, 0.260514953128, 0.89822927546, 0.421229231481, 0.838066629719, 0.0972087667347, 2.1359752021, 1.15578752794e-318, 2.1230273842e-89, 4.72509255378e-114, 4.74316016509e-56
0.0433392401593, 0.156653523547, 0.40827973984, 0.280930887684, 0.999340901429, 0.795253994551, 0.411971693642, 0.256196514949, 0.544262865873, 0.412962273924, 0.346391375303, 0.460754361158, 0.479494169634, 0.422588461656, 1.44478901133, 1.64389265199e-55, 2.82948400454e-39, 7.07849747587e-81, 1.10676034396e-136
0.0986650159466, 0.882094307632, 0.992874567817, 0.0640268199468, 0.814674449023, 0.948083394044, 0.547359072706, 0.457107742179, 0.910221952166, 0.51558806581, 0.514022506636, 0.822160197824, 0.635389908485, 0.391490324629, 1.15516470976, 7.85157878452e-120, 1.11643212417, 8.98465083366e-06, 6.58140016032e-101
0.276378030112, 0.996513283319, 0.18469916282, 0.897654577853, 0.404307925321, 0.124567227412, 0.737524331748, 0.562227285736, 0.24051482627, 0.311701183352, 0.980880299412, 0.211202135001, 0.704248324841, 0.887464832032, 0.812860459796, 2.61252755437e-05, 5.65755218947e-74, 1.62803601836, 4.04079796462e-56
0.00311442297969, 0.404798546089, 0.0763160998559, 0.228888374964, 0.887910633425, 0.980244666118, 0.977162862647, 0.565725964626, 0.085522265503, 0.512072206082, 0.88342570419, 0.557143940912, 0.809096180796, 0.34124079076, 2.05607706545, 2.96164395084e-64, 5.89896778706e-112, 1.71022662813e-39, 7.02940848073e-251
0.451677761317, 0.265838936806, 0.342232034272, 0.865140863935, 0.412639771246, 0.313635801115, 0.457999607671, 0.49719325608, 0.558022145716, 0.298639638847, 0.619572689324, 0.73112720515, 0.704052448536, 0.317261524277, 1.23079606465, 9.88527069317e-07, 5.22843670552e-47, 5.59970453128e-58, 5.87728572186e-35
0.0525519473175, 0.998683351965, 0.461579348558, 0.511046596884, 0.191506393569, 0.132917894697, 0.0570140661543, 0.620036093839, 0.51371960277, 0.36792145291, 0.41072925344, 0.0581663831425, 0.0193133082974, 0.0236445052654, 0.408375187284, 4.50017378546e-30, 1.70536055088e-34, 2.07963950325, 3.8124590099e-128
0.297924427648, 0.71000332247, 0.0215048013884, 0.315241469323, 0.62970343256, 0.124567227412, 0.615453665996, 0.457107742179, 0.466018067588, 0.694743297876, 0.684549323279, 0.555276401042, 0.757467189628, 0.317261524277, 1.3488184032, 1.55027115298e-50, 3.79854215007e-167, 2.8321187606e-15, 5.45361817071e-53
0.997105522924, 0.128931140218, 0.992874567817, 0.0327183185724, 0.804016253105, 0.257590177845, 0.504775280321, 0.457107742179, 0.116136506032, 0.749413260365, 0.521450562667, 0.555276401042, 0.107577002071, 0.00660611257035, 0.488293118078, 2.31152265538e-149, 0.471920686656, 1.15829261798e-89, 1.62757417857
0.280500280317, 0.156653523547, 0.992874567817, 0.0122167312252, 0.967620418684, 0.854321646037, 0.410024220791, 0.256196514949, 0.836843040329, 0.809121195128, 0.383216762393, 0.736920202341, 0.479494169634, 0.629586820273, 1.22797328102, 9.56776987055e-192, 1.18679942952, 8.36683173897e-81, 1.66676441904e-55
0.00311442297969, 0.666478303607, 0.144430209915, 0.11495048716, 0.421451365207, 0.124567227412, 0.750269088451, 0.656333864355, 0.313675503268, 0.278927145925, 0.519603369131, 0.689999779795, 0.974103089419, 0.767181713416, 1.65042858922, 2.91607191314e-94, 2.39618784203e-84, 6.19895123672e-18, 5.64255927797e-251
0.0812457401617, 0.43064027146, 0.00190959578009, 0.511046596884, 0.00839616895445, 0.109239025658, 0.667988566091, 0.10742834903, 0.160102055623, 0.0630770463791, 0.941586281516, 0.786940222054, 0.898563991546, 0.0816443634866, 2.49434123426, 2.74869026913e-29, 4.86654082294e-272, 1.01050810282e-36, 3.74227497659e-109
0.253469624227, 0.128931140218, 0.992874567817, 0.374558052996, 0.503730515191, 0.663749140323, 0.863582054702, 0.694733734619, 0.511228010592, 0.51558806581, 0.694078241333, 0.370765006405, 0.281120727791, 0.237722107384, 0.983942927695, 3.47539097632e-43, 0.950951395539, 2.33403623247e-89, 5.30783422043e-60
0.276378030112, 0.00231874001922, 0.0755575078883, 0.0307622661866, 0.00839616895445, 0.781465963453, 0.737524331748, 0.199644035799, 0.495713721888, 0.487815245216, 0.472908128664, 0.166729223391, 0.764227241537, 0.098172243535, 1.81078073018, 1.80226364086e-151, 1.91314663066e-112, 9.53216387201e-264, 4.02103124545e-56
0.0433392401593, 0.242564433641, 0.00759503112994, 0.0601270698735, 0.999340901429, 0.151754689462, 0.996033391831, 0.286733293694, 0.843629306832, 0.512072206082, 0.276625611577, 0.845402106938, 0.479494169634, 0.419792745093, 1.95642721035, 2.48077623873e-122, 3.47167767822e-212, 9.33890131071e-62, 1.49869360528e-136
0.999742619826, 0.0992694223095, 0.080619045271, 0.0946420894308, 0.616142655145, 0.094212179969, 0.460806751261, 0.450624700372, 0.719476533599, 0.390888393306, 0.539949735525, 0.365673327209, 0.225483858679, 0.926662731724, 0.0606296155063, 3.86577580526e-104, 4.19343353294e-111, 4.57461074353e-102, 1.51803174906
0.520375411677, 0.271643163746, 0.998321183163, 0.374558052996, 0.23968445186, 0.700916574601, 0.57640453902, 0.694733734619, 0.7243621659, 0.51558806581, 0.629093832954, 0.672545652672, 0.281120727791, 0.237722107384, 0.32851717192, 1.1603575601e-43, 1.32550323248, 5.38670991497e-57, 9.18591333465e-29
0.00311442297969, 0.404798546089, 0.484096904547, 0.056513824307, 0.23968445186, 0.768223807066, 0.863582054702, 0.694733734619, 0.085522265503, 0.26249431933, 0.225511838401, 0.573547560494, 0.0251341214656, 0.237722107384, 1.91306236399, 4.93535864353e-125, 9.35577071069e-32, 1.5912682706e-39, 6.54046340557e-251
0.0547098306348, 0.99022568642, 0.017251143433, 0.135603203136, 0.814674449023, 0.59061802082, 0.504775280321, 0.361914651131, 0.133267087955, 0.363947393983, 0.694873454265, 0.611188437044, 0.197333456548, 0.391490324629, 1.19219411605, 3.15836035958e-87, 9.0002683793e-177, 0.795167847703, 1.44183916228e-126
0.451677761317, 0.996513283319, 0.668203601492, 0.814136356438, 0.404307925321, 0.948083394044, 0.142000841206, 0.562227285736, 0.24051482627, 0.412924649401, 0.369415235138, 0.638725196453, 0.734899106206, 0.340851489073, 0.685105922115, 1.26355025908e-09, 3.33241289278e-18, 1.37216308602, 7.32365674991e-35
0.228999707389, 0.271643163746, 0.993232338162, 0.175509692938, 0.23968445186, 0.948083394044, 0.863582054702, 0.694733734619, 0.7243621659, 0.26249431933, 0.442302861058, 0.573547560494, 0.115641135673, 0.237722107384, 1.23802633091, 5.23552694383e-76, 1.26591402196, 6.98447528084e-57, 2.67761747272e-64
0.000390471068183, 0.0847700867625, 0.080619045271, 0.228888374964, 0.616142655145, 0.99059489622, 0.460806751261, 0.450624700372, 0.448498001014, 0.390888393306, 0.410948815234, 0.319413051822, 0.822482019774, 0.926662731724, 1.5992817972, 2.30366037341e-64, 1.10613960867e-109, 1.67612976014e-107, 0.0
0.520375411677, 0.225249755646, 0.998321183163, 0.374558052996, 0.406326398297, 0.700916574601, 0.408324899719, 0.849380384225, 0.7243621659, 0.216291574113, 0.329845137002, 0.672545652672, 0.281120727791, 0.879104286571, 0.375472555432, 1.32620896423e-43, 1.51495912077, 4.52791819243e-65, 1.0498867787e-28
0.276378030112, 0.0114510005218, 0.128236718196, 0.000653689613086, 0.00839616895445, 0.198441120955, 0.831080997409, 0.256196514949, 0.160102055623, 0.260514953128, 0.941586281516, 0.283469154585, 0.838066629719, 0.0972087667347, 2.19296442543, 1.18662710556e-318, 2.17967115123e-89, 2.63933738426e-194, 4.86971079812e-56
0.0110403711365, 0.998683351965, 0.461579348558, 0.814136356438, 0.191506393569, 0.0138889620476, 0.156156917017, 0.376958360237, 0.51371960277, 0.504740255791, 0.570762445318, 0.594226447819, 0.0193133082974, 0.604195282048, 0.331588186961, 6.1155264612e-10, 1.38470071344e-34, 1.68860379838, 5.37317319134e-196
0.451677761317, 0.00231874001922, 0.0449361726377, 0.0307622661866, 0.702430202682, 0.781465963453, 0.133826435517, 0.10742834903, 0.404333362686, 0.487815245216, 0.472908128664, 0.319413051822, 0.838066629719, 0.0975151768511, 1.72732592409, 1.71920136823e-151, 4.93289764617e-135, 9.09284790499e-264, 8.24831040839e-35
0.00311442297969, 0.404798546089, 0.0763160998559, 0.228888374964, 0.887910633425, 0.980244666118, 0.977162862647, 0.565725964626, 0.085522265503, 0.512072206082, 0.88342570419, 0.557143940912, 0.809096180796, 0.34124079076, 2.05607706545, 2.96164395084e-64, 5.89896778706e-112, 1.71022662813e-39, 7.02940848073e-251
0.12010607117, 0.99022568642, 0.860495135843, 0.00406813111914, 0.929709915299, 0.59061802082, 0.547359072706, 0.964248481417, 0.685019387032, 0.363947393983, 0.592395597897, 0.198767448324, 0.635389908485, 0.317261524277, 1.34304872243, 1.83529490431e-239, 6.29583904546e-07, 0.895784627349, 2.29414393988e-92
0.384511055223, 0.156653523547, 0.865990302442, 0.0141614811285, 0.144742045905, 0.854321646037, 0.411971693642, 0.256196514949, 0.544262865873, 0.412962273924, 0.335745005493, 0.460754361158, 0.479494169634, 0.629586820273, 1.37420908835, 2.78638092652e-185, 1.21751848888e-06, 6.73270317459e-81, 6.68429766459e-42
0.370916401166, 0.996513283319, 0.342232034272, 0.360088191967, 0.187184111555, 0.948768511592, 0.156156917017, 0.49719325608, 0.303964347678, 0.694743297876, 0.369415235138, 0.262118005398, 0.704248324841, 0.604195282048, 0.723684755183, 4.97229996483e-45, 3.07422167318e-47, 1.44943062806, 2.15403418986e-43
0.435823899892, 0.612630392932, 0.342232034272, 0.865140863935, 0.412639771246, 0.313635801115, 0.504775280321, 0.77937052745, 0.626214206435, 0.298639638847, 0.619572689324, 0.73112720515, 0.704052448536, 0.317261524277, 1.31965830531, 1.05989773165e-06, 5.60592458846e-47, 1.08751493981e-21, 1.76882810777e-36
0.0746621204943, 0.465864417382, 0.518531597577, 0.0946420894308, 0.718789844603, 0.313635801115, 0.460806751261, 0.293347848609, 0.448498001014, 0.261160756002, 0.539949735525, 0.471365276149, 0.225483858679, 0.965943975439, 1.48141730239, 9.44559373711e-103, 6.98746889899e-29, 1.5586597837e-33, 4.75148448013e-113
0.917661276388, 0.684581086856, 0.00374451679724, 0.000688504798222, 0.616142655145, 0.094212179969, 0.566720591009, 0.673251970206, 0.562884605865, 0.205559410898, 0.541860695786, 0.319413051822, 0.759801628061, 0.243947233098, 1.47069429452, 1.42672225868e-316, 5.04917698758e-243, 8.05623158383e-17, 0.000428432949229
0.546637253704, 0.999015658953, 0.00759503112994, 0.072589423381, 0.874815965784, 0.132917894697, 0.0570140661543, 0.620036093839, 0.51371960277, 0.36792145291, 0.369415235138, 0.594226447819, 0.0193133082974, 0.0236445052654, 0.291733999738, 5.60327039122e-115, 5.17681623681e-213, 1.9658912414, 1.83794305971e-26
0.297924427648, 0.128931140218, 0.992874567817, 0.315241469323, 0.814674449023, 0.124567227412, 0.615453665996, 0.457107742179, 0.466018067588, 0.694743297876, 0.96271902856, 0.555276401042, 0.107577002071, 0.317261524277, 1.22151755617, 1.4039572901e-50, 1.18056016464, 2.89759309657e-89, 6.86857151861e-53
0.12010607117, 0.000879577727692, 0.0194393756389, 0.0526184783762, 0.62970343256, 0.752426685699, 0.176556082043, 0.496256084379, 0.133267087955, 0.363947393983, 0.514022506636, 0.611188437044, 0.385190096458, 0.391490324629, 1.37569070024, 2.80846603923e-128, 1.59540840858e-171, 5.78179991669e-306, 1.95495499348e-92
0.00311442297969, 0.18369958568, 0.0257959158192, 0.979782655305, 0.381698785522, 0.937415033861, 0.0158217011612, 0.583987669365, 0.910221952166, 0.569613474705, 0.519603369131, 0.279986321966, 0.44787435191, 0.989873848706, 1.87188369254, 0.386760431352, 4.29112778885e-159, 7.73203880492e-74, 6.53485358106e-251
0.991174852452, 0.739550629585, 0.0215048013884, 0.0327183185724, 0.804016253105, 0.738906758268, 0.504775280321, 0.457107742179, 0.116136506032, 0.747593707818, 0.521450562667, 0.555276401042, 0.757467189628, 0.426814220237, 1.14481045747, 5.419399149e-149, 3.22401500916e-167, 1.41789665201e-13, 0.865534586297
0.138580448514, 0.156653523547, 0.992874567817, 0.00685597339641, 0.967620418684, 0.854321646037, 0.410024220791, 0.256196514949, 0.96156197955, 0.809121195128, 0.36785830767, 0.736920202341, 0.479494169634, 0.629586820273, 1.30232350068, 8.2746784232e-217, 1.25865669192, 8.87341912753e-81, 4.20988739553e-86
0.0168460040891, 0.561264234683, 0.342232034272, 0.0640268199468, 0.904202648756, 0.0670539695682, 0.547359072706, 0.463254660447, 0.729267564162, 0.748106918003, 0.514022506636, 0.611188437044, 0.425515614127, 0.240799540341, 1.55382810826, 1.05612677625e-119, 6.60068076964e-47, 2.01492885128e-25, 1.08946436046e-177
0.00445436788033, 0.882094307632, 0.0190139960562, 0.00227935181735, 0.62970343256, 0.117724148063, 0.547359072706, 0.457107742179, 0.222359850257, 0.694743297876, 0.507857920851, 0.555276401042, 0.0266765576993, 0.153589733564, 1.62920182089, 1.54607701275e-264, 2.06744856315e-172, 9.1116433423e-06, 1.93509799201e-235
0.00311442297969, 0.565243334816, 0.144430209915, 0.11495048716, 0.421451365207, 0.124567227412, 0.0487846674678, 0.798340745825, 0.313675503268, 0.278927145925, 0.539949735525, 0.428209907892, 0.733972316931, 0.767181713416, 1.65619106835, 2.92625339186e-94, 2.40455414308e-84, 4.35286614771e-25, 5.66226030008e-251
0.0267581227388, 0.326882029352, 0.166532076831, 0.166255158507, 0.708637328421, 0.148692046546, 0.131354897404, 0.10742834903, 0.626777015311, 0.519327454705, 0.316075025286, 0.0122043329558, 0.703771766301, 0.340778338481, 1.81205196725, 3.40254170908e-78, 4.01865149781e-78, 7.82339168835e-49, 1.58436294236e-157
0.451677761317, 0.996513283319, 0.352818235855, 0.897654577853, 0.404307925321, 0.948083394044, 0.156156917017, 0.562227285736, 0.495713721888, 0.311701183352, 0.369415235138, 0.319413051822, 0.704248324841, 0.340851489073, 0.663008143822, 2.1309033102e-05, 5.92572031993e-46, 1.32790459371, 7.08743555343e-35
0.276378030112, 0.00231874001922, 0.0449361726377, 0.0307622661866, 0.00839616895445, 0.781465963453, 0.737524331748, 0.0191292572207, 0.24051482627, 0.487815245216, 0.472908128664, 0.279986321966, 0.619563682179, 0.098172243535, 1.90093392633, 1.89199279735e-151, 5.4286874063e-135, 1.00067409563e-263, 4.22122600814e-56
0.232065018332, 0.729845216963, 0.00759503112994, 0.0327183185724, 0.702430202682, 0.695945853627, 0.346421113991, 0.77937052745, 0.377538818298, 0.291358318483, 0.759211247864, 0.380602823916, 0.509932200487, 0.592302699135, 1.32959981619, 6.29417041512e-149, 2.35937323832e-212, 4.39458071512e-14, 7.59991565201e-64
0.12010607117, 0.723059403331, 0.860495135843, 0.00406813111914, 0.814674449023, 0.59061802082, 0.42228574373, 0.964248481417, 0.685019387032, 0.363947393983, 0.592395597897, 0.198767448324, 0.635389908485, 0.317261524277, 1.5325420524, 2.09424019579e-239, 7.18413109757e-07, 1.99035306896e-14, 2.17785199648e-92
0.116567168327, 0.0404769722665, 0.865990302442, 0.0141614811285, 0.929709915299, 0.730118077996, 0.411971693642, 0.256196514949, 0.544262865873, 0.412962273924, 0.383216762393, 0.350863510996, 0.870998613881, 0.629586820273, 1.50464156265, 3.05084909347e-185, 1.33307874122e-06, 1.24266725066e-139, 1.07442868388e-93
0.0433392401593, 0.996513283319, 0.378558192342, 0.360088191967, 0.187184111555, 0.948083394044, 0.00500664756153, 0.77937052745, 0.303964347678, 0.287098216051, 0.369415235138, 0.66163348792, 0.704248324841, 0.604195282048, 0.804607833164, 5.52830700369e-45, 8.22184051334e-43, 1.61150726005, 1.37978992809e-136
0.0512461231433, 0.0474799899346, 0.495654968145, 0.548168990874, 0.878999674573, 0.373353026073, 0.831779156104, 0.782890874075, 0.34287358622, 0.36326117763, 0.606186976719, 0.823618815804, 0.297163936665, 0.250893685721, 1.61237231621, 1.97256652503e-26, 8.34702230455e-31, 1.1340887217e-132, 2.34253881163e-129
0.0434367381868, 0.144602496653, 0.150266805785, 0.217523866322, 0.412639771246, 0.758514740837, 0.375478587473, 0.0452068628415, 0.7243621659, 0.0883602245736, 0.468297430707, 0.640266753202, 0.965042166497, 0.981716816066, 1.98558486924, 1.75670857878e-66, 1.51465528487e-82, 3.24778648984e-84, 1.90427140737e-136
0.32148940661, 0.684581086856, 0.00749823371297, 0.000688504798222, 0.633857879329, 0.768223807066, 0.831080997409, 0.256196514949, 0.562884605865, 0.205559410898, 0.541860695786, 0.471365276149, 0.759801628061, 0.243947233098, 1.48519861351, 1.44079290242e-316, 7.30805315171e-213, 8.13568395758e-17, 1.21498556734e-49
0.00311442297969, 0.490949142549, 0.992874567817, 0.135603203136, 0.23968445186, 0.198441120955, 0.863582054702, 0.694733734619, 0.0489175399046, 0.26249431933, 0.442302861058, 0.573547560494, 0.713617174864, 0.237722107384, 1.2309280786, 3.26097436366e-87, 1.18965515296, 3.41380419611e-31, 5.85258240014e-251
0.231141265622, 0.99022568642, 0.00759503112994, 0.236343486254, 0.874815965784, 0.827416070084, 0.504775280321, 0.781407867286, 0.27879940347, 0.51558806581, 0.47464484666, 0.363078707284, 0.648885212862, 0.240799540341, 1.23526392822, 4.3877651989e-63, 2.19197432116e-212, 0.823894486581, 5.69562337175e-64
0.12010607117, 0.0190223702348, 0.017251143433, 0.0640268199468, 0.814674449023, 0.59061802082, 0.831080997409, 0.496256084379, 0.133267087955, 0.363947393983, 0.225511838401, 0.669626417477, 0.259199363089, 0.391490324629, 1.54373978745, 1.04926981075e-119, 1.16542031266e-176, 2.04718452253e-172, 2.1937647798e-92
0.250558446843, 0.0776754109619, 0.525052178253, 0.647296282212, 0.412979039114, 0.700916574601, 0.346421113991, 0.562227285736, 0.586100632077, 0.563305342541, 0.212561512189, 0.331124387383, 0.704248324841, 0.827623292485, 1.34701396893, 2.72774167636e-19, 2.21686083931e-28, 2.25864483406e-111, 1.64587483649e-60
0.280500280317, 0.156653523547, 0.923826864744, 0.000402788678922, 0.318304831107, 0.854321646037, 0.411971693642, 0.0728727756599, 0.544262865873, 0.809121195128, 0.383216762393, 0.787304843201, 0.479494169634, 0.893178303084, 1.69745051605, 0.0, 0.000965997000019, 8.31637079511e-81, 1.65671204695e-55
0.283083845721, 0.0190223702348, 0.00759503112994, 0.15228297571, 0.874815965784, 0.827416070084, 0.547359072706, 0.781407867286, 0.0389864576294, 0.748106918003, 0.507857920851, 0.606547220188, 0.333644682637, 0.240799540341, 1.70948511666, 4.94448044656e-82, 3.03347923671e-212, 2.26698275239e-172, 4.17343728411e-55
0.00445436788033, 0.152132497737, 0.0190139960562, 0.864097008591, 0.708637328421, 0.00195514719026, 0.647971077251, 0.201371767218, 0.720800351818, 0.359278020499, 0.316075025286, 0.224116212503, 0.547120079616, 0.242220645872, 1.64981870006, 1.17437355937e-06, 2.09361127466e-172, 4.32270564799e-82, 1.95958586142e-235
0.999742619826, 0.191234687458, 0.679924287199, 0.367057399955, 0.573514422827, 0.247733081028, 0.734590408186, 0.450624700372, 0.145469577354, 0.622389776468, 0.202515808652, 0.428209907892, 0.225483858679, 0.441239724356, 0.0574531593579, 2.68430703195e-45, 1.59033734374e-18, 1.29449635526e-73, 1.43850029825
0.000390471068183, 0.565243334816, 0.00700162991316, 0.11495048716, 0.421451365207, 0.124567227412, 0.0487846674678, 0.366528681823, 0.910221952166, 0.278927145925, 0.519603369131, 0.689999779795, 0.834013858065, 0.767181713416, 1.80512031446, 3.18939012766e-94, 9.38731029229e-216, 4.74428781771e-25, 0.0
0.00445436788033, 0.230177002815, 0.242253881192, 0.179112463567, 0.708637328421, 0.0868220650096, 0.89393421673, 0.562227285736, 0.313675503268, 0.574184765718, 0.316075025286, 0.316541924312, 0.974103089419, 0.392757606719, 1.71728207269, 5.54041437871e-75, 7.21167060386e-62, 4.33665212342e-64, 2.0397160425e-235
0.520375411677, 0.0114510005218, 0.998321183163, 0.374558052996, 0.661894427949, 0.700916574601, 0.408324899719, 0.849380384225, 0.7243621659, 0.216291574113, 0.329845137002, 0.672545652672, 0.281120727791, 0.139774856666, 0.376309037285, 1.32916350703e-43, 1.51833416322, 1.88267612427e-194, 1.05222572791e-28
0.276378030112, 0.0726920543061, 0.128236718196, 0.000653689613086, 0.00839616895445, 0.166771556691, 0.831080997409, 0.256196514949, 0.160102055623, 0.260514953128, 0.89822927546, 0.421229231481, 0.838066629719, 0.0972087667347, 2.1359752021, 1.15578752794e-318, 2.1230273842e-89, 4.72509255378e-114, 4.74316016509e-56
0.580712163406, 0.00211434858702, 0.0449361726377, 0.0307622661866, 0.702430202682, 0.781465963453, 0.351226015342, 0.793322193187, 0.404333362686, 0.374769418183, 0.941586281516, 0.279986321966, 0.281120727791, 0.317261524277, 1.57791343604, 1.5704916486e-151, 4.50620543925e-135, 8.16323006012e-268, 6.17014433038e-24
0.00311442297969, 0.612630392932, 0.13999704887, 0.228888374964, 0.421451365207, 0.165318520122, 0.283758270811, 0.620036093839, 0.717380102161, 0.624617028006, 0.312096416839, 0.594226447819, 0.401012618531, 0.256436967383, 1.35544207533, 1.95242527169e-64, 8.71141948221e-86, 1.11700392521e-21, 4.63404615499e-251
0.0267581227388, 0.156653523547, 0.291182370967, 0.105416004334, 0.632078170654, 0.117724148063, 0.284718031482, 0.266123048061, 0.617568043873, 0.598082464266, 0.531100104531, 0.611188437044, 0.107577002071, 0.391490324629, 1.46716688348, 4.50043476953e-98, 6.01322134523e-54, 7.18813404581e-81, 1.28281356299e-157
0.0433392401593, 0.156653523547, 0.40827973984, 0.280930887684, 0.999340901429, 0.795253994551, 0.411971693642, 0.256196514949, 0.544262865873, 0.412962273924, 0.346391375303, 0.460754361158, 0.479494169634, 0.422588461656, 1.44478901133, 1.64389265199e-55, 2.82948400454e-39, 7.07849747587e-81, 1.10676034396e-136
