0.501845029154, 0.460671861518, 1.0, 0.0, 0.964609136684, 1.0, 1.0, 0.0, 1.0, 4.55317694131
1.0, 0.0, 0.0, 1.0, 0.978727574384, 1.0, 1.0, 0.0, 0.0, 4.60982406772
1.0, 0.0, 0.0, 1.0, 0.978727574384, 1.0, 1.0, 0.0, 0.0, 4.60982406772
0.483757696323, 0.0, 0.318331704403, 0.0, 0.303560946864, 0.0, 1.0, 11.0, 0.0, 0.374089598514
0.461870001282, 0.0, 0.0, 0.0, 0.303560946864, 0.0, 0.978578166305, 11.0, 0.0, 0.374089598514
0.0537107924351, 1.0, 0.0, 0.0, 0.230891162269, 0.0388643932751, 1.0, 7.0, 1.0, 0.83256408463
0.483757696323, 0.698205171933, 0.0, 0.0, 0.00614078735646, 0.0, 0.0, 8.0, 0.0, 0.458474486116
1.0, 0.0, 0.943439321827, 0.0, 0.0, 0.698595092597, 1.0, 1.0, 0.0, 3.68645777168
0.670819956871, 0.641023591309, 0.0, 0.0, 0.0520045897533, 0.0, 0.298274416497, 6.0, 0.0, 1.25726039024
0.604132271916, 0.668510406602, 0.0, 0.0, 0.0, 0.805266053784, 0.0, 2.0, 0.0, 2.90021018694
0.277822311741, 1.0, 0.0, 0.0, 0.0, 0.805266053784, 1.0, 3.0, 1.0, 2.47551388133
0.670819956871, 0.0, 1.0, 0.0, 0.0, 0.0254581556102, 0.928532687295, 5.0, 0.0, 2.04350797498
0.604132271916, 1.0, 0.0, 0.135404711488, 0.0, 0.0, 1.0, 5.0, 1.0, 1.63134998875
1.0, 0.0, 0.943439321827, 0.0, 0.0520045897533, 0.698595092597, 1.0, 1.0, 0.0, 3.68645777168
0.870916487816, 1.0, 0.0, 0.0, 0.303560946864, 0.805266053784, 1.0, 1.0, 1.0, 3.27429978545
0.330779734553, 1.0, 0.0, 0.0, 0.0, 0.0159085217483, 1.0, 7.0, 1.0, 0.83256408463
1.0, 1.0, 0.0, 0.0, 0.2614603176, 0.0159085217483, 0.41125234421, 6.0, 0.0, 1.25726039024
0.604132271916, 0.668510406602, 0.0, 0.0, 0.0, 0.805266053784, 0.0, 2.0, 0.0, 2.90021018694
0.483757696323, 0.668510406602, 0.0, 0.0, 0.0, 0.805266053784, 0.0, 4.0, 0.0, 2.10142428282
0.277822311741, 1.0, 0.0, 0.0, 0.0, 0.805266053784, 1.0, 3.0, 1.0, 2.47551388133
0.483757696323, 0.698205171933, 0.0, 0.0, 0.00614078735646, 0.0, 0.0, 8.0, 0.0, 0.458474486116
0.463047276746, 0.979105975604, 0.0, 0.0, 0.401884714839, 0.670978335135, 0.0, 4.0, 0.0, 2.10142428282
0.989233955054, 1.0, 0.112250655629, 0.292246029971, 0.0, 0.0388643932751, 0.672790990635, 5.0, 1.0, 1.63134998875
1.0, 1.0, 0.0, 0.0, 0.2614603176, 0.744964269897, 1.0, 1.0, 1.0, 3.27429978545
0.670819956871, 0.0, 1.0, 0.0, 0.0, 0.0, 0.672790990635, 5.0, 0.0, 2.04350797498
0.501845029154, 0.460671861518, 1.0, 0.0, 0.964609136684, 1.0, 1.0, 0.0, 1.0, 4.55317694131
0.670819956871, 0.0, 1.0, 0.0, 0.0, 0.0, 0.672790990635, 5.0, 0.0, 2.04350797498
0.670819956871, 0.0, 1.0, 0.0, 0.0, 0.0254581556102, 0.928532687295, 5.0, 0.0, 2.04350797498
1.0, 1.0, 0.328118677552, 0.0, 0.0, 0.0, 0.928532687295, 5.0, 1.0, 1.63134998875
1.0, 1.0, 0.0, 0.0, 0.0, 0.0, 1.0, 5.0, 1.0, 1.63134998875
0.908681338532, 1.0, 0.0, 0.0, 0.303560946864, 0.335727005147, 0.830429657515, 5.0, 1.0, 1.63134998875
0.8506423584, 0.641023591309, 0.0, 0.0, 0.0, 0.0, 1.0, 5.0, 1.0, 1.63134998875
0.980923342205, 1.0, 0.0, 0.0, 0.0, 0.0159085217483, 1.0, 5.0, 1.0, 1.63134998875
0.893732822984, 1.0, 0.0, 0.0, 0.0, 0.0, 1.0, 5.0, 1.0, 1.63134998875
0.604132271916, 1.0, 0.0, 0.18603731072, 0.110276545506, 0.0, 1.0, 5.0, 1.0, 1.63134998875
0.962158435115, 0.698419406364, 0.449177062353, 0.0, 0.2614603176, 0.0388643932751, 1.0, 5.0, 1.0, 1.63134998875
1.0, 1.0, 0.0, 0.0, 0.0, 0.206130561849, 0.672790990635, 5.0, 1.0, 1.63134998875
1.0, 0.898502823349, 0.0, 0.0, 0.0, 0.0, 1.0, 5.0, 1.0, 1.63134998875
1.0, 1.0, 0.0, 0.0, 0.0, 0.0159085217483, 1.0, 5.0, 1.0, 1.63134998875
1.0, 1.0, 0.0, 0.0, 0.0, 0.0, 0.672790990635, 5.0, 1.0, 1.63134998875
1.0, 1.0, 0.0, 0.0, 0.2614603176, 0.212391745347, 0.910858142192, 5.0, 1.0, 1.63134998875
1.0, 0.698419406364, 0.449177062353, 0.12361180765, 0.0, 0.0, 0.672790990635, 5.0, 1.0, 1.63134998875
1.0, 0.574233069116, 0.0, 0.0, 0.221459288812, 0.0, 1.0, 5.0, 1.0, 1.63134998875
0.712079004456, 1.0, 0.0, 0.0, 0.0, 0.0, 1.0, 5.0, 1.0, 1.63134998875
1.0, 1.0, 0.461185671626, 0.121779273185, 0.0, 0.0, 1.0, 5.0, 1.0, 1.63134998875
0.604132271916, 0.698419406364, 0.0, 0.0, 0.0, 0.0388643932751, 0.672790990635, 5.0, 1.0, 1.63134998875
0.962158435115, 1.0, 0.0, 0.0, 0.2614603176, 0.0, 1.0, 5.0, 1.0, 1.63134998875
0.61673267112, 0.976086070219, 0.0, 0.0, 0.0, 0.0, 1.0, 5.0, 1.0, 1.63134998875
1.0, 1.0, 0.0, 0.325095072619, 0.391251699561, 0.0101259839407, 0.672790990635, 5.0, 1.0, 1.63134998875
1.0, 0.802759180133, 0.0, 0.0, 0.2614603176, 0.0388643932751, 0.617734907705, 5.0, 1.0, 1.63134998875
0.860297480582, 0.955842334054, 0.0, 0.0, 0.221459288812, 0.275733011193, 1.0, 5.0, 1.0, 1.63134998875
1.0, 0.698419406364, 0.0, 0.0, 0.173847625151, 0.0, 1.0, 5.0, 1.0, 1.63134998875
1.0, 1.0, 0.449177062353, 0.0, 0.0, 0.0, 0.672790990635, 5.0, 1.0, 1.63134998875
0.839231832848, 1.0, 0.0, 0.0, 0.303560946864, 0.0, 1.0, 5.0, 1.0, 1.63134998875
0.908681338532, 1.0, 0.0, 0.0, 0.0, 0.0, 0.672790990635, 5.0, 1.0, 1.63134998875
1.0, 1.0, 0.0, 0.128436570304, 0.0, 0.0, 1.0, 5.0, 1.0, 1.63134998875
0.893732822984, 1.0, 0.0, 0.0, 0.110276545506, 0.0159085217483, 1.0, 5.0, 1.0, 1.63134998875
1.0, 0.698419406364, 0.449177062353, 0.0, 0.0, 0.0388643932751, 0.672790990635, 5.0, 1.0, 1.63134998875
1.0, 1.0, 0.0, 0.0, 0.0, 0.0, 1.0, 5.0, 1.0, 1.63134998875
1.0, 0.848247897048, 0.0, 0.0, 0.0, 0.0159085217483, 0.672790990635, 5.0, 1.0, 1.63134998875
0.865708384928, 0.698419406364, 0.0, 0.0, 0.221459288812, 0.0201049356077, 0.672790990635, 5.0, 1.0, 1.63134998875
0.663855092141, 0.926332446755, 0.449177062353, 0.12361180765, 0.0, 0.0, 1.0, 5.0, 1.0, 1.63134998875
1.0, 1.0, 0.0, 0.0, 0.0, 0.0, 1.0, 5.0, 1.0, 1.63134998875
1.0, 1.0, 0.396883060385, 0.0, 0.2614603176, 0.0, 1.0, 5.0, 1.0, 1.63134998875
0.712079004456, 0.698419406364, 0.0, 0.127640981375, 0.0, 0.00860491076496, 1.0, 5.0, 1.0, 1.63134998875
1.0, 1.0, 0.461185671626, 0.0, 0.0, 0.0, 0.672790990635, 5.0, 1.0, 1.63134998875
0.785756746687, 1.0, 0.0, 0.0, 0.2614603176, 0.0, 1.0, 5.0, 1.0, 1.63134998875
1.0, 0.680527618577, 0.0, 0.325095072619, 0.0, 0.0, 1.0, 5.0, 1.0, 1.63134998875
1.0, 1.0, 0.0, 0.0, 0.0, 0.01108595288, 1.0, 5.0, 1.0, 1.63134998875
1.0, 0.744851140307, 0.0734588697805, 0.111506901819, 0.0, 0.172169627348, 0.672790990635, 5.0, 1.0, 1.63134998875
1.0, 1.0, 0.0, 0.13267568607, 0.2614603176, 0.170071311756, 1.0, 5.0, 1.0, 1.63134998875
1.0, 0.698419406364, 0.0, 0.0, 0.221459288812, 0.0, 1.0, 5.0, 1.0, 1.63134998875
0.908681338532, 1.0, 0.449177062353, 0.0, 0.303560946864, 0.0388643932751, 0.672790990635, 5.0, 1.0, 1.63134998875
0.604132271916, 1.0, 0.0, 0.0, 0.0, 0.0, 0.832769893888, 5.0, 1.0, 1.63134998875
0.8506423584, 0.544696841909, 0.211569194432, 0.0, 0.0, 0.179115243036, 1.0, 5.0, 1.0, 1.63134998875
0.893732822984, 1.0, 0.0, 0.0, 0.110276545506, 0.0, 1.0, 5.0, 1.0, 1.63134998875
0.604132271916, 1.0, 0.0, 0.0, 0.211146063682, 0.0, 1.0, 5.0, 1.0, 1.63134998875
0.962158435115, 1.0, 0.0, 0.0, 0.2614603176, 0.0, 0.672790990635, 5.0, 1.0, 1.63134998875
1.0, 0.898502823349, 0.0, 0.0, 0.0, 0.0, 1.0, 5.0, 1.0, 1.63134998875
1.0, 1.0, 0.0, 0.0, 0.0, 0.0159085217483, 1.0, 5.0, 1.0, 1.63134998875
1.0, 1.0, 0.0, 0.0, 0.0, 0.0388643932751, 0.672790990635, 5.0, 1.0, 1.63134998875
0.604132271916, 1.0, 0.449177062353, 0.129076353079, 0.0, 0.0, 0.672790990635, 5.0, 1.0, 1.63134998875
1.0, 1.0, 0.0, 0.0, 0.0, 0.0, 1.0, 5.0, 1.0, 1.63134998875
0.908681338532, 0.598364389384, 0.0, 0.0, 0.303560946864, 0.335727005147, 1.0, 5.0, 1.0, 1.63134998875
0.8506423584, 0.641023591309, 0.0, 0.0, 0.0, 0.0, 1.0, 5.0, 1.0, 1.63134998875
1.0, 1.0, 0.0, 0.0, 0.0, 0.0159085217483, 1.0, 5.0, 1.0, 1.63134998875
0.893732822984, 1.0, 0.0, 0.0, 0.110276545506, 0.0, 1.0, 5.0, 1.0, 1.63134998875
0.604132271916, 1.0, 0.0, 0.135404711488, 0.0, 0.0, 1.0, 5.0, 1.0, 1.63134998875
0.989233955054, 1.0, 0.112250655629, 0.292246029971, 0.0, 0.0388643932751, 0.672790990635, 5.0, 1.0, 1.63134998875
1.0, 1.0, 0.328118677552, 0.0, 0.0, 0.0, 0.928532687295, 5.0, 1.0, 1.63134998875
1.0, 1.0, 0.0, 0.0, 0.0, 0.0, 1.0, 5.0, 1.0, 1.63134998875
0.908681338532, 1.0, 0.0, 0.0, 0.303560946864, 0.335727005147, 0.830429657515, 5.0, 1.0, 1.63134998875
