2.43976624706, 1.04509365781, 1.09405005571, 1.11092384164, 4.13195082337, 1.11411870695, 2.01761091508, 0.855483825052, 0.914096986887, 4.2183118187, 6.39209783898, 1.01164244374, 4.71641500812, 0.902782577567, 0.823793260934, 1.25272590994, 1.05500610361, 1.14481542609, 3.9253474043, 1.0433210931, 0.924991854423, 346.36013569, 1.0038046233, 1.63122432388, 0.991062157235, 4.61094170485, 1.28082868579, 439.87119911, 19.3970741311, 570.190301087
2.46826087453, 1.26841048176, 1.44705868066, 0.991857558403, 1.56470904716, 1.14443377716, 3.22091573137, 0.972387234327, 0.916429807796, 1.84071705349, 5.91526806884, 0.920321091926, 4.7540403943, 1.11166437044, 0.963034261791, 1.28432603718, 1.13366117888, 1.06858711791, 3.62255775867, 0.91735076197, 0.911866179685, 77.9031624189, 1.06943629452, 3.32664336072, 1.22137044613, 3.14280137392, 1.05051429466, 17.0143663354, 6.23779150179, 67.3434447212
3.43284768881, 1.16276635646, 1.0830181293, 1.21904018519, 4.45710152151, 1.01224586184, 1.93574306498, 0.903368688487, 0.902656860264, 3.68946426738, 3.33299468801, 1.07437259149, 3.69213802067, 1.20227796903, 0.910262909158, 1.03957087572, 1.01192626425, 1.02271132327, 9.70507425826, 1.03926024819, 0.800781148005, 260.307067793, 1.08943564007, 3.66889407603, 1.16583114332, 5.43150963493, 0.951818755911, 309.597004993, 27.5796015566, 434.246781035
5.02461638068, 1.38142843258, 1.20447305182, 1.05501670419, 5.28945816727, 0.732406936329, 3.98981284904, 1.00470125799, 1.08477808165, 4.93880998809, 1.99608993477, 1.07078493181, 3.69604624473, 1.18431820731, 0.850244028173, 1.36486707802, 1.12017918114, 0.811527563324, 4.70218353153, 1.13925114068, 0.964473532442, 109.823137585, 1.01870351124, 4.85542345406, 1.10443729112, 5.13146545844, 1.29090007351, 17.4313142061, 7.36966355948, 44.6235577171
2.74757338839, 1.41330814355, 1.25145616632, 0.856220682918, 6.62807711572, 1.11604993896, 3.602854582, 1.15043374935, 0.935371272605, 3.48898641809, 2.76326832225, 1.08113877256, 4.47075498257, 1.18529898547, 1.02457061313, 1.2392620704, 1.00780851905, 1.10221442, 7.68089696749, 0.957245645977, 0.820343900945, 109.237351776, 1.06030830437, 2.00450626093, 1.08231374072, 1.7010509185, 1.08491499708, 38.7738352524, 9.35967776595, 240.714105997
2.74757338839, 1.41330814355, 1.25145616632, 0.856220682918, 6.62807711572, 1.11604993896, 3.602854582, 1.15043374935, 0.935371272605, 3.48898641809, 2.76326832225, 1.08113877256, 4.47075498257, 1.18529898547, 1.02457061313, 1.2392620704, 1.00780851905, 1.10221442, 7.68089696749, 0.957245645977, 0.820343900945, 109.237351776, 1.06030830437, 2.00450626093, 1.08231374072, 1.7010509185, 1.08491499708, 38.7738352524, 9.35967776595, 240.714105997
2.74757338839, 1.41330814355, 1.25145616632, 0.856220682918, 6.62807711572, 1.11604993896, 3.602854582, 1.15043374935, 0.935371272605, 3.48898641809, 2.76326832225, 1.08113877256, 4.47075498257, 1.18529898547, 1.02457061313, 1.2392620704, 1.00780851905, 1.10221442, 7.68089696749, 0.957245645977, 0.820343900945, 109.237351776, 1.06030830437, 2.00450626093, 1.08231374072, 1.7010509185, 1.08491499708, 38.7738352524, 9.35967776595, 240.714105997
2.74757338839, 1.41330814355, 1.25145616632, 0.856220682918, 6.62807711572, 1.11604993896, 3.602854582, 1.15043374935, 0.935371272605, 3.48898641809, 2.76326832225, 1.08113877256, 4.47075498257, 1.18529898547, 1.02457061313, 1.2392620704, 1.00780851905, 1.10221442, 7.68089696749, 0.957245645977, 0.820343900945, 109.237351776, 1.06030830437, 2.00450626093, 1.08231374072, 1.7010509185, 1.08491499708, 38.7738352524, 9.35967776595, 240.714105997
2.74757338839, 1.41330814355, 1.25145616632, 0.856220682918, 6.62807711572, 1.11604993896, 3.602854582, 1.15043374935, 0.935371272605, 3.48898641809, 2.76326832225, 1.08113877256, 4.47075498257, 1.18529898547, 1.02457061313, 1.2392620704, 1.00780851905, 1.10221442, 7.68089696749, 0.957245645977, 0.820343900945, 109.237351776, 1.06030830437, 2.00450626093, 1.08231374072, 1.7010509185, 1.08491499708, 38.7738352524, 9.35967776595, 240.714105997
2.74757338839, 1.41330814355, 1.25145616632, 0.856220682918, 6.62807711572, 1.11604993896, 3.602854582, 1.15043374935, 0.935371272605, 3.48898641809, 2.76326832225, 1.08113877256, 4.47075498257, 1.18529898547, 1.02457061313, 1.2392620704, 1.00780851905, 1.10221442, 7.68089696749, 0.957245645977, 0.820343900945, 109.237351776, 1.06030830437, 2.00450626093, 1.08231374072, 1.7010509185, 1.08491499708, 38.7738352524, 9.35967776595, 240.714105997
3.73141190081, 1.37040110828, 1.38245636567, 0.938618931453, 5.35975506991, 0.995831766964, 4.92096858535, 0.884625306107, 1.10685539909, 4.19705912773, 1.87409971653, 1.15938620093, 3.62890394567, 0.920351024648, 0.880868143261, 1.07800794151, 1.12942400857, 0.906300779348, 5.01208814264, 1.10712299559, 0.942619983929, 24.4475163068, 1.14979345425, 3.19300646915, 1.22728057117, 2.07183871353, 1.24042731786, 278.204732731, 26.8128717716, 490.796122171
3.73141190081, 1.37040110828, 1.38245636567, 0.938618931453, 5.35975506991, 0.995831766964, 4.92096858535, 0.884625306107, 1.10685539909, 4.19705912773, 1.87409971653, 1.15938620093, 3.62890394567, 0.920351024648, 0.880868143261, 1.07800794151, 1.12942400857, 0.906300779348, 5.01208814264, 1.10712299559, 0.942619983929, 24.4475163068, 1.14979345425, 3.19300646915, 1.22728057117, 2.07183871353, 1.24042731786, 278.204732731, 26.8128717716, 490.796122171
3.73141190081, 1.37040110828, 1.38245636567, 0.938618931453, 5.35975506991, 0.995831766964, 4.92096858535, 0.884625306107, 1.10685539909, 4.19705912773, 1.87409971653, 1.15938620093, 3.62890394567, 0.920351024648, 0.880868143261, 1.07800794151, 1.12942400857, 0.906300779348, 5.01208814264, 1.10712299559, 0.942619983929, 24.4475163068, 1.14979345425, 3.19300646915, 1.22728057117, 2.07183871353, 1.24042731786, 278.204732731, 26.8128717716, 490.796122171
3.73141190081, 1.37040110828, 1.38245636567, 0.938618931453, 5.35975506991, 0.995831766964, 4.92096858535, 0.884625306107, 1.10685539909, 4.19705912773, 1.87409971653, 1.15938620093, 3.62890394567, 0.920351024648, 0.880868143261, 1.07800794151, 1.12942400857, 0.906300779348, 5.01208814264, 1.10712299559, 0.942619983929, 24.4475163068, 1.14979345425, 3.19300646915, 1.22728057117, 2.07183871353, 1.24042731786, 278.204732731, 26.8128717716, 490.796122171
3.73141190081, 1.37040110828, 1.38245636567, 0.938618931453, 5.35975506991, 0.995831766964, 4.92096858535, 0.884625306107, 1.10685539909, 4.19705912773, 1.87409971653, 1.15938620093, 3.62890394567, 0.920351024648, 0.880868143261, 1.07800794151, 1.12942400857, 0.906300779348, 5.01208814264, 1.10712299559, 0.942619983929, 24.4475163068, 1.14979345425, 3.19300646915, 1.22728057117, 2.07183871353, 1.24042731786, 278.204732731, 26.8128717716, 490.796122171
3.73141190081, 1.37040110828, 1.38245636567, 0.938618931453, 5.35975506991, 0.995831766964, 4.92096858535, 0.884625306107, 1.10685539909, 4.19705912773, 1.87409971653, 1.15938620093, 3.62890394567, 0.920351024648, 0.880868143261, 1.07800794151, 1.12942400857, 0.906300779348, 5.01208814264, 1.10712299559, 0.942619983929, 24.4475163068, 1.14979345425, 3.19300646915, 1.22728057117, 2.07183871353, 1.24042731786, 278.204732731, 26.8128717716, 490.796122171
3.73141190081, 1.37040110828, 1.38245636567, 0.938618931453, 5.35975506991, 0.995831766964, 4.92096858535, 0.884625306107, 1.10685539909, 4.19705912773, 1.87409971653, 1.15938620093, 3.62890394567, 0.920351024648, 0.880868143261, 1.07800794151, 1.12942400857, 0.906300779348, 5.01208814264, 1.10712299559, 0.942619983929, 24.4475163068, 1.14979345425, 3.19300646915, 1.22728057117, 2.07183871353, 1.24042731786, 278.204732731, 26.8128717716, 490.796122171
3.73141190081, 1.37040110828, 1.38245636567, 0.938618931453, 5.35975506991, 0.995831766964, 4.92096858535, 0.884625306107, 1.10685539909, 4.19705912773, 1.87409971653, 1.15938620093, 3.62890394567, 0.920351024648, 0.880868143261, 1.07800794151, 1.12942400857, 0.906300779348, 5.01208814264, 1.10712299559, 0.942619983929, 24.4475163068, 1.14979345425, 3.19300646915, 1.22728057117, 2.07183871353, 1.24042731786, 278.204732731, 26.8128717716, 490.796122171
3.73141190081, 1.09719650885, 1.45689209421, 0.941486312792, 6.84876933407, 0.996440483498, 4.93318775892, 1.15082414744, 1.10685539909, 3.49657876105, 1.87409971653, 1.06746625447, 3.62908508569, 0.910933183729, 0.880868143261, 1.07398392318, 1.00721136286, 0.952874387514, 7.57624307054, 1.10561492, 0.81994714372, 25.7949850382, 1.05530470188, 3.16122051126, 1.22427847385, 2.07183871353, 1.13008334704, 351.721751532, 19.0007842902, 1205.913244
3.75567696518, 1.04374195121, 1.45689209421, 1.1154758215, 5.39213107017, 0.996440483498, 4.92096858535, 1.13809798958, 1.10685539909, 4.21839259752, 1.87895563411, 1.00632636527, 4.71520171994, 0.909047121739, 0.880868143261, 1.07800794151, 1.12453994437, 0.906300779348, 5.01208814264, 1.10741891149, 0.81994714372, 25.6960877162, 1.14979345425, 3.16122051126, 1.22519397692, 2.06114601055, 1.23749708415, 60.5484728125, 18.6510528711, 743.598020683
3.75567696518, 1.04374195121, 1.45689209421, 1.1154758215, 5.39213107017, 0.996440483498, 4.92096858535, 1.13809798958, 1.10685539909, 4.21839259752, 1.87895563411, 1.00632636527, 4.71520171994, 0.909047121739, 0.880868143261, 1.07800794151, 1.12453994437, 0.906300779348, 5.01208814264, 1.10741891149, 0.81994714372, 25.6960877162, 1.14979345425, 3.16122051126, 1.22519397692, 2.06114601055, 1.23749708415, 60.5484728125, 18.6510528711, 743.598020683
3.71816229587, 1.09719650885, 1.25206964321, 0.851719886746, 6.84876933407, 0.996440483498, 4.93318775892, 1.15082414744, 0.935753732132, 3.49704854956, 1.87141252424, 1.08125577267, 4.53059835588, 0.91353849456, 0.876983393753, 1.07398392318, 1.00721136286, 0.9539570133, 7.57624307054, 1.10709632895, 0.81994714372, 109.195318142, 1.05530470188, 3.16122051126, 1.07492404912, 2.07183871353, 1.08458805332, 227.956709418, 20.7631817409, 778.30495548
3.71816229587, 1.09719650885, 1.25206964321, 0.851719886746, 6.84876933407, 0.996440483498, 4.93318775892, 1.15082414744, 0.935753732132, 3.49704854956, 1.87141252424, 1.08125577267, 4.53059835588, 0.91353849456, 0.876983393753, 1.07398392318, 1.00721136286, 0.9539570133, 7.57624307054, 1.10709632895, 0.81994714372, 109.195318142, 1.05530470188, 3.16122051126, 1.07492404912, 2.07183871353, 1.08458805332, 227.956709418, 20.7631817409, 778.30495548
3.75164964765, 1.08962692612, 1.38158622362, 0.938618931453, 5.35975506991, 1.00851236841, 4.92096858535, 1.13809798958, 1.10685539909, 4.19815239725, 1.87409971653, 1.15938620093, 3.62908508569, 0.909047121739, 0.880868143261, 1.07800794151, 1.12942400857, 0.906300779348, 5.01208814264, 1.10712299559, 0.81994714372, 25.6960877162, 1.14979345425, 3.16122051126, 1.22514032673, 2.07183871353, 1.23749708415, 366.292236294, 31.6017456759, 1881.43053551
3.73141190081, 1.37040110828, 1.38245636567, 0.938618931453, 5.35975506991, 0.995831766964, 3.60568906335, 0.872519609001, 1.10685539909, 3.4636535399, 1.86482534222, 1.15804096989, 3.62890394567, 0.918838942617, 1.01935852704, 1.07800794151, 1.00816872715, 1.09955429455, 5.01208814264, 1.10712299559, 0.821197966403, 24.4475163068, 1.14906644184, 3.1156235691, 1.07931515802, 1.7025067094, 1.24042731786, 501.871664689, 23.8737894084, 655.766992331
3.73141190081, 1.37040110828, 1.38245636567, 0.938618931453, 5.35975506991, 0.995831766964, 3.60568906335, 0.872519609001, 1.10685539909, 3.4636535399, 1.86482534222, 1.15804096989, 3.62890394567, 0.918838942617, 1.01935852704, 1.07800794151, 1.00816872715, 1.09955429455, 5.01208814264, 1.10712299559, 0.821197966403, 24.4475163068, 1.14906644184, 3.1156235691, 1.07931515802, 1.7025067094, 1.24042731786, 501.871664689, 23.8737894084, 655.766992331
3.73141190081, 1.37040110828, 1.38245636567, 0.938618931453, 5.35975506991, 0.995831766964, 3.60568906335, 0.872519609001, 1.10685539909, 3.4636535399, 1.86482534222, 1.15804096989, 3.62890394567, 0.918838942617, 1.01935852704, 1.07800794151, 1.00816872715, 1.09955429455, 5.01208814264, 1.10712299559, 0.821197966403, 24.4475163068, 1.14906644184, 3.1156235691, 1.07931515802, 1.7025067094, 1.24042731786, 501.871664689, 23.8737894084, 655.766992331
3.73141190081, 1.37040110828, 1.38245636567, 0.938618931453, 5.35975506991, 0.995831766964, 3.60568906335, 0.872519609001, 1.10685539909, 3.4636535399, 1.86482534222, 1.15804096989, 3.62890394567, 0.918838942617, 1.01935852704, 1.07800794151, 1.00816872715, 1.09955429455, 5.01208814264, 1.10712299559, 0.821197966403, 24.4475163068, 1.14906644184, 3.1156235691, 1.07931515802, 1.7025067094, 1.24042731786, 501.871664689, 23.8737894084, 655.766992331
3.73141190081, 1.37040110828, 1.38245636567, 0.938618931453, 5.35975506991, 0.995831766964, 3.60568906335, 0.872519609001, 1.10685539909, 3.4636535399, 1.86482534222, 1.15804096989, 3.62890394567, 0.918838942617, 1.01935852704, 1.07800794151, 1.00816872715, 1.09955429455, 5.01208814264, 1.10712299559, 0.821197966403, 24.4475163068, 1.14906644184, 3.1156235691, 1.07931515802, 1.7025067094, 1.24042731786, 501.871664689, 23.8737894084, 655.766992331
3.73141190081, 1.37040110828, 1.38245636567, 0.938618931453, 5.35975506991, 0.995831766964, 3.60568906335, 0.872519609001, 1.10685539909, 3.4636535399, 1.86482534222, 1.15804096989, 3.62890394567, 0.918838942617, 1.01935852704, 1.07800794151, 1.00816872715, 1.09955429455, 5.01208814264, 1.10712299559, 0.821197966403, 24.4475163068, 1.14906644184, 3.1156235691, 1.07931515802, 1.7025067094, 1.24042731786, 501.871664689, 23.8737894084, 655.766992331
3.73141190081, 1.37040110828, 1.38245636567, 0.938618931453, 5.35975506991, 0.995831766964, 3.60568906335, 0.872519609001, 1.10685539909, 3.4636535399, 1.86482534222, 1.15804096989, 3.62890394567, 0.918838942617, 1.01935852704, 1.07800794151, 1.00816872715, 1.09955429455, 5.01208814264, 1.10712299559, 0.821197966403, 24.4475163068, 1.14906644184, 3.1156235691, 1.07931515802, 1.7025067094, 1.24042731786, 501.871664689, 23.8737894084, 655.766992331
3.73141190081, 1.37040110828, 1.38245636567, 0.938618931453, 5.35975506991, 0.995831766964, 3.60568906335, 0.872519609001, 1.10685539909, 3.4636535399, 1.86482534222, 1.15804096989, 3.62890394567, 0.918838942617, 1.01935852704, 1.07800794151, 1.00816872715, 1.09955429455, 5.01208814264, 1.10712299559, 0.821197966403, 24.4475163068, 1.14906644184, 3.1156235691, 1.07931515802, 1.7025067094, 1.24042731786, 501.871664689, 23.8737894084, 655.766992331
3.73141190081, 1.37040110828, 1.38245636567, 0.938618931453, 5.35975506991, 0.995831766964, 3.60568906335, 0.872519609001, 1.10685539909, 3.4636535399, 1.86482534222, 1.15804096989, 3.62890394567, 0.918838942617, 1.01935852704, 1.07800794151, 1.00816872715, 1.09955429455, 5.01208814264, 1.10712299559, 0.821197966403, 24.4475163068, 1.14906644184, 3.1156235691, 1.07931515802, 1.7025067094, 1.24042731786, 501.871664689, 23.8737894084, 655.766992331
3.73141190081, 1.37040110828, 1.38245636567, 0.938618931453, 5.35975506991, 0.995831766964, 4.92096858535, 0.884625306107, 1.10685539909, 4.19705912773, 1.87409971653, 1.15798989988, 3.62890394567, 0.918853506919, 1.02524606198, 1.07800794151, 1.12942400857, 0.966194956185, 5.01208814264, 1.10712299559, 0.821295801366, 24.4475163068, 1.14979345425, 3.11655374972, 1.07741425753, 2.07183871353, 1.24042731786, 171.588153119, 24.5201947959, 257.610078085
3.73141190081, 1.37040110828, 1.38245636567, 0.938618931453, 5.35975506991, 0.995831766964, 4.92096858535, 0.884625306107, 1.10685539909, 4.19705912773, 1.87409971653, 1.15798989988, 3.62890394567, 0.918853506919, 1.02524606198, 1.07800794151, 1.12942400857, 0.966194956185, 5.01208814264, 1.10712299559, 0.821295801366, 24.4475163068, 1.14979345425, 3.11655374972, 1.07741425753, 2.07183871353, 1.24042731786, 171.588153119, 24.5201947959, 257.610078085
3.73141190081, 1.37040110828, 1.38245636567, 0.938618931453, 5.35975506991, 0.995831766964, 4.92096858535, 0.884625306107, 1.10685539909, 4.19705912773, 1.87409971653, 1.15798989988, 3.62890394567, 0.918853506919, 1.02524606198, 1.07800794151, 1.12942400857, 0.966194956185, 5.01208814264, 1.10712299559, 0.821295801366, 24.4475163068, 1.14979345425, 3.11655374972, 1.07741425753, 2.07183871353, 1.24042731786, 171.588153119, 24.5201947959, 257.610078085
3.73141190081, 1.37040110828, 1.38245636567, 0.938618931453, 5.35975506991, 0.995831766964, 4.92096858535, 0.884625306107, 1.10685539909, 4.19705912773, 1.87409971653, 1.15798989988, 3.62890394567, 0.918853506919, 1.02524606198, 1.07800794151, 1.12942400857, 0.966194956185, 5.01208814264, 1.10712299559, 0.821295801366, 24.4475163068, 1.14979345425, 3.11655374972, 1.07741425753, 2.07183871353, 1.24042731786, 171.588153119, 24.5201947959, 257.610078085
3.73141190081, 1.37040110828, 1.38245636567, 0.938618931453, 5.35975506991, 0.995831766964, 4.92096858535, 0.884625306107, 1.10685539909, 4.19705912773, 1.87409971653, 1.15798989988, 3.62890394567, 0.918853506919, 1.02524606198, 1.07800794151, 1.12942400857, 0.966194956185, 5.01208814264, 1.10712299559, 0.821295801366, 24.4475163068, 1.14979345425, 3.11655374972, 1.07741425753, 2.07183871353, 1.24042731786, 171.588153119, 24.5201947959, 257.610078085
3.73141190081, 1.37040110828, 1.38245636567, 0.938618931453, 5.35975506991, 0.995831766964, 4.92096858535, 0.884625306107, 1.10685539909, 4.19705912773, 1.87409971653, 1.15798989988, 3.62890394567, 0.918853506919, 1.02524606198, 1.07800794151, 1.12942400857, 0.966194956185, 5.01208814264, 1.10712299559, 0.821295801366, 24.4475163068, 1.14979345425, 3.11655374972, 1.07741425753, 2.07183871353, 1.24042731786, 171.588153119, 24.5201947959, 257.610078085
3.73141190081, 1.37040110828, 1.38245636567, 0.938618931453, 5.35975506991, 0.995831766964, 4.92096858535, 0.884625306107, 1.10685539909, 4.19705912773, 1.87409971653, 1.15798989988, 3.62890394567, 0.918853506919, 1.02524606198, 1.07800794151, 1.12942400857, 0.966194956185, 5.01208814264, 1.10712299559, 0.821295801366, 24.4475163068, 1.14979345425, 3.11655374972, 1.07741425753, 2.07183871353, 1.24042731786, 171.588153119, 24.5201947959, 257.610078085
3.73141190081, 1.37040110828, 1.38245636567, 0.938618931453, 5.35975506991, 0.995831766964, 4.92096858535, 0.884625306107, 1.10685539909, 4.19705912773, 1.87409971653, 1.15798989988, 3.62890394567, 0.918853506919, 1.02524606198, 1.07800794151, 1.12942400857, 0.966194956185, 5.01208814264, 1.10712299559, 0.821295801366, 24.4475163068, 1.14979345425, 3.11655374972, 1.07741425753, 2.07183871353, 1.24042731786, 171.588153119, 24.5201947959, 257.610078085
3.73141190081, 1.37040110828, 1.38245636567, 0.938618931453, 5.35975506991, 0.995831766964, 4.92096858535, 0.884625306107, 1.10685539909, 4.19705912773, 1.87409971653, 1.15798989988, 3.62890394567, 0.918853506919, 1.02524606198, 1.07800794151, 1.12942400857, 0.966194956185, 5.01208814264, 1.10712299559, 0.821295801366, 24.4475163068, 1.14979345425, 3.11655374972, 1.07741425753, 2.07183871353, 1.24042731786, 171.588153119, 24.5201947959, 257.610078085
3.73141190081, 1.37040110828, 1.38245636567, 0.938618931453, 5.35975506991, 0.995831766964, 4.92096858535, 0.884625306107, 1.10685539909, 4.19705912773, 1.87409971653, 1.15798989988, 3.62890394567, 0.918853506919, 1.02524606198, 1.07800794151, 1.12942400857, 0.966194956185, 5.01208814264, 1.10712299559, 0.821295801366, 24.4475163068, 1.14979345425, 3.11655374972, 1.07741425753, 2.07183871353, 1.24042731786, 171.588153119, 24.5201947959, 257.610078085
3.73141190081, 1.37040110828, 1.38245636567, 0.938618931453, 5.35975506991, 0.995831766964, 4.92096858535, 0.884625306107, 1.10685539909, 4.19705912773, 1.87409971653, 1.15798989988, 3.62890394567, 0.918853506919, 1.02524606198, 1.07800794151, 1.12942400857, 0.966194956185, 5.01208814264, 1.10712299559, 0.821295801366, 24.4475163068, 1.14979345425, 3.11655374972, 1.07741425753, 2.07183871353, 1.24042731786, 171.588153119, 24.5201947959, 257.610078085
3.73141190081, 1.37040110828, 1.38245636567, 0.938618931453, 5.35975506991, 0.995831766964, 4.92096858535, 0.884625306107, 1.10685539909, 4.19705912773, 1.87409971653, 1.15798989988, 3.62890394567, 0.918853506919, 1.02524606198, 1.07800794151, 1.12942400857, 0.966194956185, 5.01208814264, 1.10712299559, 0.821295801366, 24.4475163068, 1.14979345425, 3.11655374972, 1.07741425753, 2.07183871353, 1.24042731786, 171.588153119, 24.5201947959, 257.610078085
3.73141190081, 1.37040110828, 1.38245636567, 0.938618931453, 5.35975506991, 0.995831766964, 4.92096858535, 0.884625306107, 1.10685539909, 4.19705912773, 1.88373615184, 1.15938620093, 3.62890394567, 0.920351024648, 0.880868143261, 1.07800794151, 1.12942400857, 0.906300779348, 5.77462930122, 1.10712299559, 0.942619983929, 24.4475163068, 1.14979345425, 3.19300646915, 1.22728057117, 2.07183871353, 1.24042731786, 173.300641589, 25.5438525918, 647.458332607
3.73141190081, 1.37040110828, 1.38245636567, 0.938618931453, 5.35975506991, 0.995831766964, 4.92096858535, 0.884625306107, 1.10685539909, 4.19705912773, 1.87409971653, 1.15798989988, 3.62890394567, 0.918853506919, 1.02524606198, 1.07800794151, 1.12942400857, 1.04955172022, 5.01208814264, 1.10712299559, 0.821295801366, 24.4475163068, 1.14979345425, 3.11655374972, 1.07741425753, 2.07183871353, 1.24042731786, 107.958097322, 15.9802081289, 154.085879691
3.73141190081, 1.37040110828, 1.38245636567, 0.938618931453, 5.35975506991, 0.995831766964, 4.92096858535, 0.884625306107, 1.10685539909, 4.19705912773, 1.87409971653, 1.15798989988, 3.62890394567, 0.918853506919, 1.02524606198, 1.07800794151, 1.12942400857, 1.04955172022, 5.01208814264, 1.10712299559, 0.821295801366, 24.4475163068, 1.14979345425, 3.11655374972, 1.07741425753, 2.07183871353, 1.24042731786, 107.958097322, 15.9802081289, 154.085879691
3.73141190081, 1.37040110828, 1.38245636567, 0.938618931453, 5.35975506991, 0.995831766964, 4.92096858535, 0.884625306107, 1.10685539909, 4.19705912773, 1.87409971653, 1.15798989988, 3.62890394567, 0.918853506919, 1.02524606198, 1.07800794151, 1.12942400857, 1.04955172022, 5.01208814264, 1.10712299559, 0.821295801366, 24.4475163068, 1.14979345425, 3.11655374972, 1.07741425753, 2.07183871353, 1.24042731786, 107.958097322, 15.9802081289, 154.085879691
3.73141190081, 1.37040110828, 1.38245636567, 0.938618931453, 5.35975506991, 0.995831766964, 4.92096858535, 0.884625306107, 1.10685539909, 4.19705912773, 1.87409971653, 1.15798989988, 3.62890394567, 0.918853506919, 1.02524606198, 1.07800794151, 1.12942400857, 1.04955172022, 5.01208814264, 1.10712299559, 0.821295801366, 24.4475163068, 1.14979345425, 3.11655374972, 1.07741425753, 2.07183871353, 1.24042731786, 107.958097322, 15.9802081289, 154.085879691
3.73141190081, 1.37040110828, 1.38245636567, 0.938618931453, 5.35975506991, 0.995831766964, 4.92096858535, 0.884625306107, 1.10685539909, 4.19705912773, 1.87409971653, 1.15798989988, 3.62890394567, 0.918853506919, 1.02524606198, 1.07800794151, 1.12942400857, 1.04955172022, 5.01208814264, 1.10712299559, 0.821295801366, 24.4475163068, 1.14979345425, 3.11655374972, 1.07741425753, 2.07183871353, 1.24042731786, 107.958097322, 15.9802081289, 154.085879691
3.73141190081, 1.37040110828, 1.38245636567, 0.938618931453, 5.35975506991, 0.995831766964, 4.92096858535, 0.884625306107, 1.10685539909, 4.19705912773, 1.87409971653, 1.15798989988, 3.62890394567, 0.918853506919, 1.02524606198, 1.07800794151, 1.12942400857, 1.04955172022, 5.01208814264, 1.10712299559, 0.821295801366, 24.4475163068, 1.14979345425, 3.11655374972, 1.07741425753, 2.07183871353, 1.24042731786, 107.958097322, 15.9802081289, 154.085879691
3.73141190081, 1.37040110828, 1.38245636567, 0.938618931453, 5.35975506991, 0.995831766964, 4.92096858535, 0.884625306107, 1.10685539909, 4.19705912773, 1.87409971653, 1.15798989988, 3.62890394567, 0.918853506919, 1.02524606198, 1.07800794151, 1.12942400857, 1.04955172022, 5.01208814264, 1.10712299559, 0.821295801366, 24.4475163068, 1.14979345425, 3.11655374972, 1.07741425753, 2.07183871353, 1.24042731786, 107.958097322, 15.9802081289, 154.085879691
3.73141190081, 1.37040110828, 1.38245636567, 0.938618931453, 5.35975506991, 0.995831766964, 4.92096858535, 0.884625306107, 1.10685539909, 4.19705912773, 1.87409971653, 1.15798989988, 3.62890394567, 0.918853506919, 1.02524606198, 1.07800794151, 1.12942400857, 1.04955172022, 5.01208814264, 1.10712299559, 0.821295801366, 24.4475163068, 1.14979345425, 3.11655374972, 1.07741425753, 2.07183871353, 1.24042731786, 107.958097322, 15.9802081289, 154.085879691
3.73141190081, 1.37040110828, 1.38245636567, 0.938618931453, 5.35975506991, 0.995831766964, 4.92096858535, 0.884625306107, 1.10685539909, 4.19705912773, 1.87409971653, 1.15798989988, 3.62890394567, 0.918853506919, 1.02524606198, 1.07800794151, 1.12942400857, 1.04955172022, 5.01208814264, 1.10712299559, 0.821295801366, 24.4475163068, 1.14979345425, 3.11655374972, 1.07741425753, 2.07183871353, 1.24042731786, 107.958097322, 15.9802081289, 154.085879691
3.73141190081, 1.37040110828, 1.38245636567, 0.938618931453, 5.35975506991, 0.995831766964, 4.92096858535, 0.884625306107, 1.10685539909, 4.19705912773, 1.87409971653, 1.15798989988, 3.62890394567, 0.918853506919, 1.02524606198, 1.07800794151, 1.12942400857, 1.04955172022, 5.01208814264, 1.10712299559, 0.821295801366, 24.4475163068, 1.14979345425, 3.11655374972, 1.07741425753, 2.07183871353, 1.24042731786, 107.958097322, 15.9802081289, 154.085879691
3.73141190081, 1.37040110828, 1.38245636567, 0.938618931453, 5.35975506991, 0.995831766964, 4.92096858535, 0.884625306107, 1.10685539909, 4.19705912773, 1.87409971653, 1.15798989988, 3.62890394567, 0.918853506919, 1.02524606198, 1.07800794151, 1.12942400857, 1.04955172022, 5.01208814264, 1.10712299559, 0.821295801366, 24.4475163068, 1.14979345425, 3.11655374972, 1.07741425753, 2.07183871353, 1.24042731786, 107.958097322, 15.9802081289, 154.085879691
3.73141190081, 1.37040110828, 1.38245636567, 0.938618931453, 5.35975506991, 0.995831766964, 4.92096858535, 0.884625306107, 1.10685539909, 4.19705912773, 1.87409971653, 1.15798989988, 3.62890394567, 0.918853506919, 1.02524606198, 1.07800794151, 1.12942400857, 1.04955172022, 5.01208814264, 1.10712299559, 0.821295801366, 24.4475163068, 1.14979345425, 3.11655374972, 1.07741425753, 2.07183871353, 1.24042731786, 107.958097322, 15.9802081289, 154.085879691
3.73141190081, 1.37040110828, 1.38245636567, 0.938618931453, 5.35975506991, 0.995831766964, 4.92096858535, 0.884625306107, 1.10685539909, 4.19705912773, 1.87409971653, 1.15798989988, 3.62890394567, 0.918853506919, 1.02524606198, 1.07800794151, 1.12942400857, 1.04955172022, 5.01208814264, 1.10712299559, 0.821295801366, 24.4475163068, 1.14979345425, 3.11655374972, 1.07741425753, 2.07183871353, 1.24042731786, 107.958097322, 15.9802081289, 154.085879691
3.73141190081, 1.37040110828, 1.38245636567, 0.938618931453, 5.35975506991, 0.995831766964, 4.92096858535, 0.884625306107, 1.10685539909, 4.19705912773, 1.87409971653, 1.15798989988, 3.62890394567, 0.918853506919, 1.02524606198, 1.07800794151, 1.12942400857, 1.04955172022, 5.01208814264, 1.10712299559, 0.821295801366, 24.4475163068, 1.14979345425, 3.11655374972, 1.07741425753, 2.07183871353, 1.24042731786, 107.958097322, 15.9802081289, 154.085879691
3.73141190081, 1.37040110828, 1.38245636567, 0.938618931453, 5.35975506991, 0.995831766964, 4.92096858535, 0.884625306107, 1.10685539909, 4.19705912773, 1.87409971653, 1.15798989988, 3.62890394567, 0.918853506919, 1.02524606198, 1.06626008592, 1.12942400857, 0.967246159817, 5.01208814264, 1.10712299559, 0.821295801366, 24.4475163068, 1.14979345425, 3.11655374972, 1.07741425753, 2.03402793428, 1.24042731786, 62.7134170542, 19.1728808411, 782.535747838
3.73141190081, 1.41369021594, 1.38245636567, 0.855975236026, 5.35975506991, 0.996169471554, 4.92096858535, 0.884625306107, 1.10685539909, 3.49929648559, 2.72625201634, 1.0795156001, 4.47156535743, 0.918853506919, 1.02523428942, 1.07800794151, 1.12993096054, 1.05024837135, 5.02012341832, 1.10712299559, 0.82130690855, 24.4475163068, 1.14979345425, 3.11655374972, 1.08230701565, 2.07183871353, 1.24042731786, 57.5407640865, 10.7500045168, 193.38735197
3.73141190081, 1.41369021594, 1.38245636567, 0.855975236026, 5.35975506991, 0.996169471554, 4.92096858535, 0.884625306107, 1.10685539909, 3.49929648559, 2.72625201634, 1.0795156001, 4.47156535743, 0.918853506919, 1.02523428942, 1.07800794151, 1.12993096054, 1.05024837135, 5.02012341832, 1.10712299559, 0.82130690855, 24.4475163068, 1.14979345425, 3.11655374972, 1.08230701565, 2.07183871353, 1.24042731786, 57.5407640865, 10.7500045168, 193.38735197
3.73141190081, 1.41369021594, 1.38245636567, 0.855975236026, 5.35975506991, 0.996169471554, 4.92096858535, 0.884625306107, 1.10685539909, 3.49929648559, 2.72625201634, 1.0795156001, 4.47156535743, 0.918853506919, 1.02523428942, 1.07800794151, 1.12993096054, 1.05024837135, 5.02012341832, 1.10712299559, 0.82130690855, 24.4475163068, 1.14979345425, 3.11655374972, 1.08230701565, 2.07183871353, 1.24042731786, 57.5407640865, 10.7500045168, 193.38735197
3.73141190081, 1.41369021594, 1.38245636567, 0.855975236026, 5.35975506991, 0.996169471554, 4.92096858535, 0.884625306107, 1.10685539909, 3.49929648559, 2.72625201634, 1.0795156001, 4.47156535743, 0.918853506919, 1.02523428942, 1.07800794151, 1.12993096054, 1.05024837135, 5.02012341832, 1.10712299559, 0.82130690855, 24.4475163068, 1.14979345425, 3.11655374972, 1.08230701565, 2.07183871353, 1.24042731786, 57.5407640865, 10.7500045168, 193.38735197
3.73141190081, 1.41369021594, 1.38245636567, 0.855975236026, 5.35975506991, 0.996169471554, 4.92096858535, 0.884625306107, 1.10685539909, 3.49929648559, 2.72625201634, 1.0795156001, 4.47156535743, 0.918853506919, 1.02523428942, 1.07800794151, 1.12993096054, 1.05024837135, 5.02012341832, 1.10712299559, 0.82130690855, 24.4475163068, 1.14979345425, 3.11655374972, 1.08230701565, 2.07183871353, 1.24042731786, 57.5407640865, 10.7500045168, 193.38735197
3.73141190081, 1.41369021594, 1.38245636567, 0.855975236026, 5.35975506991, 0.996169471554, 4.92096858535, 0.884625306107, 1.10685539909, 3.49929648559, 2.72625201634, 1.0795156001, 4.47156535743, 0.918853506919, 1.02523428942, 1.07800794151, 1.12993096054, 1.05024837135, 5.02012341832, 1.10712299559, 0.82130690855, 24.4475163068, 1.14979345425, 3.11655374972, 1.08230701565, 2.07183871353, 1.24042731786, 57.5407640865, 10.7500045168, 193.38735197
3.73141190081, 1.41369021594, 1.38245636567, 0.855975236026, 5.35975506991, 0.996169471554, 4.92096858535, 0.884625306107, 1.10685539909, 3.49929648559, 2.72625201634, 1.0795156001, 4.47156535743, 0.918853506919, 1.02523428942, 1.07800794151, 1.12993096054, 1.05024837135, 5.02012341832, 1.10712299559, 0.82130690855, 24.4475163068, 1.14979345425, 3.11655374972, 1.08230701565, 2.07183871353, 1.24042731786, 57.5407640865, 10.7500045168, 193.38735197
3.73141190081, 1.41369021594, 1.38245636567, 0.855975236026, 5.35975506991, 0.996169471554, 4.92096858535, 0.884625306107, 1.10685539909, 3.49929648559, 2.72625201634, 1.0795156001, 4.47156535743, 0.918853506919, 1.02523428942, 1.07800794151, 1.12993096054, 1.05024837135, 5.02012341832, 1.10712299559, 0.82130690855, 24.4475163068, 1.14979345425, 3.11655374972, 1.08230701565, 2.07183871353, 1.24042731786, 57.5407640865, 10.7500045168, 193.38735197
3.73141190081, 1.41369021594, 1.38245636567, 0.855975236026, 5.35975506991, 0.996169471554, 4.92096858535, 0.884625306107, 1.10685539909, 3.49929648559, 2.72625201634, 1.0795156001, 4.47156535743, 0.918853506919, 1.02523428942, 1.07800794151, 1.12993096054, 1.05024837135, 5.02012341832, 1.10712299559, 0.82130690855, 24.4475163068, 1.14979345425, 3.11655374972, 1.08230701565, 2.07183871353, 1.24042731786, 57.5407640865, 10.7500045168, 193.38735197
3.73141190081, 1.41369021594, 1.38245636567, 0.855975236026, 5.35975506991, 0.996169471554, 4.92096858535, 0.884625306107, 1.10685539909, 3.49929648559, 2.72625201634, 1.0795156001, 4.47156535743, 0.918853506919, 1.02523428942, 1.07800794151, 1.12993096054, 1.05024837135, 5.02012341832, 1.10712299559, 0.82130690855, 24.4475163068, 1.14979345425, 3.11655374972, 1.08230701565, 2.07183871353, 1.24042731786, 57.5407640865, 10.7500045168, 193.38735197
3.73141190081, 1.41369021594, 1.38245636567, 0.855975236026, 5.35975506991, 0.996169471554, 4.92096858535, 0.884625306107, 1.10685539909, 3.49929648559, 2.72625201634, 1.0795156001, 4.47156535743, 0.918853506919, 1.02523428942, 1.07800794151, 1.12993096054, 1.05024837135, 5.02012341832, 1.10712299559, 0.82130690855, 24.4475163068, 1.14979345425, 3.11655374972, 1.08230701565, 2.07183871353, 1.24042731786, 57.5407640865, 10.7500045168, 193.38735197
3.66067192746, 1.37040110828, 1.25247886107, 0.938618931453, 5.36013983237, 0.995831766964, 4.92096858535, 0.884625306107, 1.10434889729, 3.49463629949, 1.87409971653, 1.15798989988, 3.62890394567, 0.918853506919, 1.02524606198, 1.07800794151, 1.13698856884, 0.968278659822, 5.01208814264, 1.10763244363, 0.821295801366, 23.5927490405, 1.16373973139, 3.11655374972, 1.07728850747, 2.07183871353, 1.06811623708, 32.6656740093, 11.2531579914, 117.213909635
3.66067192746, 1.37040110828, 1.25247886107, 0.938618931453, 5.36013983237, 0.995831766964, 4.92096858535, 0.884625306107, 1.10434889729, 3.49463629949, 1.87409971653, 1.15798989988, 3.62890394567, 0.918853506919, 1.02524606198, 1.07800794151, 1.13698856884, 0.968278659822, 5.01208814264, 1.10763244363, 0.821295801366, 23.5927490405, 1.16373973139, 3.11655374972, 1.07728850747, 2.07183871353, 1.06811623708, 32.6656740093, 11.2531579914, 117.213909635
3.66067192746, 1.37040110828, 1.25247886107, 0.938618931453, 5.36013983237, 0.995831766964, 4.92096858535, 0.884625306107, 1.10434889729, 3.49463629949, 1.87409971653, 1.15798989988, 3.62890394567, 0.918853506919, 1.02524606198, 1.07800794151, 1.13698856884, 0.968278659822, 5.01208814264, 1.10763244363, 0.821295801366, 23.5927490405, 1.16373973139, 3.11655374972, 1.07728850747, 2.07183871353, 1.06811623708, 32.6656740093, 11.2531579914, 117.213909635
3.66067192746, 1.37040110828, 1.25247886107, 0.938618931453, 5.36013983237, 0.995831766964, 4.92096858535, 0.884625306107, 1.10434889729, 3.49463629949, 1.87409971653, 1.15798989988, 3.62890394567, 0.918853506919, 1.02524606198, 1.07800794151, 1.13698856884, 0.968278659822, 5.01208814264, 1.10763244363, 0.821295801366, 23.5927490405, 1.16373973139, 3.11655374972, 1.07728850747, 2.07183871353, 1.06811623708, 32.6656740093, 11.2531579914, 117.213909635
3.66067192746, 1.37040110828, 1.25247886107, 0.938618931453, 5.36013983237, 0.995831766964, 4.92096858535, 0.884625306107, 1.10434889729, 3.49463629949, 1.87409971653, 1.15798989988, 3.62890394567, 0.918853506919, 1.02524606198, 1.07800794151, 1.13698856884, 0.968278659822, 5.01208814264, 1.10763244363, 0.821295801366, 23.5927490405, 1.16373973139, 3.11655374972, 1.07728850747, 2.07183871353, 1.06811623708, 32.6656740093, 11.2531579914, 117.213909635
3.66067192746, 1.37040110828, 1.25247886107, 0.938618931453, 5.36013983237, 0.995831766964, 4.92096858535, 0.884625306107, 1.10434889729, 3.49463629949, 1.87409971653, 1.15798989988, 3.62890394567, 0.918853506919, 1.02524606198, 1.07800794151, 1.13698856884, 0.968278659822, 5.01208814264, 1.10763244363, 0.821295801366, 23.5927490405, 1.16373973139, 3.11655374972, 1.07728850747, 2.07183871353, 1.06811623708, 32.6656740093, 11.2531579914, 117.213909635
3.66067192746, 1.37040110828, 1.25247886107, 0.938618931453, 5.36013983237, 0.995831766964, 4.92096858535, 0.884625306107, 1.10434889729, 3.49463629949, 1.87409971653, 1.15798989988, 3.62890394567, 0.918853506919, 1.02524606198, 1.07800794151, 1.13698856884, 0.968278659822, 5.01208814264, 1.10763244363, 0.821295801366, 23.5927490405, 1.16373973139, 3.11655374972, 1.07728850747, 2.07183871353, 1.06811623708, 32.6656740093, 11.2531579914, 117.213909635
3.66067192746, 1.37040110828, 1.25247886107, 0.938618931453, 5.36013983237, 0.995831766964, 4.92096858535, 0.884625306107, 1.10434889729, 3.49463629949, 1.87409971653, 1.15798989988, 3.62890394567, 0.918853506919, 1.02524606198, 1.07800794151, 1.13698856884, 0.968278659822, 5.01208814264, 1.10763244363, 0.821295801366, 23.5927490405, 1.16373973139, 3.11655374972, 1.07728850747, 2.07183871353, 1.06811623708, 32.6656740093, 11.2531579914, 117.213909635
3.66067192746, 1.37040110828, 1.25247886107, 0.938618931453, 5.36013983237, 0.995831766964, 4.92096858535, 0.884625306107, 1.10434889729, 3.49463629949, 1.87409971653, 1.15798989988, 3.62890394567, 0.918853506919, 1.02524606198, 1.07800794151, 1.13698856884, 0.968278659822, 5.01208814264, 1.10763244363, 0.821295801366, 23.5927490405, 1.16373973139, 3.11655374972, 1.07728850747, 2.07183871353, 1.06811623708, 32.6656740093, 11.2531579914, 117.213909635
3.66067192746, 1.37040110828, 1.25247886107, 0.938618931453, 5.36013983237, 0.995831766964, 4.92096858535, 0.884625306107, 1.10434889729, 3.49463629949, 1.87409971653, 1.15798989988, 3.62890394567, 0.918853506919, 1.02524606198, 1.07800794151, 1.13698856884, 0.968278659822, 5.01208814264, 1.10763244363, 0.821295801366, 23.5927490405, 1.16373973139, 3.11655374972, 1.07728850747, 2.07183871353, 1.06811623708, 32.6656740093, 11.2531579914, 117.213909635
3.66067192746, 1.37040110828, 1.25247886107, 0.938618931453, 5.36013983237, 0.995831766964, 4.92096858535, 0.884625306107, 1.10434889729, 3.49463629949, 1.87409971653, 1.15798989988, 3.62890394567, 0.918853506919, 1.02524606198, 1.07800794151, 1.13698856884, 0.968278659822, 5.01208814264, 1.10763244363, 0.821295801366, 23.5927490405, 1.16373973139, 3.11655374972, 1.07728850747, 2.07183871353, 1.06811623708, 32.6656740093, 11.2531579914, 117.213909635
3.66067192746, 1.37040110828, 1.25247886107, 0.938618931453, 5.36013983237, 0.995831766964, 4.92096858535, 0.884625306107, 1.10434889729, 3.49463629949, 1.87409971653, 1.15798989988, 3.62890394567, 0.918853506919, 1.02524606198, 1.07800794151, 1.13698856884, 0.968278659822, 5.01208814264, 1.10763244363, 0.821295801366, 23.5927490405, 1.16373973139, 3.11655374972, 1.07728850747, 2.07183871353, 1.06811623708, 32.6656740093, 11.2531579914, 117.213909635
3.66067192746, 1.37040110828, 1.25247886107, 0.938618931453, 5.36013983237, 0.995831766964, 4.92096858535, 0.884625306107, 1.10434889729, 3.49463629949, 1.87409971653, 1.15798989988, 3.62890394567, 0.918853506919, 1.02524606198, 1.07800794151, 1.13698856884, 0.968278659822, 5.01208814264, 1.10763244363, 0.821295801366, 23.5927490405, 1.16373973139, 3.11655374972, 1.07728850747, 2.07183871353, 1.06811623708, 32.6656740093, 11.2531579914, 117.213909635
3.66067192746, 1.37040110828, 1.25247886107, 0.938618931453, 5.36013983237, 0.995831766964, 4.92096858535, 0.884625306107, 1.10434889729, 3.49463629949, 1.87409971653, 1.15798989988, 3.62890394567, 0.918853506919, 1.02524606198, 1.07800794151, 1.13698856884, 0.968278659822, 5.01208814264, 1.10763244363, 0.821295801366, 23.5927490405, 1.16373973139, 3.11655374972, 1.07728850747, 2.07183871353, 1.06811623708, 32.6656740093, 11.2531579914, 117.213909635
3.66067192746, 1.37040110828, 1.25247886107, 0.938618931453, 5.36013983237, 0.995831766964, 4.92096858535, 0.884625306107, 1.10434889729, 3.49463629949, 1.87409971653, 1.15798989988, 3.62890394567, 0.918853506919, 1.02524606198, 1.07800794151, 1.13698856884, 0.968278659822, 5.01208814264, 1.10763244363, 0.821295801366, 23.5927490405, 1.16373973139, 3.11655374972, 1.07728850747, 2.07183871353, 1.06811623708, 32.6656740093, 11.2531579914, 117.213909635
3.66067192746, 1.37040110828, 1.25247886107, 0.938618931453, 5.36013983237, 0.995831766964, 4.92096858535, 0.884625306107, 1.10434889729, 3.49463629949, 1.87409971653, 1.15798989988, 3.62890394567, 0.918853506919, 1.02524606198, 1.07800794151, 1.13698856884, 0.968278659822, 5.01208814264, 1.10763244363, 0.821295801366, 23.5927490405, 1.16373973139, 3.11655374972, 1.07728850747, 2.07183871353, 1.06811623708, 32.6656740093, 11.2531579914, 117.213909635
3.66067192746, 1.37040110828, 1.25247886107, 0.938618931453, 5.36013983237, 0.995831766964, 4.92096858535, 0.884625306107, 1.10434889729, 3.49463629949, 1.87409971653, 1.15798989988, 3.62890394567, 0.918853506919, 1.02524606198, 1.07800794151, 1.13698856884, 0.968278659822, 5.01208814264, 1.10763244363, 0.821295801366, 23.5927490405, 1.16373973139, 3.11655374972, 1.07728850747, 2.07183871353, 1.06811623708, 32.6656740093, 11.2531579914, 117.213909635
3.66067192746, 1.37040110828, 1.25247886107, 0.938618931453, 5.36013983237, 0.995831766964, 4.92096858535, 0.884625306107, 1.10434889729, 3.49463629949, 1.87409971653, 1.15798989988, 3.62890394567, 0.918853506919, 1.02524606198, 1.07800794151, 1.13698856884, 0.968278659822, 5.01208814264, 1.10763244363, 0.821295801366, 23.5927490405, 1.16373973139, 3.11655374972, 1.07728850747, 2.07183871353, 1.06811623708, 32.6656740093, 11.2531579914, 117.213909635
3.66067192746, 1.37040110828, 1.25247886107, 0.938618931453, 5.36013983237, 0.995831766964, 4.92096858535, 0.884625306107, 1.10434889729, 3.49463629949, 1.87409971653, 1.15798989988, 3.62890394567, 0.918853506919, 1.02524606198, 1.07800794151, 1.13698856884, 0.968278659822, 5.01208814264, 1.10763244363, 0.821295801366, 23.5927490405, 1.16373973139, 3.11655374972, 1.07728850747, 2.07183871353, 1.06811623708, 32.6656740093, 11.2531579914, 117.213909635
3.66067192746, 1.37040110828, 1.25247886107, 0.938618931453, 5.36013983237, 0.995831766964, 4.92096858535, 0.884625306107, 1.10434889729, 3.49463629949, 1.87409971653, 1.15798989988, 3.62890394567, 0.918853506919, 1.02524606198, 1.07800794151, 1.13698856884, 0.968278659822, 5.01208814264, 1.10763244363, 0.821295801366, 23.5927490405, 1.16373973139, 3.11655374972, 1.07728850747, 2.07183871353, 1.06811623708, 32.6656740093, 11.2531579914, 117.213909635
