0.0811213822512, 0.0983630250684, 0.00723304441011, 0.000305042883479, 0.00966305752989, 0.00951293473753, 0.000402639742569, 0.0013515593337, 0.00532571675132, 0.034756578217, 0.280862199325, 4.30302011488
0.0811213822512, 0.0983630250684, 0.00723304441011, 0.000305042883479, 0.00966305752989, 0.00951293473753, 0.000402639742569, 0.0013515593337, 0.00532571675132, 0.034756578217, 0.280862199325, 4.30302011488
0.117626003705, 0.082408580733, 0.000485073333882, 0.00497003891801, 0.00966305752989, 0.00233334284575, 0.0311981398293, 0.0013515593337, 0.0583150636765, 0.034756578217, 0.838371867587, 4.42718774718
0.0884817992531, 0.0983630250684, 0.104546091225, 0.000305042883479, 0.0116899963292, 0.00547804452709, 0.00206386762284, 0.0013515593337, 0.00532571675132, 0.112157927165, 0.3176589063, 4.95125272025
0.0811213822512, 0.0239791608214, 0.117470608049, 0.011890726519, 0.0201722652548, 0.00640435906389, 0.185796525032, 0.000990791523905, 0.187447881338, 0.00291885776775, 0.280862199325, 5.47473189047
0.0700393159912, 0.082408580733, 0.001121538204, 0.00497003891801, 0.0116899963292, 0.00233334284575, 0.0311981398293, 0.0100787394629, 0.0583150636765, 0.034756578217, 0.375336983126, 4.59455934308
0.615806054028, 0.0658221266876, 0.0200538657084, 0.00644178744396, 0.0116899963292, 0.0153150618627, 0.00156654951221, 5.07187092713e-06, 0.0153842302797, 0.0877709638335, 0.974403935177, 4.36739744031
0.0868605483584, 0.0658221266876, 0.00386611741862, 0.00605187704054, 0.0116899963292, 0.00458718243018, 0.304202934823, 8.1345930887e-05, 0.00510382533805, 0.152683580256, 0.302821158766, 5.46635852666
0.117626003705, 0.082408580733, 0.000485073333882, 0.00497003891801, 0.00966305752989, 0.00233334284575, 0.0311981398293, 0.0013515593337, 0.0583150636765, 0.034756578217, 0.838371867587, 4.42718774718
0.0811213822512, 0.0239791608214, 0.117470608049, 0.011890726519, 0.0201722652548, 0.00640435906389, 0.185796525032, 0.000990791523905, 0.187447881338, 0.00291885776775, 0.280862199325, 5.47473189047
0.0884817992531, 0.0983630250684, 0.104546091225, 0.000305042883479, 0.0116899963292, 0.00547804452709, 0.00206386762284, 0.0013515593337, 0.00532571675132, 0.112157927165, 0.3176589063, 4.95125272025
0.0700393159912, 0.082408580733, 0.001121538204, 0.00497003891801, 0.0116899963292, 0.00233334284575, 0.0311981398293, 0.0100787394629, 0.0583150636765, 0.034756578217, 0.375336983126, 4.59455934308
0.615806054028, 0.0658221266876, 0.0200538657084, 0.00644178744396, 0.0116899963292, 0.0153150618627, 0.00156654951221, 5.07187092713e-06, 0.0153842302797, 0.0877709638335, 0.974403935177, 4.36739744031
0.0868605483584, 0.0658221266876, 0.00386611741862, 0.00605187704054, 0.0116899963292, 0.00458718243018, 0.304202934823, 8.1345930887e-05, 0.00510382533805, 0.152683580256, 0.302821158766, 5.46635852666
0.0811213822512, 0.0983630250684, 0.00723304441011, 0.000305042883479, 0.0225191243656, 0.00951293473753, 0.000468774260006, 0.363574504492, 0.00532571675132, 0.112157927165, 0.280862199325, 5.59577158389
0.0811213822512, 0.0983630250684, 0.00723304441011, 0.000305042883479, 0.0225191243656, 0.00951293473753, 0.000468774260006, 0.363574504492, 0.00532571675132, 0.112157927165, 0.280862199325, 5.59577158389
0.0884817992531, 0.0983630250684, 0.104546091225, 0.000305042883479, 0.0225191243656, 0.00547804452709, 0.00206386762284, 0.0013515593337, 0.00532571675132, 0.112157927165, 0.3176589063, 4.9825160724
0.0884817992531, 0.0983630250684, 0.104546091225, 0.000305042883479, 0.0225191243656, 0.00547804452709, 0.00206386762284, 0.0013515593337, 0.00532571675132, 0.112157927165, 0.3176589063, 4.9825160724
0.0700393159912, 0.082408580733, 0.001121538204, 0.00497003891801, 0.0225191243656, 0.00233334284575, 0.0311981398293, 0.0100787394629, 0.0583150636765, 0.034756578217, 0.375336983126, 4.63556481802
0.0700393159912, 0.082408580733, 0.001121538204, 0.00497003891801, 0.0225191243656, 0.00233334284575, 0.0311981398293, 0.0100787394629, 0.0583150636765, 0.034756578217, 0.375336983126, 4.63556481802
0.0811213822512, 0.16737760837, 0.117470608049, 0.011890726519, 0.0201722652548, 0.00640435906389, 0.185796525032, 0.000990791523905, 0.187447881338, 0.00291885776775, 0.280862199325, 5.73996183098
0.0811213822512, 0.16737760837, 0.117470608049, 0.011890726519, 0.0201722652548, 0.00640435906389, 0.185796525032, 0.000990791523905, 0.187447881338, 0.00291885776775, 0.280862199325, 5.73996183098
0.0884817992531, 0.0811436735019, 0.00723304441011, 0.000305042883479, 0.0225191243656, 0.00547804452709, 0.00206386762284, 0.0311964506976, 0.145592208843, 0.112157927165, 0.3176589063, 5.13248008083
0.0884817992531, 0.0811436735019, 0.00723304441011, 0.000305042883479, 0.0225191243656, 0.00547804452709, 0.00206386762284, 0.0311964506976, 0.145592208843, 0.112157927165, 0.3176589063, 5.13248008083
0.0700393159912, 0.0811436735019, 0.001121538204, 0.000305042883479, 0.0116899963292, 0.00233334284575, 0.0699330573193, 0.0013515593337, 0.0583150636765, 0.034756578217, 0.375336983126, 4.68393640777
0.0700393159912, 0.0811436735019, 0.001121538204, 0.000305042883479, 0.0116899963292, 0.00233334284575, 0.0699330573193, 0.0013515593337, 0.0583150636765, 0.034756578217, 0.375336983126, 4.68393640777
0.0517938411444, 0.0676379088295, 0.000471367480071, 0.00126225148269, 0.0140507013294, 0.0153150618627, 0.0699330573193, 0.0013515593337, 0.0602822626039, 0.0535574235047, 0.737248024979, 4.67938097971
0.0700393159912, 0.0811436735019, 0.001121538204, 0.000305042883479, 0.0116899963292, 0.00233334284575, 0.0699330573193, 0.0013515593337, 0.0583150636765, 0.034756578217, 0.375336983126, 4.68393640777
0.0700393159912, 0.0811436735019, 0.001121538204, 0.000305042883479, 0.0116899963292, 0.00233334284575, 0.0699330573193, 0.0013515593337, 0.0583150636765, 0.034756578217, 0.375336983126, 4.68393640777
0.0517938411444, 0.0676379088295, 0.000471367480071, 0.00126225148269, 0.0140507013294, 0.0153150618627, 0.0699330573193, 0.0013515593337, 0.0602822626039, 0.0535574235047, 0.737248024979, 4.67938097971
0.0811213822512, 0.16737760837, 0.117470608049, 0.011890726519, 0.0201722652548, 0.00640435906389, 0.185796525032, 0.000990791523905, 0.187447881338, 0.0871877573376, 0.280862199325, 5.87721964685
0.0811213822512, 0.16737760837, 0.117470608049, 0.011890726519, 0.0201722652548, 0.00640435906389, 0.185796525032, 0.000990791523905, 0.187447881338, 0.0871877573376, 0.280862199325, 5.87721964685
0.0811213822512, 0.16737760837, 0.117470608049, 0.011890726519, 0.0201722652548, 0.00640435906389, 0.185796525032, 0.000990791523905, 0.187447881338, 0.0871877573376, 0.280862199325, 5.87721964685
0.0811213822512, 0.16737760837, 0.117470608049, 0.011890726519, 0.0201722652548, 0.00640435906389, 0.185796525032, 0.000990791523905, 0.187447881338, 0.0871877573376, 0.280862199325, 5.87721964685
0.0884817992531, 0.195876322801, 0.00723304441011, 0.000305042883479, 0.0225191243656, 0.00547804452709, 0.00206386762284, 0.0013515593337, 0.145592208843, 0.112157927165, 0.3176589063, 5.33426789073
0.0884817992531, 0.195876322801, 0.00723304441011, 0.000305042883479, 0.0225191243656, 0.00547804452709, 0.00206386762284, 0.0013515593337, 0.145592208843, 0.112157927165, 0.3176589063, 5.33426789073
0.0811213822512, 0.16737760837, 0.00723304441011, 0.0135525675433, 0.00672553310521, 0.00951293473753, 0.0894057985941, 0.000990791523905, 0.123759004657, 0.459557909768, 0.280862199325, 6.01693868927
0.0811213822512, 0.16737760837, 0.00723304441011, 0.0135525675433, 0.00672553310521, 0.00951293473753, 0.0894057985941, 0.000990791523905, 0.123759004657, 0.459557909768, 0.280862199325, 6.01693868927
0.0811213822512, 0.16737760837, 0.00723304441011, 0.0135525675433, 0.00672553310521, 0.00951293473753, 0.0894057985941, 0.000990791523905, 0.123759004657, 0.459557909768, 0.280862199325, 6.01693868927
0.0811213822512, 0.16737760837, 0.00723304441011, 0.0135525675433, 0.00672553310521, 0.00951293473753, 0.0894057985941, 0.000990791523905, 0.123759004657, 0.459557909768, 0.280862199325, 6.01693868927
0.237158387978, 0.0983630250684, 0.00723304441011, 0.069951482019, 0.00637913658147, 0.00547804452709, 0.000225515435809, 0.0013515593337, 0.0358322356911, 0.112157927165, 0.67572216425, 4.86687684142
0.237158387978, 0.0983630250684, 0.00723304441011, 0.069951482019, 0.00637913658147, 0.00547804452709, 0.000225515435809, 0.0013515593337, 0.0358322356911, 0.112157927165, 0.67572216425, 4.86687684142
0.0811213822512, 0.0983630250684, 0.00723304441011, 0.000305042883479, 0.0225191243656, 0.00951293473753, 0.488184255585, 0.363574504492, 0.00532571675132, 0.0514990707422, 0.280862199325, 6.24294288891
0.0811213822512, 0.0983630250684, 0.00723304441011, 0.000305042883479, 0.0225191243656, 0.00951293473753, 0.488184255585, 0.363574504492, 0.00532571675132, 0.0514990707422, 0.280862199325, 6.24294288891
0.275283346496, 0.0658221266876, 0.0200538657084, 0.00339617001931, 0.0116899963292, 0.00289307253417, 0.0699330573193, 0.0496709258985, 0.00510382533805, 0.108247019045, 0.83634433619, 4.81741131753
0.275283346496, 0.0658221266876, 0.0200538657084, 0.00339617001931, 0.0116899963292, 0.00289307253417, 0.0699330573193, 0.0496709258985, 0.00510382533805, 0.108247019045, 0.83634433619, 4.81741131753
0.0811213822512, 0.0983630250684, 0.00723304441011, 0.000305042883479, 0.0225191243656, 0.00230613079615, 0.488184255585, 0.363574504492, 0.00532571675132, 0.112157927165, 0.280862199325, 6.30893426964
0.0811213822512, 0.0983630250684, 0.00723304441011, 0.000305042883479, 0.0225191243656, 0.00230613079615, 0.488184255585, 0.363574504492, 0.00532571675132, 0.112157927165, 0.280862199325, 6.30893426964
0.289935906479, 0.0440853098919, 0.0200538657084, 5.03392636263e-05, 0.122239648546, 0.0153150618627, 0.00156654951221, 0.0588073603108, 0.0153842302797, 0.0345899624879, 0.952626499859, 4.69794313458
0.289935906479, 0.0440853098919, 0.0200538657084, 5.03392636263e-05, 0.122239648546, 0.0153150618627, 0.00156654951221, 0.0588073603108, 0.0153842302797, 0.0345899624879, 0.952626499859, 4.69794313458
0.289935906479, 0.0440853098919, 0.0200538657084, 5.03392636263e-05, 0.122239648546, 0.0153150618627, 0.00156654951221, 0.0588073603108, 0.0153842302797, 0.0345899624879, 0.952626499859, 4.69794313458
0.289935906479, 0.0440853098919, 0.0200538657084, 5.03392636263e-05, 0.122239648546, 0.0153150618627, 0.00156654951221, 0.0588073603108, 0.0153842302797, 0.0345899624879, 0.952626499859, 4.69794313458
0.0887976005244, 0.0416321888809, 0.00208551354482, 0.191145064834, 0.0116899963292, 0.0089100908759, 0.0110655393611, 0.202722765777, 0.150534145962, 0.032038625277, 0.320958628519, 5.65072690413
0.0887976005244, 0.0416321888809, 0.00208551354482, 0.191145064834, 0.0116899963292, 0.0089100908759, 0.0110655393611, 0.202722765777, 0.150534145962, 0.032038625277, 0.320958628519, 5.65072690413
0.0811213822512, 0.0411731953166, 0.0501038711616, 0.174740011617, 0.0977867839089, 0.0253922760245, 0.0699330573193, 0.363574504492, 0.287083705024, 0.0209955109915, 0.280862199325, 6.34588948323
0.0811213822512, 0.0411731953166, 0.0501038711616, 0.174740011617, 0.0977867839089, 0.0253922760245, 0.0699330573193, 0.363574504492, 0.287083705024, 0.0209955109915, 0.280862199325, 6.34588948323
0.0700393159912, 0.195876322801, 0.001121538204, 0.000305042883479, 0.0116899963292, 0.00233334284575, 0.0699330573193, 0.0013515593337, 0.0583150636765, 0.0258044152407, 0.375336983126, 5.01567177999
0.0700393159912, 0.195876322801, 0.001121538204, 0.000305042883479, 0.0116899963292, 0.00233334284575, 0.0699330573193, 0.0013515593337, 0.0583150636765, 0.0258044152407, 0.375336983126, 5.01567177999
0.0811213822512, 0.0200983206233, 0.445905371772, 0.069951482019, 0.0657412571821, 0.0153150618627, 0.0699330573193, 0.363574504492, 0.0136096542629, 0.0827126117249, 0.280862199325, 6.36484929572
0.0811213822512, 0.0200983206233, 0.445905371772, 0.069951482019, 0.0657412571821, 0.0153150618627, 0.0699330573193, 0.363574504492, 0.0136096542629, 0.0827126117249, 0.280862199325, 6.36484929572
0.579849855768, 0.00126831116184, 0.00138869837365, 0.117364730457, 0.0104326474475, 0.00159638543581, 0.0699330573193, 0.0013515593337, 0.0602822626039, 0.0877709638335, 0.90293197184, 4.83759727636
0.579849855768, 0.00126831116184, 0.00138869837365, 0.117364730457, 0.0104326474475, 0.00159638543581, 0.0699330573193, 0.0013515593337, 0.0602822626039, 0.0877709638335, 0.90293197184, 4.83759727636
0.0884817992531, 0.195876322801, 0.00723304441011, 0.000305042883479, 0.0225191243656, 0.00474087587262, 0.00206386762284, 0.367413578272, 0.00111388073484, 0.112157927165, 0.3176589063, 5.75802741908
0.0884817992531, 0.195876322801, 0.00723304441011, 0.000305042883479, 0.0225191243656, 0.00474087587262, 0.00206386762284, 0.367413578272, 0.00111388073484, 0.112157927165, 0.3176589063, 5.75802741908
0.0811213822512, 0.0200983206233, 0.445905371772, 0.069951482019, 0.0657412571821, 0.000833146112632, 0.0699330573193, 0.363574504492, 0.00738202077416, 0.133113922092, 0.280862199325, 6.39938700312
0.0811213822512, 0.0200983206233, 0.445905371772, 0.069951482019, 0.0657412571821, 0.000833146112632, 0.0699330573193, 0.363574504492, 0.00738202077416, 0.133113922092, 0.280862199325, 6.39938700312
0.579849855768, 0.00126831116184, 0.00138869837365, 0.117364730457, 0.0116899963292, 0.00159638543581, 0.0699330573193, 0.0013515593337, 0.0602822626039, 0.0877709638335, 0.90293197184, 4.84128772071
0.579849855768, 0.00126831116184, 0.00138869837365, 0.117364730457, 0.0116899963292, 0.00159638543581, 0.0699330573193, 0.0013515593337, 0.0602822626039, 0.0877709638335, 0.90293197184, 4.84128772071
0.0884817992531, 0.0770087181447, 0.117470608049, 0.000305042883479, 0.0215673898098, 0.00547804452709, 0.00206386762284, 0.367413578272, 0.145592208843, 0.0030080458949, 0.3176589063, 5.80187396875
0.579849855768, 0.00126831116184, 0.00138869837365, 0.117364730457, 0.0116899963292, 0.00159638543581, 0.0699330573193, 0.0013515593337, 0.0602822626039, 0.0877709638335, 0.90293197184, 4.84128772071
0.579849855768, 0.00126831116184, 0.00138869837365, 0.117364730457, 0.0116899963292, 0.00159638543581, 0.0699330573193, 0.0013515593337, 0.0602822626039, 0.0877709638335, 0.90293197184, 4.84128772071
0.0884817992531, 0.0770087181447, 0.117470608049, 0.000305042883479, 0.0215673898098, 0.00547804452709, 0.00206386762284, 0.367413578272, 0.145592208843, 0.0030080458949, 0.3176589063, 5.80187396875
0.0811213822512, 0.285612147039, 0.117470608049, 0.263468067505, 0.0977867839089, 0.0253922760245, 0.00213782879153, 0.363574504492, 0.0493723668167, 0.00106430572375, 0.280862199325, 6.43288512289
0.0811213822512, 0.285612147039, 0.117470608049, 0.263468067505, 0.0977867839089, 0.0253922760245, 0.00213782879153, 0.363574504492, 0.0493723668167, 0.00106430572375, 0.280862199325, 6.43288512289
0.52396778359, 0.037038433721, 0.00310296634228, 0.13420003411, 0.0116899963292, 0.00617372353893, 0.0571883032253, 0.0013515593337, 0.0166298667898, 0.0877709638335, 0.9991486755, 4.81207546052
0.52396778359, 0.037038433721, 0.00310296634228, 0.13420003411, 0.0116899963292, 0.00617372353893, 0.0571883032253, 0.0013515593337, 0.0166298667898, 0.0877709638335, 0.9991486755, 4.81207546052
0.0811213822512, 0.0411731953166, 0.117470608049, 0.263468067505, 0.0977867839089, 0.0253922760245, 0.0699330573193, 0.363574504492, 0.221012519063, 0.0209955109915, 0.280862199325, 6.44969059298
0.0811213822512, 0.0411731953166, 0.117470608049, 0.263468067505, 0.0977867839089, 0.0253922760245, 0.0699330573193, 0.363574504492, 0.221012519063, 0.0209955109915, 0.280862199325, 6.44969059298
0.0884817992531, 0.338156137652, 0.00723304441011, 0.000305042883479, 0.0225191243656, 0.00547804452709, 0.00206386762284, 0.367413578272, 0.00111388073484, 0.0235631744101, 0.3176589063, 5.84686883823
0.0884817992531, 0.338156137652, 0.00723304441011, 0.000305042883479, 0.0225191243656, 0.00547804452709, 0.00206386762284, 0.367413578272, 0.00111388073484, 0.0235631744101, 0.3176589063, 5.84686883823
0.0811213822512, 0.0200983206233, 0.491243319167, 0.069951482019, 0.0657412571821, 0.015145335676, 0.0699330573193, 0.363574504492, 0.00738202077416, 0.133113922092, 0.280862199325, 6.46684106819
0.0811213822512, 0.0200983206233, 0.491243319167, 0.069951482019, 0.0657412571821, 0.015145335676, 0.0699330573193, 0.363574504492, 0.00738202077416, 0.133113922092, 0.280862199325, 6.46684106819
0.0811213822512, 0.16737760837, 0.117470608049, 0.0135525675433, 0.0201722652548, 0.00920628285518, 0.0699330573193, 0.363574504492, 0.221012519063, 0.280103479391, 0.280862199325, 6.49571946789
0.0811213822512, 0.16737760837, 0.117470608049, 0.0135525675433, 0.0201722652548, 0.00920628285518, 0.0699330573193, 0.363574504492, 0.221012519063, 0.280103479391, 0.280862199325, 6.49571946789
0.0811213822512, 0.201788914346, 0.117470608049, 0.193080861528, 0.0977867839089, 0.0253922760245, 0.0699330573193, 0.363574504492, 0.221012519063, 0.00106430572375, 0.280862199325, 6.52681901373
0.0811213822512, 0.201788914346, 0.117470608049, 0.193080861528, 0.0977867839089, 0.0253922760245, 0.0699330573193, 0.363574504492, 0.221012519063, 0.00106430572375, 0.280862199325, 6.52681901373
0.0811213822512, 0.0200983206233, 0.550254790865, 0.069951482019, 0.148750383548, 0.0153150618627, 0.0699330573193, 0.363574504492, 0.0136096542629, 0.0827126117249, 0.280862199325, 6.57255600742
0.0811213822512, 0.0200983206233, 0.550254790865, 0.069951482019, 0.148750383548, 0.0153150618627, 0.0699330573193, 0.363574504492, 0.0136096542629, 0.0827126117249, 0.280862199325, 6.57255600742
0.0811213822512, 0.16737760837, 0.117470608049, 0.0135525675433, 0.0201722652548, 0.00951293473753, 0.0699330573193, 0.263897073385, 0.221012519063, 0.459557909768, 0.280862199325, 6.58122295149
0.0811213822512, 0.16737760837, 0.117470608049, 0.0135525675433, 0.0201722652548, 0.00951293473753, 0.0699330573193, 0.263897073385, 0.221012519063, 0.459557909768, 0.280862199325, 6.58122295149
0.102635158553, 0.0292325253677, 0.00723304441011, 0.00459250776153, 0.0225191243656, 0.00547804452709, 0.00206386762284, 0.302953810709, 0.054762059669, 0.112157927165, 0.55813143485, 5.39926360042
0.102635158553, 0.0292325253677, 0.00723304441011, 0.00459250776153, 0.0225191243656, 0.00547804452709, 0.00206386762284, 0.302953810709, 0.054762059669, 0.112157927165, 0.55813143485, 5.39926360042
0.0811213822512, 0.16737760837, 0.117470608049, 0.0135525675433, 0.00153650080948, 0.00920628285518, 0.0699330573193, 0.363574504492, 0.221012519063, 0.388866811438, 0.280862199325, 6.5916740949
0.0811213822512, 0.16737760837, 0.117470608049, 0.0135525675433, 0.00153650080948, 0.00920628285518, 0.0699330573193, 0.363574504492, 0.221012519063, 0.388866811438, 0.280862199325, 6.5916740949
0.0811213822512, 0.0411731953166, 0.0501038711616, 0.174740011617, 0.0977867839089, 0.275438228164, 0.0699330573193, 0.363574504492, 0.287083705024, 0.0209955109915, 0.280862199325, 6.62080979719
0.0811213822512, 0.0411731953166, 0.0501038711616, 0.174740011617, 0.0977867839089, 0.275438228164, 0.0699330573193, 0.363574504492, 0.287083705024, 0.0209955109915, 0.280862199325, 6.62080979719
0.237158387978, 0.0983630250684, 0.00723304441011, 0.195747331768, 0.00637913658147, 0.00547804452709, 0.00206386762284, 0.0013515593337, 0.054762059669, 0.112157927165, 0.67572216425, 5.24738607566
0.237158387978, 0.0983630250684, 0.00723304441011, 0.195747331768, 0.00637913658147, 0.00547804452709, 0.00206386762284, 0.0013515593337, 0.054762059669, 0.112157927165, 0.67572216425, 5.24738607566
0.0811213822512, 0.16737760837, 0.117470608049, 0.0135525675433, 0.0201722652548, 0.00951293473753, 0.0699330573193, 0.160396399674, 0.221012519063, 0.705577081284, 0.280862199325, 6.72435172299
0.0811213822512, 0.16737760837, 0.117470608049, 0.0135525675433, 0.0201722652548, 0.00951293473753, 0.0699330573193, 0.160396399674, 0.221012519063, 0.705577081284, 0.280862199325, 6.72435172299
