0.411232527531, 0.127258878594, 0.0793141974537, 0.0814169359654, 0.871429970259, 0.0634625431257, 0.3952896407, 0.505623947191, 0.0218433296188, 0.449947347478, 0.338087536983, 0.104992650154, 0.173306358913, 0.10198651068, 0.698292655376, 0.64693377301, 0.42945710818, 0.341182880177, 0.59577001487, 0.939443484489, 0.0955887503547, 0.0844986349745, 0.0948235087397, 0.417303266053, 0.535186320458, 0.331456487983, 0.866972280344, 0.112593268089, 0.211350730977, 0.0697647484574, 0.411232527531, 2.60606882279
0.0367421525727, 0.123552333286, 0.0793141974537, 0.190479886286, 0.723792053219, 0.185095408288, 0.0100682674573, 0.204157855747, 0.181254025745, 0.00633010680339, 0.0342918279599, 0.549909023467, 0.159266538303, 0.356966271391, 0.86232949244, 0.0039719138591, 0.175970378436, 0.341182880177, 0.59577001487, 0.332337364523, 0.3933167637, 0.101734839195, 0.366637663313, 0.813211541064, 0.396435929118, 0.331456487983, 0.0335699144081, 0.174183306148, 0.116922452077, 0.06588580133, 0.0367421525727, 3.06476508356
0.826087312712, 0.303440955244, 0.138638347844, 0.260245410477, 0.14153045208, 0.132101915887, 0.130074200992, 0.0130224559849, 0.0898290752637, 0.984864853773, 0.0475537626206, 0.072206948395, 0.734151591687, 0.474966714109, 0.188891640242, 0.0687289063879, 0.0604237126933, 0.16930342562, 0.410327782088, 0.398334657531, 0.271754836596, 0.999654090006, 0.00376877189216, 0.504970687507, 0.0555343944141, 0.990571602365, 0.437473386501, 0.228452385637, 0.581207796789, 0.287172735604, 0.826087312712, 1.46189540108
0.000254847643674, 0.0182745109831, 0.224452299002, 0.326670679096, 0.30985648149, 0.888431760932, 0.0100682674573, 0.542555118001, 0.679172163211, 0.0774706629803, 0.860762325523, 0.549909023467, 0.173306358913, 0.260840259036, 0.158710225908, 0.820254343567, 0.814497128047, 0.219501673994, 0.166032738457, 0.526134761842, 0.0489134395742, 0.708346404156, 0.989793345403, 0.542452936844, 0.523959396241, 0.554778774838, 0.528418976947, 0.620468613419, 0.951246924551, 0.196933546108, 0.000254847643674, 5.08902703192
0.00449277392888, 0.123552333286, 0.046747532566, 0.190479886286, 0.403499187001, 0.185095408288, 0.747423676662, 0.204157855747, 0.418362884244, 0.00633010680339, 0.0342918279599, 0.988885694511, 0.131400224693, 0.356966271391, 0.86232949244, 0.336734252059, 0.175970378436, 0.341182880177, 0.59577001487, 0.256388973437, 0.3933167637, 0.313498792039, 0.366637663313, 0.736627741147, 0.396435929118, 0.331456487983, 0.0335699144081, 0.112593268089, 0.211350730977, 0.06588580133, 0.00449277392888, 3.77386152362
0.62737890794, 0.174485814093, 0.14954141873, 0.781769984743, 0.65586569729, 0.0182643738944, 0.388246586231, 0.399838080571, 0.0541575354581, 0.760304063914, 0.158102942346, 0.826938384767, 0.0901254074432, 0.191267522109, 0.783231039156, 0.822981149382, 0.866881842139, 0.281338198309, 0.59577001487, 0.0331208495446, 0.173952003694, 0.363449701719, 0.214932202708, 0.00562601273893, 0.163979168442, 0.484857048543, 0.00532947710507, 0.0584042660078, 0.116922452077, 0.0697647484574, 0.62737890794, 1.94601641585
0.640680569649, 0.116271622733, 0.69335001613, 0.6523895384, 0.158965758987, 0.00315755415341, 0.945840501549, 0.590243986221, 0.193858707582, 0.116629882165, 0.158102942346, 0.230375793941, 0.973271844208, 0.183560447628, 0.191726397615, 0.0247128728582, 0.866881842139, 0.123441025902, 0.377441556904, 0.0967857172177, 0.271754836596, 0.465124168921, 0.00376877189216, 0.00562601273893, 0.0361569611618, 0.484857048543, 0.0105212958358, 0.0534821570992, 0.581207796789, 0.135104295774, 0.640680569649, 1.55790149391
0.0474028787163, 0.107150961098, 0.0793141974537, 0.190479886286, 0.140302862604, 0.185095408288, 0.0326566397257, 0.498403234319, 0.187293650961, 0.018260460632, 0.735547758319, 0.0398701162717, 0.295837649357, 0.214602163816, 0.0198577929877, 0.0687289063879, 0.42945710818, 0.166409511083, 0.59577001487, 0.76218080065, 0.0106562797125, 0.0844986349745, 0.321993264056, 0.417303266053, 0.509115570196, 0.990571602365, 0.00532947710507, 0.112593268089, 0.200483280919, 0.11610013683, 0.0474028787163, 2.89364615344
0.000124516714388, 0.0258423473277, 0.224452299002, 0.819754461212, 0.0196330152047, 0.900102364907, 0.577982927132, 0.17024945397, 0.679172163211, 0.0774706629803, 0.860762325523, 0.988885694511, 0.173306358913, 0.260840259036, 0.0989692492267, 0.906278904775, 0.814497128047, 0.219501673994, 0.166032738457, 0.758354079628, 0.0137175831519, 0.708346404156, 0.989793345403, 0.542452936844, 0.377472871163, 0.554778774838, 0.14066727799, 0.938803686295, 0.951246924551, 0.196933546108, 0.000124516714388, 5.36741996663
0.000934243741831, 0.0258423473277, 0.224452299002, 0.819754461212, 0.257060479838, 0.900102364907, 0.577982927132, 0.171191717562, 0.679172163211, 0.0774706629803, 0.860762325523, 0.538160253894, 0.173306358913, 0.260840259036, 0.0989692492267, 0.820254343567, 0.814497128047, 0.219501673994, 0.166032738457, 0.526134761842, 0.0137175831519, 0.708346404156, 0.989793345403, 0.542452936844, 0.377472871163, 0.554778774838, 0.14066727799, 0.620468613419, 0.951246924551, 0.215732552963, 0.000934243741831, 5.06641160152
0.00137359250315, 0.107150961098, 0.0573134964348, 0.249640798329, 0.0267266636329, 0.247477273827, 0.747423676662, 0.33870420062, 0.415091469867, 0.219000146348, 0.17580377977, 0.569928974759, 0.247875846286, 0.149613373619, 0.0160594012272, 0.971047237156, 0.806870878199, 0.000156754284206, 0.0719523160596, 0.739296763767, 0.271754836596, 0.146009786173, 0.254955879161, 0.949117615242, 0.523959396241, 0.3898903694, 0.193054034727, 0.378738353166, 0.581207796789, 0.979907621193, 0.00137359250315, 4.28226479576
0.438194300129, 0.123552333286, 0.103803788919, 0.0196346299554, 0.282298340754, 0.623220371295, 0.0412052584824, 0.547175004899, 0.0218433296188, 0.442799740902, 0.00597154681317, 0.322470761068, 0.0617120989752, 0.191267522109, 0.465295927585, 0.261811164596, 0.42945710818, 0.222445994716, 0.0548349811932, 0.869749867268, 0.406591231335, 0.0844986349745, 0.160351606329, 0.476524472158, 0.968129960425, 0.063968990981, 0.171838745506, 0.112593268089, 0.657540519178, 0.979907621193, 0.438194300129, 2.13993988844
0.0229756779378, 0.107150961098, 0.0573134964348, 0.249640798329, 0.0537497009091, 0.247477273827, 0.0412052584824, 0.0725506724943, 0.0217378642272, 0.219000146348, 0.158102942346, 0.531119792938, 0.734151591687, 0.0553235594942, 0.0192858002971, 0.698143255977, 0.0832800967497, 0.00058406201088, 0.0719523160596, 0.880304665873, 0.3933167637, 0.341344619985, 0.057040382676, 0.988322774792, 0.377472871163, 0.0738940116947, 0.193054034727, 0.378738353166, 0.453434981552, 0.979907621193, 0.0229756779378, 3.34514516049
0.0185669610874, 0.0158817307489, 0.0681568022965, 0.190479886286, 0.232997151048, 0.185095408288, 0.648618991086, 0.107499537127, 0.385131658238, 0.397071356604, 0.0680142108763, 0.504610303435, 0.00163079645868, 0.0919815488669, 0.26853668198, 0.261811164596, 0.927424029471, 0.161022670162, 0.0236445702114, 0.0331208495446, 0.486162699614, 0.734097886664, 0.160351606329, 0.476524472158, 0.228028559139, 0.371953591416, 0.815788043416, 0.275761430289, 0.431971786179, 0.968528766592, 0.0185669610874, 3.67385907711
0.411232527531, 0.127258878594, 0.0793141974537, 0.0814169359654, 0.871429970259, 0.0634625431257, 0.3952896407, 0.505623947191, 0.0218433296188, 0.449947347478, 0.338087536983, 0.104992650154, 0.173306358913, 0.10198651068, 0.698292655376, 0.64693377301, 0.42945710818, 0.341182880177, 0.59577001487, 0.939443484489, 0.0955887503547, 0.0844986349745, 0.0948235087397, 0.417303266053, 0.535186320458, 0.331456487983, 0.866972280344, 0.112593268089, 0.211350730977, 0.0697647484574, 0.411232527531, 2.60606882279
0.0367421525727, 0.123552333286, 0.0793141974537, 0.190479886286, 0.723792053219, 0.185095408288, 0.0100682674573, 0.204157855747, 0.181254025745, 0.00633010680339, 0.0342918279599, 0.549909023467, 0.159266538303, 0.356966271391, 0.86232949244, 0.0039719138591, 0.175970378436, 0.341182880177, 0.59577001487, 0.332337364523, 0.3933167637, 0.101734839195, 0.366637663313, 0.813211541064, 0.396435929118, 0.331456487983, 0.0335699144081, 0.174183306148, 0.116922452077, 0.06588580133, 0.0367421525727, 3.06476508356
0.826087312712, 0.303440955244, 0.138638347844, 0.260245410477, 0.14153045208, 0.132101915887, 0.130074200992, 0.0130224559849, 0.0898290752637, 0.984864853773, 0.0475537626206, 0.072206948395, 0.734151591687, 0.474966714109, 0.188891640242, 0.0687289063879, 0.0604237126933, 0.16930342562, 0.410327782088, 0.398334657531, 0.271754836596, 0.999654090006, 0.00376877189216, 0.504970687507, 0.0555343944141, 0.990571602365, 0.437473386501, 0.228452385637, 0.581207796789, 0.287172735604, 0.826087312712, 1.46189540108
0.000254847643674, 0.0182745109831, 0.224452299002, 0.326670679096, 0.30985648149, 0.888431760932, 0.0100682674573, 0.542555118001, 0.679172163211, 0.0774706629803, 0.860762325523, 0.549909023467, 0.173306358913, 0.260840259036, 0.158710225908, 0.820254343567, 0.814497128047, 0.219501673994, 0.166032738457, 0.526134761842, 0.0489134395742, 0.708346404156, 0.989793345403, 0.542452936844, 0.523959396241, 0.554778774838, 0.528418976947, 0.620468613419, 0.951246924551, 0.196933546108, 0.000254847643674, 5.08902703192
0.00449277392888, 0.123552333286, 0.046747532566, 0.190479886286, 0.403499187001, 0.185095408288, 0.747423676662, 0.204157855747, 0.418362884244, 0.00633010680339, 0.0342918279599, 0.988885694511, 0.131400224693, 0.356966271391, 0.86232949244, 0.336734252059, 0.175970378436, 0.341182880177, 0.59577001487, 0.256388973437, 0.3933167637, 0.313498792039, 0.366637663313, 0.736627741147, 0.396435929118, 0.331456487983, 0.0335699144081, 0.112593268089, 0.211350730977, 0.06588580133, 0.00449277392888, 3.77386152362
0.62737890794, 0.174485814093, 0.14954141873, 0.781769984743, 0.65586569729, 0.0182643738944, 0.388246586231, 0.399838080571, 0.0541575354581, 0.760304063914, 0.158102942346, 0.826938384767, 0.0901254074432, 0.191267522109, 0.783231039156, 0.822981149382, 0.866881842139, 0.281338198309, 0.59577001487, 0.0331208495446, 0.173952003694, 0.363449701719, 0.214932202708, 0.00562601273893, 0.163979168442, 0.484857048543, 0.00532947710507, 0.0584042660078, 0.116922452077, 0.0697647484574, 0.62737890794, 1.94601641585
0.640680569649, 0.116271622733, 0.69335001613, 0.6523895384, 0.158965758987, 0.00315755415341, 0.945840501549, 0.590243986221, 0.193858707582, 0.116629882165, 0.158102942346, 0.230375793941, 0.973271844208, 0.183560447628, 0.191726397615, 0.0247128728582, 0.866881842139, 0.123441025902, 0.377441556904, 0.0967857172177, 0.271754836596, 0.465124168921, 0.00376877189216, 0.00562601273893, 0.0361569611618, 0.484857048543, 0.0105212958358, 0.0534821570992, 0.581207796789, 0.135104295774, 0.640680569649, 1.55790149391
0.0474028787163, 0.107150961098, 0.0793141974537, 0.190479886286, 0.140302862604, 0.185095408288, 0.0326566397257, 0.498403234319, 0.187293650961, 0.018260460632, 0.735547758319, 0.0398701162717, 0.295837649357, 0.214602163816, 0.0198577929877, 0.0687289063879, 0.42945710818, 0.166409511083, 0.59577001487, 0.76218080065, 0.0106562797125, 0.0844986349745, 0.321993264056, 0.417303266053, 0.509115570196, 0.990571602365, 0.00532947710507, 0.112593268089, 0.200483280919, 0.11610013683, 0.0474028787163, 2.89364615344
0.000124516714388, 0.0258423473277, 0.224452299002, 0.819754461212, 0.0196330152047, 0.900102364907, 0.577982927132, 0.17024945397, 0.679172163211, 0.0774706629803, 0.860762325523, 0.988885694511, 0.173306358913, 0.260840259036, 0.0989692492267, 0.906278904775, 0.814497128047, 0.219501673994, 0.166032738457, 0.758354079628, 0.0137175831519, 0.708346404156, 0.989793345403, 0.542452936844, 0.377472871163, 0.554778774838, 0.14066727799, 0.938803686295, 0.951246924551, 0.196933546108, 0.000124516714388, 5.36741996663
0.000934243741831, 0.0258423473277, 0.224452299002, 0.819754461212, 0.257060479838, 0.900102364907, 0.577982927132, 0.171191717562, 0.679172163211, 0.0774706629803, 0.860762325523, 0.538160253894, 0.173306358913, 0.260840259036, 0.0989692492267, 0.820254343567, 0.814497128047, 0.219501673994, 0.166032738457, 0.526134761842, 0.0137175831519, 0.708346404156, 0.989793345403, 0.542452936844, 0.377472871163, 0.554778774838, 0.14066727799, 0.620468613419, 0.951246924551, 0.215732552963, 0.000934243741831, 5.06641160152
0.00137359250315, 0.107150961098, 0.0573134964348, 0.249640798329, 0.0267266636329, 0.247477273827, 0.747423676662, 0.33870420062, 0.415091469867, 0.219000146348, 0.17580377977, 0.569928974759, 0.247875846286, 0.149613373619, 0.0160594012272, 0.971047237156, 0.806870878199, 0.000156754284206, 0.0719523160596, 0.739296763767, 0.271754836596, 0.146009786173, 0.254955879161, 0.949117615242, 0.523959396241, 0.3898903694, 0.193054034727, 0.378738353166, 0.581207796789, 0.979907621193, 0.00137359250315, 4.28226479576
0.438194300129, 0.123552333286, 0.103803788919, 0.0196346299554, 0.282298340754, 0.623220371295, 0.0412052584824, 0.547175004899, 0.0218433296188, 0.442799740902, 0.00597154681317, 0.322470761068, 0.0617120989752, 0.191267522109, 0.465295927585, 0.261811164596, 0.42945710818, 0.222445994716, 0.0548349811932, 0.869749867268, 0.406591231335, 0.0844986349745, 0.160351606329, 0.476524472158, 0.968129960425, 0.063968990981, 0.171838745506, 0.112593268089, 0.657540519178, 0.979907621193, 0.438194300129, 2.13993988844
0.0229756779378, 0.107150961098, 0.0573134964348, 0.249640798329, 0.0537497009091, 0.247477273827, 0.0412052584824, 0.0725506724943, 0.0217378642272, 0.219000146348, 0.158102942346, 0.531119792938, 0.734151591687, 0.0553235594942, 0.0192858002971, 0.698143255977, 0.0832800967497, 0.00058406201088, 0.0719523160596, 0.880304665873, 0.3933167637, 0.341344619985, 0.057040382676, 0.988322774792, 0.377472871163, 0.0738940116947, 0.193054034727, 0.378738353166, 0.453434981552, 0.979907621193, 0.0229756779378, 3.34514516049
0.0185669610874, 0.0158817307489, 0.0681568022965, 0.190479886286, 0.232997151048, 0.185095408288, 0.648618991086, 0.107499537127, 0.385131658238, 0.397071356604, 0.0680142108763, 0.504610303435, 0.00163079645868, 0.0919815488669, 0.26853668198, 0.261811164596, 0.927424029471, 0.161022670162, 0.0236445702114, 0.0331208495446, 0.486162699614, 0.734097886664, 0.160351606329, 0.476524472158, 0.228028559139, 0.371953591416, 0.815788043416, 0.275761430289, 0.431971786179, 0.968528766592, 0.0185669610874, 3.67385907711
0.0221267850004, 0.808279452955, 0.00809001259979, 0.571387884238, 0.341126182886, 0.201634177239, 0.318564321672, 0.449523787584, 0.37521910783, 0.646047865644, 0.338087536983, 0.104992650154, 0.861423302242, 0.0429299126244, 0.19468554746, 0.0642304209764, 0.111615676733, 0.0522090269228, 0.273304884121, 0.609811490525, 0.675825610431, 0.508449836579, 0.203294492994, 0.327561064943, 0.200766872764, 0.0987814652546, 0.093359266028, 0.703203369866, 0.517007442546, 0.0033834794832, 0.0221267850004, 3.69972012342
0.0221267850004, 0.808279452955, 0.00809001259979, 0.571387884238, 0.341126182886, 0.201634177239, 0.318564321672, 0.449523787584, 0.37521910783, 0.646047865644, 0.338087536983, 0.104992650154, 0.861423302242, 0.0429299126244, 0.19468554746, 0.0642304209764, 0.111615676733, 0.0522090269228, 0.273304884121, 0.609811490525, 0.675825610431, 0.508449836579, 0.203294492994, 0.327561064943, 0.200766872764, 0.0987814652546, 0.093359266028, 0.703203369866, 0.517007442546, 0.0033834794832, 0.0221267850004, 3.69972012342
0.837027607844, 0.0258423473277, 0.410237789407, 0.312440210335, 0.30985648149, 0.027554161747, 0.152726120625, 0.16712676952, 0.31557324446, 0.362014783512, 0.31307743144, 0.264544958984, 0.353207306865, 0.194180539929, 0.216451773107, 0.00233232971193, 0.256745467659, 0.31047656464, 0.735242329884, 0.964919444724, 0.0561660106676, 0.789586967131, 0.319547234045, 0.213020523119, 0.19145933886, 0.532023026504, 0.585163419282, 0.610113118989, 0.0369795150425, 0.979907621193, 0.837027607844, 1.48372642757
0.837027607844, 0.0258423473277, 0.410237789407, 0.312440210335, 0.30985648149, 0.027554161747, 0.152726120625, 0.16712676952, 0.31557324446, 0.362014783512, 0.31307743144, 0.264544958984, 0.353207306865, 0.194180539929, 0.216451773107, 0.00233232971193, 0.256745467659, 0.31047656464, 0.735242329884, 0.964919444724, 0.0561660106676, 0.789586967131, 0.319547234045, 0.213020523119, 0.19145933886, 0.532023026504, 0.585163419282, 0.610113118989, 0.0369795150425, 0.979907621193, 0.837027607844, 1.48372642757
0.0185669610874, 0.0158817307489, 0.0681568022965, 0.190479886286, 0.282298340754, 0.0741351514744, 0.983605707078, 0.107499537127, 0.385131658238, 0.397071356604, 0.0680142108763, 0.18123669756, 0.329298558768, 0.0919815488669, 0.26853668198, 0.261811164596, 0.927424029471, 0.161022670162, 0.0236445702114, 0.880304665873, 0.486162699614, 0.774797302806, 0.160351606329, 0.476524472158, 0.228028559139, 0.0738940116947, 0.815788043416, 0.275761430289, 0.257421812732, 0.898947141191, 0.0185669610874, 3.86075345462
0.0185669610874, 0.0158817307489, 0.0681568022965, 0.190479886286, 0.282298340754, 0.0741351514744, 0.983605707078, 0.107499537127, 0.385131658238, 0.397071356604, 0.0680142108763, 0.18123669756, 0.329298558768, 0.0919815488669, 0.26853668198, 0.261811164596, 0.927424029471, 0.161022670162, 0.0236445702114, 0.880304665873, 0.486162699614, 0.774797302806, 0.160351606329, 0.476524472158, 0.228028559139, 0.0738940116947, 0.815788043416, 0.275761430289, 0.257421812732, 0.898947141191, 0.0185669610874, 3.86075345462
0.000336513843343, 0.00290191868735, 0.224452299002, 0.326670679096, 0.30985648149, 0.900102364907, 0.747423676662, 0.483845450848, 0.679172163211, 0.0774706629803, 0.950422932229, 0.991321599843, 0.173306358913, 0.260840259036, 0.643085537671, 0.261811164596, 0.814497128047, 0.219501673994, 0.0939887384283, 0.526134761842, 0.0489134395742, 0.708346404156, 0.989793345403, 0.542452936844, 0.523959396241, 0.554778774838, 0.14066727799, 0.620468613419, 0.951246924551, 0.196933546108, 0.000336513843343, 5.29139925191
0.000934243741831, 0.0258423473277, 0.224452299002, 0.781769984743, 0.30985648149, 0.900102364907, 0.648618991086, 0.542555118001, 0.679172163211, 0.0774706629803, 0.501505524416, 0.118503920962, 0.289960976572, 0.592826897362, 0.158710225908, 0.820254343567, 0.809588597296, 0.219501673994, 0.166032738457, 0.728771564051, 0.129026272416, 0.708346404156, 0.838373673389, 0.542452936844, 0.201815241885, 0.554778774838, 0.14066727799, 0.620468613419, 0.951246924551, 0.0675858605504, 0.000934243741831, 5.07383835104
0.0229756779378, 0.32467733556, 0.0573134964348, 0.249640798329, 0.0537497009091, 0.383534980127, 0.388246586231, 0.542555118001, 0.490613826673, 0.287386634706, 0.286933777109, 0.449993134847, 0.411352677922, 0.0194138444558, 0.337161996789, 0.0219729091814, 0.897080804992, 0.00249795317265, 0.459561737009, 0.0331208495446, 0.271754836596, 0.0844986349745, 0.00727148805525, 0.952754499381, 0.633903415099, 0.776621432089, 0.0336563282559, 0.0921198651846, 0.993914947669, 0.0948154017915, 0.0229756779378, 3.6731407824
0.000336513843343, 0.00290191868735, 0.224452299002, 0.326670679096, 0.30985648149, 0.900102364907, 0.747423676662, 0.483845450848, 0.679172163211, 0.0774706629803, 0.950422932229, 0.991321599843, 0.173306358913, 0.260840259036, 0.643085537671, 0.261811164596, 0.814497128047, 0.219501673994, 0.0939887384283, 0.526134761842, 0.0489134395742, 0.708346404156, 0.989793345403, 0.542452936844, 0.523959396241, 0.554778774838, 0.14066727799, 0.620468613419, 0.951246924551, 0.196933546108, 0.000336513843343, 5.29139925191
0.000934243741831, 0.0258423473277, 0.224452299002, 0.781769984743, 0.30985648149, 0.900102364907, 0.648618991086, 0.542555118001, 0.679172163211, 0.0774706629803, 0.501505524416, 0.118503920962, 0.289960976572, 0.592826897362, 0.158710225908, 0.820254343567, 0.809588597296, 0.219501673994, 0.166032738457, 0.728771564051, 0.129026272416, 0.708346404156, 0.838373673389, 0.542452936844, 0.201815241885, 0.554778774838, 0.14066727799, 0.620468613419, 0.951246924551, 0.0675858605504, 0.000934243741831, 5.07383835104
0.0229756779378, 0.32467733556, 0.0573134964348, 0.249640798329, 0.0537497009091, 0.383534980127, 0.388246586231, 0.542555118001, 0.490613826673, 0.287386634706, 0.286933777109, 0.449993134847, 0.411352677922, 0.0194138444558, 0.337161996789, 0.0219729091814, 0.897080804992, 0.00249795317265, 0.459561737009, 0.0331208495446, 0.271754836596, 0.0844986349745, 0.00727148805525, 0.952754499381, 0.633903415099, 0.776621432089, 0.0336563282559, 0.0921198651846, 0.993914947669, 0.0948154017915, 0.0229756779378, 3.6731407824
0.0221267850004, 0.42862479202, 0.00517053373919, 0.571387884238, 0.341126182886, 0.201634177239, 0.695135678924, 0.449523787584, 0.37521910783, 0.646047865644, 0.2935209026, 0.104992650154, 0.861423302242, 0.478138336181, 0.19468554746, 0.0642304209764, 0.111615676733, 0.0522090269228, 0.59577001487, 0.609811490525, 0.675825610431, 0.508449836579, 0.203294492994, 0.327561064943, 0.200766872764, 0.0987814652546, 0.093359266028, 0.703203369866, 0.768249673678, 0.0033834794832, 0.0221267850004, 3.98629143756
0.0221267850004, 0.42862479202, 0.00517053373919, 0.571387884238, 0.341126182886, 0.201634177239, 0.695135678924, 0.449523787584, 0.37521910783, 0.646047865644, 0.2935209026, 0.104992650154, 0.861423302242, 0.478138336181, 0.19468554746, 0.0642304209764, 0.111615676733, 0.0522090269228, 0.59577001487, 0.609811490525, 0.675825610431, 0.508449836579, 0.203294492994, 0.327561064943, 0.200766872764, 0.0987814652546, 0.093359266028, 0.703203369866, 0.768249673678, 0.0033834794832, 0.0221267850004, 3.98629143756
0.411232527531, 0.107150961098, 0.0793141974537, 0.190479886286, 0.871429970259, 0.0634625431257, 0.3952896407, 0.505623947191, 0.0218433296188, 0.449947347478, 0.338087536983, 0.104992650154, 0.173306358913, 0.10198651068, 0.698292655376, 0.723387996249, 0.42945710818, 0.341182880177, 0.608143796327, 0.483907428742, 0.0955887503547, 0.0844986349745, 0.224968621254, 0.417303266053, 0.535186320458, 0.331456487983, 0.866972280344, 0.112593268089, 0.993914947669, 0.0207379500962, 0.411232527531, 2.75920876306
0.00137359250315, 0.107150961098, 0.0573134964348, 0.249640798329, 0.0267266636329, 0.247477273827, 0.747423676662, 0.0725506724943, 0.415091469867, 0.219000146348, 0.158102942346, 0.964173519665, 0.247875846286, 0.149613373619, 0.0160594012272, 0.971047237156, 0.806870878199, 0.000156754284206, 0.0719523160596, 0.863883115107, 0.271754836596, 0.181800254168, 0.254955879161, 0.949117615242, 0.523959396241, 0.3898903694, 0.193054034727, 0.378738353166, 0.586526161336, 0.979907621193, 0.00137359250315, 4.36718973214
0.411232527531, 0.107150961098, 0.0793141974537, 0.190479886286, 0.871429970259, 0.0634625431257, 0.3952896407, 0.505623947191, 0.0218433296188, 0.449947347478, 0.338087536983, 0.104992650154, 0.173306358913, 0.10198651068, 0.698292655376, 0.723387996249, 0.42945710818, 0.341182880177, 0.608143796327, 0.483907428742, 0.0955887503547, 0.0844986349745, 0.224968621254, 0.417303266053, 0.535186320458, 0.331456487983, 0.866972280344, 0.112593268089, 0.993914947669, 0.0207379500962, 0.411232527531, 2.75920876306
0.00137359250315, 0.107150961098, 0.0573134964348, 0.249640798329, 0.0267266636329, 0.247477273827, 0.747423676662, 0.0725506724943, 0.415091469867, 0.219000146348, 0.158102942346, 0.964173519665, 0.247875846286, 0.149613373619, 0.0160594012272, 0.971047237156, 0.806870878199, 0.000156754284206, 0.0719523160596, 0.863883115107, 0.271754836596, 0.181800254168, 0.254955879161, 0.949117615242, 0.523959396241, 0.3898903694, 0.193054034727, 0.378738353166, 0.586526161336, 0.979907621193, 0.00137359250315, 4.36718973214
0.640680569649, 0.174485814093, 0.43437416115, 0.6523895384, 0.260602464806, 0.0025976118087, 0.100294945371, 0.590243986221, 0.193858707582, 0.116629882165, 0.158102942346, 0.230375793941, 0.48363315922, 0.487758476842, 0.191726397615, 0.0247128728582, 0.859300584338, 0.486485327005, 0.66573679093, 0.703869266671, 0.545181863381, 0.465124168921, 0.00376877189216, 0.225253982529, 0.0361569611618, 0.484857048543, 0.00733365561806, 0.095457600188, 0.581207796789, 0.135104295774, 0.640680569649, 1.71878551223
0.640680569649, 0.174485814093, 0.43437416115, 0.6523895384, 0.260602464806, 0.0025976118087, 0.100294945371, 0.590243986221, 0.193858707582, 0.116629882165, 0.158102942346, 0.230375793941, 0.48363315922, 0.487758476842, 0.191726397615, 0.0247128728582, 0.859300584338, 0.486485327005, 0.66573679093, 0.703869266671, 0.545181863381, 0.465124168921, 0.00376877189216, 0.225253982529, 0.0361569611618, 0.484857048543, 0.00733365561806, 0.095457600188, 0.581207796789, 0.135104295774, 0.640680569649, 1.71878551223
0.0367421525727, 0.123552333286, 0.584613690105, 0.190479886286, 0.723792053219, 0.185095408288, 0.0100682674573, 0.204157855747, 0.181254025745, 0.00633010680339, 0.0342918279599, 0.549909023467, 0.159266538303, 0.149613373619, 0.86232949244, 0.336734252059, 0.175970378436, 0.391728713581, 0.59577001487, 0.332337364523, 0.3933167637, 0.101734839195, 0.366637663313, 0.736627741147, 0.396435929118, 0.331456487983, 0.0335699144081, 0.174183306148, 0.211350730977, 0.06588580133, 0.0367421525727, 3.27070973129
0.62737890794, 0.174485814093, 0.197349516382, 0.240272141164, 0.65586569729, 0.0182643738944, 0.945840501549, 0.345406974351, 0.0541575354581, 0.764276703486, 0.158102942346, 0.519896230921, 0.346085589921, 0.191267522109, 0.881777311017, 0.107035843632, 0.866881842139, 0.0618449280505, 0.166032738457, 0.703869266671, 0.173952003694, 0.363449701719, 0.214932202708, 0.00562601273893, 0.059096332094, 0.484857048543, 0.0261838085752, 0.00862019860758, 0.581207796789, 0.600582037246, 0.62737890794, 2.00278044934
0.0367421525727, 0.123552333286, 0.584613690105, 0.190479886286, 0.723792053219, 0.185095408288, 0.0100682674573, 0.204157855747, 0.181254025745, 0.00633010680339, 0.0342918279599, 0.549909023467, 0.159266538303, 0.149613373619, 0.86232949244, 0.336734252059, 0.175970378436, 0.391728713581, 0.59577001487, 0.332337364523, 0.3933167637, 0.101734839195, 0.366637663313, 0.736627741147, 0.396435929118, 0.331456487983, 0.0335699144081, 0.174183306148, 0.211350730977, 0.06588580133, 0.0367421525727, 3.27070973129
0.62737890794, 0.174485814093, 0.197349516382, 0.240272141164, 0.65586569729, 0.0182643738944, 0.945840501549, 0.345406974351, 0.0541575354581, 0.764276703486, 0.158102942346, 0.519896230921, 0.346085589921, 0.191267522109, 0.881777311017, 0.107035843632, 0.866881842139, 0.0618449280505, 0.166032738457, 0.703869266671, 0.173952003694, 0.363449701719, 0.214932202708, 0.00562601273893, 0.059096332094, 0.484857048543, 0.0261838085752, 0.00862019860758, 0.581207796789, 0.600582037246, 0.62737890794, 2.00278044934
0.0474028787163, 0.107150961098, 0.0793141974537, 0.190479886286, 0.140302862604, 0.304933074488, 0.0326566397257, 0.498403234319, 0.187293650961, 0.018260460632, 0.735547758319, 0.0398701162717, 0.295837649357, 0.214602163816, 0.0198577929877, 0.0687289063879, 0.42945710818, 0.341182880177, 0.59577001487, 0.737544566766, 0.0106562797125, 0.0844986349745, 0.321993264056, 0.417303266053, 0.201559826978, 0.990571602365, 0.0624268330531, 0.112593268089, 0.200483280919, 0.197130581757, 0.0474028787163, 2.92299560523
0.0474028787163, 0.107150961098, 0.0793141974537, 0.190479886286, 0.140302862604, 0.304933074488, 0.0326566397257, 0.498403234319, 0.187293650961, 0.018260460632, 0.735547758319, 0.0398701162717, 0.295837649357, 0.214602163816, 0.0198577929877, 0.0687289063879, 0.42945710818, 0.341182880177, 0.59577001487, 0.737544566766, 0.0106562797125, 0.0844986349745, 0.321993264056, 0.417303266053, 0.201559826978, 0.990571602365, 0.0624268330531, 0.112593268089, 0.200483280919, 0.197130581757, 0.0474028787163, 2.92299560523
0.0229756779378, 0.107150961098, 0.0573134964348, 0.249640798329, 0.0537497009091, 0.588487377002, 0.648618991086, 0.0725506724943, 0.0217378642272, 0.219000146348, 0.158102942346, 0.531119792938, 0.734151591687, 0.0553235594942, 0.0192858002971, 0.698143255977, 0.806870878199, 0.00058406201088, 0.0719523160596, 0.0480974007635, 0.3933167637, 0.341344619985, 0.057040382676, 0.988322774792, 0.377472871163, 0.371953591416, 0.193054034727, 0.378738353166, 0.453434981552, 0.979907621193, 0.0229756779378, 3.68459091382
0.0229756779378, 0.107150961098, 0.0573134964348, 0.249640798329, 0.0537497009091, 0.588487377002, 0.648618991086, 0.0725506724943, 0.0217378642272, 0.219000146348, 0.158102942346, 0.531119792938, 0.734151591687, 0.0553235594942, 0.0192858002971, 0.698143255977, 0.806870878199, 0.00058406201088, 0.0719523160596, 0.0480974007635, 0.3933167637, 0.341344619985, 0.057040382676, 0.988322774792, 0.377472871163, 0.371953591416, 0.193054034727, 0.378738353166, 0.453434981552, 0.979907621193, 0.0229756779378, 3.68459091382
0.826087312712, 0.303440955244, 0.276440933114, 0.308647597392, 0.14153045208, 0.132101915887, 0.130074200992, 0.112931202898, 0.0898290752637, 0.984864853773, 0.0475537626206, 0.072206948395, 0.734151591687, 0.474966714109, 0.188891640242, 0.0687289063879, 0.0604237126933, 0.222445994716, 0.410327782088, 0.398334657531, 0.0150825802464, 0.978441661499, 0.00376877189216, 0.504970687507, 0.0555343944141, 0.990571602365, 0.961801680807, 0.228452385637, 0.581207796789, 0.287172735604, 0.826087312712, 1.60204396618
0.411232527531, 0.909095158537, 0.0279448476046, 0.190479886286, 0.0223009347616, 0.00342583736704, 0.318564321672, 0.526498095371, 0.37521910783, 0.688017800506, 0.28223044204, 0.516375876015, 0.740506750474, 0.500148111585, 0.0198577929877, 0.0855832715142, 0.00278857951794, 0.909803281528, 0.662669027861, 0.529937454096, 0.0955887503547, 0.508449836579, 0.427076494719, 0.136927107161, 0.166454108402, 0.0866437890467, 0.00304113286535, 0.870490494817, 0.768249673678, 0.0539188844862, 0.411232527531, 2.77434397579
0.640680569649, 0.174485814093, 0.40773535965, 0.781769984743, 0.303101109788, 0.0227176973581, 0.814492996566, 0.0152597607665, 0.00454908504161, 0.116629882165, 0.158102942346, 0.666269326836, 0.642556346435, 0.726035657477, 0.636881287577, 0.261811164596, 0.611374992533, 0.241244718481, 0.608143796327, 0.703869266671, 0.271754836596, 0.00418817374434, 0.177880326514, 0.117949710205, 0.118069055076, 0.484857048543, 0.00532947710507, 0.228452385637, 0.127922958545, 0.0275823687263, 0.640680569649, 1.73473311248
0.826087312712, 0.303440955244, 0.276440933114, 0.308647597392, 0.14153045208, 0.132101915887, 0.130074200992, 0.112931202898, 0.0898290752637, 0.984864853773, 0.0475537626206, 0.072206948395, 0.734151591687, 0.474966714109, 0.188891640242, 0.0687289063879, 0.0604237126933, 0.222445994716, 0.410327782088, 0.398334657531, 0.0150825802464, 0.978441661499, 0.00376877189216, 0.504970687507, 0.0555343944141, 0.990571602365, 0.961801680807, 0.228452385637, 0.581207796789, 0.287172735604, 0.826087312712, 1.60204396618
0.411232527531, 0.909095158537, 0.0279448476046, 0.190479886286, 0.0223009347616, 0.00342583736704, 0.318564321672, 0.526498095371, 0.37521910783, 0.688017800506, 0.28223044204, 0.516375876015, 0.740506750474, 0.500148111585, 0.0198577929877, 0.0855832715142, 0.00278857951794, 0.909803281528, 0.662669027861, 0.529937454096, 0.0955887503547, 0.508449836579, 0.427076494719, 0.136927107161, 0.166454108402, 0.0866437890467, 0.00304113286535, 0.870490494817, 0.768249673678, 0.0539188844862, 0.411232527531, 2.77434397579
0.640680569649, 0.174485814093, 0.40773535965, 0.781769984743, 0.303101109788, 0.0227176973581, 0.814492996566, 0.0152597607665, 0.00454908504161, 0.116629882165, 0.158102942346, 0.666269326836, 0.642556346435, 0.726035657477, 0.636881287577, 0.261811164596, 0.611374992533, 0.241244718481, 0.608143796327, 0.703869266671, 0.271754836596, 0.00418817374434, 0.177880326514, 0.117949710205, 0.118069055076, 0.484857048543, 0.00532947710507, 0.228452385637, 0.127922958545, 0.0275823687263, 0.640680569649, 1.73473311248
0.0229756779378, 0.32467733556, 0.0573134964348, 0.249640798329, 0.0537497009091, 0.383534980127, 0.388246586231, 0.381135732718, 0.490613826673, 0.287386634706, 0.286933777109, 0.449993134847, 0.411352677922, 0.235836154831, 0.644433017083, 0.0219729091814, 0.897080804992, 0.00249795317265, 0.0719523160596, 0.0331208495446, 0.271754836596, 0.0844986349745, 0.00727148805525, 0.952754499381, 0.523959396241, 0.825494930512, 0.350599425006, 0.0921198651846, 0.993914947669, 0.0948154017915, 0.0229756779378, 3.7419846404
0.0229756779378, 0.32467733556, 0.0573134964348, 0.249640798329, 0.0537497009091, 0.383534980127, 0.388246586231, 0.381135732718, 0.490613826673, 0.287386634706, 0.286933777109, 0.449993134847, 0.411352677922, 0.235836154831, 0.644433017083, 0.0219729091814, 0.897080804992, 0.00249795317265, 0.0719523160596, 0.0331208495446, 0.271754836596, 0.0844986349745, 0.00727148805525, 0.952754499381, 0.523959396241, 0.825494930512, 0.350599425006, 0.0921198651846, 0.993914947669, 0.0948154017915, 0.0229756779378, 3.7419846404
0.00137359250315, 0.107150961098, 0.0573134964348, 0.249640798329, 0.0267266636329, 0.247477273827, 0.747423676662, 0.0725506724943, 0.25097044046, 0.219000146348, 0.158102942346, 0.964173519665, 0.59112559727, 0.34550633073, 0.0192858002971, 0.984585242564, 0.806870878199, 0.000156754284206, 0.068926242017, 0.0222440598302, 0.271754836596, 0.394808851802, 0.895136696337, 0.949117615242, 0.523959396241, 0.3898903694, 0.170546867499, 0.378738353166, 0.255518330831, 0.979907621193, 0.00137359250315, 4.38158489619
0.00137359250315, 0.107150961098, 0.0573134964348, 0.249640798329, 0.0267266636329, 0.247477273827, 0.747423676662, 0.0725506724943, 0.25097044046, 0.219000146348, 0.158102942346, 0.964173519665, 0.59112559727, 0.34550633073, 0.0192858002971, 0.984585242564, 0.806870878199, 0.000156754284206, 0.068926242017, 0.0222440598302, 0.271754836596, 0.394808851802, 0.895136696337, 0.949117615242, 0.523959396241, 0.3898903694, 0.170546867499, 0.378738353166, 0.255518330831, 0.979907621193, 0.00137359250315, 4.38158489619
0.438194300129, 0.107150961098, 0.0435537897512, 0.271173744067, 0.282298340754, 0.185095408288, 0.0412052584824, 0.107499537127, 0.385131658238, 0.397071356604, 0.00189608131706, 0.504610303435, 0.0617120989752, 0.0919815488669, 0.428949238774, 0.261811164596, 0.484839054796, 0.16930342562, 0.333620272056, 0.880304665873, 0.486162699614, 0.774797302806, 0.160351606329, 0.476524472158, 0.228028559139, 0.0738940116947, 0.728328476697, 0.275761430289, 0.728114007367, 0.990742200967, 0.438194300129, 2.34422560488
0.460801979541, 0.909095158537, 0.0279448476046, 0.571387884238, 0.0223009347616, 0.00342583736704, 0.318564321672, 0.139534175959, 0.37521910783, 0.803663586162, 0.28223044204, 0.516375876015, 0.740506750474, 0.191267522109, 0.0198577929877, 0.0855832715142, 0.00278857951794, 0.909803281528, 0.479205109448, 0.529937454096, 0.0131632896213, 0.508449836579, 0.427076494719, 0.136927107161, 0.166454108402, 0.0866437890467, 0.00304113286535, 0.870490494817, 0.768249673678, 0.0539188844862, 0.460801979541, 2.28430437458
0.462626748153, 0.037296017866, 0.0573134964348, 0.980859558931, 0.747755933377, 0.0227176973581, 0.43409945663, 0.340458245162, 0.0541575354581, 0.11621536397, 0.158102942346, 0.00750537561353, 0.797496202552, 0.967812096704, 0.191726397615, 0.261811164596, 0.589348776787, 0.0356973465624, 0.482429108235, 0.819545932192, 0.271754836596, 0.00418817374434, 0.358226606771, 0.00562601273893, 0.232579776108, 0.484857048543, 0.130244236829, 0.228452385637, 0.48399596573, 0.478787811887, 0.462626748153, 2.24244193439
0.826087312712, 0.352678582953, 0.224452299002, 0.959530913311, 0.14153045208, 0.132101915887, 0.130074200992, 0.424576092354, 0.371361058551, 0.603215543903, 0.0475537626206, 0.072206948395, 0.599469020356, 0.474966714109, 0.235477615491, 0.398167773302, 0.0604237126933, 0.16930342562, 0.0554552483188, 0.398334657531, 0.0150825802464, 0.978441661499, 0.00368029449126, 0.816156956052, 0.0555343944141, 0.990571602365, 0.437473386501, 0.470778965077, 0.255518330831, 0.287172735604, 0.826087312712, 1.69742517505
0.438194300129, 0.107150961098, 0.0435537897512, 0.271173744067, 0.282298340754, 0.185095408288, 0.0412052584824, 0.107499537127, 0.385131658238, 0.397071356604, 0.00189608131706, 0.504610303435, 0.0617120989752, 0.0919815488669, 0.428949238774, 0.261811164596, 0.484839054796, 0.16930342562, 0.333620272056, 0.880304665873, 0.486162699614, 0.774797302806, 0.160351606329, 0.476524472158, 0.228028559139, 0.0738940116947, 0.728328476697, 0.275761430289, 0.728114007367, 0.990742200967, 0.438194300129, 2.34422560488
0.460801979541, 0.909095158537, 0.0279448476046, 0.571387884238, 0.0223009347616, 0.00342583736704, 0.318564321672, 0.139534175959, 0.37521910783, 0.803663586162, 0.28223044204, 0.516375876015, 0.740506750474, 0.191267522109, 0.0198577929877, 0.0855832715142, 0.00278857951794, 0.909803281528, 0.479205109448, 0.529937454096, 0.0131632896213, 0.508449836579, 0.427076494719, 0.136927107161, 0.166454108402, 0.0866437890467, 0.00304113286535, 0.870490494817, 0.768249673678, 0.0539188844862, 0.460801979541, 2.28430437458
0.462626748153, 0.037296017866, 0.0573134964348, 0.980859558931, 0.747755933377, 0.0227176973581, 0.43409945663, 0.340458245162, 0.0541575354581, 0.11621536397, 0.158102942346, 0.00750537561353, 0.797496202552, 0.967812096704, 0.191726397615, 0.261811164596, 0.589348776787, 0.0356973465624, 0.482429108235, 0.819545932192, 0.271754836596, 0.00418817374434, 0.358226606771, 0.00562601273893, 0.232579776108, 0.484857048543, 0.130244236829, 0.228452385637, 0.48399596573, 0.478787811887, 0.462626748153, 2.24244193439
0.826087312712, 0.352678582953, 0.224452299002, 0.959530913311, 0.14153045208, 0.132101915887, 0.130074200992, 0.424576092354, 0.371361058551, 0.603215543903, 0.0475537626206, 0.072206948395, 0.599469020356, 0.474966714109, 0.235477615491, 0.398167773302, 0.0604237126933, 0.16930342562, 0.0554552483188, 0.398334657531, 0.0150825802464, 0.978441661499, 0.00368029449126, 0.816156956052, 0.0555343944141, 0.990571602365, 0.437473386501, 0.470778965077, 0.255518330831, 0.287172735604, 0.826087312712, 1.69742517505
0.640680569649, 0.116271622733, 0.728298840896, 0.6523895384, 0.260602464806, 0.00315755415341, 0.797784227997, 0.590243986221, 0.193858707582, 0.116629882165, 0.158102942346, 0.230375793941, 0.524902025368, 0.183560447628, 0.191726397615, 0.106934916196, 0.866881842139, 0.241244718481, 0.377441556904, 0.703869266671, 0.271754836596, 0.465124168921, 0.00376877189216, 0.00562601273893, 0.0361569611618, 0.987147953424, 0.0105212958358, 0.0534821570992, 0.581207796789, 0.135104295774, 0.640680569649, 1.76774250271
0.640680569649, 0.116271622733, 0.728298840896, 0.6523895384, 0.260602464806, 0.00315755415341, 0.797784227997, 0.590243986221, 0.193858707582, 0.116629882165, 0.158102942346, 0.230375793941, 0.524902025368, 0.183560447628, 0.191726397615, 0.106934916196, 0.866881842139, 0.241244718481, 0.377441556904, 0.703869266671, 0.271754836596, 0.465124168921, 0.00376877189216, 0.00562601273893, 0.0361569611618, 0.987147953424, 0.0105212958358, 0.0534821570992, 0.581207796789, 0.135104295774, 0.640680569649, 1.76774250271
0.411232527531, 0.107150961098, 0.0793141974537, 0.190479886286, 0.765300252297, 0.00465842342298, 0.600158580103, 0.505623947191, 0.142876973456, 0.018260460632, 0.20261012028, 0.148695860844, 0.354010051934, 0.356966271391, 0.698292655376, 0.64693377301, 0.850446288214, 0.341182880177, 0.59577001487, 0.929776909418, 0.0955887503547, 0.0844986349745, 0.366637663313, 0.928065033349, 0.228028559139, 0.484857048543, 0.506293468342, 0.458222891926, 0.0631419765005, 0.11610013683, 0.411232527531, 2.89022720557
0.62737890794, 0.174485814093, 0.14954141873, 0.781769984743, 0.49466748101, 0.0182643738944, 0.051363076215, 0.345406974351, 0.460807988425, 0.442799740902, 0.158102942346, 0.519896230921, 0.923579089785, 0.0339832466396, 0.297739752077, 0.239211317961, 0.866881842139, 0.241244718481, 0.608143796327, 0.703869266671, 0.662296923932, 0.369748336473, 0.500125011678, 0.00562601273893, 0.0290529707459, 0.424943106208, 0.004433122514, 0.0584042660078, 0.581207796789, 0.0207379500962, 0.62737890794, 2.06550060757
0.411232527531, 0.107150961098, 0.0793141974537, 0.190479886286, 0.765300252297, 0.00465842342298, 0.600158580103, 0.505623947191, 0.142876973456, 0.018260460632, 0.20261012028, 0.148695860844, 0.354010051934, 0.356966271391, 0.698292655376, 0.64693377301, 0.850446288214, 0.341182880177, 0.59577001487, 0.929776909418, 0.0955887503547, 0.0844986349745, 0.366637663313, 0.928065033349, 0.228028559139, 0.484857048543, 0.506293468342, 0.458222891926, 0.0631419765005, 0.11610013683, 0.411232527531, 2.89022720557
0.62737890794, 0.174485814093, 0.14954141873, 0.781769984743, 0.49466748101, 0.0182643738944, 0.051363076215, 0.345406974351, 0.460807988425, 0.442799740902, 0.158102942346, 0.519896230921, 0.923579089785, 0.0339832466396, 0.297739752077, 0.239211317961, 0.866881842139, 0.241244718481, 0.608143796327, 0.703869266671, 0.662296923932, 0.369748336473, 0.500125011678, 0.00562601273893, 0.0290529707459, 0.424943106208, 0.004433122514, 0.0584042660078, 0.581207796789, 0.0207379500962, 0.62737890794, 2.06550060757
0.837027607844, 0.0258423473277, 0.410254976818, 0.441430432548, 0.519824242175, 0.027554161747, 0.983605707078, 0.195265304211, 0.31557324446, 0.362014783512, 0.147771781677, 0.264544958984, 0.256526708216, 0.194180539929, 0.248925994665, 0.000662107742674, 0.256745467659, 0.31047656464, 0.735242329884, 0.702414737679, 0.0462829152569, 0.965213074877, 0.201211117234, 0.542452936844, 0.19145933886, 0.581510812052, 0.260733433702, 0.610113118989, 0.0932777618681, 0.667922500122, 0.837027607844, 1.61640027928
0.837027607844, 0.0258423473277, 0.410254976818, 0.441430432548, 0.519824242175, 0.027554161747, 0.983605707078, 0.195265304211, 0.31557324446, 0.362014783512, 0.147771781677, 0.264544958984, 0.256526708216, 0.194180539929, 0.248925994665, 0.000662107742674, 0.256745467659, 0.31047656464, 0.735242329884, 0.702414737679, 0.0462829152569, 0.965213074877, 0.201211117234, 0.542452936844, 0.19145933886, 0.581510812052, 0.260733433702, 0.610113118989, 0.0932777618681, 0.667922500122, 0.837027607844, 1.61640027928
0.837027607844, 0.0258423473277, 0.410237789407, 0.312440210335, 0.30985648149, 0.027554161747, 0.983605707078, 0.195265304211, 0.31557324446, 0.362014783512, 0.779019346423, 0.264544958984, 0.256526708216, 0.194180539929, 0.248925994665, 0.00103420480122, 0.256745467659, 0.31047656464, 0.735242329884, 0.702414737679, 0.0561660106676, 0.789586967131, 0.319547234045, 0.213020523119, 0.19145933886, 0.532023026504, 0.260733433702, 0.610113118989, 0.0369795150425, 0.898947141191, 0.837027607844, 1.62632259376
0.837027607844, 0.0258423473277, 0.410237789407, 0.312440210335, 0.30985648149, 0.027554161747, 0.983605707078, 0.195265304211, 0.31557324446, 0.362014783512, 0.779019346423, 0.264544958984, 0.256526708216, 0.194180539929, 0.248925994665, 0.00103420480122, 0.256745467659, 0.31047656464, 0.735242329884, 0.702414737679, 0.0561660106676, 0.789586967131, 0.319547234045, 0.213020523119, 0.19145933886, 0.532023026504, 0.260733433702, 0.610113118989, 0.0369795150425, 0.898947141191, 0.837027607844, 1.62632259376
0.837027607844, 0.0258423473277, 0.410254976818, 0.441430432548, 0.30985648149, 0.027554161747, 0.983605707078, 0.195265304211, 0.31557324446, 0.764276703486, 0.147771781677, 0.264544958984, 0.256526708216, 0.194180539929, 0.248925994665, 0.00233232971193, 0.421642129126, 0.31047656464, 0.608143796327, 0.702414737679, 0.0561660106676, 0.965213074877, 0.201211117234, 0.378881589067, 0.19145933886, 0.581510812052, 0.260733433702, 0.610113118989, 0.154043883526, 0.667922500122, 0.837027607844, 1.64998166542
0.640680569649, 0.174485814093, 0.40773535965, 0.781769984743, 0.357145649485, 0.0227176973581, 0.703607882231, 0.0780585191606, 0.00454908504161, 0.231685167974, 0.158102942346, 0.666269326836, 0.642556346435, 0.726035657477, 0.636881287577, 0.261811164596, 0.866881842139, 0.241244718481, 0.608143796327, 0.703869266671, 0.271754836596, 0.00418817374434, 0.214932202708, 0.680722919198, 0.0361569611618, 0.331456487983, 0.00532947710507, 0.228452385637, 0.127922958545, 0.0275823687263, 0.640680569649, 1.91897613581
0.837027607844, 0.0258423473277, 0.410254976818, 0.441430432548, 0.30985648149, 0.027554161747, 0.983605707078, 0.195265304211, 0.31557324446, 0.764276703486, 0.147771781677, 0.264544958984, 0.256526708216, 0.194180539929, 0.248925994665, 0.00233232971193, 0.421642129126, 0.31047656464, 0.608143796327, 0.702414737679, 0.0561660106676, 0.965213074877, 0.201211117234, 0.378881589067, 0.19145933886, 0.581510812052, 0.260733433702, 0.610113118989, 0.154043883526, 0.667922500122, 0.837027607844, 1.64998166542
0.640680569649, 0.174485814093, 0.40773535965, 0.781769984743, 0.357145649485, 0.0227176973581, 0.703607882231, 0.0780585191606, 0.00454908504161, 0.231685167974, 0.158102942346, 0.666269326836, 0.642556346435, 0.726035657477, 0.636881287577, 0.261811164596, 0.866881842139, 0.241244718481, 0.608143796327, 0.703869266671, 0.271754836596, 0.00418817374434, 0.214932202708, 0.680722919198, 0.0361569611618, 0.331456487983, 0.00532947710507, 0.228452385637, 0.127922958545, 0.0275823687263, 0.640680569649, 1.91897613581
0.0367421525727, 0.123552333286, 0.813877498443, 0.190479886286, 0.403499187001, 0.185095408288, 0.463485208638, 0.204157855747, 0.181254025745, 0.018260460632, 0.0342918279599, 0.549909023467, 0.159266538303, 0.356966271391, 0.824481595142, 0.336734252059, 0.42945710818, 0.0937649698659, 0.59577001487, 0.0155906047467, 0.3933167637, 0.0196099758661, 0.405481927088, 0.334944582306, 0.396435929118, 0.310016274276, 0.0335699144081, 0.112593268089, 0.968433174501, 0.06588580133, 0.0367421525727, 3.39213905491
0.0367421525727, 0.123552333286, 0.813877498443, 0.190479886286, 0.403499187001, 0.185095408288, 0.463485208638, 0.204157855747, 0.181254025745, 0.018260460632, 0.0342918279599, 0.549909023467, 0.159266538303, 0.356966271391, 0.824481595142, 0.336734252059, 0.42945710818, 0.0937649698659, 0.59577001487, 0.0155906047467, 0.3933167637, 0.0196099758661, 0.405481927088, 0.334944582306, 0.396435929118, 0.310016274276, 0.0335699144081, 0.112593268089, 0.968433174501, 0.06588580133, 0.0367421525727, 3.39213905491
0.0474028787163, 0.107150961098, 0.0793141974537, 0.190479886286, 0.140302862604, 0.185095408288, 0.463485208638, 0.498403234319, 0.187293650961, 0.018260460632, 0.735547758319, 0.0398701162717, 0.295837649357, 0.214602163816, 0.0198577929877, 0.0687289063879, 0.42945710818, 0.341182880177, 0.59577001487, 0.737544566766, 0.0106562797125, 0.0844986349745, 0.321993264056, 0.334944582306, 0.201559826978, 0.990571602365, 0.036684350002, 0.0141376022067, 0.200483280919, 0.11610013683, 0.0474028787163, 2.92982831588
0.00376183716694, 0.0973125508658, 0.278582755945, 0.40438760739, 0.988508313386, 0.0849963553402, 0.0117863304345, 0.337801386067, 0.00217615002486, 0.442799740902, 0.0300206936731, 0.303658174213, 0.0121136908784, 0.0338475967362, 0.428949238774, 0.984158337769, 0.232418472096, 0.241244718481, 0.343483464765, 0.971864322563, 0.880829346693, 0.00418817374434, 0.427076494719, 0.736627741147, 0.581216338872, 0.00222512815985, 0.33465895919, 0.955310954923, 0.657540519178, 0.637817851749, 0.00376183716694, 4.42139196809
0.0474028787163, 0.107150961098, 0.0793141974537, 0.190479886286, 0.140302862604, 0.185095408288, 0.463485208638, 0.498403234319, 0.187293650961, 0.018260460632, 0.735547758319, 0.0398701162717, 0.295837649357, 0.214602163816, 0.0198577929877, 0.0687289063879, 0.42945710818, 0.341182880177, 0.59577001487, 0.737544566766, 0.0106562797125, 0.0844986349745, 0.321993264056, 0.334944582306, 0.201559826978, 0.990571602365, 0.036684350002, 0.0141376022067, 0.200483280919, 0.11610013683, 0.0474028787163, 2.92982831588
0.00376183716694, 0.0973125508658, 0.278582755945, 0.40438760739, 0.988508313386, 0.0849963553402, 0.0117863304345, 0.337801386067, 0.00217615002486, 0.442799740902, 0.0300206936731, 0.303658174213, 0.0121136908784, 0.0338475967362, 0.428949238774, 0.984158337769, 0.232418472096, 0.241244718481, 0.343483464765, 0.971864322563, 0.880829346693, 0.00418817374434, 0.427076494719, 0.736627741147, 0.581216338872, 0.00222512815985, 0.33465895919, 0.955310954923, 0.657540519178, 0.637817851749, 0.00376183716694, 4.42139196809
0.462626748153, 0.381037492088, 0.00521884832933, 0.238468455842, 0.357145649485, 0.0227176973581, 0.997122398571, 0.340458245162, 0.6617386147, 0.11621536397, 0.158102942346, 0.519896230921, 0.797496202552, 0.892361022425, 0.0567287450879, 0.261811164596, 0.642515602229, 0.0518000104429, 0.608143796327, 0.703869266671, 0.271754836596, 0.00418817374434, 0.0292714387986, 0.00562601273893, 0.00386504845758, 0.484857048543, 0.130244236829, 0.228452385637, 0.48399596573, 0.478787811887, 0.462626748153, 2.28186566212
0.462626748153, 0.381037492088, 0.00521884832933, 0.238468455842, 0.357145649485, 0.0227176973581, 0.997122398571, 0.340458245162, 0.6617386147, 0.11621536397, 0.158102942346, 0.519896230921, 0.797496202552, 0.892361022425, 0.0567287450879, 0.261811164596, 0.642515602229, 0.0518000104429, 0.608143796327, 0.703869266671, 0.271754836596, 0.00418817374434, 0.0292714387986, 0.00562601273893, 0.00386504845758, 0.484857048543, 0.130244236829, 0.228452385637, 0.48399596573, 0.478787811887, 0.462626748153, 2.28186566212
0.438194300129, 0.107150961098, 0.103803788919, 0.271173744067, 0.282298340754, 0.185095408288, 0.0412052584824, 0.107499537127, 0.558084897857, 0.397071356604, 0.00189608131706, 0.504610303435, 0.0617120989752, 0.0919815488669, 0.428949238774, 0.261811164596, 0.484839054796, 0.222445994716, 0.333620272056, 0.880304665873, 0.486162699614, 0.774797302806, 0.160351606329, 0.391336416144, 0.228028559139, 0.0738940116947, 0.728328476697, 0.275761430289, 0.728114007367, 0.990742200967, 0.438194300129, 2.39647758431
0.0367421525727, 0.123552333286, 0.813877498443, 0.190479886286, 0.403499187001, 0.185095408288, 0.00356785777, 0.204157855747, 0.181254025745, 0.018260460632, 0.0342918279599, 0.916854732549, 0.159266538303, 0.356966271391, 0.824481595142, 0.336734252059, 0.490070253419, 0.341182880177, 0.59577001487, 0.0155906047467, 0.3933167637, 0.00701361175955, 0.496439707442, 0.417303266053, 0.396435929118, 0.331456487983, 0.0335699144081, 0.112593268089, 0.968433174501, 0.06588580133, 0.0367421525727, 3.50940114116
0.438194300129, 0.107150961098, 0.103803788919, 0.271173744067, 0.282298340754, 0.185095408288, 0.0412052584824, 0.107499537127, 0.558084897857, 0.397071356604, 0.00189608131706, 0.504610303435, 0.0617120989752, 0.0919815488669, 0.428949238774, 0.261811164596, 0.484839054796, 0.222445994716, 0.333620272056, 0.880304665873, 0.486162699614, 0.774797302806, 0.160351606329, 0.391336416144, 0.228028559139, 0.0738940116947, 0.728328476697, 0.275761430289, 0.728114007367, 0.990742200967, 0.438194300129, 2.39647758431
0.0367421525727, 0.123552333286, 0.813877498443, 0.190479886286, 0.403499187001, 0.185095408288, 0.00356785777, 0.204157855747, 0.181254025745, 0.018260460632, 0.0342918279599, 0.916854732549, 0.159266538303, 0.356966271391, 0.824481595142, 0.336734252059, 0.490070253419, 0.341182880177, 0.59577001487, 0.0155906047467, 0.3933167637, 0.00701361175955, 0.496439707442, 0.417303266053, 0.396435929118, 0.331456487983, 0.0335699144081, 0.112593268089, 0.968433174501, 0.06588580133, 0.0367421525727, 3.50940114116
