0.033839339195, 0.00727429018811, 0.0107427734252, 0.238468455842, 0.045797512136, 0.223179144809, 0.0326566397257, 0.631324184576, 0.046997896831, 0.018260460632, 0.671111321815, 0.0398701162717, 0.295837649357, 0.214602163816, 0.000757542307897, 0.0687289063879, 0.302056767938, 0.504627191364, 0.107869233135, 0.0447508427239, 0.0106562797125, 0.294211472944, 0.0508497655154, 0.417303266053, 0.494337390299, 0.908305612478, 0.159525836668, 0.112593268089, 0.197371460584, 0.197130581757, 0.033839339195, 2.62323687612
0.292033479063, 0.0973125508658, 0.054925103181, 0.190479886286, 0.140302862604, 0.176571771936, 0.463485208638, 0.318612675647, 0.187293650961, 0.117215371085, 0.0300206936731, 0.237604661066, 0.06276281524, 0.214602163816, 0.0198577929877, 0.0687289063879, 0.42945710818, 0.341182880177, 0.59577001487, 0.737544566766, 0.00523090066719, 0.0844986349745, 0.065134124987, 0.680516932658, 0.201559826978, 0.00401681935621, 0.036684350002, 0.0141376022067, 0.0713448448964, 0.709292783138, 0.292033479063, 1.96855150927
8.84391097744e-06, 0.0973125508658, 0.054925103181, 0.190479886286, 0.496733238967, 0.264222573933, 0.463485208638, 0.318612675647, 0.187293650961, 0.018260460632, 0.0129991872419, 0.237604661066, 0.06276281524, 0.292758613945, 0.0198577929877, 0.0687289063879, 0.814497128047, 0.341182880177, 0.59577001487, 0.737544566766, 0.00523090066719, 0.0844986349745, 0.321993264056, 0.680516932658, 0.422824083914, 0.567889384758, 0.0329541685252, 0.0141376022067, 0.0966435618025, 0.369428822454, 8.84391097744e-06, 3.43725253086
3.67002065238e-06, 0.0258423473277, 0.057307083538, 0.979769052115, 0.00947878227829, 0.967403587304, 0.52532377424, 0.17024945397, 0.37521910783, 0.84145147716, 0.816971368203, 0.334834575989, 0.173306358913, 0.133174195632, 0.247891218857, 0.106027666689, 0.0927077139352, 0.0522090269228, 0.166032738457, 0.993493501371, 0.652789263022, 0.708346404156, 0.989793345403, 0.542452936844, 0.377472871163, 0.554778774838, 0.984706351441, 0.627197482838, 0.974391042747, 0.0697647484574, 3.67002065238e-06, 5.20092152603
0.645101414323, 0.0973125508658, 0.054925103181, 0.190479886286, 0.057004246494, 0.176571771936, 0.686392373427, 0.318612675647, 0.187293650961, 0.117215371085, 0.0342918279599, 0.237604661066, 0.06276281524, 0.214602163816, 0.0198577929877, 0.0687289063879, 0.175970378436, 0.341182880177, 0.59577001487, 0.737544566766, 0.00523090066719, 0.0844986349745, 0.321993264056, 0.680516932658, 0.201559826978, 0.0212413359668, 0.036684350002, 0.0141376022067, 0.200483280919, 0.709292783138, 0.645101414323, 1.02039357889
0.438194300129, 0.107150961098, 0.046747532566, 0.271173744067, 0.0389797465012, 0.00840037369114, 0.00819514440314, 0.107499537127, 0.385131658238, 0.161370251149, 0.28223044204, 0.504610303435, 0.159266538303, 0.0919815488669, 0.428949238774, 0.0855832715142, 0.484839054796, 0.16930342562, 0.333620272056, 0.992204896527, 0.0131632896213, 0.774797302806, 0.132421992392, 0.151008808911, 0.342663024353, 0.0798371416571, 0.00532947710507, 0.032831612827, 0.116922452077, 0.992851217121, 0.438194300129, 1.66320004955
0.0372019137352, 0.0386605372957, 0.0793141974537, 0.190479886286, 0.65586569729, 0.75630464996, 0.0326566397257, 0.404390476805, 0.117208440475, 0.350319886451, 0.0952152322813, 0.011040765389, 0.295837649357, 0.158342904902, 0.0145451903134, 0.0588799035666, 0.42945710818, 0.273237996034, 0.00103022297258, 0.0393280716955, 0.0106562797125, 0.239595452095, 0.263184776777, 0.64897958862, 0.14731703337, 0.0212413359668, 0.0624268330531, 0.112593268089, 0.22075733528, 0.197130581757, 0.0372019137352, 2.4798751517
0.00201848029076, 0.00727429018811, 0.0253632844357, 0.043886867726, 0.0537497009091, 0.185095408288, 0.0402717459909, 0.381919661597, 0.223302131407, 0.000132066765329, 0.0342918279599, 0.0600284284815, 0.0447098827866, 0.260840259036, 0.423659035726, 0.336734252059, 0.0121759599932, 0.341182880177, 0.858855081401, 0.758354079628, 0.00523090066719, 0.363449701719, 0.00308584003796, 0.736627741147, 0.396435929118, 0.331456487983, 0.00351203905439, 0.112593268089, 0.0708714269522, 0.105797700036, 0.00201848029076, 2.85358083122
0.262626983727, 0.205436003917, 0.388416480688, 0.195881930917, 0.00947878227829, 0.020600726802, 0.00819514440314, 0.275362303241, 0.181254025745, 0.00633010680339, 0.0342918279599, 0.0571637401505, 0.159266538303, 0.356966271391, 0.86232949244, 0.28029796538, 0.175970378436, 0.306669225431, 0.59577001487, 0.332337364523, 0.3933167637, 0.101734839195, 0.366637663313, 0.697121657861, 0.396435929118, 0.331456487983, 0.0226570828272, 0.174183306148, 0.370682119727, 0.06588580133, 0.262626983727, 2.11642693432
0.000797597738981, 0.0977306093068, 0.0573134964348, 0.0569311344433, 0.0537497009091, 0.213071410655, 0.00666716505132, 0.0725506724943, 0.0217378642272, 0.321203999615, 0.158102942346, 0.531119792938, 0.734151591687, 0.0553235594942, 0.0989692492267, 0.096184656938, 0.272087354181, 0.000239343956357, 0.0813203524269, 0.737544566766, 0.385260002366, 0.135272938656, 0.0119997899389, 0.820465109941, 0.377472871163, 0.0738940116947, 0.193054034727, 0.420324240139, 0.364316686993, 0.992665077929, 0.000797597738981, 3.25779517635
0.411232527531, 0.121780478587, 0.0793141974537, 0.0814169359654, 0.880688628378, 0.0634625431257, 0.0100682674573, 0.777340114473, 0.0201005208819, 0.0505715915964, 0.28223044204, 0.0246277205882, 0.173306358913, 0.12236655117, 0.811829207993, 0.304187479934, 0.165369683036, 0.341182880177, 0.711532551052, 0.0024486954852, 0.0453298195353, 0.0248645224838, 0.0948235087397, 0.417303266053, 0.355995372759, 0.0212413359668, 0.00480266017703, 0.0534821570992, 0.433377007296, 0.0539887318402, 0.411232527531, 1.76856037619
4.93961182269e-06, 0.123552333286, 0.343994928503, 0.988017958392, 0.00947878227829, 0.900102364907, 0.23662516961, 0.17024945397, 0.226762670502, 0.0134479069574, 0.866101894265, 0.996342809997, 0.173306358913, 0.260840259036, 0.0145451903134, 0.474001328717, 0.38032481708, 0.219501673994, 0.425186940638, 0.522409919553, 0.0137175831519, 0.708346404156, 0.547019918978, 0.542452936844, 0.0950559384948, 0.5853252528, 0.14066727799, 0.580196579143, 0.974391042747, 0.196933546108, 4.93961182269e-06, 4.63521574773
0.2400818778, 0.0310883792229, 0.596109097053, 0.271173744067, 0.282298340754, 0.0585783506436, 0.0412052584824, 0.107499537127, 0.385131658238, 0.397071356604, 0.28223044204, 0.0114373733204, 0.0617120989752, 0.183560447628, 0.0852055229629, 0.0247128728582, 0.427677268527, 0.16930342562, 0.539213230159, 0.920803619055, 0.0131632896213, 0.814063957186, 0.0730862802135, 0.0164080159022, 0.0632000418938, 0.0738940116947, 0.0503704523768, 0.251219584653, 0.728114007367, 0.990742200967, 0.2400818778, 2.32642213912
0.62737890794, 0.174485814093, 0.046747532566, 0.134044870188, 0.140302862604, 0.00606210780997, 0.388246586231, 0.326668851933, 0.0541575354581, 0.233505667048, 0.258853875899, 0.433023979141, 0.080941412271, 0.191267522109, 0.950804713246, 0.38619564052, 0.175970378436, 0.0780841760314, 0.59577001487, 0.0285015034363, 0.331572812237, 0.465124168921, 0.222336016153, 0.413620778766, 0.0120145460345, 0.174578358616, 0.00532947710507, 0.0584042660078, 0.0483320155685, 0.0187978168384, 0.62737890794, 1.1500199379
0.0229756779378, 0.181095006881, 0.0573134964348, 0.0881131274147, 0.000311003785636, 0.0145342864106, 0.013370860759, 0.658359105108, 0.0153836731166, 0.741673238942, 0.158102942346, 0.0398701162717, 0.580475597636, 0.158152331471, 0.0298118679017, 0.0687289063879, 0.42945710818, 7.23144848654e-05, 0.0836374941158, 0.526134761842, 0.0489134395742, 0.293510534562, 0.057040382676, 0.00562601273893, 0.377472871163, 0.0738940116947, 0.0821036908937, 0.542430131314, 0.453434981552, 0.702563474707, 0.0229756779378, 2.73330253263
0.033839339195, 0.00727429018811, 0.0107427734252, 0.238468455842, 0.045797512136, 0.223179144809, 0.0326566397257, 0.631324184576, 0.046997896831, 0.018260460632, 0.671111321815, 0.0398701162717, 0.295837649357, 0.214602163816, 0.000757542307897, 0.0687289063879, 0.302056767938, 0.504627191364, 0.107869233135, 0.0447508427239, 0.0106562797125, 0.294211472944, 0.0508497655154, 0.417303266053, 0.494337390299, 0.908305612478, 0.159525836668, 0.112593268089, 0.197371460584, 0.197130581757, 0.033839339195, 2.62323687612
0.292033479063, 0.0973125508658, 0.054925103181, 0.190479886286, 0.140302862604, 0.176571771936, 0.463485208638, 0.318612675647, 0.187293650961, 0.117215371085, 0.0300206936731, 0.237604661066, 0.06276281524, 0.214602163816, 0.0198577929877, 0.0687289063879, 0.42945710818, 0.341182880177, 0.59577001487, 0.737544566766, 0.00523090066719, 0.0844986349745, 0.065134124987, 0.680516932658, 0.201559826978, 0.00401681935621, 0.036684350002, 0.0141376022067, 0.0713448448964, 0.709292783138, 0.292033479063, 1.96855150927
8.84391097744e-06, 0.0973125508658, 0.054925103181, 0.190479886286, 0.496733238967, 0.264222573933, 0.463485208638, 0.318612675647, 0.187293650961, 0.018260460632, 0.0129991872419, 0.237604661066, 0.06276281524, 0.292758613945, 0.0198577929877, 0.0687289063879, 0.814497128047, 0.341182880177, 0.59577001487, 0.737544566766, 0.00523090066719, 0.0844986349745, 0.321993264056, 0.680516932658, 0.422824083914, 0.567889384758, 0.0329541685252, 0.0141376022067, 0.0966435618025, 0.369428822454, 8.84391097744e-06, 3.43725253086
3.67002065238e-06, 0.0258423473277, 0.057307083538, 0.979769052115, 0.00947878227829, 0.967403587304, 0.52532377424, 0.17024945397, 0.37521910783, 0.84145147716, 0.816971368203, 0.334834575989, 0.173306358913, 0.133174195632, 0.247891218857, 0.106027666689, 0.0927077139352, 0.0522090269228, 0.166032738457, 0.993493501371, 0.652789263022, 0.708346404156, 0.989793345403, 0.542452936844, 0.377472871163, 0.554778774838, 0.984706351441, 0.627197482838, 0.974391042747, 0.0697647484574, 3.67002065238e-06, 5.20092152603
0.645101414323, 0.0973125508658, 0.054925103181, 0.190479886286, 0.057004246494, 0.176571771936, 0.686392373427, 0.318612675647, 0.187293650961, 0.117215371085, 0.0342918279599, 0.237604661066, 0.06276281524, 0.214602163816, 0.0198577929877, 0.0687289063879, 0.175970378436, 0.341182880177, 0.59577001487, 0.737544566766, 0.00523090066719, 0.0844986349745, 0.321993264056, 0.680516932658, 0.201559826978, 0.0212413359668, 0.036684350002, 0.0141376022067, 0.200483280919, 0.709292783138, 0.645101414323, 1.02039357889
0.438194300129, 0.107150961098, 0.046747532566, 0.271173744067, 0.0389797465012, 0.00840037369114, 0.00819514440314, 0.107499537127, 0.385131658238, 0.161370251149, 0.28223044204, 0.504610303435, 0.159266538303, 0.0919815488669, 0.428949238774, 0.0855832715142, 0.484839054796, 0.16930342562, 0.333620272056, 0.992204896527, 0.0131632896213, 0.774797302806, 0.132421992392, 0.151008808911, 0.342663024353, 0.0798371416571, 0.00532947710507, 0.032831612827, 0.116922452077, 0.992851217121, 0.438194300129, 1.66320004955
0.0372019137352, 0.0386605372957, 0.0793141974537, 0.190479886286, 0.65586569729, 0.75630464996, 0.0326566397257, 0.404390476805, 0.117208440475, 0.350319886451, 0.0952152322813, 0.011040765389, 0.295837649357, 0.158342904902, 0.0145451903134, 0.0588799035666, 0.42945710818, 0.273237996034, 0.00103022297258, 0.0393280716955, 0.0106562797125, 0.239595452095, 0.263184776777, 0.64897958862, 0.14731703337, 0.0212413359668, 0.0624268330531, 0.112593268089, 0.22075733528, 0.197130581757, 0.0372019137352, 2.4798751517
0.00201848029076, 0.00727429018811, 0.0253632844357, 0.043886867726, 0.0537497009091, 0.185095408288, 0.0402717459909, 0.381919661597, 0.223302131407, 0.000132066765329, 0.0342918279599, 0.0600284284815, 0.0447098827866, 0.260840259036, 0.423659035726, 0.336734252059, 0.0121759599932, 0.341182880177, 0.858855081401, 0.758354079628, 0.00523090066719, 0.363449701719, 0.00308584003796, 0.736627741147, 0.396435929118, 0.331456487983, 0.00351203905439, 0.112593268089, 0.0708714269522, 0.105797700036, 0.00201848029076, 2.85358083122
0.262626983727, 0.205436003917, 0.388416480688, 0.195881930917, 0.00947878227829, 0.020600726802, 0.00819514440314, 0.275362303241, 0.181254025745, 0.00633010680339, 0.0342918279599, 0.0571637401505, 0.159266538303, 0.356966271391, 0.86232949244, 0.28029796538, 0.175970378436, 0.306669225431, 0.59577001487, 0.332337364523, 0.3933167637, 0.101734839195, 0.366637663313, 0.697121657861, 0.396435929118, 0.331456487983, 0.0226570828272, 0.174183306148, 0.370682119727, 0.06588580133, 0.262626983727, 2.11642693432
0.000797597738981, 0.0977306093068, 0.0573134964348, 0.0569311344433, 0.0537497009091, 0.213071410655, 0.00666716505132, 0.0725506724943, 0.0217378642272, 0.321203999615, 0.158102942346, 0.531119792938, 0.734151591687, 0.0553235594942, 0.0989692492267, 0.096184656938, 0.272087354181, 0.000239343956357, 0.0813203524269, 0.737544566766, 0.385260002366, 0.135272938656, 0.0119997899389, 0.820465109941, 0.377472871163, 0.0738940116947, 0.193054034727, 0.420324240139, 0.364316686993, 0.992665077929, 0.000797597738981, 3.25779517635
0.411232527531, 0.121780478587, 0.0793141974537, 0.0814169359654, 0.880688628378, 0.0634625431257, 0.0100682674573, 0.777340114473, 0.0201005208819, 0.0505715915964, 0.28223044204, 0.0246277205882, 0.173306358913, 0.12236655117, 0.811829207993, 0.304187479934, 0.165369683036, 0.341182880177, 0.711532551052, 0.0024486954852, 0.0453298195353, 0.0248645224838, 0.0948235087397, 0.417303266053, 0.355995372759, 0.0212413359668, 0.00480266017703, 0.0534821570992, 0.433377007296, 0.0539887318402, 0.411232527531, 1.76856037619
4.93961182269e-06, 0.123552333286, 0.343994928503, 0.988017958392, 0.00947878227829, 0.900102364907, 0.23662516961, 0.17024945397, 0.226762670502, 0.0134479069574, 0.866101894265, 0.996342809997, 0.173306358913, 0.260840259036, 0.0145451903134, 0.474001328717, 0.38032481708, 0.219501673994, 0.425186940638, 0.522409919553, 0.0137175831519, 0.708346404156, 0.547019918978, 0.542452936844, 0.0950559384948, 0.5853252528, 0.14066727799, 0.580196579143, 0.974391042747, 0.196933546108, 4.93961182269e-06, 4.63521574773
0.2400818778, 0.0310883792229, 0.596109097053, 0.271173744067, 0.282298340754, 0.0585783506436, 0.0412052584824, 0.107499537127, 0.385131658238, 0.397071356604, 0.28223044204, 0.0114373733204, 0.0617120989752, 0.183560447628, 0.0852055229629, 0.0247128728582, 0.427677268527, 0.16930342562, 0.539213230159, 0.920803619055, 0.0131632896213, 0.814063957186, 0.0730862802135, 0.0164080159022, 0.0632000418938, 0.0738940116947, 0.0503704523768, 0.251219584653, 0.728114007367, 0.990742200967, 0.2400818778, 2.32642213912
0.62737890794, 0.174485814093, 0.046747532566, 0.134044870188, 0.140302862604, 0.00606210780997, 0.388246586231, 0.326668851933, 0.0541575354581, 0.233505667048, 0.258853875899, 0.433023979141, 0.080941412271, 0.191267522109, 0.950804713246, 0.38619564052, 0.175970378436, 0.0780841760314, 0.59577001487, 0.0285015034363, 0.331572812237, 0.465124168921, 0.222336016153, 0.413620778766, 0.0120145460345, 0.174578358616, 0.00532947710507, 0.0584042660078, 0.0483320155685, 0.0187978168384, 0.62737890794, 1.1500199379
0.0229756779378, 0.181095006881, 0.0573134964348, 0.0881131274147, 0.000311003785636, 0.0145342864106, 0.013370860759, 0.658359105108, 0.0153836731166, 0.741673238942, 0.158102942346, 0.0398701162717, 0.580475597636, 0.158152331471, 0.0298118679017, 0.0687289063879, 0.42945710818, 7.23144848654e-05, 0.0836374941158, 0.526134761842, 0.0489134395742, 0.293510534562, 0.057040382676, 0.00562601273893, 0.377472871163, 0.0738940116947, 0.0821036908937, 0.542430131314, 0.453434981552, 0.702563474707, 0.0229756779378, 2.73330253263
4.93961182269e-06, 0.123552333286, 0.343994928503, 0.979769052115, 0.00947878227829, 0.900102364907, 0.226883177436, 0.17024945397, 0.226762670502, 0.0134479069574, 0.866101894265, 0.996342809997, 0.173306358913, 0.260840259036, 0.0145451903134, 0.474001328717, 0.38032481708, 0.219501673994, 0.883041154982, 0.522409919553, 0.0137175831519, 0.708346404156, 0.547019918978, 0.775823137637, 0.0950559384948, 0.554778774838, 0.14066727799, 0.580196579143, 0.974391042747, 0.196933546108, 4.93961182269e-06, 4.83456853191
3.67002065238e-06, 0.0258423473277, 0.0892836364735, 0.979769052115, 0.00947878227829, 0.916583491361, 0.52532377424, 0.17024945397, 0.37521910783, 0.0774706629803, 0.816971368203, 0.988885694511, 0.173306358913, 0.0639342374567, 0.247891218857, 0.906278904775, 0.525742709892, 0.0522090269228, 0.166032738457, 0.993493501371, 0.0137175831519, 0.708346404156, 0.989793345403, 0.592098065278, 0.377472871163, 0.0349049092331, 0.984706351441, 0.892891046224, 0.974391042747, 0.0697647484574, 3.67002065238e-06, 5.2603792326
4.93961182269e-06, 0.123552333286, 0.343994928503, 0.979769052115, 0.00947878227829, 0.900102364907, 0.226883177436, 0.17024945397, 0.226762670502, 0.0134479069574, 0.866101894265, 0.996342809997, 0.173306358913, 0.260840259036, 0.0145451903134, 0.474001328717, 0.38032481708, 0.219501673994, 0.883041154982, 0.522409919553, 0.0137175831519, 0.708346404156, 0.547019918978, 0.775823137637, 0.0950559384948, 0.554778774838, 0.14066727799, 0.580196579143, 0.974391042747, 0.196933546108, 4.93961182269e-06, 4.83456853191
3.67002065238e-06, 0.0258423473277, 0.0892836364735, 0.979769052115, 0.00947878227829, 0.916583491361, 0.52532377424, 0.17024945397, 0.37521910783, 0.0774706629803, 0.816971368203, 0.988885694511, 0.173306358913, 0.0639342374567, 0.247891218857, 0.906278904775, 0.525742709892, 0.0522090269228, 0.166032738457, 0.993493501371, 0.0137175831519, 0.708346404156, 0.989793345403, 0.592098065278, 0.377472871163, 0.0349049092331, 0.984706351441, 0.892891046224, 0.974391042747, 0.0697647484574, 3.67002065238e-06, 5.2603792326
0.645101414323, 0.0973125508658, 0.054925103181, 0.66639555474, 0.057004246494, 0.176571771936, 0.463485208638, 0.318612675647, 0.187293650961, 0.0658076229599, 0.0300206936731, 0.237604661066, 0.06276281524, 0.214602163816, 0.0198577929877, 0.0687289063879, 0.42945710818, 0.341182880177, 0.59577001487, 0.526134761842, 0.00523090066719, 0.0844986349745, 0.321993264056, 0.680516932658, 0.25139415656, 0.0212413359668, 0.036684350002, 0.0141376022067, 0.200483280919, 0.709292783138, 0.645101414323, 1.08971158336
0.645101414323, 0.0973125508658, 0.054925103181, 0.66639555474, 0.057004246494, 0.176571771936, 0.463485208638, 0.318612675647, 0.187293650961, 0.0658076229599, 0.0300206936731, 0.237604661066, 0.06276281524, 0.214602163816, 0.0198577929877, 0.0687289063879, 0.42945710818, 0.341182880177, 0.59577001487, 0.526134761842, 0.00523090066719, 0.0844986349745, 0.321993264056, 0.680516932658, 0.25139415656, 0.0212413359668, 0.036684350002, 0.0141376022067, 0.200483280919, 0.709292783138, 0.645101414323, 1.08971158336
4.93961182269e-06, 0.123552333286, 0.343994928503, 0.979769052115, 0.174090058564, 0.900102364907, 0.226883177436, 0.388754464781, 0.803575976346, 0.0134479069574, 0.860762325523, 0.833655336254, 0.173306358913, 0.260840259036, 0.0145451903134, 0.474001328717, 0.38032481708, 0.219501673994, 0.166032738457, 0.758354079628, 0.347949878917, 0.708346404156, 0.516220359447, 0.686008993396, 0.0950559384948, 0.554778774838, 0.14066727799, 0.112593268089, 0.974391042747, 0.196933546108, 4.93961182269e-06, 4.85220384001
3.67002065238e-06, 0.00411838271383, 0.057307083538, 0.989934096807, 0.00947878227829, 0.900102364907, 0.399149501109, 0.209442456599, 0.959320100561, 0.393787818967, 0.816971368203, 0.334834575989, 0.173306358913, 0.133174195632, 0.247891218857, 0.106027666689, 0.525742709892, 0.0169793498967, 0.166032738457, 0.970952077936, 0.652789263022, 0.708346404156, 0.989793345403, 0.542452936844, 0.377472871163, 0.554778774838, 0.984706351441, 0.627197482838, 0.974391042747, 0.0697647484574, 3.67002065238e-06, 5.30821249767
4.93961182269e-06, 0.123552333286, 0.343994928503, 0.979769052115, 0.174090058564, 0.900102364907, 0.226883177436, 0.388754464781, 0.803575976346, 0.0134479069574, 0.860762325523, 0.833655336254, 0.173306358913, 0.260840259036, 0.0145451903134, 0.474001328717, 0.38032481708, 0.219501673994, 0.166032738457, 0.758354079628, 0.347949878917, 0.708346404156, 0.516220359447, 0.686008993396, 0.0950559384948, 0.554778774838, 0.14066727799, 0.112593268089, 0.974391042747, 0.196933546108, 4.93961182269e-06, 4.85220384001
3.67002065238e-06, 0.00411838271383, 0.057307083538, 0.989934096807, 0.00947878227829, 0.900102364907, 0.399149501109, 0.209442456599, 0.959320100561, 0.393787818967, 0.816971368203, 0.334834575989, 0.173306358913, 0.133174195632, 0.247891218857, 0.106027666689, 0.525742709892, 0.0169793498967, 0.166032738457, 0.970952077936, 0.652789263022, 0.708346404156, 0.989793345403, 0.542452936844, 0.377472871163, 0.554778774838, 0.984706351441, 0.627197482838, 0.974391042747, 0.0697647484574, 3.67002065238e-06, 5.30821249767
4.93961182269e-06, 0.123552333286, 0.343994928503, 0.979769052115, 0.723792053219, 0.932085255235, 0.226883177436, 0.388754464781, 0.679172163211, 0.0134479069574, 0.860762325523, 0.833655336254, 0.173306358913, 0.260840259036, 0.0145451903134, 0.474001328717, 0.38032481708, 0.219501673994, 0.166032738457, 0.758354079628, 0.0137175831519, 0.708346404156, 0.516220359447, 0.686008993396, 0.0950559384948, 0.885892000601, 0.14066727799, 0.112593268089, 0.974391042747, 0.196933546108, 4.93961182269e-06, 4.99308010693
3.67002065238e-06, 0.0258423473277, 0.057307083538, 0.979769052115, 0.00947878227829, 0.900102364907, 0.52532377424, 0.17024945397, 0.37521910783, 0.0774706629803, 0.816971368203, 0.988885694511, 0.173306358913, 0.0639342374567, 0.247891218857, 0.906278904775, 0.525742709892, 0.0522090269228, 0.166032738457, 0.993493501371, 0.0137175831519, 0.708346404156, 0.989793345403, 0.775823137637, 0.377472871163, 0.554778774838, 0.984706351441, 0.627197482838, 0.974391042747, 0.0697647484574, 3.67002065238e-06, 5.38119214128
0.438194300129, 0.107150961098, 0.0435537897512, 0.24533102943, 0.282298340754, 0.185095408288, 0.00819514440314, 0.204157855747, 0.385131658238, 0.340041393106, 0.28223044204, 0.0571637401505, 0.0199275910351, 0.0919815488669, 0.428949238774, 0.0855832715142, 0.484839054796, 0.16930342562, 0.333620272056, 0.880304665873, 0.0165163544842, 0.101734839195, 0.366637663313, 0.151008808911, 0.342663024353, 0.0195483765827, 0.00814989227057, 0.00508241183287, 0.78239363177, 0.990742200967, 0.438194300129, 1.69117323366
4.93961182269e-06, 0.123552333286, 0.343994928503, 0.979769052115, 0.723792053219, 0.932085255235, 0.226883177436, 0.388754464781, 0.679172163211, 0.0134479069574, 0.860762325523, 0.833655336254, 0.173306358913, 0.260840259036, 0.0145451903134, 0.474001328717, 0.38032481708, 0.219501673994, 0.166032738457, 0.758354079628, 0.0137175831519, 0.708346404156, 0.516220359447, 0.686008993396, 0.0950559384948, 0.885892000601, 0.14066727799, 0.112593268089, 0.974391042747, 0.196933546108, 4.93961182269e-06, 4.99308010693
3.67002065238e-06, 0.0258423473277, 0.057307083538, 0.979769052115, 0.00947878227829, 0.900102364907, 0.52532377424, 0.17024945397, 0.37521910783, 0.0774706629803, 0.816971368203, 0.988885694511, 0.173306358913, 0.0639342374567, 0.247891218857, 0.906278904775, 0.525742709892, 0.0522090269228, 0.166032738457, 0.993493501371, 0.0137175831519, 0.708346404156, 0.989793345403, 0.775823137637, 0.377472871163, 0.554778774838, 0.984706351441, 0.627197482838, 0.974391042747, 0.0697647484574, 3.67002065238e-06, 5.38119214128
0.438194300129, 0.107150961098, 0.0435537897512, 0.24533102943, 0.282298340754, 0.185095408288, 0.00819514440314, 0.204157855747, 0.385131658238, 0.340041393106, 0.28223044204, 0.0571637401505, 0.0199275910351, 0.0919815488669, 0.428949238774, 0.0855832715142, 0.484839054796, 0.16930342562, 0.333620272056, 0.880304665873, 0.0165163544842, 0.101734839195, 0.366637663313, 0.151008808911, 0.342663024353, 0.0195483765827, 0.00814989227057, 0.00508241183287, 0.78239363177, 0.990742200967, 0.438194300129, 1.69117323366
0.665144008619, 0.121780478587, 0.0793141974537, 0.0814169359654, 0.880688628378, 0.0634625431257, 0.0100682674573, 0.777340114473, 0.0201005208819, 0.0505715915964, 0.545777443908, 0.0246277205882, 0.173306358913, 0.488659253698, 0.811829207993, 0.304187479934, 0.165369683036, 0.341182880177, 0.711532551052, 0.0024486954852, 0.0453298195353, 0.0248645224838, 0.0948235087397, 0.417303266053, 0.355995372759, 0.0212413359668, 0.00480266017703, 0.0534821570992, 0.281535585575, 0.0539887318402, 0.665144008619, 1.13019856968
0.665144008619, 0.121780478587, 0.0793141974537, 0.0814169359654, 0.880688628378, 0.0634625431257, 0.0100682674573, 0.777340114473, 0.0201005208819, 0.0505715915964, 0.545777443908, 0.0246277205882, 0.173306358913, 0.488659253698, 0.811829207993, 0.304187479934, 0.165369683036, 0.341182880177, 0.711532551052, 0.0024486954852, 0.0453298195353, 0.0248645224838, 0.0948235087397, 0.417303266053, 0.355995372759, 0.0212413359668, 0.00480266017703, 0.0534821570992, 0.281535585575, 0.0539887318402, 0.665144008619, 1.13019856968
0.2400818778, 0.107150961098, 0.571219142871, 0.271173744067, 0.282298340754, 0.185095408288, 0.0279790515868, 0.107499537127, 0.385131658238, 0.583399552545, 0.28223044204, 0.528841118011, 0.0617120989752, 0.183560447628, 0.428949238774, 0.00976642175122, 0.427677268527, 0.16930342562, 0.539213230159, 0.880304665873, 0.0131632896213, 0.866627054373, 0.0730862802135, 0.103216639268, 0.0632000418938, 0.0738940116947, 0.0194465775904, 0.251219584653, 0.728114007367, 0.265295613542, 0.2400818778, 2.4720828456
0.2400818778, 0.107150961098, 0.571219142871, 0.271173744067, 0.282298340754, 0.185095408288, 0.0279790515868, 0.107499537127, 0.385131658238, 0.583399552545, 0.28223044204, 0.528841118011, 0.0617120989752, 0.183560447628, 0.428949238774, 0.00976642175122, 0.427677268527, 0.16930342562, 0.539213230159, 0.880304665873, 0.0131632896213, 0.866627054373, 0.0730862802135, 0.103216639268, 0.0632000418938, 0.0738940116947, 0.0194465775904, 0.251219584653, 0.728114007367, 0.265295613542, 0.2400818778, 2.4720828456
0.00197957630382, 0.0294140090322, 0.677235588571, 0.0569311344433, 0.0537497009091, 0.213071410655, 0.0412052584824, 0.111586375072, 0.0217378642272, 0.321203999615, 0.251555677244, 0.531119792938, 0.734151591687, 0.0553235594942, 0.0873533671063, 0.096184656938, 0.272087354181, 0.000239343956357, 0.0236445702114, 0.526134761842, 0.0489134395742, 0.0938850368614, 0.0119997899389, 0.957154056748, 0.377472871163, 0.0738940116947, 0.335616046951, 0.420324240139, 0.364316686993, 0.992665077929, 0.00197957630382, 3.33219771062
0.262626983727, 0.623931753666, 0.0793141974537, 0.458170535364, 0.282298340754, 0.0601665314576, 0.00819514440314, 0.204157855747, 0.181254025745, 0.340041393106, 0.0328764085488, 0.0571637401505, 0.159266538303, 0.356966271391, 0.86232949244, 0.28029796538, 0.175970378436, 0.341182880177, 0.648261628133, 0.332337364523, 0.3933167637, 0.101734839195, 0.366637663313, 0.697121657861, 0.396435929118, 0.331456487983, 0.0226570828272, 0.174183306148, 0.027753085871, 0.06588580133, 0.262626983727, 2.30057692872
0.00197957630382, 0.0294140090322, 0.677235588571, 0.0569311344433, 0.0537497009091, 0.213071410655, 0.0412052584824, 0.111586375072, 0.0217378642272, 0.321203999615, 0.251555677244, 0.531119792938, 0.734151591687, 0.0553235594942, 0.0873533671063, 0.096184656938, 0.272087354181, 0.000239343956357, 0.0236445702114, 0.526134761842, 0.0489134395742, 0.0938850368614, 0.0119997899389, 0.957154056748, 0.377472871163, 0.0738940116947, 0.335616046951, 0.420324240139, 0.364316686993, 0.992665077929, 0.00197957630382, 3.33219771062
0.262626983727, 0.623931753666, 0.0793141974537, 0.458170535364, 0.282298340754, 0.0601665314576, 0.00819514440314, 0.204157855747, 0.181254025745, 0.340041393106, 0.0328764085488, 0.0571637401505, 0.159266538303, 0.356966271391, 0.86232949244, 0.28029796538, 0.175970378436, 0.341182880177, 0.648261628133, 0.332337364523, 0.3933167637, 0.101734839195, 0.366637663313, 0.697121657861, 0.396435929118, 0.331456487983, 0.0226570828272, 0.174183306148, 0.027753085871, 0.06588580133, 0.262626983727, 2.30057692872
0.62737890794, 0.174485814093, 0.0161684531085, 0.190479886286, 0.65586569729, 0.00606210780997, 0.195348099588, 0.670179251733, 0.0541575354581, 0.233505667048, 0.0832036614805, 0.433023979141, 0.0121136908784, 0.135418267951, 0.783231039156, 0.356144864692, 0.175970378436, 0.0780841760314, 0.59577001487, 0.0285015034363, 0.0697068381204, 0.313498792039, 0.214932202708, 0.413620778766, 0.14731703337, 0.174578358616, 0.00532947710507, 0.0584042660078, 0.433377007296, 0.161701527668, 0.62737890794, 1.25482078992
0.438194300129, 0.107150961098, 0.046747532566, 0.271173744067, 0.282298340754, 0.00840037369114, 0.00819514440314, 0.107499537127, 0.385131658238, 0.114406444117, 0.545777443908, 0.504610303435, 0.159266538303, 0.0919815488669, 0.428949238774, 0.0855832715142, 0.557833190367, 0.16930342562, 0.333620272056, 0.880304665873, 0.0131632896213, 0.774797302806, 0.132421992392, 0.151008808911, 0.342663024353, 0.0738940116947, 0.00532947710507, 0.0245781425712, 0.116922452077, 0.992851217121, 0.438194300129, 1.76655358343
0.262626983727, 0.205436003917, 0.0793141974537, 0.458170535364, 0.723792053219, 0.0933340885875, 0.00819514440314, 0.252150492432, 0.181254025745, 0.397071356604, 0.0342918279599, 0.0571637401505, 0.159266538303, 0.356966271391, 0.86232949244, 0.28029796538, 0.175970378436, 0.341182880177, 0.59577001487, 0.585284434685, 0.3933167637, 0.275399705937, 0.32956162639, 0.374200821182, 0.396435929118, 0.169372259515, 0.0226570828272, 0.174183306148, 0.099077345234, 0.0558508862966, 0.262626983727, 2.32092073664
0.640680569649, 0.116271622733, 0.739397896044, 0.630791663213, 0.189299426258, 0.00315755415341, 0.183520377952, 0.648221378586, 0.193858707582, 0.116629882165, 0.0224224709924, 0.0628102219172, 0.353207306865, 0.0919815488669, 0.216451773107, 0.100639210127, 0.143822590669, 0.127171904492, 0.828605327882, 0.0967857172177, 0.0697068381204, 0.313498792039, 0.588479212333, 0.000759488956476, 0.0950559384948, 0.393770838756, 0.337768439977, 0.0534821570992, 0.581207796789, 0.135104295774, 0.640680569649, 1.23804889104
0.62737890794, 0.174485814093, 0.0161684531085, 0.190479886286, 0.65586569729, 0.00606210780997, 0.195348099588, 0.670179251733, 0.0541575354581, 0.233505667048, 0.0832036614805, 0.433023979141, 0.0121136908784, 0.135418267951, 0.783231039156, 0.356144864692, 0.175970378436, 0.0780841760314, 0.59577001487, 0.0285015034363, 0.0697068381204, 0.313498792039, 0.214932202708, 0.413620778766, 0.14731703337, 0.174578358616, 0.00532947710507, 0.0584042660078, 0.433377007296, 0.161701527668, 0.62737890794, 1.25482078992
0.438194300129, 0.107150961098, 0.046747532566, 0.271173744067, 0.282298340754, 0.00840037369114, 0.00819514440314, 0.107499537127, 0.385131658238, 0.114406444117, 0.545777443908, 0.504610303435, 0.159266538303, 0.0919815488669, 0.428949238774, 0.0855832715142, 0.557833190367, 0.16930342562, 0.333620272056, 0.880304665873, 0.0131632896213, 0.774797302806, 0.132421992392, 0.151008808911, 0.342663024353, 0.0738940116947, 0.00532947710507, 0.0245781425712, 0.116922452077, 0.992851217121, 0.438194300129, 1.76655358343
0.262626983727, 0.205436003917, 0.0793141974537, 0.458170535364, 0.723792053219, 0.0933340885875, 0.00819514440314, 0.252150492432, 0.181254025745, 0.397071356604, 0.0342918279599, 0.0571637401505, 0.159266538303, 0.356966271391, 0.86232949244, 0.28029796538, 0.175970378436, 0.341182880177, 0.59577001487, 0.585284434685, 0.3933167637, 0.275399705937, 0.32956162639, 0.374200821182, 0.396435929118, 0.169372259515, 0.0226570828272, 0.174183306148, 0.099077345234, 0.0558508862966, 0.262626983727, 2.32092073664
0.640680569649, 0.116271622733, 0.739397896044, 0.630791663213, 0.189299426258, 0.00315755415341, 0.183520377952, 0.648221378586, 0.193858707582, 0.116629882165, 0.0224224709924, 0.0628102219172, 0.353207306865, 0.0919815488669, 0.216451773107, 0.100639210127, 0.143822590669, 0.127171904492, 0.828605327882, 0.0967857172177, 0.0697068381204, 0.313498792039, 0.588479212333, 0.000759488956476, 0.0950559384948, 0.393770838756, 0.337768439977, 0.0534821570992, 0.581207796789, 0.135104295774, 0.640680569649, 1.23804889104
0.0474028787163, 0.107150961098, 0.0793141974537, 0.541375276999, 0.65586569729, 0.0233480716293, 0.0326566397257, 0.505623947191, 0.117208440475, 0.14006428456, 0.0952152322813, 0.0144661522991, 0.172917013462, 0.00959320966303, 0.0145451903134, 0.0408890434298, 0.42945710818, 0.273237996034, 0.227094149856, 0.0447508427239, 0.136734328364, 0.0844986349745, 0.321993264056, 0.716510295316, 0.14731703337, 0.990571602365, 0.0624268330531, 0.112593268089, 0.277807272263, 0.0436552684408, 0.0474028787163, 2.56821476114
0.0359236018988, 0.107150961098, 0.0793141974537, 0.0539660692595, 0.140302862604, 0.217120894316, 0.0326566397257, 0.498403234319, 0.187293650961, 0.0774706629803, 0.721195892341, 0.0398701162717, 0.295837649357, 0.214602163816, 0.0145451903134, 0.0425105888169, 0.730203564454, 0.341182880177, 0.166032738457, 0.184648991469, 0.00475818938496, 0.48629469007, 0.459721751765, 0.417303266053, 0.00374597214656, 0.468566709471, 0.0599294893329, 0.112593268089, 0.0502937532592, 0.197130581757, 0.0359236018988, 2.62757294103
0.411232527531, 0.121780478587, 0.0793141974537, 0.0814169359654, 0.566824655916, 0.0634625431257, 0.0100682674573, 0.777340114473, 0.0201005208819, 0.233505667048, 0.545777443908, 0.433023979141, 0.173306358913, 0.488659253698, 0.946318474293, 0.304187479934, 0.175970378436, 0.341182880177, 0.711532551052, 0.0285015034363, 0.0697068381204, 0.0248645224838, 0.256524264485, 0.135677755194, 0.535186320458, 0.0212413359668, 0.00532947710507, 0.0534821570992, 0.433377007296, 0.0539887318402, 0.411232527531, 2.06474206144
0.0474028787163, 0.107150961098, 0.0793141974537, 0.541375276999, 0.65586569729, 0.0233480716293, 0.0326566397257, 0.505623947191, 0.117208440475, 0.14006428456, 0.0952152322813, 0.0144661522991, 0.172917013462, 0.00959320966303, 0.0145451903134, 0.0408890434298, 0.42945710818, 0.273237996034, 0.227094149856, 0.0447508427239, 0.136734328364, 0.0844986349745, 0.321993264056, 0.716510295316, 0.14731703337, 0.990571602365, 0.0624268330531, 0.112593268089, 0.277807272263, 0.0436552684408, 0.0474028787163, 2.56821476114
0.0359236018988, 0.107150961098, 0.0793141974537, 0.0539660692595, 0.140302862604, 0.217120894316, 0.0326566397257, 0.498403234319, 0.187293650961, 0.0774706629803, 0.721195892341, 0.0398701162717, 0.295837649357, 0.214602163816, 0.0145451903134, 0.0425105888169, 0.730203564454, 0.341182880177, 0.166032738457, 0.184648991469, 0.00475818938496, 0.48629469007, 0.459721751765, 0.417303266053, 0.00374597214656, 0.468566709471, 0.0599294893329, 0.112593268089, 0.0502937532592, 0.197130581757, 0.0359236018988, 2.62757294103
0.411232527531, 0.121780478587, 0.0793141974537, 0.0814169359654, 0.566824655916, 0.0634625431257, 0.0100682674573, 0.777340114473, 0.0201005208819, 0.233505667048, 0.545777443908, 0.433023979141, 0.173306358913, 0.488659253698, 0.946318474293, 0.304187479934, 0.175970378436, 0.341182880177, 0.711532551052, 0.0285015034363, 0.0697068381204, 0.0248645224838, 0.256524264485, 0.135677755194, 0.535186320458, 0.0212413359668, 0.00532947710507, 0.0534821570992, 0.433377007296, 0.0539887318402, 0.411232527531, 2.06474206144
0.0229756779378, 0.181095006881, 0.0573134964348, 0.0881131274147, 0.0669603901571, 0.0440004425536, 0.0412052584824, 0.0725506724943, 0.0153836731166, 0.219000146348, 0.144876258822, 0.0398701162717, 0.967911208516, 0.158152331471, 0.0298118679017, 0.0687289063879, 0.42945710818, 0.000119919446956, 0.0836374941158, 0.127651644933, 0.0489134395742, 0.293510534562, 0.057040382676, 0.874250529736, 0.377472871163, 0.0738940116947, 0.0821036908937, 0.542430131314, 0.453434981552, 0.992665077929, 0.0229756779378, 2.77781949495
0.0229756779378, 0.181095006881, 0.0573134964348, 0.0881131274147, 0.0669603901571, 0.0440004425536, 0.0412052584824, 0.0725506724943, 0.0153836731166, 0.219000146348, 0.144876258822, 0.0398701162717, 0.967911208516, 0.158152331471, 0.0298118679017, 0.0687289063879, 0.42945710818, 0.000119919446956, 0.0836374941158, 0.127651644933, 0.0489134395742, 0.293510534562, 0.057040382676, 0.874250529736, 0.377472871163, 0.0738940116947, 0.0821036908937, 0.542430131314, 0.453434981552, 0.992665077929, 0.0229756779378, 2.77781949495
0.292033479063, 0.0973125508658, 0.054925103181, 0.190479886286, 0.140302862604, 0.176571771936, 0.463485208638, 0.318612675647, 0.187293650961, 0.117215371085, 0.0300206936731, 0.237604661066, 0.06276281524, 0.214602163816, 0.0198577929877, 0.0687289063879, 0.42945710818, 0.341182880177, 0.59577001487, 0.737544566766, 0.00523090066719, 0.0844986349745, 0.065134124987, 0.680516932658, 0.201559826978, 0.990571602365, 0.036684350002, 0.0141376022067, 0.0713448448964, 0.709292783138, 0.292033479063, 2.22791678384
8.84391097744e-06, 0.0973125508658, 0.054925103181, 0.190479886286, 0.496733238967, 0.264222573933, 0.463485208638, 0.318612675647, 0.187293650961, 0.018260460632, 0.0129991872419, 0.237604661066, 0.06276281524, 0.292758613945, 0.0198577929877, 0.0687289063879, 0.814497128047, 0.219580770615, 0.916621931424, 0.741092348218, 0.00523090066719, 0.0844986349745, 0.321993264056, 0.680516932658, 0.595313020962, 0.567889384758, 0.0329541685252, 0.0141376022067, 0.0966435618025, 0.369428822454, 8.84391097744e-06, 3.55362820397
0.404908515542, 0.0973125508658, 0.160689631391, 0.120332440083, 0.496733238967, 0.176571771936, 0.256924200582, 0.219509336162, 0.187293650961, 0.00907321391127, 0.0129991872419, 0.237604661066, 0.06276281524, 0.214602163816, 0.0198577929877, 0.0687289063879, 0.814497128047, 0.341182880177, 0.59577001487, 0.737544566766, 0.00523090066719, 0.0844986349745, 0.321993264056, 0.680516932658, 0.422824083914, 0.963758385152, 0.0329541685252, 0.0141376022067, 0.0966435618025, 0.11610013683, 0.404908515542, 2.12222701395
0.292033479063, 0.0973125508658, 0.054925103181, 0.190479886286, 0.140302862604, 0.176571771936, 0.463485208638, 0.318612675647, 0.187293650961, 0.117215371085, 0.0300206936731, 0.237604661066, 0.06276281524, 0.214602163816, 0.0198577929877, 0.0687289063879, 0.42945710818, 0.341182880177, 0.59577001487, 0.737544566766, 0.00523090066719, 0.0844986349745, 0.065134124987, 0.680516932658, 0.201559826978, 0.990571602365, 0.036684350002, 0.0141376022067, 0.0713448448964, 0.709292783138, 0.292033479063, 2.22791678384
8.84391097744e-06, 0.0973125508658, 0.054925103181, 0.190479886286, 0.496733238967, 0.264222573933, 0.463485208638, 0.318612675647, 0.187293650961, 0.018260460632, 0.0129991872419, 0.237604661066, 0.06276281524, 0.292758613945, 0.0198577929877, 0.0687289063879, 0.814497128047, 0.219580770615, 0.916621931424, 0.741092348218, 0.00523090066719, 0.0844986349745, 0.321993264056, 0.680516932658, 0.595313020962, 0.567889384758, 0.0329541685252, 0.0141376022067, 0.0966435618025, 0.369428822454, 8.84391097744e-06, 3.55362820397
0.404908515542, 0.0973125508658, 0.160689631391, 0.120332440083, 0.496733238967, 0.176571771936, 0.256924200582, 0.219509336162, 0.187293650961, 0.00907321391127, 0.0129991872419, 0.237604661066, 0.06276281524, 0.214602163816, 0.0198577929877, 0.0687289063879, 0.814497128047, 0.341182880177, 0.59577001487, 0.737544566766, 0.00523090066719, 0.0844986349745, 0.321993264056, 0.680516932658, 0.422824083914, 0.963758385152, 0.0329541685252, 0.0141376022067, 0.0966435618025, 0.11610013683, 0.404908515542, 2.12222701395
0.00201848029076, 0.00727429018811, 0.0253632844357, 0.043886867726, 0.168361704946, 0.185095408288, 0.0402717459909, 0.546841367292, 0.716376063701, 0.000132066765329, 0.0342918279599, 0.0114373733204, 0.06276281524, 0.260840259036, 0.423659035726, 0.336734252059, 0.100166110157, 0.341182880177, 0.858855081401, 0.758354079628, 0.00523090066719, 0.363449701719, 0.00308584003796, 0.736627741147, 0.396435929118, 0.331456487983, 0.00351203905439, 0.112593268089, 0.0708714269522, 0.105797700036, 0.00201848029076, 3.10787643541
0.00201848029076, 0.00727429018811, 0.0253632844357, 0.043886867726, 0.168361704946, 0.185095408288, 0.0402717459909, 0.546841367292, 0.716376063701, 0.000132066765329, 0.0342918279599, 0.0114373733204, 0.06276281524, 0.260840259036, 0.423659035726, 0.336734252059, 0.100166110157, 0.341182880177, 0.858855081401, 0.758354079628, 0.00523090066719, 0.363449701719, 0.00308584003796, 0.736627741147, 0.396435929118, 0.331456487983, 0.00351203905439, 0.112593268089, 0.0708714269522, 0.105797700036, 0.00201848029076, 3.10787643541
0.62737890794, 0.174485814093, 0.046747532566, 0.190479886286, 0.65586569729, 0.00606210780997, 0.127580963048, 0.319921050543, 0.121657872947, 0.233505667048, 0.305969374793, 0.433023979141, 0.0121136908784, 0.191267522109, 0.783231039156, 0.887813691055, 0.2974399675, 0.0780841760314, 0.59577001487, 0.0285015034363, 0.0453298195353, 0.0798360472131, 0.214932202708, 0.413620778766, 0.14731703337, 0.174578358616, 0.281240379739, 0.0584042660078, 0.116922452077, 0.0286572606086, 0.62737890794, 1.29828087782
0.62737890794, 0.174485814093, 0.046747532566, 0.190479886286, 0.65586569729, 0.00606210780997, 0.127580963048, 0.319921050543, 0.121657872947, 0.233505667048, 0.305969374793, 0.433023979141, 0.0121136908784, 0.191267522109, 0.783231039156, 0.887813691055, 0.2974399675, 0.0780841760314, 0.59577001487, 0.0285015034363, 0.0453298195353, 0.0798360472131, 0.214932202708, 0.413620778766, 0.14731703337, 0.174578358616, 0.281240379739, 0.0584042660078, 0.116922452077, 0.0286572606086, 0.62737890794, 1.29828087782
0.834568287466, 0.718846175655, 0.578045357018, 0.752156113459, 0.158965758987, 0.00315755415341, 0.945840501549, 0.590243986221, 0.020637465624, 0.691485752381, 0.0224224709924, 0.264790894925, 0.353207306865, 0.0553235594942, 0.216451773107, 0.0247128728582, 0.143822590669, 0.867806334787, 0.597758838509, 0.0967857172177, 0.271754836596, 0.465124168921, 0.00338292380456, 0.00562601273893, 0.0361569611618, 0.0738940116947, 0.0105212958358, 0.0534821570992, 0.581207796789, 0.135104295774, 0.834568287466, 1.21352250963
0.834568287466, 0.718846175655, 0.578045357018, 0.752156113459, 0.158965758987, 0.00315755415341, 0.945840501549, 0.590243986221, 0.020637465624, 0.691485752381, 0.0224224709924, 0.264790894925, 0.353207306865, 0.0553235594942, 0.216451773107, 0.0247128728582, 0.143822590669, 0.867806334787, 0.597758838509, 0.0967857172177, 0.271754836596, 0.465124168921, 0.00338292380456, 0.00562601273893, 0.0361569611618, 0.0738940116947, 0.0105212958358, 0.0534821570992, 0.581207796789, 0.135104295774, 0.834568287466, 1.21352250963
0.404908515542, 0.0973125508658, 0.160689631391, 0.120332440083, 0.496733238967, 0.176571771936, 0.256924200582, 0.219509336162, 0.187293650961, 0.00907321391127, 0.0129991872419, 0.237604661066, 0.06276281524, 0.214602163816, 0.0198577929877, 0.0687289063879, 0.814497128047, 0.341182880177, 0.59577001487, 0.737544566766, 0.00523090066719, 0.0844986349745, 0.659808731917, 0.680516932658, 0.422824083914, 0.963758385152, 0.0329541685252, 0.0141376022067, 0.0966435618025, 0.11610013683, 0.404908515542, 2.20897947495
0.438194300129, 0.200920132706, 0.00552357879828, 0.682374557269, 0.511842565625, 0.185095408288, 0.00819514440314, 0.0241312923559, 0.161208550847, 0.397071356604, 0.28223044204, 0.504610303435, 0.00356831857597, 0.0919815488669, 0.428949238774, 0.114694711018, 0.484839054796, 0.46790124227, 0.174776786934, 0.956758855975, 0.000641484008826, 0.774797302806, 0.361680971634, 0.0569517958628, 0.407691433151, 0.0738940116947, 0.0624268330531, 0.032831612827, 0.628423026632, 0.197130581757, 0.438194300129, 1.91137885275
0.404908515542, 0.0973125508658, 0.160689631391, 0.120332440083, 0.496733238967, 0.176571771936, 0.256924200582, 0.219509336162, 0.187293650961, 0.00907321391127, 0.0129991872419, 0.237604661066, 0.06276281524, 0.214602163816, 0.0198577929877, 0.0687289063879, 0.814497128047, 0.341182880177, 0.59577001487, 0.737544566766, 0.00523090066719, 0.0844986349745, 0.659808731917, 0.680516932658, 0.422824083914, 0.963758385152, 0.0329541685252, 0.0141376022067, 0.0966435618025, 0.11610013683, 0.404908515542, 2.20897947495
0.438194300129, 0.200920132706, 0.00552357879828, 0.682374557269, 0.511842565625, 0.185095408288, 0.00819514440314, 0.0241312923559, 0.161208550847, 0.397071356604, 0.28223044204, 0.504610303435, 0.00356831857597, 0.0919815488669, 0.428949238774, 0.114694711018, 0.484839054796, 0.46790124227, 0.174776786934, 0.956758855975, 0.000641484008826, 0.774797302806, 0.361680971634, 0.0569517958628, 0.407691433151, 0.0738940116947, 0.0624268330531, 0.032831612827, 0.628423026632, 0.197130581757, 0.438194300129, 1.91137885275
0.000797597738981, 0.123552333286, 0.0573134964348, 0.0569311344433, 0.397008583588, 0.213071410655, 0.00666716505132, 0.0725506724943, 0.327852629247, 0.979461502949, 0.158102942346, 0.531119792938, 0.734151591687, 0.0553235594942, 0.0989692492267, 0.096184656938, 0.272087354181, 0.000157083934784, 0.0813203524269, 0.346745814919, 0.385260002366, 0.135272938656, 0.0119997899389, 0.820465109941, 0.377472871163, 0.0738940116947, 0.193054034727, 0.228233465341, 0.364316686993, 0.992665077929, 0.000797597738981, 3.48892589395
0.62737890794, 0.174485814093, 0.046747532566, 0.781769984743, 0.146965907867, 0.00606210780997, 0.388246586231, 0.326668851933, 0.0541575354581, 0.233505667048, 0.858383768938, 0.433023979141, 0.080941412271, 0.191267522109, 0.942727052742, 0.38619564052, 0.2974399675, 0.0780841760314, 0.093700302655, 0.0285015034363, 0.331572812237, 0.313498792039, 0.157251145943, 0.413620778766, 0.0766477226821, 0.174578358616, 0.00532947710507, 0.0584042660078, 0.0483320155685, 0.0286572606086, 0.62737890794, 1.32399813984
0.000797597738981, 0.123552333286, 0.0573134964348, 0.0569311344433, 0.397008583588, 0.213071410655, 0.00666716505132, 0.0725506724943, 0.327852629247, 0.979461502949, 0.158102942346, 0.531119792938, 0.734151591687, 0.0553235594942, 0.0989692492267, 0.096184656938, 0.272087354181, 0.000157083934784, 0.0813203524269, 0.346745814919, 0.385260002366, 0.135272938656, 0.0119997899389, 0.820465109941, 0.377472871163, 0.0738940116947, 0.193054034727, 0.228233465341, 0.364316686993, 0.992665077929, 0.000797597738981, 3.48892589395
0.62737890794, 0.174485814093, 0.046747532566, 0.781769984743, 0.146965907867, 0.00606210780997, 0.388246586231, 0.326668851933, 0.0541575354581, 0.233505667048, 0.858383768938, 0.433023979141, 0.080941412271, 0.191267522109, 0.942727052742, 0.38619564052, 0.2974399675, 0.0780841760314, 0.093700302655, 0.0285015034363, 0.331572812237, 0.313498792039, 0.157251145943, 0.413620778766, 0.0766477226821, 0.174578358616, 0.00532947710507, 0.0584042660078, 0.0483320155685, 0.0286572606086, 0.62737890794, 1.32399813984
0.0229756779378, 0.473945456717, 0.0573134964348, 0.249640798329, 0.628431712565, 0.213071410655, 0.0412052584824, 0.0725506724943, 0.00525798758132, 0.321203999615, 0.0036344243284, 0.116602339063, 0.609685926332, 0.0553235594942, 0.0298118679017, 0.096184656938, 0.272087354181, 0.000239343956357, 0.137826046586, 0.656866676811, 0.0489134395742, 0.144459835717, 0.057040382676, 0.280342856765, 0.377472871163, 0.0738940116947, 0.193054034727, 0.420324240139, 0.050185705951, 0.992665077929, 0.0229756779378, 2.79197642503
0.0229756779378, 0.473945456717, 0.0573134964348, 0.249640798329, 0.628431712565, 0.213071410655, 0.0412052584824, 0.0725506724943, 0.00525798758132, 0.321203999615, 0.0036344243284, 0.116602339063, 0.609685926332, 0.0553235594942, 0.0298118679017, 0.096184656938, 0.272087354181, 0.000239343956357, 0.137826046586, 0.656866676811, 0.0489134395742, 0.144459835717, 0.057040382676, 0.280342856765, 0.377472871163, 0.0738940116947, 0.193054034727, 0.420324240139, 0.050185705951, 0.992665077929, 0.0229756779378, 2.79197642503
0.00449277392888, 0.0359298643572, 0.0253632844357, 0.0352697970574, 0.168361704946, 0.185095408288, 0.243589958881, 0.381919661597, 0.418362884244, 0.000132066765329, 0.0342918279599, 0.0114373733204, 0.06276281524, 0.260840259036, 0.423659035726, 0.336734252059, 0.0121759599932, 0.341182880177, 0.858855081401, 0.570266380831, 0.00523090066719, 0.363449701719, 0.00308584003796, 0.736627741147, 0.396435929118, 0.162306110984, 0.917424378865, 0.098127381965, 0.0708714269522, 0.248537826602, 0.00449277392888, 3.17675740783
0.2400818778, 0.107150961098, 0.0577423656702, 0.271173744067, 0.282298340754, 0.185095408288, 0.0412052584824, 0.497582111125, 0.385131658238, 0.845322571402, 0.28223044204, 0.504610303435, 0.0617120989752, 0.277408494386, 0.0358646714821, 0.0247128728582, 0.08899042359, 0.16930342562, 0.539213230159, 0.880304665873, 0.0131632896213, 0.774797302806, 0.0730862802135, 0.0164080159022, 0.0632000418938, 0.0738940116947, 0.0503704523768, 0.251219584653, 0.728114007367, 0.990742200967, 0.2400818778, 2.49434225617
0.00449277392888, 0.0359298643572, 0.0253632844357, 0.0352697970574, 0.168361704946, 0.185095408288, 0.243589958881, 0.381919661597, 0.418362884244, 0.000132066765329, 0.0342918279599, 0.0114373733204, 0.06276281524, 0.260840259036, 0.423659035726, 0.336734252059, 0.0121759599932, 0.341182880177, 0.858855081401, 0.570266380831, 0.00523090066719, 0.363449701719, 0.00308584003796, 0.736627741147, 0.396435929118, 0.162306110984, 0.917424378865, 0.098127381965, 0.0708714269522, 0.248537826602, 0.00449277392888, 3.17675740783
0.2400818778, 0.107150961098, 0.0577423656702, 0.271173744067, 0.282298340754, 0.185095408288, 0.0412052584824, 0.497582111125, 0.385131658238, 0.845322571402, 0.28223044204, 0.504610303435, 0.0617120989752, 0.277408494386, 0.0358646714821, 0.0247128728582, 0.08899042359, 0.16930342562, 0.539213230159, 0.880304665873, 0.0131632896213, 0.774797302806, 0.0730862802135, 0.0164080159022, 0.0632000418938, 0.0738940116947, 0.0503704523768, 0.251219584653, 0.728114007367, 0.990742200967, 0.2400818778, 2.49434225617
0.033839339195, 0.00727429018811, 0.0107427734252, 0.556457393574, 0.045797512136, 0.016247509632, 0.0326566397257, 0.631324184576, 0.046997896831, 0.018260460632, 0.671111321815, 0.0398701162717, 0.295837649357, 0.214602163816, 0.000843665454332, 0.0687289063879, 0.168720747661, 0.504627191364, 0.107869233135, 0.737544566766, 0.0106562797125, 0.0844986349745, 0.0998487396041, 0.417303266053, 0.494337390299, 0.908305612478, 0.159525836668, 0.112593268089, 0.197371460584, 0.197130581757, 0.033839339195, 2.77314167481
0.033839339195, 0.00727429018811, 0.0107427734252, 0.556457393574, 0.045797512136, 0.016247509632, 0.0326566397257, 0.631324184576, 0.046997896831, 0.018260460632, 0.671111321815, 0.0398701162717, 0.295837649357, 0.214602163816, 0.000843665454332, 0.0687289063879, 0.168720747661, 0.504627191364, 0.107869233135, 0.737544566766, 0.0106562797125, 0.0844986349745, 0.0998487396041, 0.417303266053, 0.494337390299, 0.908305612478, 0.159525836668, 0.112593268089, 0.197371460584, 0.197130581757, 0.033839339195, 2.77314167481
2.16504098041e-05, 0.123552333286, 0.00809001259979, 0.489303793336, 0.16136881397, 0.923725183009, 0.388246586231, 0.00317648291268, 0.0272489512453, 0.0774706629803, 0.162084137798, 0.788478508584, 0.173306358913, 0.260840259036, 0.000985181723007, 0.820254343567, 0.814497128047, 0.00943414598259, 0.166032738457, 0.406278325037, 0.0822786369786, 0.301685200936, 0.242717935692, 0.545444885306, 0.541039659033, 0.339052800147, 0.84218601637, 0.620468613419, 0.951246924551, 0.0052733316137, 2.16504098041e-05, 4.17950806554
0.000254847643674, 0.174485814093, 0.00809001259979, 0.537697262812, 0.372322829768, 0.0107945326348, 0.388246586231, 0.0462322006495, 0.0541575354581, 0.760304063914, 0.158102942346, 0.811735164915, 0.0901254074432, 0.542696532533, 0.783231039156, 0.0193733206835, 0.866881842139, 0.281338198309, 0.59577001487, 0.71523363249, 0.0822786369786, 0.313498792039, 0.214932202708, 0.000142089655802, 0.041425796007, 0.484857048543, 0.00215246102528, 0.234217782807, 0.100843127312, 0.0697647484574, 0.000254847643674, 3.688122136
