0.0, 0.360889114989, 0.907577226866, 0.124453485232, 0.791274258396, 0.179680987457, 0.659218989256, 0.0892565251037, 0.0386921049109, 0.273472907838, 0.26819005292, 0.0864834459454, 0.374299460227, 0.77909462435, 0.974676577936, 1.0, 1.0, 0.00218333447932, 0.759069335103, 0.137430513396, 0.179871253254, 0.427150196452, 0.119992908492, 0.131546156059, 0.0, 0.360889114989, 0.907577226866, 0.124453485232, 28.1756797593
0.282985008279, 0.254479039446, 0.248996325871, 0.795053029983, 0.635098544216, 0.437664943346, 0.672561205779, 0.223683645801, 0.140818697059, 0.236338511581, 0.231939963777, 0.496842622821, 0.212399212464, 0.710958496794, 0.394235896957, 0.0822646716515, 0.854127912217, 0.556898605702, 0.0267250619469, 0.744346963825, 0.244298033878, 0.875828911753, 0.0501676555148, 0.942268000403, 0.282985008279, 0.254479039446, 0.248996325871, 0.795053029983, 29.1345547819
0.525947221245, 0.230506318297, 0.0646513457453, 0.0741989524155, 0.0328572259686, 0.0665334438082, 0.0610398013655, 0.265459126361, 0.0, 0.913662097382, 0.287898191131, 0.420720241091, 0.160517475544, 0.13953567069, 0.0692576905935, 0.0, 0.331682135159, 0.854995044754, 0.890526981756, 0.258788414515, 0.945362473563, 0.791874660855, 0.396460912312, 0.0629396504662, 0.525947221245, 0.230506318297, 0.0646513457453, 0.0741989524155, 25.5130384811
0.363358952355, 0.0, 0.251321155898, 0.0400404390089, 0.842801333759, 0.44141987913, 0.0608229915612, 0.469414964128, 0.665474360785, 0.905050586351, 0.463519539249, 1.0, 0.0932822430944, 0.381422986304, 0.820833948449, 0.717165035346, 0.282037667948, 0.369367463391, 0.175389725241, 0.70429479946, 0.25202469056, 0.643954629281, 0.468495811279, 0.616781466138, 0.363358952355, 0.0, 0.251321155898, 0.0400404390089, 33.1675610882
0.674981817041, 0.561654775976, 0.134333791764, 0.0, 0.100096362901, 0.245981012096, 0.68375622226, 0.51344543903, 0.54226605094, 0.288325285412, 0.0416960391553, 0.663738647949, 0.48400234466, 0.433211237058, 0.877202143877, 0.0734468266902, 0.407724825438, 0.444763457566, 0.7281050534, 0.0, 0.827095792633, 0.867143690462, 0.853083237175, 0.90619114038, 0.674981817041, 0.561654775976, 0.134333791764, 0.0, 32.2112320982
0.261104986919, 0.136420152542, 0.643443505146, 0.173693319558, 0.0163503434438, 0.0946800978281, 0.0728320381157, 0.391855152426, 0.0, 0.190333887985, 0.548354732128, 0.0888808844114, 0.52518662057, 0.226942433085, 0.398814172128, 0.999720682945, 0.899217561506, 0.493299568111, 0.658648639552, 1.0, 0.6510409071, 0.0, 0.83704863489, 0.907448333475, 0.261104986919, 0.136420152542, 0.643443505146, 0.173693319558, 29.918546669
0.2772616215, 0.953902856352, 0.412408901198, 0.503056525982, 0.090408390678, 0.132906395657, 0.948809169954, 0.640440516279, 0.914568342736, 0.300285684602, 0.235387680613, 0.236735564234, 0.961987210737, 0.197575414666, 0.635960777501, 0.401864573597, 0.513720591961, 0.880088768676, 0.0115388651268, 0.963617345413, 0.973040512215, 0.645298315697, 0.83343586094, 0.0171638073251, 0.2772616215, 0.953902856352, 0.412408901198, 0.503056525982, 33.2564921053
0.815552896961, 0.00589294106756, 0.233434571725, 0.0, 0.751767043369, 0.629688543808, 0.063186589108, 0.0, 0.0231397480206, 0.0, 0.4065597426, 0.797661946311, 0.969893993836, 0.605216379167, 0.960655818338, 0.19229547278, 0.0199468921107, 0.247461898985, 0.54331355512, 1.0, 0.496247039641, 0.0891831706572, 0.320879931815, 0.606459800225, 0.815552896961, 0.00589294106756, 0.233434571725, 0.0, 29.1934222238
0.835609915366, 0.249087111042, 0.400037948402, 0.839763741614, 0.509968850793, 0.702205160483, 0.0, 0.63240096124, 0.479100663106, 0.743525095184, 0.0, 0.924282626829, 0.0, 1.0, 0.193179479283, 0.0128516133921, 1.0, 0.588084847801, 0.468427858756, 0.726437561803, 0.0118239857269, 0.51557708135, 0.481147525472, 0.391770211642, 0.835609915366, 0.249087111042, 0.400037948402, 0.839763741614, 30.2380801552
0.0774337228938, 0.776194361765, 0.37450468411, 0.208231644419, 0.649269706613, 0.615226648784, 0.476983466544, 0.0960397375551, 0.955861039289, 0.589828728992, 0.523488006122, 0.401725240097, 0.425559847793, 0.124020306053, 1.0, 0.506935963256, 0.0692202324374, 0.557448677721, 0.740133457366, 0.739988666612, 0.211959759299, 0.796775727274, 0.805590718386, 0.279740418593, 0.0774337228938, 0.776194361765, 0.37450468411, 0.208231644419, 33.2550555701
0.787301290958, 0.200111361513, 0.81737110774, 0.0804464090135, 0.790621173227, 0.507016492208, 0.950255834786, 0.0238633823198, 0.696269626853, 0.0231629507702, 0.639369292485, 0.868957904442, 0.929598687069, 0.0, 0.131899510581, 0.797599466408, 0.0698666256344, 0.127495415186, 0.139688527855, 0.365478332998, 0.411305473969, 0.523326954771, 0.10273635158, 0.831261787941, 0.787301290958, 0.200111361513, 0.81737110774, 0.0804464090135, 29.3072559942
0.640380688546, 0.186575835107, 0.717226603879, 0.245945283075, 0.656698955472, 0.658552084724, 0.412482284393, 0.525377953121, 0.153360999282, 0.71795487255, 0.264152944877, 0.351878020397, 0.0329781917729, 0.905795211596, 0.150109828401, 0.575666505353, 0.828283752639, 0.077409324471, 0.740820041366, 0.601296027128, 0.375059364266, 0.706154114465, 1.0, 0.965857588625, 0.640380688546, 0.186575835107, 0.717226603879, 0.245945283075, 33.5246771621
0.921353699837, 0.0478647185491, 0.721545918671, 0.655055099941, 0.969770813134, 0.332358617353, 0.534665269645, 0.352322029661, 0.807715744228, 0.38201459804, 0.386234238525, 0.680793347023, 0.0325824461516, 0.650374743788, 0.0, 0.292274632876, 0.475193898207, 0.19145808904, 0.581086507267, 0.541340323624, 0.377611468399, 0.45597212007, 0.189082891781, 0.510392419375, 0.921353699837, 0.0478647185491, 0.721545918671, 0.655055099941, 28.9767601429
0.96435968836, 0.0460418561023, 0.167521642844, 0.478613162195, 0.0149204352178, 0.529239235358, 0.732164987613, 0.784245834379, 0.0, 0.177547345211, 0.359140546709, 0.601007459091, 0.231066885703, 0.316040731718, 0.242598578957, 0.38706500594, 1.0, 0.13628820905, 0.238407303891, 0.589902863863, 0.354790977619, 0.341314741689, 0.242095322375, 0.770061780364, 0.96435968836, 0.0460418561023, 0.167521642844, 0.478613162195, 27.7633409085
0.768986789957, 0.637428370697, 0.219479424191, 0.212813997034, 0.87939519544, 0.785583070879, 0.273125482781, 0.18528415849, 0.146294095336, 0.226675914273, 1.0, 0.630119061087, 0.995181562707, 0.944151285199, 0.632433138583, 0.669947270385, 0.0178635693264, 0.429889238213, 0.113327486929, 0.838900685978, 0.230402357154, 0.0856125067224, 0.620376151097, 0.791834224192, 0.768986789957, 0.637428370697, 0.219479424191, 0.212813997034, 32.9888785193
0.69514194261, 0.844127638738, 0.0992507987054, 0.907537852991, 0.146298556504, 0.870998313567, 0.751942274483, 0.155722488365, 0.284016618774, 0.352458424216, 0.318194244729, 0.284885291536, 0.253052833806, 0.574389109406, 0.478386177357, 0.876091071855, 0.11934461808, 0.792078890519, 0.232058301751, 0.445789576052, 0.146494224086, 0.940154314499, 0.0587588845399, 0.422151689373, 0.69514194261, 0.844127638738, 0.0992507987054, 0.907537852991, 28.2226659777
0.525277957585, 0.295966502312, 0.251055379934, 0.897983568969, 0.393505602278, 0.90519927058, 0.430970000423, 0.584566383594, 0.765723055787, 0.724551468975, 0.0907953651584, 0.720474644322, 0.364396834929, 0.98082931028, 0.849977977671, 0.523232389993, 0.193919371418, 0.688798617171, 0.881737862604, 0.226787356372, 0.388500034826, 0.849090163225, 0.115179495112, 0.79318126418, 0.525277957585, 0.295966502312, 0.251055379934, 0.897983568969, 35.20306404
0.485056658441, 0.370741561478, 1.0, 0.0, 0.813541058418, 0.90406100309, 0.658042203473, 0.502314669023, 0.0726935027414, 0.963527323627, 0.147241368596, 0.581022241366, 0.187240922415, 0.62079894698, 1.0, 0.468611744467, 0.94522052743, 0.364353988378, 0.549278484887, 0.1611288948, 0.160434517749, 0.0, 0.0, 0.884928459852, 0.485056658441, 0.370741561478, 1.0, 0.0, 32.1807030559
0.0286607521947, 0.055038083793, 0.994228474543, 0.0, 0.0362753299784, 0.366957503374, 0.362540498212, 0.0706497916469, 0.423050435973, 0.0, 0.0543383960615, 0.354949288308, 0.888255959335, 0.433395235925, 0.629068050657, 0.279506577726, 0.0382992706657, 0.769001902418, 0.960677190297, 0.319798759559, 0.822929847586, 0.430840592093, 0.532020130923, 0.594413511457, 0.0286607521947, 0.055038083793, 0.994228474543, 0.0, 28.5833808139
0.0389205840662, 0.277335899287, 0.591050549981, 0.17438360853, 0.408649359073, 0.51558449839, 0.46592333989, 0.806684030741, 0.0549623704566, 0.73944299795, 0.576499793764, 0.66072208421, 0.0779877510032, 0.0977982420136, 0.148098180363, 0.652954929165, 0.817673946836, 0.344977691841, 0.85230034868, 0.126370154016, 0.791112037856, 0.0815215141657, 0.696380286371, 0.244393158057, 0.0389205840662, 0.277335899287, 0.591050549981, 0.17438360853, 30.3874289355
0.156107397585, 0.730483201892, 0.874730223446, 0.420485034402, 0.484565920236, 1.0, 0.593392796305, 1.0, 0.7170766078, 0.0445154321541, 0.183130168408, 0.324543271681, 0.673988724619, 0.659588787073, 0.692825861694, 0.0722012205033, 1.0, 0.70701924924, 0.299348648555, 0.627103932464, 0.772557982031, 0.302316083201, 0.782907557573, 0.358176276817, 0.156107397585, 0.730483201892, 0.874730223446, 0.420485034402, 34.6224241427
0.439311951744, 0.0, 0.132055142817, 0.0211365602344, 0.794105083895, 0.127678532756, 0.248934253651, 1.0, 0.678174261761, 0.65611714586, 1.0, 0.54809934268, 1.0, 0.523161772424, 0.150805114334, 0.247138948075, 0.386867494016, 1.0, 0.528845095915, 0.280109514119, 0.703725633303, 0.895267387254, 0.962535002824, 0.961983169873, 0.439311951744, 0.0, 0.132055142817, 0.0211365602344, 38.4690161814
0.0411774005927, 0.320528731563, 0.975702950287, 0.46824716618, 0.779187804274, 0.425789668766, 0.157692464141, 0.0, 0.530458370736, 0.052750464406, 0.160194374178, 0.791233501577, 1.0, 0.15007921918, 0.737979682441, 0.553343224125, 0.881707826116, 0.421190544499, 0.663061496721, 0.541499565844, 0.671896140681, 0.353601619135, 0.0, 0.574248032771, 0.0411774005927, 0.320528731563, 0.975702950287, 0.46824716618, 30.8918002289
0.10059244581, 0.220611948961, 0.549539506354, 0.113138829071, 0.803486642538, 0.492176444997, 0.402351001568, 0.604382973658, 0.0181204511677, 0.10237008947, 0.611285278823, 0.720831068374, 0.284120801993, 0.547179524351, 0.525158709591, 0.997348207775, 0.286950154763, 0.458170536187, 0.505602853147, 0.621266303363, 0.701624816696, 0.460817048972, 1.0, 0.957066563696, 0.10059244581, 0.220611948961, 0.549539506354, 0.113138829071, 34.7666216798
0.0, 0.0, 0.583748545987, 0.491363900416, 1.0, 1.0, 0.361154667513, 0.385584996962, 0.492600849575, 0.727342964883, 0.692678744297, 0.511678234901, 0.262337287636, 0.223704121146, 0.194238360331, 0.169869687207, 0.482779959995, 0.1501927281, 0.229937997936, 0.651802988364, 0.18646973898, 0.733839105153, 0.584290918035, 0.00680190287908, 0.0, 0.0, 0.583748545987, 0.491363900416, 30.3187560872
0.841341862556, 0.0, 0.757127850164, 0.604519868443, 0.954019105589, 0.375951970014, 0.658179274766, 0.543508276135, 0.0, 0.134152351726, 0.257637505121, 0.887362348109, 0.762577078771, 0.672913889275, 0.0, 0.0, 0.772294830389, 0.0, 0.225904466465, 0.612260284389, 0.122324703725, 0.166579829739, 0.780045256785, 0.123158556009, 0.841341862556, 0.0, 0.757127850164, 0.604519868443, 27.4428039134
0.471585408729, 0.826444107379, 0.559235209629, 0.387921945581, 0.0, 0.092740913017, 0.912211487929, 0.738780281732, 0.559943366084, 0.877393217085, 0.702049364953, 0.936222670723, 0.894865416437, 0.457683907404, 0.813264706183, 0.38386538581, 0.576169141509, 0.00201463722376, 0.46881607932, 0.0208969709598, 0.909764830432, 0.666316121515, 0.531681232452, 0.563885949833, 0.471585408729, 0.826444107379, 0.559235209629, 0.387921945581, 34.5236664991
0.397576162963, 0.994442043849, 0.926902556774, 0.933161528601, 0.534849326721, 0.229682851061, 0.0, 0.637941744974, 0.0, 0.906957278884, 0.617664877841, 0.0937415340928, 0.0338755134072, 0.700412566206, 0.556713317473, 0.973672992907, 0.24848613944, 0.00221543357908, 0.404855764821, 0.0680138963796, 0.142509063828, 0.0837880216418, 0.717585082262, 1.0, 0.397576162963, 0.994442043849, 0.926902556774, 0.933161528601, 27.0411631881
0.148021941784, 0.404468538768, 0.226246113647, 0.797611792272, 0.0459220633004, 0.865699664638, 0.22043650191, 0.0826547545529, 0.955735853535, 0.74629007286, 0.399452389698, 0.691306059783, 0.26806646616, 0.299660755729, 0.324431601868, 0.103576843541, 0.024900432771, 0.629561885898, 0.837635215506, 0.252224151498, 0.916155293096, 0.0970341231408, 0.982565666981, 0.973080793257, 0.148021941784, 0.404468538768, 0.226246113647, 0.797611792272, 31.3194471751
0.882780091141, 0.142107765453, 0.184088802991, 0.693435894789, 0.0, 0.161017682072, 0.181406643893, 0.763347311047, 0.285939563888, 0.313860781247, 0.0, 0.718826499948, 0.873549767266, 0.241775159176, 0.29525904733, 0.447548228642, 0.0582469377501, 0.624146722022, 0.0742714689732, 0.184298035812, 0.376126445607, 0.884418360325, 0.652043363284, 0.849395494947, 0.882780091141, 0.142107765453, 0.184088802991, 0.693435894789, 27.3218793169
0.458093369118, 0.480183113613, 0.532992854472, 0.00579365361696, 0.0664407190744, 0.35202069642, 0.919547608111, 0.714363274827, 0.155967324491, 0.263811728125, 0.723817554617, 0.971487064497, 0.118123178729, 0.47606361398, 0.429649367449, 0.476065235355, 0.331832808319, 0.20347957972, 0.823635943638, 0.226402173197, 0.682721334764, 0.816490819256, 0.759749034801, 0.0891689834377, 0.458093369118, 0.480183113613, 0.532992854472, 0.00579365361696, 31.5850830166
0.704837962016, 0.542818700085, 0.290007796693, 0.577734147114, 0.0741775597023, 0.284031358605, 0.745223678894, 0.156498972105, 0.287929413373, 0.381080274418, 0.66028504949, 0.335697839267, 0.402214348785, 0.200408342642, 0.228415885912, 0.915516706125, 0.790934247675, 0.995860128857, 0.689206151491, 0.920527200408, 0.0167756358234, 0.498548303599, 0.247804171748, 0.299814518058, 0.704837962016, 0.542818700085, 0.290007796693, 0.577734147114, 30.2077797126
0.491926703902, 0.0651112042257, 0.0237150220039, 0.892916911436, 0.737795045788, 0.0710546035723, 0.966599939428, 0.588564587394, 0.892436388954, 0.475327685886, 0.297461030636, 0.79147631153, 0.584267802429, 0.806664240582, 0.698846452919, 0.370985203054, 0.593798921368, 0.523538212243, 0.893981457623, 0.0, 0.664865688108, 0.148640297816, 0.911343709993, 0.703355963861, 0.491926703902, 0.0651112042257, 0.0237150220039, 0.892916911436, 35.92951955
0.0872522247218, 0.450420316029, 0.653519987805, 0.721570487083, 0.780979844438, 0.160315023186, 1.0, 0.302613208348, 0.852934274232, 0.893902625497, 0.909388810666, 0.0, 0.444998082944, 0.900194761841, 0.754103577709, 0.436474870761, 0.14405818702, 0.614509890796, 0.479485447436, 0.332288132149, 0.0803711624913, 0.248886043806, 0.254232397045, 0.870971815564, 0.0872522247218, 0.450420316029, 0.653519987805, 0.721570487083, 33.1041786785
0.448230944536, 0.0517452276821, 0.418425441431, 0.620476274269, 0.346677564669, 0.370035509455, 0.0, 0.384253836269, 0.407113918653, 0.0169704418807, 0.525940772924, 0.343287987834, 0.325743736151, 0.418154650857, 0.612341300523, 0.90816091963, 0.470996422866, 0.438822107182, 1.0, 0.396010500264, 0.746099006108, 0.052704844677, 0.448140398729, 0.767924196526, 0.448230944536, 0.0517452276821, 0.418425441431, 0.620476274269, 30.0733110741
1.0, 0.206215036061, 0.958607452517, 0.0, 0.882421074165, 0.161033444745, 0.0983533426256, 0.794287524268, 0.0, 0.542984152714, 0.793487932858, 0.990260332407, 0.0, 0.0063536850884, 0.884510963476, 0.156717883401, 0.363001586224, 0.829268221162, 0.222464278231, 0.704403666672, 0.0369215414463, 0.643114120113, 0.820841834837, 0.00547307487368, 1.0, 0.206215036061, 0.958607452517, 0.0, 29.5209937803
0.506687807766, 0.0, 0.154535991188, 0.621607035967, 0.365119418733, 0.213202061777, 0.279962764201, 0.0146792850205, 0.372984043833, 0.104718518846, 0.56619037458, 1.0, 0.652725087343, 0.508552403693, 1.0, 0.650296436065, 0.847167149227, 0.658978842789, 0.465193158814, 0.272433394556, 0.347722650458, 0.983610547025, 0.900138981746, 0.353139711449, 0.506687807766, 0.0, 0.154535991188, 0.621607035967, 33.5944487666
0.746911050459, 0.417507770357, 0.10741229958, 0.211835461864, 0.496141597573, 0.683251600106, 0.696844659141, 0.749957732471, 0.093441897152, 0.0881549411236, 0.247847246567, 0.0709814637046, 0.114350547361, 0.605687044353, 0.710082056445, 0.373612773634, 0.88638951355, 0.147507504004, 0.232221416927, 0.751763939411, 0.310425779465, 0.575215072292, 0.590406516521, 0.525247507713, 0.746911050459, 0.417507770357, 0.10741229958, 0.211835461864, 29.7100667806
0.765205485326, 0.176950715086, 0.959732904157, 0.0, 0.158763029029, 0.194179074133, 0.483565768521, 0.619318308958, 0.188434430489, 0.954201926158, 0.0, 0.144327098355, 0.284814288696, 0.305839245657, 0.679666633109, 0.103363987796, 0.475261399116, 0.62894927276, 0.409023859846, 0.834403786818, 0.0666233243521, 0.674643131745, 1.0, 0.945290667599, 0.765205485326, 0.176950715086, 0.959732904157, 0.0, 29.9261847331
0.189928943999, 0.77760967538, 0.20374359491, 0.502825258705, 0.351572923566, 0.0, 0.514020546606, 0.0139220069565, 0.71270020019, 0.273087218105, 0.0498005327715, 0.143803021412, 0.56623737878, 0.608492585883, 0.907649931519, 0.266456215272, 0.987660720394, 1.0, 0.632996780875, 0.123391097645, 0.266135405516, 0.510347254236, 0.520582115573, 0.919742279558, 0.189928943999, 0.77760967538, 0.20374359491, 0.502825258705, 30.5900475607
0.47230381707, 0.940862187155, 0.236805527746, 0.236673859751, 0.00578245594911, 0.937945769463, 0.419557050435, 0.329255384787, 0.742851853786, 0.22055795322, 0.306505045079, 0.582096547407, 0.542622113708, 0.693765168333, 0.419649655688, 0.524055454072, 0.222606622302, 0.304768091192, 0.137214105625, 0.12637461906, 0.6449390708, 0.0402256683769, 0.669121088986, 0.15653849678, 0.47230381707, 0.940862187155, 0.236805527746, 0.236673859751, 27.5916236794
0.181068951982, 0.501647568645, 0.218600699208, 0.445793031281, 0.0320072195828, 0.285005887087, 0.0255359016267, 0.977791977016, 0.261008775648, 0.776415271195, 0.526680273238, 0.432655019119, 0.721062186119, 0.142711591546, 0.944427274186, 0.283890202278, 0.922546147228, 0.97049901006, 0.855093158683, 0.573895337971, 0.745592070637, 0.720300683554, 0.399388747853, 0.73403625179, 0.181068951982, 0.501647568645, 0.218600699208, 0.445793031281, 35.2914865686
0.0, 0.766302332329, 0.14480047304, 0.591409358901, 0.463173516359, 0.729936895343, 0.844886155543, 1.0, 0.338987437018, 0.221360899031, 0.0, 0.464272644616, 0.0287936387229, 0.985238245156, 0.256890951979, 0.805196364329, 0.240448884655, 0.683133781178, 0.0701931775124, 0.580369790077, 0.425802985629, 0.729655804452, 0.682720056568, 0.303809213076, 0.0, 0.766302332329, 0.14480047304, 0.591409358901, 31.7485920618
0.125411551519, 0.715630971842, 0.925596162791, 0.145284095183, 0.191753181359, 0.924782736135, 0.0545697723458, 0.475269300173, 0.0113523667176, 0.261076616526, 0.659871762234, 0.591368550576, 0.977519654654, 0.0691244463397, 0.0422173422503, 0.281080593619, 0.646494598977, 0.652482156857, 0.498845874432, 0.308014456698, 0.811964936614, 0.711156486708, 0.854163899689, 0.00895275843706, 0.125411551519, 0.715630971842, 0.925596162791, 0.145284095183, 29.6552581429
0.346197492554, 0.0, 0.0115212537895, 0.279143485952, 0.910888524897, 0.34345789306, 0.54839491902, 0.326636027285, 0.200538272902, 0.305830088819, 0.0, 0.320283687795, 0.680849179062, 0.145425973642, 0.483975247691, 0.0, 1.0, 0.110396313638, 0.0, 0.716279764002, 0.0471557770839, 0.0184634808682, 0.634238295574, 0.414687079992, 0.346197492554, 0.0, 0.0115212537895, 0.279143485952, 26.0758598365
0.0515281410394, 0.15612980615, 0.372553664342, 0.239618759716, 0.115514166924, 0.343723965281, 0.37880735283, 0.320245975042, 1.0, 0.498751150946, 0.02030112303, 0.250434662588, 0.0, 0.715654980917, 0.837411586154, 0.763225622661, 0.993740251991, 0.951965737966, 0.507142422811, 0.0340909291442, 0.2665290259, 0.149440407332, 0.439677705225, 0.48289006263, 0.0515281410394, 0.15612980615, 0.372553664342, 0.239618759716, 30.1791309851
0.726423625017, 0.0854424744162, 0.687299888736, 0.0, 0.0, 0.16376181578, 1.0, 0.0810791719879, 0.229678525641, 0.0, 0.540737941295, 0.253286139942, 0.0, 1.0, 0.936705938614, 0.383320406967, 0.00489804519776, 0.288089632741, 0.409342898928, 0.841240302653, 0.484896738435, 0.328641463728, 0.597495844954, 0.231714399632, 0.726423625017, 0.0854424744162, 0.687299888736, 0.0, 27.0772961226
0.466918725878, 0.388941516554, 0.206994402784, 0.133896075927, 0.923959585847, 0.525209512006, 0.809914064477, 0.0921194169642, 0.232051558194, 0.839389426208, 0.889297593842, 0.194974938662, 0.335146541382, 0.271491955899, 0.388613956808, 0.436031772572, 0.146507780876, 0.0784635703961, 0.781322909369, 0.631676188292, 0.519143949811, 0.720821882992, 0.465529490888, 0.643268468666, 0.466918725878, 0.388941516554, 0.206994402784, 0.133896075927, 32.1317777292
0.0, 0.305281081319, 0.423493449866, 0.950686947118, 0.0976529125118, 0.581638415589, 0.510397067153, 0.400942227133, 0.610417432047, 0.321423860359, 0.0793857719027, 0.707852028973, 0.122955318664, 0.479496464454, 0.154364568073, 0.577069849133, 0.87470481398, 0.263379015713, 0.502356627726, 0.328158770426, 0.580322056206, 0.881140999163, 0.573224350092, 0.26983737908, 0.0, 0.305281081319, 0.423493449866, 0.950686947118, 29.6618374442
0.00575929878051, 0.0254901298116, 0.621682984024, 0.0, 0.391366733477, 0.0, 0.686029334387, 0.313976684756, 0.208649074709, 0.671860966553, 0.563276191961, 0.360231698307, 0.757784005963, 0.546528638519, 0.66683142345, 0.483077698872, 0.172826608292, 0.389469717322, 0.106433917968, 0.469269245009, 0.0, 0.80258813234, 0.128503621239, 0.181326463866, 0.00575929878051, 0.0254901298116, 0.621682984024, 0.0, 27.6937101739
0.698480228485, 0.682884248646, 0.578455364818, 0.926852137924, 0.684899328155, 0.00998375585677, 0.727018083384, 0.598026595811, 0.775982321453, 0.536975641108, 0.644550450654, 0.657543396141, 0.173049432781, 0.206123926143, 0.0855338631196, 0.437811224833, 0.987308790898, 0.55926391389, 0.740740503619, 0.90817788006, 0.512931232534, 0.464778657527, 0.61875123436, 0.526413906116, 0.698480228485, 0.682884248646, 0.578455364818, 0.926852137924, 33.6250099439
0.279442358989, 0.448361395511, 0.277300820794, 0.105934873919, 0.145413956209, 0.360280919583, 0.248934533601, 0.643557650151, 0.458056782414, 0.480658296568, 0.17561165627, 0.741138022164, 0.611627619066, 0.38378010954, 0.743411217927, 0.555882880633, 0.942389514117, 0.800362977338, 0.281091871904, 0.79481244473, 0.614025024439, 0.708798982517, 0.927082681171, 0.854337427575, 0.279442358989, 0.448361395511, 0.277300820794, 0.105934873919, 35.5452214253
0.78213379487, 0.4120483943, 0.407750238426, 0.317816938865, 1.0, 0.12502372533, 0.127836108089, 1.0, 0.880630078388, 0.530464196371, 0.278837978211, 0.170334908403, 0.1727421188, 0.861130956666, 0.985583664994, 0.589809107258, 0.719120076939, 0.00714999197508, 1.0, 0.804803512039, 0.126084116727, 0.429684284876, 1.0, 0.892812135241, 0.78213379487, 0.4120483943, 0.407750238426, 0.317816938865, 35.8039197271
0.262838292198, 0.287038366095, 0.244992429085, 0.0968472950033, 0.995831930443, 0.714462773449, 0.594699470074, 0.134274153719, 0.799473260203, 0.996234243305, 0.848107147376, 0.847599651151, 0.254477724168, 0.0707678676232, 0.102167062811, 0.398177439354, 0.0544510948161, 0.0919836042997, 0.405554823932, 0.790963162661, 0.683764246404, 0.531422077303, 0.772519483033, 0.140852345191, 0.262838292198, 0.287038366095, 0.244992429085, 0.0968472950033, 32.6817416766
0.183504461855, 0.182529252149, 0.978337693912, 0.614449127925, 0.537715976529, 0.257052105981, 0.42205827818, 0.264999865619, 0.767670141263, 0.352482315249, 0.605342802156, 0.198909142506, 0.493231731025, 0.849115393169, 0.44161908992, 0.0298941211117, 0.733873848006, 0.924034790361, 0.95662632599, 0.40757323964, 0.833782323668, 0.268772884721, 0.81427029263, 0.830176240642, 0.183504461855, 0.182529252149, 0.978337693912, 0.614449127925, 34.1909844872
0.804979609097, 0.0, 0.345844000204, 0.280301834239, 0.128172053541, 0.946975060561, 0.242512486402, 0.0282298979256, 0.214801977575, 0.762319592994, 0.750969986671, 0.526120821087, 0.101364088178, 0.0400721917922, 0.316067446709, 0.208810800448, 1.0, 0.329355886419, 0.0214171463768, 0.161969608933, 0.238639111497, 0.928614515304, 0.305292136981, 0.200550419204, 0.804979609097, 0.0, 0.345844000204, 0.280301834239, 26.3171956895
0.94843536897, 0.859902659757, 0.831567457758, 0.857712623237, 0.540472168037, 0.618101068476, 0.237252885907, 0.0458220951546, 0.655309982311, 0.867095454202, 0.132924419276, 0.584217480506, 0.264376532171, 0.420763571829, 0.784410995531, 0.058151485027, 0.0631376888384, 0.398328198205, 0.736203850879, 0.556033915113, 0.226946604556, 0.818999590408, 0.0525403850602, 0.615781856533, 0.94843536897, 0.859902659757, 0.831567457758, 0.857712623237, 28.1601910344
0.612694839116, 0.632140230953, 0.325696569402, 0.620364629647, 0.50015649726, 0.0, 0.511917875008, 0.657225023188, 0.147069318691, 0.311586664622, 0.919311524493, 0.746903432789, 0.341392793729, 0.557960570994, 0.693492429934, 1.0, 0.134086646802, 0.325449564346, 0.678354862144, 0.648706601429, 0.863152997509, 0.200746738296, 0.4671753638, 0.185779612067, 0.612694839116, 0.632140230953, 0.325696569402, 0.620364629647, 31.9244227107
0.222706401463, 0.248755229013, 0.985366672761, 0.034845761522, 0.0115730645986, 0.547625442163, 0.800637307277, 0.908535827509, 0.123940003244, 0.677920659304, 0.779784904382, 0.0364979246175, 1.0, 0.892076139896, 0.674906843239, 0.457698750687, 0.763605345645, 0.0, 0.997937885397, 0.500090814145, 0.779606533238, 0.5909218527, 0.797015865964, 0.38299896903, 0.222706401463, 0.248755229013, 0.985366672761, 0.034845761522, 35.8783950165
0.0, 0.176749072691, 1.0, 0.0, 0.87268801253, 0.496628263417, 1.0, 0.670774479427, 0.838314989635, 0.700018097372, 0.36577210207, 0.356529162544, 0.995152828323, 0.0, 0.58780336853, 0.353920191222, 0.243404058253, 0.227258604728, 0.662558450448, 0.378547258286, 0.0500787125659, 0.704644468571, 0.0823162289715, 0.556389356991, 0.0, 0.176749072691, 1.0, 0.0, 32.5104371729
0.372217632325, 0.219539139467, 0.27955389966, 0.870196983276, 0.891979724115, 0.722036637155, 1.0, 0.81297811999, 0.00629314195389, 0.390193928696, 0.0599025303084, 0.66336628716, 0.448024583453, 0.830286244073, 0.825979708039, 0.166632899691, 0.328975620551, 0.0, 0.599911798526, 0.198052841038, 0.207205598021, 0.0352101814486, 0.34542198922, 0.644930307601, 0.372217632325, 0.219539139467, 0.27955389966, 0.870196983276, 30.0487885939
0.0913013393684, 0.635082736275, 0.336669531494, 0.775274133133, 0.535627077591, 0.323774095622, 0.0678974266359, 0.824114029539, 0.801830963641, 0.577842776399, 0.178481260035, 0.849858106899, 0.0321352416479, 0.21476942063, 0.868263478652, 0.498763350959, 0.397563942017, 0.218586237429, 0.000628373258829, 0.637418372055, 0.297850560876, 0.605826862442, 0.743931158091, 0.0837262810107, 0.0913013393684, 0.635082736275, 0.336669531494, 0.775274133133, 29.2029522204
0.430631596484, 0.388690427088, 0.320544494156, 0.421904715315, 0.824236068036, 0.726037785576, 0.0, 0.701949436386, 0.0, 0.225063886564, 0.47185454689, 1.0, 0.894972766514, 0.827937284387, 1.0, 0.630048610914, 0.977264198628, 0.441742884278, 0.304219754999, 0.786672370876, 0.576676708755, 0.51653227356, 0.248317458646, 0.37130864646, 0.430631596484, 0.388690427088, 0.320544494156, 0.421904715315, 35.7457026725
0.076316223679, 0.328865914749, 0.367634965347, 0.630687404449, 0.930234981934, 0.35929009949, 1.0, 0.645228183363, 0.404184934635, 1.0, 0.00187309179162, 0.659032658932, 0.441236871411, 0.444115292468, 0.25751245671, 0.75744813515, 0.0, 0.389872129815, 0.149512607983, 0.24883155181, 0.305519839421, 0.621009620497, 0.277489858936, 0.605779831782, 0.076316223679, 0.328865914749, 0.367634965347, 0.630687404449, 31.1176836181
0.230524586709, 0.634680566405, 0.422742350778, 0.299104432586, 0.903440930726, 0.00721906128319, 0.238303687799, 0.918720361656, 0.255434918075, 0.655497937919, 0.19232166262, 0.759476391063, 0.832772434622, 0.796290435667, 0.648078199104, 0.568808638038, 0.457168872128, 0.643334119645, 0.287256872375, 0.0606842075023, 0.33765540837, 0.712363070566, 0.70117954285, 0.582379824859, 0.230524586709, 0.634680566405, 0.422742350778, 0.299104432586, 33.4351622524
0.687091934271, 0.24034794169, 0.302241097604, 0.113264779083, 0.405478197957, 0.66130412779, 0.656956425, 0.23984677795, 0.599152910225, 0.0224313857383, 0.0262979661798, 0.138233090275, 0.244248534868, 0.238344548498, 0.201381422369, 0.0, 0.16151439773, 0.863595017803, 0.0961234907317, 0.741760399027, 0.0898304342557, 0.878144893878, 0.494769260242, 0.252701917243, 0.687091934271, 0.24034794169, 0.302241097604, 0.113264779083, 25.4268706499
0.343132895363, 0.328965114586, 0.304090772627, 0.576813575514, 0.0832825329741, 0.231881925495, 0.0, 0.349934423031, 0.387463007824, 0.363375783659, 0.370035325858, 0.469532080515, 0.543286225736, 0.727267742531, 0.227353227695, 0.439595304272, 0.340361606281, 0.267650177947, 0.94322024262, 0.978712479652, 0.247569768602, 0.362884627585, 0.572693991823, 0.67406552332, 0.343132895363, 0.328965114586, 0.304090772627, 0.576813575514, 29.0559820224
0.651100375959, 0.944270223464, 0.00728223298621, 0.0797338270294, 0.163764906983, 0.756157566207, 1.0, 0.426589512471, 0.308021186827, 0.337340872642, 0.849513929841, 1.0, 0.301751349889, 0.0264384921942, 0.22489633081, 1.0, 0.0426356227591, 0.2734870508, 0.196742409057, 0.846319230133, 0.873317326242, 0.0561493843395, 0.380472447511, 0.396864557633, 0.651100375959, 0.944270223464, 0.00728223298621, 0.0797338270294, 30.8175623277
0.301266830434, 0.0592568731447, 0.731809912468, 0.237737512182, 1.0, 0.298840464996, 0.0144111180885, 0.256157301216, 0.00624125326166, 0.59774925154, 0.605377059086, 1.0, 0.771475862984, 0.0657722721387, 0.612229318364, 0.89048179967, 0.985636331514, 0.234554009709, 0.155805299879, 0.537121344018, 0.742912663902, 0.412694789531, 0.836373398504, 0.0548333307244, 0.301266830434, 0.0592568731447, 0.731809912468, 0.237737512182, 32.2054064915
0.437637809595, 0.589149212226, 0.0580987769744, 0.282996751608, 0.362259821879, 0.676691475883, 0.0163447222026, 0.315130607329, 0.601016110738, 0.675055452087, 0.529491050272, 0.759846493672, 0.231612412287, 0.0, 0.808708697857, 0.623399765252, 0.194208808894, 0.798661555927, 0.727436229705, 0.476189722683, 0.0, 0.879236557703, 0.400442883795, 0.275782545306, 0.437637809595, 0.589149212226, 0.0580987769744, 0.282996751608, 30.8714289835
0.176301438469, 0.253953627608, 0.672642113871, 0.260879500418, 0.742067558476, 0.0396354773095, 0.477410345815, 0.849885893552, 0.0372178947239, 0.819859374854, 0.790523603476, 0.0623672887556, 0.490729028017, 0.713903611062, 0.981831809334, 0.474328372037, 0.0, 0.916939729168, 1.0, 1.0, 0.0536420523771, 0.787278778941, 0.026751829941, 0.269606411293, 0.176301438469, 0.253953627608, 0.672642113871, 0.260879500418, 33.2524353878
0.63259952348, 0.882583070934, 0.850535893589, 0.139879374595, 0.362455341259, 0.410374325215, 0.465836635018, 0.779197744639, 0.777944453952, 0.926518795797, 0.927313011467, 0.723823361299, 0.70401922645, 0.0127490378074, 0.420185357586, 0.868775494225, 0.426318352121, 0.479194100997, 0.555627820377, 0.711175440875, 0.728593169874, 0.104106037125, 0.984161299449, 0.476292243733, 0.63259952348, 0.882583070934, 0.850535893589, 0.139879374595, 35.6333282362
0.349412255209, 0.104586510458, 0.345207672388, 0.573903614284, 0.533555139574, 0.63945672685, 0.0827642431276, 0.340209892412, 0.988359051865, 0.736310588488, 0.940794865585, 0.496750273121, 0.304304383882, 0.419009989923, 0.391111867144, 0.792569105327, 0.0797319541132, 0.862766191895, 0.231182282211, 0.96632476595, 0.40221999102, 0.971049503115, 0.73455735647, 0.416966796014, 0.349412255209, 0.104586510458, 0.345207672388, 0.573903614284, 35.2659173758
0.946837627943, 0.203998096762, 0.476309969971, 0.274158535925, 0.524469770402, 0.0463883878955, 0.382498841746, 0.238920202876, 0.70252453785, 0.0173813539977, 0.768163386183, 0.396292094198, 0.529758408377, 0.201965884978, 0.637634033078, 0.297568887121, 0.701423946548, 0.4781786679, 0.758231525581, 0.150471948584, 0.801487778787, 0.573474517499, 0.0799363084776, 0.0885628912399, 0.946837627943, 0.203998096762, 0.476309969971, 0.274158535925, 28.381594475
0.0869028700535, 0.617902327543, 0.408712496792, 0.380706009291, 0.723359706181, 0.341612406794, 0.497055532021, 0.381816623549, 0.605622898791, 0.410409223182, 0.984231991037, 0.0, 0.0, 0.159873686758, 0.425971839994, 0.38885121866, 0.16716102944, 0.312021635731, 0.82949966249, 0.0287155559719, 0.693593504122, 0.445995041123, 0.185805787417, 0.580791719389, 0.0869028700535, 0.617902327543, 0.408712496792, 0.380706009291, 28.190572558
0.0664048779046, 0.17591889625, 0.47973148821, 0.845954434381, 0.284395524528, 0.712219591331, 0.764009763154, 0.72628756579, 0.706002241312, 0.145698591709, 0.533915017838, 0.0, 0.252878233167, 0.409524887264, 0.177954595444, 1.0, 0.0, 0.430573759381, 0.32308599215, 0.541238090312, 0.323656268337, 0.0, 0.12495894612, 0.500857749818, 0.0664048779046, 0.17591889625, 0.47973148821, 0.845954434381, 27.4685622985
0.950924533761, 0.06808806478, 0.0, 0.193696446199, 0.794052738355, 0.664357331174, 1.0, 0.176579037751, 0.306580642282, 0.309549780097, 0.520570997997, 0.472839934798, 0.0946036619218, 0.26255191626, 0.83593503262, 0.0679732450573, 0.331496957743, 0.0, 0.968927285111, 0.959832048468, 0.332385995184, 0.160992821992, 0.547639784893, 0.965836296042, 0.950924533761, 0.06808806478, 0.0, 0.193696446199, 31.5683719671
0.600745318747, 0.785525061433, 0.774965276982, 0.0, 0.293337731909, 0.519701309145, 0.180785377929, 0.162009180081, 0.473172532301, 0.76409864724, 0.882363123041, 1.0, 0.631970179038, 0.214983398931, 0.272045828213, 0.826148439905, 1.0, 0.990146752563, 0.736826235802, 0.199877359108, 0.740652249725, 0.619369212917, 0.643925640465, 0.720338467335, 0.600745318747, 0.785525061433, 0.774965276982, 0.0, 35.9158866005
0.6580904488, 0.093926886885, 0.482188337455, 0.0, 0.959813968094, 0.435566850329, 0.0, 0.950247961969, 1.0, 0.656469909722, 0.990581227417, 0.358088991777, 0.127904027153, 0.305076979773, 0.717422023547, 0.839874868915, 0.560005822192, 0.152180574788, 0.596092870211, 0.0, 0.0529658084355, 0.67148045612, 0.676092176903, 0.0, 0.6580904488, 0.093926886885, 0.482188337455, 0.0, 32.4342003018
0.133680554187, 0.793415004025, 0.770485261873, 0.563484734547, 0.120724102344, 0.810390692976, 0.694847665367, 0.568324857441, 0.384333123133, 0.811951298336, 0.0861138814036, 0.853523074776, 0.944677548917, 0.481887960552, 1.0, 0.225344008814, 0.528156751952, 0.956243768825, 0.357361109508, 0.875628146875, 0.322769717605, 0.408428859152, 0.362822518948, 0.490158650267, 0.133680554187, 0.793415004025, 0.770485261873, 0.563484734547, 34.5850854787
0.467603803369, 0.483498203283, 0.119267340179, 0.470117405309, 0.818123277163, 0.893816276565, 0.208682258706, 0.852803318076, 0.488323177019, 0.105884559177, 0.459866440308, 0.267150631903, 0.587350479041, 0.384569390473, 0.791493038433, 0.653893181594, 0.197268564553, 0.170545049868, 0.410280402526, 0.403375479524, 0.395992895606, 0.72804983601, 0.0897186658436, 0.560582881678, 0.467603803369, 0.483498203283, 0.119267340179, 0.470117405309, 31.2420458042
0.412810064636, 0.52979854834, 0.766432362051, 0.0, 0.991928394993, 0.255187059019, 0.0, 1.0, 0.302822583295, 0.24641460215, 0.573904549548, 0.779585362772, 0.0, 0.350516503235, 0.423366601188, 0.667678137368, 0.219146246069, 0.89140366268, 0.664037908034, 0.534083394279, 0.279624026521, 0.781390796706, 0.0728317364794, 0.0, 0.412810064636, 0.52979854834, 0.766432362051, 0.0, 29.993950776
0.332776565721, 0.869344929762, 0.62887334161, 0.955567871164, 0.143173094952, 0.916913226067, 0.165947222827, 0.493025617269, 0.430402010528, 0.100239763142, 0.264877593567, 0.131580809934, 0.00493590458062, 0.757596008528, 0.10384753028, 0.879434267294, 0.465355993941, 0.70642816025, 0.849715873267, 0.962505223681, 0.115319898937, 0.282084490955, 0.999842385758, 0.860367847304, 0.332776565721, 0.869344929762, 0.62887334161, 0.955567871164, 30.8310550175
0.0162453769477, 0.150894743385, 0.320291071219, 0.997681642059, 1.0, 0.797253021639, 0.126436857725, 0.361724930411, 0.434989493126, 0.848246676251, 0.494083739409, 0.526750526143, 0.0, 0.998677943472, 0.446995892003, 1.0, 0.0, 0.398196101021, 0.972881079769, 0.590301115603, 0.567308484214, 0.780699947638, 0.524928094739, 0.166587686701, 0.0162453769477, 0.150894743385, 0.320291071219, 0.997681642059, 34.4228048182
0.852945961959, 0.207337667208, 0.783941340956, 0.538580136698, 0.608945014907, 0.0, 1.0, 0.369620750037, 0.981806209029, 0.116044417975, 0.0393501574961, 0.552507315238, 0.0623882341856, 0.435116569078, 0.363710160361, 0.0, 0.106832235517, 0.468631800812, 0.905507496412, 1.0, 0.436099864674, 0.0, 0.149395471394, 0.29214476514, 0.852945961959, 0.207337667208, 0.783941340956, 0.538580136698, 27.0208869123
0.59865812163, 0.282669938692, 1.0, 0.776832072576, 0.79265907154, 0.493868589277, 0.0, 0.886794572524, 0.874193389532, 0.789394163728, 0.331046393212, 0.426920316359, 0.103598326384, 0.133188500022, 0.0272377794257, 0.0, 0.692752639102, 0.696903011863, 0.197891485206, 0.392414584791, 0.40258112437, 0.283457283921, 0.976418504846, 1.0, 0.59865812163, 0.282669938692, 1.0, 0.776832072576, 30.6900877351
0.543967165656, 0.0, 0.335890511113, 0.678182515322, 0.605883158055, 0.488272876551, 0.271719699915, 0.274916558705, 0.343272968392, 0.0480735339453, 0.866580222677, 0.935617466064, 0.889772746128, 0.445918288911, 0.0433613640974, 0.215340468951, 0.758999443432, 1.0, 0.766436639297, 0.222277825743, 0.855731906435, 0.489945918409, 0.69172363024, 0.551385731887, 0.543967165656, 0.0, 0.335890511113, 0.678182515322, 33.9547085274
0.433830527345, 0.25292620054, 0.929311779391, 0.0727923076012, 0.932485611324, 0.633679942977, 0.0970685134796, 0.0884084591492, 0.18153161129, 0.852585143009, 0.158389575178, 0.131628236631, 0.308172447994, 0.560367019358, 0.979635407547, 0.992591118484, 0.157146499161, 0.702380302845, 0.227608763376, 0.720836500604, 0.361512536356, 0.884211662612, 0.935175570383, 0.626889502636, 0.433830527345, 0.25292620054, 0.929311779391, 0.0727923076012, 33.1979603572
0.0300094974006, 0.731145981282, 0.0, 0.240250458046, 0.0, 1.0, 1.0, 1.0, 0.787895231946, 0.556390035817, 0.181284092417, 0.819640832835, 0.869158655404, 0.613915286086, 0.0850872728079, 0.921211108095, 0.328942900841, 1.0, 0.221267414333, 0.57604452855, 0.869076639087, 0.669409295879, 0.776861917148, 0.188760085399, 0.0300094974006, 0.731145981282, 0.0, 0.240250458046, 37.6318598609
0.446394180855, 0.335959295063, 0.735480818152, 0.0348900480088, 0.19582404154, 0.482792719689, 0.863546318383, 0.786908771971, 0.359501748873, 0.553703903058, 0.18322515301, 0.643713612515, 0.594386961515, 0.572657019352, 0.472642414745, 0.371726376388, 0.0262072293944, 0.0, 0.0613878002066, 0.618438043227, 1.0, 0.196476912619, 0.191691828208, 0.0903477274739, 0.446394180855, 0.335959295063, 0.735480818152, 0.0348900480088, 28.2646025272
0.629524309289, 0.181766601934, 0.053057166601, 0.341741545266, 0.959148662477, 0.717111535846, 0.793639225966, 0.561068768566, 0.591927849699, 0.0923956725081, 0.417662700975, 1.0, 0.265850034874, 0.0, 0.819464992768, 0.499943113935, 0.813197203832, 0.750037596883, 0.208048511827, 0.550414742344, 0.923238071681, 0.0677551198795, 0.0, 0.426573223285, 0.629524309289, 0.181766601934, 0.053057166601, 0.341741545266, 33.2563527783
0.0, 0.776849976546, 0.790981917407, 0.0, 0.195746302931, 0.27921722744, 0.658372579642, 0.316755362632, 0.342196980409, 0.235202143278, 0.870674965388, 0.802874690764, 0.628071734464, 0.0961888573894, 0.241457141441, 0.235771043308, 1.0, 0.610575288185, 0.204853973937, 0.0101270030026, 0.396523400866, 0.27758797034, 0.583564717459, 0.691653566014, 0.0, 0.776849976546, 0.790981917407, 0.0, 28.8965628259
