0.131298080075, 0.238275190156, 0.503704260195, 0.680900306187, 0.934267872217, 0.495934379525, 0.901883189356, 0.14626967208, 0.235034302817, 0.118325251726, 0.0972087333868, 0.491136756162, 0.178257836679, 0.549758431711, 0.0, 0.933507958769, 0.0, 0.782286720766, 0.980667268159, 0.795751307103, 0.239814218996, 0.609693141612, 0.346566021321, 0.538148444215, 0.131298080075, 0.238275190156, 0.503704260195, 0.680900306187, 30.77268218
0.0991368699265, 0.0318732703437, 0.0, 0.0517068207839, 0.979215212864, 0.512004175577, 1.0, 0.896716828962, 0.314255202592, 0.882024623816, 0.527744267038, 0.150768732592, 0.0, 0.310244214059, 1.0, 0.862939376004, 0.578414910873, 0.0, 1.0, 0.848011880251, 0.668055281894, 0.938592792885, 0.271749084987, 0.163209555915, 0.0991368699265, 0.0318732703437, 0.0, 0.0517068207839, 36.7096796175
0.0, 0.313064184881, 0.0, 0.116029175594, 0.218257917354, 1.0, 0.522413010969, 0.065881366988, 0.0, 0.950098368669, 0.715918889145, 0.265340281216, 0.85350793477, 0.878007424389, 0.196317799942, 0.956064631187, 0.415060948443, 0.0, 0.828915148521, 0.327822119816, 0.737825488857, 0.533828290672, 0.526169447926, 0.0, 0.0, 0.313064184881, 0.0, 0.116029175594, 32.3458508947
0.82585003175, 0.206382722462, 0.0, 0.0, 1.0, 0.0, 1.0, 0.417482202224, 0.301475713631, 1.0, 0.464885687972, 0.227765069385, 0.441998205347, 0.700715518048, 0.332098037811, 0.858905916387, 0.0913024959183, 0.0, 0.0073418731037, 0.0, 0.759789570814, 0.632531543364, 0.738752255986, 0.0678139169236, 0.82585003175, 0.206382722462, 0.0, 0.0, 29.9035749767
0.783641356889, 0.155001549456, 0.0, 0.0701799457381, 0.484899890743, 0.159370306731, 0.130082407809, 0.652851087124, 0.0318081952329, 0.11395798633, 0.431487582255, 1.0, 0.583927098983, 0.981149123792, 0.292337986046, 0.0, 0.0, 0.903414632837, 0.129731933555, 0.0, 0.192023595002, 0.151292175094, 1.0, 0.618698306823, 0.783641356889, 0.155001549456, 0.0, 0.0701799457381, 27.2952973686
0.154019035415, 0.878611056253, 0.0, 0.282426409925, 0.81335505313, 0.582242867296, 0.857509194969, 0.0389672389608, 0.131817687595, 0.0, 0.936278285803, 0.0, 0.544076479056, 0.812510235266, 1.0, 1.0, 0.225105364871, 1.0, 0.299341818492, 0.183249766777, 0.299489576529, 0.421016037449, 0.207494155307, 0.428706700211, 0.154019035415, 0.878611056253, 0.0, 0.282426409925, 31.4670793315
0.707495920871, 0.14099616924, 0.0679821222987, 0.0, 0.589866643593, 0.28767099591, 0.885004623277, 0.584102035417, 0.111611737822, 0.113702866689, 0.496726211334, 0.640873270095, 0.116321814425, 0.959301180081, 0.193910502957, 0.736674547532, 0.229995589371, 0.262994914554, 0.839543654089, 0.42380263607, 0.27307399403, 0.269592107168, 0.222350639516, 0.0, 0.707495920871, 0.14099616924, 0.0679821222987, 0.0, 28.2534891966
0.116222962674, 0.0, 0.0, 0.500905031048, 0.398364699633, 0.0, 1.0, 0.778325186569, 0.187379847653, 0.412360595703, 0.135778350624, 0.41746111698, 0.73067863903, 0.96565889549, 0.899620774069, 0.0, 0.547163175633, 0.434327802106, 0.67341986225, 0.912513662109, 0.970176574686, 0.491216866138, 1.0, 0.921539272963, 0.116222962674, 0.0, 0.0, 0.500905031048, 36.6660122644
0.740746151683, 0.436280160635, 0.809674458168, 0.0864999646636, 0.292048437368, 0.481985419527, 0.30180089614, 1.0, 0.376050378712, 0.0, 0.2318987067, 0.895231345341, 0.169998021343, 0.42744720091, 0.449660708109, 0.0960262976599, 0.173254206828, 0.957239934112, 0.568100900118, 0.0, 0.226282627899, 0.48108855713, 0.444074911128, 0.443697301874, 0.740746151683, 0.436280160635, 0.809674458168, 0.0864999646636, 27.4178936612
0.0, 0.658142240796, 0.590750708708, 0.452037796224, 0.475758472403, 0.695962693203, 0.661762836071, 0.411830601549, 0.660902513887, 0.520460022283, 0.38484976719, 0.337357030164, 0.160939138574, 0.0, 0.498487503849, 0.621050603157, 0.659923410572, 0.926222157974, 0.300356074415, 0.900478574051, 0.370410153807, 1.0, 0.634181564741, 0.0, 0.0, 0.658142240796, 0.590750708708, 0.452037796224, 32.8000472368
0.289022303876, 0.256943634339, 0.510483719483, 0.0, 0.811894430951, 1.0, 0.448668426873, 0.0, 0.324293194008, 0.739011663522, 0.707509751336, 0.541566259663, 0.580163775971, 0.226371248674, 0.315746864322, 0.965575049295, 0.857117869123, 0.684479082638, 0.711651845152, 0.64759695975, 0.0, 0.463314064147, 0.130619178311, 0.0, 0.289022303876, 0.256943634339, 0.510483719483, 0.0, 32.6580141103
0.522736958911, 0.416174498214, 0.0, 0.486638011081, 0.331034211453, 0.0, 0.322925740772, 0.968182901512, 0.404326352387, 0.511289214993, 0.410992127459, 1.0, 0.49329002282, 0.252155665176, 0.646266869381, 1.0, 0.612645794909, 1.0, 0.697338330722, 1.0, 0.0, 0.359674342037, 0.421378205137, 0.516149528485, 0.522736958911, 0.416174498214, 0.0, 0.486638011081, 34.5989098871
0.0, 0.685823355234, 0.0, 0.0, 0.428895911352, 0.209363670472, 0.00775905698737, 0.240263061669, 0.0865509723318, 0.986239355689, 0.423924030025, 0.625264366856, 0.904398135384, 0.0, 0.493118127687, 0.951316469665, 0.171628686254, 0.657050151302, 0.714473307804, 0.147252725237, 0.302319383682, 0.834424957147, 0.949200847787, 0.525898512686, 0.0, 0.685823355234, 0.0, 0.0, 31.5523928061
0.10308573432, 0.723492065055, 0.172509268114, 0.0, 0.309489031234, 0.67508324044, 0.420663697313, 0.685143593201, 0.830007541542, 0.321644715617, 0.28315312652, 0.137818905599, 0.493642530718, 0.293943860871, 0.809600566439, 0.523992160036, 0.117770386748, 0.322781541534, 0.0, 0.743135740581, 0.0598227861146, 0.0, 0.604686771732, 0.865833175012, 0.10308573432, 0.723492065055, 0.172509268114, 0.0, 28.7806910482
0.412737737061, 0.204149104866, 0.272931139791, 0.156773543787, 0.303238112245, 1.0, 0.477771772161, 0.691666723704, 0.417829954763, 0.325576766052, 0.429266541225, 0.195714521091, 0.298855833314, 0.726207583727, 0.29669336653, 0.418499208911, 0.0, 0.893764322189, 0.652532938004, 0.0, 0.66684286416, 0.899099802036, 0.0890239353873, 0.674820657009, 0.412737737061, 0.204149104866, 0.272931139791, 0.156773543787, 31.0000871975
0.326837915117, 0.395273769563, 0.985502398992, 0.668539724317, 0.774581287328, 0.0347851419029, 0.236856324476, 0.508151877061, 0.706562545001, 0.645151670995, 0.290596107035, 1.0, 0.285219706639, 0.477906876691, 0.327654755113, 0.0, 0.0, 0.276912239337, 0.391070259812, 0.777996458138, 0.339068059275, 0.212458439294, 0.684887293581, 0.174351842111, 0.326837915117, 0.395273769563, 0.985502398992, 0.668539724317, 27.8485269083
0.0, 0.517248060651, 0.0, 0.900061122402, 0.121420946406, 0.352583438165, 0.869573377671, 0.0, 0.694925794047, 0.469183496611, 0.426598041767, 0.0171484054717, 0.185806287786, 0.287806416454, 0.131374969971, 1.0, 0.677961402221, 0.156523072884, 0.0, 0.0, 0.089035038304, 0.379013324653, 0.15318871791, 0.328015733479, 0.0, 0.517248060651, 0.0, 0.900061122402, 23.9699150757
0.829577674216, 0.0289112621494, 0.547678154583, 0.697326743871, 0.853097258824, 0.662312501318, 0.730316518195, 0.544280963744, 0.280133848273, 0.133574611961, 1.0, 0.91113097452, 0.338037992453, 0.344979678381, 0.185607738432, 0.0, 0.40873741855, 0.0937614859682, 0.492748131227, 0.521743827544, 0.825850366389, 0.265069215703, 1.0, 0.0, 0.829577674216, 0.0289112621494, 0.547678154583, 0.697326743871, 30.9904599836
0.0606140908309, 0.357395497863, 0.577821492378, 0.0701799457381, 0.349196863133, 0.399222648843, 0.424091990901, 0.598574672744, 0.0, 0.22986945669, 0.296083058897, 0.122460410998, 0.841132665369, 0.445243974452, 0.302905858794, 0.570541266096, 0.600781407456, 0.163475781552, 0.226331313036, 0.333277155663, 0.0, 0.403049337777, 0.866705142471, 0.518229140913, 0.0606140908309, 0.357395497863, 0.577821492378, 0.0701799457381, 27.1793972062
0.585292104918, 0.0212495090569, 0.457754672812, 0.105283153924, 0.987122047152, 0.42428215511, 0.446514280763, 0.231161426753, 0.33110832397, 0.0, 0.311335480403, 0.782054750377, 0.478368578693, 1.0, 0.636866300814, 0.440318287017, 0.724995014999, 0.349039974193, 0.505064896687, 0.534706502374, 0.0, 0.689715569761, 1.0, 0.094909406808, 0.585292104918, 0.0212495090569, 0.457754672812, 0.105283153924, 32.3282389714
0.0, 0.295301069576, 0.119793213556, 0.0506286356904, 0.739099900127, 0.929731345379, 0.314386868385, 0.409240957827, 0.595357742286, 0.28152397786, 0.487306491634, 0.648436486142, 0.985886634568, 0.0, 0.127790148427, 0.282951526609, 0.765395340129, 0.619461203295, 0.0, 0.861502948459, 0.407171789557, 0.135428397579, 0.0, 0.0, 0.0, 0.295301069576, 0.119793213556, 0.0506286356904, 29.181478202
0.262755024914, 0.0115145905251, 0.603606821262, 0.124080449483, 0.452028373116, 0.120478123283, 0.605230784949, 0.143387011801, 0.0241177008433, 0.0, 0.612121304702, 0.69875289696, 0.398496089506, 0.188585827002, 0.924990181986, 0.798112491787, 0.817701361152, 0.0, 0.379912544208, 0.478800462302, 0.71701566174, 0.0, 0.909739157816, 0.716196368152, 0.262755024914, 0.0115145905251, 0.603606821262, 0.124080449483, 30.0148272572
0.438413155574, 0.0, 0.521733818925, 0.0337876088554, 0.0, 0.6623827602, 0.0, 0.455219602002, 0.59955761481, 0.503205198869, 0.760001040435, 0.0, 0.276695665612, 0.881184796149, 0.826018099177, 0.548872113858, 0.0, 0.268325246535, 0.889013709543, 0.0, 0.209469624609, 0.944383949594, 0.589013122019, 0.571315618357, 0.438413155574, 0.0, 0.521733818925, 0.0337876088554, 30.1880967439
0.0, 0.0998291474764, 0.0, 0.0190825102927, 0.663122760452, 0.0, 0.954049913525, 0.521400334009, 0.871512730592, 0.50445552689, 0.954327546393, 0.152105650311, 0.734678146133, 0.145440785401, 0.035745625749, 0.0891707409431, 0.0149903589475, 0.397928503654, 1.0, 0.345416104158, 0.787780182788, 0.788036209927, 0.731806145173, 1.0, 0.0, 0.0998291474764, 0.0, 0.0190825102927, 34.0089359237
0.171321693788, 0.359153795368, 0.847801489635, 0.0, 0.457381700774, 0.980205214768, 0.0723823687846, 0.0, 0.56825958061, 0.378417177331, 0.114640305151, 0.0, 0.308470647116, 0.159858132559, 0.963938146703, 0.953903742367, 0.783163663166, 0.715360157657, 0.250403649804, 0.857106281007, 1.0, 0.15278632532, 0.107698092517, 0.88280409829, 0.171321693788, 0.359153795368, 0.847801489635, 0.0, 31.3233160267
0.0285851824937, 0.255564682344, 0.0, 0.602717061632, 0.221993679968, 0.0765884740782, 0.694609190019, 0.0, 0.860845913238, 0.107040588102, 0.196397470161, 0.0808369269095, 1.0, 0.548139921577, 1.0, 0.320808422858, 0.612645794909, 0.561752643454, 0.488900868931, 0.922154573836, 0.568014952142, 0.57329914286, 0.898498180592, 0.495031056096, 0.0285851824937, 0.255564682344, 0.0, 0.602717061632, 32.8449279722
0.00827484975152, 0.216632784077, 0.0345795104427, 0.934564659284, 0.690264243011, 0.506057910686, 0.95361825348, 0.0, 0.229269963435, 0.121711107579, 1.0, 0.620433043494, 0.859044891821, 0.59694287892, 0.799681609891, 0.0, 0.988624276221, 0.0, 0.813092739839, 0.144406407923, 0.369759654507, 0.546375153581, 0.388908199356, 1.0, 0.00827484975152, 0.216632784077, 0.0345795104427, 0.934564659284, 33.4564214537
0.079423295776, 0.577631401391, 0.340220408944, 0.139183233334, 0.682260658579, 0.34545963871, 0.415319929168, 0.775956266859, 0.0, 0.244683422394, 0.497159449666, 0.670664387745, 0.356639502421, 0.384322118188, 1.0, 0.506437475817, 0.772311932586, 0.120206462229, 0.446791960273, 0.0478940743461, 0.956138041347, 0.167244693599, 0.618131175614, 0.577760334551, 0.079423295776, 0.577631401391, 0.340220408944, 0.139183233334, 31.372402171
0.831591999254, 0.0, 0.137495785825, 0.605815489509, 0.0731613876129, 0.216920464009, 0.792299805523, 0.230573704999, 0.852868724357, 0.591143991155, 0.693697062201, 0.425794567108, 0.632483092875, 0.168763994171, 0.197226684521, 0.247026482078, 0.601030455557, 0.109418386696, 0.214879147081, 0.39454882482, 0.852574935174, 0.617786226349, 0.82693050184, 0.360428654736, 0.831591999254, 0.0, 0.137495785825, 0.605815489509, 29.9945705465
0.145552133064, 0.368774300415, 0.0, 0.116029175594, 0.487333994598, 0.478265674374, 1.0, 0.0, 0.0, 0.0, 0.981749173265, 0.128108094796, 0.380204899823, 1.0, 0.0, 0.369614170398, 0.0, 1.0, 0.0, 1.0, 0.54666578064, 0.104653066741, 0.738950912503, 1.0, 0.145552133064, 0.368774300415, 0.0, 0.116029175594, 30.5700509473
0.439626286522, 0.0519720869915, 0.0, 0.476775711954, 0.879112355482, 0.375386505464, 0.918887830898, 0.0, 0.707382065525, 0.553868340311, 0.555531318456, 0.181964563016, 0.0, 0.85917844218, 0.363830996101, 0.0, 0.132580289699, 0.689790127846, 0.555429793466, 0.404906279708, 0.545852517112, 0.0, 0.889199955465, 0.912048206271, 0.439626286522, 0.0519720869915, 0.0, 0.476775711954, 31.3962302042
0.0, 0.780091012365, 0.744288655359, 0.267965531522, 0.571279945959, 0.814404399192, 0.396089280166, 0.0, 0.607957705702, 0.523532768317, 0.500155892548, 0.0865163786798, 0.271717282876, 0.405055425428, 0.213707900798, 0.429120378735, 0.0850546334423, 0.625192614163, 0.360254320088, 0.938286430947, 0.294431090645, 0.0, 0.277374170545, 0.769338930833, 0.0, 0.780091012365, 0.744288655359, 0.267965531522, 27.7397037508
0.273203911915, 0.622348183732, 0.0, 0.2833750965, 0.858530775329, 0.534969092463, 0.357385398232, 0.0, 0.489357417402, 0.239270321854, 0.330330082228, 0.09283376003, 0.816929905021, 0.891098413713, 0.551236360182, 0.467720006401, 0.0, 0.197704341928, 0.148550305516, 0.0637618898391, 1.0, 0.689628969284, 0.0, 0.950141172273, 0.273203911915, 0.622348183732, 0.0, 0.2833750965, 29.274441933
0.0, 0.434703264371, 0.0, 0.379068052878, 0.460685925806, 0.449055219166, 0.163532625498, 0.993123891232, 0.887459332606, 0.0663650483399, 0.356309527035, 0.485204956987, 0.706816595777, 0.716079107503, 0.931753087237, 0.951918212781, 0.757008244136, 0.161057644494, 0.149724413895, 0.516841448313, 0.656533664455, 0.912019461963, 0.0, 1.0, 0.0, 0.434703264371, 0.0, 0.379068052878, 35.4000875698
0.477981589531, 0.402453848869, 0.0, 0.0337876088554, 0.943472823081, 0.826760582104, 0.158806616634, 0.0684884410071, 0.204416294882, 0.132643934188, 0.191098607736, 1.0, 0.331094644155, 0.174196902687, 0.476989567998, 0.96310956305, 0.0414554189389, 0.853950402648, 0.00205287476051, 0.167469725615, 0.3738145482, 0.106167729422, 0.440511726065, 0.0443390202803, 0.477981589531, 0.402453848869, 0.0, 0.0337876088554, 26.8350541271
0.691417960488, 0.686724562535, 0.0, 0.499635704917, 0.255614078109, 0.256382453865, 0.363454431882, 0.538384380051, 0.720311027498, 0.586633312151, 0.38189793266, 0.115880027979, 0.849863376938, 0.1121373386, 0.161653152706, 0.700636529721, 0.0332021664856, 0.110084239642, 0.589146269419, 0.112261832013, 1.0, 0.359049858924, 0.874607687328, 0.217387925222, 0.691417960488, 0.686724562535, 0.0, 0.499635704917, 28.4162908785
0.781243656803, 0.435299117451, 0.0652655211021, 0.0747840411745, 0.434035123804, 0.344743413859, 0.916913988932, 0.259832345919, 1.0, 0.0440363902698, 0.286256512394, 0.0482187361039, 0.699932360086, 1.0, 1.0, 0.430861420836, 0.137676886963, 0.995510926176, 0.161844781644, 0.0361766572162, 0.121953338376, 0.967709644277, 0.73398070501, 0.213442185916, 0.781243656803, 0.435299117451, 0.0652655211021, 0.0747840411745, 31.7233645292
0.121583318432, 0.882348600451, 0.15464536508, 0.488544795153, 0.0, 0.0540536708387, 0.0, 0.168490982175, 0.327976752549, 0.956257758829, 1.0, 0.461694255438, 0.0, 0.096130485901, 0.653324818031, 1.0, 0.945614202488, 0.999798929432, 0.789756096165, 0.56694575522, 0.135418047824, 0.0745736964009, 0.176093993757, 0.168107531519, 0.121583318432, 0.882348600451, 0.15464536508, 0.488544795153, 28.8260866091
0.0522564884302, 0.0, 0.113169111441, 0.185577644445, 1.0, 0.84539815397, 0.0, 0.435985596404, 0.704276706912, 0.301393329775, 0.621442892265, 0.575268460759, 0.988612735562, 0.0, 0.0240606011704, 0.0, 0.699854021501, 0.0, 0.67733023851, 0.655388022475, 0.967259818297, 0.408188619428, 0.0, 1.0, 0.0522564884302, 0.0, 0.113169111441, 0.185577644445, 32.1358583442
0.414474176446, 0.211422670049, 0.695549189709, 0.0, 0.776440264943, 0.248252959114, 0.036101498779, 0.250526960196, 0.284866585442, 0.648112377541, 0.961908260139, 0.62077216708, 0.6185749956, 0.464532179932, 0.812889211018, 0.0402805189868, 0.0, 0.74527181026, 0.252162935451, 0.29398504685, 0.376017076256, 0.604988222819, 0.121649244342, 0.132499237637, 0.414474176446, 0.211422670049, 0.695549189709, 0.0, 28.3598419237
0.0, 0.567786221737, 0.0, 0.661406525753, 0.600505669671, 0.0122875675148, 0.24892636779, 1.0, 0.0, 0.343377465105, 0.770484029242, 0.520034020427, 0.139888955678, 0.260707394784, 0.233845767907, 0.0331105728647, 0.714832961899, 0.423244195199, 0.0, 0.480188291718, 0.176643592913, 0.866591554293, 0.660667898283, 0.903445784132, 0.0, 0.567786221737, 0.0, 0.661406525753, 28.7207715101
0.183732636406, 0.439770769168, 0.0, 0.316767227655, 0.698100272305, 0.0576130930142, 0.548613779517, 0.900829618767, 0.446509620412, 1.0, 0.899914887925, 0.0, 0.581394891356, 0.253008358858, 0.36269204554, 1.0, 0.170578247104, 0.549736200211, 1.0, 0.829688141183, 0.859408751376, 0.836069779597, 0.637441230747, 0.166207187473, 0.183732636406, 0.439770769168, 0.0, 0.316767227655, 36.3455397348
0.672001156276, 0.0, 0.954601505436, 0.58253830733, 0.181452882646, 0.993179099484, 0.321699399119, 0.789041476089, 0.517445461886, 0.196600832455, 0.4175344964, 0.0349260568944, 0.396724534331, 0.652522857547, 0.146774803989, 0.75, 0.0, 0.874437250544, 0.0319691557517, 0.481969469547, 0.952716626873, 0.853684670544, 1.0, 0.0139028056934, 0.672001156276, 0.0, 0.954601505436, 0.58253830733, 31.1183081815
0.423513274552, 0.135533309358, 0.355208898178, 0.316935481441, 0.69637361046, 0.0, 0.608793165613, 0.315287094296, 0.0380684635084, 0.507147739183, 0.39240359054, 0.347227046831, 0.257361275128, 0.0, 0.25592070766, 0.57600148384, 0.76642229984, 0.19947657888, 0.675836121486, 0.0494139646377, 0.600742907813, 0.823084331703, 1.0, 0.0595259214783, 0.423513274552, 0.135533309358, 0.355208898178, 0.316935481441, 28.1714893131
0.576116228365, 0.0, 0.101515895647, 0.0, 0.626894585575, 0.647750826507, 0.535834320274, 0.338863766295, 0.379347395133, 0.0, 0.781006496947, 0.826458820056, 0.756219084779, 0.912249563771, 0.776766632603, 0.347596942931, 0.0178895631929, 1.0, 0.0, 0.404960716971, 0.0, 0.308681545931, 0.357383452521, 0.0455944291222, 0.576116228365, 0.0, 0.101515895647, 0.0, 30.3221924507
0.0696878731253, 0.482250815363, 0.176636388792, 0.0, 0.579826799684, 0.549245315707, 0.424857329979, 0.0, 0.545225420412, 0.525456731223, 0.61009632307, 0.883745963593, 1.0, 0.0443356098061, 0.0, 0.91026033855, 0.293305532369, 0.989538051479, 0.816113072096, 0.0, 0.149204435223, 0.168671476623, 0.236052461018, 0.660371669375, 0.0696878731253, 0.482250815363, 0.176636388792, 0.0, 31.015223999
0.420659876622, 0.461523139235, 0.252449672119, 0.204079797594, 0.917059333298, 0.281139651638, 0.552101990582, 0.394115542649, 0.755030416246, 0.250029519185, 0.65526237102, 0.0, 0.487135697493, 0.981007559169, 0.727378996673, 0.547043704822, 0.0, 0.531250869388, 0.802253207694, 0.0835569967096, 0.816325405378, 1.0, 1.0, 0.948891193654, 0.420659876622, 0.461523139235, 0.252449672119, 0.204079797594, 36.1517611975
0.329813787642, 0.694634763771, 0.889932672857, 0.0, 0.353680375476, 0.939490913097, 0.521272255517, 0.0, 0.808045394161, 0.177688295388, 0.701456274148, 0.400175805495, 0.819754445836, 0.232374365346, 1.0, 0.895966680995, 0.468041238289, 0.0, 0.0, 0.0, 0.40241492098, 0.692823768759, 0.0, 0.715576465807, 0.329813787642, 0.694634763771, 0.889932672857, 0.0, 29.9154884859
0.818615950716, 0.167564718626, 0.238336314955, 0.0649698868915, 0.205161892464, 0.205833623796, 0.904474245778, 0.295322138468, 0.834865628444, 0.524213633903, 0.0746860280742, 0.340541282874, 0.117946792987, 0.146429409687, 0.152145008108, 0.546411151326, 0.0858979879596, 0.100094837473, 0.067868479153, 0.153587202748, 0.760314771257, 0.733409270031, 0.267646220876, 0.0911505374733, 0.818615950716, 0.167564718626, 0.238336314955, 0.0649698868915, 24.4086642388
0.730426527983, 0.485748325624, 0.0, 0.18689408227, 0.588992728706, 0.582875368039, 0.54393373692, 0.968628410945, 0.826347285131, 0.950838534192, 0.779956780764, 0.31288568069, 0.823704546319, 0.0, 0.0, 0.531897562225, 0.166447734239, 0.907155142866, 0.355716320348, 0.280032073029, 0.502585228591, 1.0, 0.809012631892, 0.688199371314, 0.730426527983, 0.485748325624, 0.0, 0.18689408227, 35.7677514054
0.0, 0.516203020931, 0.0, 0.0, 0.94837556844, 0.0324594142809, 0.0, 0.187895220147, 0.229426405016, 0.867332706009, 0.391436391876, 0.27403008879, 0.684658185414, 0.683015668719, 0.566335838362, 1.0, 0.66031440497, 1.0, 0.0, 0.0, 0.0, 0.819147789326, 0.120943579673, 0.015088178527, 0.0, 0.516203020931, 0.0, 0.0, 29.0797776438
0.0, 0.168151932694, 0.0742179373861, 0.165440599311, 0.111719239253, 0.627212560026, 0.712849288672, 0.216151393635, 0.558209230362, 0.108875905993, 0.820062118434, 0.557544192138, 0.40562211824, 0.364916018604, 0.278155747155, 0.230838112086, 0.542455316558, 0.638327196647, 0.198153716009, 0.402264846357, 0.309690637994, 0.127456136631, 0.0, 0.911454787776, 0.0, 0.168151932694, 0.0742179373861, 0.165440599311, 28.1130392348
0.144519566753, 0.0, 0.142400021068, 0.272479773624, 0.0984551643167, 0.0494880112417, 0.767091608766, 0.381361322555, 0.0, 0.373871527846, 0.470087784924, 0.591987485517, 0.989473903963, 0.0312189073195, 1.0, 0.6317401341, 0.965228324204, 0.817712083896, 0.670750241173, 0.471347984061, 0.454188433947, 0.553243838147, 0.402583407925, 0.0663480213584, 0.144519566753, 0.0, 0.142400021068, 0.272479773624, 31.7963040296
0.0, 0.234846310396, 0.0, 0.33412675029, 0.649622103347, 1.0, 0.46523664761, 0.0764196804387, 0.398331104347, 0.0, 0.590365420854, 0.413317512488, 1.0, 0.402475827388, 0.646600236825, 0.0479439625382, 1.0, 0.465535386526, 0.0492374195988, 0.754707578576, 0.0, 1.0, 0.808305729767, 0.00580571821445, 0.0, 0.234846310396, 0.0, 0.33412675029, 31.8212965902
0.725849343933, 0.166036297575, 0.0, 0.138325497285, 1.0, 0.500290489234, 0.666852395914, 0.696347062968, 0.294590188955, 0.457783884652, 0.588485499397, 0.65849824314, 1.0, 0.337885678492, 0.0485743625082, 0.738567203094, 0.881175482449, 0.382054740032, 0.0847191079693, 0.318333165826, 0.34474992297, 1.0, 0.884252069009, 0.776829310525, 0.725849343933, 0.166036297575, 0.0, 0.138325497285, 35.8103038966
0.468753577831, 0.250169055904, 0.0213221822701, 0.24894577172, 1.0, 0.0, 0.0, 0.22815207148, 0.707338058083, 0.105967428598, 0.773118746235, 1.0, 1.0, 0.38824623436, 0.29482512222, 0.360006844155, 0.615140000536, 0.123269592894, 0.0, 0.0, 0.626649300861, 0.719104049623, 0.954175388922, 0.29455230993, 0.468753577831, 0.250169055904, 0.0213221822701, 0.24894577172, 30.4826194091
0.0, 0.149424859828, 0.246021343701, 0.593465002804, 0.298699569437, 0.36839777762, 0.119158213816, 0.0, 0.448933286132, 0.606705424332, 1.0, 0.558816390905, 0.0056377263492, 0.28623810018, 0.429378476137, 0.85955443474, 0.576721125813, 0.48040044881, 0.0, 0.575338176375, 0.427929188691, 0.545643765145, 0.0701426794505, 1.0, 0.0, 0.149424859828, 0.246021343701, 0.593465002804, 29.2813485776
0.570852870107, 0.0, 0.0859029716992, 0.0728175874139, 0.118027604859, 0.902027585101, 0.734764181256, 0.164160578157, 0.468636105912, 0.182674230218, 0.711099301045, 0.0, 0.678888316199, 0.783109461862, 0.0894571997673, 0.0, 0.0, 0.846412982198, 0.0, 0.0361766572162, 0.345097540736, 0.519554278105, 0.33026399251, 0.0292484802906, 0.570852870107, 0.0, 0.0859029716992, 0.0728175874139, 25.54049657
0.393279467728, 0.60395854619, 0.763371251142, 0.0, 0.252669228995, 0.342710405384, 0.172955342238, 0.913317637751, 0.164647419012, 1.0, 0.98748679527, 0.683850154035, 0.837815830819, 0.0, 0.936064021333, 1.0, 0.293330126253, 0.0, 0.668367226673, 0.0290014861704, 0.994969570199, 0.278679801068, 0.116128468506, 0.352124264094, 0.393279467728, 0.60395854619, 0.763371251142, 0.0, 32.1393569836
0.00391988577712, 0.345679182123, 0.292141150906, 0.668537095926, 0.512040586531, 0.53677072872, 0.076988513216, 0.772781231364, 0.00672478515026, 0.222681693128, 0.613584779, 0.0560454867747, 0.0123400017829, 0.615956369603, 0.471973319073, 0.236651292787, 0.603953273975, 0.466364594966, 0.497546827612, 0.0, 0.520678306335, 1.0, 0.413190063672, 0.978788417314, 0.00391988577712, 0.345679182123, 0.292141150906, 0.668537095926, 29.0902942715
0.0321714039043, 0.0, 0.243385381071, 0.374696735917, 0.0840868682723, 0.385251225429, 0.392587204312, 0.544685027728, 0.811974283864, 0.320752500547, 0.244312479514, 0.105006467085, 1.0, 0.328024836022, 0.03928025825, 0.379828106863, 0.0368038865419, 0.0, 0.248254525209, 0.496615629826, 0.427860029604, 0.290446026302, 0.0, 0.707247112402, 0.0321714039043, 0.0, 0.243385381071, 0.374696735917, 25.2654960046
0.682840288398, 0.583713959141, 0.24222463834, 0.0, 0.796758920644, 0.179340247039, 0.840689420859, 0.0, 0.414925278036, 0.505918313758, 1.0, 0.367413346668, 0.131666876796, 0.372032625669, 0.79949120171, 0.0, 0.186670133836, 0.504584029561, 0.87472384811, 1.0, 1.0, 0.688769582592, 0.0, 0.862321640358, 0.682840288398, 0.583713959141, 0.24222463834, 0.0, 33.3573690478
0.929473164024, 0.0308415619861, 0.851910356916, 0.365373891061, 0.463792218606, 0.010063260675, 0.0, 0.387425095013, 0.729076447297, 0.386307669911, 0.751936471101, 0.655648026995, 0.456410641409, 0.555274669573, 0.0, 0.927822493317, 0.652678470368, 0.0319835576493, 0.159140379076, 0.0, 0.0, 0.002206831157, 0.0, 0.0752474708823, 0.929473164024, 0.0308415619861, 0.851910356916, 0.365373891061, 23.4251138172
0.027493460915, 0.707870310735, 0.0, 0.0674618303853, 0.526613995765, 0.0564086886666, 0.464341908603, 0.917419004695, 1.0, 0.312061030869, 1.0, 0.0492656733017, 0.18468434343, 0.521560387738, 0.688604156888, 0.88012363603, 0.599260250239, 0.447600805992, 0.862663942603, 0.770427474901, 0.293965672202, 0.795934216298, 0.0, 0.845008767028, 0.027493460915, 0.707870310735, 0.0, 0.0674618303853, 34.9646428914
0.484399853712, 0.0, 0.0, 0.0176043412024, 0.899629103123, 0.945726784636, 0.563692006027, 0.940510093621, 0.0507343956702, 0.457397023111, 0.0, 0.541899648029, 0.254540067895, 0.0592014279426, 0.290925446291, 0.869289942685, 0.297517901389, 1.0, 1.0, 0.0976257322934, 0.411049794556, 0.0, 0.510727901306, 0.987540412667, 0.484399853712, 0.0, 0.0, 0.0176043412024, 32.8945915091
0.679903771858, 0.0, 0.639964187891, 0.0, 0.569543581197, 0.374627912421, 0.90684639629, 0.881988235292, 0.0, 0.461889643384, 0.177084526411, 0.280594752856, 0.791262034192, 0.272370982674, 0.791054557596, 0.452631650369, 0.870561135292, 0.0, 0.0, 0.805803488113, 0.401260435537, 0.422599275967, 0.389686833733, 0.748645577176, 0.679903771858, 0.0, 0.639964187891, 0.0, 31.3186753195
0.539955208358, 0.0953967644146, 0.0117779866086, 0.0, 0.940161169035, 0.0, 1.0, 0.817523945173, 0.0, 0.835886207934, 0.228168750316, 0.0, 0.363782619249, 0.0, 0.417215202488, 0.818246433821, 0.516024117707, 0.591436229148, 0.00675242349893, 1.0, 0.74865454099, 0.195240494785, 0.0, 0.0, 0.539955208358, 0.0953967644146, 0.0117779866086, 0.0, 29.0317542362
0.124350311098, 0.24764283266, 0.0725298751837, 0.0, 0.453934764532, 0.72173135993, 0.195136285993, 0.422824212485, 0.945818978182, 0.840219473628, 0.710662978629, 0.342433458016, 0.567326485485, 0.45293005872, 0.00820914951003, 1.0, 0.0565091339007, 0.88124118394, 0.0181999351108, 0.382926299369, 0.234339647102, 0.433199586231, 0.574496627935, 0.143747170766, 0.124350311098, 0.24764283266, 0.0725298751837, 0.0, 30.9453907638
0.888251145768, 0.0, 0.26226713425, 0.212515911334, 0.655382156285, 0.40928278024, 0.888779421264, 0.381361322555, 0.437574429047, 0.0, 0.539427558917, 0.459618960712, 0.761464915595, 0.344358137754, 0.102941963805, 0.0912407160823, 0.39323321632, 1.0, 0.0, 0.413059564356, 0.699960234203, 0.248557662878, 0.466352369204, 0.386229184009, 0.888251145768, 0.0, 0.26226713425, 0.212515911334, 29.0002548676
0.0714717434016, 0.01241906889, 0.444530135063, 0.0, 0.86659136513, 0.529786370321, 0.173219379897, 0.246244789252, 0.0, 0.236239355689, 0.827678060577, 0.430200544104, 0.780208284227, 0.274603390889, 0.456181726586, 0.531555184928, 0.377891433284, 0.576023115166, 0.505935426758, 0.0, 0.479709084128, 0.356391236581, 0.0, 0.778081105233, 0.0714717434016, 0.01241906889, 0.444530135063, 0.0, 28.9202634136
0.00903641458153, 0.196370326094, 0.0, 0.178950677291, 0.0563503748389, 0.0, 0.984399077788, 0.127030313141, 0.516942083837, 0.324168032761, 0.339591280958, 0.0415851475148, 0.0, 0.0, 0.203057126408, 0.155033002819, 0.382610783011, 0.298018171366, 0.0, 0.0518718841692, 0.118600849713, 0.011251457468, 0.105847430006, 0.0, 0.00903641458153, 0.196370326094, 0.0, 0.178950677291, 18.25428836
0.353036501002, 0.391905471905, 0.553898272418, 0.00975455322761, 0.33687620497, 0.0, 0.10467458132, 0.653482504314, 0.196153572222, 0.94031230844, 0.651703153013, 0.0, 0.155348567295, 0.870385170773, 0.9236484723, 0.443241272153, 0.322585024795, 0.0129762967462, 0.0, 0.907147885441, 0.00917197935264, 0.191687757655, 0.470913323112, 0.0, 0.353036501002, 0.391905471905, 0.553898272418, 0.00975455322761, 26.0715355908
0.448382130296, 0.303025303595, 0.0583277676964, 0.0253407066416, 0.525921332524, 0.724311948755, 0.488799792618, 0.06890812738, 0.673947633541, 0.579766589378, 0.567945663805, 0.476098337432, 0.0324280706996, 0.556670462116, 1.0, 0.417762452964, 0.281063340231, 0.834771556164, 0.247880542206, 0.0, 0.842660571744, 0.0, 0.69620768653, 0.863851790254, 0.448382130296, 0.303025303595, 0.0583277676964, 0.0253407066416, 32.1007200654
0.367856540022, 0.0, 0.176120077272, 0.0, 0.472532819607, 0.0834928902489, 0.585770412859, 0.797940887581, 0.0399845204341, 0.550401038754, 0.912929669315, 0.288612252712, 0.511644658191, 1.0, 0.774443137766, 0.0, 0.27214110403, 1.0, 0.710400116102, 0.507469222069, 0.552997262883, 0.128584176267, 1.0, 0.0, 0.367856540022, 0.0, 0.176120077272, 0.0, 32.787385194
0.277523686232, 0.465970611204, 0.0, 0.172230599734, 0.0290271047753, 0.437949854706, 0.926633256852, 0.292560687437, 0.0694441370774, 0.0, 0.567007789401, 1.0, 0.400383999886, 0.812399396032, 0.374247835226, 1.0, 1.0, 0.975537420592, 0.376734479285, 1.0, 0.267032098304, 0.0, 0.349512455045, 0.034741476636, 0.277523686232, 0.465970611204, 0.0, 0.172230599734, 32.1265584779
1.0, 0.255176104298, 0.694361594279, 0.0, 0.0, 0.696611485394, 0.811004305205, 0.166476762621, 0.398257166761, 0.0, 0.0189302922319, 1.0, 0.350990124646, 0.422951777832, 0.00492045805858, 0.0, 0.0467786905187, 0.700774241604, 0.511892778764, 0.838063296365, 0.562183651796, 0.440658748514, 0.205589311357, 0.681178176428, 1.0, 0.255176104298, 0.694361594279, 0.0, 27.2164173979
0.323754477878, 0.211112108008, 0.0, 0.0, 0.738621431321, 0.223163081992, 0.74832906178, 0.0119831783206, 0.757491915089, 0.57882292149, 0.292063552201, 0.0, 0.568715015981, 0.0, 0.407295644929, 0.749226780263, 1.0, 0.0164708506252, 0.618498293313, 0.660465163928, 0.119647770028, 0.901108265931, 0.845089556216, 0.899273620783, 0.323754477878, 0.211112108008, 0.0, 0.0, 32.6327146356
0.51187440063, 0.566319896411, 0.245601006839, 0.0670528738771, 0.0, 0.308674053076, 0.0805375365544, 0.195068107336, 0.286334300933, 0.0, 1.0, 0.0, 0.0384228257853, 0.500913985409, 0.387264620528, 0.45093351012, 0.255785795582, 0.346324364764, 0.359807886347, 0.0217169647242, 0.0651490114801, 0.187038668416, 0.220364244734, 0.990875895628, 0.51187440063, 0.566319896411, 0.245601006839, 0.0670528738771, 22.7037314126
0.132681336363, 0.0824424503977, 0.415650913073, 0.0, 0.501985267584, 0.093982212829, 0.827945294438, 0.308564371384, 0.0, 0.692206514063, 0.060146846308, 0.0, 0.910577901041, 0.657024813545, 0.371420850131, 0.890214560264, 0.564633663435, 0.806071082368, 0.191363555091, 0.767270399563, 1.0, 0.0159762820159, 0.840449245299, 1.0, 0.132681336363, 0.0824424503977, 0.415650913073, 0.0, 33.502081452
0.0, 0.152799145327, 0.0, 0.0, 0.699705748601, 0.442275587862, 0.888779421264, 0.217160737927, 0.554360304615, 0.925826268559, 0.725475205591, 0.0, 0.629962260038, 0.44691729511, 0.099574914636, 0.794640283205, 0.61293501541, 0.556066055036, 0.0636672833371, 0.838268880771, 0.0, 0.262843586507, 0.0137910904879, 0.954720399808, 0.0, 0.152799145327, 0.0, 0.0, 31.8172996416
0.0478317377581, 0.295872598597, 0.0, 0.0, 1.0, 0.287250672359, 0.547369461558, 0.863980222112, 1.0, 0.382382853488, 1.0, 0.934058253141, 0.53305931328, 0.3958855983, 0.175571710615, 0.472253541034, 0.368779996982, 0.316915590342, 0.437122701009, 0.376852165304, 0.562299660593, 1.0, 0.431213223413, 0.0484358577354, 0.0478317377581, 0.295872598597, 0.0, 0.0, 34.9374093024
0.00260560539291, 0.0, 0.164886036478, 0.0, 0.537703035961, 1.0, 0.629864910954, 0.741745596388, 0.140608283273, 0.344381732102, 1.0, 0.577664025614, 0.334456569579, 0.122192437525, 0.797515311199, 0.984114131607, 0.266537537714, 0.642252851616, 0.299691014098, 0.779247582751, 0.211114437885, 1.0, 0.0, 0.614626324696, 0.00260560539291, 0.0, 0.164886036478, 0.0, 34.7234640316
0.287199087199, 0.756590273186, 0.0, 0.405910990791, 0.904848612339, 0.674278197306, 1.0, 0.0, 0.904468560817, 0.0, 0.673279756312, 0.191628229824, 0.478751949637, 0.972117545403, 0.365044883825, 0.187964501282, 0.196982092332, 0.550503851345, 0.753060521698, 0.499570921319, 0.660397263087, 0.527333920385, 0.0849146257865, 0.00336076710823, 0.287199087199, 0.756590273186, 0.0, 0.405910990791, 31.2436299142
0.17550946534, 0.271240228832, 0.126276906919, 0.36513845726, 0.0, 0.175747262915, 0.952166365267, 0.126130011791, 1.0, 0.480874036943, 0.504641565755, 0.0808369269095, 0.0, 0.378826512941, 0.748156283101, 1.0, 0.318817987295, 0.699903972152, 0.412282793019, 1.0, 0.0, 0.169939729045, 0.109254808583, 0.596601135818, 0.17550946534, 0.271240228832, 0.126276906919, 0.36513845726, 29.4264348708
0.913440149308, 0.0, 0.0, 0.0, 0.387424575934, 0.976035410714, 0.67521308238, 0.33888084977, 0.0, 0.0515869698127, 0.785795921475, 0.454032438414, 0.481441220945, 0.792418589486, 0.403353759757, 0.190751358514, 0.329097751718, 0.253179245526, 0.0, 0.0, 0.639998348147, 0.525555033095, 0.782177158983, 0.274001546678, 0.913440149308, 0.0, 0.0, 0.0, 28.4398541319
0.245216649326, 0.405055861348, 0.0, 0.38473737974, 1.0, 0.748008977122, 0.870967366321, 0.0471953960705, 1.0, 0.681720115787, 0.145351047343, 0.0, 0.52596969999, 0.250287834819, 0.174442199888, 0.0, 0.0, 0.14677898619, 0.524350033307, 0.477504562499, 0.0778498019533, 0.0, 0.0, 0.23157245902, 0.245216649326, 0.405055861348, 0.0, 0.38473737974, 25.381923026
0.613391290132, 0.434103127523, 0.426771688317, 0.0, 0.238602930375, 0.376815036461, 0.46840778176, 0.403807818646, 0.16792941747, 0.357333137651, 0.503221703512, 0.0538936825681, 0.0, 0.775198729163, 0.0, 0.986527746064, 0.472618232378, 0.177938274112, 0.185672772404, 0.267994025654, 1.0, 0.0853233111248, 0.69057762617, 0.285967500266, 0.613391290132, 0.434103127523, 0.426771688317, 0.0, 26.772563316
0.630082376455, 0.0, 0.0, 0.0, 0.712448478467, 0.214281294716, 0.383000096012, 0.0, 0.942996956255, 1.0, 0.322682339035, 0.277467135961, 0.188683732572, 0.526419087541, 0.161420438496, 0.369556306296, 0.0, 0.112664114923, 0.0, 0.3233804239, 0.0, 0.120590136851, 1.0, 0.152008612385, 0.630082376455, 0.0, 0.0, 0.0, 25.2390590842
0.37352013037, 0.0, 0.0, 0.0159206214241, 0.708297432015, 0.299291975597, 0.667577292888, 0.726640851172, 0.502609597595, 0.616293321014, 0.510856139194, 0.366428980852, 0.0, 0.0, 0.179944542031, 0.521005456502, 0.505651028185, 0.60560929338, 0.0, 0.932434102424, 0.562863478668, 1.0, 0.516381562791, 0.299463202971, 0.37352013037, 0.0, 0.0, 0.0159206214241, 31.3666618545
0.488949006359, 0.821944271613, 0.048307099904, 0.575431174061, 0.362724778221, 0.292308031603, 0.0798843911026, 0.64992231611, 0.543192757353, 0.0, 1.0, 0.744373793411, 0.226401304147, 0.383535938242, 0.28608934284, 0.0, 0.056918347005, 0.419982776661, 0.0, 0.259590597877, 0.947659412889, 0.761650555242, 0.98100808086, 0.0, 0.488949006359, 0.821944271613, 0.048307099904, 0.575431174061, 27.6138957438
0.0, 0.318340947453, 0.0818080850762, 0.22495201314, 0.339512515429, 0.622869052124, 0.738129882463, 0.551699489397, 0.640500943034, 0.349786700786, 0.2697497634, 0.175714863977, 1.0, 1.0, 0.606619254798, 0.151745076778, 0.0, 0.477910987659, 0.564942703342, 0.0, 0.0, 0.865466402714, 0.320343528616, 0.155165632011, 0.0, 0.318340947453, 0.0818080850762, 0.22495201314, 29.6716493851
0.175943324723, 0.254222241697, 0.0349163799752, 0.140170561703, 0.336602730358, 0.66664664409, 0.772174027016, 0.131662785765, 1.0, 0.768052757031, 0.0, 0.445866917223, 0.344432177537, 0.0212410986378, 0.256983047505, 1.0, 0.977010332179, 0.104206756503, 0.0, 0.52520823091, 0.0548506898812, 0.366839015089, 0.0, 0.0, 0.175943324723, 0.254222241697, 0.0349163799752, 0.140170561703, 27.2665653595
