0.482723988153, 0.0650397418623, 0.423524692337, 0.079619807655, 0.0618304369933, 0.39646941757, 0.641860170316, 0.145812595075, 0.0732386126895, 0.265826029678, 0.99984452102, 7.15734703863
0.482723988153, 0.0650397418623, 0.423524692337, 0.079619807655, 0.0618304369933, 0.39646941757, 0.641860170316, 0.145812595075, 0.0732386126895, 0.265826029678, 0.99984452102, 7.15734703863
0.262367396513, 0.0650397418623, 0.423524692337, 0.079619807655, 0.0618304369933, 0.39646941757, 0.641860170316, 0.145812595075, 0.0732386126895, 0.339592144493, 0.70299394051, 7.28036614988
0.262367396513, 0.0650397418623, 0.423524692337, 0.079619807655, 0.0618304369933, 0.39646941757, 0.641860170316, 0.145812595075, 0.0732386126895, 0.339592144493, 0.70299394051, 7.28036614988
0.904064349578, 0.0650397418623, 0.423524692337, 0.079619807655, 0.0618304369933, 0.39646941757, 0.641860170316, 0.145812595075, 0.0732386126895, 0.339592144493, 0.97734016188, 7.21762570698
0.904064349578, 0.0650397418623, 0.423524692337, 0.079619807655, 0.0618304369933, 0.39646941757, 0.641860170316, 0.145812595075, 0.0732386126895, 0.339592144493, 0.97734016188, 7.21762570698
0.0838236335844, 0.365394368932, 0.98957254179, 0.0430050643015, 0.0361046999164, 0.614331357432, 0.0937841717754, 0.0236672838989, 0.691278940529, 0.0339086811044, 0.285055797977, 7.76511719553
0.0838236335844, 0.365394368932, 0.98957254179, 0.0430050643015, 0.0361046999164, 0.614331357432, 0.0937841717754, 0.0236672838989, 0.691278940529, 0.0339086811044, 0.285055797977, 7.76511719553
0.0836361409593, 0.0322892892749, 0.194908112689, 0.642420776249, 0.181121425562, 0.0276210888712, 0.436887939655, 0.707805673968, 0.67067762419, 0.867160797768, 0.28440599212, 8.22627997444
0.0836361409593, 0.0322892892749, 0.194908112689, 0.642420776249, 0.181121425562, 0.0276210888712, 0.436887939655, 0.707805673968, 0.67067762419, 0.867160797768, 0.28440599212, 8.22627997444
0.084902359901, 0.29752021829, 0.400054029286, 0.0750039984914, 0.209124733752, 0.656292451409, 0.16338664646, 0.0995388575601, 0.459076133875, 0.416489239813, 0.289817958046, 7.69652622464
0.084902359901, 0.29752021829, 0.400054029286, 0.0750039984914, 0.209124733752, 0.656292451409, 0.16338664646, 0.0995388575601, 0.459076133875, 0.416489239813, 0.289817958046, 7.69652622464
0.158176465074, 0.29752021829, 0.400054029286, 0.271483314466, 0.328618982798, 0.0162134117988, 0.16338664646, 0.195447308769, 0.369146238216, 0.147318803083, 0.999991302357, 7.18391834123
0.158176465074, 0.29752021829, 0.400054029286, 0.271483314466, 0.328618982798, 0.0162134117988, 0.16338664646, 0.195447308769, 0.369146238216, 0.147318803083, 0.999991302357, 7.18391834123
0.20899111903, 0.46974869842, 0.914439658823, 0.0422168415429, 0.228448545385, 0.0213383602658, 0.547014551948, 0.40536096247, 0.0212515245319, 0.0294912488285, 0.941686816753, 7.53199911623
0.20899111903, 0.46974869842, 0.914439658823, 0.0422168415429, 0.228448545385, 0.0213383602658, 0.547014551948, 0.40536096247, 0.0212515245319, 0.0294912488285, 0.941686816753, 7.53199911623
0.262367396513, 0.0650397418623, 0.423524692337, 0.0327594488652, 0.0618304369933, 0.39646941757, 0.641860170316, 0.145812595075, 0.0462204049139, 0.811973511793, 0.70299394051, 7.54940499859
0.262367396513, 0.0650397418623, 0.423524692337, 0.0327594488652, 0.0618304369933, 0.39646941757, 0.641860170316, 0.145812595075, 0.0462204049139, 0.811973511793, 0.70299394051, 7.54940499859
0.904064349578, 0.0650397418623, 0.423524692337, 0.079619807655, 0.0618304369933, 0.39646941757, 0.202210515117, 0.145812595075, 0.558469671577, 0.339592144493, 0.97734016188, 7.25042755232
0.904064349578, 0.0650397418623, 0.423524692337, 0.079619807655, 0.0618304369933, 0.39646941757, 0.202210515117, 0.145812595075, 0.558469671577, 0.339592144493, 0.97734016188, 7.25042755232
0.904064349578, 0.0650397418623, 0.423524692337, 0.079619807655, 0.0618304369933, 0.39646941757, 0.202210515117, 0.145812595075, 0.558469671577, 0.339592144493, 0.97734016188, 7.25042755232
0.904064349578, 0.0650397418623, 0.423524692337, 0.079619807655, 0.0618304369933, 0.39646941757, 0.202210515117, 0.145812595075, 0.558469671577, 0.339592144493, 0.97734016188, 7.25042755232
0.0838236335844, 0.365394368932, 0.98957254179, 0.0430050643015, 0.0361046999164, 0.614331357432, 0.112891705691, 0.0236672838989, 0.885013323933, 0.0339086811044, 0.285055797977, 7.88668183734
0.0838236335844, 0.365394368932, 0.98957254179, 0.0430050643015, 0.0361046999164, 0.614331357432, 0.112891705691, 0.0236672838989, 0.885013323933, 0.0339086811044, 0.285055797977, 7.88668183734
0.20899111903, 0.46974869842, 0.914439658823, 0.0972695257556, 0.228448545385, 0.0359517393963, 0.547014551948, 0.40536096247, 0.0212515245319, 0.0294912488285, 0.941686816753, 7.5754434331
0.20899111903, 0.46974869842, 0.914439658823, 0.0972695257556, 0.228448545385, 0.0359517393963, 0.547014551948, 0.40536096247, 0.0212515245319, 0.0294912488285, 0.941686816753, 7.5754434331
0.403240679405, 0.0547364824468, 0.276756966719, 0.138876715113, 0.361104572968, 0.30789570119, 0.532886945304, 0.239802095131, 0.722590975064, 0.159656962699, 0.835885119468, 7.62763406521
0.403240679405, 0.0547364824468, 0.276756966719, 0.138876715113, 0.361104572968, 0.30789570119, 0.532886945304, 0.239802095131, 0.722590975064, 0.159656962699, 0.835885119468, 7.62763406521
0.419150556514, 0.365394368932, 0.911543738341, 0.0430050643015, 0.242562108645, 0.0585374250988, 0.207454903077, 0.00946809417292, 0.734433421115, 0.550908962662, 0.814217943094, 7.82389796879
0.419150556514, 0.365394368932, 0.911543738341, 0.0430050643015, 0.242562108645, 0.0585374250988, 0.207454903077, 0.00946809417292, 0.734433421115, 0.550908962662, 0.814217943094, 7.82389796879
0.118404225784, 0.29752021829, 0.400054029286, 0.0750039984914, 0.209124733752, 0.656292451409, 0.16338664646, 0.0995388575601, 0.480319220885, 0.416489239813, 0.849380953224, 7.62676799553
0.118404225784, 0.29752021829, 0.400054029286, 0.0750039984914, 0.209124733752, 0.656292451409, 0.16338664646, 0.0995388575601, 0.480319220885, 0.416489239813, 0.849380953224, 7.62676799553
0.904064349578, 0.24721184128, 0.00342616001652, 0.079619807655, 0.0618304369933, 0.557709800438, 0.587487102374, 0.145812595075, 0.324212018222, 0.291785218798, 0.97734016188, 7.26928769969
0.904064349578, 0.24721184128, 0.00342616001652, 0.079619807655, 0.0618304369933, 0.557709800438, 0.587487102374, 0.145812595075, 0.324212018222, 0.291785218798, 0.97734016188, 7.26928769969
0.904064349578, 0.24721184128, 0.00342616001652, 0.079619807655, 0.0618304369933, 0.557709800438, 0.587487102374, 0.145812595075, 0.324212018222, 0.291785218798, 0.97734016188, 7.26928769969
0.904064349578, 0.24721184128, 0.00342616001652, 0.079619807655, 0.0618304369933, 0.557709800438, 0.587487102374, 0.145812595075, 0.324212018222, 0.291785218798, 0.97734016188, 7.26928769969
0.158176465074, 0.29752021829, 0.350720341997, 0.271483314466, 0.328618982798, 0.148968025991, 0.16338664646, 0.195447308769, 0.387633915068, 0.147318803083, 0.999991302357, 7.25756048888
0.158176465074, 0.29752021829, 0.350720341997, 0.271483314466, 0.328618982798, 0.148968025991, 0.16338664646, 0.195447308769, 0.387633915068, 0.147318803083, 0.999991302357, 7.25756048888
0.158176465074, 0.29752021829, 0.350720341997, 0.271483314466, 0.328618982798, 0.148968025991, 0.16338664646, 0.195447308769, 0.387633915068, 0.147318803083, 0.999991302357, 7.25756048888
0.158176465074, 0.29752021829, 0.350720341997, 0.271483314466, 0.328618982798, 0.148968025991, 0.16338664646, 0.195447308769, 0.387633915068, 0.147318803083, 0.999991302357, 7.25756048888
0.0838236335844, 0.365394368932, 0.98957254179, 0.0430050643015, 0.242667728235, 0.614331357432, 0.207454903077, 0.0236672838989, 0.691278940529, 0.0339086811044, 0.285055797977, 7.9456565323
0.0838236335844, 0.365394368932, 0.98957254179, 0.0430050643015, 0.242667728235, 0.614331357432, 0.207454903077, 0.0236672838989, 0.691278940529, 0.0339086811044, 0.285055797977, 7.9456565323
0.403240679405, 0.271637315834, 0.206391706591, 0.138876715113, 0.361104572968, 0.176458985749, 0.532886945304, 0.244984663303, 0.784658579632, 0.159656962699, 0.835885119468, 7.6771634309
0.403240679405, 0.271637315834, 0.206391706591, 0.138876715113, 0.361104572968, 0.176458985749, 0.532886945304, 0.244984663303, 0.784658579632, 0.159656962699, 0.835885119468, 7.6771634309
0.419150556514, 0.365394368932, 0.911543738341, 0.0430050643015, 0.391068791868, 0.0585374250988, 0.207454903077, 0.00946809417292, 0.734433421115, 0.550908962662, 0.814217943094, 7.90543201237
0.419150556514, 0.365394368932, 0.911543738341, 0.0430050643015, 0.391068791868, 0.0585374250988, 0.207454903077, 0.00946809417292, 0.734433421115, 0.550908962662, 0.814217943094, 7.90543201237
0.118404225784, 0.29752021829, 0.400054029286, 0.165691129267, 0.219079571141, 0.656292451409, 0.16338664646, 0.0995388575601, 0.459076133875, 0.416489239813, 0.849380953224, 7.67451596788
0.118404225784, 0.29752021829, 0.400054029286, 0.165691129267, 0.219079571141, 0.656292451409, 0.16338664646, 0.0995388575601, 0.459076133875, 0.416489239813, 0.849380953224, 7.67451596788
0.118404225784, 0.29752021829, 0.400054029286, 0.165691129267, 0.219079571141, 0.656292451409, 0.16338664646, 0.0995388575601, 0.459076133875, 0.416489239813, 0.849380953224, 7.67451596788
0.118404225784, 0.29752021829, 0.400054029286, 0.165691129267, 0.219079571141, 0.656292451409, 0.16338664646, 0.0995388575601, 0.459076133875, 0.416489239813, 0.849380953224, 7.67451596788
0.214821886743, 0.138154549091, 0.911543738341, 0.0683677844434, 0.295708876289, 0.614331357432, 0.00390983701976, 0.0145646346885, 0.585703701554, 0.224917830673, 0.89854338425, 7.65154762624
0.214821886743, 0.138154549091, 0.911543738341, 0.0683677844434, 0.295708876289, 0.614331357432, 0.00390983701976, 0.0145646346885, 0.585703701554, 0.224917830673, 0.89854338425, 7.65154762624
0.904064349578, 0.24721184128, 0.00342616001652, 0.079619807655, 0.0618304369933, 0.557709800438, 0.587487102374, 0.145812595075, 0.324212018222, 0.331380554941, 0.97734016188, 7.29713597756
0.904064349578, 0.24721184128, 0.00342616001652, 0.079619807655, 0.0618304369933, 0.557709800438, 0.587487102374, 0.145812595075, 0.324212018222, 0.331380554941, 0.97734016188, 7.29713597756
0.902363189534, 0.0698924597767, 0.239857752079, 0.079619807655, 0.0618304369933, 0.557709800438, 0.587487102374, 0.064479834227, 0.324212018222, 0.339592144493, 0.978295216781, 7.28707242655
0.902363189534, 0.0698924597767, 0.239857752079, 0.079619807655, 0.0618304369933, 0.557709800438, 0.587487102374, 0.064479834227, 0.324212018222, 0.339592144493, 0.978295216781, 7.28707242655
0.0774165351903, 0.0322892892749, 0.194908112689, 0.536578280712, 0.607834006091, 0.168658773479, 0.436887939655, 0.707805673968, 0.7895603674, 0.0279381032982, 0.293237025397, 8.09784988903
0.0774165351903, 0.0322892892749, 0.194908112689, 0.536578280712, 0.607834006091, 0.168658773479, 0.436887939655, 0.707805673968, 0.7895603674, 0.0279381032982, 0.293237025397, 8.09784988903
0.0838236335844, 0.365394368932, 0.98957254179, 0.0430050643015, 0.242667728235, 0.614331357432, 0.207454903077, 0.356355900607, 0.691278940529, 0.0339086811044, 0.285055797977, 8.11942748324
0.0838236335844, 0.365394368932, 0.98957254179, 0.0430050643015, 0.242667728235, 0.614331357432, 0.207454903077, 0.356355900607, 0.691278940529, 0.0339086811044, 0.285055797977, 8.11942748324
0.107405304418, 0.0194275452291, 0.194908112689, 0.0617281549572, 0.181121425562, 0.173319865259, 0.436887939655, 0.707805673968, 0.67067762419, 0.867160797768, 0.656893161045, 7.9564609154
0.107405304418, 0.0194275452291, 0.194908112689, 0.0617281549572, 0.181121425562, 0.173319865259, 0.436887939655, 0.707805673968, 0.67067762419, 0.867160797768, 0.656893161045, 7.9564609154
0.403240679405, 0.342694966993, 0.276756966719, 0.138876715113, 0.361104572968, 0.30789570119, 0.422640697097, 0.327528883756, 0.722590975064, 0.00656747732726, 0.835885119468, 7.69494142549
0.403240679405, 0.342694966993, 0.276756966719, 0.138876715113, 0.361104572968, 0.30789570119, 0.422640697097, 0.327528883756, 0.722590975064, 0.00656747732726, 0.835885119468, 7.69494142549
0.419150556514, 0.137364862941, 0.239857752079, 0.379607740148, 0.112303954928, 0.0260267003057, 0.409299244652, 0.638327020855, 0.737961202389, 0.602284891411, 0.814217943094, 7.91147701479
0.419150556514, 0.137364862941, 0.239857752079, 0.379607740148, 0.112303954928, 0.0260267003057, 0.409299244652, 0.638327020855, 0.737961202389, 0.602284891411, 0.814217943094, 7.91147701479
0.214821886743, 0.138154549091, 0.911543738341, 0.0683677844434, 0.307798643229, 0.614331357432, 0.00283895907123, 0.0145646346885, 0.585703701554, 0.224917830673, 0.89854338425, 7.65813879858
0.214821886743, 0.138154549091, 0.911543738341, 0.0683677844434, 0.307798643229, 0.614331357432, 0.00283895907123, 0.0145646346885, 0.585703701554, 0.224917830673, 0.89854338425, 7.65813879858
0.904064349578, 0.0220506305471, 0.363732569895, 0.079619807655, 0.0618304369933, 0.39646941757, 0.641860170316, 0.145812595075, 0.359763138737, 0.339592144493, 0.97734016188, 7.34690088856
0.904064349578, 0.0220506305471, 0.363732569895, 0.079619807655, 0.0618304369933, 0.39646941757, 0.641860170316, 0.145812595075, 0.359763138737, 0.339592144493, 0.97734016188, 7.34690088856
0.0774165351903, 0.0322892892749, 0.194908112689, 0.796291285479, 0.284077824818, 0.168658773479, 0.436887939655, 0.707805673968, 0.930065397553, 0.0279381032982, 0.293237025397, 8.13638234332
0.0774165351903, 0.0322892892749, 0.194908112689, 0.796291285479, 0.284077824818, 0.168658773479, 0.436887939655, 0.707805673968, 0.930065397553, 0.0279381032982, 0.293237025397, 8.13638234332
0.0838236335844, 0.135762018262, 0.98957254179, 0.0430050643015, 0.871327246263, 0.614331357432, 0.207454903077, 0.0236672838989, 0.691278940529, 0.0339086811044, 0.285055797977, 8.1525997909
0.0838236335844, 0.135762018262, 0.98957254179, 0.0430050643015, 0.871327246263, 0.614331357432, 0.207454903077, 0.0236672838989, 0.691278940529, 0.0339086811044, 0.285055797977, 8.1525997909
0.22481429168, 0.117042953912, 0.437339026266, 0.860992746205, 0.42797476133, 0.143163146206, 0.451334523091, 0.45177719984, 0.168065665855, 0.409357102533, 0.798592754582, 8.01158979515
0.22481429168, 0.117042953912, 0.437339026266, 0.860992746205, 0.42797476133, 0.143163146206, 0.451334523091, 0.45177719984, 0.168065665855, 0.409357102533, 0.798592754582, 8.01158979515
0.26476167558, 0.0322892892749, 0.194908112689, 0.127371202317, 0.181121425562, 0.168658773479, 0.436887939655, 0.842334186847, 0.634022288254, 0.991157634183, 0.725931770602, 8.09721575472
0.26476167558, 0.0322892892749, 0.194908112689, 0.127371202317, 0.181121425562, 0.168658773479, 0.436887939655, 0.842334186847, 0.634022288254, 0.991157634183, 0.725931770602, 8.09721575472
0.89212565701, 0.0600062310008, 0.455112734451, 0.079619807655, 0.0618304369933, 0.337130125849, 0.641860170316, 0.145812595075, 0.324212018222, 0.339592144493, 0.985516657347, 7.36815767978
0.89212565701, 0.0600062310008, 0.455112734451, 0.079619807655, 0.0618304369933, 0.337130125849, 0.641860170316, 0.145812595075, 0.324212018222, 0.339592144493, 0.985516657347, 7.36815767978
0.0838236335844, 0.836892626945, 0.98957254179, 0.0430050643015, 0.871327246263, 0.614331357432, 0.207454903077, 0.0236672838989, 0.691278940529, 0.25889778094, 0.285055797977, 8.57387063385
0.0838236335844, 0.836892626945, 0.98957254179, 0.0430050643015, 0.871327246263, 0.614331357432, 0.207454903077, 0.0236672838989, 0.691278940529, 0.25889778094, 0.285055797977, 8.57387063385
0.253448709853, 0.117042953912, 0.981637689794, 0.15206512537, 0.162009599355, 0.0763518632755, 0.120201075924, 0.918238495452, 0.867033285974, 0.339147739329, 0.641734652066, 8.17291696417
0.419150556514, 0.365394368932, 0.911543738341, 0.0430050643015, 0.259186889174, 0.0812629574393, 0.207454903077, 0.156619534024, 0.734433421115, 0.550908962662, 0.814217943094, 7.92584244285
0.0774165351903, 0.0322892892749, 0.194908112689, 0.70940328052, 0.607834006091, 0.168658773479, 0.436887939655, 0.966573556361, 0.909128940552, 0.0279381032982, 0.293237025397, 8.36270415792
0.253448709853, 0.117042953912, 0.981637689794, 0.15206512537, 0.162009599355, 0.0763518632755, 0.120201075924, 0.918238495452, 0.867033285974, 0.339147739329, 0.641734652066, 8.17291696417
0.0958189454571, 0.29752021829, 0.983411997719, 0.271483314466, 0.207289811872, 0.656292451409, 0.113497449369, 0.0581841259794, 0.459076133875, 0.917084059164, 0.423626374975, 8.31026581989
0.725674407972, 0.365394368932, 0.799507718231, 0.0430050643015, 0.00348364405739, 0.614331357432, 0.207454903077, 0.00490862354205, 0.890449128129, 0.0209329870459, 0.971471835623, 7.68869359046
0.0958189454571, 0.29752021829, 0.983411997719, 0.271483314466, 0.207289811872, 0.656292451409, 0.113497449369, 0.0581841259794, 0.459076133875, 0.917084059164, 0.423626374975, 8.31026581989
0.904064349578, 0.0220506305471, 0.423524692337, 0.079619807655, 0.0618304369933, 0.39646941757, 0.641860170316, 0.145812595075, 0.359763138737, 0.339592144493, 0.97734016188, 7.38735638526
0.419150556514, 0.365394368932, 0.911543738341, 0.0430050643015, 0.259186889174, 0.0812629574393, 0.207454903077, 0.156619534024, 0.734433421115, 0.550908962662, 0.814217943094, 7.92584244285
0.403240679405, 0.271637315834, 0.206391706591, 0.138876715113, 0.361104572968, 0.176458985749, 0.637017374493, 0.327528883756, 0.722590975064, 0.159656962699, 0.835885119468, 7.7501120648
