0.078500691388, 0.442176670189, 0.0, 0.0, 0.0, 0.0295974115917, 0.0, 0.0, 0.0137441905204, 0.0, 0.0985035993213, 0.0, 0.0, 0.714284641477, 0.0, 0.465710654892, 0.0, 0.246772304123, 0.0, 0.0, 0.758784246757, 0.0, 0.0, 0.0, 0.0, 0.0, 0.0, 0.283336748732, 41.0, 0.0, 1.26411849524
0.078500691388, 0.442176670189, 0.0, 0.0, 0.0, 0.0295974115917, 0.0, 0.0, 0.0137441905204, 0.0, 0.0985035993213, 0.0, 0.0, 0.714284641477, 0.0, 0.465710654892, 0.0, 0.246772304123, 0.0, 0.0, 0.758784246757, 0.0, 0.0, 0.0, 0.0, 0.0, 0.0, 0.283336748732, 41.0, 0.0, 1.26411849524
0.078500691388, 0.442176670189, 0.0, 0.0, 0.0, 0.0295974115917, 0.0, 0.0, 0.0137441905204, 0.0, 0.0985035993213, 0.0, 0.0, 0.445603875917, 0.0, 0.465710654892, 0.0, 0.246772304123, 0.0, 0.0, 0.758784246757, 0.0, 0.0, 0.0, 0.0, 0.0, 0.0, 0.283336748732, 45.0, 0.0, 0.396069351832
0.078500691388, 0.442176670189, 0.0, 0.0, 0.0, 0.0295974115917, 0.0, 0.0, 0.0137441905204, 0.0, 0.0985035993213, 0.0, 0.0, 0.445603875917, 0.0, 0.465710654892, 0.0, 0.246772304123, 0.0, 0.0, 0.758784246757, 0.0, 0.0, 0.0, 0.0, 0.0, 0.0, 0.283336748732, 45.0, 0.0, 0.396069351832
0.0, 0.0, 0.0385897882094, 0.0, 0.0, 0.0, 0.0, 0.312219576434, 0.34693994696, 0.0, 0.0, 0.0, 0.0, 0.875140290516, 0.166085999853, 0.430582340414, 0.0, 0.0, 0.16489942971, 0.502260086922, 0.742984279398, 0.0, 1.0, 0.0, 1.0, 0.0, 1.0, 0.330341526156, 28.0, 0.0, 4.17248859679
0.0, 0.0, 0.0385897882094, 0.0, 0.0, 0.0, 0.0, 0.312219576434, 0.34693994696, 0.0, 0.0, 0.0, 0.0, 0.875140290516, 0.166085999853, 0.430582340414, 0.0, 0.0, 0.16489942971, 0.502260086922, 0.742984279398, 0.0, 1.0, 0.0, 1.0, 0.0, 1.0, 0.330341526156, 28.0, 0.0, 4.17248859679
0.0, 0.0, 0.0, 0.0, 0.70126770651, 0.0, 0.0, 0.0977704018558, 0.0, 0.0, 0.0, 0.0, 0.690987855448, 0.065169265285, 0.388140964421, 0.430582340414, 0.0, 0.0, 0.0, 0.502260086922, 0.742984279398, 0.0, 1.0, 0.0, 1.0, 0.0, 1.0, 0.325174606369, 27.0, 0.0, 4.73397250016
0.0, 0.0, 0.0, 0.0, 0.70126770651, 0.0, 0.0, 0.0977704018558, 0.0, 0.0, 0.0, 0.0, 0.690987855448, 0.065169265285, 0.388140964421, 0.430582340414, 0.0, 0.0, 0.0, 0.502260086922, 0.742984279398, 0.0, 1.0, 0.0, 1.0, 0.0, 1.0, 0.325174606369, 27.0, 0.0, 4.73397250016
0.0, 0.245646038211, 0.0, 0.454220350249, 0.0, 0.996642925637, 0.0, 0.0307635654992, 0.0, 1.0, 0.584206949595, 0.0666946680514, 0.0, 0.888558692952, 1.0, 1.0, 0.0, 0.0, 0.630706894964, 0.0, 0.636487259934, 0.0, 1.0, 0.918097990567, 0.0, 0.0, 0.0, 1.0, 17.0, 2.0, 8.05454888788
0.0, 0.245646038211, 0.0, 0.454220350249, 0.0, 0.996642925637, 0.0, 0.0307635654992, 0.0, 1.0, 0.584206949595, 0.0666946680514, 0.0, 0.888558692952, 1.0, 1.0, 0.0, 0.0, 0.630706894964, 0.0, 0.636487259934, 0.0, 1.0, 0.918097990567, 0.0, 0.0, 0.0, 1.0, 17.0, 2.0, 8.05454888788
0.990806444742, 0.0, 0.0, 0.0, 0.682586228766, 1.0, 0.0, 0.0, 0.0, 0.0, 0.780183537373, 0.0, 0.0, 0.0225399525529, 0.0, 0.965965504168, 0.625627231945, 0.0, 1.0, 1.0, 0.0, 0.939630438489, 0.818908150609, 0.755821495838, 0.0, 0.0, 0.451781427733, 0.637744207799, 17.0, 1.0, 8.81438600245
0.990806444742, 0.0, 0.0, 0.0, 0.682586228766, 1.0, 0.0, 0.0, 0.0, 0.0, 0.780183537373, 0.0, 0.0, 0.0225399525529, 0.0, 0.965965504168, 0.625627231945, 0.0, 1.0, 1.0, 0.0, 0.939630438489, 0.818908150609, 0.755821495838, 0.0, 0.0, 0.451781427733, 0.637744207799, 17.0, 1.0, 8.81438600245
0.84464310248, 0.947832705702, 0.215883038844, 1.0, 0.0, 0.995324908801, 0.0, 0.0265324166001, 0.956667169598, 0.600908839228, 0.652944916221, 0.47371576241, 0.0, 1.0, 0.959808300048, 0.512080639787, 0.38292612686, 0.0, 0.630706894964, 0.789017504016, 0.758840875214, 0.0238146073863, 1.0, 0.838857279167, 0.153469180076, 0.347575035664, 0.0, 1.0, 8.0, 1.0, 12.8176532362
0.84464310248, 0.947832705702, 0.215883038844, 1.0, 0.0, 0.995324908801, 0.0, 0.0265324166001, 0.956667169598, 0.600908839228, 0.652944916221, 0.47371576241, 0.0, 1.0, 0.959808300048, 0.512080639787, 0.38292612686, 0.0, 0.630706894964, 0.789017504016, 0.758840875214, 0.0238146073863, 1.0, 0.838857279167, 0.153469180076, 0.347575035664, 0.0, 1.0, 8.0, 1.0, 12.8176532362
1.0, 0.0, 0.0, 0.0, 0.789441717665, 1.0, 0.773171214455, 0.0, 0.231401952958, 0.0, 0.780183537373, 0.0, 0.0, 0.873572641832, 0.0, 0.472628231748, 0.390564492614, 0.0, 0.0, 1.0, 0.0, 0.851630405735, 0.268044214478, 0.0, 0.0, 0.701495415713, 0.0, 0.0, 23.0, 0.0, 6.63505375685
1.0, 0.0, 0.0, 0.177293028244, 0.789441717665, 1.0, 0.773171214455, 0.0, 0.231401952958, 0.0, 0.779344728877, 0.0, 0.0, 0.873572641832, 0.0, 0.472628231748, 0.390564492614, 0.0, 0.0, 1.0, 0.0, 0.851630405735, 0.268044214478, 0.0, 0.0, 0.859812020397, 0.0, 0.0, 23.0, 0.0, 6.63505375685
1.0, 0.0, 0.0, 0.0, 0.789441717665, 1.0, 0.773171214455, 0.0, 0.231401952958, 0.0, 0.780183537373, 0.0, 0.0, 0.873572641832, 0.0, 0.472628231748, 0.390564492614, 0.0, 0.0, 1.0, 0.0, 0.851630405735, 0.268044214478, 0.0, 0.0, 0.701495415713, 0.0, 0.0, 23.0, 0.0, 6.63505375685
1.0, 0.0, 0.0, 0.177293028244, 0.789441717665, 1.0, 0.773171214455, 0.0, 0.231401952958, 0.0, 0.779344728877, 0.0, 0.0, 0.873572641832, 0.0, 0.472628231748, 0.390564492614, 0.0, 0.0, 1.0, 0.0, 0.851630405735, 0.268044214478, 0.0, 0.0, 0.859812020397, 0.0, 0.0, 23.0, 0.0, 6.63505375685
1.0, 0.610984029492, 0.672893322745, 1.0, 1.0, 1.0, 0.741652900149, 0.391580458071, 0.0995765187505, 1.0, 0.595085621989, 0.0, 0.278359236468, 0.875140290516, 1.0, 1.0, 1.0, 1.0, 0.349085009855, 1.0, 0.0, 1.0, 0.695676806427, 0.62021138766, 0.901112214954, 0.0, 0.290242474575, 0.666389944535, 4.0, 0.0, 15.085041201
1.0, 0.610984029492, 0.672893322745, 1.0, 1.0, 1.0, 0.741652900149, 0.391580458071, 0.0995765187505, 1.0, 0.595085621989, 0.0, 0.278359236468, 0.875140290516, 1.0, 1.0, 1.0, 1.0, 0.349085009855, 1.0, 0.0, 1.0, 0.695676806427, 0.62021138766, 0.901112214954, 0.0, 0.290242474575, 0.666389944535, 4.0, 0.0, 15.085041201
0.990806444742, 0.0, 0.0, 0.0, 0.682586228766, 1.0, 0.0, 0.0171889524284, 0.410161420114, 0.0, 0.780183537373, 0.0, 0.0, 0.267671908517, 0.0, 0.450916207414, 0.625627231945, 0.0, 0.0, 1.0, 0.0, 0.939630438489, 0.818908150609, 0.541964447273, 0.0, 0.0, 0.0, 0.626591642808, 22.0, 1.0, 6.58028769318
0.990806444742, 0.0, 0.0, 0.0, 0.682586228766, 1.0, 0.0, 0.0171889524284, 0.410161420114, 0.0, 0.780183537373, 0.0, 0.0, 0.267671908517, 0.0, 0.450916207414, 0.625627231945, 0.0, 0.0, 1.0, 0.0, 0.939630438489, 0.818908150609, 0.541964447273, 0.0, 0.0, 0.0, 0.626591642808, 22.0, 1.0, 6.58028769318
0.0, 0.0, 0.0, 0.575736347116, 0.0, 0.597530912133, 0.050085088673, 0.0, 1.0, 0.0, 0.0248676130439, 1.0, 0.271119811595, 1.0, 0.0, 0.945873807765, 0.652546896403, 1.0, 0.0, 0.62706427643, 0.538889729856, 0.483052165879, 0.124838892888, 0.0, 1.0, 0.0, 1.0, 0.375340103356, 13.0, 0.0, 11.3142805334
0.0, 0.0, 0.0, 0.575736347116, 0.0, 0.597530912133, 0.050085088673, 0.0, 1.0, 0.0, 0.0248676130439, 1.0, 0.430389250617, 1.0, 0.0, 0.945873807765, 0.652546896403, 1.0, 0.0, 0.62706427643, 0.538889729856, 0.483052165879, 0.284064950741, 0.0, 1.0, 0.0, 1.0, 0.375340103356, 13.0, 0.0, 11.3142805334
0.0, 0.0, 0.0, 0.575736347116, 0.0, 0.597530912133, 0.050085088673, 0.0, 1.0, 0.0, 0.0248676130439, 1.0, 0.271119811595, 1.0, 0.0, 0.945873807765, 0.652546896403, 1.0, 0.0, 0.62706427643, 0.538889729856, 0.483052165879, 0.124838892888, 0.0, 1.0, 0.0, 1.0, 0.375340103356, 13.0, 0.0, 11.3142805334
0.0, 0.0, 0.0, 0.575736347116, 0.0, 0.597530912133, 0.050085088673, 0.0, 1.0, 0.0, 0.0248676130439, 1.0, 0.430389250617, 1.0, 0.0, 0.945873807765, 0.652546896403, 1.0, 0.0, 0.62706427643, 0.538889729856, 0.483052165879, 0.284064950741, 0.0, 1.0, 0.0, 1.0, 0.375340103356, 13.0, 0.0, 11.3142805334
0.0, 0.0, 0.0, 0.17528336668, 0.431449170101, 0.0, 0.265132187521, 0.0562741338875, 1.0, 0.0, 0.0, 1.0, 1.0, 0.870530179029, 0.247399862622, 1.0, 1.0, 1.0, 0.545689591949, 1.0, 1.0, 0.0, 0.0, 0.197641019196, 0.822966946546, 0.0, 0.793468677015, 0.414339402734, 16.0, 0.0, 10.3112883897
0.0, 0.0, 0.0, 0.17528336668, 0.431449170101, 0.0, 0.265132187521, 0.0562741338875, 1.0, 0.0, 0.0, 1.0, 1.0, 0.870530179029, 0.247399862622, 1.0, 1.0, 1.0, 0.545689591949, 1.0, 1.0, 0.0, 0.0, 0.197641019196, 0.822966946546, 0.0, 0.793468677015, 0.414339402734, 16.0, 0.0, 10.3112883897
0.990806444742, 0.0, 0.092534057175, 0.0, 0.682586228766, 1.0, 0.610879424288, 0.0, 0.0, 0.33856648763, 0.780183537373, 0.0, 0.0, 1.0, 0.0, 0.965965504168, 0.625627231945, 0.333333157573, 0.0, 1.0, 0.0, 0.939630438489, 0.818908150609, 0.835722712976, 0.833072784608, 0.0, 0.0, 0.626591642808, 12.0, 1.0, 10.1333859976
0.990806444742, 0.0, 0.092534057175, 0.0, 0.682586228766, 1.0, 0.610879424288, 0.0, 0.0, 0.33856648763, 0.780183537373, 0.0, 0.0, 1.0, 0.0, 0.965965504168, 0.625627231945, 0.333333157573, 0.0, 1.0, 0.0, 0.939630438489, 0.818908150609, 0.835722712976, 0.833072784608, 0.0, 0.0, 0.626591642808, 12.0, 1.0, 10.1333859976
0.00888498496863, 0.0, 0.0, 0.0, 0.533313122425, 0.418512223802, 0.0, 0.0977704018558, 0.0273249957111, 0.0, 0.0, 0.270515796457, 0.0, 0.714284641477, 0.0, 1.0, 0.210232567224, 0.0, 0.0, 0.0, 0.951794188217, 0.0, 0.0, 0.0, 0.0, 0.0, 0.0, 0.0, 36.0, 1.0, 3.07820995633
0.00888498496863, 0.0, 0.0, 0.0, 0.533313122425, 0.418512223802, 0.0, 0.0977704018558, 0.0273249957111, 0.0, 0.0, 0.270515796457, 0.0, 0.714284641477, 0.0, 1.0, 0.210232567224, 0.0, 0.0, 0.0, 0.951794188217, 0.0, 0.0, 0.0, 0.0, 0.0, 0.0, 0.0, 36.0, 1.0, 3.07820995633
0.0, 0.0, 0.0, 0.0, 0.70126770651, 0.0, 0.0, 0.0977704018558, 0.0, 0.0, 0.0, 0.0, 0.0, 0.065169265285, 0.388140964421, 0.430582340414, 0.0, 0.0, 0.0, 0.502260086922, 0.742984279398, 0.0, 1.0, 0.0, 1.0, 0.0, 1.0, 0.325174606369, 31.0, 0.0, 3.51487254144
0.0, 0.0, 0.0, 0.0, 0.70126770651, 0.0, 0.0, 0.0977704018558, 0.0, 0.0, 0.0, 0.0, 0.0, 0.065169265285, 0.388140964421, 0.430582340414, 0.0, 0.0, 0.0, 0.502260086922, 0.742984279398, 0.0, 1.0, 0.0, 1.0, 0.0, 1.0, 0.325174606369, 31.0, 0.0, 3.51487254144
1.0, 0.0, 0.0, 0.0, 1.0, 0.892344152552, 0.0, 0.0, 0.0, 0.0, 0.780183537373, 0.0, 0.00277410670912, 0.873572641832, 0.0, 0.472628231748, 0.390564492614, 0.0, 0.0, 1.0, 0.0, 0.851630405735, 0.818908150609, 0.0, 0.637371136404, 0.701495415713, 0.0, 0.0, 19.0, 0.0, 7.07508456968
1.0, 0.0, 0.0, 0.0, 1.0, 0.892344152552, 0.0, 0.0, 0.0, 0.0, 0.780183537373, 0.0, 0.00277410670912, 0.873572641832, 0.0, 0.472628231748, 0.390564492614, 0.0, 0.0, 1.0, 0.0, 0.851630405735, 0.818908150609, 0.0, 0.637371136404, 0.701495415713, 0.0, 0.0, 19.0, 0.0, 7.07508456968
1.0, 0.0, 1.0, 0.809855627565, 1.0, 1.0, 1.0, 0.571394586398, 0.0995765187505, 1.0, 0.0, 0.580196276828, 1.0, 0.890147181368, 1.0, 1.0, 0.310505903034, 1.0, 0.0, 1.0, 0.0, 0.937434886248, 0.695676806427, 0.520689049245, 0.980673651611, 0.0802780238235, 0.0, 0.842162983441, 2.0, 0.0, 17.1124186033
1.0, 0.0, 1.0, 0.908736429262, 1.0, 1.0, 1.0, 0.571394586398, 0.0995765187505, 1.0, 0.0, 0.580196276828, 1.0, 0.890147181368, 1.0, 1.0, 0.310505903034, 1.0, 0.0, 1.0, 0.0, 0.937434886248, 0.905540206673, 0.520689049245, 0.816078356195, 0.0802780238235, 0.107471918988, 0.868756335667, 2.0, 0.0, 17.1124186033
1.0, 0.0, 1.0, 0.809855627565, 1.0, 1.0, 1.0, 0.571394586398, 0.0995765187505, 1.0, 0.0, 0.580196276828, 1.0, 0.890147181368, 1.0, 1.0, 0.310505903034, 1.0, 0.0, 1.0, 0.0, 0.937434886248, 0.695676806427, 0.520689049245, 0.980673651611, 0.0802780238235, 0.0, 0.842162983441, 2.0, 0.0, 17.1124186033
1.0, 0.0, 1.0, 0.908736429262, 1.0, 1.0, 1.0, 0.571394586398, 0.0995765187505, 1.0, 0.0, 0.580196276828, 1.0, 0.890147181368, 1.0, 1.0, 0.310505903034, 1.0, 0.0, 1.0, 0.0, 0.937434886248, 0.905540206673, 0.520689049245, 0.816078356195, 0.0802780238235, 0.107471918988, 0.868756335667, 2.0, 0.0, 17.1124186033
1.0, 0.0, 0.0, 0.0, 1.0, 1.0, 0.0, 0.544925179461, 0.0, 0.0, 0.780183537373, 0.0, 0.0, 0.873572641832, 0.210512911473, 0.117281924696, 0.390564492614, 0.0, 0.0, 1.0, 0.0, 0.851630405735, 0.818908150609, 0.0, 0.0, 0.701495415713, 0.0, 0.0, 17.0, 0.0, 9.02783926368
1.0, 0.246021120778, 0.0, 0.0, 1.0, 1.0, 0.0, 0.544925179461, 0.0, 0.291393457396, 0.780183537373, 0.0, 0.0, 0.873572641832, 0.127406027566, 0.472628231748, 0.0233327905975, 0.0, 0.0, 1.0, 0.0, 0.851630405735, 0.818908150609, 0.0, 0.0, 0.701495415713, 0.0, 0.0, 17.0, 0.0, 9.02783926368
1.0, 0.0, 0.0, 0.0, 1.0, 1.0, 0.0, 0.544925179461, 0.0, 0.0, 0.780183537373, 0.0, 0.0, 0.873572641832, 0.210512911473, 0.117281924696, 0.390564492614, 0.0, 0.0, 1.0, 0.0, 0.851630405735, 0.818908150609, 0.0, 0.0, 0.701495415713, 0.0, 0.0, 17.0, 0.0, 9.02783926368
1.0, 0.246021120778, 0.0, 0.0, 1.0, 1.0, 0.0, 0.544925179461, 0.0, 0.291393457396, 0.780183537373, 0.0, 0.0, 0.873572641832, 0.127406027566, 0.472628231748, 0.0233327905975, 0.0, 0.0, 1.0, 0.0, 0.851630405735, 0.818908150609, 0.0, 0.0, 0.701495415713, 0.0, 0.0, 17.0, 0.0, 9.02783926368
0.0, 0.906880223065, 0.0, 0.454220350249, 0.0, 0.995652664812, 0.0, 0.0307635654992, 0.0, 1.0, 0.584206949595, 0.0666946680514, 0.0, 0.817873737293, 1.0, 1.0, 0.0, 0.0, 0.630706894964, 0.0, 0.636487259934, 0.0, 1.0, 0.918097990567, 0.0, 0.0, 0.0, 1.0, 16.0, 2.0, 8.91083670051
0.0, 0.906880223065, 0.0, 0.454220350249, 0.0, 0.995652664812, 0.0, 0.0307635654992, 0.0, 1.0, 0.584206949595, 0.0666946680514, 0.0, 0.817873737293, 1.0, 1.0, 0.0, 0.0, 0.630706894964, 0.0, 0.636487259934, 0.0, 1.0, 0.918097990567, 0.0, 0.0, 0.0, 1.0, 16.0, 2.0, 8.91083670051
0.0, 0.0, 0.0, 0.17528336668, 0.728812436793, 0.0, 0.265132187521, 0.164423721894, 1.0, 0.0, 0.0, 1.0, 1.0, 0.870530179029, 0.901933858162, 1.0, 1.0, 1.0, 0.545689591949, 1.0, 1.0, 0.0, 0.0, 0.197641019196, 1.0, 0.0, 0.793468677015, 0.414339402734, 14.0, 0.0, 10.8086009971
0.0, 0.0, 0.0, 0.17528336668, 0.728812436793, 0.0, 0.265132187521, 0.164423721894, 1.0, 0.0, 0.0, 1.0, 1.0, 0.870530179029, 0.901933858162, 1.0, 1.0, 1.0, 0.545689591949, 1.0, 1.0, 0.0, 0.0, 0.197641019196, 1.0, 0.0, 0.793468677015, 0.414339402734, 14.0, 0.0, 10.8086009971
0.078500691388, 0.0, 0.0, 0.0, 0.0, 0.0295974115917, 0.0137479795567, 0.0977704018558, 0.0308713295795, 0.0, 0.0, 0.0, 0.0, 0.714284641477, 0.0, 1.0, 0.0, 0.246772304123, 0.0, 0.0, 0.758784246757, 0.0, 0.0, 0.0, 0.0, 0.0, 0.0, 0.283336748732, 37.0, 0.0, 2.86777686828
0.078500691388, 0.0, 0.0, 0.0, 0.0, 0.0295974115917, 0.0, 0.0977704018558, 0.0308713295795, 0.0, 0.0, 0.0, 0.0, 0.714284641477, 0.0, 1.0, 0.0, 0.246772304123, 0.0, 0.0, 0.758784246757, 0.0, 0.0, 0.0, 0.0, 0.0, 0.0, 0.142570151694, 37.0, 0.0, 2.86777686828
0.078500691388, 0.0, 0.0, 0.0, 0.0, 0.0295974115917, 0.0137479795567, 0.0977704018558, 0.0308713295795, 0.0, 0.0, 0.0, 0.0, 0.714284641477, 0.0, 1.0, 0.0, 0.246772304123, 0.0, 0.0, 0.758784246757, 0.0, 0.0, 0.0, 0.0, 0.0, 0.0, 0.283336748732, 37.0, 0.0, 2.86777686828
0.078500691388, 0.0, 0.0, 0.0, 0.0, 0.0295974115917, 0.0, 0.0977704018558, 0.0308713295795, 0.0, 0.0, 0.0, 0.0, 0.714284641477, 0.0, 1.0, 0.0, 0.246772304123, 0.0, 0.0, 0.758784246757, 0.0, 0.0, 0.0, 0.0, 0.0, 0.0, 0.142570151694, 37.0, 0.0, 2.86777686828
1.0, 0.0, 0.497414800952, 1.0, 1.0, 1.0, 1.0, 0.571394586398, 0.0995765187505, 1.0, 0.0, 0.580196276828, 1.0, 0.891026645499, 1.0, 1.0, 0.310505903034, 0.793256636525, 0.0, 1.0, 0.0, 0.937434886248, 0.695676806427, 1.0, 0.901112214954, 0.0802780238235, 0.0, 0.842162983441, 3.0, 0.0, 16.1992279655
1.0, 0.0, 0.497414800952, 1.0, 1.0, 1.0, 1.0, 0.571394586398, 0.0995765187505, 1.0, 0.0, 0.580196276828, 1.0, 0.891026645499, 1.0, 1.0, 0.310505903034, 0.793256636525, 0.0, 1.0, 0.0, 0.937434886248, 0.695676806427, 1.0, 0.901112214954, 0.0802780238235, 0.0, 0.842162983441, 3.0, 0.0, 16.1992279655
1.0, 0.912543014799, 0.063235584852, 1.0, 0.0, 0.995324908801, 0.780088921137, 0.00412625563395, 0.044494815759, 0.892729103391, 0.627678664125, 0.00317870636612, 0.0, 1.0, 1.0, 1.0, 0.0, 0.0, 0.630706894964, 0.0, 0.780472817255, 0.0, 1.0, 1.0, 0.175640488976, 0.0, 0.0, 1.0, 9.0, 1.0, 12.6941770184
1.0, 0.912543014799, 0.063235584852, 1.0, 0.0, 0.995324908801, 0.780088921137, 0.00412625563395, 0.044494815759, 0.892729103391, 0.627678664125, 0.00317870636612, 0.0, 1.0, 1.0, 1.0, 0.0, 0.0, 0.630706894964, 0.0, 0.780472817255, 0.0, 1.0, 1.0, 0.175640488976, 0.0, 0.0, 1.0, 9.0, 1.0, 12.6941770184
0.990806444742, 0.0, 0.0, 0.0, 0.682586228766, 0.23195336188, 0.0, 0.0, 0.305125481901, 0.0, 0.953671910872, 0.0, 0.0, 0.267671908517, 0.0, 0.472628231748, 0.625627231945, 0.0, 0.0, 1.0, 0.0, 0.939630438489, 0.818908150609, 0.655261251131, 0.413881242979, 0.0, 0.0, 0.626591642808, 23.0, 1.0, 6.10425672676
0.990806444742, 0.0, 0.0, 0.0, 0.682586228766, 0.23195336188, 0.0, 0.0, 0.310299054924, 0.349061672654, 0.953671910872, 0.0, 0.0, 0.267671908517, 0.0, 0.472628231748, 0.625627231945, 0.0, 0.0, 1.0, 0.0, 0.939630438489, 0.818908150609, 0.655261251131, 0.413881242979, 0.0, 0.0, 0.626591642808, 23.0, 1.0, 6.10425672676
0.990806444742, 0.0, 0.0, 0.0, 0.682586228766, 0.23195336188, 0.0, 0.0, 0.305125481901, 0.0, 0.953671910872, 0.0, 0.0, 0.267671908517, 0.0, 0.472628231748, 0.625627231945, 0.0, 0.0, 1.0, 0.0, 0.939630438489, 0.818908150609, 0.655261251131, 0.413881242979, 0.0, 0.0, 0.626591642808, 23.0, 1.0, 6.10425672676
0.990806444742, 0.0, 0.0, 0.0, 0.682586228766, 0.23195336188, 0.0, 0.0, 0.310299054924, 0.349061672654, 0.953671910872, 0.0, 0.0, 0.267671908517, 0.0, 0.472628231748, 0.625627231945, 0.0, 0.0, 1.0, 0.0, 0.939630438489, 0.818908150609, 0.655261251131, 0.413881242979, 0.0, 0.0, 0.626591642808, 23.0, 1.0, 6.10425672676
0.84464310248, 0.947832705702, 0.215883038844, 1.0, 0.0, 0.995324908801, 0.0, 0.0217592272043, 0.127223810053, 0.404585755306, 0.627678664125, 0.47371576241, 0.0, 0.621117611613, 1.0, 1.0, 0.38292612686, 0.0, 0.630706894964, 0.671240220044, 0.636487259934, 0.0, 1.0, 0.95399560425, 0.175640488976, 0.0, 0.0, 1.0, 10.0, 1.0, 11.3602081307
0.84464310248, 0.947832705702, 0.215883038844, 1.0, 0.0, 0.995324908801, 0.0, 0.0217592272043, 0.127223810053, 0.404585755306, 0.627678664125, 0.47371576241, 0.0, 0.621117611613, 1.0, 1.0, 0.38292612686, 0.0, 0.630706894964, 0.671240220044, 0.636487259934, 0.0, 1.0, 0.95399560425, 0.175640488976, 0.0, 0.0, 1.0, 10.0, 1.0, 11.3602081307
0.990806444742, 0.0, 0.0, 0.0, 0.682586228766, 1.0, 0.0, 0.0, 0.0, 0.0, 0.780183537373, 0.11124068902, 0.0, 1.0, 0.0, 0.965965504168, 0.625627231945, 0.333333157573, 0.0, 1.0, 0.0, 0.939630438489, 0.818908150609, 0.835722712976, 0.0, 0.0, 0.0, 0.626591642808, 14.0, 1.0, 9.05199520963
0.990806444742, 0.0, 0.0, 0.0, 0.682586228766, 1.0, 0.0, 0.0, 0.0, 0.0, 0.780183537373, 0.11124068902, 0.0, 1.0, 0.0, 0.965965504168, 0.625627231945, 0.333333157573, 0.0, 1.0, 0.0, 0.939630438489, 0.818908150609, 0.835722712976, 0.0, 0.0, 0.0, 0.626591642808, 14.0, 1.0, 9.05199520963
0.804446928699, 0.0, 0.184135158346, 1.0, 1.0, 1.0, 1.0, 0.391580458071, 0.0995765187505, 0.723735917563, 0.0, 0.0, 0.440812611493, 0.802936844558, 1.0, 0.608808783943, 0.380201999005, 1.0, 0.0, 1.0, 0.0, 1.0, 0.943161260674, 0.669881974296, 0.910642115661, 0.0897653421046, 0.0, 0.967121494884, 11.0, 0.0, 11.6546496604
0.804446928699, 0.0, 0.184135158346, 1.0, 1.0, 1.0, 1.0, 0.391580458071, 0.0995765187505, 0.723735917563, 0.0, 0.0, 0.440812611493, 0.802936844558, 1.0, 0.608808783943, 0.380201999005, 1.0, 0.0, 1.0, 0.0, 1.0, 0.943161260674, 0.669881974296, 0.910642115661, 0.0897653421046, 0.0, 0.967121494884, 11.0, 0.0, 11.6546496604
0.205928068824, 0.0, 0.0, 0.0, 0.0, 0.00280164240576, 0.0516856397213, 0.0, 0.743477839243, 0.0, 0.0342071691252, 1.0, 0.104765514839, 1.0, 0.0, 0.75287207846, 1.0, 0.333333157573, 0.0, 1.0, 0.538889729856, 0.0, 0.657369225789, 0.0, 1.0, 0.19089920328, 1.0, 0.0, 18.0, 0.0, 8.56898749311
0.205928068824, 0.0, 0.0, 0.0, 0.0, 0.00280164240576, 0.0516856397213, 0.0, 0.743477839243, 0.0, 0.0342071691252, 1.0, 0.104765514839, 1.0, 0.0, 0.75287207846, 1.0, 0.333333157573, 0.0, 1.0, 0.538889729856, 0.0, 0.657369225789, 0.0, 1.0, 0.19089920328, 1.0, 0.0, 18.0, 0.0, 8.56898749311
0.0, 0.2663406948, 0.0, 0.0, 0.106421675968, 0.0, 0.0, 0.0, 0.308017775506, 0.0, 0.0, 0.0, 0.0, 0.0, 0.0, 0.458934726992, 0.0, 0.973046796986, 1.0, 1.0, 0.294243881012, 1.0, 0.763012835279, 0.0, 0.0, 0.0, 0.0, 0.0, 35.0, 0.0, 3.07905973855
0.0, 0.2663406948, 0.0, 0.0, 0.106421675968, 0.0, 0.0, 0.0, 0.308017775506, 0.0, 0.0, 0.0, 0.0, 0.0, 0.0, 0.458934726992, 0.0, 0.973046796986, 1.0, 1.0, 0.294243881012, 1.0, 0.763012835279, 0.0, 0.0, 0.0, 0.0, 0.0, 35.0, 0.0, 3.07905973855
1.0, 0.0, 0.0, 0.0, 1.0, 0.620030927859, 0.0, 0.0, 0.243580165244, 0.0, 0.514550660962, 0.0, 0.0, 0.359018869447, 0.0, 0.472628231748, 0.390564492614, 0.0, 0.0, 1.0, 0.0, 0.809407697624, 0.818908150609, 0.0, 0.0, 0.0, 0.0, 0.626591642808, 24.0, 0.0, 5.74237504421
1.0, 0.0, 0.0, 0.0, 1.0, 0.620030927859, 0.0, 0.0, 0.243580165244, 0.0, 0.514550660962, 0.0, 0.0, 0.359018869447, 0.0, 0.472628231748, 0.390564492614, 0.0, 0.0, 1.0, 0.0, 0.809407697624, 0.818908150609, 0.0, 0.0, 0.0, 0.0, 0.626591642808, 24.0, 0.0, 5.74237504421
0.84464310248, 0.352116462677, 0.215883038844, 1.0, 0.477828780336, 0.995324908801, 0.0, 0.0307635654992, 0.137549212142, 0.600908839228, 0.975623258263, 0.47371576241, 0.0, 1.0, 0.959808300048, 0.512080639787, 0.38292612686, 0.0, 0.630706894964, 0.0, 0.758840875214, 0.0, 1.0, 0.749485048301, 0.153469180076, 0.0, 0.0, 1.0, 11.0, 1.0, 11.1679501638
0.84464310248, 0.352116462677, 0.215883038844, 1.0, 0.477828780336, 0.995324908801, 0.0, 0.0307635654992, 0.137549212142, 0.600908839228, 0.975623258263, 0.47371576241, 0.0, 1.0, 0.959808300048, 0.512080639787, 0.38292612686, 0.0, 0.630706894964, 0.0, 0.758840875214, 0.0, 1.0, 0.749485048301, 0.153469180076, 0.0, 0.0, 1.0, 11.0, 1.0, 11.1679501638
0.804446928699, 0.0, 0.675484309103, 1.0, 1.0, 1.0, 1.0, 0.391580458071, 0.0995765187505, 0.723735917563, 0.534755585934, 0.0, 0.356268621033, 0.807033124677, 1.0, 0.608808783943, 0.380201999005, 1.0, 0.0, 1.0, 0.0, 1.0, 0.943161260674, 0.669881974296, 0.910642115661, 0.0897653421046, 0.0, 0.967121494884, 6.0, 0.0, 13.3986671182
0.804446928699, 0.0, 0.675484309103, 1.0, 1.0, 1.0, 1.0, 0.391580458071, 0.0995765187505, 0.723735917563, 0.534755585934, 0.0, 0.356268621033, 0.807033124677, 1.0, 0.608808783943, 0.380201999005, 1.0, 0.0, 1.0, 0.0, 1.0, 0.943161260674, 0.669881974296, 0.910642115661, 0.0897653421046, 0.0, 0.967121494884, 6.0, 0.0, 13.3986671182
1.0, 0.0, 0.0, 0.0, 1.0, 0.892344152552, 0.0, 0.0, 0.0, 0.0, 0.780183537373, 0.0, 0.00277410670912, 0.873572641832, 0.0, 0.472628231748, 0.390564492614, 0.0, 0.0, 1.0, 0.0, 0.851630405735, 0.818908150609, 0.0, 0.0, 0.701495415713, 0.0, 0.0, 20.0, 0.0, 6.66363282361
1.0, 0.0, 0.0, 0.0, 1.0, 0.892344152552, 0.0, 0.0, 0.0, 0.0, 0.780183537373, 0.0, 0.00277410670912, 0.873572641832, 0.0, 0.472628231748, 0.390564492614, 0.0, 0.0, 1.0, 0.0, 0.851630405735, 0.818908150609, 0.0, 0.0, 0.701495415713, 0.0, 0.0, 20.0, 0.0, 6.66363282361
0.078500691388, 0.0, 0.285155576185, 0.0, 0.0, 0.418512223802, 0.0, 0.0977704018558, 0.0308713295795, 0.0, 0.0, 0.0, 0.0341401963512, 0.271604289756, 0.0, 1.0, 0.0, 0.0, 0.0, 0.0, 0.447055404882, 0.0, 0.0, 0.0, 0.0650057130347, 0.0, 0.0, 0.0, 45.0, 0.0, 1.60365837305
0.078500691388, 0.0, 0.285155576185, 0.0, 0.0, 0.418512223802, 0.0, 0.0977704018558, 0.0308713295795, 0.0, 0.0, 0.0, 0.0341401963512, 0.271604289756, 0.0, 1.0, 0.0, 0.0, 0.0, 0.0, 0.447055404882, 0.0, 0.0, 0.0, 0.0, 0.0, 0.0, 0.0, 45.0, 0.0, 1.60365837305
1.0, 0.0, 0.497414800952, 1.0, 1.0, 1.0, 1.0, 0.571394586398, 0.716732908875, 1.0, 0.0, 0.580196276828, 1.0, 0.763430451291, 1.0, 1.0, 0.310505903034, 0.297475681996, 0.0, 1.0, 0.0, 0.937434886248, 0.695676806427, 1.0, 0.901112214954, 0.0802780238235, 0.0, 0.842162983441, 3.0, 0.0, 16.3647561995
1.0, 0.0, 0.497414800952, 1.0, 1.0, 1.0, 1.0, 0.571394586398, 0.716732908875, 1.0, 0.0, 0.580196276828, 1.0, 0.763430451291, 1.0, 1.0, 0.310505903034, 0.297475681996, 0.0, 1.0, 0.0, 0.937434886248, 0.695676806427, 1.0, 0.901112214954, 0.0802780238235, 0.0, 0.842162983441, 3.0, 0.0, 16.3647561995
0.990806444742, 0.0, 0.0, 0.0, 0.682586228766, 0.23195336188, 0.0, 0.0, 0.0, 0.0, 0.349281112889, 0.572519720553, 0.0, 0.263076051012, 0.0234003785081, 0.472628231748, 0.915777987807, 0.0, 0.0, 1.0, 0.0, 0.939630438489, 1.0, 0.655261251131, 0.0, 0.0, 0.0, 0.626591642808, 23.0, 2.0, 6.4727479168
0.00888498496863, 0.0, 0.0, 0.0, 0.533313122425, 0.418512223802, 0.0, 0.990217872327, 0.0273249957111, 0.0, 0.0, 0.270515796457, 0.0, 0.714284641477, 0.0, 1.0, 0.210232567224, 0.0, 0.0, 0.0, 0.951794188217, 0.0, 0.0, 0.0, 0.0, 0.0, 0.0, 0.0, 34.0, 1.0, 4.78532929853
1.0, 0.906880223065, 0.215883038844, 0.159302826288, 0.0, 0.995324908801, 0.0, 0.0265324166001, 0.268117051958, 0.892729103391, 0.627678664125, 0.00317870636612, 0.0, 1.0, 0.799056160096, 1.0, 0.0, 0.0, 0.630706894964, 0.0, 0.659999522231, 0.194953334103, 0.218341551851, 1.0, 0.153469180076, 0.0, 0.0, 0.998515682101, 14.0, 2.0, 9.95375671065
1.0, 0.906880223065, 0.215883038844, 1.0, 0.0, 0.995324908801, 0.0, 0.520960805907, 0.0, 0.892729103391, 0.627678664125, 6.01630986259e-05, 0.0, 0.99282596439, 0.71329670426, 1.0, 0.10180568071, 0.0, 0.630706894964, 0.551282554153, 0.629714910998, 0.0, 1.0, 1.0, 0.175640488976, 0.0, 0.140204951076, 1.0, 6.0, 1.0, 14.4184234332
0.00888498496863, 0.0, 0.0, 0.0, 0.533313122425, 0.418512223802, 0.0, 0.990217872327, 0.0273249957111, 0.0, 0.0, 0.270515796457, 0.0, 0.714284641477, 0.0, 1.0, 0.210232567224, 0.0, 0.0, 0.0, 0.951794188217, 0.0, 0.0, 0.0, 0.0, 0.0, 0.0, 0.0, 34.0, 1.0, 4.78532929853
0.0, 0.530799429043, 0.0385897882094, 0.0, 0.0, 0.0, 0.0, 0.312219576434, 0.34693994696, 0.0, 0.0, 0.0, 0.0, 0.875140290516, 0.166085999853, 0.430582340414, 0.0, 0.0, 0.16489942971, 0.502260086922, 0.742984279398, 0.0, 1.0, 0.0, 1.0, 0.0, 1.0, 0.330341526156, 27.0, 0.0, 5.02877640942
1.0, 0.906880223065, 0.215883038844, 1.0, 0.0, 0.995324908801, 0.0, 0.520960805907, 0.0, 0.892729103391, 0.627678664125, 6.01630986259e-05, 0.0, 0.99282596439, 0.71329670426, 1.0, 0.10180568071, 0.0, 0.630706894964, 0.551282554153, 0.629714910998, 0.0, 1.0, 1.0, 0.175640488976, 0.0, 0.140204951076, 1.0, 6.0, 1.0, 14.4184234332
1.0, 0.0, 0.0, 0.0, 1.0, 0.620030927859, 0.528616565501, 0.0, 0.243580165244, 0.0, 0.780183537373, 0.0, 0.0, 0.359018869447, 0.0, 0.472628231748, 0.597629218964, 0.0, 0.0, 1.0, 0.0, 0.809407697624, 0.818908150609, 0.0, 0.0, 0.0, 0.0, 0.626591642808, 22.0, 0.0, 7.24240035638
0.84464310248, 0.95260887253, 0.215883038844, 1.0, 0.0, 0.995324908801, 0.0, 0.0307635654992, 0.0, 0.600908839228, 0.29403213983, 0.47371576241, 0.548680439275, 1.0, 1.0, 0.325609737153, 0.620550891797, 0.0, 0.630706894964, 0.14101786265, 0.636487259934, 0.0, 0.938047561625, 0.838857279167, 0.175640488976, 0.374162943863, 0.483017675459, 1.0, 16.0, 0.0, 11.4008929086
1.0, 0.906880223065, 0.215883038844, 0.159302826288, 0.0, 0.995324908801, 0.0, 0.0265324166001, 0.268117051958, 0.892729103391, 0.627678664125, 0.00317870636612, 0.0, 1.0, 0.799056160096, 1.0, 0.0, 0.0, 0.630706894964, 0.0, 0.659999522231, 0.194953334103, 0.218341551851, 1.0, 0.153469180076, 0.0, 0.0, 0.998515682101, 14.0, 2.0, 9.95375671065
