0.814341209704, 0.0449938382121, 0.501806135215, 0.3921753242, 0.270424405681, 0.237857873451, 0.824999996368, 0.640876066335, 0.495392293344, 0.80994366138, 0.792832955089, 0.763146790159, 0.580653710084, 0.318279249737, 159.178943456, 112.687370333, 196.138950505, 19.5815511252, 923.714829586
0.492042233381, 1.0, 0.748615757522, 0.0, 0.800639372079, 0.440724163788, 0.969560787547, 0.57883150911, 0.621715054981, 0.940894010416, 0.0294479641964, 0.0, 1.0, 0.81034000654, 1.58604206089e-14, 0.0, 3.80561846113e-14, 673.319813291, 656.693737288
0.867042942771, 0.283614710903, 1.0, 0.455716093442, 0.197331521655, 0.170154517722, 0.394275257691, 0.204820454758, 0.10233680738, 0.0765132510546, 0.713520901693, 0.0907711594263, 0.0476828350479, 0.428008068801, 6.12761593983e-15, 5.32936873734e-15, 132.625197674, 63.3309441424, 693.455768295
0.451701480275, 0.534261256726, 0.0269397933815, 0.910132216951, 0.0, 0.719914372069, 0.608868371447, 0.406193266713, 0.106199957053, 0.469170311454, 0.784718580594, 0.471408551977, 0.204252066309, 1.0, 35.1605071609, 247.418955299, 10.5815197853, 278.611671372, 321.517801806
0.61954478, 0.0069707188411, 0.858110292636, 0.724658924191, 0.962343758192, 0.704083630148, 0.394059963901, 0.974049988863, 0.770610179531, 0.452474481182, 0.485827073251, 0.0, 0.370776605153, 1.0, 46.1979924033, 100.070144188, 486.30751975, 5.46013239701, 732.645143167
0.575448290048, 0.302050022988, 0.771235015052, 0.517798939893, 0.213271317395, 0.130856033418, 0.347963183426, 0.466806952332, 0.174077652974, 0.547649342012, 0.145157778091, 0.766744064062, 0.632255904177, 0.501614380037, 181.992392459, 192.464374207, 705.130300141, 386.855940579, 1075.68768038
0.575810637586, 0.998637791569, 0.293965121253, 0.608374528534, 0.685945267152, 0.180863658906, 0.93437253737, 0.906012748362, 0.414020598106, 0.532712239789, 0.143134533895, 0.381732150491, 1.0, 0.515905633434, 0.568343835017, 0.804298345733, 0.490097808745, 514.100085807, 653.84508461
0.568066906607, 0.476447045519, 0.832351540719, 0.0743821941896, 0.948765302652, 0.287530240672, 0.464058091459, 0.200105798337, 0.100211909631, 0.0290593404551, 0.489828243077, 0.12461417523, 0.276636174928, 0.890555609247, 100.943638566, 11.8481455783, 376.986411855, 362.574684601, 660.959033948
0.0, 0.43965084612, 0.987506885002, 0.971983872437, 0.525720852278, 0.428501227467, 0.127390100848, 0.838046593816, 0.0515888100471, 1.0, 0.654155304738, 0.303523935312, 0.756578580058, 0.955409306934, 0.934567810824, 21.2227836466, 1082.37226643, 894.5890229, 0.0
0.130261209948, 0.676677362187, 0.810680586767, 0.371304220349, 0.262644912911, 0.500177743158, 0.136690695543, 0.789691914131, 0.769313820816, 0.377826960823, 0.314285572314, 0.937126057639, 0.415939696068, 0.223667210842, 114.939828466, 75.838886876, 449.326142607, 844.373923215, 200.534111808
0.73930922039, 0.834696665591, 0.632922145133, 0.885830058531, 0.402076658909, 0.107049000368, 0.331439382996, 0.925153500934, 0.278385603998, 0.256005047776, 0.663897201518, 0.756286635786, 0.235006987706, 0.308548035031, 11.1462597733, 61.4845949607, 96.0852394217, 431.448725357, 1028.53721449
0.976244390156, 0.707458755518, 0.93803858285, 0.850249970485, 0.987296996389, 0.446022167415, 0.59069221971, 0.0058589009768, 0.791829060209, 0.708714834985, 0.785831731757, 0.980686179851, 0.148362402639, 0.821196105422, 0.289646634333, 1.20855540208, 12.7285386069, 25.8440945279, 772.391576274
0.0574206805877, 0.107712583493, 0.104496232626, 1.0, 0.965623030099, 0.372224434051, 0.567682598558, 1.0, 0.616294758876, 0.84237979458, 0.420684413144, 0.973916864544, 0.994607851269, 0.896790171681, 5.74014238487e-14, 937.436392087, 155.269938614, 162.321923547, 87.1832559868
0.42305061205, 0.476554869012, 0.382131699068, 0.999671941013, 0.612442232187, 0.851778481195, 0.218203369039, 0.788345172923, 0.299625221035, 0.77109907853, 0.428988880792, 0.977506816254, 0.665535548417, 0.986686945307, 0.227363824228, 441.214228937, 302.01358538, 496.679978657, 571.694442672
0.78295215968, 0.700899078025, 0.65560677481, 0.393917222974, 0.324438147405, 0.609070847163, 0.408224187652, 0.334507698892, 0.632894133542, 0.180233010888, 0.857928444848, 0.171224299601, 0.522173121614, 0.917640448136, 64.0049959966, 45.5743920552, 130.790719627, 300.4984812, 949.893563563
0.499292231419, 0.843850537388, 0.748646906063, 0.645476898031, 0.83073715623, 0.180497305181, 0.782701608105, 0.439691329559, 0.0500666706703, 0.720767442245, 0.93260576981, 0.606020072346, 0.281463928698, 0.183375876559, 37.1111410239, 59.6051245082, 168.497781284, 729.236315801, 750.066421819
0.924015234496, 0.393700738007, 0.404296909428, 0.48004836619, 0.321748447255, 0.145828908168, 0.628854047376, 0.672818916413, 0.871445878714, 0.207707444929, 0.0, 0.0349347135453, 0.604827106208, 0.717308018579, 54.6702782909, 51.3466252778, 55.2694935305, 66.2910770177, 953.449262026
1.0, 0.933507860377, 0.52171793168, 0.376326128712, 0.732792365726, 1.0, 0.207616656782, 1.0, 0.0, 0.00128122069964, 0.559697242713, 0.156364563894, 0.738050269604, 0.706659293773, 3.08034168489e-15, 2.06751282266e-15, 3.97203261047e-15, 5.18481137258e-14, 851.383557962
0.36676327084, 1.0, 0.508414571094, 0.776363966767, 0.903170011308, 0.708247176915, 0.429037197248, 0.324095105802, 0.254847473096, 1.0, 0.586849233523, 0.482287941012, 0.491128496773, 0.46728661002, 9.08288183311e-15, 2.47836208013e-14, 2.7102738557e-14, 617.848803383, 401.369012906
0.539677094124, 0.196073678212, 0.791604643351, 0.670092414622, 0.876625943912, 0.774110341919, 0.498996306937, 0.671976304537, 0.332669540307, 0.842885101266, 0.892730836429, 0.955491402222, 0.00292951811516, 0.375540652164, 106.077589618, 186.036557235, 630.676292066, 211.878381114, 791.973512011
0.765087573993, 0.627860376021, 0.737561584314, 0.262914566448, 0.790355183353, 0.572146982188, 0.465494410647, 0.296464467339, 0.143853529444, 0.0681209442971, 0.942754774332, 0.547313911659, 0.112070454404, 0.592592470533, 83.016662549, 36.3766550393, 207.267520495, 341.875379801, 1060.07240932
0.901013247758, 0.913991976658, 0.385462609958, 0.012272219355, 0.81434631329, 0.695301778083, 0.347955702433, 0.286512867575, 0.200342176445, 0.300691962585, 0.815372351293, 0.298874111234, 0.598071902325, 0.594683099621, 6.43680149316, 0.12409860593, 4.45649046586, 57.6031929451, 370.856050209
0.722821682193, 0.0619333970789, 0.258844359943, 0.866024885844, 0.706721722736, 0.591599019401, 0.0, 0.143361529635, 0.215623081026, 0.891188130037, 0.195475386214, 0.349863017343, 0.596960028895, 0.522025811275, 51.5605182693, 241.376394977, 106.277838851, 26.2261607667, 580.458509627
0.173756745876, 0.390559419917, 0.758631079747, 0.254434973161, 0.0, 0.153092643103, 0.796568765425, 0.739536403998, 0.568264734099, 0.592094892835, 0.194762467374, 0.491432412908, 0.703796248238, 0.628964237461, 201.009978934, 84.9064153523, 547.683211598, 415.118188301, 201.834140538
1.0, 0.881823132763, 0.238417641466, 0.20198282653, 0.595508921303, 0.71936237455, 0.598601208788, 0.917842264854, 0.473302615255, 0.188944318299, 0.701723831301, 0.872661409249, 0.352221538447, 0.472167541221, 7.46570016356e-15, 2.45148681177e-15, 3.08858870444e-15, 4.49593816093e-14, 747.077331003
0.637281493849, 0.556477945299, 0.943321366521, 0.871571582749, 0.446986375421, 0.212281524699, 0.609535977928, 0.406891122697, 0.54963288108, 0.316669042246, 0.237582719535, 0.412157388724, 0.0380853262953, 0.833192559332, 6.65905031512, 32.5599107946, 372.299278447, 446.76627088, 909.274230332
0.0, 0.685419102989, 0.526673355523, 0.747995098033, 0.418051741202, 0.637534490324, 0.236939917466, 0.571485085984, 0.881899230772, 0.797043512701, 0.760379988723, 0.726841895831, 0.535515763767, 0.992494126611, 137.696621499, 329.490258585, 388.3572778, 979.328106131, 0.0
0.6909725363, 0.208368470818, 0.251672477131, 0.435577964143, 0.610499539987, 0.925929310085, 0.524302900791, 0.742474430242, 0.387817037408, 0.557486036336, 0.164867284401, 0.327393936308, 0.880399722656, 0.562604414916, 378.163892188, 308.445110471, 203.640845604, 179.531618662, 1058.60399042
0.66340481705, 0.861312992459, 0.497372885775, 0.762361141359, 0.976990612208, 0.672961658262, 0.811323830384, 0.5168325884, 0.76257448724, 0.492672921253, 0.435947050662, 0.356136336619, 0.860098389504, 0.253040766898, 35.4559845054, 90.5311551121, 96.4274769659, 618.603483991, 1084.5189655
0.973126969454, 0.580994425939, 0.0938877074276, 0.12293788632, 0.133202960632, 0.47115351966, 0.620076294118, 0.982888022017, 0.431288108144, 0.261668735936, 0.288663647078, 0.790426847222, 0.411197435357, 0.400765797182, 20.8945222521, 4.08586536718, 3.16281917492, 27.8381408749, 833.120817527
0.119285189823, 0.103844626453, 0.607400187115, 0.132249726057, 0.0283702735129, 0.0, 0.891664348532, 0.111699501991, 0.299567001715, 0.900561798483, 0.00911348551851, 0.588710275169, 0.930437345699, 0.172964927761, 328.901118501, 69.3251773407, 474.133833913, 95.6532931736, 111.674650047
0.475468013397, 0.457368953569, 0.290455464511, 0.631436924063, 0.74281605548, 0.504506417621, 0.647344766417, 0.0950779005928, 0.881228968573, 0.241025631271, 0.467298459965, 0.148291308275, 0.737522171507, 0.297150394571, 334.024999764, 511.014312146, 299.621883847, 594.576540744, 836.260907138
0.612193473458, 0.677524116018, 1.0, 0.408871559787, 0.527194822079, 0.341002996391, 0.0010571180481, 0.211286445651, 0.685045740904, 0.0443659589462, 0.345010302926, 0.70980705135, 0.236413143181, 0.609514650209, 1.40175286087e-14, 1.04858560867e-14, 285.887329561, 515.270094249, 844.612223586
0.697925549709, 0.355031130775, 0.392615761069, 0.28236283573, 0.60393251554, 0.673129531214, 0.302727785043, 0.857253237822, 0.336873315418, 0.788246187909, 0.716159411516, 0.288472260898, 0.871283801914, 0.0585052830303, 273.263078679, 129.82882303, 214.488562662, 231.311482533, 850.95071808
0.520512438867, 0.221713049089, 0.55376147635, 0.106568894697, 0.308695103909, 0.439934553119, 0.61933914423, 0.47550351448, 0.332132774315, 0.284064267059, 0.549317148202, 0.492815850085, 0.55215518862, 0.219627771125, 427.192935676, 72.1867933428, 513.380947702, 243.893242178, 762.271512966
0.414610196234, 0.829416050136, 0.750521594564, 0.112742900689, 0.461385508464, 0.45512888188, 0.840713403668, 0.0, 0.36508787201, 0.90502729986, 0.389144912475, 0.440984652764, 0.654061941048, 1.0, 95.4480675581, 17.0824441039, 234.63693437, 924.706969201, 730.900703488
0.202126409552, 0.495855716272, 0.915226935934, 0.215943862077, 0.388581141746, 0.101074499529, 0.230050779658, 0.0189764797805, 0.962379472892, 0.288356169854, 0.292502144364, 0.238055802897, 0.960261716113, 0.0835650175355, 80.6571141036, 28.4591634348, 638.508145355, 635.877983109, 297.456750007
0.777685603666, 0.60652909507, 0.877926001636, 0.952726012058, 0.911339112907, 1.0, 0.863301793033, 0.847795721996, 0.805270345401, 1.0, 0.0495046921602, 0.959944277072, 1.0, 0.770991806901, 3.02240078391, 40.6266153296, 209.844233699, 300.654957861, 1013.08968919
0.569807963538, 0.168511820191, 0.382218592104, 0.628634656117, 0.413187178025, 0.145254160281, 0.270554850414, 0.363392129042, 0.205165501589, 0.214841906101, 0.0, 0.379093859627, 1.0, 0.0, 207.741384863, 314.782740334, 258.23913606, 123.898181708, 590.765567703
0.848866109041, 0.0383963117598, 0.449181403611, 0.85372193428, 0.528754002598, 0.621039266089, 1.0, 0.0401107384624, 0.792757792931, 0.3030316711, 0.0, 0.111229094564, 0.821521794582, 0.964717440832, 32.0566187355, 137.050333953, 119.898769021, 11.1650697553, 765.536354397
0.032161398723, 0.561076958025, 0.571431661078, 0.131313001959, 0.9931476749, 0.800391851355, 0.660001725975, 0.457993682479, 0.870022428662, 0.0709924683183, 0.915427774326, 0.771490805657, 0.233946691629, 0.947092552917, 492.848008702, 103.124442123, 631.402163439, 979.578605183, 64.1914125814
0.836775260073, 0.549290538022, 0.728394871191, 0.087339548136, 0.499695540089, 0.517999061112, 0.587136292669, 0.549882467544, 0.87860018311, 0.289020167873, 0.956405341687, 0.34311783439, 0.112339153983, 0.711045065875, 59.9554147265, 8.27743915215, 133.149913011, 170.862835146, 857.916244956
0.670417371593, 0.188047854323, 0.0400779060917, 0.383441904657, 0.221126161641, 1.0, 0.514780543687, 0.795071970126, 0.0946285718941, 0.362530044418, 0.0, 0.758284227065, 0.826663295884, 0.990873062162, 287.134434844, 197.41413768, 21.9655279237, 106.239642678, 640.799743589
0.903852635696, 0.349756419961, 0.221247139323, 0.872876526824, 0.373392463477, 0.630457212253, 0.119584532892, 0.367486427729, 0.86253666831, 0.312661278194, 0.196288559941, 0.073525424778, 0.331101508871, 0.485540086738, 24.2108676046, 119.629431362, 44.212709595, 79.4828924343, 1000.19087156
0.965322563316, 0.617286861967, 0.484535313076, 0.816570515226, 0.845228060693, 0.924660665748, 0.925647663593, 0.0, 0.907365685482, 0.827970836013, 0.582642233081, 0.405122112887, 0.617821960434, 0.0, 4.88688098869, 16.4886883362, 16.3817623495, 34.6304698242, 770.153857017
0.13246650543, 0.52798010262, 0.726393711786, 0.439455692674, 0.398354983526, 0.0738092723223, 0.796601097015, 0.641558174449, 0.106982354674, 0.295834930928, 0.0979016407086, 0.608531590344, 1.0, 0.171919315413, 116.182927346, 95.9476752716, 328.740956046, 394.899957556, 113.054440116
0.558539875986, 0.800006988699, 0.115576495988, 0.162299665412, 0.571101846457, 0.896592642839, 0.0456320392079, 0.260336155285, 0.216645267805, 0.129406870323, 0.387574445456, 0.995815420681, 1.0, 0.36575332783, 185.162837621, 48.2553601967, 35.1253395039, 598.769429014, 757.488851249
0.161490148349, 0.125666424424, 0.133155437935, 0.989973526321, 0.36325971137, 0.503049100583, 0.942854539746, 0.799303166701, 0.340879916709, 0.4061315697, 0.283328753977, 0.0634315004647, 0.0901423270811, 0.291292506498, 12.8688806124, 817.027672153, 173.447495031, 167.06760907, 220.851733094
0.32855444708, 0.374631504971, 0.590232479573, 0.0, 0.5549783702, 0.756054225161, 0.00941289847879, 0.299740797579, 0.953695938571, 0.526778991383, 0.101749937303, 0.554236974038, 0.312434824674, 0.774809593343, 488.245918669, 0.0, 650.777325519, 542.928804924, 554.954990638
0.183502251684, 0.0673122882188, 0.553194312552, 0.343768389383, 0.503665697042, 0.34958253593, 0.521208659636, 0.481558726257, 0.99498944001, 0.940787355623, 0.906690409226, 0.650380220913, 0.60401327524, 0.795260249443, 432.759162959, 259.402851982, 596.789467277, 82.93938363, 233.015016535
0.720359802558, 0.311987957777, 0.783379164788, 0.341559339997, 0.788100987252, 0.838015182328, 0.443972965472, 0.748657562217, 0.0409650943985, 0.0, 1.0, 0.156363294652, 0.768884166431, 0.0594814762366, 153.437560199, 91.2507354495, 504.243386564, 285.363664341, 1290.28218517
0.984000423881, 0.637975337716, 0.0390176005837, 0.0645777657505, 0.559755557595, 0.783721812692, 0.158331260547, 0.581749112691, 0.738478124914, 0.152269682829, 0.302836100361, 0.0899464243818, 0.767156617012, 0.0428168573939, 17.4085325546, 1.77197765202, 1.0738041939, 27.4318368621, 1295.1007461
0.748196436403, 0.641083903785, 0.42827877005, 0.194836836059, 0.811149313827, 0.855703552219, 0.00383794014645, 0.788081143692, 0.0463366362647, 0.49485410525, 0.881030225533, 0.217586825657, 0.927265713504, 0.429117307098, 142.090948805, 44.8974096531, 118.723856666, 301.357187699, 853.900969242
0.787288416047, 0.367135921377, 0.47849924467, 0.218831914891, 0.250795501762, 0.177426199121, 0.608555317413, 0.0217033863989, 0.672111221966, 0.56432693985, 0.352020894304, 0.00631631370777, 0.391845413554, 1.0, 184.555620134, 66.0618453038, 183.209997461, 174.524581693, 922.036180462
0.674941293672, 0.0460975068614, 0.109814593718, 0.0361521041249, 0.454818996318, 0.655821811317, 0.230712407783, 0.372519508156, 0.105386508803, 0.845835777876, 0.872410740105, 0.87170550054, 0.601752985204, 0.650000227309, 647.26584424, 36.7962312924, 112.953814387, 47.7346910609, 1177.91391361
0.108137268495, 0.782065098316, 0.975014688921, 0.24579322336, 0.0, 0.983878849022, 0.0565382774759, 0.418629255191, 0.685675148826, 0.459670450645, 0.675608240928, 0.256333021873, 0.377824337781, 1.0, 12.0175472512, 4.88504693013, 330.365862236, 927.765463197, 168.927172514
0.768372888102, 0.165956553183, 0.277506984407, 0.0709248559291, 0.516348131451, 0.330954408568, 0.0461330410062, 0.638880047042, 0.352288258687, 0.153346464508, 0.0967273526846, 0.738372858633, 0.301147666549, 0.62364548513, 400.082132475, 44.7578810351, 187.516731657, 118.467471179, 1207.05449261
0.43075585006, 0.316760204681, 0.34271010025, 0.965382404026, 0.309576123509, 0.201123966549, 0.926095036482, 0.208340187048, 0.380114449273, 0.0384682101691, 0.396329085327, 0.636770821136, 0.0609996968485, 0.330719735571, 30.4274809562, 559.011663947, 334.312876215, 354.164889934, 595.93096326
0.755623393381, 0.51034652819, 0.0890505350295, 0.56447080122, 0.0, 0.453810464212, 0.0829430280631, 0.28995626318, 0.252664178723, 0.0947787198593, 0.0, 0.174169184273, 0.0233584591824, 0.317493311356, 139.244672675, 170.745269106, 31.0216843305, 229.850367922, 792.025401311
0.0810069504804, 0.994107668778, 0.726972681532, 0.706998176354, 0.915288212229, 0.927361725937, 0.606920371707, 0.0305260724789, 0.240995659615, 0.687239759054, 0.914177686125, 0.724302755391, 0.212859777963, 0.823624822006, 1.49480426128, 3.01520504091, 7.36001102027, 874.353076315, 111.866601945
0.421812679505, 0.287678741538, 0.424790629953, 0.257847445806, 0.426859189402, 0.983432737321, 0.247277861172, 0.733128621909, 0.0917289658944, 0.561667256361, 0.808814770257, 0.497308488259, 0.39739275326, 0.215435079638, 424.856765001, 182.148879402, 364.167551072, 285.633608361, 510.385031262
1.0, 0.713532417414, 0.419160953557, 0.350621877869, 0.56462435671, 0.838574415028, 0.824615669892, 0.0194976132655, 0.706872459393, 0.273683251711, 0.314125850638, 0.984649408927, 0.0118251592168, 0.758757593797, 1.83454393845e-14, 1.12667647473e-14, 1.6654154958e-14, 5.63494877259e-14, 1021.99126227
0.967402791711, 0.974431271037, 0.0487132897946, 0.631548777415, 0.820810705947, 0.141529177766, 0.0113092724618, 0.493780087899, 0.415279343705, 0.914106288533, 0.792913949631, 0.667452139038, 0.593921774796, 0.0237721975685, 0.814895187034, 1.24716085335, 0.114219485111, 37.1821182231, 726.113375737
0.808280859246, 0.203167664458, 0.294274823826, 0.150967150101, 0.0610447802205, 0.386307873785, 0.322938520585, 0.712161308669, 0.843566778564, 0.920597481605, 0.0682602532954, 0.391533436666, 0.568742610959, 0.815522633603, 249.253521545, 60.2411129058, 127.76595181, 94.6670728489, 971.453646165
1.0, 0.955037372997, 0.652163125848, 0.968388460697, 0.367047371403, 0.643963850712, 0.387233205378, 0.758555235774, 0.575407442677, 0.20307642669, 0.972922636844, 0.613745032441, 0.163844920197, 0.251022010484, 1.37313904089e-16, 2.76306975791e-15, 4.54910831851e-15, 7.52601603259e-14, 1232.16354861
0.462139666333, 0.132184851919, 0.949948656954, 0.105307353746, 0.449688903945, 0.658057937191, 0.555412501472, 0.273738372947, 0.544605966104, 0.491629071905, 0.918660792693, 0.716266442024, 0.491674275228, 0.581672531494, 63.0098041281, 10.5189728187, 810.85913438, 171.354422417, 737.80375516
0.868928530791, 0.129010717814, 0.963504257383, 0.893047378294, 0.600306395369, 0.181607796556, 0.492277537165, 0.783508042447, 0.874454780457, 0.340352662822, 0.590255665223, 0.356257232825, 0.449034097914, 1.0, 1.69047956874, 9.96748544274, 176.159177405, 36.2549775223, 862.526840745
0.162382978225, 0.964035292876, 0.693121191105, 0.288761654926, 0.240857323996, 0.785032032149, 0.484077196543, 0.853446553401, 0.0740151340566, 0.423931406089, 0.46807617403, 0.514946605197, 0.937427833536, 0.51910831909, 26.2247330002, 12.7841695012, 55.7610674505, 1112.79330486, 290.624665706
0.133009563611, 0.26810782743, 0.328905320746, 0.102501681881, 0.171578221319, 0.350030326049, 0.143351802386, 0.884023467131, 0.0, 0.0, 0.0273216356162, 0.869133027637, 0.177838712612, 0.302004496769, 792.584477365, 128.727750398, 456.17792012, 413.677934646, 214.553098471
0.78554231467, 0.893476524184, 0.870773029779, 0.263865540965, 0.636697775971, 0.297747731073, 0.383226353261, 0.302016859161, 0.669607524694, 0.644871713257, 0.492940000016, 0.571290235337, 0.812662346743, 0.31576850915, 7.98859676515, 3.51471700518, 42.4031909042, 256.30854755, 742.219718841
0.0185681886697, 0.659560530167, 0.36517489007, 0.120422655152, 0.899923807123, 0.754505617177, 0.567119649735, 0.330152188518, 0.43326387964, 0.306269304455, 0.51219806074, 0.00757362786866, 0.845156824532, 0.757594371114, 474.778405739, 90.8955441886, 312.31627484, 971.612001333, 32.9465464625
0.0978635213306, 0.613745394322, 0.209668650178, 0.140093345208, 0.236557868332, 0.569406593695, 0.803433065747, 0.868798961814, 0.210308098734, 0.994973487809, 0.231996240845, 0.68892860955, 0.958833867398, 0.838062805226, 571.114989594, 127.747252337, 200.028047761, 891.089292653, 168.067811986
0.23519064914, 0.873291834143, 0.948375919191, 0.0, 0.748330320667, 0.0256699442679, 0.478448788627, 0.235586175974, 0.0144444356739, 0.715520492648, 0.635454994866, 0.740694658378, 0.257277648057, 0.882775713935, 19.5136742249, 0.0, 240.111766389, 1194.34586236, 471.78261532
0.883084896326, 0.147989139109, 0.556985227054, 0.239041026541, 0.130353407183, 0.691184481541, 0.987237251241, 0.0102104664425, 0.499604968999, 0.282085884188, 0.111746126258, 0.896783173154, 0.283773384991, 0.413656321282, 50.0882455152, 19.7441131907, 64.45650851, 19.8824080489, 464.649982928
0.603046911192, 0.537684070747, 0.435042056495, 0.821579806893, 1.0, 0.481726651054, 0.0905595835538, 0.719859822223, 0.583206881943, 0.871761947411, 0.970304715444, 0.443065883129, 0.950442182037, 0.177961232342, 85.8012174085, 298.088799227, 252.569679215, 450.411683904, 837.527290275
0.138051647454, 0.590425898122, 0.325508113664, 0.531651063186, 0.128016046375, 0.728575019212, 0.0, 0.270319380196, 0.378431969628, 0.207657515554, 0.548809492234, 0.24756580264, 0.629278395399, 0.397068108604, 362.2612237, 400.200060828, 302.873543256, 825.542249848, 227.324993585
0.214257132912, 0.686345252238, 0.766245706196, 0.622091642683, 0.513970249337, 0.23790059452, 1.0, 0.73545389059, 0.268761486206, 0.651642696021, 0.394699770099, 0.624225601824, 0.0, 0.546909932391, 96.8239123044, 143.483860721, 450.042774641, 898.179381641, 356.660840484
0.857571912398, 0.527416216015, 0.202697973732, 0.176845560936, 0.5901642108, 0.192383523311, 0.0986918131733, 0.60942309517, 0.412744608315, 0.000640396211632, 0.955064643202, 0.24994537696, 0.76700594153, 0.376502699292, 109.74231869, 31.2942651239, 37.6143088994, 130.978203435, 781.172605778
0.368792499926, 0.0493113348516, 0.779347148453, 0.662993044324, 0.0, 0.0, 0.610156346948, 0.763594013835, 0.180104413761, 0.690590277572, 0.58683290757, 0.56671076826, 0.751120193562, 0.531676499467, 125.094186901, 213.810599515, 685.85177322, 56.5969048287, 478.462611731
0.389466033847, 0.469403186741, 0.296657145262, 0.158273174559, 0.840008163858, 0.80910337377, 0.347827576782, 0.629149763289, 0.0, 0.788946491295, 0.11252767867, 0.187500859527, 0.328627573489, 0.664180816288, 513.659190128, 130.401146734, 266.528679459, 538.755947456, 562.187629382
0.916864810478, 0.778623279858, 0.0633447468314, 0.89184619388, 0.40090065076, 0.481599001695, 0.800998390809, 0.0160094290037, 0.514948153986, 0.0816357700626, 0.425659916519, 0.0854356274331, 0.630755291492, 0.569235325369, 5.17305859996, 30.1563775832, 3.05452632485, 84.8324271368, 687.041881024
0.314032230378, 0.702921782145, 0.192213537191, 0.7662900988, 0.989622370109, 0.542620062485, 0.0, 0.913813065138, 0.824775034406, 0.66743235242, 0.326068659424, 0.706144463637, 0.120806225865, 1.0, 109.310929934, 284.262018802, 94.8537750461, 633.209670598, 381.174483833
0.377350045477, 0.773115432176, 0.820524492428, 0.605678107493, 0.305346488269, 0.0151660524189, 0.244355566115, 0.717938082555, 0.167421159366, 0.602788022267, 0.80537719202, 0.128827539601, 0.19221971124, 0.331471424636, 38.0306105523, 53.3386657357, 226.176490215, 632.502871764, 454.574833142
0.0, 0.952707965639, 1.0, 0.969771633985, 0.327892054862, 0.950126408427, 0.658197907558, 0.377024844562, 1.0, 0.162850485759, 0.477849038163, 0.894905642178, 0.670471845794, 0.862899232161, 2.6793260213e-16, 5.63851129123e-15, 92.1877811577, 1238.69841957, 0.0
0.473168180352, 0.86269528903, 0.550744629093, 0.0068717154357, 0.167721134794, 0.0912967465816, 0.641415322715, 0.0911052816374, 0.17512703625, 0.393863329299, 0.871596395534, 0.233640918572, 0.599861860536, 0.242587964651, 103.843635606, 1.12093852504, 121.880743392, 730.874575219, 687.655676868
0.487917475139, 0.0, 0.0486962215736, 0.0262192279346, 0.538172560332, 0.441088289826, 0.57648404345, 0.533417036585, 0.0477214212645, 0.555102068896, 0.0635262701548, 0.937643819426, 0.738728389193, 0.920533908861, 1193.89378531, 49.1984155466, 91.5793259122, 0.0, 1153.76356878
0.675670874694, 0.403379556893, 0.496641284535, 0.577448798037, 0.690594067501, 0.450319000122, 0.113014377967, 0.255166046217, 0.822535943104, 0.516795191395, 0.234871908062, 0.782126025266, 0.550784921549, 0.400229524873, 180.008150764, 230.15467567, 289.121544543, 301.995121589, 913.042404454
0.399171418602, 0.189120537581, 0.406077087768, 0.447340970017, 0.586563447037, 0.093205882606, 0.887854945194, 0.372171705006, 0.285078773124, 0.839903342895, 0.794439875252, 0.06044301346, 0.265414060998, 0.581934018502, 424.550545247, 359.544532299, 412.376515079, 211.997063426, 524.746821435
0.244958074383, 1.0, 0.245426876705, 0.0720939713672, 0.709471474826, 0.996957667456, 0.261650701308, 0.692523466884, 0.0939770686719, 0.609498701851, 0.852290163295, 0.840131365485, 0.776282339762, 0.391183624448, 4.21052268171e-14, 4.78869236567e-15, 1.71974020911e-14, 746.881041923, 302.460711886
0.864242303665, 0.20748774483, 0.579031680771, 0.945408692007, 0.0, 0.890327559271, 0.0671397916357, 0.592543186595, 0.56565637569, 0.278084006615, 0.232839982401, 0.76823859792, 0.634052505878, 0.180421158573, 10.6898515772, 124.354629483, 160.40388752, 68.6908042132, 990.750395573
0.619641327967, 0.953573776609, 0.745921184812, 0.117735496322, 0.906392716567, 0.701940059846, 0.459861886618, 0.331960433928, 0.994138325475, 0.436511424006, 0.904868682001, 0.0315696662741, 0.0, 0.748730897647, 15.166378653, 2.83726806798, 36.5853202416, 543.501130656, 800.897956909
0.976851299619, 0.407498630959, 0.354831549903, 0.90321257856, 0.219783023555, 0.302525534292, 0.998677705019, 0.715131982548, 0.782910508944, 0.132425714858, 0.957731898187, 0.106874043092, 0.785062052488, 0.039299639595, 3.20363428438, 20.9093175277, 13.184633153, 18.5621504937, 854.313106286
