0.814341209704, 0.0449938382121, 0.169588505771, 0.230825755692, 0.270424405681, 0.0743946858939, 0.111042555752, 0.80872215937, 0.590393040351, 0.0, 0.809762189329, 0.464301979508, 0.187670651212, 0.318279249737, 169.000226128, 64.1104957981, 49.3225564166, 13.2640104087, 625.699314418
1.0, 1.0, 0.132653855831, 0.816528503185, 0.800639372079, 0.0472797551259, 0.583604334363, 0.644711501917, 0.621715054981, 0.355042194427, 0.0998414780693, 0.0, 1.0, 0.81034000654, 8.85333762518e-31, 2.98645646474e-30, 6.58623035502e-31, 5.19952458391e-14, 849.146805027
0.962998722914, 0.283614710903, 1.0, 0.455716093442, 0.197331521655, 0.582824872249, 1.0, 0.204820454758, 0.10233680738, 1.0, 0.713520901693, 0.0907711594263, 0.0476828350479, 1.0, 1.11701412099e-15, 9.71500204001e-16, 24.1764856114, 11.5447116134, 460.437325891
1.0, 0.333779595748, 1.0, 0.910132216951, 0.0, 0.719914372069, 1.0, 0.596884634083, 0.0, 0.469170311454, 0.784718580594, 0.471408551977, 0.608480235394, 1.0, 2.28992257603e-31, 1.61138247775e-30, 2.65802695444e-14, 1.53709790832e-14, 501.445572254
1.0, 0.73181887406, 0.858110292636, 0.0, 0.204403567573, 0.989810276893, 1.0, 0.974049988863, 1.0, 0.890237971388, 0.632382508332, 1.0, 0.370776605153, 1.0, 3.28537840988e-15, 0.0, 1.44956882279e-14, 3.31709987823e-14, 593.620635637
1.0, 0.593686419167, 0.881118077058, 0.84019269409, 1.0, 1.0, 0.347963183426, 0.936902831892, 0.156083002347, 1.0, 0.975505153402, 1.0, 0.0, 0.501614380037, 1.41176584981e-15, 5.50538242162e-15, 3.00809460287e-14, 4.12684547101e-14, 839.154157788
1.0, 0.998637791569, 0.311879341699, 0.228528411784, 0.598473918535, 0.0, 0.93437253737, 0.0, 0.511330660128, 1.0, 1.0, 0.528519896477, 0.26585779777, 0.446012324716, 8.44446825309e-17, 3.16861099194e-17, 4.80965719781e-17, 4.77701400582e-14, 780.147377193
0.0997399383718, 0.476447045519, 0.832351540719, 0.388801397511, 0.0, 0.287530240672, 0.308442465185, 0.200105798337, 0.100211909631, 0.0, 0.0, 1.0, 1.0, 0.608675775194, 33.6092954084, 23.5265990631, 152.169883185, 146.35261555, 33.974693544
1.0, 0.43965084612, 0.94462032405, 0.808351506028, 0.0, 0.719914372069, 0.127390100848, 0.144394133186, 1.0, 0.429172631438, 0.70551352754, 0.303523935312, 0.756578580058, 1.0, 1.00418140356e-15, 3.23431863289e-15, 3.88328091656e-14, 3.22112353382e-14, 825.821531372
0.130261209948, 1.0, 0.0738395679335, 0.371304220349, 0.262644912911, 1.0, 0.981688003437, 0.789691914131, 1.0, 0.524097737415, 1.0, 0.276621080679, 0.413224426565, 0.0, 3.03359235754e-14, 2.00160615082e-14, 4.2344738123e-15, 597.563093226, 124.005089024
0.962596375194, 0.058282907657, 0.852135812496, 0.0, 0.506775740745, 0.0, 0.331439382996, 0.925153500934, 0.278385603998, 0.20955152229, 0.690763628229, 0.0484603634181, 0.604668395403, 0.716639559696, 9.49886644388, 0.0, 40.1586849149, 3.78858959708, 704.51399208
0.976244390156, 0.707458755518, 0.578768674106, 0.850249970485, 0.0, 0.4061627326, 0.59069221971, 0.50451308297, 1.0, 0.358251966087, 0.0, 0.570141233741, 1.0, 0.0, 1.12581414873, 4.69747827147, 6.20263766638, 15.8869120749, 474.805454931
1.0, 0.968668643277, 0.653739169328, 0.354422218351, 0.965623030099, 0.530110098678, 0.988278081999, 1.0, 0.616294758876, 0.84237979458, 0.414580853695, 1.0, 0.0, 1.0, 9.91673287254e-16, 6.17214222776e-16, 1.93147766082e-15, 4.5826967882e-14, 749.318473014
0.42305061205, 0.476554869012, 0.630747617062, 0.0, 0.612442232187, 1.0, 0.218203369039, 0.788345172923, 0.299625221035, 0.77109907853, 1.0, 0.977506816254, 0.665535548417, 0.986686945307, 202.291334496, 0.0, 308.74866251, 342.884110055, 394.670509427
1.0, 0.257719416216, 0.65560677481, 0.0, 0.0, 0.609070847163, 1.0, 0.405857194792, 1.0, 0.559038298612, 1.0, 0.171224299601, 0.153845315134, 0.608791224029, 1.94098485146e-14, 0.0, 3.23093004615e-14, 1.6150416351e-14, 669.67422643
0.946707304421, 0.0, 0.21554255158, 1.0, 0.0, 0.542495373106, 0.364362622189, 0.439691329559, 1.0, 0.584216277498, 0.0, 0.283589916563, 0.524139250088, 0.183375876559, 4.16720969792e-15, 68.0556990118, 23.9646323259, 0.0, 859.891103987
0.924015234496, 0.0, 0.404296909428, 0.418532243065, 0.290205630908, 1.0, 0.628854047376, 0.107363933488, 0.173711217918, 0.385804725949, 0.0, 0.0278170700447, 0.519073909069, 0.717308018579, 48.8938505144, 37.7457274954, 45.5175797588, 0.0, 639.791900602
0.943011425872, 0.933507860377, 0.191785265991, 0.376326128712, 0.732792365726, 1.0, 1.0, 1.0, 0.0, 0.00128122069964, 0.615851454445, 0.156364563894, 0.0, 0.706659293773, 4.19343797977, 2.81461853298, 1.56923665527, 50.4509021338, 565.161011596
0.36676327084, 1.0, 0.373401445117, 0.0, 0.071709100013, 0.0, 0.703622593763, 0.105832943876, 0.080801193071, 1.0, 0.0, 0.0, 0.491128496773, 1.0, 1.67151004732e-14, 0.0, 1.11080641505e-14, 327.759337351, 212.920120559
0.388308217737, 0.999983268439, 0.484483952706, 0.561572718221, 0.802028620488, 0.774110341919, 0.766398610054, 0.101055900548, 1.0, 1.0, 0.0, 0.411580558325, 0.477973647192, 0.0217995668312, 0.00579158179022, 0.00703613896885, 0.00867942275179, 478.84686562, 334.641695144
0.0690639830607, 0.450164517737, 1.0, 0.262914566448, 0.0, 0.805764750944, 0.465494410647, 0.618848129805, 0.875338873977, 0.215887889318, 0.417784636568, 0.547313911659, 1.0, 0.978180297851, 3.43951843171e-14, 1.50714533263e-14, 613.276072354, 524.061401549, 87.8590147667
0.901013247758, 0.913991976658, 0.385462609958, 0.012272219355, 0.81434631329, 0.695301778083, 0.347955702433, 0.286512867575, 0.200342176445, 0.300691962585, 0.815372351293, 0.298874111234, 0.598071902325, 0.594683099621, 6.43680149316, 0.12409860593, 4.45649046586, 57.6031929451, 370.856050209
0.722821682193, 1.0, 0.258844359943, 0.681721995472, 0.706721722736, 0.591599019401, 0.0, 0.143361529635, 0.215623081026, 0.891188130037, 0.195475386214, 0.349863017343, 0.596960028895, 0.522025811275, 7.27954612583e-15, 1.33267060197e-14, 6.53855787497e-15, 270.007114047, 580.458509627
0.0, 0.978535890539, 1.0, 0.27153094685, 0.0, 0.0, 1.0, 0.739536403998, 0.568264734099, 0.592094892835, 0.495654842291, 0.0, 0.645073792128, 0.995341937763, 1.25943731902e-15, 5.72307881776e-16, 22.5921826801, 669.824200396, 0.0
1.0, 0.162586527463, 0.858110292636, 0.71853649777, 0.790130345193, 0.0064076040813, 0.598601208788, 1.0, 1.0, 0.489726779032, 0.00614900497229, 0.872661409249, 0.352221538447, 0.526335793423, 3.37216200267e-15, 7.12365537701e-15, 3.47745862993e-14, 9.30962858914e-15, 601.836411948
0.637281493849, 0.768435188933, 1.0, 0.073562147976, 1.0, 0.212281524699, 0.0969914072868, 0.406891122697, 0.0, 0.920597481605, 0.126484040721, 0.391533436666, 1.0, 1.0, 4.60334222024e-15, 5.34301625947e-16, 75.6829838819, 198.809933355, 332.063268187
0.946707304421, 0.685419102989, 0.595543738135, 0.617324726744, 1.0, 0.90502532594, 0.236939917466, 1.0, 0.881899230772, 0.797043512701, 0.481927278828, 1.0, 0.0, 1.0, 6.16811445935, 8.99456601095, 14.7924000385, 34.1147404707, 461.817431927
0.6909725363, 0.257356849547, 1.0, 0.23892319707, 0.0, 0.16150568151, 1.0, 0.0, 1.0, 0.557486036336, 1.0, 0.781592063203, 1.0, 0.562604414916, 1.87013845255e-14, 7.36783551907e-15, 328.264729183, 140.437598161, 676.837139835
1.0, 1.0, 0.0, 0.709287533229, 0.976990612208, 0.0, 0.0, 0.5168325884, 0.764588874234, 0.0, 0.703670562009, 0.0, 0.860098389504, 0.910387442968, 1.10398235968e-30, 2.24713938154e-30, 0.0, 4.08881937828e-14, 667.754879387
1.0, 0.538061614949, 0.645498670591, 0.317400837287, 0.36935089573, 0.0837137550176, 0.682363032587, 0.00627244891013, 1.0, 1.0, 0.0, 0.792126325915, 0.153230859362, 0.400765797182, 1.13178959214e-14, 6.16202665013e-15, 2.06991206658e-14, 2.74876370434e-14, 600.067856518
0.119285189823, 0.0, 0.956680747386, 1.0, 0.378833376358, 0.311334028549, 1.0, 0.111699501991, 0.322274284139, 1.0, 0.0, 0.588710275169, 0.0, 0.972709544378, 2.02517487233e-15, 33.0736155721, 485.299477542, 0.0, 92.2246416866
1.0, 0.457368953569, 0.0, 0.0, 0.74281605548, 0.985717192046, 0.0, 1.0, 0.881228968573, 0.0, 0.853214888076, 0.148291308275, 0.869548309184, 0.0, 4.62814120411e-14, 0.0, 0.0, 4.04638442939e-14, 1003.97836986
0.612193473458, 0.677524116018, 0.108334367311, 0.0, 0.0, 0.0, 0.0010571180481, 0.211286445651, 0.685045740904, 1.0, 0.572067310304, 0.70980705135, 0.236413143181, 0.609514650209, 139.754791243, 0.0, 24.0144988729, 255.579210333, 418.936257995
1.0, 0.645092199579, 0.564736798102, 0.28236283573, 1.0, 0.673129531214, 0.979188979322, 0.815771905682, 0.336873315418, 0.788246187909, 0.716159411516, 0.168838169893, 0.608480235394, 0.316042897117, 1.41115284405e-14, 6.70446639717e-15, 1.91739351636e-14, 3.9670953533e-14, 763.476173426
0.753720384034, 0.265360707322, 0.721753447323, 0.106568894697, 1.0, 0.307478053774, 0.991571411724, 0.646837337449, 0.332132774315, 0.284064267059, 0.297246813995, 0.492815850085, 0.278475027853, 1.0, 86.2958559821, 14.5822194186, 187.325345948, 91.5484746447, 555.061437312
1.0, 0.0, 1.0, 0.112742900689, 0.506775740745, 0.0632620385863, 0.739711546552, 1.0, 0.82085924854, 0.911577850455, 1.0, 0.33263844854, 0.0, 0.105026572076, 2.77974065802e-30, 4.97493198434e-31, 4.61179209752e-14, 0.0, 753.162805918
1.0, 0.495855716272, 0.783379164788, 0.215943862077, 0.388581141746, 0.101074499529, 0.865762819324, 1.0, 0.25088458501, 0.346221096815, 0.700686396981, 1.0, 0.335014478867, 0.0, 1.17615423774e-14, 4.1499582583e-15, 3.52284955122e-14, 3.68877318123e-14, 857.554558252
1.0, 0.594740640595, 0.877926001636, 0.0, 0.0, 1.0, 0.0, 0.847795721996, 1.0, 0.0, 0.825106180554, 0.845101870078, 0.923981561958, 0.770991806901, 6.23937334129e-15, 0.0, 3.21387418012e-14, 4.42870165909e-14, 899.430066505
0.569807963538, 0.168511820191, 0.859679424784, 0.583053195482, 0.0163810885765, 0.0, 0.765630482057, 1.0, 0.205165501589, 1.0, 0.115393615029, 0.792126325915, 1.0, 0.115518031109, 39.1175991753, 50.9326261115, 286.629560292, 79.6195064926, 379.638040726
0.986294716312, 0.0383963117598, 1.0, 1.0, 0.578665387614, 1.0, 1.0, 0.441928852719, 0.201050469484, 0.3030316711, 0.0, 0.111229094564, 1.0, 0.964717440832, 4.85142788494e-32, 7.92298299937e-16, 12.9392131754, 0.78134763671, 602.03708196
0.187137121834, 1.0, 0.0738395679335, 0.500282239859, 0.411157901447, 0.481611638844, 0.923760256684, 1.0, 0.320941663316, 0.779237523042, 1.0, 0.563274829409, 0.130002528087, 0.587175884397, 3.079169692e-14, 3.08190114954e-14, 5.07579325104e-15, 716.288929891, 216.838087679
1.0, 0.0, 0.728394871191, 0.700480630194, 0.512200542459, 0.81056202201, 1.0, 0.549882467544, 0.481549621278, 0.0, 0.505906634006, 0.24332522404, 1.0, 0.0, 7.1775111887e-15, 1.41129891338e-14, 3.48324240552e-14, 0.0, 624.868067767
1.0, 0.188047854323, 0.0400779060917, 0.383441904657, 1.0, 1.0, 0.514780543687, 0.795071970126, 0.743187065469, 0.362530044418, 0.0, 0.215429617013, 0.826663295884, 0.0, 3.35587053432e-14, 2.30726867733e-14, 2.56721099892e-15, 1.24167094983e-14, 696.58064376
1.0, 0.596969992805, 0.722911436494, 0.361900827298, 0.373392463477, 0.392338000678, 0.323152170449, 0.562510657552, 0.86253666831, 0.063558613009, 0.80662909556, 0.0, 0.331101508871, 0.485540086738, 1.25908987698e-14, 8.04326236308e-15, 3.21312283588e-14, 4.82871379574e-14, 978.142853528
0.965322563316, 0.460967014064, 0.0, 0.816570515226, 0.845228060693, 0.924660665748, 0.716653938222, 0.818803623079, 0.315867497493, 1.0, 0.0, 0.195947467167, 1.0, 0.314708772557, 7.31228993957, 24.6721927783, 0.0, 22.7562431356, 630.014337407
1.0, 0.52798010262, 0.726393711786, 0.439455692674, 0.523909559062, 0.0738092723223, 0.796601097015, 0.545077329149, 0.106982354674, 0.295834930928, 0.0502105487565, 0.608531590344, 0.0, 0.171919315413, 1.12836809397e-14, 9.31843412287e-15, 3.19273076052e-14, 3.83526670051e-14, 849.292706221
0.821020258699, 0.800006988699, 0.0, 0.162299665412, 0.710165264098, 0.896592642839, 1.0, 0.457805887997, 0.528978093632, 0.910407713118, 0.0, 0.690530491399, 1.0, 0.278487015199, 47.5223561029, 12.3848199812, 0.0, 151.149618889, 550.322626848
1.0, 0.228585092624, 0.0, 0.356860077952, 1.0, 0.679694362568, 0.191849138534, 0.0, 0.941762567093, 0.0, 0.283328753977, 0.395446741912, 0.358048151689, 1.0, 3.17193449087e-14, 1.99109388143e-14, 0.0, 1.40564369122e-14, 653.279325819
0.165101308262, 0.843306178895, 0.832270487118, 0.0, 0.5549783702, 1.0, 1.0, 0.31994772143, 0.453857387135, 0.594905209318, 0.531068166365, 1.0, 0.780800478942, 0.33151604526, 55.1355092362, 0.0, 204.402894855, 842.69453765, 230.527673493
1.0, 0.502293115307, 0.0, 0.265816663763, 0.0, 1.0, 0.10021968782, 0.0240614253772, 1.0, 0.232921079486, 0.00155649846315, 0.26917034862, 0.588796539366, 0.0, 2.28584954044e-14, 1.01407093395e-14, 0.0, 2.51876975732e-14, 579.647406465
0.720359802558, 0.311987957777, 0.641981545776, 0.554091137068, 0.416143617515, 0.0, 1.0, 0.808509681175, 0.0, 0.0, 0.537394880113, 0.156363294652, 0.882900820599, 0.176831547015, 91.8970982606, 109.008469686, 226.217178334, 142.651252413, 645.002825101
0.972276061449, 0.637975337716, 1.0, 0.411975374149, 0.559755557595, 0.0591064228775, 0.158331260547, 0.553430741614, 0.0609612382462, 1.0, 1.0, 0.0, 0.0, 0.0, 1.26485677513e-15, 9.55832920559e-16, 25.8914751425, 40.5130648635, 1103.35202627
0.748196436403, 0.641083903785, 0.42827877005, 0.863186111353, 0.0, 0.770845401434, 0.49220895137, 0.788081143692, 1.0, 0.49485410525, 0.881030225533, 1.0, 0.0, 0.383470924256, 14.2271190656, 65.1790387094, 53.1522472528, 134.916538274, 382.288418865
1.0, 0.367135921377, 0.676573322091, 0.0, 0.250795501762, 1.0, 0.800432938414, 0.0, 0.0, 0.862127123659, 0.563013957616, 0.00631631370777, 0.0180536444562, 0.278463202208, 2.10199476833e-14, 0.0, 3.77523649658e-14, 2.8106019298e-14, 841.81599881
0.834610240222, 0.0, 1.0, 0.0361521041249, 0.222800842282, 0.0414380679806, 0.122222918692, 0.0, 0.105386508803, 0.229441543308, 0.872410740105, 0.87170550054, 0.601752985204, 0.811973434009, 1.38609482785e-14, 7.8797709369e-16, 226.731951837, 0.0, 853.015274852
1.0, 0.930953981288, 0.3845616203, 0.667387156644, 0.0, 0.392335479649, 0.0, 1.0, 0.848400406033, 0.0, 0.685565136896, 0.0, 1.0, 0.110545062469, 1.23403804068e-15, 2.14301401531e-15, 1.70662867652e-15, 2.75948647003e-14, 453.321934272
1.0, 0.165956553183, 0.0, 0.609139460054, 0.0, 0.513098069854, 0.0461330410062, 1.0, 0.0, 0.886992209259, 0.0, 0.361218481206, 0.301147666549, 0.930428244098, 2.49335988221e-14, 3.537518114e-14, 0.0, 1.15448963965e-14, 731.517834912
0.907914689252, 0.189316295545, 1.0, 0.152308437647, 0.982984470048, 0.817441229406, 0.926095036482, 0.0, 0.0, 0.0, 0.396329085327, 0.0, 0.0, 0.0228821865496, 4.13069520771e-15, 1.00754761921e-15, 69.4371478567, 21.2800523773, 498.575355809
0.720359802558, 1.0, 1.0, 0.601484190693, 1.0, 1.0, 0.0, 0.28995626318, 0.163926186924, 1.0, 0.333438297352, 1.0, 1.0, 0.806495215162, 4.86740380527e-31, 6.73235741524e-31, 1.35673441804e-14, 221.571545198, 471.555095317
0.943011425872, 0.994107668778, 0.284391625569, 0.0, 0.915288212229, 0.30158643224, 0.606920371707, 1.0, 0.404014643057, 0.379556592426, 0.0108796327749, 0.436928173009, 0.0, 1.0, 0.330605800836, 0.0, 0.158366034308, 39.6048052506, 441.26206017
1.0, 0.287678741538, 0.912517459533, 0.0, 1.0, 0.401678591709, 0.247277861172, 0.733128621909, 0.560960648971, 1.0, 0.808814770257, 0.497308488259, 0.0, 1.0, 5.02005018082e-15, 0.0, 3.63012031178e-14, 1.77876211059e-14, 665.260550391
1.0, 0.713532417414, 0.113719634905, 0.333119867971, 0.777223372529, 0.30158643224, 0.870736280618, 0.0194976132655, 0.0, 0.273683251711, 1.0, 1.0, 0.0, 0.758757593797, 1.66618357242e-14, 9.61226759507e-15, 3.47310157541e-15, 4.04666559931e-14, 733.92981032
0.967402791711, 0.974431271037, 0.0487132897946, 0.631548777415, 0.820810705947, 0.141529177766, 0.0113092724618, 0.493780087899, 0.415279343705, 0.914106288533, 0.792913949631, 0.667452139038, 0.593921774796, 0.0237721975685, 0.814895187034, 1.24716085335, 0.114219485111, 37.1821182231, 726.113375737
0.81368408012, 0.612180775366, 0.551638549357, 0.289649853982, 0.0610447802205, 0.623904381276, 0.0, 0.106553206511, 0.0, 0.304212802118, 0.0, 0.0, 0.0, 0.233831483523, 58.3502237183, 28.5456950136, 76.4542113442, 143.790750294, 581.879627443
1.0, 1.0, 1.0, 0.175521362383, 1.0, 0.798779594204, 0.0, 0.844235942349, 0.541438033307, 0.79740917428, 0.404210168422, 0.613745032441, 0.0, 0.500537361065, 1.16548866687e-46, 3.29732439309e-47, 1.97809490726e-30, 3.23047413939e-14, 527.576463946
0.0, 1.0, 0.0, 0.229634081329, 0.835062781368, 0.663489992344, 0.555412501472, 0.426769759602, 0.707421964353, 0.911611436402, 0.918660792693, 1.0, 0.0697630328087, 0.771239851971, 6.23962721001e-14, 2.35366101349e-14, 0.0, 1089.09492819, 0.0
1.0, 0.99905562994, 0.844934409769, 0.476779153943, 0.590411206573, 0.0, 0.821017092432, 0.716352541592, 0.874454780457, 0.274644167236, 1.0, 0.676228731182, 0.0, 1.0, 9.27554875501e-18, 8.62242650275e-18, 5.09603983299e-17, 3.53983557086e-14, 578.099655845
1.0, 0.0, 0.693121191105, 0.288761654926, 0.0, 0.119993267971, 0.484077196543, 0.0, 1.0, 0.934203728758, 0.0, 0.888448766075, 1.0, 0.463054145846, 1.62712428774e-14, 7.93199026807e-15, 3.45971824225e-14, 0.0, 637.678926013
0.330673460656, 0.26810782743, 0.328905320746, 0.102501681881, 0.804261591748, 0.497107430359, 1.0, 0.61090117363, 0.0, 0.0, 0.0273216356162, 1.0, 0.0, 0.112008441314, 233.4403242, 37.9142522275, 134.358323443, 121.840780303, 170.418444541
0.78554231467, 0.975758498747, 0.870773029779, 0.417579944947, 0.636697775971, 0.297747731073, 0.0, 0.302016859161, 1.0, 0.184673495016, 0.492940000016, 0.0952455118399, 0.525821085141, 0.111682972608, 0.922991091591, 0.710342010453, 5.65865983106, 151.64700089, 433.321100358
1.0, 0.491588800941, 0.70746449285, 0.120422655152, 0.899923807123, 0.171114832326, 1.0, 0.772726971343, 0.121828028806, 0.255101146306, 0.51219806074, 1.0, 0.538989723856, 1.0, 1.62265723112e-14, 3.10655055647e-15, 3.33868725042e-14, 3.62794198536e-14, 849.198043659
1.0, 0.813955694543, 0.656796580384, 0.835636229558, 0.402742346788, 0.421453005109, 0.707772389029, 0.504331530706, 0.839400862473, 0.213992520654, 0.0, 0.68892860955, 0.958833867398, 1.0, 1.43134965969e-15, 5.42022208211e-15, 9.37133248452e-15, 3.62974521641e-14, 619.028184852
0.846741899081, 0.873291834143, 0.250936590451, 0.184780414082, 0.0667090488276, 1.0, 1.0, 0.521331430495, 0.0144444356739, 0.0, 0.0, 0.501219277085, 0.0, 0.60109239675, 18.1542769357, 5.42245883947, 7.8806939638, 101.735537504, 422.75012706
0.864242303665, 0.0, 1.0, 0.239041026541, 0.0, 0.691184481541, 0.987237251241, 0.0102104664425, 0.499604968999, 0.283002796919, 1.0, 0.896783173154, 1.0, 0.0, 3.52053332708e-15, 1.38774692119e-15, 61.8003021911, 0.0, 285.398959136
0.825637415894, 1.0, 0.391742429457, 0.367895028949, 0.954027377304, 0.583216452224, 0.269971667085, 0.938850218856, 0.686326781783, 0.0, 1.0, 1.0, 1.0, 0.097231801539, 8.58342593881e-15, 5.5977179344e-15, 7.24399027292e-15, 204.945694569, 729.477588614
0.779480320296, 0.207012479206, 1.0, 0.0930205662603, 0.658877723966, 0.728575019212, 1.0, 0.0, 0.378431969628, 1.0, 0.393515673717, 0.29755845007, 0.803623809684, 0.586864609431, 1.03344424535e-14, 1.5208701115e-15, 170.592085419, 57.5137593426, 498.764613362
1.0, 0.0, 0.0237607821841, 0.0, 0.504421788259, 0.0, 1.0, 1.0, 0.0, 0.458532283057, 0.394699770099, 1.0, 0.71723230943, 0.378794659733, 2.80409080801e-14, 0.0, 1.04706685362e-15, 0.0, 458.261931347
0.989721037234, 0.0600421618977, 0.320473755213, 1.0, 0.0, 0.192383523311, 1.0, 0.40564304166, 0.0, 0.586956638343, 0.538917767954, 0.584226464929, 0.76700594153, 0.0, 4.65020359479e-16, 7.59435879476, 4.1823966665, 0.820123772951, 539.312309235
0.0, 0.934693931082, 0.0, 0.588541610835, 0.0, 0.0, 0.610156346948, 0.629947769932, 0.180104413761, 1.0, 1.0, 1.0, 0.386280088231, 0.531676499467, 32.9893084456, 43.7286396962, 0.0, 532.102647046, 0.0
1.0, 0.556650615397, 0.0, 0.151061248577, 0.458568341842, 0.80910337377, 0.668881863175, 0.571296325545, 0.0, 0.0, 0.11252767867, 0.187500859527, 0.0, 0.0, 2.51936231852e-14, 6.09289018856e-15, 0.0, 3.09982814783e-14, 659.898362026
1.0, 0.0853292522639, 0.177534857213, 0.0, 0.0, 0.986799437985, 0.810900824589, 0.0160094290037, 0.514948153986, 0.99417412338, 0.900911865462, 0.0, 0.374166838167, 0.0, 2.50481646365e-14, 0.0, 7.17210304148e-15, 3.51330871163e-15, 429.35724381
0.324804953779, 0.867623803233, 0.0, 0.942343266097, 0.0, 0.0123869643341, 0.185289605948, 0.913813065138, 0.226518588716, 0.0, 0.991762800472, 1.0, 0.293639823454, 1.0, 6.8779670824, 75.7356723055, 0.0, 360.438432453, 206.150859725
0.924693450022, 0.477065976253, 0.473797408583, 0.356423728543, 0.291036326872, 0.287023929229, 0.0, 0.717938082555, 1.0, 0.326168557086, 0.80537719202, 0.718984050995, 0.846321948181, 0.897571364348, 31.6729430471, 19.8515610325, 34.4229385606, 47.2799561216, 584.023207675
0.0, 0.952707965639, 0.0, 0.866014143234, 0.327892054862, 0.491577561108, 0.894030525763, 0.377024844562, 1.0, 0.0, 0.477849038163, 0.894905642178, 0.0, 0.292097434065, 6.84301035189, 32.0323534434, 0.0, 440.120433264, 0.0
1.0, 1.0, 0.665152433009, 0.336078224508, 0.0, 0.0, 0.641415322715, 0.0, 0.787659754326, 0.80207395068, 0.0488569950805, 0.0, 0.599861860536, 1.0, 9.45977383592e-31, 5.51612219277e-31, 1.88631802672e-30, 3.56206192541e-14, 581.728858948
1.0, 0.0, 0.0, 1.0, 0.612678390968, 1.0, 0.57648404345, 0.533417036585, 0.981479313924, 0.555102068896, 0.269512622459, 0.937643819426, 1.0, 0.920533908861, 3.83411438675e-30, 6.26158397575e-14, 0.0, 0.0, 1022.59426638
1.0, 0.0, 0.845633175351, 0.514784085139, 1.0, 1.0, 0.113014377967, 1.0, 0.822535943104, 0.706018283557, 0.499921276986, 0.991513357449, 0.550784921549, 1.0, 4.99537622021e-15, 5.23294914685e-15, 2.92484245758e-14, 0.0, 492.057797311
1.0, 0.189120537581, 0.811982436825, 0.450096217911, 0.504093155271, 0.093205882606, 0.225154757901, 0.996464007684, 0.307617515538, 0.56792577531, 0.379037009855, 0.447610236931, 0.0912139574829, 0.587175884397, 8.58312122555e-15, 7.33292186975e-15, 3.71062489842e-14, 1.18733528592e-14, 662.430969932
0.928943072562, 0.125615297055, 1.0, 0.0, 0.740472747291, 0.0, 0.714525960722, 0.692523466884, 0.170904172907, 0.602735013549, 1.0, 0.0, 0.423439365084, 0.0, 3.85883629496e-15, 0.0, 63.0195791577, 12.5987046267, 573.390116849
0.864242303665, 0.20748774483, 1.0, 0.994200767818, 0.0, 0.890327559271, 0.0, 0.194627682625, 1.0, 0.278084006615, 0.232839982401, 0.76823859792, 0.527108806129, 0.180421158573, 7.85854943808e-17, 8.62660678791e-15, 140.889025803, 47.6167748293, 686.79263605
0.919980610972, 0.453479783535, 0.145509489859, 0.117735496322, 0.906392716567, 0.701940059846, 0.459861886618, 0.331960433928, 0.994138325475, 0.0, 0.904868682001, 0.518237249189, 0.0, 0.199419057888, 47.8810782808, 8.95740885645, 11.3318595286, 43.1896588586, 522.950416276
0.976851299619, 0.76998298836, 0.354831549903, 0.0, 0.994057269735, 0.0, 0.731934778091, 1.0, 0.782910508944, 0.0, 0.0, 0.0710679167633, 0.298685261097, 0.0309416973735, 7.04454882662, 0.0, 4.39079085147, 21.9658828462, 645.501542217
