0.0729596957824, 0.454302680922, 0.407259207867, 0.00546756885659, 0.578340100855, 0.0023323599365, 0.322618683281, 0.197393849734, 0.31104545138, 0.873713757504, 0.279350409825, 0.200231463752, 0.0384238131509, 0.00157363072403, 1.29674305635, 0.0111372699781, 0.964955927143, 1.39955511843, 0.246117436201
0.323761783969, 0.228265611055, 0.032559413423, 0.270662393761, 0.911046242204, 0.246793771988, 0.989465626365, 0.652704393565, 0.404147876967, 0.0612855453995, 0.463988159159, 0.270318610426, 0.327938867746, 0.535397375746, 1.32639945413, 0.600554556767, 0.0745321086803, 0.54637096257, 0.867957405069
0.437197701943, 0.0361358310585, 0.423931504456, 0.998516633498, 0.98470852657, 0.409683132883, 0.158779288912, 0.217071146368, 0.913247326437, 0.429665509192, 0.330959691461, 0.00877344435122, 0.750816963962, 0.512583281328, 0.00275603549384, 1.18281187477, 0.929241488659, 0.0854718200484, 1.23523874436
0.00216076283299, 0.101820904689, 0.0315366410256, 0.884104817581, 0.992358087997, 0.178267049292, 0.322504594071, 0.217071146368, 0.373314131184, 0.978043678701, 0.0415789156608, 0.00877344435122, 0.10394238496, 0.512583281328, 0.412459398677, 2.24058172076, 0.112950515433, 0.36797035643, 0.00784219848736
0.303146853957, 0.219940423024, 0.702518749046, 0.984742716571, 0.914865521821, 0.658611687582, 0.245583200596, 0.490780247561, 0.656432930815, 0.444896728297, 0.608065751286, 0.201862997587, 0.383763678867, 0.107963635787, 0.014058264837, 0.586477654016, 1.16270730307, 0.468727013287, 0.713876555657
0.00128996033498, 0.273987383892, 0.253252972449, 0.0920901634077, 0.988981901804, 0.337998145198, 0.939174668465, 0.0151816453478, 0.24356477821, 0.924177730972, 0.243004800148, 0.0678681493699, 0.311183052709, 0.718928362094, 1.88644435114, 0.274802833284, 0.801074650608, 0.94929619318, 0.00461040376805
0.501794431034, 0.6022533178, 0.996541638992, 0.0376562009861, 0.963914505419, 0.11827218414, 0.529457660601, 0.959364032928, 0.126646117335, 0.625510758748, 0.432704167205, 0.955817096621, 0.709140615702, 0.686596814738, 0.00451520523438, 0.000267387305945, 0.83261303837, 1.15458234693, 1.43153799238
0.00119246344076, 0.0789583641808, 0.0564251604189, 0.00546756885659, 0.992575306835, 0.0848780058087, 0.940122370753, 0.654042755969, 0.237823295517, 0.996750352932, 0.380765340779, 0.955817096621, 0.311183052709, 0.00233478919049, 2.42470613398, 0.0208249480878, 0.215480079608, 0.303484245382, 0.00459512792944
0.464657875661, 0.663291964617, 0.0811453896931, 0.998516633498, 0.678167131388, 0.719895920418, 0.640924071477, 0.0498385478309, 0.373314131184, 0.176773624666, 0.0213734106491, 0.514377760851, 0.10394238496, 0.142151341367, 0.00168372728731, 0.72260775805, 0.0926079874645, 1.24652619982, 1.2917805994
0.0766521044664, 0.321597865087, 0.193535553279, 0.334498721668, 0.675704022339, 0.246793771988, 0.414566471283, 0.217071146368, 0.404147876967, 0.999934739066, 0.330959691461, 0.650356070024, 0.759738681877, 0.547218819379, 1.12035980694, 0.649577488237, 0.406296185418, 0.750618407574, 0.187657989272
0.12486689963, 0.210859124937, 0.0564251604189, 0.00546756885659, 0.870745613595, 0.0840590020255, 0.322618683281, 0.899495524601, 0.47017151942, 0.74658724377, 0.380765340779, 0.201862997587, 0.14217973964, 0.00233478919049, 1.88650459612, 0.016202524393, 0.167650897919, 0.651321039441, 0.397960305844
0.0797250916176, 0.0855521220487, 0.0038090895687, 0.511511077987, 0.911046242204, 0.12037759679, 0.459647271584, 0.378179502739, 0.419619776128, 0.126773367258, 0.624305077848, 0.811622866869, 0.448586015809, 0.393517551639, 1.09333357535, 1.13360447601, 0.00942345978327, 0.212935465151, 0.200077799052
0.396533471593, 0.456685908519, 0.000282336604152, 0.445970674806, 0.383631894331, 0.518515695826, 0.394398241825, 0.295452938034, 0.705435691494, 0.375229952667, 0.965383627997, 0.076977087917, 0.272735318729, 0.995743828209, 0.850448506718, 0.717092440307, 0.000493352040798, 0.970487467093, 1.06032893562
0.00216076283299, 0.101820904689, 0.314299008269, 0.715456216388, 0.992358087997, 0.178267049292, 0.60963432036, 0.991498372746, 0.373314131184, 0.978043678701, 0.585957679152, 0.201862997587, 0.311183052709, 0.07169748187, 0.811423596443, 1.69289372618, 1.01027480113, 0.343911713176, 0.00732945975057
0.323761783969, 0.0460921824199, 0.215397179385, 0.607773813906, 0.286189894071, 0.230951657607, 0.598722160309, 0.108902709002, 0.51633705607, 0.57211121775, 0.932930267658, 0.47697554776, 0.197406991053, 0.535397375746, 0.744140334643, 1.05097320811, 0.453126861352, 0.0990113203439, 0.763031300017
0.040640657374, 0.477105280893, 0.000269259829605, 0.388958868692, 0.215254202778, 0.862547508012, 0.158779288912, 0.727786624437, 0.746409762571, 0.571380873145, 0.782129756542, 0.943022488175, 0.852224762831, 0.547218819379, 1.10635029329, 0.774856070116, 0.000571285283772, 1.25689102362, 0.117944558966
0.2299154459, 0.108176698231, 0.289766182832, 0.334498721668, 0.713986130381, 0.655626890212, 0.0373805525834, 0.539934606333, 0.506084349898, 0.267011670516, 0.846188062954, 0.465743406248, 0.588219003031, 0.443016259751, 1.05458834768, 0.6114436146, 0.596638694364, 0.232866204089, 0.520129015375
0.671507348067, 0.992071756266, 0.712050053917, 0.451799342573, 0.892556964634, 0.295055089828, 0.370976227342, 0.246621353551, 0.928651100746, 0.530807885862, 0.804104742432, 0.625801854394, 0.893452851648, 0.241894785867, 0.00364914638856, 0.00313454616016, 0.00990017697078, 0.883795167109, 1.55813877442
0.000357477502928, 0.0361358310585, 0.298497507924, 0.998516633498, 0.779308656913, 0.409683132883, 0.158779288912, 0.991498372746, 0.913247326437, 0.997500854637, 0.282893217851, 0.012755314749, 0.750816963962, 0.487056517454, 0.00458644323918, 1.96837070437, 0.997093057637, 0.125380833433, 0.00124100948969
0.0729596957824, 0.454302680922, 0.407259207867, 0.00546756885659, 0.578340100855, 0.0023323599365, 0.322618683281, 0.197393849734, 0.31104545138, 0.873713757504, 0.279350409825, 0.200231463752, 0.0384238131509, 0.00157363072403, 1.29674305635, 0.0111372699781, 0.964955927143, 1.39955511843, 0.246117436201
0.323761783969, 0.228265611055, 0.032559413423, 0.270662393761, 0.911046242204, 0.246793771988, 0.989465626365, 0.652704393565, 0.404147876967, 0.0612855453995, 0.463988159159, 0.270318610426, 0.327938867746, 0.535397375746, 1.32639945413, 0.600554556767, 0.0745321086803, 0.54637096257, 0.867957405069
0.197324964047, 0.0582198051192, 0.453088789794, 0.00525914125385, 0.715443262168, 0.843870497192, 0.279966127688, 0.164669206749, 0.662450334067, 0.880369113041, 0.282893217851, 0.463651694828, 0.322861959763, 0.542426984739, 1.13336231546, 0.00936296414673, 0.977565987352, 0.137261997786, 0.481388442145
0.0797250916176, 0.0855521220487, 0.80341637094, 0.511511077987, 0.911046242204, 0.25537097482, 0.459647271584, 0.378179502739, 0.419619776128, 0.126773367258, 0.624305077848, 0.389140330022, 0.448586015809, 0.393517551639, 0.297204558762, 0.308151533713, 1.34208593831, 0.190458226453, 0.178957801759
0.21279293331, 0.648277687407, 0.298497507924, 0.998516633498, 0.675704022339, 0.518515695826, 0.622829732492, 0.307109316046, 0.781708308864, 0.693560105077, 0.616575317217, 0.464115899551, 0.528544176862, 0.617926767708, 0.00126742092925, 0.543940935741, 0.275537392214, 0.989004511285, 0.403497746462
0.437197701943, 0.0361358310585, 0.423931504456, 0.998516633498, 0.98470852657, 0.409683132883, 0.158779288912, 0.217071146368, 0.913247326437, 0.429665509192, 0.330959691461, 0.00877344435122, 0.750816963962, 0.512583281328, 0.00275603549384, 1.18281187477, 0.929241488659, 0.0854718200484, 1.23523874436
0.0122717716876, 0.0193734311064, 0.493833090689, 0.108738740262, 0.38708801381, 0.514466394259, 0.074830446941, 0.596837713944, 0.442405804505, 0.88630227017, 0.866892102672, 0.570068363756, 0.894674220187, 0.730692684337, 1.19815560405, 0.206666400959, 1.19251813576, 0.051842807881, 0.0328480861359
0.0572626152541, 0.108176698231, 0.000269259829605, 0.972423058396, 0.713986130381, 0.655626890212, 0.158779288912, 0.539934606333, 0.506084349898, 0.27732005197, 0.392701129712, 0.465743406248, 0.588219003031, 0.443016259751, 0.0536185491574, 1.23702171128, 0.000523692531484, 0.212445180172, 0.113305183906
0.0206771567745, 0.454302680922, 0.407259207867, 0.299499184459, 0.578340100855, 0.246793771988, 0.322618683281, 0.255274331275, 0.144063935541, 0.613058142417, 0.279350409825, 0.0691263321045, 0.0384238131509, 0.000637179718089, 1.0794992898, 0.548963098427, 0.90116661891, 1.30703622682, 0.0648773843039
0.00216076283299, 0.101820904689, 0.0315366410256, 0.884104817581, 0.992358087997, 0.178267049292, 0.322504594071, 0.217071146368, 0.373314131184, 0.978043678701, 0.0415789156608, 0.00877344435122, 0.10394238496, 0.512583281328, 0.412459398677, 2.24058172076, 0.112950515433, 0.36797035643, 0.00784219848736
0.000357477502928, 0.0491699742231, 0.423931504456, 0.998516633498, 0.779308656913, 0.409683132883, 0.158779288912, 0.991498372746, 0.913247326437, 0.997500854637, 0.330959691461, 0.201862997587, 0.750816963962, 0.07169748187, 0.00406693100536, 1.745410862, 1.37123089675, 0.171776953212, 0.00125010229413
0.00871441155977, 7.75427027844e-05, 0.000282336604152, 0.900648964967, 0.374666537495, 0.518571499037, 0.841617535868, 0.307109316046, 0.221974874031, 0.693560105077, 0.616575317217, 0.9692274836, 0.675380413055, 0.811056114009, 0.255810462439, 1.62584873506, 0.000729923615344, 0.000200470825472, 0.022530739109
0.303146853957, 0.219940423024, 0.702518749046, 0.984742716571, 0.914865521821, 0.658611687582, 0.245583200596, 0.490780247561, 0.656432930815, 0.444896728297, 0.608065751286, 0.201862997587, 0.383763678867, 0.107963635787, 0.014058264837, 0.586477654016, 1.16270730307, 0.468727013287, 0.713876555657
0.00128996033498, 0.273987383892, 0.253252972449, 0.0920901634077, 0.988981901804, 0.337998145198, 0.939174668465, 0.0151816453478, 0.24356477821, 0.924177730972, 0.243004800148, 0.0678681493699, 0.311183052709, 0.718928362094, 1.88644435114, 0.274802833284, 0.801074650608, 0.94929619318, 0.00461040376805
0.0195175293549, 0.00406037357417, 0.000269259829605, 0.998516633498, 0.671637330043, 0.409904190974, 0.717912747579, 0.786126140436, 0.262822930665, 0.82294883304, 0.472237976173, 0.465743406248, 0.588219003031, 0.501724488802, 0.00311425660871, 1.33655016639, 0.000565298603771, 0.00852468304874, 0.0409898312634
0.0122717716876, 0.108176698231, 0.738952603964, 0.96466336808, 0.713986130381, 0.414757554632, 0.394398241825, 0.539934606333, 0.506084349898, 0.510435015095, 0.723475732451, 0.514442452161, 0.845830908275, 0.443016259751, 0.0270017978513, 0.485960882599, 1.11966386651, 0.209475344277, 0.0238809852682
0.501794431034, 0.6022533178, 0.996541638992, 0.0376562009861, 0.963914505419, 0.11827218414, 0.529457660601, 0.959364032928, 0.126646117335, 0.625510758748, 0.432704167205, 0.955817096621, 0.709140615702, 0.686596814738, 0.00451520523438, 0.000267387305945, 0.83261303837, 1.15458234693, 1.43153799238
0.109233485513, 0.273987383892, 0.807617309197, 0.0920901634077, 0.987023469613, 0.282200020536, 0.258240648265, 0.654042755969, 0.47017151942, 0.27732005197, 0.243004800148, 0.948731280855, 0.222622035305, 0.107963635787, 0.505108188597, 0.0735803106291, 1.63737835483, 0.787364925416, 0.32702703709
0.00119246344076, 0.0789583641808, 0.0564251604189, 0.00546756885659, 0.992575306835, 0.0848780058087, 0.940122370753, 0.654042755969, 0.237823295517, 0.996750352932, 0.380765340779, 0.955817096621, 0.311183052709, 0.00233478919049, 2.42470613398, 0.0208249480878, 0.215480079608, 0.303484245382, 0.00459512792944
0.402323539155, 0.822407496871, 0.501092033109, 0.451799342573, 0.773879568268, 0.581213176651, 0.184736597029, 0.645681949587, 0.89072878493, 0.744886231543, 0.549164766121, 0.201862997587, 0.352024020035, 0.23195083699, 0.190338471384, 0.163497065088, 0.251780672651, 1.24100776873, 0.94512029852
0.464657875661, 0.663291964617, 0.0811453896931, 0.998516633498, 0.678167131388, 0.719895920418, 0.640924071477, 0.0498385478309, 0.373314131184, 0.176773624666, 0.0213734106491, 0.514377760851, 0.10394238496, 0.142151341367, 0.00168372728731, 0.72260775805, 0.0926079874645, 1.24652619982, 1.2917805994
0.396533471593, 0.629799881906, 0.000282336604152, 0.029611199757, 0.676271133868, 0.518515695826, 0.394398241825, 0.896881789357, 0.705435691494, 0.285128492882, 0.540897862737, 0.076977087917, 0.828911987534, 0.980597079033, 0.805839207553, 0.0375091850219, 0.000357771258151, 1.2272604295, 1.05487092196
0.169349203421, 0.187339152866, 0.982081153914, 0.960248119773, 0.576981740147, 0.488685756273, 0.99939581252, 0.708336289219, 0.899103918, 0.555456319063, 0.443259851619, 0.396333902768, 0.701807752813, 0.487056517454, 0.00245841737967, 0.0393199639233, 1.39931566364, 0.424259761667, 0.398555886832
0.440610805611, 0.411618687159, 0.000282336604152, 0.00525914125385, 0.106232047241, 0.851284167426, 0.430355287484, 0.690127882895, 0.969523687573, 0.3737867342, 0.392701129712, 0.65598743914, 0.240189646338, 0.503247422494, 1.01954019316, 0.00842265367791, 0.000452174704321, 0.769580209278, 1.05883497789
0.0766521044664, 0.321597865087, 0.193535553279, 0.334498721668, 0.675704022339, 0.246793771988, 0.414566471283, 0.217071146368, 0.404147876967, 0.999934739066, 0.330959691461, 0.650356070024, 0.759738681877, 0.547218819379, 1.12035980694, 0.649577488237, 0.406296185418, 0.750618407574, 0.187657989272
0.00770508534162, 0.228265611055, 0.18579912745, 0.106475096401, 0.779764936944, 0.138668114006, 0.519340525472, 0.51913994671, 0.376171222572, 0.719251728702, 0.958771534474, 0.442108024771, 0.678435453327, 0.168628934617, 1.43991304582, 0.24309739367, 0.438716965114, 0.571419646324, 0.0197087622098
0.12486689963, 0.210859124937, 0.0564251604189, 0.00546756885659, 0.870745613595, 0.0840590020255, 0.322618683281, 0.899495524601, 0.47017151942, 0.74658724377, 0.380765340779, 0.201862997587, 0.14217973964, 0.00233478919049, 1.88650459612, 0.016202524393, 0.167650897919, 0.651321039441, 0.397960305844
0.702072643284, 0.37121926925, 0.602862637282, 0.91841482728, 0.24139995691, 0.409683132883, 0.158779288912, 0.279546918489, 0.746409762571, 0.635039271719, 0.0913499325644, 0.298159006618, 0.794705922214, 0.341752689622, 0.0460642082651, 0.35747511738, 0.500810757762, 0.407004483075, 1.46245683843
0.0797250916176, 0.0855521220487, 0.0038090895687, 0.511511077987, 0.911046242204, 0.12037759679, 0.459647271584, 0.378179502739, 0.419619776128, 0.126773367258, 0.624305077848, 0.811622866869, 0.448586015809, 0.393517551639, 1.09333357535, 1.13360447601, 0.00942345978327, 0.212935465151, 0.200077799052
0.0206771567745, 0.0264839618612, 0.0769705826003, 0.0275996505106, 0.779764936944, 0.138668114006, 0.31751115997, 0.51913994671, 0.578883343898, 0.719251728702, 0.517155423261, 0.609234594338, 0.304876855904, 0.301946916124, 1.37298869461, 0.059561088865, 0.166971865408, 0.0576249711501, 0.0450190800564
0.402323539155, 0.139229012882, 0.501092033109, 0.00546756885659, 0.335447524597, 0.317328157583, 0.338536747703, 0.0498385478309, 0.89072878493, 0.932060929458, 0.28657455252, 0.514377760851, 0.352024020035, 0.000637179718089, 1.08166098838, 0.00929000575199, 1.08541827857, 0.340581040012, 1.14928800609
0.21279293331, 0.648277687407, 0.298497507924, 0.998516633498, 0.675704022339, 0.518515695826, 0.622829732492, 0.307109316046, 0.781708308864, 0.693560105077, 0.616575317217, 0.464115899551, 0.528544176862, 0.617926767708, 0.00126742092925, 0.543940935741, 0.275537392214, 0.989004511285, 0.403497746462
0.396533471593, 0.456685908519, 0.000282336604152, 0.445970674806, 0.383631894331, 0.518515695826, 0.394398241825, 0.295452938034, 0.705435691494, 0.375229952667, 0.965383627997, 0.076977087917, 0.272735318729, 0.995743828209, 0.850448506718, 0.717092440307, 0.000493352040798, 0.970487467093, 1.06032893562
0.402323539155, 0.00260528364415, 0.0564251604189, 0.00546756885659, 0.60936524867, 0.70313970561, 0.989465626365, 0.654042755969, 0.716137861045, 0.835994522619, 0.38945161451, 0.465743406248, 0.828911987534, 0.910853609085, 1.41968505457, 0.0121931755556, 0.1261653296, 0.00583301946524, 1.04354263638
0.0325032754426, 0.155561211178, 0.784973858188, 0.222678472665, 0.191427624764, 0.719895920418, 0.33620732081, 0.343504642, 0.406643384318, 0.691127127454, 0.873505443794, 0.698417001028, 0.763038140635, 0.00233478919049, 0.523658839131, 0.191021352135, 1.58706748641, 0.419412769023, 0.0885881420817
0.00216076283299, 0.101820904689, 0.314299008269, 0.715456216388, 0.992358087997, 0.178267049292, 0.60963432036, 0.991498372746, 0.373314131184, 0.978043678701, 0.585957679152, 0.201862997587, 0.311183052709, 0.07169748187, 0.811423596443, 1.69289372618, 1.01027480113, 0.343911713176, 0.00732945975057
0.0250829274469, 0.321597865087, 0.423931504456, 0.256904284636, 0.779308656913, 0.409683132883, 0.989465626365, 0.986417416982, 0.404147876967, 0.382571142264, 0.272337330692, 0.907120800495, 0.791551305528, 0.380266546853, 1.20291974307, 0.513619510936, 1.02757614079, 0.919878642986, 0.0749292701356
0.437197701943, 0.0361358310585, 0.0564251604189, 0.998516633498, 0.480636111722, 0.562955626273, 0.158779288912, 0.217071146368, 0.479652715379, 0.429665509192, 0.330959691461, 0.00877344435122, 0.750816963962, 0.512583281328, 0.00275796251065, 1.18363889546, 0.105184659624, 0.0675232267018, 0.975845673098
0.323761783969, 0.0460921824199, 0.215397179385, 0.607773813906, 0.286189894071, 0.230951657607, 0.598722160309, 0.108902709002, 0.51633705607, 0.57211121775, 0.932930267658, 0.47697554776, 0.197406991053, 0.535397375746, 0.744140334643, 1.05097320811, 0.453126861352, 0.0990113203439, 0.763031300017
0.00770508534162, 0.411618687159, 0.981575967117, 0.501930046396, 0.94716432088, 0.58571664152, 0.622829732492, 0.0172355017255, 0.32891560531, 0.3737867342, 0.00965591490907, 0.65598743914, 0.240189646338, 0.693201301274, 0.0304483273412, 0.0306335103138, 1.49201518871, 1.12665206699, 0.0226352974092
0.00871441155977, 7.75427027844e-05, 0.000282336604152, 0.96466336808, 0.466283111264, 0.48609356105, 0.841617535868, 0.803405626829, 0.781708308864, 0.693560105077, 0.616575317217, 0.9692274836, 0.969314696387, 0.811056114009, 0.104160961599, 1.87462157555, 0.000832664550252, 0.000228688243839, 0.0257020698504
0.495959343452, 0.136679757781, 0.0431742640937, 0.0920901634077, 0.751703618519, 0.585352446808, 0.581092097117, 0.152952719888, 0.215302672199, 0.324373834973, 0.392701129712, 0.175547986419, 0.0757639934642, 0.674950525557, 1.123583447, 0.163675071824, 0.0771216711948, 0.248161386386, 1.15010785641
0.040640657374, 0.477105280893, 0.000269259829605, 0.388958868692, 0.215254202778, 0.862547508012, 0.158779288912, 0.727786624437, 0.746409762571, 0.571380873145, 0.782129756542, 0.943022488175, 0.852224762831, 0.547218819379, 1.10635029329, 0.774856070116, 0.000571285283772, 1.25689102362, 0.117944558966
0.960029708483, 0.321597865087, 0.0161028197328, 0.0237301525636, 0.892280507234, 0.246793771988, 0.841617535868, 0.991498372746, 0.317955745701, 0.341237181523, 0.152829368397, 0.189377593139, 0.791551305528, 0.341648646676, 0.107602014267, 0.00401274919561, 0.00272418518829, 0.0595673104129, 1.95784213113
0.743058903988, 0.0460921824199, 0.986299068453, 0.364360105968, 0.919055186597, 0.360880905486, 0.989465626365, 0.331633281778, 0.781708308864, 0.734658214483, 0.541523120026, 0.65598743914, 0.0311008419303, 0.632606077629, 0.0131858446069, 0.00849522483878, 0.728721725893, 0.05286512123, 1.71130406994
0.00432011086259, 0.0149764637699, 0.521133159687, 0.617582193448, 0.811520525874, 0.359030317809, 0.069942027781, 0.107598697938, 0.293597417158, 0.266157648965, 0.280889656096, 0.590878052811, 0.0668302665429, 0.506576324138, 0.693798347618, 1.0125994388, 1.31180767631, 0.0422713371017, 0.012194902219
0.0114560598117, 0.0530274186308, 0.531052132283, 0.412237636198, 0.71781693258, 0.00506387185783, 0.554389287671, 0.958467095289, 0.0575885706663, 0.693560105077, 0.680335955018, 0.201862997587, 0.264854281651, 0.0764468408193, 1.11834334222, 0.845838992994, 1.54611170637, 0.174260947805, 0.0376950264891
0.194596699373, 0.0329602743185, 0.908308064265, 0.00639554802181, 0.537517996714, 0.558012195101, 0.459647271584, 0.323522528186, 0.426186948883, 0.3737867342, 0.463988159159, 0.950576303769, 0.828911987534, 0.617926767708, 0.189358155932, 0.00190237560186, 1.30568142023, 0.0683685660107, 0.416892582082
0.0797250916176, 0.0855521220487, 0.0286902849031, 0.199280766331, 0.997871702427, 0.246793771988, 0.48547144342, 0.014098486122, 0.404147876967, 0.245291860655, 0.624305077848, 0.695756419596, 0.556887407524, 0.547218819379, 1.57144750593, 0.508632160879, 0.0744874883568, 0.223538175058, 0.210040286328
0.2299154459, 0.108176698231, 0.289766182832, 0.334498721668, 0.713986130381, 0.655626890212, 0.0373805525834, 0.539934606333, 0.506084349898, 0.267011670516, 0.846188062954, 0.465743406248, 0.588219003031, 0.443016259751, 1.05458834768, 0.6114436146, 0.596638694364, 0.232866204089, 0.520129015375
0.702072643284, 0.0020035147423, 0.940628590773, 0.13566629433, 0.675704022339, 0.402210956386, 0.772980272115, 0.20814463911, 0.353410049612, 0.638610080057, 0.337620592185, 0.00276245773333, 0.0679199771151, 0.717869532462, 0.07179281701, 0.0155352289483, 0.785342407869, 0.0024823572605, 1.56059587641
0.392785725085, 0.113504338133, 0.98774231823, 0.158649089269, 0.966737186973, 0.0894511011654, 0.153255636187, 0.225443468406, 0.815960874786, 0.844893770666, 0.770486215876, 0.304418581434, 0.727659415859, 0.865426315829, 0.0314153357254, 0.00799506761505, 1.68339998869, 0.303414551857, 1.21361164204
0.0766521044664, 0.51583378731, 0.996541638992, 0.0192738163342, 0.779764936944, 0.138668114006, 0.31751115997, 0.51913994671, 0.376171222572, 0.719251728702, 0.517155423261, 0.751713402689, 0.302333964994, 0.168628934617, 0.00564208617217, 0.000170867720819, 1.0390688016, 1.09210117173, 0.18238551647
0.0572626152541, 0.0193734311064, 0.493833090689, 0.108738740262, 0.38708801381, 0.514466394259, 0.074830446941, 0.787803484467, 0.442405804505, 0.88630227017, 0.622939379965, 0.570068363756, 0.894674220187, 0.730692684337, 1.1612871656, 0.200307070453, 1.15582316781, 0.0502475531703, 0.148942981586
0.0194923999629, 0.0212949380416, 0.791503621425, 0.697733397756, 0.61569201633, 0.696733854402, 0.664148308551, 0.609868536661, 0.373314131184, 0.728523887572, 0.423730943412, 0.956663764858, 0.0122494428627, 0.627336893897, 0.239145906715, 0.465247828243, 1.53974298075, 0.0544159666319, 0.0498347197018
0.0317537120712, 0.680329770547, 0.0564251604189, 0.125637588181, 0.655256622047, 0.585352446808, 0.694671358558, 0.719913094461, 0.792409080988, 0.999934739066, 0.125334060168, 0.631684448987, 0.31078554947, 0.117273086789, 0.841888832626, 0.168338806158, 0.0762956105511, 1.56978359538, 0.0893994423218
0.402323539155, 0.0881091095597, 0.174106422055, 0.00546756885659, 0.871965553727, 0.719743174151, 0.298580601893, 0.654042755969, 0.515697673564, 0.835994522619, 0.581855151921, 0.66568463659, 0.0638078738798, 0.501724488802, 1.22222834165, 0.0104972893043, 0.342865408208, 0.176824518098, 0.938381879666
0.0325032754426, 0.503663362014, 0.407259207867, 0.345271017899, 0.191427624764, 0.169200016859, 0.427105051651, 0.770959135032, 0.568066905957, 0.653738898055, 0.143210979112, 0.0186053747663, 0.528544176862, 0.547218819379, 0.807482808907, 0.486612667787, 0.701527226049, 1.18874579596, 0.0854169011546
0.392785725085, 0.227131824155, 0.98076898156, 0.114109355584, 0.454351685001, 0.988282651856, 0.228304203802, 0.786126140436, 0.21246512445, 0.622977227891, 0.0937176207692, 0.338425571778, 0.952661919978, 0.715990078402, 0.0439897045891, 0.00797036754022, 1.47948619805, 0.551698544113, 1.1205449824
0.108966517945, 0.934746227725, 0.987766049507, 0.97972232134, 0.118958454149, 0.228983232968, 0.55605886235, 0.724739781429, 0.756052583415, 0.989950704456, 0.322829377427, 0.034768728, 0.552870501484, 0.697913362835, 0.000115240168685, 0.00361675312095, 0.188277814765, 1.83075048885, 0.318125125726
0.402323539155, 0.164260059785, 0.000282336604152, 0.980266493163, 0.607426870114, 0.454928081006, 0.263927124247, 0.994659669082, 0.662450334067, 0.610308754396, 0.275587208599, 0.0600060898103, 0.54212965007, 0.531468979759, 0.038668578053, 1.24708176381, 0.000553338255741, 0.329265041185, 0.944743113188
0.656421269524, 0.417355644444, 0.917073894973, 0.188945843768, 0.309761517864, 0.226732237163, 0.874811033068, 0.51833502839, 0.381224311384, 0.715570059876, 0.732225231431, 0.57125292618, 0.166866410261, 0.288375296038, 0.0772636843404, 0.023629437537, 0.616756507697, 0.478367942828, 1.30999026705
0.134794230341, 0.984115455607, 0.417449644411, 0.000164894448074, 0.779308656913, 0.462603451706, 0.779100858806, 0.202854202102, 0.861559057255, 0.251960280657, 0.299566267419, 0.47697554776, 0.578245780988, 0.606045670743, 0.0289205869123, 7.49088314646e-06, 0.0222481133174, 1.46206292264, 0.314377326317
0.992458671418, 0.820831543276, 0.91327959692, 0.734601119034, 0.660397473599, 0.0538017028662, 0.219198368277, 0.109600172954, 0.309848080897, 0.389596825812, 0.416638691508, 0.0780029946526, 0.285629162755, 0.716509718162, 0.000322427322863, 0.000728082311545, 0.00580934521208, 0.0202817077244, 1.78216531003
0.169076301949, 0.963729685589, 0.889545784024, 0.967850453983, 0.177108482965, 0.802006083977, 0.374309244493, 0.639097357303, 0.997143308694, 0.607000126898, 0.477815875888, 0.819913128392, 0.759798924927, 0.714120129914, 0.000816566991468, 0.0161557709212, 0.092297696944, 1.64293042983, 0.447620001604
0.040640657374, 0.740449387062, 0.497357942334, 0.056722405373, 0.326843659071, 0.398594989475, 0.407747116377, 0.803143445288, 0.615238174886, 0.118358455609, 0.258564812643, 0.0498675885497, 0.260413333848, 0.107963635787, 0.495768345834, 0.0442898987699, 0.493628405455, 1.62308400895, 0.113019402571
0.00100039926459, 0.110415752628, 0.990100065864, 0.755532754999, 0.39054935424, 0.741446323553, 0.914516237525, 0.279064374542, 0.882946099998, 0.332645802825, 0.23002633492, 0.733720427203, 0.572603286385, 0.134433062242, 0.00993866206175, 0.0245965154903, 1.70579492617, 0.29889306631, 0.00272168647681
0.656451836794, 0.307360157948, 0.983176309623, 0.863834001185, 0.421785012575, 0.142600609937, 0.808078494866, 0.233578103836, 0.153006213536, 0.407546337888, 0.934621300905, 0.252937548906, 0.974839279991, 0.87513591324, 0.00521946880678, 0.0240294238339, 0.930276279582, 0.487798087361, 1.75424418946
0.893666023524, 0.982128241435, 0.989460166537, 0.00469178362887, 0.246455354987, 0.158269480999, 0.63688528118, 0.0448308280186, 0.607045526468, 0.523325450735, 0.24935618615, 0.174649095786, 0.67845356658, 0.956324191534, 0.000141200582576, 1.04064404668e-06, 0.00852815283247, 0.303747857376, 1.80230046965
0.458130426816, 0.115984041676, 0.501092033109, 0.00592796194304, 0.0583141283971, 0.073518732995, 0.203650339428, 0.0498385478309, 0.434949829679, 0.652784971595, 0.596678460407, 0.514377760851, 0.352024020035, 0.745236382632, 0.932712562136, 0.00868531676175, 0.935958518732, 0.24343815605, 1.17756374697
0.671507348067, 0.992071756266, 0.712050053917, 0.451799342573, 0.892556964634, 0.295055089828, 0.370976227342, 0.246621353551, 0.928651100746, 0.530807885862, 0.804104742432, 0.625801854394, 0.893452851648, 0.241894785867, 0.00364914638856, 0.00313454616016, 0.00990017697078, 0.883795167109, 1.55813877442
0.219490022326, 0.994740685035, 0.999149608548, 0.786853028091, 0.335447524597, 0.539938308716, 0.723525911217, 0.343221641628, 0.441540448634, 0.497714889085, 0.240159305999, 0.941552915995, 0.557081498307, 0.000750866434749, 5.53413221223e-06, 1.59068546915e-05, 0.0126082824341, 1.52615055409, 0.548086091778
0.440210799947, 0.980455226889, 0.292707940253, 0.968514699987, 0.419688506311, 0.549641164878, 0.498316828177, 0.243479478882, 0.807727801227, 0.589683775761, 0.508382447965, 0.983246113532, 0.798634349935, 0.972728365466, 0.00180566963952, 0.0364801223975, 0.0180863592308, 1.32715258718, 1.09917447828
