0.801236984988, 0.0, 0.0, 1.0, 0.0, 1.0, 0.45058800575, 0.710489425455, 0.58657594293, 0.00239858534141, 0.239598658501, 1.0, 0.706522323804, 1.0, 0.0, 1.0, 0.7112636658, 1.0, 1.0, 1.0, 0.820145291317, 0.390870967305, 1.0, 0.151187695224, 1.0, 0.0761475943498, 0.862570363132, 0.0, 5.0, 0.0, 16.7320279758
0.00450155490556, 0.0, 0.0646868154329, 0.0, 0.122104862692, 0.371812031597, 0.0, 0.00234205128077, 0.0, 0.048638462373, 0.418142044623, 0.125928444935, 0.0, 0.353383288853, 0.550090170728, 0.435382276175, 0.0, 0.0, 0.0, 0.0, 0.276959415499, 0.0, 0.0, 0.105851229312, 0.00944969131974, 0.955824041615, 0.0, 0.485344072766, 41.0, 1.0, 1.44248572176
0.0, 0.0, 0.0, 0.0, 0.212597726393, 0.0, 0.291895064303, 0.130508582815, 0.0, 0.151931606282, 0.907537723047, 0.0, 1.0, 0.61393026898, 1.0, 1.0, 0.999990796846, 0.0, 0.698079860034, 0.978316644856, 0.986096820631, 0.0, 1.0, 1.0, 0.691228306458, 0.620713855533, 0.030407217257, 0.0, 15.0, 2.0, 9.190288583
0.935025141232, 0.0, 0.297997002702, 0.0, 0.0, 1.0, 0.0515079314607, 0.0, 0.203424101587, 0.151931606282, 0.0649428501592, 0.605223242427, 0.36264170829, 0.64081717975, 0.0, 1.0, 0.0031905495289, 0.0797774779842, 0.27743717732, 0.62135443007, 1.0, 0.00231279571154, 0.712066609634, 0.163489721076, 1.0, 0.298745193021, 0.0, 0.579358764384, 16.0, 0.0, 8.75533705775
0.307104144509, 0.0, 0.050673637691, 0.239444627066, 0.0, 0.0, 0.0, 0.0902468382705, 0.0, 0.638264383512, 0.299334719467, 0.0, 0.0, 1.0, 0.317418194105, 0.367591156424, 0.244809669692, 0.0, 0.337912409177, 0.879447548185, 0.863794353362, 0.0, 1.0, 0.0390817808696, 0.0639819197858, 0.0, 0.96830360608, 0.272205958923, 28.0, 1.0, 4.45504571319
1.0, 0.0, 0.158738146442, 0.957749966592, 0.0, 1.0, 0.0, 0.0, 0.523364011934, 1.0, 0.0, 0.898336649936, 0.0, 1.0, 1.0, 1.0, 0.982395220834, 0.0, 0.0, 1.0, 0.94568165118, 0.0, 1.0, 0.0273835672404, 0.599286828197, 0.0, 0.0, 1.0, 9.0, 0.0, 12.9331283149
0.0, 0.0, 0.0, 0.0, 0.109867071706, 0.0834239625643, 0.478640805872, 0.425266351096, 0.0, 0.0, 0.695942853323, 0.000568654346388, 0.355212680249, 0.64081717975, 1.0, 1.0, 0.998363379492, 0.0, 0.0377381761748, 0.62135443007, 0.656915309148, 0.00184845489507, 0.0, 1.0, 0.692769754286, 0.162729952032, 0.102920061427, 0.916689478984, 18.0, 1.0, 7.05848525211
0.0, 0.0, 0.0, 0.253838011699, 0.109867071706, 0.0306472252089, 0.383599595385, 0.0747299855592, 0.0, 0.796458189758, 0.907537723047, 0.0, 0.0, 0.64081717975, 1.0, 0.985772330308, 0.808361650058, 0.0, 0.741553696581, 0.62135443007, 0.656915309148, 0.0, 0.81031241933, 1.0, 0.0, 0.620713855533, 0.030407217257, 0.0, 16.0, 3.0, 8.49179184441
0.391215773582, 0.339435785656, 0.0, 0.0, 0.0, 0.0, 0.353180886759, 0.0, 0.0, 0.0, 0.0, 0.0, 0.0, 0.694108260993, 5.7991514273e-05, 0.311313318261, 0.319195930588, 0.177219423821, 0.0, 0.136707210545, 0.9942091126, 0.194744476612, 0.0, 0.623755702853, 0.0, 0.30759246624, 0.0, 0.0500164407428, 37.0, 1.0, 1.50336207898
0.803193470873, 0.1920354228, 0.26906098538, 1.0, 0.0, 0.0, 0.328981399073, 0.0, 0.312297621436, 0.362728483322, 0.0, 1.0, 0.0678073061625, 0.927225736749, 0.211122598033, 1.0, 0.319195930588, 1.0, 0.435904427215, 0.619163985571, 1.0, 0.390870967305, 0.827763687866, 0.317744735342, 1.0, 0.0, 1.0, 0.248804575802, 13.0, 0.0, 10.6867742649
1.0, 0.378089787913, 1.0, 1.0, 0.0, 1.0, 0.0855679724048, 0.710489425455, 0.58657594293, 0.186492496554, 0.239598658501, 1.0, 0.706522323804, 1.0, 0.0153886985822, 1.0, 0.7112636658, 1.0, 1.0, 1.0, 0.820145291317, 0.390870967305, 1.0, 0.151187695224, 1.0, 0.0761475943498, 1.0, 0.0, 4.0, 0.0, 17.6452186136
0.0794967060245, 0.245402408336, 0.0, 0.0, 0.122104862692, 0.0, 0.353180886759, 0.0, 0.0, 0.151931606282, 0.907537723047, 0.0, 0.885353987581, 0.64081717975, 0.0, 1.0, 0.999990796846, 0.0, 0.531902168847, 0.538888272929, 0.927715449642, 0.0, 1.0, 1.0, 0.0, 0.620713855533, 0.030407217257, 0.0, 17.0, 2.0, 8.49195731754
0.0, 0.0, 0.297997002702, 0.0, 0.109867071706, 1.0, 0.264065433436, 0.0, 0.311560009403, 0.151931606282, 0.139697390991, 1.0, 0.0, 0.728997619197, 1.0, 0.679775400917, 0.00429724255979, 0.0921438127305, 1.0, 0.598046887359, 1.0, 0.00231279571154, 0.754170341174, 0.0, 0.291137235675, 0.0, 0.0, 1.0, 18.0, 0.0, 7.75118385345
0.9444646946, 0.1920354228, 0.0, 1.0, 0.0, 0.0, 0.412958811923, 0.0, 0.312297621436, 0.0517081689855, 0.0, 1.0, 0.0, 0.284557817675, 0.637561307051, 1.0, 0.319195930588, 1.0, 0.0, 1.0, 0.792270482774, 0.390870967305, 0.827763687866, 0.317744735342, 0.835561275075, 0.0, 1.0, 0.189109685005, 13.0, 1.0, 10.3436507446
0.266700195354, 0.0, 0.0489323145632, 0.0, 0.0, 0.0, 0.0141603137399, 0.0, 0.142214626962, 0.00124336112244, 0.290890170189, 0.398972826665, 0.0, 0.242096215704, 0.530246697914, 0.317436280598, 0.0, 0.832623019896, 0.171426999901, 0.0, 0.838176741919, 0.0, 1.0, 0.0, 0.102063693556, 0.0, 1.0, 0.0710944499617, 29.0, 0.0, 3.98584232276
0.0, 0.0, 0.0, 0.0, 0.109867071706, 0.0834239625643, 0.478640805872, 0.0907196932273, 0.0, 0.0, 0.862794158992, 0.0263872468141, 0.355212680249, 0.64081717975, 1.0, 1.0, 0.998363379492, 0.0, 0.0377381761748, 0.62135443007, 0.868164111771, 0.525770286491, 0.827763687866, 1.0, 0.692769754286, 0.162729952032, 0.102920061427, 0.0, 23.0, 0.0, 6.80969734656
0.0, 0.0, 0.0, 0.0, 0.109867071706, 0.0, 0.383599595385, 0.0747299855592, 0.0, 0.0, 0.907537723047, 0.0, 0.402455205077, 0.64081717975, 0.530883439723, 0.993912583497, 0.808361650058, 0.0, 0.686589083944, 0.62135443007, 0.656915309148, 0.0, 1.0, 1.0, 0.0, 0.12067275599, 0.030407217257, 0.0, 21.0, 1.0, 6.8802228833
0.494305511224, 0.0, 0.0, 0.17615166037, 0.0, 0.0, 0.353180886759, 0.0, 0.895939189232, 0.0, 0.0, 0.0, 0.0, 1.0, 5.7991514273e-05, 0.311313318261, 0.319195930588, 0.0, 0.0, 0.00148745304606, 0.984763976863, 0.194744476612, 0.563929815542, 0.34294405215, 0.0, 0.0185641299484, 0.0, 0.0500164407428, 36.0, 0.0, 2.72607284695
1.0, 0.0, 0.0, 0.87398439013, 0.0, 1.0, 0.0, 0.0, 0.720293665794, 1.0, 0.225223323087, 0.898336649936, 0.0, 0.598897849431, 1.0, 1.0, 0.982395220834, 1.0, 0.0, 1.0, 0.677713429092, 0.0, 1.0, 0.561640042839, 0.599286828197, 0.0, 0.0, 1.0, 7.0, 0.0, 13.5388627027
0.619223467154, 0.0, 0.0646868154329, 0.0, 0.0316867581032, 0.0, 0.0131517537237, 0.0747299855592, 0.130321299832, 0.0, 0.907537723047, 0.125928444935, 1.0, 1.0, 1.0, 0.992853613904, 0.920206677878, 0.209833137207, 0.686589083944, 1.0, 0.570571888656, 0.0, 0.0334542657292, 0.855319281426, 0.0, 0.620713855533, 0.030407217257, 0.0, 14.0, 2.0, 9.82175684706
1.0, 0.0, 0.0, 1.0, 0.0, 1.0, 0.45058800575, 0.710489425455, 0.58657594293, 0.00239858534141, 0.239598658501, 1.0, 0.706522323804, 1.0, 0.0, 1.0, 0.7112636658, 1.0, 1.0, 1.0, 0.820145291317, 0.390870967305, 1.0, 0.151187695224, 1.0, 0.0761475943498, 1.0, 0.0, 5.0, 0.0, 16.7320279758
0.00450155490556, 0.0, 0.0646868154329, 0.0, 0.122104862692, 0.371812031597, 0.0, 0.00234205128077, 0.0, 0.048638462373, 0.418142044623, 0.125928444935, 0.0, 0.353383288853, 0.550090170728, 0.435382276175, 0.0, 0.0, 0.0, 0.0, 0.276959415499, 0.0, 0.0, 0.105851229312, 0.0240294468353, 0.955824041615, 0.0, 0.485344072766, 41.0, 1.0, 1.44248572176
1.0, 0.0, 0.133646939993, 0.672545773912, 0.496469623203, 0.830230670035, 0.0, 0.0, 0.588388131811, 1.0, 0.0, 0.820821013909, 0.0, 0.598897849431, 1.0, 1.0, 0.149254692043, 0.455570755998, 0.0808566357174, 1.0, 1.0, 0.0, 1.0, 0.0, 0.670983358657, 0.36320108944, 0.0, 1.0, 10.0, 0.0, 12.1030420447
0.264663269503, 0.0, 0.0, 0.254128902865, 0.0, 0.20055819043, 0.222129762541, 0.0, 1.0, 0.0, 0.0, 0.0, 0.0, 0.260949349672, 0.678911083823, 0.311313318261, 0.0222307277075, 0.0, 0.0, 0.136707210545, 0.602073157159, 0.433068482795, 0.692063024325, 0.623755702853, 0.0, 0.153859675208, 0.0, 0.552702311378, 31.0, 0.0, 3.25512716806
0.0, 0.0, 0.0174973601605, 0.0, 0.122104862692, 0.623565694324, 0.264065433436, 0.0, 0.311560009403, 0.151931606282, 0.140734578694, 1.0, 0.0, 0.732478331023, 0.0, 0.924809474241, 0.00429724255979, 0.0797774779842, 1.0, 0.598046887359, 1.0, 0.00231279571154, 0.755547341736, 0.0, 0.291137235675, 0.0, 0.0, 1.0, 19.0, 0.0, 7.46430433406
0.935025141232, 0.0, 0.297997002702, 0.0, 0.0, 1.0, 0.0515079314607, 0.0, 0.203424101587, 0.151931606282, 0.0649428501592, 0.605223242427, 0.36264170829, 0.64081717975, 0.0, 1.0, 0.0031905495289, 0.584027656739, 0.27743717732, 0.62135443007, 1.0, 0.00102384265656, 0.712066609634, 0.0, 1.0, 0.0807184445539, 0.0, 0.579358764384, 15.0, 0.0, 9.35324506682
0.0, 0.0, 0.0, 0.0, 0.0343848388523, 0.0, 0.478640805872, 0.0, 0.262930971565, 0.312194946832, 0.0, 0.0, 0.918386161524, 0.279277863393, 0.0, 1.0, 0.281686126947, 0.784162286002, 0.758955127481, 0.62135443007, 0.656915309148, 0.0369142373729, 0.0, 1.0, 1.0, 0.747682089896, 0.0491274120553, 0.325713506617, 22.0, 1.0, 6.7433000391
0.266700195354, 0.0, 0.050673637691, 0.239444627066, 0.0, 0.0, 0.0, 0.0902468382705, 0.0, 0.638264383512, 0.299334719467, 0.0, 0.0, 1.0, 0.317418194105, 0.385099925219, 0.244809669692, 0.0, 0.337912409177, 0.921209500691, 0.863794353362, 0.0, 1.0, 0.0390817808696, 0.0639819197858, 0.0, 1.0, 0.272205958923, 28.0, 1.0, 4.45504571319
0.0, 0.0, 0.240903597074, 0.0, 0.109867071706, 0.0834239625643, 0.474530601426, 0.219164097827, 0.0, 0.0, 0.862794158992, 0.000582296350331, 0.355212680249, 0.64081717975, 1.0, 1.0, 0.998363379492, 0.0234795885216, 0.0377381761748, 0.62135443007, 0.656915309148, 0.00184845489507, 0.0, 1.0, 0.692769754286, 0.162729952032, 0.102920061427, 0.916689478984, 18.0, 1.0, 7.05848525211
0.43888595373, 0.0, 1.0, 1.0, 0.0, 1.0, 0.574785214775, 0.590988488539, 0.245614560485, 1.0, 0.0, 0.605223242427, 0.0, 0.754974292145, 0.561060392949, 0.726126658436, 0.675089138477, 0.368915910978, 0.757813812438, 1.0, 1.0, 0.0993692222026, 1.0, 0.866668945472, 0.652917425456, 0.620713855533, 0.0, 0.277590910652, 5.0, 1.0, 15.8335568353
0.391215773582, 0.0, 0.0, 0.0, 0.0, 0.0, 0.353180886759, 0.0, 0.895939189232, 0.0, 0.0, 0.0, 0.0, 0.694108260993, 5.7991514273e-05, 0.311313318261, 0.319195930588, 0.0803115927665, 0.0, 0.136707210545, 0.9942091126, 0.194744476612, 0.0, 0.623755702853, 0.0, 0.30759246624, 0.0, 0.0500164407428, 36.0, 1.0, 2.26679832199
0.803193470873, 0.1920354228, 0.26906098538, 1.0, 0.0, 0.0, 0.520553996601, 0.0, 0.312297621436, 0.362728483322, 0.0, 1.0, 0.0678073061625, 0.865460219675, 0.211122598033, 1.0, 0.319195930588, 1.0, 0.435904427215, 0.619163985571, 1.0, 0.390870967305, 0.827763687866, 0.317744735342, 1.0, 0.0, 1.0, 0.286750354651, 12.0, 0.0, 11.3567133068
0.935025141232, 0.0, 0.297997002702, 1.0, 0.122104862692, 0.774639132097, 0.531132071591, 0.590988488539, 0.610390051892, 1.0, 0.325933714596, 1.0, 0.668519205169, 1.0, 0.926297228368, 0.726126658436, 0.885037960534, 0.96156153775, 0.757813812438, 1.0, 1.0, 0.0562810229121, 1.0, 0.688971730982, 1.0, 0.958363738721, 0.0, 0.277590910652, 1.0, 1.0, 18.237710612
0.266700195354, 0.0, 0.0644319160619, 0.0, 0.458972817628, 0.0, 0.0, 0.0, 0.0, 0.372098699145, 0.299334719467, 0.898336649936, 0.290359996781, 0.598897849431, 0.317418194105, 0.367591156424, 0.0, 0.491763436979, 0.00117607520909, 0.879447548185, 0.863794353362, 0.0, 1.0, 0.318170939663, 0.102063693556, 0.0, 1.0, 0.0, 25.0, 0.0, 4.96035486075
0.0, 0.0, 0.297997002702, 0.0, 0.122104862692, 1.0, 0.0515079314607, 0.329970690458, 0.203424101587, 0.582272163037, 0.140734578694, 0.921168340538, 0.36264170829, 1.0, 0.0, 1.0, 0.0031905495289, 0.699401166537, 0.27743717732, 1.0, 0.758829703218, 0.0, 0.69483774537, 0.0, 1.0, 0.0807184445539, 0.0, 0.99616512318, 17.0, 1.0, 8.53723301546
0.9444646946, 0.1920354228, 0.0644319160619, 1.0, 0.0, 0.0, 0.412958811923, 0.0, 0.312297621436, 0.869575995625, 0.0, 1.0, 0.0, 1.0, 0.678911083823, 1.0, 0.319195930588, 1.0, 0.0, 1.0, 0.838176741919, 0.390870967305, 0.827763687866, 0.317744735342, 0.754944124607, 0.0, 1.0, 0.189109685005, 11.0, 0.0, 11.6676626467
0.0, 0.0, 0.0, 0.0, 0.109867071706, 0.0724520034897, 0.478640805872, 0.425266351096, 0.0, 0.0, 0.862794158992, 0.000582296350331, 0.355212680249, 0.64081717975, 1.0, 1.0, 0.998363379492, 0.0, 0.0377381761748, 0.62135443007, 0.656915309148, 0.525770286491, 0.827763687866, 0.840838578361, 0.692769754286, 0.162729952032, 0.0893641914766, 0.0, 23.0, 0.0, 6.80969734656
0.228088282287, 0.0, 0.0644319160619, 0.35859503186, 0.701523734956, 0.0, 0.328981399073, 0.0805658392042, 0.0, 0.151249697323, 0.443752641996, 0.332774671476, 0.0, 1.0, 0.618982931343, 0.367591156424, 0.0, 0.0, 0.594455187796, 0.975333943195, 0.656915309148, 0.0, 1.0, 0.0, 0.0798930507967, 0.0, 1.0, 0.272205958923, 26.0, 0.0, 4.88878939437
0.320381359039, 0.0, 0.0, 0.0, 0.109867071706, 0.0, 0.722911192886, 0.0, 0.895939189232, 0.0, 0.0, 0.0, 0.398861277401, 1.0, 5.7991514273e-05, 0.311313318261, 0.319195930588, 0.0, 0.0, 0.00148745304606, 0.984763976863, 0.194744476612, 0.0, 0.995198830875, 0.0, 0.0185641299484, 0.0, 0.0500164407428, 35.0, 1.0, 2.93673736393
0.0, 0.0556081956576, 0.0, 0.152338302022, 0.0, 0.0, 0.478640805872, 0.0, 0.0, 0.151931606282, 0.907537723047, 0.0, 1.0, 0.64081717975, 1.0, 0.976156481868, 0.999990796846, 0.0, 0.904049924572, 1.0, 0.927715449642, 0.0, 0.983624285677, 1.0, 0.975613438278, 0.620713855533, 0.030407217257, 0.0, 15.0, 2.0, 9.190288583
0.951659807661, 0.849852728475, 0.0, 1.0, 0.554092821528, 0.687694653963, 0.781532992394, 0.339738365157, 0.650717627745, 1.0, 0.299947166048, 0.63982735704, 0.127158475528, 0.728997619197, 0.0, 0.770796062264, 0.319195930588, 1.0, 1.0, 0.757190158462, 0.731659528398, 0.196066473364, 1.0, 0.0311492561629, 1.0, 0.0, 0.8714817796, 0.0, 6.0, 0.0, 14.9873502156
0.862461455738, 0.0, 0.0646868154329, 0.0, 0.0316867581032, 0.0, 0.00486552654542, 0.0747299855592, 0.130321299832, 0.0, 0.907537723047, 0.125928444935, 1.0, 1.0, 1.0, 0.992853613904, 0.877526126585, 0.209833137207, 0.686589083944, 1.0, 0.570571888656, 0.0, 0.0430210717106, 0.855319281426, 0.0, 0.83980382966, 0.030407217257, 0.0, 14.0, 2.0, 9.82175684706
0.801236984988, 0.0, 0.0, 1.0, 0.0, 1.0, 0.45058800575, 0.710489425455, 0.58657594293, 0.00239858534141, 0.239598658501, 1.0, 0.706522323804, 1.0, 0.0, 1.0, 0.7112636658, 1.0, 1.0, 1.0, 0.820145291317, 0.390870967305, 1.0, 0.151187695224, 1.0, 0.0761475943498, 0.862570363132, 0.0, 5.0, 0.0, 16.7320279758
0.00450155490556, 0.0, 0.0646868154329, 0.0, 0.122104862692, 0.371812031597, 0.0, 0.00234205128077, 0.0, 0.048638462373, 0.418142044623, 0.125928444935, 0.0, 0.353383288853, 0.550090170728, 0.435382276175, 0.0, 0.0, 0.0, 0.0, 0.276959415499, 0.0, 0.0, 0.105851229312, 0.00944969131974, 0.955824041615, 0.0, 0.485344072766, 41.0, 1.0, 1.44248572176
0.0, 0.0, 0.0, 0.0, 0.212597726393, 0.0, 0.291895064303, 0.130508582815, 0.0, 0.151931606282, 0.907537723047, 0.0, 1.0, 0.61393026898, 1.0, 1.0, 0.999990796846, 0.0, 0.698079860034, 0.978316644856, 0.986096820631, 0.0, 1.0, 1.0, 0.691228306458, 0.620713855533, 0.030407217257, 0.0, 15.0, 2.0, 9.190288583
0.935025141232, 0.0, 0.297997002702, 0.0, 0.0, 1.0, 0.0515079314607, 0.0, 0.203424101587, 0.151931606282, 0.0649428501592, 0.605223242427, 0.36264170829, 0.64081717975, 0.0, 1.0, 0.0031905495289, 0.0797774779842, 0.27743717732, 0.62135443007, 1.0, 0.00231279571154, 0.712066609634, 0.163489721076, 1.0, 0.298745193021, 0.0, 0.579358764384, 16.0, 0.0, 8.75533705775
0.307104144509, 0.0, 0.050673637691, 0.239444627066, 0.0, 0.0, 0.0, 0.0902468382705, 0.0, 0.638264383512, 0.299334719467, 0.0, 0.0, 1.0, 0.317418194105, 0.367591156424, 0.244809669692, 0.0, 0.337912409177, 0.879447548185, 0.863794353362, 0.0, 1.0, 0.0390817808696, 0.0639819197858, 0.0, 0.96830360608, 0.272205958923, 28.0, 1.0, 4.45504571319
1.0, 0.0, 0.158738146442, 0.957749966592, 0.0, 1.0, 0.0, 0.0, 0.523364011934, 1.0, 0.0, 0.898336649936, 0.0, 1.0, 1.0, 1.0, 0.982395220834, 0.0, 0.0, 1.0, 0.94568165118, 0.0, 1.0, 0.0273835672404, 0.599286828197, 0.0, 0.0, 1.0, 9.0, 0.0, 12.9331283149
0.0, 0.0, 0.0, 0.0, 0.109867071706, 0.0834239625643, 0.478640805872, 0.425266351096, 0.0, 0.0, 0.695942853323, 0.000568654346388, 0.355212680249, 0.64081717975, 1.0, 1.0, 0.998363379492, 0.0, 0.0377381761748, 0.62135443007, 0.656915309148, 0.00184845489507, 0.0, 1.0, 0.692769754286, 0.162729952032, 0.102920061427, 0.916689478984, 18.0, 1.0, 7.05848525211
0.0, 0.0, 0.0, 0.253838011699, 0.109867071706, 0.0306472252089, 0.383599595385, 0.0747299855592, 0.0, 0.796458189758, 0.907537723047, 0.0, 0.0, 0.64081717975, 1.0, 0.985772330308, 0.808361650058, 0.0, 0.741553696581, 0.62135443007, 0.656915309148, 0.0, 0.81031241933, 1.0, 0.0, 0.620713855533, 0.030407217257, 0.0, 16.0, 3.0, 8.49179184441
0.0, 0.0, 0.0, 0.0, 0.272573197565, 0.479606535305, 0.478640805872, 0.449775297438, 0.262930971565, 0.261299090156, 0.0, 0.0, 0.87492355927, 0.279277863393, 0.0, 1.0, 0.281686126947, 0.0, 0.663805641554, 0.62135443007, 0.656915309148, 0.0, 0.0, 1.0, 1.0, 0.939403666158, 0.317200300891, 0.0, 23.0, 1.0, 6.14539203004
0.391215773582, 0.339435785656, 0.0, 0.0, 0.0, 0.0, 0.353180886759, 0.0, 0.0, 0.0, 0.0, 0.0, 0.0, 0.694108260993, 5.7991514273e-05, 0.311313318261, 0.319195930588, 0.177219423821, 0.0, 0.136707210545, 0.9942091126, 0.194744476612, 0.0, 0.623755702853, 0.0, 0.30759246624, 0.0, 0.0500164407428, 37.0, 1.0, 1.50336207898
0.803193470873, 0.1920354228, 0.26906098538, 1.0, 0.0, 0.0, 0.328981399073, 0.0, 0.312297621436, 0.362728483322, 0.0, 1.0, 0.0678073061625, 0.927225736749, 0.211122598033, 1.0, 0.319195930588, 1.0, 0.435904427215, 0.619163985571, 1.0, 0.390870967305, 0.827763687866, 0.317744735342, 1.0, 0.0, 1.0, 0.248804575802, 13.0, 0.0, 10.6867742649
1.0, 0.378089787913, 1.0, 1.0, 0.0, 1.0, 0.0855679724048, 0.710489425455, 0.58657594293, 0.186492496554, 0.239598658501, 1.0, 0.706522323804, 1.0, 0.0153886985822, 1.0, 0.7112636658, 1.0, 1.0, 1.0, 0.820145291317, 0.390870967305, 1.0, 0.151187695224, 1.0, 0.0761475943498, 1.0, 0.0, 4.0, 0.0, 17.6452186136
0.0, 0.0, 0.297997002702, 0.0, 0.122104862692, 1.0, 0.0515079314607, 0.329970690458, 0.203424101587, 0.582272163037, 0.140734578694, 0.921168340538, 0.36264170829, 1.0, 0.0, 1.0, 0.0031905495289, 0.699401166537, 0.27743717732, 1.0, 0.821948119399, 0.0, 0.69483774537, 0.0, 1.0, 0.0807184445539, 0.0, 0.99616512318, 17.0, 1.0, 8.53723301546
0.320381359039, 0.0, 0.0, 0.0, 0.0, 0.0, 0.291895064303, 0.0, 0.895939189232, 0.0, 0.0, 0.0, 0.0, 1.0, 5.7991514273e-05, 0.311313318261, 0.102674053066, 0.0, 0.0, 0.136707210545, 0.984763976863, 0.194744476612, 0.0, 0.623755702853, 0.0, 0.30759246624, 0.0, 0.0699462049717, 36.0, 1.0, 2.26679832199
0.0794967060245, 0.245402408336, 0.0, 0.0, 0.122104862692, 0.0, 0.353180886759, 0.0, 0.0, 0.151931606282, 0.907537723047, 0.0, 0.885353987581, 0.64081717975, 0.0, 1.0, 0.999990796846, 0.0, 0.531902168847, 0.538888272929, 0.927715449642, 0.0, 1.0, 1.0, 0.0, 0.620713855533, 0.030407217257, 0.0, 17.0, 2.0, 8.49195731754
0.0, 0.0, 0.297997002702, 0.0, 0.109867071706, 1.0, 0.264065433436, 0.0, 0.311560009403, 0.151931606282, 0.139697390991, 1.0, 0.0, 0.728997619197, 1.0, 0.679775400917, 0.00429724255979, 0.0921438127305, 1.0, 0.598046887359, 1.0, 0.00231279571154, 0.754170341174, 0.0, 0.291137235675, 0.0, 0.0, 1.0, 18.0, 0.0, 7.75118385345
0.0, 0.0, 0.0644319160619, 0.0, 0.0343848388523, 0.0, 0.478640805872, 0.0, 0.262930971565, 0.312194946832, 0.0, 0.0, 0.953380553859, 0.279277863393, 0.0, 1.0, 0.281686126947, 0.0, 0.758955127481, 0.62135443007, 0.656915309148, 0.0369142373729, 0.0, 1.0, 1.0, 0.747682089896, 0.0479498225751, 0.325713506617, 23.0, 1.0, 6.14539203004
0.9444646946, 0.1920354228, 0.0, 1.0, 0.0, 0.0, 0.412958811923, 0.0, 0.312297621436, 0.0517081689855, 0.0, 1.0, 0.0, 0.284557817675, 0.637561307051, 1.0, 0.319195930588, 1.0, 0.0, 1.0, 0.792270482774, 0.390870967305, 0.827763687866, 0.317744735342, 0.835561275075, 0.0, 1.0, 0.189109685005, 13.0, 1.0, 10.3436507446
0.266700195354, 0.0, 0.0489323145632, 0.0, 0.0, 0.0, 0.0141603137399, 0.0, 0.142214626962, 0.00124336112244, 0.290890170189, 0.398972826665, 0.0, 0.242096215704, 0.530246697914, 0.317436280598, 0.0, 0.832623019896, 0.171426999901, 0.0, 0.838176741919, 0.0, 1.0, 0.0, 0.102063693556, 0.0, 1.0, 0.0710944499617, 29.0, 0.0, 3.98584232276
0.0, 0.0, 0.0, 0.0, 0.109867071706, 0.0834239625643, 0.478640805872, 0.0907196932273, 0.0, 0.0, 0.862794158992, 0.0263872468141, 0.355212680249, 0.64081717975, 1.0, 1.0, 0.998363379492, 0.0, 0.0377381761748, 0.62135443007, 0.868164111771, 0.525770286491, 0.827763687866, 1.0, 0.692769754286, 0.162729952032, 0.102920061427, 0.0, 23.0, 0.0, 6.80969734656
0.0, 0.0, 0.0, 0.0, 0.109867071706, 0.0, 0.383599595385, 0.0747299855592, 0.0, 0.0, 0.907537723047, 0.0, 0.402455205077, 0.64081717975, 0.530883439723, 0.993912583497, 0.808361650058, 0.0, 0.686589083944, 0.62135443007, 0.656915309148, 0.0, 1.0, 1.0, 0.0, 0.12067275599, 0.030407217257, 0.0, 21.0, 1.0, 6.8802228833
0.228088282287, 0.0, 0.241415697336, 0.35859503186, 0.701523734956, 0.0, 0.473024211449, 0.0902468382705, 0.0, 0.151249697323, 0.443752641996, 0.332774671476, 0.0, 1.0, 0.618982931343, 0.367591156424, 0.0, 0.0, 0.594455187796, 0.975333943195, 1.0, 0.0, 1.0, 0.0, 0.0798930507967, 0.0, 1.0, 0.272205958923, 26.0, 0.0, 4.88878939437
0.494305511224, 0.0, 0.0, 0.17615166037, 0.0, 0.0, 0.353180886759, 0.0, 0.895939189232, 0.0, 0.0, 0.0, 0.0, 1.0, 5.7991514273e-05, 0.311313318261, 0.319195930588, 0.0, 0.0, 0.00148745304606, 0.984763976863, 0.194744476612, 0.563929815542, 0.34294405215, 0.0, 0.0185641299484, 0.0, 0.0500164407428, 36.0, 0.0, 2.72607284695
1.0, 0.0, 0.0, 0.87398439013, 0.0, 1.0, 0.0, 0.0, 0.720293665794, 1.0, 0.225223323087, 0.898336649936, 0.0, 0.598897849431, 1.0, 1.0, 0.982395220834, 1.0, 0.0, 1.0, 0.677713429092, 0.0, 1.0, 0.561640042839, 0.599286828197, 0.0, 0.0, 1.0, 7.0, 0.0, 13.5388627027
0.619223467154, 0.0, 0.0646868154329, 0.0, 0.0316867581032, 0.0, 0.0131517537237, 0.0747299855592, 0.130321299832, 0.0, 0.907537723047, 0.125928444935, 1.0, 1.0, 1.0, 0.992853613904, 0.920206677878, 0.209833137207, 0.686589083944, 1.0, 0.570571888656, 0.0, 0.0334542657292, 0.855319281426, 0.0, 0.620713855533, 0.030407217257, 0.0, 14.0, 2.0, 9.82175684706
1.0, 0.0, 0.0, 1.0, 0.0, 1.0, 0.45058800575, 0.710489425455, 0.58657594293, 0.00239858534141, 0.239598658501, 1.0, 0.706522323804, 1.0, 0.0, 1.0, 0.7112636658, 1.0, 1.0, 1.0, 0.820145291317, 0.390870967305, 1.0, 0.151187695224, 1.0, 0.0761475943498, 1.0, 0.0, 5.0, 0.0, 16.7320279758
0.00450155490556, 0.0, 0.0646868154329, 0.0, 0.122104862692, 0.371812031597, 0.0, 0.00234205128077, 0.0, 0.048638462373, 0.418142044623, 0.125928444935, 0.0, 0.353383288853, 0.550090170728, 0.435382276175, 0.0, 0.0, 0.0, 0.0, 0.276959415499, 0.0, 0.0, 0.105851229312, 0.0240294468353, 0.955824041615, 0.0, 0.485344072766, 41.0, 1.0, 1.44248572176
0.320381359039, 0.0, 0.0, 0.0, 0.0, 0.480076127353, 0.353180886759, 0.0, 0.895939189232, 0.0, 0.0, 0.0, 0.0, 1.0, 5.7991514273e-05, 0.311313318261, 0.214280413598, 0.0, 0.0, 0.136707210545, 0.984763976863, 0.194744476612, 0.0, 0.875503200743, 0.0, 0.30759246624, 0.0, 0.0500164407428, 36.0, 1.0, 2.26679832199
1.0, 0.0, 0.133646939993, 0.672545773912, 0.496469623203, 0.830230670035, 0.0, 0.0, 0.588388131811, 1.0, 0.0, 0.820821013909, 0.0, 0.598897849431, 1.0, 1.0, 0.149254692043, 0.455570755998, 0.0808566357174, 1.0, 1.0, 0.0, 1.0, 0.0, 0.670983358657, 0.36320108944, 0.0, 1.0, 10.0, 0.0, 12.1030420447
0.264663269503, 0.0, 0.0, 0.254128902865, 0.0, 0.20055819043, 0.222129762541, 0.0, 1.0, 0.0, 0.0, 0.0, 0.0, 0.260949349672, 0.678911083823, 0.311313318261, 0.0222307277075, 0.0, 0.0, 0.136707210545, 0.602073157159, 0.433068482795, 0.692063024325, 0.623755702853, 0.0, 0.153859675208, 0.0, 0.552702311378, 31.0, 0.0, 3.25512716806
0.0, 0.0, 0.0174973601605, 0.0, 0.122104862692, 0.623565694324, 0.264065433436, 0.0, 0.311560009403, 0.151931606282, 0.140734578694, 1.0, 0.0, 0.732478331023, 0.0, 0.924809474241, 0.00429724255979, 0.0797774779842, 1.0, 0.598046887359, 1.0, 0.00231279571154, 0.755547341736, 0.0, 0.291137235675, 0.0, 0.0, 1.0, 19.0, 0.0, 7.46430433406
0.935025141232, 0.0, 0.297997002702, 0.0, 0.0, 1.0, 0.0515079314607, 0.0, 0.203424101587, 0.151931606282, 0.0649428501592, 0.605223242427, 0.36264170829, 0.64081717975, 0.0, 1.0, 0.0031905495289, 0.584027656739, 0.27743717732, 0.62135443007, 1.0, 0.00102384265656, 0.712066609634, 0.0, 1.0, 0.0807184445539, 0.0, 0.579358764384, 15.0, 0.0, 9.35324506682
0.0, 0.0, 0.0, 0.0, 0.0343848388523, 0.0, 0.478640805872, 0.0, 0.262930971565, 0.312194946832, 0.0, 0.0, 0.918386161524, 0.279277863393, 0.0, 1.0, 0.281686126947, 0.784162286002, 0.758955127481, 0.62135443007, 0.656915309148, 0.0369142373729, 0.0, 1.0, 1.0, 0.747682089896, 0.0491274120553, 0.325713506617, 22.0, 1.0, 6.7433000391
0.266700195354, 0.0, 0.050673637691, 0.239444627066, 0.0, 0.0, 0.0, 0.0902468382705, 0.0, 0.638264383512, 0.299334719467, 0.0, 0.0, 1.0, 0.317418194105, 0.385099925219, 0.244809669692, 0.0, 0.337912409177, 0.921209500691, 0.863794353362, 0.0, 1.0, 0.0390817808696, 0.0639819197858, 0.0, 1.0, 0.272205958923, 28.0, 1.0, 4.45504571319
0.0, 0.0, 0.240903597074, 0.0, 0.109867071706, 0.0834239625643, 0.474530601426, 0.219164097827, 0.0, 0.0, 0.862794158992, 0.000582296350331, 0.355212680249, 0.64081717975, 1.0, 1.0, 0.998363379492, 0.0234795885216, 0.0377381761748, 0.62135443007, 0.656915309148, 0.00184845489507, 0.0, 1.0, 0.692769754286, 0.162729952032, 0.102920061427, 0.916689478984, 18.0, 1.0, 7.05848525211
0.43888595373, 0.0, 1.0, 1.0, 0.0, 1.0, 0.574785214775, 0.590988488539, 0.245614560485, 1.0, 0.0, 0.605223242427, 0.0, 0.754974292145, 0.561060392949, 0.726126658436, 0.675089138477, 0.368915910978, 0.757813812438, 1.0, 1.0, 0.0993692222026, 1.0, 0.866668945472, 0.652917425456, 0.620713855533, 0.0, 0.277590910652, 5.0, 1.0, 15.8335568353
0.0, 0.0, 0.0, 0.0, 0.272573197565, 0.479606535305, 0.478640805872, 0.449775297438, 0.262930971565, 0.261299090156, 0.0, 0.0, 0.918386161524, 0.279277863393, 0.0, 1.0, 0.281686126947, 0.0, 0.663805641554, 0.741132121241, 0.656915309148, 0.0, 0.0, 1.0, 1.0, 0.939403666158, 0.317200300891, 0.0, 23.0, 1.0, 6.14539203004
0.391215773582, 0.0, 0.0, 0.0, 0.0, 0.0, 0.353180886759, 0.0, 0.895939189232, 0.0, 0.0, 0.0, 0.0, 0.694108260993, 5.7991514273e-05, 0.311313318261, 0.319195930588, 0.0803115927665, 0.0, 0.136707210545, 0.9942091126, 0.194744476612, 0.0, 0.623755702853, 0.0, 0.30759246624, 0.0, 0.0500164407428, 36.0, 1.0, 2.26679832199
0.803193470873, 0.1920354228, 0.26906098538, 1.0, 0.0, 0.0, 0.520553996601, 0.0, 0.312297621436, 0.362728483322, 0.0, 1.0, 0.0678073061625, 0.865460219675, 0.211122598033, 1.0, 0.319195930588, 1.0, 0.435904427215, 0.619163985571, 1.0, 0.390870967305, 0.827763687866, 0.317744735342, 1.0, 0.0, 1.0, 0.286750354651, 12.0, 0.0, 11.3567133068
0.935025141232, 0.0, 0.297997002702, 1.0, 0.122104862692, 0.774639132097, 0.531132071591, 0.590988488539, 0.610390051892, 1.0, 0.325933714596, 1.0, 0.668519205169, 1.0, 0.926297228368, 0.726126658436, 0.885037960534, 0.96156153775, 0.757813812438, 1.0, 1.0, 0.0562810229121, 1.0, 0.688971730982, 1.0, 0.958363738721, 0.0, 0.277590910652, 1.0, 1.0, 18.237710612
0.266700195354, 0.0, 0.0644319160619, 0.0, 0.458972817628, 0.0, 0.0, 0.0, 0.0, 0.372098699145, 0.299334719467, 0.898336649936, 0.290359996781, 0.598897849431, 0.317418194105, 0.367591156424, 0.0, 0.491763436979, 0.00117607520909, 0.879447548185, 0.863794353362, 0.0, 1.0, 0.318170939663, 0.102063693556, 0.0, 1.0, 0.0, 25.0, 0.0, 4.96035486075
0.0, 0.0, 0.297997002702, 0.0, 0.122104862692, 1.0, 0.0515079314607, 0.329970690458, 0.203424101587, 0.582272163037, 0.140734578694, 0.921168340538, 0.36264170829, 1.0, 0.0, 1.0, 0.0031905495289, 0.699401166537, 0.27743717732, 1.0, 0.758829703218, 0.0, 0.69483774537, 0.0, 1.0, 0.0807184445539, 0.0, 0.99616512318, 17.0, 1.0, 8.53723301546
0.0, 0.0, 0.297997002702, 0.0, 0.0343848388523, 0.0, 0.478640805872, 0.0, 0.262930971565, 0.00567041557557, 0.08232625267, 0.0, 0.953380553859, 0.279277863393, 0.0, 1.0, 0.281686126947, 0.0, 0.758955127481, 0.62135443007, 0.656915309148, 0.0369142373729, 0.0, 1.0, 1.0, 0.747682089896, 0.0479498225751, 0.325713506617, 23.0, 1.0, 6.14539203004
0.9444646946, 0.1920354228, 0.0644319160619, 1.0, 0.0, 0.0, 0.412958811923, 0.0, 0.312297621436, 0.869575995625, 0.0, 1.0, 0.0, 1.0, 0.678911083823, 1.0, 0.319195930588, 1.0, 0.0, 1.0, 0.838176741919, 0.390870967305, 0.827763687866, 0.317744735342, 0.754944124607, 0.0, 1.0, 0.189109685005, 11.0, 0.0, 11.6676626467
0.0, 0.0, 0.0, 0.0, 0.109867071706, 0.0724520034897, 0.478640805872, 0.425266351096, 0.0, 0.0, 0.862794158992, 0.000582296350331, 0.355212680249, 0.64081717975, 1.0, 1.0, 0.998363379492, 0.0, 0.0377381761748, 0.62135443007, 0.656915309148, 0.525770286491, 0.827763687866, 0.840838578361, 0.692769754286, 0.162729952032, 0.0893641914766, 0.0, 23.0, 0.0, 6.80969734656
0.228088282287, 0.0, 0.0644319160619, 0.35859503186, 0.701523734956, 0.0, 0.328981399073, 0.0805658392042, 0.0, 0.151249697323, 0.443752641996, 0.332774671476, 0.0, 1.0, 0.618982931343, 0.367591156424, 0.0, 0.0, 0.594455187796, 0.975333943195, 0.656915309148, 0.0, 1.0, 0.0, 0.0798930507967, 0.0, 1.0, 0.272205958923, 26.0, 0.0, 4.88878939437
0.320381359039, 0.0, 0.0, 0.0, 0.109867071706, 0.0, 0.722911192886, 0.0, 0.895939189232, 0.0, 0.0, 0.0, 0.398861277401, 1.0, 5.7991514273e-05, 0.311313318261, 0.319195930588, 0.0, 0.0, 0.00148745304606, 0.984763976863, 0.194744476612, 0.0, 0.995198830875, 0.0, 0.0185641299484, 0.0, 0.0500164407428, 35.0, 1.0, 2.93673736393
0.0, 0.0556081956576, 0.0, 0.152338302022, 0.0, 0.0, 0.478640805872, 0.0, 0.0, 0.151931606282, 0.907537723047, 0.0, 1.0, 0.64081717975, 1.0, 0.976156481868, 0.999990796846, 0.0, 0.904049924572, 1.0, 0.927715449642, 0.0, 0.983624285677, 1.0, 0.975613438278, 0.620713855533, 0.030407217257, 0.0, 15.0, 2.0, 9.190288583
0.951659807661, 0.849852728475, 0.0, 1.0, 0.554092821528, 0.687694653963, 0.781532992394, 0.339738365157, 0.650717627745, 1.0, 0.299947166048, 0.63982735704, 0.127158475528, 0.728997619197, 0.0, 0.770796062264, 0.319195930588, 1.0, 1.0, 0.757190158462, 0.731659528398, 0.196066473364, 1.0, 0.0311492561629, 1.0, 0.0, 0.8714817796, 0.0, 6.0, 0.0, 14.9873502156
0.862461455738, 0.0, 0.0646868154329, 0.0, 0.0316867581032, 0.0, 0.00486552654542, 0.0747299855592, 0.130321299832, 0.0, 0.907537723047, 0.125928444935, 1.0, 1.0, 1.0, 0.992853613904, 0.877526126585, 0.209833137207, 0.686589083944, 1.0, 0.570571888656, 0.0, 0.0430210717106, 0.855319281426, 0.0, 0.83980382966, 0.030407217257, 0.0, 14.0, 2.0, 9.82175684706
