0.935025141232, 0.0, 1.0, 1.0, 0.0, 1.0, 0.385783926698, 0.590988488539, 0.245614560485, 1.0, 0.0, 1.0, 0.0, 1.0, 0.0, 1.0, 0.319195930588, 0.74830771277, 0.908419107491, 1.0, 1.0, 0.185858873501, 1.0, 0.0, 0.0, 0.955824041615, 0.0, 0.0, 7.0, 0.0, 15.2002281953
1.0, 0.0, 0.0, 0.0, 0.0, 1.0, 0.394239415441, 0.339738365157, 0.650717627745, 1.0, 0.249815523496, 1.0, 0.0, 0.728997619197, 0.0, 1.0, 0.319195930588, 1.0, 1.0, 1.0, 1.0, 0.196066473364, 1.0, 0.0, 1.0, 0.0, 0.953778389271, 0.0, 12.0, 1.0, 11.6473099109
0.00450155490556, 0.0, 0.0, 0.0, 0.193516321293, 0.0169425014808, 0.0, 0.0, 0.0, 0.190741077407, 0.0, 0.0, 1.0, 0.0781792031254, 0.0, 0.114432474729, 0.0, 0.0, 0.0, 0.0, 0.0, 0.0, 0.0, 0.0, 0.102063693556, 0.110273026567, 0.195303413656, 0.543096015151, 41.0, 0.0, 2.08345142137
0.341273028266, 0.0, 0.0, 0.0, 0.0, 0.0, 0.0, 0.0, 0.362890637118, 0.0, 0.0, 1.0, 1.0, 1.0, 0.0, 1.0, 1.0, 1.0, 0.0, 1.0, 1.0, 0.0, 0.294265598335, 0.0, 1.0, 0.318270385706, 1.0, 0.0, 18.0, 0.0, 8.91741221046
1.0, 1.0, 0.0, 1.0, 0.0324476411992, 1.0, 0.0, 0.0, 0.957929160283, 1.0, 0.0, 0.689515717711, 0.0, 1.0, 0.229293633221, 1.0, 0.0, 0.0, 0.0, 1.0, 1.0, 0.0617328242497, 1.0, 0.878208724974, 0.0, 0.0, 0.0, 1.0, 10.0, 1.0, 12.2688249706
0.749085151439, 0.0, 1.0, 1.0, 0.0, 0.947971636651, 0.0902805910665, 0.0, 0.312297621436, 1.0, 0.0, 1.0, 0.0, 1.0, 0.0, 1.0, 0.319195930588, 1.0, 0.0, 1.0, 0.927715449642, 0.390870967305, 0.827763687866, 0.317744735342, 1.0, 0.0, 1.0, 0.0, 10.0, 0.0, 12.7700047315
0.266700195354, 0.0, 0.296500479434, 0.0, 0.0, 0.0, 0.0, 0.0902468382705, 0.0, 0.362728483322, 0.307365285931, 0.0, 0.233579705842, 1.0, 0.00709047812522, 0.367591156424, 0.0, 0.0, 0.762682958367, 0.587829218832, 1.0, 0.0, 0.763202688919, 0.0, 0.102063693556, 0.0, 1.0, 0.0, 28.0, 0.0, 4.39147678694
1.0, 1.0, 0.0, 0.995669946087, 0.0, 1.0, 0.0, 0.0, 0.523364011934, 1.0, 0.0, 0.0, 0.0, 1.0, 1.0, 0.367591156424, 0.281686126947, 0.0, 0.0, 1.0, 1.0, 0.0, 1.0, 0.87969150316, 0.599286828197, 0.0, 0.0, 1.0, 16.0, 0.0, 10.164179853
0.00450155490556, 0.0, 0.412606680347, 0.0, 0.56543897334, 0.0169425014808, 0.0, 0.0, 0.0, 0.190741077407, 0.0, 0.0, 1.0, 0.0, 0.0, 0.114432474729, 0.0, 0.0947231162716, 0.0, 0.0, 0.0, 0.0, 0.0, 0.0, 0.102063693556, 0.110273026567, 0.0, 0.543096015151, 40.0, 1.0, 2.29388450942
0.00450155490556, 0.0, 0.0646868154329, 0.0, 0.0, 0.0169425014808, 0.0, 0.0, 0.0, 0.134824946714, 0.0, 0.404713723656, 0.233579705842, 0.353383288853, 0.550090170728, 0.0270171756321, 0.0, 1.0, 0.0, 0.0, 0.0, 0.0, 0.0, 0.289723863638, 0.0689927020695, 0.0, 0.0, 0.970113009048, 37.0, 0.0, 2.68507505985
1.0, 1.0, 0.0, 1.0, 0.0324476411992, 1.0, 0.0, 0.0, 0.531803497698, 1.0, 0.0, 0.617114264648, 0.527188298802, 1.0, 0.352552900027, 1.0, 0.438678667913, 0.0, 0.0, 1.0, 1.0, 0.0617328242497, 1.0, 0.878208724974, 0.0, 0.0534488727053, 0.0, 1.0, 9.0, 1.0, 13.2498788256
0.0, 0.0, 0.31770612259, 0.0, 0.0, 0.0, 0.0, 0.0, 0.801401581349, 1.0, 0.0, 1.0, 1.0, 1.0, 0.811062396478, 1.0, 0.0, 0.0, 0.0, 1.0, 1.0, 0.0, 0.0, 0.0, 1.0, 0.318270385706, 1.0, 0.0, 17.0, 1.0, 9.23374255604
0.0, 0.422882071734, 0.0, 1.0, 0.0, 0.0, 0.298425565624, 0.797590465671, 0.305155399303, 0.0, 0.0, 0.0, 0.374346141311, 1.0, 0.0, 1.0, 0.0, 1.0, 0.0, 0.559828286321, 0.0, 1.0, 1.0, 0.0, 0.567336822485, 0.794442913602, 0.0, 0.307745858949, 17.0, 0.0, 10.0949134742
0.266700195354, 0.0, 0.296500479434, 0.0, 0.0, 0.0, 0.0, 0.0902468382705, 0.0, 0.362728483322, 0.0, 0.0, 0.0, 1.0, 0.0, 0.367591156424, 0.0, 0.0, 0.0, 0.0, 1.0, 0.0, 1.0, 0.0, 1.0, 0.0, 1.0, 0.0, 32.0, 0.0, 3.44461961504
0.500260624913, 0.0, 0.0, 0.0, 0.0, 0.0, 0.0, 0.0, 0.0, 0.0, 0.0, 0.498272849282, 0.0, 1.0, 0.0, 1.0, 0.982395220834, 1.0, 0.0, 1.0, 1.0, 0.0, 0.0, 0.0, 1.0, 0.318270385706, 1.0, 0.0, 20.0, 0.0, 8.24706125927
0.935025141232, 0.0, 1.0, 1.0, 0.0, 1.0, 0.385783926698, 0.590988488539, 0.245614560485, 1.0, 0.0, 1.0, 0.0, 1.0, 0.0, 1.0, 0.319195930588, 0.74830771277, 0.77684678246, 1.0, 1.0, 0.185858873501, 1.0, 0.0, 0.0, 0.955824041615, 0.0, 0.0, 7.0, 0.0, 15.2002281953
1.0, 0.0, 0.0, 0.0, 0.0, 1.0, 0.0902805910665, 0.477807383371, 0.0, 1.0, 0.249815523496, 1.0, 0.0, 0.728997619197, 0.0, 1.0, 0.319195930588, 1.0, 1.0, 1.0, 1.0, 0.196066473364, 1.0, 0.0, 1.0, 0.0, 0.967768341807, 0.0, 13.0, 1.0, 10.8838736679
0.341273028266, 0.0, 0.0, 0.0, 0.0, 0.0, 0.298425565624, 0.0, 0.362890637118, 0.0, 0.0, 1.0, 1.0, 1.0, 0.0, 1.0, 1.0, 1.0, 0.0, 1.0, 1.0, 0.0, 0.294265598335, 0.0, 1.0, 0.318270385706, 0.808272075916, 0.0, 18.0, 0.0, 8.91741221046
0.0, 0.422882071734, 0.0, 0.0, 0.0, 0.0, 0.0, 0.929184855572, 0.0, 0.0, 0.0, 0.0, 0.0, 0.942288652226, 0.0, 1.0, 0.0, 0.122536875349, 0.0, 0.669310642001, 0.0, 1.0, 1.0, 0.558250539058, 0.0, 0.794442913602, 0.0, 0.0169149808737, 22.0, 1.0, 6.95492512929
0.158886794898, 0.0, 0.0771873460945, 0.0, 0.0, 0.0, 0.786836218116, 0.0902468382705, 0.717265465871, 0.226243117974, 0.0, 0.0, 0.0, 1.0, 0.0, 0.367591156424, 0.0, 0.0, 0.762682958367, 0.343071235852, 1.0, 0.0, 1.0, 0.0, 1.0, 0.0, 1.0, 0.0, 26.0, 0.0, 6.20632480123
1.0, 1.0, 0.143299051933, 1.0, 0.0324476411992, 1.0, 0.0, 0.0, 0.509845580951, 1.0, 0.0, 0.617114264648, 0.0, 1.0, 0.229293633221, 1.0, 0.0, 0.0, 0.0, 1.0, 1.0, 0.0617328242497, 1.0, 0.878208724974, 0.0, 0.0, 0.0, 1.0, 10.0, 1.0, 12.2688249706
0.500260624913, 0.0, 0.0, 0.0, 0.0, 1.0, 0.0, 0.0, 1.0, 0.0, 0.0, 1.0, 0.0, 1.0, 0.0, 1.0, 0.982395220834, 1.0, 0.0, 1.0, 1.0, 0.0, 0.0, 0.0, 1.0, 0.318270385706, 0.709696756431, 0.0, 14.0, 0.0, 10.6858464787
0.00450155490556, 0.0, 0.412606680347, 0.0, 0.0, 0.0169425014808, 0.0, 0.0, 0.0, 0.190741077407, 0.0, 0.0, 1.0, 0.938013841672, 0.0, 0.114432474729, 0.0, 0.0799959269232, 0.0, 0.0, 0.539289252324, 0.0, 0.0, 0.0, 0.102063693556, 0.110273026567, 0.0, 0.543096015151, 36.0, 0.0, 3.10952381287
0.279657803669, 0.0, 0.296500479434, 0.0, 0.56543897334, 0.0, 0.491021623445, 0.0293768439971, 0.0, 0.226243117974, 0.0, 0.0, 0.0, 0.0, 0.0, 0.367591156424, 0.0, 0.0, 0.762682958367, 0.0, 1.0, 0.0, 0.800796101088, 0.0, 1.0, 0.0, 1.0, 0.0, 31.0, 0.0, 4.11533346093
0.107472691624, 0.0, 0.0, 0.0, 0.0, 0.0, 0.0, 0.0, 0.150415129041, 1.0, 0.0, 1.0, 1.0, 1.0, 0.811062396478, 1.0, 0.0, 0.0, 0.0, 1.0, 1.0, 0.0, 0.0, 0.0, 1.0, 0.318270385706, 1.0, 0.0, 18.0, 1.0, 8.47030631303
0.0608800004449, 0.0, 0.0, 0.0, 0.0, 0.0, 0.0, 0.155149141092, 0.305155399303, 0.0, 0.0, 1.0, 0.752601364278, 1.0, 0.0, 1.0, 1.0, 1.0, 0.0, 0.16034864267, 0.734130324071, 0.0, 0.294265598335, 0.0, 1.0, 0.162588972259, 1.0, 0.241725508944, 19.0, 0.0, 8.88743319372
0.500260624913, 0.0, 0.0, 0.0, 0.0, 0.0, 0.0, 0.0, 0.0, 0.0, 0.0, 0.498272849282, 0.0, 1.0, 0.0, 1.0, 0.281686126947, 1.0, 0.0, 1.0, 1.0, 0.0, 0.0, 0.0, 1.0, 0.318270385706, 1.0, 0.0, 21.0, 0.0, 7.41697498905
1.0, 0.336932531223, 0.158738146442, 0.965929431938, 0.0, 1.0, 0.0, 0.0, 0.523364011934, 1.0, 0.0, 0.0, 0.0, 0.598897849431, 1.0, 1.0, 0.982395220834, 0.0, 0.0, 1.0, 1.0, 0.0, 1.0, 0.87969150316, 0.599286828197, 0.0, 0.0, 1.0, 12.0, 0.0, 11.7416366836
0.0, 0.0, 0.458552987875, 0.35859503186, 0.0, 0.0, 0.0, 0.0902468382705, 0.0, 0.0, 0.0, 0.0481156758741, 0.0, 1.0, 0.0, 0.367591156424, 0.0, 0.0, 0.762682958367, 0.267127301862, 1.0, 0.0, 0.20366300774, 0.0, 1.0, 0.0, 1.0, 0.0710944499617, 29.0, 0.0, 4.30584861258
0.0, 0.0, 0.0, 0.0, 0.109867071706, 0.0, 0.478640805872, 0.0, 0.0, 0.0, 0.0, 0.0, 1.0, 0.64081717975, 1.0, 1.0, 0.998363379492, 0.0, 0.531902168847, 0.62135443007, 0.656915309148, 0.0, 0.0, 1.0, 1.0, 0.620713855533, 0.102920061427, 0.0, 20.0, 1.0, 7.89236085931
0.0, 0.0, 0.297997002702, 0.0, 0.122104862692, 1.0, 0.0131517537237, 0.0, 0.311560009403, 0.0, 0.140734578694, 0.0, 0.0, 1.0, 0.0, 0.976156481868, 0.00429724255979, 1.0, 0.27743717732, 1.0, 1.0, 0.00231279571154, 0.605199528318, 0.0, 0.0, 0.0761475943498, 0.0, 1.0, 23.0, 0.0, 6.23245439687
1.0, 0.0, 1.0, 1.0, 0.0, 1.0, 0.0902805910665, 0.155149141092, 0.255772540825, 1.0, 0.454828116955, 1.0, 0.0, 1.0, 0.0, 1.0, 0.319195930588, 1.0, 1.0, 0.821017608789, 0.927715449642, 0.390870967305, 1.0, 0.0, 1.0, 0.0, 1.0, 0.0, 9.0, 0.0, 13.4004446677
1.0, 0.0, 1.0, 1.0, 0.0, 1.0, 0.0902805910665, 0.155149141092, 0.407219544894, 0.721002587366, 0.0, 1.0, 0.0, 1.0, 0.0, 1.0, 0.7112636658, 1.0, 1.0, 1.0, 0.927715449642, 0.390870967305, 1.0, 0.0, 1.0, 0.0, 1.0, 0.0, 8.0, 0.0, 14.230530938
0.935025141232, 0.0, 1.0, 1.0, 0.0, 1.0, 0.385783926698, 0.590988488539, 0.820923308056, 1.0, 0.0, 1.0, 0.516687488937, 1.0, 0.0983266217295, 1.0, 0.319195930588, 1.0, 0.0812329384513, 1.0, 1.0, 0.269359857469, 1.0, 0.344552245676, 0.163588201642, 0.712013728769, 0.0, 0.0, 6.0, 0.0, 16.3142783571
1.0, 0.0, 1.0, 0.0, 0.0, 0.947971636651, 0.0902805910665, 0.0, 0.0, 0.254569379505, 0.0, 1.0, 0.0, 1.0, 0.0, 1.0, 0.319195930588, 0.122536875349, 1.0, 1.0, 0.927715449642, 0.390870967305, 1.0, 0.317744735342, 1.0, 0.0, 1.0, 0.0, 13.0, 0.0, 11.0846839654
1.0, 0.343502445789, 1.0, 1.0, 0.669323300119, 0.636595325648, 0.478640805872, 0.477807383371, 0.0, 0.0, 0.0, 1.0, 0.0, 1.0, 0.0, 1.0, 0.319195930588, 1.0, 1.0, 0.316993927859, 1.0, 0.0, 1.0, 0.0, 0.183888343754, 0.0, 1.0, 0.0, 11.0, 0.0, 12.4754381305
1.0, 0.0, 1.0, 0.0, 0.0, 0.947971636651, 0.0902805910665, 0.0, 0.0, 0.0, 0.0, 1.0, 0.0, 1.0, 0.0, 1.0, 0.319195930588, 0.078738390048, 1.0, 1.0, 0.927715449642, 0.390870967305, 1.0, 0.0818788562482, 1.0, 0.0, 1.0, 0.0, 13.0, 0.0, 11.0846839654
1.0, 0.343502445789, 1.0, 1.0, 0.669323300119, 1.0, 0.0, 0.593355393753, 0.650717627745, 1.0, 0.0, 1.0, 0.0, 1.0, 0.0, 1.0, 0.319195930588, 1.0, 1.0, 0.316993927859, 1.0, 0.0, 1.0, 0.0, 1.0, 0.0, 1.0, 0.0, 5.0, 0.0, 16.7085414221
0.935025141232, 0.0, 1.0, 1.0, 0.0, 1.0, 0.385783926698, 0.590988488539, 0.245614560485, 1.0, 0.0, 1.0, 0.0, 1.0, 0.0, 1.0, 0.319195930588, 0.74830771277, 0.908419107491, 1.0, 1.0, 0.185858873501, 1.0, 0.0, 0.0, 0.955824041615, 0.0, 0.0, 7.0, 0.0, 15.2002281953
1.0, 0.0, 0.0, 0.0, 0.0, 1.0, 0.394239415441, 0.339738365157, 0.650717627745, 1.0, 0.249815523496, 1.0, 0.0, 0.728997619197, 0.0, 1.0, 0.319195930588, 1.0, 1.0, 1.0, 1.0, 0.196066473364, 1.0, 0.0, 1.0, 0.0, 0.953778389271, 0.0, 12.0, 1.0, 11.6473099109
0.00450155490556, 0.0, 0.0, 0.0, 0.193516321293, 0.0169425014808, 0.0, 0.0, 0.0, 0.190741077407, 0.0, 0.0, 1.0, 0.0781792031254, 0.0, 0.114432474729, 0.0, 0.0, 0.0, 0.0, 0.0, 0.0, 0.0, 0.0, 0.102063693556, 0.110273026567, 0.195303413656, 0.543096015151, 41.0, 0.0, 2.08345142137
0.341273028266, 0.0, 0.0, 0.0, 0.0, 0.0, 0.0, 0.0, 0.362890637118, 0.0, 0.0, 1.0, 1.0, 1.0, 0.0, 1.0, 1.0, 1.0, 0.0, 1.0, 1.0, 0.0, 0.294265598335, 0.0, 1.0, 0.318270385706, 1.0, 0.0, 18.0, 0.0, 8.91741221046
1.0, 1.0, 0.0, 1.0, 0.0324476411992, 1.0, 0.0, 0.0, 0.957929160283, 1.0, 0.0, 0.689515717711, 0.0, 1.0, 0.229293633221, 1.0, 0.0, 0.0, 0.0, 1.0, 1.0, 0.0617328242497, 1.0, 0.878208724974, 0.0, 0.0, 0.0, 1.0, 10.0, 1.0, 12.2688249706
0.749085151439, 0.0, 1.0, 1.0, 0.0, 0.947971636651, 0.0902805910665, 0.0, 0.312297621436, 1.0, 0.0, 1.0, 0.0, 1.0, 0.0, 1.0, 0.319195930588, 1.0, 0.0, 1.0, 0.927715449642, 0.390870967305, 0.827763687866, 0.317744735342, 1.0, 0.0, 1.0, 0.0, 10.0, 0.0, 12.7700047315
0.266700195354, 0.0, 0.296500479434, 0.0, 0.0, 0.0, 0.0, 0.0902468382705, 0.0, 0.362728483322, 0.307365285931, 0.0, 0.233579705842, 1.0, 0.00709047812522, 0.367591156424, 0.0, 0.0, 0.762682958367, 0.587829218832, 1.0, 0.0, 0.763202688919, 0.0, 0.102063693556, 0.0, 1.0, 0.0, 28.0, 0.0, 4.39147678694
1.0, 1.0, 0.0, 0.995669946087, 0.0, 1.0, 0.0, 0.0, 0.523364011934, 1.0, 0.0, 0.0, 0.0, 1.0, 1.0, 0.367591156424, 0.281686126947, 0.0, 0.0, 1.0, 1.0, 0.0, 1.0, 0.87969150316, 0.599286828197, 0.0, 0.0, 1.0, 16.0, 0.0, 10.164179853
0.00450155490556, 0.0, 0.412606680347, 0.0, 0.56543897334, 0.0169425014808, 0.0, 0.0, 0.0, 0.190741077407, 0.0, 0.0, 1.0, 0.0, 0.0, 0.114432474729, 0.0, 0.0947231162716, 0.0, 0.0, 0.0, 0.0, 0.0, 0.0, 0.102063693556, 0.110273026567, 0.0, 0.543096015151, 40.0, 1.0, 2.29388450942
0.00450155490556, 0.0, 0.0646868154329, 0.0, 0.0, 0.0169425014808, 0.0, 0.0, 0.0, 0.134824946714, 0.0, 0.404713723656, 0.233579705842, 0.353383288853, 0.550090170728, 0.0270171756321, 0.0, 1.0, 0.0, 0.0, 0.0, 0.0, 0.0, 0.289723863638, 0.0689927020695, 0.0, 0.0, 0.970113009048, 37.0, 0.0, 2.68507505985
1.0, 1.0, 0.0, 1.0, 0.0324476411992, 1.0, 0.0, 0.0, 0.531803497698, 1.0, 0.0, 0.617114264648, 0.527188298802, 1.0, 0.352552900027, 1.0, 0.438678667913, 0.0, 0.0, 1.0, 1.0, 0.0617328242497, 1.0, 0.878208724974, 0.0, 0.0534488727053, 0.0, 1.0, 9.0, 1.0, 13.2498788256
0.0, 0.0, 0.31770612259, 0.0, 0.0, 0.0, 0.0, 0.0, 0.801401581349, 1.0, 0.0, 1.0, 1.0, 1.0, 0.811062396478, 1.0, 0.0, 0.0, 0.0, 1.0, 1.0, 0.0, 0.0, 0.0, 1.0, 0.318270385706, 1.0, 0.0, 17.0, 1.0, 9.23374255604
0.0, 0.422882071734, 0.0, 1.0, 0.0, 0.0, 0.298425565624, 0.797590465671, 0.305155399303, 0.0, 0.0, 0.0, 0.374346141311, 1.0, 0.0, 1.0, 0.0, 1.0, 0.0, 0.559828286321, 0.0, 1.0, 1.0, 0.0, 0.567336822485, 0.794442913602, 0.0, 0.307745858949, 17.0, 0.0, 10.0949134742
0.266700195354, 0.0, 0.296500479434, 0.0, 0.0, 0.0, 0.0, 0.0902468382705, 0.0, 0.362728483322, 0.0, 0.0, 0.0, 1.0, 0.0, 0.367591156424, 0.0, 0.0, 0.0, 0.0, 1.0, 0.0, 1.0, 0.0, 1.0, 0.0, 1.0, 0.0, 32.0, 0.0, 3.44461961504
0.500260624913, 0.0, 0.0, 0.0, 0.0, 0.0, 0.0, 0.0, 0.0, 0.0, 0.0, 0.498272849282, 0.0, 1.0, 0.0, 1.0, 0.982395220834, 1.0, 0.0, 1.0, 1.0, 0.0, 0.0, 0.0, 1.0, 0.318270385706, 1.0, 0.0, 20.0, 0.0, 8.24706125927
0.935025141232, 0.0, 1.0, 1.0, 0.0, 1.0, 0.385783926698, 0.590988488539, 0.245614560485, 1.0, 0.0, 1.0, 0.0, 1.0, 0.0, 1.0, 0.319195930588, 0.74830771277, 0.77684678246, 1.0, 1.0, 0.185858873501, 1.0, 0.0, 0.0, 0.955824041615, 0.0, 0.0, 7.0, 0.0, 15.2002281953
1.0, 0.0, 0.0, 0.0, 0.0, 1.0, 0.0902805910665, 0.477807383371, 0.0, 1.0, 0.249815523496, 1.0, 0.0, 0.728997619197, 0.0, 1.0, 0.319195930588, 1.0, 1.0, 1.0, 1.0, 0.196066473364, 1.0, 0.0, 1.0, 0.0, 0.967768341807, 0.0, 13.0, 1.0, 10.8838736679
0.341273028266, 0.0, 0.0, 0.0, 0.0, 0.0, 0.298425565624, 0.0, 0.362890637118, 0.0, 0.0, 1.0, 1.0, 1.0, 0.0, 1.0, 1.0, 1.0, 0.0, 1.0, 1.0, 0.0, 0.294265598335, 0.0, 1.0, 0.318270385706, 0.808272075916, 0.0, 18.0, 0.0, 8.91741221046
0.0, 0.422882071734, 0.0, 0.0, 0.0, 0.0, 0.0, 0.929184855572, 0.0, 0.0, 0.0, 0.0, 0.0, 0.942288652226, 0.0, 1.0, 0.0, 0.122536875349, 0.0, 0.669310642001, 0.0, 1.0, 1.0, 0.558250539058, 0.0, 0.794442913602, 0.0, 0.0169149808737, 22.0, 1.0, 6.95492512929
0.158886794898, 0.0, 0.0771873460945, 0.0, 0.0, 0.0, 0.786836218116, 0.0902468382705, 0.717265465871, 0.226243117974, 0.0, 0.0, 0.0, 1.0, 0.0, 0.367591156424, 0.0, 0.0, 0.762682958367, 0.343071235852, 1.0, 0.0, 1.0, 0.0, 1.0, 0.0, 1.0, 0.0, 26.0, 0.0, 6.20632480123
1.0, 1.0, 0.143299051933, 1.0, 0.0324476411992, 1.0, 0.0, 0.0, 0.509845580951, 1.0, 0.0, 0.617114264648, 0.0, 1.0, 0.229293633221, 1.0, 0.0, 0.0, 0.0, 1.0, 1.0, 0.0617328242497, 1.0, 0.878208724974, 0.0, 0.0, 0.0, 1.0, 10.0, 1.0, 12.2688249706
0.500260624913, 0.0, 0.0, 0.0, 0.0, 1.0, 0.0, 0.0, 1.0, 0.0, 0.0, 1.0, 0.0, 1.0, 0.0, 1.0, 0.982395220834, 1.0, 0.0, 1.0, 1.0, 0.0, 0.0, 0.0, 1.0, 0.318270385706, 0.709696756431, 0.0, 14.0, 0.0, 10.6858464787
0.00450155490556, 0.0, 0.412606680347, 0.0, 0.0, 0.0169425014808, 0.0, 0.0, 0.0, 0.190741077407, 0.0, 0.0, 1.0, 0.938013841672, 0.0, 0.114432474729, 0.0, 0.0799959269232, 0.0, 0.0, 0.539289252324, 0.0, 0.0, 0.0, 0.102063693556, 0.110273026567, 0.0, 0.543096015151, 36.0, 0.0, 3.10952381287
0.279657803669, 0.0, 0.296500479434, 0.0, 0.56543897334, 0.0, 0.491021623445, 0.0293768439971, 0.0, 0.226243117974, 0.0, 0.0, 0.0, 0.0, 0.0, 0.367591156424, 0.0, 0.0, 0.762682958367, 0.0, 1.0, 0.0, 0.800796101088, 0.0, 1.0, 0.0, 1.0, 0.0, 31.0, 0.0, 4.11533346093
0.107472691624, 0.0, 0.0, 0.0, 0.0, 0.0, 0.0, 0.0, 0.150415129041, 1.0, 0.0, 1.0, 1.0, 1.0, 0.811062396478, 1.0, 0.0, 0.0, 0.0, 1.0, 1.0, 0.0, 0.0, 0.0, 1.0, 0.318270385706, 1.0, 0.0, 18.0, 1.0, 8.47030631303
0.0608800004449, 0.0, 0.0, 0.0, 0.0, 0.0, 0.0, 0.155149141092, 0.305155399303, 0.0, 0.0, 1.0, 0.752601364278, 1.0, 0.0, 1.0, 1.0, 1.0, 0.0, 0.16034864267, 0.734130324071, 0.0, 0.294265598335, 0.0, 1.0, 0.162588972259, 1.0, 0.241725508944, 19.0, 0.0, 8.88743319372
0.500260624913, 0.0, 0.0, 0.0, 0.0, 0.0, 0.0, 0.0, 0.0, 0.0, 0.0, 0.498272849282, 0.0, 1.0, 0.0, 1.0, 0.281686126947, 1.0, 0.0, 1.0, 1.0, 0.0, 0.0, 0.0, 1.0, 0.318270385706, 1.0, 0.0, 21.0, 0.0, 7.41697498905
1.0, 0.336932531223, 0.158738146442, 0.965929431938, 0.0, 1.0, 0.0, 0.0, 0.523364011934, 1.0, 0.0, 0.0, 0.0, 0.598897849431, 1.0, 1.0, 0.982395220834, 0.0, 0.0, 1.0, 1.0, 0.0, 1.0, 0.87969150316, 0.599286828197, 0.0, 0.0, 1.0, 12.0, 0.0, 11.7416366836
0.0, 0.0, 0.458552987875, 0.35859503186, 0.0, 0.0, 0.0, 0.0902468382705, 0.0, 0.0, 0.0, 0.0481156758741, 0.0, 1.0, 0.0, 0.367591156424, 0.0, 0.0, 0.762682958367, 0.267127301862, 1.0, 0.0, 0.20366300774, 0.0, 1.0, 0.0, 1.0, 0.0710944499617, 29.0, 0.0, 4.30584861258
0.0, 0.0, 0.0, 0.0, 0.109867071706, 0.0, 0.478640805872, 0.0, 0.0, 0.0, 0.0, 0.0, 1.0, 0.64081717975, 1.0, 1.0, 0.998363379492, 0.0, 0.531902168847, 0.62135443007, 0.656915309148, 0.0, 0.0, 1.0, 1.0, 0.620713855533, 0.102920061427, 0.0, 20.0, 1.0, 7.89236085931
0.0, 0.0, 0.297997002702, 0.0, 0.122104862692, 1.0, 0.0131517537237, 0.0, 0.311560009403, 0.0, 0.140734578694, 0.0, 0.0, 1.0, 0.0, 0.976156481868, 0.00429724255979, 1.0, 0.27743717732, 1.0, 1.0, 0.00231279571154, 0.605199528318, 0.0, 0.0, 0.0761475943498, 0.0, 1.0, 23.0, 0.0, 6.23245439687
1.0, 0.0, 1.0, 1.0, 0.0, 1.0, 0.0902805910665, 0.155149141092, 0.255772540825, 1.0, 0.454828116955, 1.0, 0.0, 1.0, 0.0, 1.0, 0.319195930588, 1.0, 1.0, 0.821017608789, 0.927715449642, 0.390870967305, 1.0, 0.0, 1.0, 0.0, 1.0, 0.0, 9.0, 0.0, 13.4004446677
1.0, 0.0, 1.0, 1.0, 0.0, 1.0, 0.0902805910665, 0.155149141092, 0.407219544894, 0.721002587366, 0.0, 1.0, 0.0, 1.0, 0.0, 1.0, 0.7112636658, 1.0, 1.0, 1.0, 0.927715449642, 0.390870967305, 1.0, 0.0, 1.0, 0.0, 1.0, 0.0, 8.0, 0.0, 14.230530938
0.935025141232, 0.0, 1.0, 1.0, 0.0, 1.0, 0.385783926698, 0.590988488539, 0.820923308056, 1.0, 0.0, 1.0, 0.516687488937, 1.0, 0.0983266217295, 1.0, 0.319195930588, 1.0, 0.0812329384513, 1.0, 1.0, 0.269359857469, 1.0, 0.344552245676, 0.163588201642, 0.712013728769, 0.0, 0.0, 6.0, 0.0, 16.3142783571
1.0, 0.0, 1.0, 0.0, 0.0, 0.947971636651, 0.0902805910665, 0.0, 0.0, 0.254569379505, 0.0, 1.0, 0.0, 1.0, 0.0, 1.0, 0.319195930588, 0.122536875349, 1.0, 1.0, 0.927715449642, 0.390870967305, 1.0, 0.317744735342, 1.0, 0.0, 1.0, 0.0, 13.0, 0.0, 11.0846839654
1.0, 0.343502445789, 1.0, 1.0, 0.669323300119, 0.636595325648, 0.478640805872, 0.477807383371, 0.0, 0.0, 0.0, 1.0, 0.0, 1.0, 0.0, 1.0, 0.319195930588, 1.0, 1.0, 0.316993927859, 1.0, 0.0, 1.0, 0.0, 0.183888343754, 0.0, 1.0, 0.0, 11.0, 0.0, 12.4754381305
1.0, 0.0, 1.0, 0.0, 0.0, 0.947971636651, 0.0902805910665, 0.0, 0.0, 0.0, 0.0, 1.0, 0.0, 1.0, 0.0, 1.0, 0.319195930588, 0.078738390048, 1.0, 1.0, 0.927715449642, 0.390870967305, 1.0, 0.0818788562482, 1.0, 0.0, 1.0, 0.0, 13.0, 0.0, 11.0846839654
1.0, 0.343502445789, 1.0, 1.0, 0.669323300119, 1.0, 0.0, 0.593355393753, 0.650717627745, 1.0, 0.0, 1.0, 0.0, 1.0, 0.0, 1.0, 0.319195930588, 1.0, 1.0, 0.316993927859, 1.0, 0.0, 1.0, 0.0, 1.0, 0.0, 1.0, 0.0, 5.0, 0.0, 16.7085414221
0.320381359039, 0.0, 0.0, 0.0, 0.0, 0.0, 0.353180886759, 0.0, 1.0, 0.0, 0.0, 0.0, 0.0, 0.0, 0.678911083823, 1.0, 0.214280413598, 0.0, 0.0, 0.136707210545, 0.0, 0.194744476612, 0.0, 0.623755702853, 0.0, 0.30759246624, 0.0, 0.0500164407428, 36.0, 0.0, 3.13126382293
0.320381359039, 0.0, 0.0, 0.0, 0.0, 0.0, 0.353180886759, 0.0, 1.0, 0.0, 0.0, 0.0, 0.0, 0.0, 0.678911083823, 1.0, 0.214280413598, 0.0, 0.0, 0.136707210545, 0.0, 0.194744476612, 0.0, 0.623755702853, 0.0, 0.30759246624, 0.0, 0.0500164407428, 36.0, 0.0, 3.13126382293
0.158886794898, 0.0, 0.0771873460945, 0.0, 0.0, 0.0, 0.491021623445, 0.0902468382705, 0.44496854072, 0.226243117974, 0.0, 0.395123545433, 0.0, 1.0, 0.0, 0.367591156424, 0.0, 0.0, 0.762682958367, 0.266083659799, 1.0, 0.0, 1.0, 0.0, 0.0, 0.0, 1.0, 0.391136756511, 29.0, 0.0, 4.3614977702
0.266700195354, 0.0, 0.0611442621852, 0.0, 0.0, 0.0, 0.0, 0.0902468382705, 0.0, 0.362728483322, 0.0, 0.0, 0.0, 1.0, 0.0, 0.367591156424, 0.0, 0.0, 0.762682958367, 0.0, 1.0, 0.0, 1.0, 0.0, 0.102063693556, 0.0, 1.0, 0.0, 29.0, 0.0, 4.3614977702
0.00450155490556, 0.0, 0.0646868154329, 0.0, 0.0, 0.0169425014808, 0.0, 0.0802819457434, 0.0, 0.134824946714, 0.0, 0.626159975779, 0.233579705842, 0.353383288853, 0.550090170728, 0.0270171756321, 0.0, 1.0, 0.0, 0.0, 0.0, 0.0, 0.0, 0.289723863638, 0.0689927020695, 0.0, 0.0, 0.543096015151, 33.0, 1.0, 3.88439306989
1.0, 0.0930967050822, 1.0, 0.748400705252, 0.0, 0.738115779422, 0.0, 0.88312523778, 0.541654902071, 1.0, 0.0159647367887, 1.0, 0.0, 1.0, 0.0, 1.0, 0.799271252501, 1.0, 0.0, 0.0, 1.0, 0.0, 1.0, 0.0, 1.0, 0.0, 0.776760348248, 0.0, 6.0, 0.0, 16.6977546681
0.158886794898, 0.0, 0.0771873460945, 0.0, 0.0, 0.0, 0.491021623445, 0.0902468382705, 0.44496854072, 0.226243117974, 0.0, 0.395123545433, 0.0, 1.0, 0.0, 0.367591156424, 0.0, 0.0, 0.762682958367, 0.266083659799, 1.0, 0.0, 1.0, 0.0, 0.0, 0.0, 1.0, 0.391136756511, 29.0, 0.0, 4.3614977702
0.266700195354, 0.0, 0.0611442621852, 0.0, 0.0, 0.0, 0.0, 0.0902468382705, 0.0, 0.362728483322, 0.0, 0.0, 0.0, 1.0, 0.0, 0.367591156424, 0.0, 0.0, 0.762682958367, 0.0, 1.0, 0.0, 1.0, 0.0, 0.102063693556, 0.0, 1.0, 0.0, 29.0, 0.0, 4.3614977702
0.00450155490556, 0.0, 0.0646868154329, 0.0, 0.0, 0.0169425014808, 0.0, 0.0802819457434, 0.0, 0.134824946714, 0.0, 0.626159975779, 0.233579705842, 0.353383288853, 0.550090170728, 0.0270171756321, 0.0, 1.0, 0.0, 0.0, 0.0, 0.0, 0.0, 0.289723863638, 0.0689927020695, 0.0, 0.0, 0.543096015151, 33.0, 1.0, 3.88439306989
1.0, 0.0930967050822, 1.0, 0.748400705252, 0.0, 0.738115779422, 0.0, 0.88312523778, 0.541654902071, 1.0, 0.0159647367887, 1.0, 0.0, 1.0, 0.0, 1.0, 0.799271252501, 1.0, 0.0, 0.0, 1.0, 0.0, 1.0, 0.0, 1.0, 0.0, 0.776760348248, 0.0, 6.0, 0.0, 16.6977546681
0.279657803669, 0.0, 0.296500479434, 0.0, 0.0, 0.0, 0.491021623445, 0.0417543548922, 0.0, 0.226243117974, 0.0, 0.0, 0.0, 1.0, 0.0, 0.367591156424, 0.0, 0.0, 0.762682958367, 0.0, 1.0, 0.0, 0.800796101088, 0.0, 1.0, 0.0, 1.0, 0.0, 28.0, 0.0, 4.77294951628
0.0, 0.0, 0.458552987875, 0.35859503186, 0.0, 0.0, 0.0, 0.0902468382705, 0.0, 0.0, 0.0, 0.0481156758741, 0.0, 1.0, 0.0, 0.367591156424, 0.0, 0.0, 0.762682958367, 0.0, 1.0, 0.0, 0.638317914609, 0.0, 1.0, 0.0, 1.0, 0.0710944499617, 28.0, 0.0, 4.77294951628
1.0, 0.246938632321, 0.0, 1.0, 0.0, 1.0, 0.0, 0.0, 0.0, 1.0, 0.0, 0.0, 0.0, 1.0, 1.0, 1.0, 0.281686126947, 0.0, 0.0, 0.0, 1.0, 0.0, 0.348729402264, 0.87969150316, 0.0718213526172, 0.0, 0.0, 1.0, 20.0, 0.0, 8.54169253888
0.279657803669, 0.0, 0.296500479434, 0.0, 0.0, 0.0, 0.491021623445, 0.0417543548922, 0.0, 0.226243117974, 0.0, 0.0, 0.0, 1.0, 0.0, 0.367591156424, 0.0, 0.0, 0.762682958367, 0.0, 1.0, 0.0, 0.800796101088, 0.0, 1.0, 0.0, 1.0, 0.0, 28.0, 0.0, 4.77294951628
0.0, 0.0, 0.458552987875, 0.35859503186, 0.0, 0.0, 0.0, 0.0902468382705, 0.0, 0.0, 0.0, 0.0481156758741, 0.0, 1.0, 0.0, 0.367591156424, 0.0, 0.0, 0.762682958367, 0.0, 1.0, 0.0, 0.638317914609, 0.0, 1.0, 0.0, 1.0, 0.0710944499617, 28.0, 0.0, 4.77294951628
1.0, 0.246938632321, 0.0, 1.0, 0.0, 1.0, 0.0, 0.0, 0.0, 1.0, 0.0, 0.0, 0.0, 1.0, 1.0, 1.0, 0.281686126947, 0.0, 0.0, 0.0, 1.0, 0.0, 0.348729402264, 0.87969150316, 0.0718213526172, 0.0, 0.0, 1.0, 20.0, 0.0, 8.54169253888
