1.0, 0.0, 1.0, 0.0, 0.882561761894, 1.0, 0.924552430923, 0.0, 1.0, 4.55317694131
0.518817626391, 0.0, 0.462139157605, 0.86867696585, 1.0, 1.0, 1.0, 0.0, 0.0, 4.60982406772
0.518817626391, 0.0, 0.183387081086, 0.86867696585, 0.873978759798, 1.0, 1.0, 0.0, 0.0, 4.60982406772
0.34335264071, 1.0, 0.352272462152, 0.213033074933, 0.225471350596, 0.249508417359, 0.463142038827, 8.0, 0.0, 0.458474486116
0.49202308938, 1.0, 0.244126533216, 0.0, 0.150980204912, 0.460281902448, 0.122063124727, 8.0, 0.0, 0.458474486116
0.446993542786, 0.589359391593, 0.0, 0.0, 0.361073657372, 0.0, 0.609865176048, 7.0, 1.0, 0.83256408463
1.0, 0.0, 0.922737294505, 0.0428274341527, 0.44537568038, 0.990849954568, 1.0, 1.0, 0.0, 3.68645777168
0.946957019877, 0.736027906785, 0.0, 0.0, 0.410938297615, 0.65213281694, 0.302466361158, 2.0, 0.0, 2.90021018694
0.0923859703125, 1.0, 0.0, 0.0, 0.401809347255, 0.683886557174, 0.699507528865, 3.0, 1.0, 2.47551388133
0.357527449308, 0.393773704775, 0.666952094176, 0.0, 0.0, 0.0, 0.581681315264, 7.0, 0.0, 1.24472207086
1.0, 0.525326671055, 0.0, 0.0, 0.0, 0.650947118869, 0.761301905744, 1.0, 1.0, 3.27429978545
1.0, 0.707928772546, 0.0, 0.0, 0.0, 0.248396645621, 0.739744404946, 5.0, 1.0, 1.63134998875
0.725577650711, 1.0, 0.0, 0.0, 0.0, 0.0, 0.340508686447, 6.0, 0.0, 1.25726039024
1.0, 0.908036236666, 0.0, 0.0, 0.361073657372, 0.76990687551, 0.298020521283, 2.0, 0.0, 2.90021018694
0.474770142222, 0.736027906785, 0.160815461201, 0.0, 0.410938297615, 0.65213281694, 0.451053153259, 4.0, 0.0, 2.10142428282
0.27270748541, 0.503335880592, 0.0, 0.151625108435, 0.0, 0.62250415802, 0.901242382931, 3.0, 1.0, 2.47551388133
1.0, 0.0, 1.0, 0.0, 0.0, 0.349418396857, 0.924552430923, 5.0, 0.0, 2.04350797498
0.474770142222, 0.736027906785, 0.160815461201, 0.0, 0.410938297615, 0.65213281694, 0.451053153259, 4.0, 0.0, 2.10142428282
0.545696732648, 0.589359391593, 0.0, 0.297936793923, 0.361073657372, 0.0, 0.165448751525, 6.0, 0.0, 1.25726039024
0.545696732648, 1.0, 0.0, 0.0, 0.0, 0.455064340558, 0.742390485533, 5.0, 1.0, 1.63134998875
0.540408935432, 0.0428711245344, 1.0, 0.215962966923, 0.44537568038, 0.0, 1.0, 5.0, 0.0, 2.04350797498
0.974828739899, 0.912212771678, 0.0, 0.27054157992, 0.0, 0.912467463747, 0.901242382931, 1.0, 1.0, 3.27429978545
1.0, 0.101763253937, 0.876508227418, 0.0428274341527, 0.100866563864, 0.990849954568, 1.0, 1.0, 0.0, 3.68645777168
0.296767503726, 1.0, 0.31802688752, 0.0, 0.401809347255, 0.341162247121, 0.609865176048, 7.0, 1.0, 0.83256408463
1.0, 0.0, 1.0, 0.0, 0.882561761894, 1.0, 0.924552430923, 0.0, 1.0, 4.55317694131
0.401607783037, 0.464594325415, 0.970790495947, 0.241158317177, 0.0, 0.115646308366, 1.0, 7.0, 0.0, 1.24472207086
1.0, 0.525326671055, 0.0, 0.0, 0.0, 0.650947118869, 1.0, 1.0, 1.0, 3.27429978545
1.0, 0.908036236666, 0.0, 0.0, 0.361073657372, 0.76990687551, 0.739744404946, 1.0, 1.0, 3.27429978545
0.974828739899, 0.912212771678, 0.0, 0.27054157992, 0.0, 0.912467463747, 0.901242382931, 1.0, 1.0, 3.27429978545
1.0, 0.525326671055, 0.0, 0.0, 0.0, 0.650947118869, 0.761301905744, 1.0, 1.0, 3.27429978545
1.0, 0.525326671055, 0.0, 0.0, 0.0, 0.650947118869, 1.0, 1.0, 1.0, 3.27429978545
1.0, 0.908036236666, 0.0, 0.0, 0.361073657372, 0.76990687551, 0.739744404946, 1.0, 1.0, 3.27429978545
0.682982672005, 1.0, 0.382653796752, 0.0, 0.0, 0.137732206258, 0.901242382931, 5.0, 1.0, 1.63134998875
0.576047632064, 0.589359391593, 0.0, 0.29447725095, 0.0976345664623, 0.0, 0.58306523454, 5.0, 1.0, 1.63134998875
1.0, 1.0, 0.0, 0.0, 0.0, 0.052565238003, 0.609865176048, 5.0, 1.0, 1.63134998875
0.676264375243, 1.0, 0.0, 0.0, 0.401809347255, 0.0, 0.937149384845, 5.0, 1.0, 1.63134998875
1.0, 1.0, 0.0, 0.0, 0.0, 0.371113200076, 0.626687817481, 5.0, 1.0, 1.63134998875
1.0, 1.0, 0.0, 0.0, 0.018168346395, 0.0, 0.581681315264, 5.0, 1.0, 1.63134998875
0.725577650711, 1.0, 0.0414219764197, 0.0, 0.0, 0.0, 1.0, 5.0, 1.0, 1.63134998875
0.545696732648, 1.0, 0.0, 0.0, 0.0, 0.455064340558, 0.742390485533, 5.0, 1.0, 1.63134998875
1.0, 0.677787477716, 0.0, 0.0, 0.292188461306, 0.0, 1.0, 5.0, 1.0, 1.63134998875
1.0, 1.0, 0.0, 0.0, 0.0848298156346, 0.052565238003, 0.870349283168, 5.0, 1.0, 1.63134998875
1.0, 1.0, 0.0, 0.0, 0.0, 0.0260525184955, 0.699507528865, 5.0, 1.0, 1.63134998875
0.725577650711, 1.0, 0.0, 0.0, 0.0, 0.0, 1.0, 5.0, 1.0, 1.63134998875
0.725577650711, 1.0, 0.0, 0.0, 0.0, 0.0, 1.0, 5.0, 1.0, 1.63134998875
0.720195012609, 1.0, 0.0, 0.0, 0.0463594712391, 0.0, 1.0, 5.0, 1.0, 1.63134998875
0.725577650711, 1.0, 0.0, 0.0, 0.0, 0.0, 0.609865176048, 5.0, 1.0, 1.63134998875
0.85352678854, 1.0, 0.0, 0.0, 0.0, 0.052565238003, 1.0, 5.0, 1.0, 1.63134998875
0.610082296216, 1.0, 0.0, 0.0, 0.0870101929011, 0.371113200076, 0.793368653934, 5.0, 1.0, 1.63134998875
0.725577650711, 1.0, 0.0, 0.0, 0.0, 0.0, 0.581681315264, 5.0, 1.0, 1.63134998875
0.977562592792, 1.0, 0.0, 0.0, 0.0, 0.0, 0.609865176048, 5.0, 1.0, 1.63134998875
0.965370119091, 0.621857017331, 0.0, 0.0, 0.0843729203748, 0.256883871736, 0.51731788542, 5.0, 1.0, 1.63134998875
0.725577650711, 1.0, 0.0, 0.0, 0.0, 0.393335333939, 1.0, 5.0, 1.0, 1.63134998875
1.0, 1.0, 0.0, 0.0, 0.0, 0.433231159531, 0.699507528865, 5.0, 1.0, 1.63134998875
0.725577650711, 0.707928772546, 0.0, 0.0, 0.0, 0.0, 0.901242382931, 5.0, 1.0, 1.63134998875
0.683227829327, 1.0, 0.0, 0.0, 0.0251785755065, 0.0, 0.732954047334, 5.0, 1.0, 1.63134998875
0.725577650711, 1.0, 0.312925081784, 0.0, 0.0, 0.0, 1.0, 5.0, 1.0, 1.63134998875
1.0, 1.0, 0.0, 0.0, 0.0, 0.052565238003, 1.0, 5.0, 1.0, 1.63134998875
1.0, 1.0, 0.424860346064, 0.0, 0.0, 0.371113200076, 0.699507528865, 5.0, 1.0, 1.63134998875
0.725577650711, 1.0, 0.0, 0.0, 0.0, 0.0, 0.581681315264, 5.0, 1.0, 1.63134998875
1.0, 1.0, 0.0, 0.0, 0.0, 0.0, 1.0, 5.0, 1.0, 1.63134998875
0.884264270869, 1.0, 0.207094972664, 0.196199619735, 0.0, 0.052565238003, 0.51731788542, 5.0, 1.0, 1.63134998875
1.0, 0.798360276721, 0.382653796752, 0.0, 0.0, 0.0634731664763, 0.901242382931, 5.0, 1.0, 1.63134998875
1.0, 1.0, 0.0, 0.0, 0.0, 0.0, 0.891109740842, 5.0, 1.0, 1.63134998875
1.0, 1.0, 0.0, 0.0, 0.0, 0.00268329189097, 0.913543797146, 5.0, 1.0, 1.63134998875
0.725577650711, 0.912212771678, 0.0, 0.0, 0.0, 0.0, 1.0, 5.0, 1.0, 1.63134998875
0.545696732648, 1.0, 0.0, 0.0, 0.0, 0.0, 0.537703192036, 5.0, 1.0, 1.63134998875
0.725577650711, 0.886681698789, 0.492555273158, 0.0, 0.0, 0.0, 0.581681315264, 5.0, 1.0, 1.63134998875
1.0, 1.0, 0.447268398306, 0.0, 0.0, 0.0, 0.901242382931, 5.0, 1.0, 1.63134998875
0.725577650711, 1.0, 0.0, 0.0, 0.0, 0.0, 1.0, 5.0, 1.0, 1.63134998875
0.920210943659, 0.53017272772, 0.0, 0.0, 0.0, 0.0, 0.609865176048, 5.0, 1.0, 1.63134998875
0.545696732648, 1.0, 0.0, 0.0, 0.0, 0.0, 0.737063913153, 5.0, 1.0, 1.63134998875
0.540408935432, 0.589359391593, 0.0, 0.0, 0.401809347255, 0.115646308366, 0.739744404946, 5.0, 1.0, 1.63134998875
1.0, 0.707928772546, 0.0, 0.0, 0.25293136576, 0.341162247121, 0.661742990368, 5.0, 1.0, 1.63134998875
0.681868968944, 1.0, 0.0, 0.0, 0.0, 0.0, 0.609865176048, 5.0, 1.0, 1.63134998875
1.0, 0.876738465025, 0.0, 0.0, 0.0, 0.0, 0.609865176048, 5.0, 1.0, 1.63134998875
0.980661047748, 1.0, 0.0, 0.0184378192831, 0.401809347255, 0.052565238003, 0.937149384845, 5.0, 1.0, 1.63134998875
1.0, 0.50876041465, 0.0, 0.0, 0.0, 0.371113200076, 0.626687817481, 5.0, 1.0, 1.63134998875
0.545696732648, 1.0, 0.0, 0.0, 0.0, 0.0, 1.0, 5.0, 1.0, 1.63134998875
0.884264270869, 0.677787477716, 0.0, 0.0, 0.0, 0.0, 1.0, 5.0, 1.0, 1.63134998875
0.682982672005, 1.0, 0.0, 0.0807714697365, 0.0, 0.137732206258, 0.901242382931, 5.0, 1.0, 1.63134998875
1.0, 0.589359391593, 0.434679630459, 0.282124007427, 0.0, 0.0, 0.58306523454, 5.0, 1.0, 1.63134998875
0.576047632064, 0.525326671055, 0.0, 0.0, 0.361073657372, 0.0, 1.0, 5.0, 1.0, 1.63134998875
1.0, 1.0, 0.0, 0.0, 0.255410751325, 0.052565238003, 0.609865176048, 5.0, 1.0, 1.63134998875
0.676264375243, 0.651463935619, 0.0, 0.0, 0.401809347255, 0.0, 0.663337567888, 5.0, 1.0, 1.63134998875
1.0, 1.0, 0.0, 0.0, 0.0, 0.371113200076, 0.626687817481, 5.0, 1.0, 1.63134998875
1.0, 1.0, 0.0, 0.0, 0.0, 0.0, 0.581681315264, 5.0, 1.0, 1.63134998875
0.725577650711, 1.0, 0.0, 0.0, 0.0, 0.0, 1.0, 5.0, 1.0, 1.63134998875
0.545696732648, 1.0, 0.0, 0.0, 0.0, 0.455064340558, 0.742390485533, 5.0, 1.0, 1.63134998875
1.0, 0.707928772546, 0.0, 0.0, 0.0, 0.248396645621, 0.739744404946, 5.0, 1.0, 1.63134998875
0.682982672005, 1.0, 0.382653796752, 0.0, 0.0, 0.137732206258, 0.901242382931, 5.0, 1.0, 1.63134998875
0.576047632064, 0.589359391593, 0.0, 0.29447725095, 0.0976345664623, 0.0, 0.58306523454, 5.0, 1.0, 1.63134998875
