0.458405248843, 0.90448915195, 0.0295781678634, 0.728931846834, 0.910860707119, 0.471558729147, 0.252018102873, 0.0614943419517, 0.25242017594, 0.139954282308, 0.505346050159, 0.6327306576, 0.141743637591, 0.0199281843878, 0.569859573896, 0.103400397394, 0.508624025316, 0.169885986429, 0.515700439788, 0.06072131946, 0.415354839434, 0.223218319703, 0.558705766049, 0.09317699467, 0.123567148792, 0.402720254223, 0.849492185317, 0.199423325755, 0.467955436421, 0.33711166089, 0.458405248843, 2.45783077238
0.458405248843, 0.90448915195, 0.0295781678634, 0.728931846834, 0.910860707119, 0.471558729147, 0.252018102873, 0.0614943419517, 0.25242017594, 0.139954282308, 0.505346050159, 0.6327306576, 0.141743637591, 0.0199281843878, 0.569859573896, 0.103400397394, 0.508624025316, 0.169885986429, 0.515700439788, 0.06072131946, 0.415354839434, 0.223218319703, 0.558705766049, 0.09317699467, 0.123567148792, 0.402720254223, 0.849492185317, 0.199423325755, 0.467955436421, 0.33711166089, 0.458405248843, 2.45783077238
0.448859558344, 0.243666617238, 0.527902380477, 0.236873569003, 0.880814947671, 0.386314870791, 0.0209833469563, 0.172878466614, 0.729955063058, 0.693208155894, 0.648155370417, 0.020738885633, 0.238550101876, 0.542774771128, 0.534100180539, 0.219998987121, 0.435010751211, 0.473799326985, 0.751772781678, 0.995875525778, 0.899363048333, 0.490031972019, 0.0407974394083, 0.0232024433227, 0.365787045465, 0.00185514404844, 0.681890022544, 0.207030990683, 0.163921900266, 0.786480143194, 0.448859558344, 2.92812520579
0.448859558344, 0.243666617238, 0.527902380477, 0.236873569003, 0.880814947671, 0.386314870791, 0.0209833469563, 0.172878466614, 0.729955063058, 0.693208155894, 0.648155370417, 0.020738885633, 0.238550101876, 0.542774771128, 0.534100180539, 0.219998987121, 0.435010751211, 0.473799326985, 0.751772781678, 0.995875525778, 0.899363048333, 0.490031972019, 0.0407974394083, 0.0232024433227, 0.365787045465, 0.00185514404844, 0.681890022544, 0.207030990683, 0.163921900266, 0.786480143194, 0.448859558344, 2.92812520579
0.00973240331496, 0.113645889827, 0.708879995394, 0.238256775843, 0.77954818414, 0.267268495847, 0.287693250571, 0.132080579436, 0.881241707003, 0.435591180839, 0.16764821068, 0.0679660450852, 0.319528693898, 0.237446739475, 0.881777311017, 0.060763982881, 0.78041052304, 0.646416273343, 0.236892137968, 0.109466368175, 0.4156725977, 0.592935684318, 0.00288110207768, 0.171310630029, 0.397912474871, 0.928554574404, 0.374834628787, 0.275761430289, 0.86268513473, 0.980097537406, 0.00973240331496, 4.61452292616
0.00973240331496, 0.113645889827, 0.708879995394, 0.238256775843, 0.77954818414, 0.267268495847, 0.287693250571, 0.132080579436, 0.881241707003, 0.435591180839, 0.16764821068, 0.0679660450852, 0.319528693898, 0.237446739475, 0.881777311017, 0.060763982881, 0.78041052304, 0.646416273343, 0.236892137968, 0.109466368175, 0.4156725977, 0.592935684318, 0.00288110207768, 0.171310630029, 0.397912474871, 0.928554574404, 0.374834628787, 0.275761430289, 0.86268513473, 0.980097537406, 0.00973240331496, 4.61452292616
0.836415419075, 0.892371973564, 0.00688967808202, 0.039340670889, 0.82861967331, 0.362351726124, 0.490846390112, 0.369555172313, 0.704904203292, 0.018260460632, 0.699202183973, 0.346944297076, 0.941008151145, 0.622651386852, 0.558738542529, 0.451700065233, 0.00381541172065, 0.887159255716, 0.735113436917, 0.73742233488, 0.407972101562, 0.025084387471, 0.096458354756, 0.230214929517, 0.155747156416, 0.314261826042, 0.0955759864452, 0.112593268089, 0.599781844979, 0.620950159169, 0.836415419075, 2.06220385537
0.836415419075, 0.892371973564, 0.00688967808202, 0.039340670889, 0.82861967331, 0.362351726124, 0.490846390112, 0.369555172313, 0.704904203292, 0.018260460632, 0.699202183973, 0.346944297076, 0.941008151145, 0.622651386852, 0.558738542529, 0.451700065233, 0.00381541172065, 0.887159255716, 0.735113436917, 0.73742233488, 0.407972101562, 0.025084387471, 0.096458354756, 0.230214929517, 0.155747156416, 0.314261826042, 0.0955759864452, 0.112593268089, 0.599781844979, 0.620950159169, 0.836415419075, 2.06220385537
0.840197232727, 0.952856175175, 0.153795303267, 0.639811275536, 0.189738649158, 0.416190584762, 0.630385964994, 0.23234251298, 0.910900784116, 0.276780667142, 0.641749977538, 0.983690486547, 0.514058774659, 0.634314242964, 0.0554582678146, 0.584290383618, 0.0743399826081, 0.0046429065609, 0.690866481651, 0.17153542262, 0.348191920332, 0.258611550351, 0.411391144675, 0.691164710459, 0.32568916218, 0.0821785769718, 0.0675381281847, 0.174392197218, 0.206844899066, 0.452193705825, 0.840197232727, 1.87636461384
0.840197232727, 0.952856175175, 0.153795303267, 0.639811275536, 0.189738649158, 0.416190584762, 0.630385964994, 0.23234251298, 0.910900784116, 0.276780667142, 0.641749977538, 0.983690486547, 0.514058774659, 0.634314242964, 0.0554582678146, 0.584290383618, 0.0743399826081, 0.0046429065609, 0.690866481651, 0.17153542262, 0.348191920332, 0.258611550351, 0.411391144675, 0.691164710459, 0.32568916218, 0.0821785769718, 0.0675381281847, 0.174392197218, 0.206844899066, 0.452193705825, 0.840197232727, 1.87636461384
0.0323660329868, 0.303440955244, 0.830247662594, 0.100628220371, 0.618538105671, 0.416368960996, 0.217237341894, 0.43289973613, 0.906836776128, 0.393784037773, 0.758751169334, 0.393282931355, 0.112208067065, 0.360130442034, 0.892962815792, 0.158474707499, 0.901011754843, 0.297265350627, 0.188190863136, 0.0815873709029, 0.626513112394, 0.189280765736, 0.153889480052, 0.490485825694, 0.893233624572, 0.631453266503, 0.792837500273, 0.0131059748012, 0.149041426264, 0.511485670905, 0.0323660329868, 4.54823793322
0.0323660329868, 0.303440955244, 0.830247662594, 0.100628220371, 0.618538105671, 0.416368960996, 0.217237341894, 0.43289973613, 0.906836776128, 0.393784037773, 0.758751169334, 0.393282931355, 0.112208067065, 0.360130442034, 0.892962815792, 0.158474707499, 0.901011754843, 0.297265350627, 0.188190863136, 0.0815873709029, 0.626513112394, 0.189280765736, 0.153889480052, 0.490485825694, 0.893233624572, 0.631453266503, 0.792837500273, 0.0131059748012, 0.149041426264, 0.511485670905, 0.0323660329868, 4.54823793322
0.0474028787163, 0.107150961098, 0.245210359398, 0.190479886286, 0.153399107192, 0.308616466625, 0.0764112643558, 0.505623947191, 0.18569366663, 0.402736890017, 0.735547758319, 0.104992650154, 0.380889099175, 0.202505823447, 0.824481595142, 0.725493394303, 0.42945710818, 0.341182880177, 0.110446845889, 0.929776909418, 0.856368787363, 0.0844986349745, 0.405481927088, 0.417303266053, 0.228028559139, 0.00399694596172, 0.396394301098, 0.206106716376, 0.908740073068, 0.11610013683, 0.0474028787163, 3.78651102081
0.0474028787163, 0.107150961098, 0.245210359398, 0.190479886286, 0.153399107192, 0.308616466625, 0.0764112643558, 0.505623947191, 0.18569366663, 0.402736890017, 0.735547758319, 0.104992650154, 0.380889099175, 0.202505823447, 0.824481595142, 0.725493394303, 0.42945710818, 0.341182880177, 0.110446845889, 0.929776909418, 0.856368787363, 0.0844986349745, 0.405481927088, 0.417303266053, 0.228028559139, 0.00399694596172, 0.396394301098, 0.206106716376, 0.908740073068, 0.11610013683, 0.0474028787163, 3.78651102081
0.433425819811, 0.408132995331, 0.710055579717, 0.624871974597, 0.670867137807, 0.195857835847, 0.000636704341361, 0.286380396168, 0.135560752806, 0.892141414485, 0.198261289211, 0.220087162897, 0.220091280191, 0.373659579591, 0.528787793787, 0.383638566283, 0.452448314418, 0.320377262974, 0.996962036855, 0.766131158377, 0.335810661482, 0.545552211508, 0.0669085748663, 0.56766068627, 0.232427654557, 0.621939052806, 0.136539745414, 0.692416594672, 0.698978228734, 0.294511063476, 0.433425819811, 3.06960582575
0.433425819811, 0.408132995331, 0.710055579717, 0.624871974597, 0.670867137807, 0.195857835847, 0.000636704341361, 0.286380396168, 0.135560752806, 0.892141414485, 0.198261289211, 0.220087162897, 0.220091280191, 0.373659579591, 0.528787793787, 0.383638566283, 0.452448314418, 0.320377262974, 0.996962036855, 0.766131158377, 0.335810661482, 0.545552211508, 0.0669085748663, 0.56766068627, 0.232427654557, 0.621939052806, 0.136539745414, 0.692416594672, 0.698978228734, 0.294511063476, 0.433425819811, 3.06960582575
0.253291411631, 0.406580644353, 0.808130964641, 0.21276462889, 0.375537076833, 0.596406059939, 0.448195665603, 0.262834805357, 0.300346010693, 0.314827248527, 0.365012779032, 0.178521148378, 0.168383142007, 0.234574686566, 0.00983972335209, 0.46259223778, 0.00256246866958, 0.276528406036, 0.988961255623, 0.218937501172, 0.776945355286, 0.202835532925, 0.536105282713, 0.309798930503, 0.181451172444, 0.229728403767, 0.968364229897, 0.9977273455, 0.464694513587, 0.0769352684178, 0.253291411631, 3.20734839776
0.253291411631, 0.406580644353, 0.808130964641, 0.21276462889, 0.375537076833, 0.596406059939, 0.448195665603, 0.262834805357, 0.300346010693, 0.314827248527, 0.365012779032, 0.178521148378, 0.168383142007, 0.234574686566, 0.00983972335209, 0.46259223778, 0.00256246866958, 0.276528406036, 0.988961255623, 0.218937501172, 0.776945355286, 0.202835532925, 0.536105282713, 0.309798930503, 0.181451172444, 0.229728403767, 0.968364229897, 0.9977273455, 0.464694513587, 0.0769352684178, 0.253291411631, 3.20734839776
0.143835973076, 0.622125045318, 0.946480835545, 0.755566972296, 0.0249246906962, 0.529898786066, 0.199945005198, 0.18958559616, 0.45461928629, 0.531735100104, 0.0534380234397, 0.125769722105, 0.00801164231742, 0.0422852156357, 0.00263201965, 0.211148090836, 0.982880867876, 0.722334014054, 0.000796933542847, 0.147925495486, 0.893746873838, 0.162967655298, 0.510603642655, 0.128598147737, 0.724383543311, 0.0691348106923, 0.798725976652, 0.432730205809, 0.471368489004, 0.343994898497, 0.143835973076, 3.78310825372
0.143835973076, 0.622125045318, 0.946480835545, 0.755566972296, 0.0249246906962, 0.529898786066, 0.199945005198, 0.18958559616, 0.45461928629, 0.531735100104, 0.0534380234397, 0.125769722105, 0.00801164231742, 0.0422852156357, 0.00263201965, 0.211148090836, 0.982880867876, 0.722334014054, 0.000796933542847, 0.147925495486, 0.893746873838, 0.162967655298, 0.510603642655, 0.128598147737, 0.724383543311, 0.0691348106923, 0.798725976652, 0.432730205809, 0.471368489004, 0.343994898497, 0.143835973076, 3.78310825372
0.640680569649, 0.174485814093, 0.946320342942, 0.0110464996907, 0.357145649485, 0.333792793683, 0.821554729668, 0.477081888468, 0.0541575354581, 0.116629882165, 0.603340834652, 0.519896230921, 0.642556346435, 0.748593559618, 0.0282178698023, 0.261811164596, 0.111666013593, 0.476444971925, 0.633187216416, 0.984492288423, 0.545181863381, 0.150897171696, 0.037640757894, 0.00562601273893, 0.465384057772, 0.214035540048, 0.00347308356786, 0.671040778323, 0.454112028541, 0.00880931945, 0.640680569649, 2.08326372
0.640680569649, 0.174485814093, 0.946320342942, 0.0110464996907, 0.357145649485, 0.333792793683, 0.821554729668, 0.477081888468, 0.0541575354581, 0.116629882165, 0.603340834652, 0.519896230921, 0.642556346435, 0.748593559618, 0.0282178698023, 0.261811164596, 0.111666013593, 0.476444971925, 0.633187216416, 0.984492288423, 0.545181863381, 0.150897171696, 0.037640757894, 0.00562601273893, 0.465384057772, 0.214035540048, 0.00347308356786, 0.671040778323, 0.454112028541, 0.00880931945, 0.640680569649, 2.08326372
0.0324607432386, 0.268331944176, 0.718116404486, 0.329645435841, 0.102745424324, 0.61002497182, 0.970660922997, 0.976643433515, 0.169841537611, 0.117447237488, 0.226304793093, 0.804945073854, 0.586853226481, 0.00928974742262, 0.968935839623, 0.872507144152, 0.110399457353, 0.514179012596, 0.0342041263684, 0.0979052012601, 0.337983169726, 0.68648660306, 0.963957682936, 0.248379191422, 0.0885408546288, 0.243091751558, 0.0885217492122, 0.437253694547, 0.703856228319, 0.146199524066, 0.0324607432386, 4.43380712936
0.0324607432386, 0.268331944176, 0.718116404486, 0.329645435841, 0.102745424324, 0.61002497182, 0.970660922997, 0.976643433515, 0.169841537611, 0.117447237488, 0.226304793093, 0.804945073854, 0.586853226481, 0.00928974742262, 0.968935839623, 0.872507144152, 0.110399457353, 0.514179012596, 0.0342041263684, 0.0979052012601, 0.337983169726, 0.68648660306, 0.963957682936, 0.248379191422, 0.0885408546288, 0.243091751558, 0.0885217492122, 0.437253694547, 0.703856228319, 0.146199524066, 0.0324607432386, 4.43380712936
0.214622189589, 0.268331944176, 0.466885148852, 0.0780418042737, 0.102745424324, 0.61002497182, 0.696563014212, 0.976643433515, 0.164690040305, 0.117447237488, 0.226304793093, 0.804945073854, 0.313521225324, 0.00928974742262, 0.958001126915, 0.768853016348, 0.110399457353, 0.514179012596, 0.0342041263684, 0.0979052012601, 0.337983169726, 0.856164511513, 0.76853685478, 0.248379191422, 0.0885408546288, 0.243091751558, 0.56252706693, 0.620980657576, 0.703856228319, 0.383729680748, 0.214622189589, 3.65887121926
0.214622189589, 0.268331944176, 0.466885148852, 0.0780418042737, 0.102745424324, 0.61002497182, 0.696563014212, 0.976643433515, 0.164690040305, 0.117447237488, 0.226304793093, 0.804945073854, 0.313521225324, 0.00928974742262, 0.958001126915, 0.768853016348, 0.110399457353, 0.514179012596, 0.0342041263684, 0.0979052012601, 0.337983169726, 0.856164511513, 0.76853685478, 0.248379191422, 0.0885408546288, 0.243091751558, 0.56252706693, 0.620980657576, 0.703856228319, 0.383729680748, 0.214622189589, 3.65887121926
0.0152069293659, 0.107150961098, 0.245210359398, 0.190479886286, 0.153399107192, 0.185095408288, 0.3952896407, 0.505623947191, 0.18569366663, 0.402736890017, 0.797202504434, 0.104992650154, 0.295837649357, 0.202505823447, 0.824481595142, 0.336734252059, 0.434122856305, 0.341182880177, 0.842876905344, 0.929776909418, 0.95171675962, 0.0844986349745, 0.92493904238, 0.417303266053, 0.228028559139, 0.331456487983, 0.236118634783, 0.805573035501, 0.861111052279, 0.0656544484452, 0.0152069293659, 4.56577256576
0.0152069293659, 0.107150961098, 0.245210359398, 0.190479886286, 0.153399107192, 0.185095408288, 0.3952896407, 0.505623947191, 0.18569366663, 0.402736890017, 0.797202504434, 0.104992650154, 0.295837649357, 0.202505823447, 0.824481595142, 0.336734252059, 0.434122856305, 0.341182880177, 0.842876905344, 0.929776909418, 0.95171675962, 0.0844986349745, 0.92493904238, 0.417303266053, 0.228028559139, 0.331456487983, 0.236118634783, 0.805573035501, 0.861111052279, 0.0656544484452, 0.0152069293659, 4.56577256576
0.4623987429, 0.90448915195, 0.0902086147888, 0.728931846834, 0.910860707119, 0.471558729147, 0.252018102873, 0.150706410548, 0.777618092613, 0.139954282308, 0.505346050159, 0.6327306576, 0.141743637591, 0.0199281843878, 0.569859573896, 0.439172552904, 0.641789824159, 0.665184138321, 0.280113210707, 0.133725586662, 0.415354839434, 0.000181876372727, 0.256736023241, 0.09317699467, 0.123567148792, 0.402720254223, 0.690846903842, 0.224156079091, 0.287499086633, 0.33711166089, 0.4623987429, 2.63222170931
0.4623987429, 0.90448915195, 0.0902086147888, 0.728931846834, 0.910860707119, 0.471558729147, 0.252018102873, 0.150706410548, 0.777618092613, 0.139954282308, 0.505346050159, 0.6327306576, 0.141743637591, 0.0199281843878, 0.569859573896, 0.439172552904, 0.641789824159, 0.665184138321, 0.280113210707, 0.133725586662, 0.415354839434, 0.000181876372727, 0.256736023241, 0.09317699467, 0.123567148792, 0.402720254223, 0.690846903842, 0.224156079091, 0.287499086633, 0.33711166089, 0.4623987429, 2.63222170931
0.448859558344, 0.243666617238, 0.527902380477, 0.236873569003, 0.880814947671, 0.386314870791, 0.0209833469563, 0.172878466614, 0.729955063058, 0.693208155894, 0.648155370417, 0.020738885633, 0.238550101876, 0.542774771128, 0.534100180539, 0.219998987121, 0.415641104534, 0.473799326985, 0.751772781678, 0.995875525778, 0.899363048333, 0.490031972019, 0.0407974394083, 0.0232024433227, 0.365787045465, 0.00185514404844, 0.52094096433, 0.111102336776, 0.475275596563, 0.786480143194, 0.448859558344, 2.93736440227
0.448859558344, 0.243666617238, 0.527902380477, 0.236873569003, 0.880814947671, 0.386314870791, 0.0209833469563, 0.172878466614, 0.729955063058, 0.693208155894, 0.648155370417, 0.020738885633, 0.238550101876, 0.542774771128, 0.534100180539, 0.219998987121, 0.415641104534, 0.473799326985, 0.751772781678, 0.995875525778, 0.899363048333, 0.490031972019, 0.0407974394083, 0.0232024433227, 0.365787045465, 0.00185514404844, 0.52094096433, 0.111102336776, 0.475275596563, 0.786480143194, 0.448859558344, 2.93736440227
0.00973240331496, 0.113645889827, 0.094601031453, 0.177350734568, 0.316044131179, 0.103102901715, 0.268918195368, 0.308960740537, 0.881241707003, 0.917156991841, 0.16764821068, 0.0679660450852, 0.466506605338, 0.858382495947, 0.260086279124, 0.060763982881, 0.670120723634, 0.646416273343, 0.236892137968, 0.0524690926074, 0.780479074343, 0.719652912924, 0.168951933089, 0.347308827519, 0.719126270081, 0.921200822577, 0.0647309421403, 0.275761430289, 0.86268513473, 0.980097537406, 0.00973240331496, 4.66097366994
0.00973240331496, 0.113645889827, 0.094601031453, 0.177350734568, 0.316044131179, 0.103102901715, 0.268918195368, 0.308960740537, 0.881241707003, 0.917156991841, 0.16764821068, 0.0679660450852, 0.466506605338, 0.858382495947, 0.260086279124, 0.060763982881, 0.670120723634, 0.646416273343, 0.236892137968, 0.0524690926074, 0.780479074343, 0.719652912924, 0.168951933089, 0.347308827519, 0.719126270081, 0.921200822577, 0.0647309421403, 0.275761430289, 0.86268513473, 0.980097537406, 0.00973240331496, 4.66097366994
0.836415419075, 0.892371973564, 0.00688967808202, 0.039340670889, 0.82861967331, 0.362351726124, 0.490846390112, 0.369555172313, 0.704904203292, 0.018260460632, 0.699202183973, 0.393211012758, 0.941008151145, 0.622651386852, 0.558738542529, 0.451700065233, 0.00529507702541, 0.81890983635, 0.735113436917, 0.73742233488, 0.407972101562, 0.025084387471, 0.096458354756, 0.230214929517, 0.155747156416, 0.413349011532, 0.0955759864452, 0.112593268089, 0.599781844979, 0.620950159169, 0.836415419075, 2.08152634356
0.836415419075, 0.892371973564, 0.00688967808202, 0.039340670889, 0.82861967331, 0.362351726124, 0.490846390112, 0.369555172313, 0.704904203292, 0.018260460632, 0.699202183973, 0.393211012758, 0.941008151145, 0.622651386852, 0.558738542529, 0.451700065233, 0.00529507702541, 0.81890983635, 0.735113436917, 0.73742233488, 0.407972101562, 0.025084387471, 0.096458354756, 0.230214929517, 0.155747156416, 0.413349011532, 0.0955759864452, 0.112593268089, 0.599781844979, 0.620950159169, 0.836415419075, 2.08152634356
0.840197232727, 0.956604359207, 0.201887491591, 0.639811275536, 0.189738649158, 0.416190584762, 0.933604062721, 0.255325518672, 0.910900784116, 0.276780667142, 0.680048777637, 0.983690486547, 0.514058774659, 0.457964916897, 0.350000569147, 0.584290383618, 0.0743399826081, 0.0046429065609, 0.690866481651, 0.122116024827, 0.348191920332, 0.258611550351, 0.411391144675, 0.281992795479, 0.32568916218, 0.0821785769718, 0.0675381281847, 0.174392197218, 0.206844899066, 0.452193705825, 0.840197232727, 1.89493249361
0.840197232727, 0.956604359207, 0.201887491591, 0.639811275536, 0.189738649158, 0.416190584762, 0.933604062721, 0.255325518672, 0.910900784116, 0.276780667142, 0.680048777637, 0.983690486547, 0.514058774659, 0.457964916897, 0.350000569147, 0.584290383618, 0.0743399826081, 0.0046429065609, 0.690866481651, 0.122116024827, 0.348191920332, 0.258611550351, 0.411391144675, 0.281992795479, 0.32568916218, 0.0821785769718, 0.0675381281847, 0.174392197218, 0.206844899066, 0.452193705825, 0.840197232727, 1.89493249361
0.0474028787163, 0.107150961098, 0.257391731034, 0.190479886286, 0.153399107192, 0.308616466625, 0.0764112643558, 0.505623947191, 0.18569366663, 0.402736890017, 0.735547758319, 0.104992650154, 0.295837649357, 0.202505823447, 0.824481595142, 0.725493394303, 0.42945710818, 0.341182880177, 0.110446845889, 0.929776909418, 0.958607220105, 0.0844986349745, 0.405481927088, 0.540465319036, 0.228028559139, 0.122288786507, 0.396394301098, 0.206106716376, 0.908740073068, 0.11610013683, 0.0474028787163, 3.86616043578
0.0474028787163, 0.107150961098, 0.257391731034, 0.190479886286, 0.153399107192, 0.308616466625, 0.0764112643558, 0.505623947191, 0.18569366663, 0.402736890017, 0.735547758319, 0.104992650154, 0.295837649357, 0.202505823447, 0.824481595142, 0.725493394303, 0.42945710818, 0.341182880177, 0.110446845889, 0.929776909418, 0.958607220105, 0.0844986349745, 0.405481927088, 0.540465319036, 0.228028559139, 0.122288786507, 0.396394301098, 0.206106716376, 0.908740073068, 0.11610013683, 0.0474028787163, 3.86616043578
0.433425819811, 0.408132995331, 0.872699921857, 0.624871974597, 0.904739461056, 0.195857835847, 0.000636704341361, 0.286380396168, 0.135560752806, 0.892141414485, 0.463845249058, 0.220087162897, 0.7161609755, 0.142706888856, 0.528787793787, 0.0173441526978, 0.452448314418, 0.320377262974, 0.978621120528, 0.766131158377, 0.335810661482, 0.545552211508, 0.0669085748663, 0.56766068627, 0.232427654557, 0.621939052806, 0.136539745414, 0.274107720382, 0.698978228734, 0.294511063476, 0.433425819811, 3.10245142471
0.433425819811, 0.408132995331, 0.872699921857, 0.624871974597, 0.904739461056, 0.195857835847, 0.000636704341361, 0.286380396168, 0.135560752806, 0.892141414485, 0.463845249058, 0.220087162897, 0.7161609755, 0.142706888856, 0.528787793787, 0.0173441526978, 0.452448314418, 0.320377262974, 0.978621120528, 0.766131158377, 0.335810661482, 0.545552211508, 0.0669085748663, 0.56766068627, 0.232427654557, 0.621939052806, 0.136539745414, 0.274107720382, 0.698978228734, 0.294511063476, 0.433425819811, 3.10245142471
0.253291411631, 0.406580644353, 0.790689637882, 0.698816246388, 0.375537076833, 0.596406059939, 0.50662298576, 0.262834805357, 0.325125522807, 0.87867270618, 0.365012779032, 0.178521148378, 0.168383142007, 0.34057656528, 0.119004733868, 0.46259223778, 0.00256246866958, 0.276528406036, 0.988961255623, 0.218937501172, 0.776945355286, 0.43909717846, 0.536105282713, 0.309798930503, 0.0913332405641, 0.229728403767, 0.968364229897, 0.408496051683, 0.160019740688, 0.0744637142809, 0.253291411631, 3.36643872469
0.253291411631, 0.406580644353, 0.790689637882, 0.698816246388, 0.375537076833, 0.596406059939, 0.50662298576, 0.262834805357, 0.325125522807, 0.87867270618, 0.365012779032, 0.178521148378, 0.168383142007, 0.34057656528, 0.119004733868, 0.46259223778, 0.00256246866958, 0.276528406036, 0.988961255623, 0.218937501172, 0.776945355286, 0.43909717846, 0.536105282713, 0.309798930503, 0.0913332405641, 0.229728403767, 0.968364229897, 0.408496051683, 0.160019740688, 0.0744637142809, 0.253291411631, 3.36643872469
0.826241102943, 0.00769623939327, 0.304407037511, 0.171228003958, 0.968526107885, 0.622336522841, 0.886864608563, 0.854011346422, 0.103411520975, 0.274900429756, 0.0475537626206, 0.777120728039, 0.799263139138, 0.187440367149, 0.712863352451, 0.156507633011, 0.14981388205, 0.324337466058, 0.0622092418329, 0.571675828235, 0.454894919645, 0.302182403714, 0.526894059655, 0.559503941516, 0.425590792694, 0.245591304785, 0.685755780195, 0.0351211220632, 0.0199180756565, 0.611050556368, 0.826241102943, 2.10477656191
0.826241102943, 0.00769623939327, 0.304407037511, 0.171228003958, 0.968526107885, 0.622336522841, 0.886864608563, 0.854011346422, 0.103411520975, 0.274900429756, 0.0475537626206, 0.777120728039, 0.799263139138, 0.187440367149, 0.712863352451, 0.156507633011, 0.14981388205, 0.324337466058, 0.0622092418329, 0.571675828235, 0.454894919645, 0.302182403714, 0.526894059655, 0.559503941516, 0.425590792694, 0.245591304785, 0.685755780195, 0.0351211220632, 0.0199180756565, 0.611050556368, 0.826241102943, 2.10477656191
0.826087312712, 0.55475066722, 0.020687955166, 0.959530913311, 0.389231371983, 0.134203872802, 0.6044447566, 0.96629412513, 0.371361058551, 0.984864853773, 0.175397471981, 0.0322878307662, 0.505985623891, 0.829944402269, 0.0447784670605, 0.0398765893598, 0.90111579499, 0.16930342562, 0.410327782088, 0.138615561495, 0.353312110822, 0.129361884592, 0.457209120782, 0.174203598871, 0.809147953169, 0.705958903977, 0.543407093852, 0.416929526338, 0.255518330831, 0.409851231327, 0.826087312712, 2.26491843026
0.826087312712, 0.55475066722, 0.020687955166, 0.959530913311, 0.389231371983, 0.134203872802, 0.6044447566, 0.96629412513, 0.371361058551, 0.984864853773, 0.175397471981, 0.0322878307662, 0.505985623891, 0.829944402269, 0.0447784670605, 0.0398765893598, 0.90111579499, 0.16930342562, 0.410327782088, 0.138615561495, 0.353312110822, 0.129361884592, 0.457209120782, 0.174203598871, 0.809147953169, 0.705958903977, 0.543407093852, 0.416929526338, 0.255518330831, 0.409851231327, 0.826087312712, 2.26491843026
0.656935929774, 0.254659503184, 0.527902380477, 0.220573984774, 0.909499449598, 0.386314870791, 0.0209833469563, 0.172878466614, 0.985176914666, 0.303266886896, 0.831973730461, 0.0117657526491, 0.2928296606, 0.542774771128, 0.534100180539, 0.219998987121, 0.448822230147, 0.467182318599, 0.751772781678, 0.153807168861, 0.899363048333, 0.590467956786, 0.0407974394083, 0.479902059897, 0.365787045465, 0.188443287819, 0.103022466292, 0.111102336776, 0.154947570486, 0.916301252822, 0.656935929774, 2.29240824536
0.656935929774, 0.254659503184, 0.527902380477, 0.220573984774, 0.909499449598, 0.386314870791, 0.0209833469563, 0.172878466614, 0.985176914666, 0.303266886896, 0.831973730461, 0.0117657526491, 0.2928296606, 0.542774771128, 0.534100180539, 0.219998987121, 0.448822230147, 0.467182318599, 0.751772781678, 0.153807168861, 0.899363048333, 0.590467956786, 0.0407974394083, 0.479902059897, 0.365787045465, 0.188443287819, 0.103022466292, 0.111102336776, 0.154947570486, 0.916301252822, 0.656935929774, 2.29240824536
0.640680569649, 0.174485814093, 0.946320342942, 0.809384544059, 0.357145649485, 0.333792793683, 0.821554729668, 0.477081888468, 0.0541575354581, 0.116629882165, 0.603340834652, 0.519896230921, 0.642556346435, 0.748593559618, 0.0282178698023, 0.35346088943, 0.591880833758, 0.476444971925, 0.633187216416, 0.984492288423, 0.545181863381, 0.172296026261, 0.171898782542, 0.00562601273893, 0.465384057772, 0.214035540048, 0.00347308356786, 0.671040778323, 0.454112028541, 0.00880931945, 0.640680569649, 2.46847820026
0.640680569649, 0.174485814093, 0.946320342942, 0.809384544059, 0.357145649485, 0.333792793683, 0.821554729668, 0.477081888468, 0.0541575354581, 0.116629882165, 0.603340834652, 0.519896230921, 0.642556346435, 0.748593559618, 0.0282178698023, 0.35346088943, 0.591880833758, 0.476444971925, 0.633187216416, 0.984492288423, 0.545181863381, 0.172296026261, 0.171898782542, 0.00562601273893, 0.465384057772, 0.214035540048, 0.00347308356786, 0.671040778323, 0.454112028541, 0.00880931945, 0.640680569649, 2.46847820026
0.214622189589, 0.219349720741, 0.718116404486, 0.0780418042737, 0.102745424324, 0.61002497182, 0.85875673012, 0.999910604373, 0.282034632064, 0.117447237488, 0.226304793093, 0.804945073854, 0.299184460252, 0.00928974742262, 0.958001126915, 0.768853016348, 0.110399457353, 0.514179012596, 0.0342041263684, 0.557977311544, 0.337983169726, 0.185813619801, 0.76853685478, 0.248379191422, 0.0885408546288, 0.357869468426, 0.56252706693, 0.620980657576, 0.703856228319, 0.383729680748, 0.214622189589, 3.76859247977
0.214622189589, 0.219349720741, 0.718116404486, 0.0780418042737, 0.102745424324, 0.61002497182, 0.85875673012, 0.999910604373, 0.282034632064, 0.117447237488, 0.226304793093, 0.804945073854, 0.299184460252, 0.00928974742262, 0.958001126915, 0.768853016348, 0.110399457353, 0.514179012596, 0.0342041263684, 0.557977311544, 0.337983169726, 0.185813619801, 0.76853685478, 0.248379191422, 0.0885408546288, 0.357869468426, 0.56252706693, 0.620980657576, 0.703856228319, 0.383729680748, 0.214622189589, 3.76859247977
0.0221662296567, 0.113645889827, 0.559149859462, 0.177350734568, 0.49343768159, 0.267268495847, 0.248881723165, 0.132080579436, 0.884974782087, 0.713315739667, 0.0583240567931, 0.13911007857, 0.466506605338, 0.858382495947, 0.881777311017, 0.060763982881, 0.670120723634, 0.0261072950767, 0.236892137968, 0.0524690926074, 0.4156725977, 0.719652912924, 0.14741461077, 0.347308827519, 0.397912474871, 0.928554574404, 0.788804110504, 0.275761430289, 0.86268513473, 0.98311259706, 0.0221662296567, 4.65843378064
0.0221662296567, 0.113645889827, 0.559149859462, 0.177350734568, 0.49343768159, 0.267268495847, 0.248881723165, 0.132080579436, 0.884974782087, 0.713315739667, 0.0583240567931, 0.13911007857, 0.466506605338, 0.858382495947, 0.881777311017, 0.060763982881, 0.670120723634, 0.0261072950767, 0.236892137968, 0.0524690926074, 0.4156725977, 0.719652912924, 0.14741461077, 0.347308827519, 0.397912474871, 0.928554574404, 0.788804110504, 0.275761430289, 0.86268513473, 0.98311259706, 0.0221662296567, 4.65843378064
0.029969053275, 0.756301512796, 0.61335833165, 0.492145842639, 0.518161016876, 0.365358633469, 0.908049971203, 0.464721776345, 0.638600553656, 0.580303052973, 0.85887551751, 0.455660440669, 0.0588105538847, 0.223181136569, 0.655745871578, 0.338477971861, 0.365404556752, 0.729654450287, 0.249825558381, 0.204437714032, 0.406591231335, 0.167525149685, 0.203294492994, 0.0971523649233, 0.530681041179, 0.742897724008, 0.158770707724, 0.682180595152, 0.303116953378, 0.226910568611, 0.029969053275, 4.62068815283
0.029969053275, 0.756301512796, 0.61335833165, 0.492145842639, 0.518161016876, 0.365358633469, 0.908049971203, 0.464721776345, 0.638600553656, 0.580303052973, 0.85887551751, 0.455660440669, 0.0588105538847, 0.223181136569, 0.655745871578, 0.338477971861, 0.365404556752, 0.729654450287, 0.249825558381, 0.204437714032, 0.406591231335, 0.167525149685, 0.203294492994, 0.0971523649233, 0.530681041179, 0.742897724008, 0.158770707724, 0.682180595152, 0.303116953378, 0.226910568611, 0.029969053275, 4.62068815283
0.621104190431, 0.852400041304, 0.546305299767, 0.449501605047, 0.759309300167, 0.0130766444412, 0.69567682381, 0.860993536852, 0.431927855247, 0.405310965926, 0.172263525422, 0.494414236363, 0.866423401122, 0.0131530458337, 0.302165941654, 0.602813668383, 0.0283972328402, 0.166611641067, 0.789449288247, 0.466670865073, 0.146988364916, 0.762945253573, 0.546782679244, 0.283316878416, 0.0426178756486, 0.111799358836, 0.424641249241, 0.539801709845, 0.194132443687, 0.614300617719, 0.621104190431, 2.77764995861
0.621104190431, 0.852400041304, 0.546305299767, 0.449501605047, 0.759309300167, 0.0130766444412, 0.69567682381, 0.860993536852, 0.431927855247, 0.405310965926, 0.172263525422, 0.494414236363, 0.866423401122, 0.0131530458337, 0.302165941654, 0.602813668383, 0.0283972328402, 0.166611641067, 0.789449288247, 0.466670865073, 0.146988364916, 0.762945253573, 0.546782679244, 0.283316878416, 0.0426178756486, 0.111799358836, 0.424641249241, 0.539801709845, 0.194132443687, 0.614300617719, 0.621104190431, 2.77764995861
0.503573264313, 0.90448915195, 0.0295781678634, 0.728931846834, 0.991579479793, 0.471558729147, 0.252018102873, 0.0614943419517, 0.561853331503, 0.139954282308, 0.505346050159, 0.6327306576, 0.141743637591, 0.0199281843878, 0.569859573896, 0.103400397394, 0.606087675741, 0.169885986429, 0.515700439788, 0.0679694477691, 0.478599967279, 0.223218319703, 0.558705766049, 0.09317699467, 0.123567148792, 0.402720254223, 0.849492185317, 0.199423325755, 0.467955436421, 0.33711166089, 0.503573264313, 3.03305289163
0.503573264313, 0.90448915195, 0.0295781678634, 0.728931846834, 0.991579479793, 0.471558729147, 0.252018102873, 0.0614943419517, 0.561853331503, 0.139954282308, 0.505346050159, 0.6327306576, 0.141743637591, 0.0199281843878, 0.569859573896, 0.103400397394, 0.606087675741, 0.169885986429, 0.515700439788, 0.0679694477691, 0.478599967279, 0.223218319703, 0.558705766049, 0.09317699467, 0.123567148792, 0.402720254223, 0.849492185317, 0.199423325755, 0.467955436421, 0.33711166089, 0.503573264313, 3.03305289163
0.00973240331496, 0.113645889827, 0.094601031453, 0.177350734568, 0.316044131179, 0.267268495847, 0.268918195368, 0.132080579436, 0.881241707003, 0.713315739667, 0.16764821068, 0.0679660450852, 0.466506605338, 0.858382495947, 0.881777311017, 0.060763982881, 0.670120723634, 0.646416273343, 0.236892137968, 0.0524690926074, 0.780479074343, 0.719652912924, 0.168951933089, 0.347308827519, 0.719126270081, 0.921200822577, 0.128355999254, 0.275761430289, 0.86268513473, 0.980097537406, 0.00973240331496, 4.80322709113
0.00973240331496, 0.113645889827, 0.094601031453, 0.177350734568, 0.316044131179, 0.267268495847, 0.268918195368, 0.132080579436, 0.881241707003, 0.713315739667, 0.16764821068, 0.0679660450852, 0.466506605338, 0.858382495947, 0.881777311017, 0.060763982881, 0.670120723634, 0.646416273343, 0.236892137968, 0.0524690926074, 0.780479074343, 0.719652912924, 0.168951933089, 0.347308827519, 0.719126270081, 0.921200822577, 0.128355999254, 0.275761430289, 0.86268513473, 0.980097537406, 0.00973240331496, 4.80322709113
0.840197232727, 0.941662185145, 0.153795303267, 0.639811275536, 0.189738649158, 0.416190584762, 0.933604062721, 0.255325518672, 0.696060522089, 0.276780667142, 0.680048777637, 0.999669239664, 0.5153324643, 0.457964916897, 0.350000569147, 0.584290383618, 0.0743399826081, 0.0046429065609, 0.690866481651, 0.454744766678, 0.348191920332, 0.258611550351, 0.411391144675, 0.281992795479, 0.32568916218, 0.0821785769718, 0.0675381281847, 0.174392197218, 0.206844899066, 0.452193705825, 0.840197232727, 1.9125497898
0.840197232727, 0.941662185145, 0.153795303267, 0.639811275536, 0.189738649158, 0.416190584762, 0.933604062721, 0.255325518672, 0.696060522089, 0.276780667142, 0.680048777637, 0.999669239664, 0.5153324643, 0.457964916897, 0.350000569147, 0.584290383618, 0.0743399826081, 0.0046429065609, 0.690866481651, 0.454744766678, 0.348191920332, 0.258611550351, 0.411391144675, 0.281992795479, 0.32568916218, 0.0821785769718, 0.0675381281847, 0.174392197218, 0.206844899066, 0.452193705825, 0.840197232727, 1.9125497898
0.0474028787163, 0.107150961098, 0.245210359398, 0.190479886286, 0.278077882167, 0.308616466625, 0.0764112643558, 0.505623947191, 0.18569366663, 0.670226337497, 0.735547758319, 0.104992650154, 0.380889099175, 0.202505823447, 0.824481595142, 0.725493394303, 0.42945710818, 0.341182880177, 0.110446845889, 0.929776909418, 0.958607220105, 0.0844986349745, 0.372813241834, 0.417303266053, 0.228028559139, 0.104838621272, 0.396394301098, 0.206106716376, 0.908740073068, 0.11610013683, 0.0474028787163, 3.95201401567
0.0474028787163, 0.107150961098, 0.245210359398, 0.190479886286, 0.278077882167, 0.308616466625, 0.0764112643558, 0.505623947191, 0.18569366663, 0.670226337497, 0.735547758319, 0.104992650154, 0.380889099175, 0.202505823447, 0.824481595142, 0.725493394303, 0.42945710818, 0.341182880177, 0.110446845889, 0.929776909418, 0.958607220105, 0.0844986349745, 0.372813241834, 0.417303266053, 0.228028559139, 0.104838621272, 0.396394301098, 0.206106716376, 0.908740073068, 0.11610013683, 0.0474028787163, 3.95201401567
0.0603087577781, 0.107150961098, 0.245210359398, 0.190479886286, 0.153399107192, 0.185095408288, 0.3952896407, 0.505623947191, 0.18569366663, 0.402736890017, 0.797202504434, 0.104992650154, 0.322175028742, 0.202505823447, 0.824481595142, 0.336734252059, 0.434122856305, 0.341182880177, 0.59577001487, 0.929776909418, 0.95171675962, 0.0844986349745, 0.405481927088, 0.417303266053, 0.228028559139, 0.331456487983, 0.236118634783, 0.206106716376, 0.861111052279, 0.11610013683, 0.0603087577781, 3.86918987895
0.0603087577781, 0.107150961098, 0.245210359398, 0.190479886286, 0.153399107192, 0.185095408288, 0.3952896407, 0.505623947191, 0.18569366663, 0.402736890017, 0.797202504434, 0.104992650154, 0.322175028742, 0.202505823447, 0.824481595142, 0.336734252059, 0.434122856305, 0.341182880177, 0.59577001487, 0.929776909418, 0.95171675962, 0.0844986349745, 0.405481927088, 0.417303266053, 0.228028559139, 0.331456487983, 0.236118634783, 0.206106716376, 0.861111052279, 0.11610013683, 0.0603087577781, 3.86918987895
0.433425819811, 0.408132995331, 0.710055579717, 0.624871974597, 0.670867137807, 0.195857835847, 0.000636704341361, 0.286380396168, 0.135560752806, 0.892141414485, 0.198261289211, 0.9799791234, 0.220091280191, 0.373659579591, 0.528787793787, 0.383638566283, 0.452448314418, 0.320377262974, 0.996962036855, 0.766131158377, 0.335810661482, 0.545552211508, 0.0669085748663, 0.56766068627, 0.232427654557, 0.621939052806, 0.136539745414, 0.239377715739, 0.698978228734, 0.294511063476, 0.433425819811, 3.15074776893
0.433425819811, 0.408132995331, 0.710055579717, 0.624871974597, 0.670867137807, 0.195857835847, 0.000636704341361, 0.286380396168, 0.135560752806, 0.892141414485, 0.198261289211, 0.9799791234, 0.220091280191, 0.373659579591, 0.528787793787, 0.383638566283, 0.452448314418, 0.320377262974, 0.996962036855, 0.766131158377, 0.335810661482, 0.545552211508, 0.0669085748663, 0.56766068627, 0.232427654557, 0.621939052806, 0.136539745414, 0.239377715739, 0.698978228734, 0.294511063476, 0.433425819811, 3.15074776893
0.253291411631, 0.406580644353, 0.808130964641, 0.21276462889, 0.375537076833, 0.596406059939, 0.448195665603, 0.262834805357, 0.300346010693, 0.314827248527, 0.365012779032, 0.178521148378, 0.168383142007, 0.234574686566, 0.00983972335209, 0.46259223778, 0.212459122898, 0.356946775545, 0.988961255623, 0.218937501172, 0.776945355286, 0.659837018154, 0.536105282713, 0.309798930503, 0.181451172444, 0.229728403767, 0.968364229897, 0.9977273455, 0.464694513587, 0.0769352684178, 0.253291411631, 3.41219718643
0.253291411631, 0.406580644353, 0.808130964641, 0.21276462889, 0.375537076833, 0.596406059939, 0.448195665603, 0.262834805357, 0.300346010693, 0.314827248527, 0.365012779032, 0.178521148378, 0.168383142007, 0.234574686566, 0.00983972335209, 0.46259223778, 0.212459122898, 0.356946775545, 0.988961255623, 0.218937501172, 0.776945355286, 0.659837018154, 0.536105282713, 0.309798930503, 0.181451172444, 0.229728403767, 0.968364229897, 0.9977273455, 0.464694513587, 0.0769352684178, 0.253291411631, 3.41219718643
0.407480980352, 0.36366078463, 0.000334517958199, 0.621573801463, 0.103797296716, 0.398625623738, 0.0305835898344, 0.18154480446, 0.206369776398, 0.791817961021, 0.280029066937, 0.931006474027, 0.302163039653, 0.358845505528, 0.696914590524, 0.128905520435, 0.472675539273, 0.29982140444, 0.278215992239, 0.507664574303, 0.532090439214, 0.924998652528, 0.600629554287, 0.75287337734, 0.116329818792, 0.34897791264, 0.347205075088, 0.868964349953, 0.293324825776, 0.835863704012, 0.407480980352, 3.39450901053
0.407480980352, 0.36366078463, 0.000334517958199, 0.621573801463, 0.103797296716, 0.398625623738, 0.0305835898344, 0.18154480446, 0.206369776398, 0.791817961021, 0.280029066937, 0.931006474027, 0.302163039653, 0.358845505528, 0.696914590524, 0.128905520435, 0.472675539273, 0.29982140444, 0.278215992239, 0.507664574303, 0.532090439214, 0.924998652528, 0.600629554287, 0.75287337734, 0.116329818792, 0.34897791264, 0.347205075088, 0.868964349953, 0.293324825776, 0.835863704012, 0.407480980352, 3.39450901053
0.826241102943, 0.00769623939327, 0.304407037511, 0.0988949187188, 0.968526107885, 0.622336522841, 0.139455213094, 0.854011346422, 0.103411520975, 0.274900429756, 0.0416079532055, 0.777120728039, 0.799263139138, 0.0796838242086, 0.712863352451, 0.156507633011, 0.14981388205, 0.611450652416, 0.0622092418329, 0.571675828235, 0.454894919645, 0.302182403714, 0.526894059655, 0.774337842335, 0.363246756051, 0.245591304785, 0.685755780195, 0.691410322262, 0.0199180756565, 0.545246019823, 0.826241102943, 2.12847627082
0.826241102943, 0.00769623939327, 0.304407037511, 0.0988949187188, 0.968526107885, 0.622336522841, 0.139455213094, 0.854011346422, 0.103411520975, 0.274900429756, 0.0416079532055, 0.777120728039, 0.799263139138, 0.0796838242086, 0.712863352451, 0.156507633011, 0.14981388205, 0.611450652416, 0.0622092418329, 0.571675828235, 0.454894919645, 0.302182403714, 0.526894059655, 0.774337842335, 0.363246756051, 0.245591304785, 0.685755780195, 0.691410322262, 0.0199180756565, 0.545246019823, 0.826241102943, 2.12847627082
0.826087312712, 0.675436085842, 0.117725129881, 0.978943607916, 0.321113921024, 0.035590025428, 0.6044447566, 0.890373734819, 0.371361058551, 0.984864853773, 0.175397471981, 0.101200056422, 0.605057770847, 0.83617164848, 0.235477615491, 0.0388163462871, 0.550857175698, 0.0446298117061, 0.410327782088, 0.58858380188, 0.105320553294, 0.403059833108, 0.257922478233, 0.504970687507, 0.534159861275, 0.705958903977, 0.543407093852, 0.416929526338, 0.255518330831, 0.359920477655, 0.826087312712, 2.30577134764
0.826087312712, 0.675436085842, 0.117725129881, 0.978943607916, 0.321113921024, 0.035590025428, 0.6044447566, 0.890373734819, 0.371361058551, 0.984864853773, 0.175397471981, 0.101200056422, 0.605057770847, 0.83617164848, 0.235477615491, 0.0388163462871, 0.550857175698, 0.0446298117061, 0.410327782088, 0.58858380188, 0.105320553294, 0.403059833108, 0.257922478233, 0.504970687507, 0.534159861275, 0.705958903977, 0.543407093852, 0.416929526338, 0.255518330831, 0.359920477655, 0.826087312712, 2.30577134764
0.640680569649, 0.174485814093, 0.946320342942, 0.781769984743, 0.357145649485, 0.333792793683, 0.821554729668, 0.644141093389, 0.0541575354581, 0.116629882165, 0.997377435839, 0.104992650154, 0.295837649357, 0.748593559618, 0.2859677317, 0.406338277755, 0.854108705671, 0.137718226143, 0.686016712776, 0.703869266671, 0.278282880397, 0.509317793203, 0.405481927088, 0.00192288639964, 0.0817110422534, 0.484857048543, 0.00236978143761, 0.671040778323, 0.581207796789, 0.0405884459614, 0.640680569649, 2.49975224907
0.640680569649, 0.174485814093, 0.946320342942, 0.781769984743, 0.357145649485, 0.333792793683, 0.821554729668, 0.644141093389, 0.0541575354581, 0.116629882165, 0.997377435839, 0.104992650154, 0.295837649357, 0.748593559618, 0.2859677317, 0.406338277755, 0.854108705671, 0.137718226143, 0.686016712776, 0.703869266671, 0.278282880397, 0.509317793203, 0.405481927088, 0.00192288639964, 0.0817110422534, 0.484857048543, 0.00236978143761, 0.671040778323, 0.581207796789, 0.0405884459614, 0.640680569649, 2.49975224907
0.214622189589, 0.268331944176, 0.699514016023, 0.170276973309, 0.100742955565, 0.61002497182, 0.909059315346, 0.976643433515, 0.0421769136467, 0.117447237488, 0.299958160513, 0.804945073854, 0.522111206462, 0.00928974742262, 0.958001126915, 0.768853016348, 0.557278779975, 0.514179012596, 0.0342041263684, 0.0979052012601, 0.337983169726, 0.417833726401, 0.76853685478, 0.248379191422, 0.0885408546288, 0.243091751558, 0.00532947710507, 0.437253694547, 0.703856228319, 0.88379816786, 0.214622189589, 3.78736607844
0.214622189589, 0.268331944176, 0.699514016023, 0.170276973309, 0.100742955565, 0.61002497182, 0.909059315346, 0.976643433515, 0.0421769136467, 0.117447237488, 0.299958160513, 0.804945073854, 0.522111206462, 0.00928974742262, 0.958001126915, 0.768853016348, 0.557278779975, 0.514179012596, 0.0342041263684, 0.0979052012601, 0.337983169726, 0.417833726401, 0.76853685478, 0.248379191422, 0.0885408546288, 0.243091751558, 0.00532947710507, 0.437253694547, 0.703856228319, 0.88379816786, 0.214622189589, 3.78736607844
0.0221662296567, 0.113645889827, 0.559149859462, 0.177350734568, 0.77954818414, 0.639075925904, 0.447160156766, 0.132080579436, 0.884974782087, 0.7406703123, 0.0583240567931, 0.13911007857, 0.466506605338, 0.858382495947, 0.881777311017, 0.060763982881, 0.670120723634, 0.0261072950767, 0.236892137968, 0.00140543594132, 0.4156725977, 0.315295186334, 0.347695903743, 0.347308827519, 0.397912474871, 0.928554574404, 0.788804110504, 0.275761430289, 0.290392129951, 0.981431599614, 0.0221662296567, 4.67476634142
0.0221662296567, 0.113645889827, 0.559149859462, 0.177350734568, 0.77954818414, 0.639075925904, 0.447160156766, 0.132080579436, 0.884974782087, 0.7406703123, 0.0583240567931, 0.13911007857, 0.466506605338, 0.858382495947, 0.881777311017, 0.060763982881, 0.670120723634, 0.0261072950767, 0.236892137968, 0.00140543594132, 0.4156725977, 0.315295186334, 0.347695903743, 0.347308827519, 0.397912474871, 0.928554574404, 0.788804110504, 0.275761430289, 0.290392129951, 0.981431599614, 0.0221662296567, 4.67476634142
0.0323660329868, 0.303440955244, 0.830247662594, 0.100628220371, 0.946427034077, 0.416368960996, 0.217237341894, 0.209483599883, 0.676149760096, 0.361859451306, 0.758751169334, 0.393282931355, 0.368750116396, 0.360130442034, 0.950401548475, 0.158474707499, 0.901011754843, 0.297265350627, 0.306280925636, 0.0815873709029, 0.626513112394, 0.570603041118, 0.111148529514, 0.490485825694, 0.893233624572, 0.386602627197, 0.792837500273, 0.0131059748012, 0.149041426264, 0.511485670905, 0.0323660329868, 4.65776557152
0.0323660329868, 0.303440955244, 0.830247662594, 0.100628220371, 0.946427034077, 0.416368960996, 0.217237341894, 0.209483599883, 0.676149760096, 0.361859451306, 0.758751169334, 0.393282931355, 0.368750116396, 0.360130442034, 0.950401548475, 0.158474707499, 0.901011754843, 0.297265350627, 0.306280925636, 0.0815873709029, 0.626513112394, 0.570603041118, 0.111148529514, 0.490485825694, 0.893233624572, 0.386602627197, 0.792837500273, 0.0131059748012, 0.149041426264, 0.511485670905, 0.0323660329868, 4.65776557152
0.00973240331496, 0.113645889827, 0.708879995394, 0.177350734568, 0.77954818414, 0.13876201586, 0.287693250571, 0.132080579436, 0.881241707003, 0.497073506305, 0.16764821068, 0.0679660450852, 0.319528693898, 0.858382495947, 0.881777311017, 0.060763982881, 0.78041052304, 0.646416273343, 0.236892137968, 0.0508183663602, 0.4156725977, 0.592935684318, 0.00107796611049, 0.347308827519, 0.397912474871, 0.928554574404, 0.788804110504, 0.275761430289, 0.703495243252, 0.980097537406, 0.00973240331496, 4.87652385564
0.00973240331496, 0.113645889827, 0.708879995394, 0.177350734568, 0.77954818414, 0.13876201586, 0.287693250571, 0.132080579436, 0.881241707003, 0.497073506305, 0.16764821068, 0.0679660450852, 0.319528693898, 0.858382495947, 0.881777311017, 0.060763982881, 0.78041052304, 0.646416273343, 0.236892137968, 0.0508183663602, 0.4156725977, 0.592935684318, 0.00107796611049, 0.347308827519, 0.397912474871, 0.928554574404, 0.788804110504, 0.275761430289, 0.703495243252, 0.980097537406, 0.00973240331496, 4.87652385564
0.840197232727, 0.941662185145, 0.518703654125, 0.639811275536, 0.189738649158, 0.416190584762, 0.933604062721, 0.657926743833, 0.74223033751, 0.276780667142, 0.680048777637, 0.983690486547, 0.27120840137, 0.407050253721, 0.166760021409, 0.584290383618, 0.0743399826081, 0.0046429065609, 0.690866481651, 0.473178992983, 0.348191920332, 0.258611550351, 0.411391144675, 0.281992795479, 0.32568916218, 0.0821785769718, 0.0675381281847, 0.174392197218, 0.121507680585, 0.452193705825, 0.840197232727, 1.97441975084
0.840197232727, 0.941662185145, 0.518703654125, 0.639811275536, 0.189738649158, 0.416190584762, 0.933604062721, 0.657926743833, 0.74223033751, 0.276780667142, 0.680048777637, 0.983690486547, 0.27120840137, 0.407050253721, 0.166760021409, 0.584290383618, 0.0743399826081, 0.0046429065609, 0.690866481651, 0.473178992983, 0.348191920332, 0.258611550351, 0.411391144675, 0.281992795479, 0.32568916218, 0.0821785769718, 0.0675381281847, 0.174392197218, 0.121507680585, 0.452193705825, 0.840197232727, 1.97441975084
0.0474028787163, 0.107150961098, 0.257391731034, 0.190479886286, 0.153399107192, 0.920289360402, 0.0764112643558, 0.505623947191, 0.18569366663, 0.402736890017, 0.735547758319, 0.104992650154, 0.295837649357, 0.202505823447, 0.824481595142, 0.725493394303, 0.42945710818, 0.341182880177, 0.110446845889, 0.929776909418, 0.958607220105, 0.0844986349745, 0.405481927088, 0.417303266053, 0.228028559139, 0.331456487983, 0.396394301098, 0.206106716376, 0.908740073068, 0.11610013683, 0.0474028787163, 4.07154037145
0.232414418811, 0.44778033181, 0.309889926178, 0.153910375518, 0.659335894448, 0.0399002712747, 0.970890659479, 0.810186570367, 0.984260243438, 0.531735100104, 0.73442285917, 0.844109175953, 0.311735832354, 0.271862371701, 0.0508510877178, 0.210936697027, 0.440791867217, 0.583288381761, 0.0264729480166, 0.618678055401, 0.791557044152, 0.370992236602, 0.321177058494, 0.940541542536, 0.536331287675, 0.141311398398, 0.666210666566, 0.235756029348, 0.705424364116, 0.345344238232, 0.232414418811, 4.04792296283
0.826087312712, 0.55475066722, 0.020687955166, 0.959530913311, 0.321113921024, 0.00465309011481, 0.6044447566, 0.96629412513, 0.371361058551, 0.984864853773, 0.175397471981, 0.0354322150035, 0.605057770847, 0.829944402269, 0.0447784670605, 0.0398765893598, 0.90111579499, 0.16930342562, 0.410327782088, 0.138615561495, 0.353312110822, 0.129361884592, 0.17281581115, 0.174203598871, 0.809147953169, 0.705958903977, 0.543407093852, 0.985975145292, 0.255518330831, 0.409851231327, 0.826087312712, 2.31158726967
0.029969053275, 0.756301512796, 0.61335833165, 0.492145842639, 0.623022229106, 0.365358633469, 0.719141430182, 0.464721776345, 0.0359520739519, 0.580303052973, 0.378147222185, 0.455660440669, 0.410553811384, 0.790983713458, 0.655745871578, 0.439703288473, 0.365404556752, 0.831734911389, 0.336604783858, 0.446775144067, 0.161579073718, 0.167525149685, 0.239593647637, 0.322352725274, 0.530681041179, 0.0139611841544, 0.158770707724, 0.750223574231, 0.995150784641, 0.209803902807, 0.029969053275, 4.71471266853
0.621104190431, 0.852400041304, 0.546305299767, 0.449501605047, 0.759309300167, 0.0130766444412, 0.69567682381, 0.860993536852, 0.507770919146, 0.367122208978, 0.172263525422, 0.713548171646, 0.866423401122, 0.0131530458337, 0.302165941654, 0.602813668383, 0.75327222972, 0.166611641067, 0.5363813958, 0.0155906047467, 0.146988364916, 0.762945253573, 0.546782679244, 0.416462745911, 0.0426178756486, 0.111799358836, 0.424641249241, 0.539801709845, 0.183528410904, 0.271713667069, 0.621104190431, 2.79231513593
0.253291411631, 0.406580644353, 0.790689637882, 0.698816246388, 0.375537076833, 0.596406059939, 0.50662298576, 0.262834805357, 0.325125522807, 0.87867270618, 0.365475778978, 0.178521148378, 0.168383142007, 0.34057656528, 0.119004733868, 0.46259223778, 0.00256246866958, 0.276528406036, 0.988961255623, 0.218937501172, 0.776945355286, 0.659837018154, 0.536105282713, 0.309798930503, 0.0913332405641, 0.229728403767, 0.968364229897, 0.408496051683, 0.464694513587, 0.0744637142809, 0.253291411631, 3.51088125736
0.656935929774, 0.243666617238, 0.527902380477, 0.25388753789, 0.909499449598, 0.386314870791, 0.0209833469563, 0.172878466614, 0.985176914666, 0.303266886896, 0.831973730461, 0.429126794679, 0.2928296606, 0.542774771128, 0.534100180539, 0.219998987121, 0.524602749939, 0.467182318599, 0.751772781678, 0.153807168861, 0.899363048333, 0.590467956786, 0.0407974394083, 0.479902059897, 0.365787045465, 0.188443287819, 0.103022466292, 0.752424540456, 0.154947570486, 0.85360536705, 0.656935929774, 2.5695167581
0.503573264313, 0.90448915195, 0.0295781678634, 0.978943607916, 0.913819469111, 0.471558729147, 0.252018102873, 0.150706410548, 0.25242017594, 0.139954282308, 0.175397471981, 0.6327306576, 0.00389576852747, 0.0169768875496, 0.569859573896, 0.103400397394, 0.508624025316, 0.665184138321, 0.54150053455, 0.0679694477691, 0.415354839434, 0.223218319703, 0.558705766049, 0.09317699467, 0.809147953169, 0.402720254223, 0.579520906479, 0.228891223278, 0.467955436421, 0.33711166089, 0.503573264313, 3.10719691486
