0.00436459372867, 1.00730115332, 0.442263954187, 0.914605849853, 0.0445815720333, 2.09845435756, -1.51914045925, -0.523258495326, 0.125334603258, -3.41177231099, 0.00436459372867, 54.0263996805
0.0277577001963, 0.481014918317, 1.0899628613, -0.46343961427, 0.0445815720333, -1.1158998481, -0.463683382052, 3.39567059763, -0.42997295364, -2.01899255266, 0.0277577001963, 49.7007543357
5.61441804725e-06, 1.00730115332, -0.579311519973, 1.93300397909, 4.00281666484, 2.08949827783, -1.03164763475, -0.523258495326, -1.75805349202, 2.34450606487, 5.61441804725e-06, 84.9350755562
0.287824923226, 0.481014918317, 1.0899628613, -0.46343961427, 0.0445815720333, 1.02056560728, -1.03164763475, 3.39567059763, -0.42997295364, -2.01899255266, 0.287824923226, 41.574582041
2.46067158571e-06, 4.95921979294, -2.57546030669, 1.19004690784, 0.106567400623, 2.08949827783, -1.03164763475, -2.97851056853, -1.05680464045, -4.05422439282, 2.46067158571e-06, 107.464111674
0.00436459372867, 1.00730115332, 0.442263954187, 0.914605849853, 0.0445815720333, 2.09845435756, -1.51914045925, -0.523258495326, 0.125334603258, -3.41177231099, 0.00436459372867, 54.0263996805
0.0277577001963, 0.481014918317, 1.0899628613, -0.46343961427, 0.0445815720333, -1.1158998481, -0.463683382052, 3.39567059763, -0.42997295364, -2.01899255266, 0.0277577001963, 49.7007543357
5.61441804725e-06, 1.00730115332, -0.579311519973, 1.93300397909, 4.00281666484, 2.08949827783, -1.03164763475, -0.523258495326, -1.75805349202, 2.34450606487, 5.61441804725e-06, 84.9350755562
0.287824923226, 0.481014918317, 1.0899628613, -0.46343961427, 0.0445815720333, 1.02056560728, -1.03164763475, 3.39567059763, -0.42997295364, -2.01899255266, 0.287824923226, 41.574582041
2.46067158571e-06, 4.95921979294, -2.57546030669, 1.19004690784, 0.106567400623, 2.08949827783, -1.03164763475, -2.97851056853, -1.05680464045, -4.05422439282, 2.46067158571e-06, 107.464111674
0.0277577001963, 0.481014918317, 1.0899628613, -0.46343961427, 1.49265930552, -1.1158998481, -0.463683382052, 3.39567059763, -0.42997295364, -2.01899255266, 0.0277577001963, 50.440652033
3.43395559732e-06, 1.00730115332, -1.23718158005, 0.426047400292, 0.472820039555, 4.98832049367, -4.90299296026, -4.57591088896, 0.125334603258, -1.87224539463, 3.43395559732e-06, 133.104610177
0.0277577001963, 0.481014918317, 1.0899628613, -0.46343961427, 1.49265930552, -1.1158998481, -0.463683382052, 3.39567059763, -0.42997295364, -2.01899255266, 0.0277577001963, 50.440652033
3.43395559732e-06, 1.00730115332, -1.23718158005, 0.426047400292, 0.472820039555, 4.98832049367, -4.90299296026, -4.57591088896, 0.125334603258, -1.87224539463, 3.43395559732e-06, 133.104610177
0.00436459372867, -2.48635508837, -0.503823027831, 0.914605849853, -0.0498099046338, 3.46784541621, 4.45757153474, -2.97851056853, -0.42997295364, -0.979855947253, 0.00436459372867, 63.9699029616
0.00436459372867, -2.48635508837, -0.503823027831, 0.914605849853, -0.0498099046338, 3.46784541621, 4.45757153474, -2.97851056853, -0.42997295364, -0.979855947253, 0.00436459372867, 63.9699029616
5.61441804725e-06, 1.00730115332, 0.442263954187, 1.93300397909, 1.09809989145, 4.97042589606, -1.03164763475, -1.32327799796, 0.125334603258, -3.41177231099, 5.61441804725e-06, 92.0111710446
3.61719984652e-05, -2.06476698586, -1.23718158005, 1.19004690784, 0.472820039555, 4.48164917567, 0.536749733839, -0.523258495326, -1.05680464045, -1.87224539463, 3.61719984652e-05, 89.1018002897
3.61719984652e-05, -2.06476698586, -1.23718158005, 1.19004690784, 0.472820039555, 4.48164917567, 0.536749733839, -0.523258495326, -1.05680464045, -1.87224539463, 3.61719984652e-05, 89.1018002897
5.61441804725e-06, 1.00730115332, 0.442263954187, 1.93300397909, 1.09809989145, 4.97042589606, -1.03164763475, -1.32327799796, 0.125334603258, -3.41177231099, 5.61441804725e-06, 92.0111710446
3.61719984652e-05, -2.06476698586, -1.23718158005, 1.19004690784, 0.472820039555, 4.48164917567, 0.536749733839, -0.523258495326, -1.05680464045, -1.87224539463, 3.61719984652e-05, 89.1018002897
3.61719984652e-05, -2.06476698586, -1.23718158005, 1.19004690784, 0.472820039555, 4.48164917567, 0.536749733839, -0.523258495326, -1.05680464045, -1.87224539463, 3.61719984652e-05, 89.1018002897
0.00436459372867, 1.00730115332, 0.442263954187, 0.914605849853, 1.49265930552, 2.09845435756, -1.51914045925, -2.97851056853, 0.125334603258, 2.34450606487, 0.00436459372867, 65.3559833455
0.0126714747808, -2.51799558326, -2.14096976251, 0.914605849853, 0.508464795527, 2.09845435756, -1.51914045925, -0.523258495326, -0.105634820999, -3.47739112265, 0.0126714747808, 65.0670267992
0.00436459372867, 1.00730115332, 0.442263954187, 0.914605849853, 1.49265930552, 2.09845435756, -1.51914045925, -2.97851056853, 0.125334603258, 2.34450606487, 0.00436459372867, 65.3559833455
0.0126714747808, -2.51799558326, -2.14096976251, 0.914605849853, 0.508464795527, 2.09845435756, -1.51914045925, -0.523258495326, -0.105634820999, -3.47739112265, 0.0126714747808, 65.0670267992
5.61441804725e-06, 1.00730115332, 0.442263954187, -0.690992046772, -0.550339602272, 4.97552190331, -1.03164763475, -1.32327799796, 0.125334603258, -3.41177231099, 5.61441804725e-06, 96.9728693165
5.61441804725e-06, 1.00730115332, 0.442263954187, -0.690992046772, -0.550339602272, 4.97552190331, -1.03164763475, -1.32327799796, 0.125334603258, -3.41177231099, 5.61441804725e-06, 96.9728693165
0.736285397022, -2.48635508837, 0.442263954187, -1.6456439263, 4.00281666484, 2.08949827783, -0.0795486191948, -0.523258495326, -0.42997295364, -1.01647158259, 0.736285397022, 61.7454240418
0.736285397022, -2.48635508837, 0.442263954187, -1.6456439263, 4.00281666484, 2.08949827783, -0.0795486191948, -0.523258495326, -0.42997295364, -1.01647158259, 0.736285397022, 61.7454240418
0.736285397022, -2.48635508837, 0.442263954187, -1.6456439263, 4.00281666484, 2.08949827783, -0.0795486191948, -0.523258495326, -0.42997295364, -0.950352522049, 0.736285397022, 63.2860077734
0.736285397022, -2.48635508837, 0.442263954187, -1.6456439263, 4.00281666484, 2.08949827783, -0.0795486191948, -0.523258495326, -0.42997295364, -0.950352522049, 0.736285397022, 63.2860077734
0.00436459372867, 4.47636227333, 0.442263954187, 0.914605849853, 1.49265930552, 2.09845435756, -1.51914045925, -0.523258495326, 0.125334603258, -3.97709417596, 0.00436459372867, 73.2320743763
0.00436459372867, 4.47636227333, 0.442263954187, 0.914605849853, 1.49265930552, 2.09845435756, -1.51914045925, -0.523258495326, 0.125334603258, -3.97709417596, 0.00436459372867, 73.2320743763
0.174692911066, 0.481014918317, 1.0899628613, -0.46343961427, 0.0445815720333, 4.99566070836, -0.463683382052, 3.39567059763, -0.42997295364, -2.01899255266, 0.174692911066, 64.5676220996
0.174692911066, 0.481014918317, 1.0899628613, -0.46343961427, 0.0445815720333, 4.99566070836, -0.463683382052, 3.39567059763, -0.42997295364, -2.01899255266, 0.174692911066, 64.5676220996
0.00436459372867, -2.48635508837, -1.42985336998, 1.42951614147, 1.26323273188, 2.09845435756, -0.463683382052, -0.546610541191, 1.03408900805, -3.41177231099, 0.00436459372867, 73.6752818606
0.00436459372867, -2.48635508837, -1.42985336998, 1.42951614147, 1.26323273188, 2.09845435756, -0.463683382052, -0.546610541191, 1.03408900805, -3.41177231099, 0.00436459372867, 73.6752818606
0.00436459372867, -2.48635508837, -1.42985336998, 1.42951614147, 1.26323273188, 2.09845435756, -0.463683382052, -0.546610541191, 1.03408900805, -3.41177231099, 0.00436459372867, 73.6752818606
0.00436459372867, -2.48635508837, -1.42985336998, 1.42951614147, 1.26323273188, 2.09845435756, -0.463683382052, -0.546610541191, 1.03408900805, -3.41177231099, 0.00436459372867, 73.6752818606
0.0126714747808, -2.48635508837, -0.503823027831, 0.914605849853, -0.0498099046338, 2.6246550923, 4.45757153474, -2.97851056853, -0.42997295364, -0.979855947253, 0.0126714747808, 67.9841196347
0.0126714747808, -2.48635508837, -0.503823027831, 0.914605849853, -0.0498099046338, 2.6246550923, 4.45757153474, -2.97851056853, -0.42997295364, -0.979855947253, 0.0126714747808, 67.9841196347
3.61719984652e-05, 1.00730115332, -0.579496955548, 1.19004690784, 0.106567400623, 3.99722180446, -1.03164763475, -2.97851056853, 0.125334603258, 2.34450606487, 3.61719984652e-05, 89.7625334691
3.61719984652e-05, 1.00730115332, -0.579496955548, 1.19004690784, 0.106567400623, 3.99722180446, -1.03164763475, -2.97851056853, 0.125334603258, 2.34450606487, 3.61719984652e-05, 89.7625334691
5.61441804725e-06, 1.00730115332, 0.442263954187, 1.93300397909, -0.550339602272, 4.97042589606, -1.03164763475, 1.80367457487, -3.35292667142, 2.34450606487, 5.61441804725e-06, 105.596827233
1.2850593627e-05, -0.895415248264, -2.57546030669, 1.19004690784, 0.106567400623, 2.08949827783, -1.4269710986, -2.97851056853, 3.0271544793, 2.34450606487, 1.2850593627e-05, 100.712876733
5.61441804725e-06, 1.00730115332, 0.442263954187, 1.93300397909, -0.550339602272, 4.97042589606, -1.03164763475, 1.80367457487, -3.35292667142, 2.34450606487, 5.61441804725e-06, 105.596827233
1.2850593627e-05, -0.895415248264, -2.57546030669, 1.19004690784, 0.106567400623, 2.08949827783, -1.4269710986, -2.97851056853, 3.0271544793, 2.34450606487, 1.2850593627e-05, 100.712876733
0.0277577001963, -2.48635508837, 0.442263954187, 0.914605849853, 1.46892369913, 0.587407446252, 0.535745895778, -0.523258495326, 0.604301016963, -3.24398946891, 0.0277577001963, 65.0757605456
0.0277577001963, -2.48635508837, 0.442263954187, 0.914605849853, 1.46892369913, 0.587407446252, 0.535745895778, -0.523258495326, 0.604301016963, -3.24398946891, 0.0277577001963, 65.0757605456
0.00436459372867, -2.48635508837, -1.42985336998, 0.914605849853, 1.26323273188, 2.09845435756, -0.463683382052, -0.546610541191, -0.0885991764658, -3.41177231099, 0.00436459372867, 77.6399925766
0.00436459372867, -2.48635508837, -1.42985336998, 0.914605849853, 1.26323273188, 2.09845435756, -0.463683382052, -0.546610541191, -0.0885991764658, -3.41177231099, 0.00436459372867, 77.6399925766
1.2850593627e-05, -2.48635508837, -1.23718158005, 1.19004690784, 1.05257325769, 2.08949827783, -1.03164763475, -3.47554898078, 3.0271544793, 2.34450606487, 1.2850593627e-05, 104.071308804
1.2850593627e-05, -2.48635508837, -1.23718158005, 1.19004690784, 1.05257325769, 2.08949827783, -1.03164763475, -3.47554898078, 3.0271544793, 2.34450606487, 1.2850593627e-05, 104.071308804
1.2850593627e-05, -2.48635508837, -1.23718158005, 1.19004690784, 1.05257325769, 2.08949827783, -1.03164763475, -3.47554898078, 3.0271544793, 2.34450606487, 1.2850593627e-05, 104.071308804
1.2850593627e-05, -2.48635508837, -1.23718158005, 1.19004690784, 1.05257325769, 2.08949827783, -1.03164763475, -3.47554898078, 3.0271544793, 2.34450606487, 1.2850593627e-05, 104.071308804
3.61719984652e-05, 1.00730115332, -1.23718158005, 1.19004690784, 0.472820039555, 4.97042589606, -1.03164763475, -0.523258495326, -2.07780320234, -1.87224539463, 3.61719984652e-05, 93.4788175892
3.61719984652e-05, 1.00730115332, -1.23718158005, 1.19004690784, 0.472820039555, 4.97042589606, -1.03164763475, -0.523258495326, -2.07780320234, -1.87224539463, 3.61719984652e-05, 93.4788175892
0.0277577001963, -2.48635508837, 0.442263954187, 0.914605849853, 1.46892369913, 2.09845435756, 0.535745895778, -0.523258495326, 0.604301016963, -3.24398946891, 0.0277577001963, 70.4101892715
0.0277577001963, -2.48635508837, 0.442263954187, 0.914605849853, 1.46892369913, 2.09845435756, 0.535745895778, -0.523258495326, 0.604301016963, -3.24398946891, 0.0277577001963, 70.4101892715
0.474143531686, 1.00730115332, 0.442263954187, 3.4160762297, 1.49265930552, 2.09845435756, -1.51914045925, -2.97851056853, 0.125334603258, 0.882776366092, 0.474143531686, 66.5921956932
0.287824923226, 1.00730115332, 1.0899628613, 1.19004690784, -0.550339602272, -1.1158998481, -1.03164763475, 1.04597842035, -0.42997295364, 2.34450606487, 0.287824923226, 67.6443500648
0.474143531686, 1.00730115332, 0.442263954187, 3.4160762297, 1.49265930552, 2.09845435756, -1.51914045925, -2.97851056853, 0.125334603258, 0.882776366092, 0.474143531686, 66.5921956932
0.287824923226, 1.00730115332, 1.0899628613, 1.19004690784, -0.550339602272, -1.1158998481, -1.03164763475, 1.04597842035, -0.42997295364, 2.34450606487, 0.287824923226, 67.6443500648
0.736285397022, 1.53394655944, 0.442263954187, -1.6456439263, 4.00281666484, 2.08949827783, -0.0795486191948, -1.58135328563, -0.42997295364, -0.950352522049, 0.736285397022, 66.795875925
0.736285397022, 1.53394655944, 0.442263954187, -1.6456439263, 4.00281666484, 2.08949827783, -0.0795486191948, -1.58135328563, -0.42997295364, -0.950352522049, 0.736285397022, 66.795875925
0.00443218753647, -2.48635508837, 4.44077847033, 3.42938427211, 3.5945022037, -1.49411991845, 0.95668634001, -1.51094002097, 1.03408900805, 0.664173758794, 0.00443218753647, 88.4578107544
0.00443218753647, -2.48635508837, 4.44077847033, 3.42938427211, 3.5945022037, -1.49411991845, 0.95668634001, -1.51094002097, 1.03408900805, 0.664173758794, 0.00443218753647, 88.4578107544
0.149071065301, 1.00730115332, 1.0899628613, 0.98198056039, 2.57899459887, 1.02056560728, -1.03164763475, -3.30313156917, 3.0221497376, -0.380054741992, 0.149071065301, 72.3983334144
0.162435566043, 0.481014918317, 1.0899628613, -0.584210056466, -0.0498099046338, 4.99566070836, -1.51914045925, 3.39567059763, -0.42997295364, -2.01899255266, 0.162435566043, 70.4778967132
0.162435566043, 0.481014918317, 1.0899628613, -0.584210056466, -0.0498099046338, 4.99566070836, -1.51914045925, 3.39567059763, -0.42997295364, -2.01899255266, 0.162435566043, 70.4778967132
0.149071065301, 1.00730115332, 1.0899628613, 0.98198056039, 2.57899459887, 1.02056560728, -1.03164763475, -3.30313156917, 3.0221497376, -0.380054741992, 0.149071065301, 72.3983334144
0.162435566043, 0.481014918317, 1.0899628613, -0.584210056466, -0.0498099046338, 4.99566070836, -1.51914045925, 3.39567059763, -0.42997295364, -2.01899255266, 0.162435566043, 70.4778967132
0.162435566043, 0.481014918317, 1.0899628613, -0.584210056466, -0.0498099046338, 4.99566070836, -1.51914045925, 3.39567059763, -0.42997295364, -2.01899255266, 0.162435566043, 70.4778967132
3.61719984652e-05, 1.00730115332, -0.371489333743, 1.19004690784, 0.472820039555, 4.97042589606, -1.4269710986, -0.523258495326, 2.91674297332, 2.34450606487, 3.61719984652e-05, 96.9270756166
0.00300961385543, 1.00730115332, 0.442263954187, 1.93300397909, 4.97367365208, 3.99722180446, -1.4269710986, -0.523258495326, -1.75805349202, -1.87224539463, 0.00300961385543, 96.6591188079
3.61719984652e-05, 1.00730115332, -0.371489333743, 1.19004690784, 0.472820039555, 4.97042589606, -1.4269710986, -0.523258495326, 2.91674297332, 2.34450606487, 3.61719984652e-05, 96.9270756166
0.00300961385543, 1.00730115332, 0.442263954187, 1.93300397909, 4.97367365208, 3.99722180446, -1.4269710986, -0.523258495326, -1.75805349202, -1.87224539463, 0.00300961385543, 96.6591188079
0.287824923226, 1.00730115332, 1.0899628613, 1.19004690784, -0.550339602272, -1.1158998481, -1.03164763475, 0.563915713143, -0.42997295364, 2.34450606487, 0.287824923226, 68.3008951713
0.287824923226, 1.00730115332, 1.0899628613, 1.19004690784, -0.550339602272, -1.1158998481, -1.03164763475, 0.563915713143, -0.42997295364, 2.34450606487, 0.287824923226, 68.3008951713
0.287824923226, 1.00730115332, 1.0899628613, 1.19004690784, -0.550339602272, -1.1158998481, -1.03164763475, -1.99436079977, -0.42997295364, 2.34450606487, 0.287824923226, 68.9296370618
0.287824923226, 1.00730115332, 1.0899628613, 1.19004690784, -0.550339602272, -1.1158998481, -1.03164763475, -1.99436079977, -0.42997295364, 2.34450606487, 0.287824923226, 68.9296370618
0.287824923226, 1.00730115332, 1.0899628613, 1.19004690784, -0.550339602272, -1.1158998481, -1.03164763475, -1.99436079977, -0.42997295364, 2.34450606487, 0.287824923226, 68.9296370618
0.287824923226, 1.00730115332, 1.0899628613, 1.19004690784, -0.550339602272, -1.1158998481, -1.03164763475, -1.99436079977, -0.42997295364, 2.34450606487, 0.287824923226, 68.9296370618
0.287824923226, 1.00730115332, 1.0899628613, 3.51384848809, -2.12121457889, -1.1158998481, -0.937799093839, -4.0008923964, -0.42997295364, -1.00286775706, 0.287824923226, 70.2230517625
0.287824923226, 1.00730115332, 1.0899628613, 3.51384848809, -2.12121457889, -1.1158998481, -0.937799093839, -4.0008923964, -0.42997295364, -1.00286775706, 0.287824923226, 70.2230517625
3.35256950991e-05, 1.00730115332, -1.23718158005, 0.98198056039, 0.0598207772708, 4.97042589606, 1.89629395176, -2.97851056853, 0.125334603258, 4.68944690778, 3.35256950991e-05, 122.240145227
3.35256950991e-05, 1.00730115332, -1.23718158005, 0.98198056039, 0.0598207772708, 4.97042589606, 1.89629395176, -2.97851056853, 0.125334603258, 4.68944690778, 3.35256950991e-05, 122.240145227
1.91815294635e-05, -2.67464084365, -3.37646640137, 0.98198056039, 0.0598207772708, 4.97042589606, -2.25217113086, -2.97851056853, 0.125334603258, 4.68944690778, 1.91815294635e-05, 158.110192038
2.66976238629e-05, 1.00730115332, -1.23718158005, 0.426047400292, 2.26201709917, 2.40886134142, -4.90299296026, -4.57591088896, 0.125334603258, -1.87224539463, 2.66976238629e-05, 143.990189465
1.91815294635e-05, -2.67464084365, -3.37646640137, 0.98198056039, 0.0598207772708, 4.97042589606, -2.25217113086, -2.97851056853, 0.125334603258, 4.68944690778, 1.91815294635e-05, 158.110192038
2.66976238629e-05, 1.00730115332, -1.23718158005, 0.426047400292, 2.26201709917, 2.40886134142, -4.90299296026, -4.57591088896, 0.125334603258, -1.87224539463, 2.66976238629e-05, 143.990189465
0.0451061806371, -2.48635508837, 0.488605874858, 0.914605849853, 1.26323273188, 3.04610413518, 0.577617959454, -0.523258495326, -0.105634820999, -3.41177231099, 0.0451061806371, 76.3070444984
0.0451061806371, -2.48635508837, 0.488605874858, 0.914605849853, 1.26323273188, 3.04610413518, 0.577617959454, -0.523258495326, -0.105634820999, -3.41177231099, 0.0451061806371, 76.3070444984
0.0277577001963, -3.92703939445, 0.480571892763, 1.89645797043, -3.45451477562, -0.419401154236, -1.19163388633, 1.07798272684, 0.438970487607, -0.979855947253, 0.0277577001963, 78.9142075433
0.0277577001963, -3.92703939445, 0.480571892763, 1.89645797043, -3.45451477562, -0.419401154236, -1.19163388633, 1.07798272684, 0.438970487607, -0.979855947253, 0.0277577001963, 78.9142075433
6.27344202087e-05, -3.90657734927, 0.442263954187, 1.93300397909, -4.54659511862, 2.08949827783, -1.03164763475, -0.523258495326, -3.57286087848, -1.87224539463, 6.27344202087e-05, 97.6414557319
0.000621934880451, 0.436163156091, 1.0899628613, 1.51135839447, -4.89359991692, 4.97042589606, -1.03164763475, -2.97851056853, 0.0493038380865, -1.87224539463, 0.000621934880451, 97.3610717313
6.27344202087e-05, -3.90657734927, 0.442263954187, 1.93300397909, -4.54659511862, 2.08949827783, -1.03164763475, -0.523258495326, -3.57286087848, -1.87224539463, 6.27344202087e-05, 97.6414557319
0.000621934880451, 0.436163156091, 1.0899628613, 1.51135839447, -4.89359991692, 4.97042589606, -1.03164763475, -2.97851056853, 0.0493038380865, -1.87224539463, 0.000621934880451, 97.3610717313
