0.212086189017, 0.73106736051, 0.116140381128, 0.812315411227, 0.680792653403, 0.168455131923, 0.256532965112, 0.0680176563071, 0.383066707055, 0.629545612837, 0.790446189748, 0.202336471211, 0.742591135042, 0.0430664129747, 0.908963181587, 0.391305267276, 0.045627625282, 0.214602650389, 0.526998251299, 0.136412545474, 0.180103843511, 0.140842833202, 0.193002700849, 0.191885654317, 0.531516723608, 0.0656835289314, 0.322860666877, 0.257054921342, 0.644565996938, 0.582566526, 0.212086189017, 3.35615693212
0.212086189017, 0.73106736051, 0.116140381128, 0.812315411227, 0.680792653403, 0.168455131923, 0.256532965112, 0.0680176563071, 0.383066707055, 0.629545612837, 0.790446189748, 0.202336471211, 0.742591135042, 0.0430664129747, 0.908963181587, 0.391305267276, 0.045627625282, 0.214602650389, 0.526998251299, 0.136412545474, 0.180103843511, 0.140842833202, 0.193002700849, 0.191885654317, 0.531516723608, 0.0656835289314, 0.322860666877, 0.257054921342, 0.644565996938, 0.582566526, 0.212086189017, 3.35615693212
0.450793580472, 0.194704379906, 0.287397325529, 0.249640798329, 0.672311724431, 0.616441382096, 0.681160331034, 0.236088864433, 0.490613826673, 0.114186635545, 0.56559175022, 0.964173519665, 0.357820093789, 0.0553235594942, 0.686385521584, 0.000349497340054, 0.806870878199, 0.000498500031395, 0.0719523160596, 0.179088657529, 0.271754836596, 0.5320279653, 0.0625864508762, 0.267541522101, 0.867981174842, 0.776621432089, 0.189986334417, 0.216289152423, 0.642901159147, 0.0405884459614, 0.450793580472, 2.57836033059
0.450793580472, 0.194704379906, 0.287397325529, 0.249640798329, 0.672311724431, 0.616441382096, 0.681160331034, 0.236088864433, 0.490613826673, 0.114186635545, 0.56559175022, 0.964173519665, 0.357820093789, 0.0553235594942, 0.686385521584, 0.000349497340054, 0.806870878199, 0.000498500031395, 0.0719523160596, 0.179088657529, 0.271754836596, 0.5320279653, 0.0625864508762, 0.267541522101, 0.867981174842, 0.776621432089, 0.189986334417, 0.216289152423, 0.642901159147, 0.0405884459614, 0.450793580472, 2.57836033059
0.0474028787163, 0.107150961098, 0.245210359398, 0.190479886286, 0.153399107192, 0.185095408288, 0.3952896407, 0.604058865041, 0.146482539336, 0.727722570892, 0.735547758319, 0.104992650154, 0.493397001838, 0.356966271391, 0.396233173594, 0.336734252059, 0.42945710818, 0.341182880177, 0.0834504137708, 0.929776909418, 0.0955887503547, 0.0776578891946, 0.405481927088, 0.417303266053, 0.228028559139, 0.331456487983, 0.13657368796, 0.155006598918, 0.861111052279, 0.11610013683, 0.0474028787163, 3.55260887231
0.0474028787163, 0.107150961098, 0.245210359398, 0.190479886286, 0.153399107192, 0.185095408288, 0.3952896407, 0.604058865041, 0.146482539336, 0.727722570892, 0.735547758319, 0.104992650154, 0.493397001838, 0.356966271391, 0.396233173594, 0.336734252059, 0.42945710818, 0.341182880177, 0.0834504137708, 0.929776909418, 0.0955887503547, 0.0776578891946, 0.405481927088, 0.417303266053, 0.228028559139, 0.331456487983, 0.13657368796, 0.155006598918, 0.861111052279, 0.11610013683, 0.0474028787163, 3.55260887231
0.852544120008, 0.453982829636, 0.564038258795, 0.41990695767, 0.384306728697, 0.349139914752, 0.293143246221, 0.198224788813, 0.129659567367, 0.886687652438, 0.284013689469, 0.102423132729, 0.997089590608, 0.183376251577, 0.920666560309, 0.181827672708, 0.253915924908, 0.710187196579, 0.328924530487, 0.787120082635, 0.175953248873, 0.855692202447, 0.676031506452, 0.300690898661, 0.198816376228, 0.280344755123, 0.862464833341, 0.0290727674186, 0.322175818045, 0.269183578958, 0.852544120008, 1.96515407986
0.852544120008, 0.453982829636, 0.564038258795, 0.41990695767, 0.384306728697, 0.349139914752, 0.293143246221, 0.198224788813, 0.129659567367, 0.886687652438, 0.284013689469, 0.102423132729, 0.997089590608, 0.183376251577, 0.920666560309, 0.181827672708, 0.253915924908, 0.710187196579, 0.328924530487, 0.787120082635, 0.175953248873, 0.855692202447, 0.676031506452, 0.300690898661, 0.198816376228, 0.280344755123, 0.862464833341, 0.0290727674186, 0.322175818045, 0.269183578958, 0.852544120008, 1.96515407986
0.656935929774, 0.243666617238, 0.527902380477, 0.75663620011, 0.545919524699, 0.292797638568, 0.152443930505, 0.172878466614, 0.778731291915, 0.3080393142, 0.0612738782921, 0.0501821998405, 0.00118528691104, 0.542774771128, 0.00983972335209, 0.219998987121, 0.448822230147, 0.473799326985, 0.862524962783, 0.95179636108, 0.899363048333, 0.590467956786, 0.0407974394083, 0.479902059897, 0.20761316085, 0.229728403767, 0.526969013464, 0.0299614724148, 0.163921900266, 0.786480143194, 0.656935929774, 2.158983679
0.656935929774, 0.243666617238, 0.527902380477, 0.75663620011, 0.545919524699, 0.292797638568, 0.152443930505, 0.172878466614, 0.778731291915, 0.3080393142, 0.0612738782921, 0.0501821998405, 0.00118528691104, 0.542774771128, 0.00983972335209, 0.219998987121, 0.448822230147, 0.473799326985, 0.862524962783, 0.95179636108, 0.899363048333, 0.590467956786, 0.0407974394083, 0.479902059897, 0.20761316085, 0.229728403767, 0.526969013464, 0.0299614724148, 0.163921900266, 0.786480143194, 0.656935929774, 2.158983679
0.837027607844, 0.00146112848279, 0.284272773315, 0.493454946685, 0.30985648149, 0.617869673211, 0.998075154635, 0.86705749798, 0.52106512285, 0.362014783512, 0.193446980579, 0.264544958984, 0.856507109594, 0.194180539929, 0.248925994665, 0.00233232971193, 0.0356271498949, 0.894388522059, 0.735242329884, 0.795628754456, 0.0761094584249, 0.981507576333, 0.0240632151571, 0.180227611754, 0.263670596672, 0.357300917469, 0.260733433702, 0.971407114401, 0.0932777618681, 0.847118644198, 0.837027607844, 2.14690479314
0.837027607844, 0.00146112848279, 0.284272773315, 0.493454946685, 0.30985648149, 0.617869673211, 0.998075154635, 0.86705749798, 0.52106512285, 0.362014783512, 0.193446980579, 0.264544958984, 0.856507109594, 0.194180539929, 0.248925994665, 0.00233232971193, 0.0356271498949, 0.894388522059, 0.735242329884, 0.795628754456, 0.0761094584249, 0.981507576333, 0.0240632151571, 0.180227611754, 0.263670596672, 0.357300917469, 0.260733433702, 0.971407114401, 0.0932777618681, 0.847118644198, 0.837027607844, 2.14690479314
0.00221175690635, 0.107150961098, 0.186560853307, 0.428293795058, 0.146602947159, 0.185095408288, 0.3952896407, 0.116821471543, 0.18569366663, 0.727722570892, 0.735547758319, 0.104992650154, 0.295837649357, 0.356966271391, 0.886457111925, 0.336734252059, 0.42945710818, 0.341182880177, 0.772326156901, 0.980052424109, 0.0955887503547, 0.0727201750768, 0.102528321186, 0.865599604138, 0.228028559139, 0.146728413955, 0.210364873746, 0.344531657503, 0.861111052279, 0.11610013683, 0.00221175690635, 4.24183037256
0.00221175690635, 0.107150961098, 0.186560853307, 0.428293795058, 0.146602947159, 0.185095408288, 0.3952896407, 0.116821471543, 0.18569366663, 0.727722570892, 0.735547758319, 0.104992650154, 0.295837649357, 0.356966271391, 0.886457111925, 0.336734252059, 0.42945710818, 0.341182880177, 0.772326156901, 0.980052424109, 0.0955887503547, 0.0727201750768, 0.102528321186, 0.865599604138, 0.228028559139, 0.146728413955, 0.210364873746, 0.344531657503, 0.861111052279, 0.11610013683, 0.00221175690635, 4.24183037256
0.827598401672, 0.199262003294, 0.367130844243, 0.41842436858, 0.45542048226, 0.676728266689, 0.108095852172, 0.249957527245, 0.914140378894, 0.638982222503, 0.626572674336, 0.0223826040687, 0.962572483229, 0.0839529050699, 0.580067817296, 0.675533985859, 0.128973260158, 0.774452518949, 0.410327782088, 0.0274677132528, 0.151028747837, 0.403059833108, 0.339972855068, 0.159401564113, 0.816817709363, 0.360205718454, 0.485418970722, 0.416929526338, 0.563401897979, 0.150572392077, 0.827598401672, 2.15694883272
0.827598401672, 0.199262003294, 0.367130844243, 0.41842436858, 0.45542048226, 0.676728266689, 0.108095852172, 0.249957527245, 0.914140378894, 0.638982222503, 0.626572674336, 0.0223826040687, 0.962572483229, 0.0839529050699, 0.580067817296, 0.675533985859, 0.128973260158, 0.774452518949, 0.410327782088, 0.0274677132528, 0.151028747837, 0.403059833108, 0.339972855068, 0.159401564113, 0.816817709363, 0.360205718454, 0.485418970722, 0.416929526338, 0.563401897979, 0.150572392077, 0.827598401672, 2.15694883272
0.00115848696201, 0.107150961098, 0.245210359398, 0.190479886286, 0.153399107192, 0.185095408288, 0.449825440614, 0.505623947191, 0.18569366663, 0.727722570892, 0.735547758319, 0.16471256741, 0.295837649357, 0.356966271391, 0.886457111925, 0.336734252059, 0.42945710818, 0.341182880177, 0.772326156901, 0.980052424109, 0.0955887503547, 0.0595917701199, 0.405481927088, 0.865599604138, 0.228028559139, 0.146728413955, 0.210364873746, 0.383433232313, 0.861111052279, 0.0153883707788, 0.00115848696201, 4.44099766479
0.00115848696201, 0.107150961098, 0.245210359398, 0.190479886286, 0.153399107192, 0.185095408288, 0.449825440614, 0.505623947191, 0.18569366663, 0.727722570892, 0.735547758319, 0.16471256741, 0.295837649357, 0.356966271391, 0.886457111925, 0.336734252059, 0.42945710818, 0.341182880177, 0.772326156901, 0.980052424109, 0.0955887503547, 0.0595917701199, 0.405481927088, 0.865599604138, 0.228028559139, 0.146728413955, 0.210364873746, 0.383433232313, 0.861111052279, 0.0153883707788, 0.00115848696201, 4.44099766479
0.442558055253, 0.73106736051, 0.116140381128, 0.812315411227, 0.680792653403, 0.168455131923, 0.417437775919, 0.39982104085, 0.445739026068, 0.841404507267, 0.790446189748, 0.285942384123, 0.742591135042, 0.364165591333, 0.357320918429, 0.0805482979221, 0.045627625282, 0.214602650389, 0.811195562894, 0.136412545474, 0.180103843511, 0.12878783263, 0.193002700849, 0.191885654317, 0.531516723608, 0.0656835289314, 0.335514271008, 0.257054921342, 0.644565996938, 0.41860533248, 0.442558055253, 2.68732199016
0.442558055253, 0.73106736051, 0.116140381128, 0.812315411227, 0.680792653403, 0.168455131923, 0.417437775919, 0.39982104085, 0.445739026068, 0.841404507267, 0.790446189748, 0.285942384123, 0.742591135042, 0.364165591333, 0.357320918429, 0.0805482979221, 0.045627625282, 0.214602650389, 0.811195562894, 0.136412545474, 0.180103843511, 0.12878783263, 0.193002700849, 0.191885654317, 0.531516723608, 0.0656835289314, 0.335514271008, 0.257054921342, 0.644565996938, 0.41860533248, 0.442558055253, 2.68732199016
0.647000459275, 0.158181015719, 0.946320342942, 0.781769984743, 0.357145649485, 0.200812843195, 0.821554729668, 0.0725506724943, 0.0541575354581, 0.116629882165, 0.669326312389, 0.519896230921, 0.642556346435, 0.748593559618, 0.191726397615, 0.261811164596, 0.591880833758, 0.476444971925, 0.936453121127, 0.703869266671, 0.0398849697423, 0.172296026261, 0.171898782542, 0.00562601273893, 0.110338504259, 0.484857048543, 0.00532947710507, 0.671040778323, 0.581207796789, 0.66954181045, 0.647000459275, 2.37314611895
0.647000459275, 0.158181015719, 0.946320342942, 0.781769984743, 0.357145649485, 0.200812843195, 0.821554729668, 0.0725506724943, 0.0541575354581, 0.116629882165, 0.669326312389, 0.519896230921, 0.642556346435, 0.748593559618, 0.191726397615, 0.261811164596, 0.591880833758, 0.476444971925, 0.936453121127, 0.703869266671, 0.0398849697423, 0.172296026261, 0.171898782542, 0.00562601273893, 0.110338504259, 0.484857048543, 0.00532947710507, 0.671040778323, 0.581207796789, 0.66954181045, 0.647000459275, 2.37314611895
0.430972401595, 0.970961184557, 0.970239431522, 0.35245154195, 0.231618926915, 0.696066845823, 0.2264537943, 0.536930118775, 0.385131658238, 0.163798203229, 0.031863985232, 0.944159900985, 0.0885843400389, 0.0549508514124, 0.889929308722, 0.900732414499, 0.00430802621671, 0.5643740243, 0.316345032554, 0.0379434121137, 0.846828170794, 0.0244253737145, 0.621456881806, 0.116931360349, 0.734863206039, 0.0928174579009, 0.372115007483, 0.127201784613, 0.992319394468, 0.273184471729, 0.430972401595, 3.09118311984
0.430972401595, 0.970961184557, 0.970239431522, 0.35245154195, 0.231618926915, 0.696066845823, 0.2264537943, 0.536930118775, 0.385131658238, 0.163798203229, 0.031863985232, 0.944159900985, 0.0885843400389, 0.0549508514124, 0.889929308722, 0.900732414499, 0.00430802621671, 0.5643740243, 0.316345032554, 0.0379434121137, 0.846828170794, 0.0244253737145, 0.621456881806, 0.116931360349, 0.734863206039, 0.0928174579009, 0.372115007483, 0.127201784613, 0.992319394468, 0.273184471729, 0.430972401595, 3.09118311984
0.106297305607, 0.260615036588, 0.245210359398, 0.190479886286, 0.145366111755, 0.185095408288, 0.3952896407, 0.505623947191, 0.18569366663, 0.727722570892, 0.735547758319, 0.104992650154, 0.295837649357, 0.356966271391, 0.886457111925, 0.336734252059, 0.42945710818, 0.267042374695, 0.772326156901, 0.707381955219, 0.0955887503547, 0.0379986883618, 0.467700178783, 0.204020089493, 0.228028559139, 0.331456487983, 0.210364873746, 0.457885057154, 0.269820442181, 0.11610013683, 0.106297305607, 3.5075137761
0.106297305607, 0.260615036588, 0.245210359398, 0.190479886286, 0.145366111755, 0.185095408288, 0.3952896407, 0.505623947191, 0.18569366663, 0.727722570892, 0.735547758319, 0.104992650154, 0.295837649357, 0.356966271391, 0.886457111925, 0.336734252059, 0.42945710818, 0.267042374695, 0.772326156901, 0.707381955219, 0.0955887503547, 0.0379986883618, 0.467700178783, 0.204020089493, 0.228028559139, 0.331456487983, 0.210364873746, 0.457885057154, 0.269820442181, 0.11610013683, 0.106297305607, 3.5075137761
0.640680569649, 0.0691018072083, 0.946320342942, 0.829534684473, 0.142487394193, 0.333792793683, 0.821554729668, 0.0725506724943, 0.0541575354581, 0.116629882165, 0.669326312389, 0.600336821629, 0.725965899688, 0.748593559618, 0.191726397615, 0.261811164596, 0.591880833758, 0.476444971925, 0.936453121127, 0.703869266671, 0.545181863381, 0.393512859769, 0.171898782542, 0.00247075805573, 0.110338504259, 0.720186190214, 0.000534883898685, 0.671040778323, 0.619352634076, 0.460538598842, 0.640680569649, 2.62193628378
0.640680569649, 0.0691018072083, 0.946320342942, 0.829534684473, 0.142487394193, 0.333792793683, 0.821554729668, 0.0725506724943, 0.0541575354581, 0.116629882165, 0.669326312389, 0.600336821629, 0.725965899688, 0.748593559618, 0.191726397615, 0.261811164596, 0.591880833758, 0.476444971925, 0.936453121127, 0.703869266671, 0.545181863381, 0.393512859769, 0.171898782542, 0.00247075805573, 0.110338504259, 0.720186190214, 0.000534883898685, 0.671040778323, 0.619352634076, 0.460538598842, 0.640680569649, 2.62193628378
0.0474028787163, 0.107150961098, 0.245210359398, 0.190479886286, 0.153399107192, 0.185095408288, 0.3952896407, 0.604058865041, 0.146482539336, 0.727722570892, 0.735547758319, 0.104992650154, 0.493397001838, 0.356966271391, 0.824481595142, 0.336734252059, 0.42945710818, 0.341182880177, 0.0834504137708, 0.929776909418, 0.0955887503547, 0.0844986349745, 0.405481927088, 0.417303266053, 0.228028559139, 0.331456487983, 0.210364873746, 0.155006598918, 0.861111052279, 0.11610013683, 0.0474028787163, 3.7020630404
0.0474028787163, 0.107150961098, 0.245210359398, 0.190479886286, 0.153399107192, 0.185095408288, 0.3952896407, 0.604058865041, 0.146482539336, 0.727722570892, 0.735547758319, 0.104992650154, 0.493397001838, 0.356966271391, 0.824481595142, 0.336734252059, 0.42945710818, 0.341182880177, 0.0834504137708, 0.929776909418, 0.0955887503547, 0.0844986349745, 0.405481927088, 0.417303266053, 0.228028559139, 0.331456487983, 0.210364873746, 0.155006598918, 0.861111052279, 0.11610013683, 0.0474028787163, 3.7020630404
0.852544120008, 0.624481676814, 0.564038258795, 0.41990695767, 0.384306728697, 0.349139914752, 0.293143246221, 0.198224788813, 0.129659567367, 0.886687652438, 0.284013689469, 0.102423132729, 0.997089590608, 0.183376251577, 0.920666560309, 0.181827672708, 0.253915924908, 0.710187196579, 0.328924530487, 0.787120082635, 0.175953248873, 0.87508940701, 0.676031506452, 0.300690898661, 0.198816376228, 0.280344755123, 0.862464833341, 0.0290727674186, 0.322175818045, 0.269183578958, 0.852544120008, 2.01176779964
0.852544120008, 0.624481676814, 0.564038258795, 0.41990695767, 0.384306728697, 0.349139914752, 0.293143246221, 0.198224788813, 0.129659567367, 0.886687652438, 0.284013689469, 0.102423132729, 0.997089590608, 0.183376251577, 0.920666560309, 0.181827672708, 0.253915924908, 0.710187196579, 0.328924530487, 0.787120082635, 0.175953248873, 0.87508940701, 0.676031506452, 0.300690898661, 0.198816376228, 0.280344755123, 0.862464833341, 0.0290727674186, 0.322175818045, 0.269183578958, 0.852544120008, 2.01176779964
0.656935929774, 0.243666617238, 0.527902380477, 0.900483448588, 0.545919524699, 0.262183236782, 0.152443930505, 0.172878466614, 0.778731291915, 0.3080393142, 0.0612738782921, 0.0501821998405, 0.00118528691104, 0.542774771128, 0.00983972335209, 0.219998987121, 0.893666248365, 0.199648372427, 0.862524962783, 0.95179636108, 0.899363048333, 0.590467956786, 0.0219117138123, 0.479902059897, 0.20761316085, 0.229728403767, 0.526969013464, 0.0299614724148, 0.163921900266, 0.786480143194, 0.656935929774, 2.2256367449
0.656935929774, 0.243666617238, 0.527902380477, 0.900483448588, 0.545919524699, 0.262183236782, 0.152443930505, 0.172878466614, 0.778731291915, 0.3080393142, 0.0612738782921, 0.0501821998405, 0.00118528691104, 0.542774771128, 0.00983972335209, 0.219998987121, 0.893666248365, 0.199648372427, 0.862524962783, 0.95179636108, 0.899363048333, 0.590467956786, 0.0219117138123, 0.479902059897, 0.20761316085, 0.229728403767, 0.526969013464, 0.0299614724148, 0.163921900266, 0.786480143194, 0.656935929774, 2.2256367449
0.0221662296567, 0.113645889827, 0.559149859462, 0.177350734568, 0.363370776773, 0.194849091314, 0.399785555949, 0.132080579436, 0.230664748999, 0.713315739667, 0.0680590179758, 0.114946686797, 0.466506605338, 0.858382495947, 0.881777311017, 0.022533720853, 0.278630270137, 0.81396706004, 0.236892137968, 0.278139850642, 0.4156725977, 0.980158859285, 0.168951933089, 0.781078305469, 0.0346054941804, 0.509755581768, 0.200866215696, 0.275761430289, 0.86268513473, 0.980097537406, 0.0221662296567, 4.42039491428
0.0221662296567, 0.113645889827, 0.559149859462, 0.177350734568, 0.363370776773, 0.194849091314, 0.399785555949, 0.132080579436, 0.230664748999, 0.713315739667, 0.0680590179758, 0.114946686797, 0.466506605338, 0.858382495947, 0.881777311017, 0.022533720853, 0.278630270137, 0.81396706004, 0.236892137968, 0.278139850642, 0.4156725977, 0.980158859285, 0.168951933089, 0.781078305469, 0.0346054941804, 0.509755581768, 0.200866215696, 0.275761430289, 0.86268513473, 0.980097537406, 0.0221662296567, 4.42039491428
0.00648999376695, 0.55475066722, 0.229335060917, 0.766517600985, 0.333733443154, 0.134203872802, 0.928019721806, 0.890373734819, 0.371361058551, 0.984864853773, 0.175397471981, 0.0399701341566, 0.605057770847, 0.829944402269, 0.235477615491, 0.0659061080909, 0.550857175698, 0.16930342562, 0.498330887203, 0.20278108431, 0.353312110822, 0.765167078036, 0.637812349208, 0.504970687507, 0.962388387826, 0.294947665771, 0.357413076011, 0.301303754476, 0.255518330831, 0.00121397070423, 0.00648999376695, 4.85248098342
0.00648999376695, 0.55475066722, 0.229335060917, 0.766517600985, 0.333733443154, 0.134203872802, 0.928019721806, 0.890373734819, 0.371361058551, 0.984864853773, 0.175397471981, 0.0399701341566, 0.605057770847, 0.829944402269, 0.235477615491, 0.0659061080909, 0.550857175698, 0.16930342562, 0.498330887203, 0.20278108431, 0.353312110822, 0.765167078036, 0.637812349208, 0.504970687507, 0.962388387826, 0.294947665771, 0.357413076011, 0.301303754476, 0.255518330831, 0.00121397070423, 0.00648999376695, 4.85248098342
0.00522510550855, 0.303440955244, 0.522979759042, 0.100628220371, 0.756746754453, 0.416368960996, 0.217237341894, 0.395819094079, 0.402799111671, 0.753456579472, 0.758751169334, 0.393282931355, 0.368750116396, 0.360130442034, 0.950401548475, 0.158474707499, 0.650467880629, 0.440450129627, 0.306280925636, 0.742237702871, 0.544849108719, 0.570603041118, 0.199115199971, 0.308139040564, 0.959632779992, 0.747429800616, 0.792837500273, 0.0156588895903, 0.149041426264, 0.761857080936, 0.00522510550855, 5.19148269462
0.00522510550855, 0.303440955244, 0.522979759042, 0.100628220371, 0.756746754453, 0.416368960996, 0.217237341894, 0.395819094079, 0.402799111671, 0.753456579472, 0.758751169334, 0.393282931355, 0.368750116396, 0.360130442034, 0.950401548475, 0.158474707499, 0.650467880629, 0.440450129627, 0.306280925636, 0.742237702871, 0.544849108719, 0.570603041118, 0.199115199971, 0.308139040564, 0.959632779992, 0.747429800616, 0.792837500273, 0.0156588895903, 0.149041426264, 0.761857080936, 0.00522510550855, 5.19148269462
0.442558055253, 0.73106736051, 0.116140381128, 0.812315411227, 0.789591907814, 0.168455131923, 0.417437775919, 0.39982104085, 0.445739026068, 0.629545612837, 0.790446189748, 0.285942384123, 0.742591135042, 0.364165591333, 0.908963181587, 0.0805482979221, 0.045627625282, 0.214602650389, 0.811195562894, 0.136412545474, 0.180103843511, 0.140842833202, 0.193002700849, 0.191885654317, 0.531516723608, 0.0656835289314, 0.0332698181484, 0.257054921342, 0.644565996938, 0.41860533248, 0.442558055253, 2.72882072589
0.442558055253, 0.73106736051, 0.116140381128, 0.812315411227, 0.789591907814, 0.168455131923, 0.417437775919, 0.39982104085, 0.445739026068, 0.629545612837, 0.790446189748, 0.285942384123, 0.742591135042, 0.364165591333, 0.908963181587, 0.0805482979221, 0.045627625282, 0.214602650389, 0.811195562894, 0.136412545474, 0.180103843511, 0.140842833202, 0.193002700849, 0.191885654317, 0.531516723608, 0.0656835289314, 0.0332698181484, 0.257054921342, 0.644565996938, 0.41860533248, 0.442558055253, 2.72882072589
0.647000459275, 0.158181015719, 0.946320342942, 0.781769984743, 0.357145649485, 0.200812843195, 0.85201747983, 0.0725506724943, 0.0541575354581, 0.116629882165, 0.669326312389, 0.279863841908, 0.642556346435, 0.748593559618, 0.191726397615, 0.261811164596, 0.591880833758, 0.476444971925, 0.936453121127, 0.737636961281, 0.545181863381, 0.172296026261, 0.171898782542, 0.00562601273893, 0.110338504259, 0.484857048543, 0.00532947710507, 0.671040778323, 0.581207796789, 0.66954181045, 0.647000459275, 2.45668235372
0.647000459275, 0.158181015719, 0.946320342942, 0.781769984743, 0.357145649485, 0.200812843195, 0.85201747983, 0.0725506724943, 0.0541575354581, 0.116629882165, 0.669326312389, 0.279863841908, 0.642556346435, 0.748593559618, 0.191726397615, 0.261811164596, 0.591880833758, 0.476444971925, 0.936453121127, 0.737636961281, 0.545181863381, 0.172296026261, 0.171898782542, 0.00562601273893, 0.110338504259, 0.484857048543, 0.00532947710507, 0.671040778323, 0.581207796789, 0.66954181045, 0.647000459275, 2.45668235372
0.430972401595, 0.970961184557, 0.970239431522, 0.35245154195, 0.0855332277643, 0.696066845823, 0.2264537943, 0.536930118775, 0.385131658238, 0.163798203229, 0.0208419450795, 0.875488524981, 0.0928272811857, 0.0844815407589, 0.889929308722, 0.900732414499, 0.00430802621671, 0.475690864041, 0.316345032554, 0.0379434121137, 0.524884180174, 0.0244253737145, 0.621456881806, 0.116931360349, 0.734863206039, 0.327004516942, 0.833638087751, 0.127201784613, 0.992319394468, 0.273184471729, 0.430972401595, 3.1157924757
0.430972401595, 0.970961184557, 0.970239431522, 0.35245154195, 0.0855332277643, 0.696066845823, 0.2264537943, 0.536930118775, 0.385131658238, 0.163798203229, 0.0208419450795, 0.875488524981, 0.0928272811857, 0.0844815407589, 0.889929308722, 0.900732414499, 0.00430802621671, 0.475690864041, 0.316345032554, 0.0379434121137, 0.524884180174, 0.0244253737145, 0.621456881806, 0.116931360349, 0.734863206039, 0.327004516942, 0.833638087751, 0.127201784613, 0.992319394468, 0.273184471729, 0.430972401595, 3.1157924757
0.314301473048, 0.123529254587, 0.139655469826, 0.475422530675, 0.293317148473, 0.940093144729, 0.835266423522, 0.240558531842, 0.204755099624, 0.524654177758, 0.605018895031, 0.423120865036, 0.545635450528, 0.0017980463384, 0.369075942613, 0.640329475233, 0.212629465701, 0.527170088151, 0.576671094146, 0.0155906047467, 0.146988364916, 0.0521510318664, 0.430939964758, 0.068843223949, 0.616976988984, 0.198865997763, 0.859818353535, 0.539801709845, 0.299456595768, 0.735147246427, 0.314301473048, 3.54577957922
0.314301473048, 0.123529254587, 0.139655469826, 0.475422530675, 0.293317148473, 0.940093144729, 0.835266423522, 0.240558531842, 0.204755099624, 0.524654177758, 0.605018895031, 0.423120865036, 0.545635450528, 0.0017980463384, 0.369075942613, 0.640329475233, 0.212629465701, 0.527170088151, 0.576671094146, 0.0155906047467, 0.146988364916, 0.0521510318664, 0.430939964758, 0.068843223949, 0.616976988984, 0.198865997763, 0.859818353535, 0.539801709845, 0.299456595768, 0.735147246427, 0.314301473048, 3.54577957922
0.106297305607, 0.260615036588, 0.245210359398, 0.190479886286, 0.153399107192, 0.185095408288, 0.3952896407, 0.505623947191, 0.18569366663, 0.727722570892, 0.735547758319, 0.104992650154, 0.295837649357, 0.356966271391, 0.886457111925, 0.336734252059, 0.42945710818, 0.341182880177, 0.772326156901, 0.707381955219, 0.0955887503547, 0.0379986883618, 0.467700178783, 0.417303266053, 0.228028559139, 0.331456487983, 0.210364873746, 0.457885057154, 0.269820442181, 0.11610013683, 0.106297305607, 3.59191061818
0.106297305607, 0.260615036588, 0.245210359398, 0.190479886286, 0.153399107192, 0.185095408288, 0.3952896407, 0.505623947191, 0.18569366663, 0.727722570892, 0.735547758319, 0.104992650154, 0.295837649357, 0.356966271391, 0.886457111925, 0.336734252059, 0.42945710818, 0.341182880177, 0.772326156901, 0.707381955219, 0.0955887503547, 0.0379986883618, 0.467700178783, 0.417303266053, 0.228028559139, 0.331456487983, 0.210364873746, 0.457885057154, 0.269820442181, 0.11610013683, 0.106297305607, 3.59191061818
0.640680569649, 0.0691018072083, 0.946320342942, 0.829534684473, 0.142487394193, 0.333792793683, 0.821554729668, 0.0725506724943, 0.0541575354581, 0.116629882165, 0.669326312389, 0.600336821629, 0.642556346435, 0.748593559618, 0.191726397615, 0.261811164596, 0.591880833758, 0.476444971925, 0.936453121127, 0.703869266671, 0.545181863381, 0.393512859769, 0.171898782542, 0.00247075805573, 0.110338504259, 0.720186190214, 0.000534883898685, 0.671040778323, 0.65659163148, 0.66954181045, 0.640680569649, 2.6634760169
0.640680569649, 0.0691018072083, 0.946320342942, 0.829534684473, 0.142487394193, 0.333792793683, 0.821554729668, 0.0725506724943, 0.0541575354581, 0.116629882165, 0.669326312389, 0.600336821629, 0.642556346435, 0.748593559618, 0.191726397615, 0.261811164596, 0.591880833758, 0.476444971925, 0.936453121127, 0.703869266671, 0.545181863381, 0.393512859769, 0.171898782542, 0.00247075805573, 0.110338504259, 0.720186190214, 0.000534883898685, 0.671040778323, 0.65659163148, 0.66954181045, 0.640680569649, 2.6634760169
0.0474028787163, 0.107150961098, 0.107176069211, 0.190479886286, 0.153399107192, 0.185095408288, 0.3952896407, 0.332256580035, 0.146482539336, 0.727722570892, 0.735547758319, 0.787830247694, 0.295837649357, 0.356966271391, 0.824481595142, 0.336734252059, 0.42945710818, 0.341182880177, 0.25379530105, 0.929776909418, 0.0955887503547, 0.0844986349745, 0.405481927088, 0.220728821042, 0.228028559139, 0.331456487983, 0.210364873746, 0.155006598918, 0.865410114949, 0.11610013683, 0.0474028787163, 3.7177881912
0.0474028787163, 0.107150961098, 0.107176069211, 0.190479886286, 0.153399107192, 0.185095408288, 0.3952896407, 0.332256580035, 0.146482539336, 0.727722570892, 0.735547758319, 0.787830247694, 0.295837649357, 0.356966271391, 0.824481595142, 0.336734252059, 0.42945710818, 0.341182880177, 0.25379530105, 0.929776909418, 0.0955887503547, 0.0844986349745, 0.405481927088, 0.220728821042, 0.228028559139, 0.331456487983, 0.210364873746, 0.155006598918, 0.865410114949, 0.11610013683, 0.0474028787163, 3.7177881912
0.852544120008, 0.624481676814, 0.564038258795, 0.41990695767, 0.384306728697, 0.349139914752, 0.293143246221, 0.118583342318, 0.129659567367, 0.886687652438, 0.284013689469, 0.102423132729, 0.997089590608, 0.183376251577, 0.920666560309, 0.181827672708, 0.253915924908, 0.564629748975, 0.328924530487, 0.787120082635, 0.778571722811, 0.466040988895, 0.676031506452, 0.300690898661, 0.198816376228, 0.280344755123, 0.760669068015, 0.0290727674186, 0.940262077622, 0.269183578958, 0.852544120008, 2.1310688402
0.852544120008, 0.624481676814, 0.564038258795, 0.41990695767, 0.384306728697, 0.349139914752, 0.293143246221, 0.118583342318, 0.129659567367, 0.886687652438, 0.284013689469, 0.102423132729, 0.997089590608, 0.183376251577, 0.920666560309, 0.181827672708, 0.253915924908, 0.564629748975, 0.328924530487, 0.787120082635, 0.778571722811, 0.466040988895, 0.676031506452, 0.300690898661, 0.198816376228, 0.280344755123, 0.760669068015, 0.0290727674186, 0.940262077622, 0.269183578958, 0.852544120008, 2.1310688402
0.827598401672, 0.199262003294, 0.367130844243, 0.41842436858, 0.45542048226, 0.676728266689, 0.108095852172, 0.249957527245, 0.914140378894, 0.638982222503, 0.525905221729, 0.238518492653, 0.962572483229, 0.0839529050699, 0.580067817296, 0.675533985859, 0.927048878367, 0.774452518949, 0.410327782088, 0.126344649181, 0.151028747837, 0.403059833108, 0.339972855068, 0.159401564113, 0.816817709363, 0.0509417576702, 0.485418970722, 0.416929526338, 0.563401897979, 0.0878906874189, 0.827598401672, 2.3147680751
0.827598401672, 0.199262003294, 0.367130844243, 0.41842436858, 0.45542048226, 0.676728266689, 0.108095852172, 0.249957527245, 0.914140378894, 0.638982222503, 0.525905221729, 0.238518492653, 0.962572483229, 0.0839529050699, 0.580067817296, 0.675533985859, 0.927048878367, 0.774452518949, 0.410327782088, 0.126344649181, 0.151028747837, 0.403059833108, 0.339972855068, 0.159401564113, 0.816817709363, 0.0509417576702, 0.485418970722, 0.416929526338, 0.563401897979, 0.0878906874189, 0.827598401672, 2.3147680751
0.837027607844, 0.00146112848279, 0.284272773315, 0.493454946685, 0.30985648149, 0.617869673211, 0.998075154635, 0.86705749798, 0.52106512285, 0.362014783512, 0.193446980579, 0.264544958984, 0.734692285135, 0.194180539929, 0.248925994665, 0.00226516381782, 0.452448314418, 0.894388522059, 0.735242329884, 0.795628754456, 0.0761094584249, 0.981507576333, 0.0240632151571, 0.180227611754, 0.168608514472, 0.821804324181, 0.260733433702, 0.971407114401, 0.0932777618681, 0.847118644198, 0.837027607844, 2.31113553092
0.837027607844, 0.00146112848279, 0.284272773315, 0.493454946685, 0.30985648149, 0.617869673211, 0.998075154635, 0.86705749798, 0.52106512285, 0.362014783512, 0.193446980579, 0.264544958984, 0.734692285135, 0.194180539929, 0.248925994665, 0.00226516381782, 0.452448314418, 0.894388522059, 0.735242329884, 0.795628754456, 0.0761094584249, 0.981507576333, 0.0240632151571, 0.180227611754, 0.168608514472, 0.821804324181, 0.260733433702, 0.971407114401, 0.0932777618681, 0.847118644198, 0.837027607844, 2.31113553092
0.656935929774, 0.243666617238, 0.319869496892, 0.900483448588, 0.545919524699, 0.292797638568, 0.152443930505, 0.172878466614, 0.778731291915, 0.3080393142, 0.669372526014, 0.0501821998405, 0.2928296606, 0.542774771128, 0.00983972335209, 0.0278453530197, 0.448822230147, 0.473799326985, 0.751772781678, 0.95179636108, 0.899363048333, 0.192455147123, 0.0407974394083, 0.479902059897, 0.572287331527, 0.229728403767, 0.52094096433, 0.145043788408, 0.163921900266, 0.809762382732, 0.656935929774, 2.31806048355
0.656935929774, 0.243666617238, 0.319869496892, 0.900483448588, 0.545919524699, 0.292797638568, 0.152443930505, 0.172878466614, 0.778731291915, 0.3080393142, 0.669372526014, 0.0501821998405, 0.2928296606, 0.542774771128, 0.00983972335209, 0.0278453530197, 0.448822230147, 0.473799326985, 0.751772781678, 0.95179636108, 0.899363048333, 0.192455147123, 0.0407974394083, 0.479902059897, 0.572287331527, 0.229728403767, 0.52094096433, 0.145043788408, 0.163921900266, 0.809762382732, 0.656935929774, 2.31806048355
0.841684815041, 0.359811490992, 0.305268689533, 0.246931695057, 0.639696155336, 0.524352329707, 0.67922769335, 0.792483850827, 0.667075476544, 0.27890288297, 0.22841741378, 0.0127614272234, 0.187646491508, 0.480052398429, 0.618770104757, 0.997241732774, 0.730508100141, 0.392997283431, 0.28790301255, 0.890100700294, 0.759376901564, 0.269205890423, 0.143769337437, 0.00966445174563, 0.118621200806, 0.334748234503, 0.0045199750384, 0.824894888387, 0.737557396667, 0.880558241389, 0.841684815041, 2.26252025613
0.841684815041, 0.359811490992, 0.305268689533, 0.246931695057, 0.639696155336, 0.524352329707, 0.67922769335, 0.792483850827, 0.667075476544, 0.27890288297, 0.22841741378, 0.0127614272234, 0.187646491508, 0.480052398429, 0.618770104757, 0.997241732774, 0.730508100141, 0.392997283431, 0.28790301255, 0.890100700294, 0.759376901564, 0.269205890423, 0.143769337437, 0.00966445174563, 0.118621200806, 0.334748234503, 0.0045199750384, 0.824894888387, 0.737557396667, 0.880558241389, 0.841684815041, 2.26252025613
0.0323660329868, 0.303440955244, 0.522979759042, 0.100628220371, 0.756746754453, 0.416368960996, 0.0871023362276, 0.43289973613, 0.676149760096, 0.753456579472, 0.758751169334, 0.393282931355, 0.525819069708, 0.138580063927, 0.950401548475, 0.158474707499, 0.581107884021, 0.116434323396, 0.306280925636, 0.723188897647, 0.626513112394, 0.570603041118, 0.199115199971, 0.0141069474014, 0.893233624572, 0.145928988588, 0.817510018016, 0.0156588895903, 0.149041426264, 0.761857080936, 0.0323660329868, 4.57221135834
0.0323660329868, 0.303440955244, 0.522979759042, 0.100628220371, 0.756746754453, 0.416368960996, 0.0871023362276, 0.43289973613, 0.676149760096, 0.753456579472, 0.758751169334, 0.393282931355, 0.525819069708, 0.138580063927, 0.950401548475, 0.158474707499, 0.581107884021, 0.116434323396, 0.306280925636, 0.723188897647, 0.626513112394, 0.570603041118, 0.199115199971, 0.0141069474014, 0.893233624572, 0.145928988588, 0.817510018016, 0.0156588895903, 0.149041426264, 0.761857080936, 0.0323660329868, 4.57221135834
0.0221662296567, 0.113645889827, 0.559149859462, 0.177350734568, 0.363370776773, 0.194849091314, 0.399785555949, 0.132080579436, 0.230664748999, 0.713315739667, 0.0680590179758, 0.114946686797, 0.466506605338, 0.858382495947, 0.881777311017, 0.022533720853, 0.278630270137, 0.81396706004, 0.236892137968, 0.278139850642, 0.816340778524, 0.980158859285, 0.16510459621, 0.781078305469, 0.397912474871, 0.928554574404, 0.200866215696, 0.275761430289, 0.86268513473, 0.980097537406, 0.0221662296567, 4.77401540769
0.0221662296567, 0.113645889827, 0.559149859462, 0.177350734568, 0.363370776773, 0.194849091314, 0.399785555949, 0.132080579436, 0.230664748999, 0.713315739667, 0.0680590179758, 0.114946686797, 0.466506605338, 0.858382495947, 0.881777311017, 0.022533720853, 0.278630270137, 0.81396706004, 0.236892137968, 0.278139850642, 0.816340778524, 0.980158859285, 0.16510459621, 0.781078305469, 0.397912474871, 0.928554574404, 0.200866215696, 0.275761430289, 0.86268513473, 0.980097537406, 0.0221662296567, 4.77401540769
0.450793580472, 0.0650135083784, 0.287397325529, 0.249640798329, 0.672311724431, 0.616441382096, 0.773266211192, 0.236088864433, 0.490613826673, 0.114186635545, 0.56559175022, 0.964173519665, 0.357820093789, 0.0553235594942, 0.686385521584, 0.00395582354718, 0.806870878199, 0.00289037016156, 0.0719523160596, 0.179088657529, 0.271754836596, 0.932547793844, 0.0625864508762, 0.701307772427, 0.867981174842, 0.776621432089, 0.193054034727, 0.216289152423, 0.642901159147, 0.0405884459614, 0.450793580472, 2.78915073044
0.450793580472, 0.0650135083784, 0.287397325529, 0.249640798329, 0.672311724431, 0.616441382096, 0.773266211192, 0.236088864433, 0.490613826673, 0.114186635545, 0.56559175022, 0.964173519665, 0.357820093789, 0.0553235594942, 0.686385521584, 0.00395582354718, 0.806870878199, 0.00289037016156, 0.0719523160596, 0.179088657529, 0.271754836596, 0.932547793844, 0.0625864508762, 0.701307772427, 0.867981174842, 0.776621432089, 0.193054034727, 0.216289152423, 0.642901159147, 0.0405884459614, 0.450793580472, 2.78915073044
0.430972401595, 0.970961184557, 0.970239431522, 0.35245154195, 0.0855332277643, 0.696066845823, 0.2264537943, 0.536930118775, 0.385131658238, 0.163798203229, 0.0208419450795, 0.875488524981, 0.0928272811857, 0.0844815407589, 0.889929308722, 0.900732414499, 0.00430802621671, 0.475690864041, 0.316345032554, 0.0379434121137, 0.846828170794, 0.0244253737145, 0.621456881806, 0.116931360349, 0.734863206039, 0.327044782788, 0.833638087751, 0.0702113357261, 0.992319394468, 0.273184471729, 0.430972401595, 3.18592403426
0.430972401595, 0.970961184557, 0.970239431522, 0.35245154195, 0.0855332277643, 0.696066845823, 0.2264537943, 0.536930118775, 0.385131658238, 0.163798203229, 0.0208419450795, 0.875488524981, 0.0928272811857, 0.0844815407589, 0.889929308722, 0.900732414499, 0.00430802621671, 0.475690864041, 0.316345032554, 0.0379434121137, 0.846828170794, 0.0244253737145, 0.621456881806, 0.116931360349, 0.734863206039, 0.327044782788, 0.833638087751, 0.0702113357261, 0.992319394468, 0.273184471729, 0.430972401595, 3.18592403426
0.355446780252, 0.123529254587, 0.303894978149, 0.661149910715, 0.293317148473, 0.742327251648, 0.835266423522, 0.240558531842, 0.204755099624, 0.524654177758, 0.605018895031, 0.423120865036, 0.545635450528, 0.00294084157316, 0.369075942613, 0.640329475233, 0.212629465701, 0.225564087541, 0.576671094146, 0.0155906047467, 0.146988364916, 0.0521510318664, 0.365293912928, 0.068843223949, 0.616976988984, 0.198865997763, 0.859818353535, 0.385076201769, 0.26405093116, 0.735147246427, 0.355446780252, 3.57526031686
0.355446780252, 0.123529254587, 0.303894978149, 0.661149910715, 0.293317148473, 0.742327251648, 0.835266423522, 0.240558531842, 0.204755099624, 0.524654177758, 0.605018895031, 0.423120865036, 0.545635450528, 0.00294084157316, 0.369075942613, 0.640329475233, 0.212629465701, 0.225564087541, 0.576671094146, 0.0155906047467, 0.146988364916, 0.0521510318664, 0.365293912928, 0.068843223949, 0.616976988984, 0.198865997763, 0.859818353535, 0.385076201769, 0.26405093116, 0.735147246427, 0.355446780252, 3.57526031686
0.212086189017, 0.73106736051, 0.0677208252822, 0.820299405142, 0.680792653403, 0.168455131923, 0.417437775919, 0.00563403382849, 0.445739026068, 0.629545612837, 0.402319155352, 0.233012796713, 0.742591135042, 0.364165591333, 0.908963181587, 0.391305267276, 0.045627625282, 0.214602650389, 0.802810822003, 0.136412545474, 0.789495551445, 0.140842833202, 0.38666224135, 0.0287911628715, 0.531516723608, 0.0656835289314, 0.322860666877, 0.257054921342, 0.644565996938, 0.582566526, 0.212086189017, 3.63306633122
0.212086189017, 0.73106736051, 0.0677208252822, 0.820299405142, 0.680792653403, 0.168455131923, 0.417437775919, 0.00563403382849, 0.445739026068, 0.629545612837, 0.402319155352, 0.233012796713, 0.742591135042, 0.364165591333, 0.908963181587, 0.391305267276, 0.045627625282, 0.214602650389, 0.802810822003, 0.136412545474, 0.789495551445, 0.140842833202, 0.38666224135, 0.0287911628715, 0.531516723608, 0.0656835289314, 0.322860666877, 0.257054921342, 0.644565996938, 0.582566526, 0.212086189017, 3.63306633122
0.852544120008, 0.623584948021, 0.564038258795, 0.633731310362, 0.384306728697, 0.349139914752, 0.293143246221, 0.198224788813, 0.129659567367, 0.969153823094, 0.284013689469, 0.102423132729, 0.660726464555, 0.183376251577, 0.997312152496, 0.041986920123, 0.253915924908, 0.564629748975, 0.328924530487, 0.787120082635, 0.778571722811, 0.36868322091, 0.676031506452, 0.593567675595, 0.198816376228, 0.691101936061, 0.585072336653, 0.0290727674186, 0.932742101634, 0.109968852158, 0.852544120008, 2.19017402706
0.852544120008, 0.623584948021, 0.564038258795, 0.633731310362, 0.384306728697, 0.349139914752, 0.293143246221, 0.198224788813, 0.129659567367, 0.969153823094, 0.284013689469, 0.102423132729, 0.660726464555, 0.183376251577, 0.997312152496, 0.041986920123, 0.253915924908, 0.564629748975, 0.328924530487, 0.787120082635, 0.778571722811, 0.36868322091, 0.676031506452, 0.593567675595, 0.198816376228, 0.691101936061, 0.585072336653, 0.0290727674186, 0.932742101634, 0.109968852158, 0.852544120008, 2.19017402706
0.0221662296567, 0.113645889827, 0.559149859462, 0.573884873979, 0.363370776773, 0.267268495847, 0.399785555949, 0.132080579436, 0.230664748999, 0.713315739667, 0.0583240567931, 0.114946686797, 0.466506605338, 0.858382495947, 0.881777311017, 0.022533720853, 0.278630270137, 0.787562382039, 0.236892137968, 0.278139850642, 0.4156725977, 0.980158859285, 0.168951933089, 0.781078305469, 0.397912474871, 0.928554574404, 0.200866215696, 0.275761430289, 0.86268513473, 0.980097537406, 0.0221662296567, 4.78481856873
0.0221662296567, 0.113645889827, 0.559149859462, 0.573884873979, 0.363370776773, 0.267268495847, 0.399785555949, 0.132080579436, 0.230664748999, 0.713315739667, 0.0583240567931, 0.114946686797, 0.466506605338, 0.858382495947, 0.881777311017, 0.022533720853, 0.278630270137, 0.787562382039, 0.236892137968, 0.278139850642, 0.4156725977, 0.980158859285, 0.168951933089, 0.781078305469, 0.397912474871, 0.928554574404, 0.200866215696, 0.275761430289, 0.86268513473, 0.980097537406, 0.0221662296567, 4.78481856873
0.0474028787163, 0.107150961098, 0.245210359398, 0.190479886286, 0.153399107192, 0.185095408288, 0.3952896407, 0.604058865041, 0.146482539336, 0.727722570892, 0.735547758319, 0.725081794259, 0.295837649357, 0.356966271391, 0.824481595142, 0.336734252059, 0.42945710818, 0.341182880177, 0.25379530105, 0.929776909418, 0.0955887503547, 0.0844986349745, 0.405481927088, 0.417303266053, 0.228028559139, 0.331456487983, 0.210364873746, 0.155006598918, 0.861111052279, 0.11610013683, 0.0474028787163, 3.87638442478
0.656935929774, 0.243666617238, 0.319869496892, 0.900483448588, 0.545919524699, 0.292797638568, 0.152443930505, 0.172878466614, 0.778731291915, 0.3080393142, 0.831973730461, 0.0501821998405, 0.2928296606, 0.542774771128, 0.00983972335209, 0.219998987121, 0.448822230147, 0.473799326985, 0.776298887479, 0.95179636108, 0.899363048333, 0.206217207752, 0.0407974394083, 0.479902059897, 0.268939932716, 0.229728403767, 0.52094096433, 0.239987773352, 0.163921900266, 0.809762382732, 0.656935929774, 2.36470633683
0.610537365377, 0.037296017866, 0.411953553483, 0.249640798329, 0.672311724431, 0.616441382096, 0.747423676662, 0.477081888468, 0.496127564657, 0.114186635545, 0.56559175022, 0.964173519665, 0.991062566542, 0.0553235594942, 0.686385521584, 0.00395582354718, 0.806870878199, 0.00289037016156, 0.116758826313, 0.179088657529, 0.271754836596, 0.932547793844, 0.0625864508762, 0.868066749656, 0.850613955741, 0.776621432089, 0.193054034727, 0.228452385637, 0.642901159147, 0.0405884459614, 0.610537365377, 3.09866338107
0.0323660329868, 0.303440955244, 0.640078105494, 0.100628220371, 0.756746754453, 0.416368960996, 0.0871023362276, 0.43289973613, 0.676149760096, 0.753456579472, 0.758751169334, 0.393282931355, 0.368750116396, 0.360130442034, 0.950401548475, 0.158474707499, 0.581107884021, 0.116434323396, 0.306280925636, 0.723188897647, 0.626513112394, 0.570603041118, 0.199115199971, 0.0467934611379, 0.893233624572, 0.145928988588, 0.950996122176, 0.0156588895903, 0.149041426264, 0.761857080936, 0.0323660329868, 4.67581704405
0.212086189017, 0.946725998706, 0.0677208252822, 0.820299405142, 0.680792653403, 0.168455131923, 0.417437775919, 0.0680176563071, 0.445739026068, 0.629545612837, 0.790446189748, 0.445556399138, 0.742591135042, 0.364165591333, 0.908963181587, 0.391305267276, 0.045627625282, 0.214602650389, 0.811195562894, 0.136412545474, 0.488627709895, 0.140842833202, 0.193002700849, 0.0287911628715, 0.531516723608, 0.0656835289314, 0.322860666877, 0.085460491899, 0.644565996938, 0.582566526, 0.212086189017, 3.69439609585
0.396485958303, 0.359811490992, 0.305268689533, 0.246931695057, 0.639696155336, 0.524352329707, 0.67922769335, 0.792483850827, 0.667075476544, 0.211228575047, 0.22841741378, 0.0127614272234, 0.44734598149, 0.480052398429, 0.618770104757, 0.997241732774, 0.730508100141, 0.392997283431, 0.28790301255, 0.890100700294, 0.759376901564, 0.269205890423, 0.143769337437, 0.00966445174563, 0.174950275429, 0.334748234503, 0.0045199750384, 0.179915093935, 0.737557396667, 0.974163872409, 0.396485958303, 3.69202877618
0.450793580472, 0.037296017866, 0.411953553483, 0.249640798329, 0.672311724431, 0.616441382096, 0.747423676662, 0.477081888468, 0.490613826673, 0.114186635545, 0.56559175022, 0.964173519665, 0.991062566542, 0.0553235594942, 0.686385521584, 0.00395582354718, 0.623159404044, 0.00102989743064, 0.116758826313, 0.179088657529, 0.489917193564, 0.932547793844, 0.0625864508762, 0.868066749656, 0.89827646128, 0.776621432089, 0.451444185067, 0.228452385637, 0.642901159147, 0.0405884459614, 0.450793580472, 3.18166325775
0.841684815041, 0.359811490992, 0.175582683795, 0.246931695057, 0.347547588804, 0.524352329707, 0.67922769335, 0.866939922197, 0.531483987069, 0.211228575047, 0.641015918928, 0.0752475233632, 0.44734598149, 0.480052398429, 0.618770104757, 0.997241732774, 0.730508100141, 0.392997283431, 0.180683690614, 0.890100700294, 0.471975164927, 0.269205890423, 0.376011018767, 0.00966445174563, 0.174950275429, 0.334748234503, 0.00587878987385, 0.916804471551, 0.799341176886, 0.880558241389, 0.841684815041, 2.32031368431
0.428891335093, 0.212561100357, 0.386483894771, 0.952445741442, 0.160312901108, 0.541622852315, 0.456870919114, 0.101097082164, 0.321950691111, 0.0882286115981, 0.842233244097, 0.865133992863, 0.42655306992, 0.959848987055, 0.686149048154, 0.819132835501, 0.900097401901, 0.849672899842, 0.692818229329, 0.78450233408, 0.325098079512, 0.238855675983, 0.370597816742, 0.154493937627, 0.198450390718, 0.611519571158, 0.659488525046, 0.0276955262883, 0.466436242159, 0.452685705692, 0.428891335093, 3.64030024196
0.212086189017, 0.946725998706, 0.0677208252822, 0.820299405142, 0.680792653403, 0.168455131923, 0.417437775919, 0.0680176563071, 0.445739026068, 0.629545612837, 0.790446189748, 0.445556399138, 0.742591135042, 0.364165591333, 0.908963181587, 0.391305267276, 0.045627625282, 0.214602650389, 0.811195562894, 0.136412545474, 0.488627709895, 0.140842833202, 0.193002700849, 0.0287911628715, 0.531516723608, 0.0656835289314, 0.322860666877, 0.085460491899, 0.644565996938, 0.582566526, 0.212086189017, 3.69439609585
0.496529796267, 0.0256656710072, 0.464383711411, 0.249616529798, 0.998485061274, 0.0829905382132, 0.233983367363, 0.721741170263, 0.35440987428, 0.518766245985, 0.379948546894, 0.848449877649, 0.363548820817, 0.63764198318, 0.0871018739778, 0.365414956393, 0.0147324030052, 0.381390801427, 0.140999758447, 0.856349445575, 0.650440271513, 0.30714001191, 0.0723421679889, 0.116224053241, 0.181125494628, 0.935196422675, 0.64141470807, 0.518924831091, 0.176169379918, 0.818823831001, 0.496529796267, 3.17586589371
0.0474028787163, 0.107150961098, 0.245210359398, 0.190479886286, 0.153399107192, 0.185095408288, 0.3952896407, 0.604058865041, 0.146482539336, 0.727722570892, 0.735547758319, 0.725081794259, 0.295837649357, 0.356966271391, 0.824481595142, 0.336734252059, 0.42945710818, 0.341182880177, 0.25379530105, 0.929776909418, 0.0955887503547, 0.0844986349745, 0.405481927088, 0.417303266053, 0.228028559139, 0.331456487983, 0.210364873746, 0.155006598918, 0.861111052279, 0.11610013683, 0.0474028787163, 3.87638442478
0.610537365377, 0.037296017866, 0.411953553483, 0.249640798329, 0.672311724431, 0.616441382096, 0.747423676662, 0.477081888468, 0.496127564657, 0.114186635545, 0.56559175022, 0.964173519665, 0.991062566542, 0.0553235594942, 0.686385521584, 0.00395582354718, 0.806870878199, 0.00289037016156, 0.116758826313, 0.179088657529, 0.271754836596, 0.932547793844, 0.0625864508762, 0.868066749656, 0.850613955741, 0.776621432089, 0.193054034727, 0.228452385637, 0.642901159147, 0.0405884459614, 0.610537365377, 3.09866338107
0.496529796267, 0.0256656710072, 0.464383711411, 0.249616529798, 0.998485061274, 0.0829905382132, 0.233983367363, 0.721741170263, 0.35440987428, 0.518766245985, 0.379948546894, 0.848449877649, 0.363548820817, 0.63764198318, 0.0871018739778, 0.365414956393, 0.0147324030052, 0.381390801427, 0.140999758447, 0.856349445575, 0.650440271513, 0.30714001191, 0.0723421679889, 0.116224053241, 0.181125494628, 0.935196422675, 0.64141470807, 0.518924831091, 0.176169379918, 0.818823831001, 0.496529796267, 3.17586589371
0.656935929774, 0.243666617238, 0.319869496892, 0.900483448588, 0.545919524699, 0.292797638568, 0.152443930505, 0.172878466614, 0.778731291915, 0.3080393142, 0.831973730461, 0.0501821998405, 0.2928296606, 0.542774771128, 0.00983972335209, 0.219998987121, 0.448822230147, 0.473799326985, 0.776298887479, 0.95179636108, 0.899363048333, 0.206217207752, 0.0407974394083, 0.479902059897, 0.268939932716, 0.229728403767, 0.52094096433, 0.239987773352, 0.163921900266, 0.809762382732, 0.656935929774, 2.36470633683
0.0323660329868, 0.303440955244, 0.640078105494, 0.100628220371, 0.756746754453, 0.416368960996, 0.0871023362276, 0.43289973613, 0.676149760096, 0.753456579472, 0.758751169334, 0.393282931355, 0.368750116396, 0.360130442034, 0.950401548475, 0.158474707499, 0.581107884021, 0.116434323396, 0.306280925636, 0.723188897647, 0.626513112394, 0.570603041118, 0.199115199971, 0.0467934611379, 0.893233624572, 0.145928988588, 0.950996122176, 0.0156588895903, 0.149041426264, 0.761857080936, 0.0323660329868, 4.67581704405
0.845692125555, 0.212561100357, 0.386483894771, 0.952445741442, 0.108957910117, 0.336296501077, 0.456870919114, 0.468315139971, 0.321950691111, 0.0882286115981, 0.918586723175, 0.648534483625, 0.42655306992, 0.959848987055, 0.35611681653, 0.819132835501, 0.327722259473, 0.842931451107, 0.692818229329, 0.557530948014, 0.789601434766, 0.238855675983, 0.370597816742, 0.154493937627, 0.198450390718, 0.427740082378, 0.659488525046, 0.0276955262883, 0.466436242159, 0.452685705692, 0.845692125555, 2.29836140636
0.428891335093, 0.212561100357, 0.386483894771, 0.952445741442, 0.160312901108, 0.541622852315, 0.456870919114, 0.101097082164, 0.321950691111, 0.0882286115981, 0.842233244097, 0.865133992863, 0.42655306992, 0.959848987055, 0.686149048154, 0.819132835501, 0.900097401901, 0.849672899842, 0.692818229329, 0.78450233408, 0.325098079512, 0.238855675983, 0.370597816742, 0.154493937627, 0.198450390718, 0.611519571158, 0.659488525046, 0.0276955262883, 0.466436242159, 0.452685705692, 0.428891335093, 3.64030024196
0.396485958303, 0.359811490992, 0.305268689533, 0.246931695057, 0.639696155336, 0.524352329707, 0.67922769335, 0.792483850827, 0.667075476544, 0.211228575047, 0.22841741378, 0.0127614272234, 0.44734598149, 0.480052398429, 0.618770104757, 0.997241732774, 0.730508100141, 0.392997283431, 0.28790301255, 0.890100700294, 0.759376901564, 0.269205890423, 0.143769337437, 0.00966445174563, 0.174950275429, 0.334748234503, 0.0045199750384, 0.179915093935, 0.737557396667, 0.974163872409, 0.396485958303, 3.69202877618
0.450793580472, 0.037296017866, 0.411953553483, 0.249640798329, 0.672311724431, 0.616441382096, 0.747423676662, 0.477081888468, 0.490613826673, 0.114186635545, 0.56559175022, 0.964173519665, 0.991062566542, 0.0553235594942, 0.686385521584, 0.00395582354718, 0.623159404044, 0.00102989743064, 0.116758826313, 0.179088657529, 0.489917193564, 0.932547793844, 0.0625864508762, 0.868066749656, 0.89827646128, 0.776621432089, 0.451444185067, 0.228452385637, 0.642901159147, 0.0405884459614, 0.450793580472, 3.18166325775
