0.00415543656759, 0.540182985699, 0.998640217921, 0.62834854385, 0.900376065825, 0.502239043873, 0.58741620853, 0.329356758157, 0.15152786026, 0.296487129474, 0.895881633966, 0.601014876314, 0.205021589958, 0.208492031242, 0.35251388301, 0.533629257488, 299.423391213, 339.826803078, 2.95641050228
0.131336153413, 0.00225506015346, 0.723309920663, 0.37423800254, 0.198248510584, 0.409794479186, 0.561596523206, 0.287308806586, 0.110455183453, 0.288290647322, 0.183403002694, 0.608994802263, 0.402994699162, 0.879838235094, 160.997158712, 107.296345121, 416.766157102, 1.62761364693, 96.1615836849
0.000753312566132, 0.025838151536, 0.168565377093, 0.238254585247, 0.130353407183, 0.498660678873, 0.978152665857, 0.416507329521, 0.488902379266, 0.297832764965, 0.106042445682, 0.783001151119, 0.284219670527, 0.224598898233, 508.808707352, 199.839689587, 148.222264246, 23.00020295, 0.670756486661
0.204289422826, 0.676677362187, 0.800309582218, 0.259865664346, 0.589662426245, 0.500177743158, 0.127301269332, 0.789691914131, 0.413512502979, 0.37739457055, 0.314285572314, 0.0150046512454, 0.391102034376, 0.186338147368, 61.0429763227, 26.4003630529, 205.027692084, 387.272958207, 147.318292305
0.000251148464167, 0.944783369303, 0.152051907992, 0.944196554839, 0.124012494456, 0.382116804065, 0.999964303277, 0.709214768647, 0.527363863316, 0.802693246812, 0.891193880505, 0.403819785628, 0.206809184535, 0.960044806354, 4.3601084676, 49.6137550943, 12.1270283039, 589.520482525, 0.233445191589
0.00343466066688, 0.00383796007755, 0.218369460936, 0.610990847669, 0.392074217609, 0.407822382541, 0.120793908456, 0.715346122467, 0.028552728953, 0.883788847895, 0.600051822048, 0.467836351362, 0.0389502863632, 0.487931807726, 399.628643042, 570.499441043, 248.757640254, 4.45902907925, 3.99052956594
0.00287189780588, 0.8671309955, 0.998640217921, 0.62834854385, 0.900376065825, 0.701824347236, 0.124735019947, 0.329356758157, 0.423100980323, 0.772386577768, 0.895881633966, 0.00637517421359, 0.205021589958, 0.214927115246, 0.144043747644, 0.218050867798, 122.349982458, 577.684227035, 2.66385580158
0.0126216276982, 0.124922900141, 0.1039590593, 0.776741048674, 0.494578325979, 0.0828116507054, 0.798319268545, 0.308824924891, 0.0862300964891, 0.608381192175, 0.797615680837, 0.883486397196, 0.491128496773, 0.29672130354, 88.8701550906, 242.937060332, 42.6218994763, 52.1157872251, 5.30017527848
0.00158070945486, 0.123395856316, 0.16698143106, 0.610990847669, 0.392074217609, 0.407837338177, 0.111719866338, 0.715346122467, 0.0271430383324, 0.923886847338, 0.303911891362, 0.462715994714, 0.290385423583, 0.487931807726, 320.072718587, 456.927475611, 149.7789716, 113.386533871, 1.46162736714
0.00717609912011, 0.535191845139, 0.046857458416, 0.628760265595, 0.898552174813, 0.967771898891, 0.769687514212, 0.329356758157, 0.49295551959, 0.304954560385, 0.787109421135, 0.00289203319853, 0.201734067148, 0.209286716443, 209.277242201, 317.246106914, 28.0240365149, 425.733007552, 6.44098560838
0.368509383507, 0.914479802381, 0.165519318089, 0.999469021456, 0.815244193351, 0.1056099667, 0.0942635146413, 0.290644248274, 0.892481062633, 0.300731452896, 0.300033790922, 0.477174896292, 0.304339776776, 0.906257377216, 0.024551109575, 29.4356868698, 7.83043928418, 225.376974743, 148.629808944
0.871891423001, 0.00216713406151, 0.411366165311, 0.0212919603361, 0.808762965996, 0.708247176915, 0.0986278022717, 0.986106592359, 0.0849859109271, 0.406476914696, 0.509030403715, 0.288445532171, 0.490006570354, 0.597850771746, 40.2730579633, 1.34744828965, 30.3902261423, 0.171809603959, 247.415171123
0.00162259099686, 6.94464168645e-05, 0.387041837975, 0.00850716253383, 0.370457400811, 0.685122385512, 0.70249751386, 0.708806903462, 0.228584320278, 0.553213822407, 0.285559167856, 0.469163856669, 0.0910365194929, 0.296637259666, 611.379795297, 8.17036655807, 425.492574136, 0.0812597524868, 1.8986095254
0.00700450926793, 0.105147841865, 0.997456835576, 0.99463698758, 0.597694819208, 0.0929042229789, 0.491331632301, 0.776395832071, 0.887015674735, 0.293395796501, 0.0976199750082, 0.983506324562, 0.449034097914, 0.908478972119, 0.0173357431656, 2.0578016478, 515.136465999, 85.8658514869, 5.74634544902
0.876470817872, 0.832474776201, 0.387032115847, 0.998803213383, 0.127264951549, 0.689380985809, 0.977325827032, 0.700813571589, 0.892481062633, 0.300484057464, 0.300382050214, 0.474218724248, 0.449034097914, 0.907846771886, 0.0491069114403, 26.1219448115, 18.1775042339, 118.13206178, 622.576832179
0.00261438102496, 0.994571816172, 0.975349005186, 0.971420110595, 0.915288212229, 0.838877372642, 0.601970419747, 0.66602489261, 0.106141507099, 0.688095582686, 0.914177686125, 0.60785666464, 0.847395246038, 0.828056449833, 0.0128585450779, 0.286232876315, 7.39581162089, 868.013655013, 3.56478667516
0.133031781126, 0.778287746769, 0.408361908826, 0.0259616562252, 0.86730909502, 0.695662745136, 0.797092099618, 0.399942899165, 0.203759578146, 0.275980955709, 0.800272626335, 0.297203461027, 0.209189733652, 0.689656432702, 94.5344333629, 3.85729755043, 70.6575645208, 325.247017991, 73.3775047265
0.139724556397, 0.0298823202692, 0.35838623126, 0.00954412671806, 0.408164951795, 0.708247176915, 0.374582811355, 0.998975495035, 0.424175461287, 0.302504263286, 0.506382968659, 0.482712491864, 0.490006570354, 0.90198711523, 296.30281888, 4.44246889415, 187.008594719, 16.460008573, 78.2529806115
0.575810637586, 0.998637791569, 0.0406888742879, 0.960726246312, 0.704287670872, 0.40792014987, 0.511796526886, 0.689254673877, 0.0963024984344, 0.561190235795, 0.217918274941, 0.587471935851, 0.252784954767, 0.487836837542, 0.0485523448181, 0.786025228979, 0.0504023639341, 368.796654145, 469.044620281
0.882186882624, 0.0350511103979, 0.165519318089, 0.998803213383, 0.59810877717, 0.690828229588, 0.490016571964, 0.789263630646, 0.892481062633, 0.909918515094, 0.301526376523, 0.481043035069, 0.429175551515, 0.906257377216, 0.117384128346, 62.4413475104, 16.6105814542, 3.56107478675, 345.674654903
0.00834445634657, 0.0186616479947, 0.821353999934, 0.913170383973, 0.899221272263, 0.970601083549, 0.863301793033, 0.205269512591, 0.808896594781, 0.295434825841, 0.289383708154, 0.00750659028559, 0.347880785536, 0.893434320896, 25.6022970635, 186.54620149, 653.298319012, 19.9358367124, 8.91599041964
0.000251148464167, 0.0335647746987, 0.387041837975, 0.998803213383, 0.127264951549, 0.689380985809, 0.977325827032, 0.71335886802, 0.892481062633, 0.293366642741, 0.300382050214, 0.470932558216, 0.449034097914, 0.907846771886, 1.07443274238, 571.534066731, 397.726945595, 36.745578536, 0.275076269963
0.235388293875, 0.271630883649, 0.162339632851, 0.012272219355, 0.901053126741, 0.897700667023, 0.778106365042, 0.986851820337, 0.729911169935, 0.612132523603, 0.779649840804, 0.00606554772338, 0.486863830821, 0.300892747349, 402.334272544, 7.75682183047, 104.898958449, 189.050528817, 177.047518653
0.883084896326, 0.0413886331328, 0.160806813739, 0.239041026541, 0.114777939639, 0.691184481541, 0.984281125647, 0.0102468646728, 0.499604968999, 0.373878063525, 0.110928962353, 0.483360121646, 0.2854195851, 0.413656321282, 75.8990091705, 29.9183693242, 21.0571719335, 5.48551390568, 454.580218494
0.145564940071, 0.999644059512, 0.026289135235, 0.91184203098, 0.801834936679, 0.133917719053, 0.0973768113447, 0.286512867575, 0.70190569824, 0.299196259107, 0.272701992879, 0.475759593794, 0.768018639247, 0.593981569284, 0.0461631485045, 0.33122677655, 0.0138180263295, 598.654101959, 139.320498003
2.65582149016e-05, 0.535589312525, 0.405643219586, 0.116513115681, 0.900376065825, 0.969971462694, 0.769081353335, 0.329356758157, 0.423100980323, 0.304954560385, 0.787055243761, 0.00757362786866, 0.205021589958, 0.232943845529, 413.280425457, 76.4938976802, 311.095159019, 584.902596316, 0.0327301542678
0.777552934325, 0.913991976658, 0.959390360046, 0.960792284529, 0.814507083671, 0.100292699661, 0.49363411424, 0.780124417368, 0.203223683381, 0.300683133154, 0.799461597817, 0.298874111234, 0.764528752159, 0.907191230524, 0.0674330252717, 1.09353238618, 17.1520949525, 126.441290194, 350.204363879
0.0114166088108, 0.577363552233, 0.0307951601165, 0.110562665092, 0.426095619967, 0.690589684269, 0.582713042814, 0.990145024432, 0.489355543494, 0.608598550246, 0.179344060644, 0.692507782145, 0.394787676252, 0.199387096189, 227.976967169, 39.9960131695, 11.2050803989, 296.203247579, 6.74500307831
0.241972389185, 0.110400065595, 0.0356591013618, 0.998485721671, 0.686139308729, 0.084224598152, 0.553470076667, 0.482432102864, 0.884833493605, 0.298736836913, 0.42126488197, 0.586929737063, 0.452249676005, 0.907778420582, 1.63858338465, 688.877727522, 38.6267503505, 120.864447372, 279.848404581
0.871891423001, 0.00601951542296, 0.163496669136, 0.00779074682872, 0.808762965996, 0.499732572365, 0.966068373213, 0.997940632184, 0.194784963003, 0.297875459863, 0.509030403715, 0.780110124764, 0.421217253403, 0.228357129587, 104.935355294, 1.28422904132, 27.560116687, 1.02596193451, 531.91227983
0.130450577879, 0.474679125966, 0.37790473223, 0.999671941013, 0.611967520556, 0.982740502032, 0.212289020847, 0.789538268335, 0.10828733676, 0.603660624008, 0.715505766516, 0.974061659054, 0.61590797125, 0.303013090628, 0.133259682078, 258.59904528, 174.502323715, 288.089544151, 88.2524424542
0.413227767744, 0.00737667397813, 0.374451657113, 0.999876652211, 0.385695760684, 0.698952369102, 0.864164323866, 0.804445619503, 0.722566542533, 0.77109907853, 0.61892314178, 0.977527076964, 0.665535548417, 0.986686945307, 0.10805088855, 557.669754062, 371.928628555, 7.76749364233, 508.658171437
0.861543833955, 0.913991976658, 0.0946328158507, 0.0103004604454, 0.81434631329, 0.100292699661, 0.0973768113447, 0.286512867575, 0.200929391961, 0.300683133154, 0.815372351293, 0.298874111234, 0.306158448093, 0.594683099621, 6.00301027074, 0.097136735171, 0.899089583184, 44.6611041962, 203.961788169
0.304792620982, 0.130250777828, 0.174249011307, 0.3090868545, 0.60005948155, 0.409023961991, 0.111745094052, 0.609271236548, 0.725223703329, 0.00304211364821, 0.598541838664, 0.494759422688, 0.466320251211, 0.91336270117, 310.295450696, 163.723565499, 98.5004608075, 75.6143654595, 193.171543935
0.432695682595, 0.909666894187, 0.999216249941, 0.845144945448, 0.831626586446, 0.290231375875, 0.590153608154, 0.789538268335, 0.786558406798, 0.228609435523, 0.488265567082, 0.232249727092, 0.210118000381, 0.685325549664, 0.020984896375, 0.0845621059445, 70.7709655498, 495.404720349, 404.414349635
0.126230962456, 0.27502720715, 0.385462609958, 0.012272219355, 0.901053126741, 0.89641753256, 0.792580930538, 0.918217002768, 0.718300711101, 0.301718934756, 0.814732116456, 0.00606554772338, 0.486863830821, 0.300892747349, 232.015167606, 4.47314693254, 160.634654256, 130.125063377, 62.4438497649
0.0135465004846, 0.0345200684813, 0.871493777021, 0.998803213383, 0.608015006628, 0.689380985809, 0.977325827032, 0.700813571589, 0.892482742236, 0.314134384664, 0.302271988756, 0.476932777996, 0.448969370484, 0.907846771886, 0.203247799665, 108.115693905, 528.31155558, 29.2695647132, 11.4934425487
0.0015352307217, 0.00763660242859, 0.0301166946742, 0.115265592462, 0.370457400811, 0.682263823345, 0.696871301362, 0.708806903462, 0.228584320278, 0.554004147696, 0.514953631364, 0.463579009182, 0.410916472478, 0.297002662963, 764.572887894, 139.965441165, 36.7983244272, 9.33477280581, 1.87667246034
0.0114013403511, 0.033447850958, 0.204356697762, 0.123488528256, 0.686139308729, 0.084224598152, 0.553470076667, 0.488553598661, 0.413325633452, 0.306515879169, 0.42126488197, 0.0111833928785, 0.255731956006, 0.896590283686, 663.417952187, 130.325388448, 224.804271281, 37.4686497722, 12.779150768
0.0024171299611, 0.0550200251648, 0.0846416178046, 0.00803155703731, 0.81329329846, 0.920582028509, 0.702349031712, 0.0343806331536, 0.231296595154, 0.555193584976, 0.892033468984, 0.289773921981, 0.380143762357, 0.702666018933, 774.525419855, 9.77188489496, 103.596165627, 67.7086181244, 2.97828350743
0.377977054478, 0.995815082925, 0.219481876469, 0.250084531111, 0.588154125979, 0.516058830191, 0.57333911083, 0.365906287791, 0.204941065439, 0.295853156797, 0.824261206046, 0.225175663948, 0.212347002789, 0.191572727626, 3.01990777442, 1.25135656844, 1.17387360489, 528.357106526, 356.629757776
0.0024171299611, 0.0556148664902, 0.0523338313413, 0.0638865459706, 0.607335342405, 0.920582028509, 0.135125720193, 0.0343806331536, 0.784675504077, 0.182838701794, 0.892033468984, 0.474503042862, 0.380143762357, 0.892107670121, 784.872881061, 79.0296255515, 64.9938205188, 69.3228588897, 3.01675607624
0.139744339322, 0.00815966591654, 0.725843164189, 0.0110218877068, 0.423710320562, 0.374660860627, 0.237569793904, 0.400784776706, 0.106725061465, 0.320406652479, 0.183403002694, 0.608994802263, 0.211833177045, 0.879838235094, 273.246104683, 4.73122099184, 594.876455564, 8.39119449638, 146.067119186
0.580762720347, 0.0711061134906, 0.788283569645, 0.358353402871, 0.509155541748, 0.103841503632, 0.481372402844, 0.597469156273, 0.204461656172, 0.190931290506, 0.285048240545, 0.995401458674, 0.202356194641, 0.596643421945, 37.6686215478, 23.7687904919, 128.957340784, 15.3022925448, 177.429348773
0.000110247524356, 0.147167201144, 0.167950424656, 0.12574647473, 0.13434185228, 0.691184481541, 0.517103606804, 0.329255297349, 0.785518293834, 0.898953226133, 0.114156180443, 0.299405862519, 0.285653687973, 0.26480365256, 642.13014141, 128.510536285, 176.886244709, 159.664198104, 0.120681403611
0.0928529838251, 0.025681612468, 0.0988104353789, 0.12293788632, 0.599090384383, 0.461318688189, 0.0147655970148, 0.993381001176, 0.431186202936, 0.29319338414, 0.799471824915, 0.785634123846, 0.306231561906, 0.0922688354863, 499.302863316, 97.6372779592, 79.6054030327, 20.7846552023, 75.705804558
0.0122323970359, 0.113095101156, 0.349231645169, 0.0336051577245, 0.61216677331, 0.0662130279773, 0.214633347259, 0.993381001176, 0.111526908324, 0.29319338414, 0.811470543961, 0.785634123846, 0.300505157182, 0.0789667218514, 430.217153599, 22.7309287385, 263.290446677, 90.6510432501, 9.85781764298
0.132036329995, 0.147989139109, 0.998653279313, 0.239041026541, 0.938784100844, 0.500185361034, 0.977378227468, 0.333647163341, 0.499761871344, 0.282085884188, 0.109123611159, 0.606283544049, 0.284219670527, 0.126612633412, 1.3766073657, 0.542640121809, 699.479558932, 165.595559079, 151.258985038
0.133450314366, 0.0334538607904, 0.989773012527, 0.303437700872, 0.60364818747, 0.498741627274, 0.10850151402, 0.610830551281, 0.713982837762, 0.00998193054436, 0.595902535575, 0.495933787662, 0.406937403905, 0.143666839882, 5.07648721406, 2.62122446992, 355.615235183, 18.7069306569, 75.7710091837
0.997584197873, 0.0334070912442, 0.809008162835, 0.913170383973, 0.595881702631, 0.13405158118, 0.843737689304, 0.762411908507, 0.892706466451, 0.319670810099, 0.305585712118, 0.354103185323, 0.786263336415, 0.633505234274, 0.16070679646, 1.17095908851, 3.82075107412, 0.210063723862, 1055.37921524
0.160733720084, 0.00112471526414, 0.725843164189, 0.442777809123, 0.423653935466, 0.501997837091, 0.115895319945, 0.642584164864, 0.106156856581, 0.452792936922, 0.183403002694, 0.619254653935, 0.0900957036615, 0.879838235094, 252.388335167, 210.65546738, 715.601977274, 1.39128281094, 203.164591331
0.0115029217318, 0.686667586958, 0.87218211217, 0.255457417298, 0.598704507498, 0.118904674821, 0.856696486839, 0.789837557495, 0.892706466451, 0.314246726948, 0.301612135631, 0.0134732375881, 0.779651281305, 0.190902393956, 47.2333361898, 20.0407690651, 252.11082106, 479.824982671, 9.83857853308
0.028299037371, 0.00912444889371, 0.946361304472, 0.962764498421, 0.427294641563, 0.375107041019, 0.685066994105, 0.749401389765, 0.108807604991, 0.309168695837, 0.790508033137, 0.0032566690475, 0.402223540658, 0.904856480322, 2.91233884227, 49.7358082135, 589.908960411, 8.48564003301, 26.3360524433
0.00287189780588, 0.000992294467907, 0.998640217921, 0.62834854385, 0.893266508997, 0.0407274116824, 0.113990961517, 0.329356758157, 0.426381299878, 0.296487129474, 0.587051993854, 0.00267094124555, 0.633905546826, 0.208436879333, 0.897120053495, 1.3580444093, 762.008935502, 1.18774128799, 3.43758453746
0.128968930723, 0.27892445353, 0.129876147715, 0.991346923059, 0.891966513627, 0.120519221452, 0.592498236053, 0.7877713924, 0.89368671577, 0.403678105889, 0.803822081218, 0.00211509542053, 0.486863830821, 0.693184109365, 3.22500342485, 237.253698629, 49.0892790168, 113.518299851, 54.9601277632
0.0185681886697, 0.147133291745, 0.204681571905, 0.118150533016, 0.899923807123, 0.701432351412, 0.100537935188, 0.603910127957, 0.43326387964, 0.306269304455, 0.973216423515, 0.00757362786866, 0.767097303697, 0.415207370057, 516.91755253, 97.0517921311, 175.177700605, 130.451665968, 16.6151625794
0.130450577879, 0.476554869012, 0.221542714257, 0.999671941013, 0.605709722905, 0.982740502032, 0.626776708687, 0.789538268335, 0.10828733676, 0.806239351362, 0.115736239921, 0.977425385475, 0.61590797125, 0.989470706767, 0.18497510664, 358.956176629, 130.21565474, 354.707432194, 108.314833919
0.0931219337831, 0.0146671167525, 0.0988104353789, 0.124384966714, 0.631021882397, 0.699565568196, 0.791459264367, 0.905579840288, 0.433259691985, 0.29319338414, 0.788247500871, 0.823970764144, 0.294804268087, 0.112138019609, 520.231911908, 102.958183887, 82.9792841, 12.3689718003, 79.1028776858
0.139566476451, 0.0120149301328, 0.367250424885, 0.00954412671806, 0.424038172392, 0.708247176915, 0.396552824999, 0.986106592359, 0.0862485070213, 0.302298384832, 0.586849233523, 0.00995089956181, 0.490006570354, 0.473526767888, 357.602396667, 5.36153361508, 232.722340186, 8.05395865165, 95.0893391028
0.247610186337, 0.0322870761153, 0.384115481189, 0.998803213383, 0.597694819208, 0.181607796556, 0.491331632301, 0.789263630646, 0.892481062633, 0.293366642741, 0.0978170662407, 0.983506324562, 0.449034097914, 0.907816512784, 0.679234031689, 361.311949162, 248.977402741, 22.2729503769, 180.05742347
0.37351116007, 0.977279244242, 0.165519318089, 0.998803213383, 0.59810877717, 0.690828229588, 0.488284900873, 0.789263630646, 0.892481062633, 0.273988014348, 0.300033790922, 0.477174896292, 0.429175551515, 0.906257377216, 0.0246950448298, 13.136289358, 3.49450184994, 380.709422539, 253.257326659
0.138332457478, 0.00224763748329, 0.0310214909284, 0.86144950132, 0.931099247907, 0.58680581069, 0.552984744705, 0.63768800109, 0.0866044124631, 0.405646074848, 0.182354967835, 0.351997776812, 0.579973343068, 0.682165706512, 214.029492118, 967.858985193, 48.3399206214, 3.50383155656, 219.105592392
0.198527602123, 0.0349873122604, 0.972881351999, 0.996668177505, 0.383610293439, 0.387839717368, 0.490016571964, 0.795218217962, 0.892481062633, 0.60475932821, 0.299485378296, 0.969097385426, 0.496750099556, 0.904728260475, 0.0697265685443, 13.3227106127, 312.570388751, 17.2111541181, 101.005617111
0.876470817872, 0.538195757722, 0.405276767626, 0.999628778078, 0.126463368447, 0.689380985809, 0.767920954899, 0.701074604545, 0.892481062633, 0.300484057464, 0.409334373431, 0.474218724248, 0.449034097914, 0.907846771886, 0.0410978724856, 70.4799843498, 52.1047051495, 98.8519834935, 672.294614762
0.00834445634657, 0.0186616479947, 0.822671352384, 0.435534822269, 0.904333820169, 0.970601083549, 0.86332647532, 0.205269512591, 0.808896594781, 0.295434825841, 0.289383708154, 0.00750659028559, 0.347880785536, 0.88938156961, 148.409080654, 121.031444518, 669.637220629, 20.4222928251, 9.13355028951
0.459337752401, 0.925005622478, 0.978420852651, 0.0588250308055, 0.398032932709, 0.151818426094, 0.603471869604, 0.363392129042, 0.105092074235, 0.215365048076, 0.42670023662, 0.215500429545, 0.278266250334, 0.688472025479, 2.18672252894, 0.202634884265, 64.7634279782, 547.539368408, 485.071314695
0.37351116007, 0.962565831868, 0.143208564923, 0.998803213383, 0.59810877717, 0.690828229588, 0.584765812799, 0.802064002245, 0.892481062633, 0.273988014348, 0.300033790922, 0.478483167808, 0.476509053021, 0.906257377216, 0.0368095951531, 19.5805067947, 4.48050401605, 341.207030208, 227.227534517
0.00152438874905, 0.00763660242859, 0.39226021178, 0.00588608425242, 0.370457400811, 0.682263823345, 0.696871301362, 0.708806903462, 0.228584320278, 0.553213822407, 0.514953631364, 0.463579009182, 0.0542938884764, 0.296637259666, 793.668964401, 7.33834498784, 562.044081233, 11.6668555374, 2.32895243691
0.00834445634657, 0.0243373191707, 0.432652478868, 0.888199206723, 0.898254438481, 0.965618520452, 0.593774038403, 0.205443459423, 0.111330646333, 0.295434825841, 0.289383708154, 0.652772362506, 0.347880785536, 0.904395633475, 96.8917153408, 546.040391045, 448.100915608, 27.2698332897, 9.35273121232
2.65582149016e-05, 0.535589312525, 0.0487697842554, 0.629084387217, 0.900376065825, 0.967771898891, 0.769687514212, 0.329356758157, 0.423100980323, 0.304954560385, 0.787109421135, 0.00289203319853, 0.384305036542, 0.248861125024, 317.356267215, 481.61779937, 44.2719586742, 647.055599248, 0.0362081305787
0.0810069504804, 0.994105331604, 0.701916903762, 0.853257987156, 0.915288212229, 0.927361725937, 0.606920371707, 0.0305260724789, 0.106141507099, 0.688095582686, 0.914177686125, 0.896451551858, 0.213401788022, 0.828056449833, 0.622679432726, 2.6533947024, 5.38910666397, 652.199413998, 83.4437902609
0.871891423001, 0.00601951542296, 0.408194072543, 0.0121896088359, 0.808762965996, 0.708247176915, 0.0986278022717, 0.986106592359, 0.214727698757, 0.302298384832, 0.509030403715, 0.645632223988, 0.490006570354, 0.597850771746, 65.1094089076, 1.24682780182, 48.6062304515, 0.76838112114, 398.368925958
0.000698014595544, 0.535589312525, 0.988316419219, 0.116513115681, 0.799118302641, 0.711859928503, 0.91483015929, 0.329258265352, 0.423723847969, 0.304954560385, 0.787055243761, 0.00757362786866, 0.205021589958, 0.237754500851, 7.1732599464, 1.32769562402, 397.453604227, 444.649986671, 0.653956082635
0.028299037371, 0.0778737324657, 0.946361304472, 0.962764498421, 0.4237315933, 0.375107041019, 0.537043632265, 0.789461781985, 0.108211921748, 0.3107682628, 0.306734405006, 0.0032566690475, 0.401537530017, 0.904856480322, 2.48062402724, 42.3631478172, 502.462941415, 61.9914767821, 22.5986473656
0.977064275765, 0.778287746769, 0.408361908826, 0.0259616562252, 0.414542357642, 0.694959187113, 0.237848196397, 0.399942899165, 0.203759578146, 0.276610938153, 0.800272626335, 0.297203461027, 0.211283083491, 0.68798737863, 4.07193165546, 0.166147417839, 3.04347065333, 14.0095368565, 413.514938588
0.00492098056957, 0.845172241243, 0.379885706818, 0.0896745735269, 0.135581549605, 0.0979825840906, 0.978464812195, 0.794492458129, 0.433226722039, 0.300519762804, 0.0949734808637, 0.69305832968, 0.395477480942, 0.19350257488, 102.530170682, 14.5387352238, 70.3492972167, 504.571127847, 4.01860172344
0.0114013403511, 0.996342959134, 0.0407863143048, 0.96158572582, 0.685945083998, 0.084224598152, 0.553470076667, 0.488553598661, 0.4132920573, 0.558296299429, 0.217559339404, 0.587473912117, 0.255731956006, 0.896590283686, 0.296410615052, 4.90629549723, 0.315336272649, 857.397600184, 15.3571862664
0.0113461175373, 0.577197729698, 0.0157860756349, 0.100278470125, 0.130656850168, 0.375107041019, 0.997247171373, 0.709102158245, 0.519971472691, 0.309097445708, 0.782591626613, 0.000155220068203, 0.187224678903, 0.904856480322, 324.749731761, 51.5809300512, 8.15534027441, 420.210844101, 9.51169027222
0.01198538542, 0.997455521644, 0.382888363099, 0.0574062637808, 0.410201273129, 0.151818426094, 0.575915470004, 0.500655136744, 0.109249977647, 0.296568399343, 0.72552478154, 0.77861461172, 0.0472705376179, 0.255109290815, 3.21498736652, 0.290695152774, 2.2152930698, 979.544600786, 18.4438202203
0.37351116007, 0.0126498366558, 0.355783053201, 0.998803213383, 0.600185132495, 0.690828229588, 0.38637842288, 0.786981620515, 0.892481062633, 0.273917687291, 0.453634521337, 0.474289167757, 0.490836590638, 0.906331866545, 0.767407202762, 408.214811531, 255.284256911, 9.56815089162, 320.14265465
0.145590441397, 0.999644059512, 0.73535095631, 0.91184203098, 0.807994248734, 0.136393816252, 0.0867874228504, 0.399647981238, 0.70190569824, 0.299196259107, 0.182084509412, 0.47399701848, 0.768018639247, 0.87697748958, 0.0208288970873, 0.14945012775, 0.341826306405, 668.294373215, 155.555601741
0.162034978153, 0.137001102531, 0.0982174450257, 0.989973526321, 0.484945402209, 0.503049100583, 0.10260664369, 0.210431538079, 0.341795422117, 0.400396300231, 0.287231527643, 0.581859755865, 0.0901423270811, 0.293486518721, 6.22256668612, 395.062269011, 61.4459007729, 87.4037847577, 106.48658168
0.000110247524356, 0.122437373805, 0.168328196308, 0.12574647473, 0.13434185228, 0.158940209563, 0.517103606804, 0.327221207959, 0.108347606418, 0.21445551009, 0.114156180443, 0.789055685405, 0.2891814772, 0.717867377514, 726.349980948, 145.365588006, 200.557818626, 149.441199805, 0.135395996348
0.139724556397, 0.00601951542296, 0.359118432872, 0.00954412671806, 0.424038172392, 0.708247176915, 0.387243951321, 0.986106592359, 0.214727698757, 0.302298384832, 0.509030403715, 0.669495755923, 0.490006570354, 0.897959280768, 367.148243739, 5.50465452376, 232.312920476, 4.10858605083, 96.9310650788
0.000409719402126, 0.147989139109, 0.168134081798, 0.777797066279, 0.424713516425, 0.691184481541, 0.394641242469, 0.963358842019, 0.428796048876, 0.873234132583, 0.577832226623, 0.845393390876, 0.482128154957, 0.400044621189, 292.6298015, 804.069571969, 231.389581104, 209.846340034, 0.586241579402
0.989886987517, 0.0693370510425, 0.412139316792, 0.124520727932, 0.147459093582, 0.406474318035, 0.493169412545, 0.284686889533, 0.893149981744, 0.293401492557, 0.305763078512, 0.35730081662, 0.604855189756, 0.631086896969, 8.17627479361, 1.61996416947, 6.30216489087, 1.14262766028, 661.670085441
0.0980201099565, 0.0350780000026, 0.871493777021, 0.981088333605, 0.607293367021, 0.689380985809, 0.977325827032, 0.700813571589, 0.892482742236, 0.314134384664, 0.300240921222, 0.476932777996, 0.56205754905, 0.908234744643, 3.0043661536, 101.105646062, 494.273884937, 27.8272880488, 78.4191307489
0.00287189780588, 0.85658469701, 0.998640217921, 0.62834854385, 0.900376065825, 0.969971462694, 0.118019706994, 0.329356758157, 0.423100980323, 0.296487129474, 0.895881633966, 0.00267094124555, 0.205021589958, 0.208436879333, 0.144256215956, 0.218372498556, 122.530451897, 534.680901107, 2.47457747709
0.30489587913, 0.995815082925, 0.219481876469, 0.250332268817, 0.588154125979, 0.406475218702, 0.57333911083, 0.611566290252, 0.746635888795, 0.295853156797, 0.824261206046, 0.21901837458, 0.212347002789, 0.912414041053, 3.2762433261, 1.35906819387, 1.27371972672, 573.297556513, 297.691611486
0.448402470677, 0.997455521644, 0.42952847772, 0.0588250308055, 0.413187178025, 0.151818426094, 0.603388177159, 0.363392129042, 0.105086368408, 0.215365048076, 0.424407590826, 0.223814607147, 0.212317669494, 0.688472025479, 1.78037479288, 0.164980254847, 1.43028708241, 572.869204884, 486.799539923
0.0256712547659, 0.999292405634, 0.0840047091484, 0.925981568958, 0.806178127876, 0.134672638287, 0.393862655637, 0.939426390746, 0.702118222429, 0.613040177657, 0.291982919761, 0.474461488685, 0.472654980217, 0.200590728639, 0.0864289723918, 0.740008039823, 0.0988855779736, 676.185844108, 27.281534909
0.0114372575524, 0.114485349397, 0.377105944048, 0.999671941013, 0.611967520556, 0.0689658822311, 0.214485209433, 0.789538268335, 0.10828733676, 0.793623038919, 0.119692033618, 0.660200663017, 0.826378924248, 0.987305170309, 0.312732097421, 606.876892996, 408.412525777, 132.985653647, 13.3587825655
