0.0126714747808, 3.84942185212, 3.45646816451, 0.513521712436, 1.20135047304, 0.337132142206, -2.32674794302, 3.13993856194, -3.95969737659, -1.3323920749, 0.0126714747808, 153.767942294
0.00300961385543, -2.77577232077, -1.98178235916, 1.19004690784, -4.03990173404, -3.58251381272, -1.71226711143, -4.21290287171, 3.18923999535, -1.87224539463, 0.00300961385543, 186.137316811
0.218605316166, -2.4852484516, -4.42603406241, 0.0881418150896, 0.0212555607405, -1.98397801804, 1.16715955614, -0.934140158914, 2.34919693002, 1.4770126318, 0.218605316166, 82.8103371448
0.0277577001963, -0.536547027061, 4.44077847033, -0.46343961427, 3.5945022037, -1.49411991845, 3.90322709084, 1.35847992332, -2.27242064049, 3.51602353953, 0.0277577001963, 120.383428114
0.0126714747808, 3.84942185212, 3.45646816451, 0.513521712436, 1.20135047304, 0.337132142206, -2.32674794302, 3.13993856194, -3.95969737659, -1.3323920749, 0.0126714747808, 153.767942294
0.00300961385543, -2.77577232077, -1.98178235916, 1.19004690784, -4.03990173404, -3.58251381272, -1.71226711143, -4.21290287171, 3.18923999535, -1.87224539463, 0.00300961385543, 186.137316811
0.218605316166, -2.4852484516, -4.42603406241, 0.0881418150896, 0.0212555607405, -1.98397801804, 1.16715955614, -0.934140158914, 2.34919693002, 1.4770126318, 0.218605316166, 82.8103371448
0.0277577001963, -0.536547027061, 4.44077847033, -0.46343961427, 3.5945022037, -1.49411991845, 3.90322709084, 1.35847992332, -2.27242064049, 3.51602353953, 0.0277577001963, 120.383428114
0.223592586193, -1.72071263307, 0.509075571177, -2.04272009211, 3.4392554644, -1.43471426892, -4.00589508214, 3.72719656289, -0.0179756789659, 1.30096031329, 0.223592586193, 118.560978419
0.243284983931, 3.48735950682, -1.72574115282, -3.37159192444, 3.46719144171, -1.89786882099, -2.91939918801, -0.419943170746, -0.491344656185, 2.96224619814, 0.243284983931, 109.459285752
0.223592586193, -1.72071263307, 0.509075571177, -2.04272009211, 3.4392554644, -1.43471426892, -4.00589508214, 3.72719656289, -0.0179756789659, 1.30096031329, 0.223592586193, 118.560978419
0.243284983931, 3.48735950682, -1.72574115282, -3.37159192444, 3.46719144171, -1.89786882099, -2.91939918801, -0.419943170746, -0.491344656185, 2.96224619814, 0.243284983931, 109.459285752
0.163896628251, -2.48635508837, 0.442263954187, -3.11751029801, 1.26323273188, 2.08949827783, -1.2198075262, -0.523258495326, -1.75805349202, -3.41177231099, 0.163896628251, 122.026854309
0.0373777093606, 0.125079050229, 2.56338474146, -2.25190214093, 2.08111949802, 4.05700261693, -0.352491279486, 0.0873448928949, -1.1292302592, 2.23654199804, 0.0373777093606, 128.713304372
0.121722757693, 0.931647374445, -1.34726568342, -1.82691112906, 1.08819216526, 1.10448644145, -3.19914265028, -3.49883066426, 1.00982360259, -2.74945202701, 0.121722757693, 124.136497491
0.163896628251, -2.48635508837, 0.442263954187, -3.11751029801, 1.26323273188, 2.08949827783, -1.2198075262, -0.523258495326, -1.75805349202, -3.41177231099, 0.163896628251, 122.026854309
0.0373777093606, 0.125079050229, 2.56338474146, -2.25190214093, 2.08111949802, 4.05700261693, -0.352491279486, 0.0873448928949, -1.1292302592, 2.23654199804, 0.0373777093606, 128.713304372
0.121722757693, 0.931647374445, -1.34726568342, -1.82691112906, 1.08819216526, 1.10448644145, -3.19914265028, -3.49883066426, 1.00982360259, -2.74945202701, 0.121722757693, 124.136497491
0.498882612682, -1.49264779285, -2.56420815813, 2.93939927496, -3.06323454876, -3.10426092576, -0.207037816756, -1.0293875873, -3.68916695802, -0.858828480315, 0.498882612682, 117.703666897
0.594211368904, -0.0670607723128, -3.50373372917, 1.95036445536, -0.0595350155357, -2.27156009219, 0.141073002545, -4.61024556217, -2.02689731928, -3.12554435152, 0.594211368904, 115.738699674
0.498882612682, -1.49264779285, -2.56420815813, 2.93939927496, -3.06323454876, -3.10426092576, -0.207037816756, -1.0293875873, -3.68916695802, -0.858828480315, 0.498882612682, 117.703666897
0.594211368904, -0.0670607723128, -3.50373372917, 1.95036445536, -0.0595350155357, -2.27156009219, 0.141073002545, -4.61024556217, -2.02689731928, -3.12554435152, 0.594211368904, 115.738699674
0.0352737764321, 3.94678951443, 3.63956470635, 2.73765402545, 1.99999487122, -4.51056049899, -4.78679636961, 1.74174643545, 3.39260998296, 1.4480390391, 0.0352737764321, 183.91685234
0.0352737764321, 3.94678951443, 3.63956470635, 2.73765402545, 1.99999487122, -4.51056049899, -4.78679636961, 1.74174643545, 3.39260998296, 1.4480390391, 0.0352737764321, 183.91685234
0.06331350074, 0.687272573804, 0.480571892763, 0.837560977875, -3.45451477562, -2.51901296088, -1.19163388633, 1.07798272684, -4.36116928111, 3.851331045, 0.06331350074, 137.390609969
0.0397182562031, -0.109536537581, -4.35160775871, -0.141463405445, -2.73831170831, -1.69435968819, 3.43049576967, -1.51094002097, 2.70347781285, -0.950352522049, 0.0397182562031, 147.062706056
0.0657974696851, -3.39635887616, -0.591183118368, -1.0846559848, 3.99784269317, -2.06860853487, 0.193844841026, -0.541845063135, -3.78115048319, 0.264331752445, 0.0657974696851, 128.931416783
0.06331350074, 0.687272573804, 0.480571892763, 0.837560977875, -3.45451477562, -2.51901296088, -1.19163388633, 1.07798272684, -4.36116928111, 3.851331045, 0.06331350074, 137.390609969
0.0397182562031, -0.109536537581, -4.35160775871, -0.141463405445, -2.73831170831, -1.69435968819, 3.43049576967, -1.51094002097, 2.70347781285, -0.950352522049, 0.0397182562031, 147.062706056
0.0657974696851, -3.39635887616, -0.591183118368, -1.0846559848, 3.99784269317, -2.06860853487, 0.193844841026, -0.541845063135, -3.78115048319, 0.264331752445, 0.0657974696851, 128.931416783
0.54710061721, 1.13457923506, 1.96186950758, -1.3813745177, -0.543209577283, -3.78361004819, -0.146438321361, -0.258582290046, 0.544239383082, -1.81499206582, 0.54710061721, 119.373332036
0.54710061721, 1.13457923506, 1.96186950758, -1.3813745177, -0.543209577283, -3.78361004819, -0.146438321361, -0.258582290046, 0.544239383082, -1.81499206582, 0.54710061721, 119.373332036
0.0405659005458, -2.20302408543, -1.47446057324, 4.18009443905, -0.963703633712, -2.63236716336, 4.15340460222, -4.31521831842, 3.48425088004, -0.108635929028, 0.0405659005458, 167.003525405
0.0405659005458, -2.20302408543, -1.47446057324, 4.18009443905, -0.963703633712, -2.63236716336, 4.15340460222, -4.31521831842, 3.48425088004, -0.108635929028, 0.0405659005458, 167.003525405
0.716128411758, 0.450129941661, 2.3264256754, -3.90063186221, 0.831812346165, 1.16532289409, 0.958929468269, -2.1567769256, -0.344429756546, 0.585747502257, 0.716128411758, 118.595845615
0.716128411758, 0.450129941661, 2.3264256754, -3.90063186221, 0.831812346165, 1.16532289409, 0.958929468269, -2.1567769256, -0.344429756546, 0.585747502257, 0.716128411758, 118.595845615
0.0657059351012, -2.38975789799, 0.147934383113, -4.16323528172, -2.77623551845, 4.08800638866, -3.09202433455, -0.560213387598, -1.54415696262, -0.706109162779, 0.0657059351012, 150.560807156
0.0657059351012, -2.38975789799, 0.147934383113, -4.16323528172, -2.77623551845, 4.08800638866, -3.09202433455, -0.560213387598, -1.54415696262, -0.706109162779, 0.0657059351012, 150.560807156
0.362822643543, 1.37713718146, -4.95293990817, -3.80083507722, 2.3278089788, -0.427585021764, 0.95668634001, 0.0593719587267, 2.13112848374, -2.03529726478, 0.362822643543, 121.825413045
0.362822643543, 1.37713718146, -4.95293990817, -3.80083507722, 2.3278089788, -0.427585021764, 0.95668634001, 0.0593719587267, 2.13112848374, -2.03529726478, 0.362822643543, 121.825413045
0.0510553554542, 2.61456599771, -4.7885587487, -1.44703299707, -1.83801766408, 1.62473204947, 3.19936429294, 1.82678197596, 2.65554417527, -1.3700525204, 0.0510553554542, 173.608657744
0.0510553554542, 2.61456599771, -4.7885587487, -1.44703299707, -1.83801766408, 1.62473204947, 3.19936429294, 1.82678197596, 2.65554417527, -1.3700525204, 0.0510553554542, 173.608657744
0.329062546859, 0.436163156091, 4.4829320487, 1.93300397909, -0.0498099046338, 4.99566070836, -3.58926705346, 4.72182546818, -0.42997295364, -0.979855947253, 0.329062546859, 123.81902523
0.329062546859, 0.436163156091, 4.4829320487, 1.93300397909, -0.0498099046338, 4.99566070836, -3.58926705346, 4.72182546818, -0.42997295364, -0.979855947253, 0.329062546859, 123.81902523
0.153586555409, -2.91828188358, 3.47213904816, -4.01643924255, -2.96940263006, 4.59202942068, 0.891502498882, 4.58798137906, 0.0674631023796, 1.75794726185, 0.153586555409, 141.68481021
0.153586555409, -2.91828188358, 3.47213904816, -4.01643924255, -2.96940263006, 4.59202942068, 0.891502498882, 4.58798137906, 0.0674631023796, 1.75794726185, 0.153586555409, 141.68481021
0.706126109513, 0.876639659663, 2.60272515658, -3.7983495687, -0.499359459989, -2.15817353701, 2.36309340668, 0.805495845985, -2.01639378421, -1.54234132775, 0.706126109513, 120.591486826
0.706126109513, 0.876639659663, 2.60272515658, -3.7983495687, -0.499359459989, -2.15817353701, 2.36309340668, 0.805495845985, -2.01639378421, -1.54234132775, 0.706126109513, 120.591486826
0.0759147135892, 4.31504656621, 4.35386887258, -1.55767131244, -3.0366765715, 3.2918522284, 3.55277406092, -3.51056960087, -3.06062466825, -3.59630629851, 0.0759147135892, 171.421448437
0.0759147135892, 4.31504656621, 4.35386887258, -1.55767131244, -3.0366765715, 3.2918522284, 3.55277406092, -3.51056960087, -3.06062466825, -3.59630629851, 0.0759147135892, 171.421448437
0.130459841386, -2.74495717552, -3.82266122599, 1.08305703584, 0.205030739141, 0.986107657249, -3.12408257919, 2.75847879442, 0.0715530840349, 0.213942681467, 0.130459841386, 155.01140277
0.130459841386, -2.74495717552, -3.82266122599, 1.08305703584, 0.205030739141, 0.986107657249, -3.12408257919, 2.75847879442, 0.0715530840349, 0.213942681467, 0.130459841386, 155.01140277
0.994791610357, 1.60484815113, -0.144243674437, 1.58039198565, 3.35137214683, 0.917811556328, 2.92571178699, 1.36054176043, 3.41130118138, 3.58839623016, 0.994791610357, 122.471278493
0.994791610357, 1.60484815113, -0.144243674437, 1.58039198565, 3.35137214683, 0.917811556328, 2.92571178699, 1.36054176043, 3.41130118138, 3.58839623016, 0.994791610357, 122.471278493
0.134719772207, -2.47541236067, 0.922289632429, -3.25086631508, 3.87101779577, 4.9721456394, 2.06180166902, -2.97851056853, 2.11619857375, 4.68735855535, 0.134719772207, 162.99036461
0.134719772207, -2.47541236067, 0.922289632429, -3.25086631508, 3.87101779577, 4.9721456394, 2.06180166902, -2.97851056853, 2.11619857375, 4.68735855535, 0.134719772207, 162.99036461
0.517606063969, 1.57474480774, -4.29601769111, 0.928178573106, -0.26583192736, 1.53037560554, -3.37398630842, -0.639588779574, 0.0200964126258, 2.19648387308, 0.517606063969, 128.71232045
0.517606063969, 1.57474480774, -4.29601769111, 0.928178573106, -0.26583192736, 1.53037560554, -3.37398630842, -0.639588779574, 0.0200964126258, 2.19648387308, 0.517606063969, 128.71232045
0.0728279525619, 3.72341581466, -1.70682335036, -4.59469127753, 1.74451555389, -2.29962320238, 2.70899265847, 2.21602557673, -1.36948811385, 4.26964477891, 0.0728279525619, 230.155187799
0.0728279525619, 3.72341581466, -1.70682335036, -4.59469127753, 1.74451555389, -2.29962320238, 2.70899265847, 2.21602557673, -1.36948811385, 4.26964477891, 0.0728279525619, 230.155187799
0.0855769535073, -1.40769894872, -4.54178911769, 0.345394444139, 3.14648139854, 3.89734866892, 2.26780760126, 2.98286113183, 4.80863763357, -1.80957889, 0.0855769535073, 184.852965351
0.0855769535073, -1.40769894872, -4.54178911769, 0.345394444139, 3.14648139854, 3.89734866892, 2.26780760126, 2.98286113183, 4.80863763357, -1.80957889, 0.0855769535073, 184.852965351
0.556353348677, 1.69550897937, -1.15153151579, -0.907559576137, 2.5446174629, 3.62700662292, -0.7951211422, -2.76305874051, -0.086613594131, 0.495581460785, 0.556353348677, 126.672588042
0.556353348677, 1.69550897937, -1.15153151579, -0.907559576137, 2.5446174629, 3.62700662292, -0.7951211422, -2.76305874051, -0.086613594131, 0.495581460785, 0.556353348677, 126.672588042
0.083093520307, 2.23357277343, -0.37439761998, -4.90027890368, -0.161943577885, -0.115295161987, 3.8486853488, 1.67437142696, -0.741057583741, 3.81529103374, 0.083093520307, 188.7199342
0.083093520307, 2.23357277343, -0.37439761998, -4.90027890368, -0.161943577885, -0.115295161987, 3.8486853488, 1.67437142696, -0.741057583741, 3.81529103374, 0.083093520307, 188.7199342
0.232997154297, -3.88074961431, 0.470199915846, -1.27743736938, -1.58479473967, -3.36288074121, 0.624399479405, 3.63184762031, -2.46499569784, -3.24368688055, 0.232997154297, 149.675255442
0.112616783181, 4.94839235511, -4.77094820508, 4.88091281152, -3.98990758739, -0.399682032732, 2.7627410523, -3.93567296881, 4.53406245331, -2.82008502123, 0.112616783181, 217.988740871
0.232997154297, -3.88074961431, 0.470199915846, -1.27743736938, -1.58479473967, -3.36288074121, 0.624399479405, 3.63184762031, -2.46499569784, -3.24368688055, 0.232997154297, 149.675255442
0.112616783181, 4.94839235511, -4.77094820508, 4.88091281152, -3.98990758739, -0.399682032732, 2.7627410523, -3.93567296881, 4.53406245331, -2.82008502123, 0.112616783181, 217.988740871
0.416536699282, 2.41320716744, 1.0899628613, 0.00834846330964, -3.04891194366, 4.67321508035, 3.62444638476, 1.8467174197, 1.29201456999, 1.97507191258, 0.416536699282, 132.496678994
0.416536699282, 2.41320716744, 1.0899628613, 0.00834846330964, -3.04891194366, 4.67321508035, 3.62444638476, 1.8467174197, 1.29201456999, 1.97507191258, 0.416536699282, 132.496678994
0.164754293129, -4.46917353522, -3.53528515432, -2.27874437821, 0.458335904315, -1.62474475572, 3.72893497315, 3.09191226341, 1.60562704525, 3.21732580387, 0.164754293129, 162.649301379
0.164754293129, -4.46917353522, -3.53528515432, -2.27874437821, 0.458335904315, -1.62474475572, 3.72893497315, 3.09191226341, 1.60562704525, 3.21732580387, 0.164754293129, 162.649301379
0.436711838201, -4.10113922422, -1.23718158005, -1.49302729174, -4.54659511862, 2.13060380623, -0.218751901441, 0.884540175046, 0.125334603258, 0.870559738794, 0.436711838201, 136.359810932
0.436711838201, -4.10113922422, -1.23718158005, -1.49302729174, -4.54659511862, 2.13060380623, -0.218751901441, 0.884540175046, 0.125334603258, 0.870559738794, 0.436711838201, 136.359810932
0.762944465504, 0.231255963358, -2.33350116131, -1.33929244772, 1.43280041026, -1.13063891692, 1.05823274611, -0.251559370388, -3.1169372844, -0.367841344842, 0.762944465504, 128.208268005
0.762944465504, 0.231255963358, -2.33350116131, -1.33929244772, 1.43280041026, -1.13063891692, 1.05823274611, -0.251559370388, -3.1169372844, -0.367841344842, 0.762944465504, 128.208268005
0.338685883312, -2.82730580599, -1.23682788806, -1.40414666487, -2.0191797586, 0.805405677357, -3.23453002201, -0.440649776642, -0.0707041071245, 4.32341810781, 0.338685883312, 148.655879048
0.330427153673, -4.51305292962, -2.98668760358, 4.91311203964, -0.217200479754, -3.06282485858, 2.71843192751, 2.41604439776, 0.882352047919, -2.56611092625, 0.330427153673, 148.856174117
0.338685883312, -2.82730580599, -1.23682788806, -1.40414666487, -2.0191797586, 0.805405677357, -3.23453002201, -0.440649776642, -0.0707041071245, 4.32341810781, 0.338685883312, 148.655879048
0.330427153673, -4.51305292962, -2.98668760358, 4.91311203964, -0.217200479754, -3.06282485858, 2.71843192751, 2.41604439776, 0.882352047919, -2.56611092625, 0.330427153673, 148.856174117
0.554545246194, -0.948368671046, 1.14446245942, -4.99460943803, -3.50349224361, -1.47145389991, -0.726759600863, -0.207688860223, -2.13534326336, -3.59745714391, 0.554545246194, 131.887566081
0.554545246194, -0.948368671046, 1.14446245942, -4.99460943803, -3.50349224361, -1.47145389991, -0.726759600863, -0.207688860223, -2.13534326336, -3.59745714391, 0.554545246194, 131.887566081
0.144318412837, -0.648389345273, 4.81065826924, -0.735862823179, -2.67558615111, 4.79538831662, -0.102583160899, -4.36716785796, -2.10576002484, -4.97594256552, 0.144318412837, 214.124425199
0.144318412837, -0.648389345273, 4.81065826924, -0.735862823179, -2.67558615111, 4.79538831662, -0.102583160899, -4.36716785796, -2.10576002484, -4.97594256552, 0.144318412837, 214.124425199
0.553127263444, -2.02256383924, 0.959247384619, -3.51363985537, 1.46264044496, -1.66518384415, -4.78160732947, 4.42669083317, 1.36563065436, 0.32982206944, 0.553127263444, 135.172909146
0.553127263444, -2.02256383924, 0.959247384619, -3.51363985537, 1.46264044496, -1.66518384415, -4.78160732947, 4.42669083317, 1.36563065436, 0.32982206944, 0.553127263444, 135.172909146
0.186915531986, 4.7964618612, 0.868728214509, 3.74808933219, 1.24454389956, 3.4187432447, -4.44722909512, -0.482360745397, -2.31530455719, -0.350498698479, 0.186915531986, 183.631580225
0.186915531986, 4.7964618612, 0.868728214509, 3.74808933219, 1.24454389956, 3.4187432447, -4.44722909512, -0.482360745397, -2.31530455719, -0.350498698479, 0.186915531986, 183.631580225
0.747229947825, 0.882273185782, 0.658566527641, -0.888586448681, -1.57485662019, -4.43393052111, 0.232400365911, -1.66706733991, -2.46252327372, 2.30565500705, 0.747229947825, 131.734617389
0.747229947825, 0.882273185782, 0.658566527641, -0.888586448681, -1.57485662019, -4.43393052111, 0.232400365911, -1.66706733991, -2.46252327372, 2.30565500705, 0.747229947825, 131.734617389
0.803130614407, 1.22770116766, -1.38824189465, 2.03652034926, -2.82732882566, -2.90685739962, -4.07197600736, -0.837134036191, -1.87137456244, -1.4275747737, 0.803130614407, 131.290868819
0.803130614407, 1.22770116766, -1.38824189465, 2.03652034926, -2.82732882566, -2.90685739962, -4.07197600736, -0.837134036191, -1.87137456244, -1.4275747737, 0.803130614407, 131.290868819
0.608816468375, 1.72853893805, 0.0942935839219, 3.40402894489, -0.153637406897, 1.85657580204, 3.7521943288, 0.520894537371, -3.43708397146, -0.0970155025309, 0.608816468375, 133.208949179
0.608816468375, 1.72853893805, 0.0942935839219, 3.40402894489, -0.153637406897, 1.85657580204, 3.7521943288, 0.520894537371, -3.43708397146, -0.0970155025309, 0.608816468375, 133.208949179
0.891708799796, -4.51367068325, -3.02139385684, 0.0764116820541, -2.37093944318, 1.38252141292, 3.80634622476, -2.41433818173, -3.4548592102, -3.51967183648, 0.891708799796, 131.737200459
0.891708799796, -4.51367068325, -3.02139385684, 0.0764116820541, -2.37093944318, 1.38252141292, 3.80634622476, -2.41433818173, -3.4548592102, -3.51967183648, 0.891708799796, 131.737200459
0.634110822717, 1.93057438058, -2.16982960215, -3.32060519999, -2.05710460391, 3.12892202466, 4.440547674, -0.0881417922691, -3.06718832404, -2.95241427635, 0.634110822717, 133.804159549
0.634110822717, 1.93057438058, -2.16982960215, -3.32060519999, -2.05710460391, 3.12892202466, 4.440547674, -0.0881417922691, -3.06718832404, -2.95241427635, 0.634110822717, 133.804159549
