2.55026539153e-06, 1.89889936786, 4.46804142674, 3.23504050953, 3.5945022037, -3.25774130022, -1.18497244822, -0.237688368458, -2.34285545401, 4.90673875121, 2.55026539153e-06, 200.238700026
2.55026539153e-06, 1.89889936786, 4.46804142674, 3.23504050953, 3.5945022037, -3.25774130022, -1.18497244822, -0.237688368458, -2.34285545401, 4.90673875121, 2.55026539153e-06, 200.238700026
4.64638251019e-06, -0.536547027061, 4.44077847033, 1.01826911735, 1.43280041026, 1.99228742661, 0.587778846405, -1.54698069251, 1.83281799328, -3.50487307275, 4.64638251019e-06, 76.0559589982
4.64638251019e-06, -0.536547027061, 4.44077847033, 1.01826911735, 1.43280041026, 1.99228742661, 0.587778846405, -1.54698069251, 1.83281799328, -3.50487307275, 4.64638251019e-06, 76.0559589982
0.0359410474268, -2.42720719674, -0.123639086058, 2.48546394321, -0.505178674618, -0.390962623185, -1.56027894951, -1.51094002097, -0.105634820999, -0.474565358987, 0.0359410474268, 51.2956476455
0.0359410474268, -2.42720719674, -0.123639086058, 2.48546394321, -0.505178674618, -0.390962623185, -1.56027894951, -1.51094002097, -0.105634820999, -0.474565358987, 0.0359410474268, 51.2956476455
0.0359410474268, -2.42720719674, -0.123639086058, 2.48546394321, -0.505178674618, -0.390962623185, -1.56027894951, -1.51094002097, -0.105634820999, -0.474565358987, 0.0359410474268, 51.2956476455
0.0359410474268, -2.42720719674, -0.123639086058, 2.48546394321, -0.505178674618, -0.390962623185, -1.56027894951, -1.51094002097, -0.105634820999, -0.474565358987, 0.0359410474268, 51.2956476455
0.0359410474268, -2.42720719674, -0.123639086058, 2.48546394321, -0.505178674618, -0.390962623185, -1.56027894951, -1.51094002097, -0.105634820999, -0.474565358987, 0.0359410474268, 51.2956476455
0.0359410474268, -2.42720719674, -0.123639086058, 2.48546394321, -0.505178674618, -0.390962623185, -1.56027894951, -1.51094002097, -0.105634820999, -0.474565358987, 0.0359410474268, 51.2956476455
0.00406119161633, -0.604056174763, -0.123639086058, 2.48546394321, -0.505178674618, -4.04089623044, -1.56027894951, -1.51094002097, -0.105634820999, -0.474565358987, 0.00406119161633, 58.7278100587
0.00406119161633, -0.604056174763, -0.123639086058, 2.48546394321, -0.505178674618, -4.04089623044, -1.56027894951, -1.51094002097, -0.105634820999, -0.474565358987, 0.00406119161633, 58.7278100587
0.00406119161633, -0.604056174763, -0.123639086058, 2.48546394321, -0.505178674618, -4.04089623044, -1.56027894951, -1.51094002097, -0.105634820999, -0.474565358987, 0.00406119161633, 58.7278100587
0.00406119161633, -0.604056174763, -0.123639086058, 2.48546394321, -0.505178674618, -4.04089623044, -1.56027894951, -1.51094002097, -0.105634820999, -0.474565358987, 0.00406119161633, 58.7278100587
0.00526254380535, -1.40444349589, 0.0203993886813, -0.899818638504, -0.153637406897, 1.01621458014, 0.3918009511, -1.51094002097, -0.105634820999, -0.952261119463, 0.00526254380535, 52.8990667227
0.00526254380535, -1.40444349589, 0.0203993886813, -0.899818638504, -0.153637406897, 1.01621458014, 0.3918009511, -1.51094002097, -0.105634820999, -0.952261119463, 0.00526254380535, 52.8990667227
0.000462227821072, -0.536547027061, 1.11092043163, 1.01826911735, 1.43280041026, 2.9245171139, -2.01488404734, -1.54698069251, 2.36480372715, 1.97721445929, 0.000462227821072, 60.7396926092
0.000462227821072, -0.536547027061, 1.11092043163, 1.01826911735, 1.43280041026, 2.9245171139, -2.01488404734, -1.54698069251, 2.36480372715, 1.97721445929, 0.000462227821072, 60.7396926092
3.56278729075e-06, 3.12404262197, 4.84890465589, 3.49733159278, 3.5945022037, -1.49411991845, -1.9693439424, 2.09273251054, -2.34285545401, 3.0706084251, 3.56278729075e-06, 138.628745436
3.56278729075e-06, 3.12404262197, 4.84890465589, 3.49733159278, 3.5945022037, -1.49411991845, -1.9693439424, 2.09273251054, -2.34285545401, 3.0706084251, 3.56278729075e-06, 138.628745436
4.64638251019e-06, -0.536547027061, 4.44077847033, 1.92113809526, 1.43280041026, 1.99228742661, 0.587778846405, -1.54698069251, 2.36480372715, -4.06042801538, 4.64638251019e-06, 88.3553474656
4.64638251019e-06, -0.536547027061, 4.44077847033, 1.92113809526, 1.43280041026, 1.99228742661, 0.587778846405, -1.54698069251, 2.36480372715, -4.06042801538, 4.64638251019e-06, 88.3553474656
0.0359410474268, -2.42720719674, -0.123639086058, 2.48546394321, -0.505178674618, -0.187814676085, -1.56027894951, -1.51094002097, -0.105634820999, -0.474565358987, 0.0359410474268, 60.2695451047
0.0359410474268, -2.42720719674, -0.123639086058, 2.48546394321, -0.505178674618, -0.187814676085, -1.56027894951, -1.51094002097, -0.105634820999, -0.474565358987, 0.0359410474268, 60.2695451047
0.0304659028113, -0.604056174763, -0.123639086058, 0.476723245371, -0.505178674618, -4.07013628085, 2.50911554836, -1.51094002097, 1.6138438832, -0.474565358987, 0.0304659028113, 60.4182256497
0.0304659028113, -0.604056174763, -0.123639086058, 0.476723245371, -0.505178674618, -4.07013628085, 2.50911554836, -1.51094002097, 1.6138438832, -0.474565358987, 0.0304659028113, 60.4182256497
0.0992465190048, 0.97663092369, 0.631824134187, 1.37270891376, 1.49424409159, 0.0936428322378, -2.57745366418, -0.541845063135, 1.00371432511, 1.57212206014, 0.0992465190048, 54.2235972969
0.0992465190048, 0.97663092369, 0.631824134187, 1.37270891376, 1.49424409159, 0.0936428322378, -2.57745366418, -0.541845063135, 1.00371432511, 1.57212206014, 0.0992465190048, 54.2235972969
0.00204694283972, -0.536547027061, -1.36929280833, 0.682180453179, -0.395745991181, 1.99228742661, 1.04104733091, -1.51094002097, 2.92637305456, -0.952261119463, 0.00204694283972, 63.5212744981
0.00204694283972, -0.536547027061, -1.36929280833, 0.682180453179, -0.395745991181, 1.99228742661, 1.04104733091, -1.51094002097, 2.92637305456, -0.952261119463, 0.00204694283972, 63.5212744981
0.000462227821072, -0.536547027061, 1.11092043163, 1.01826911735, 1.43280041026, 2.62443638919, -2.01488404734, -1.54698069251, 2.36480372715, 1.97721445929, 0.000462227821072, 64.8323862279
0.000462227821072, -0.536547027061, 1.11092043163, 1.01826911735, 1.43280041026, 2.62443638919, -2.01488404734, -1.54698069251, 2.36480372715, 1.97721445929, 0.000462227821072, 64.8323862279
3.56278729075e-06, 1.38683811441, 4.84890465589, 3.49733159278, 3.5945022037, -1.49411991845, -1.18497244822, 2.09273251054, -2.34285545401, 4.84306256668, 3.56278729075e-06, 167.314740587
3.56278729075e-06, 1.38683811441, 4.84890465589, 3.49733159278, 3.5945022037, -1.49411991845, -1.18497244822, 2.09273251054, -2.34285545401, 4.84306256668, 3.56278729075e-06, 167.314740587
3.56278729075e-06, 1.38683811441, 4.84890465589, 3.49733159278, 3.5945022037, -1.49411991845, -1.18497244822, 2.09273251054, -2.34285545401, 4.84306256668, 3.56278729075e-06, 167.314740587
3.56278729075e-06, 1.38683811441, 4.84890465589, 3.49733159278, 3.5945022037, -1.49411991845, -1.18497244822, 2.09273251054, -2.34285545401, 4.84306256668, 3.56278729075e-06, 167.314740587
9.15289045359e-05, 0.0156491956653, 0.0203993886813, 2.02407895963, -3.511509736, 1.01621458014, 4.38268028758, 0.285146594852, -0.105634820999, 2.38337997717, 9.15289045359e-05, 89.3430170216
9.15289045359e-05, 0.0156491956653, 0.0203993886813, 2.02407895963, -3.511509736, 1.01621458014, 4.38268028758, 0.285146594852, -0.105634820999, 2.38337997717, 9.15289045359e-05, 89.3430170216
8.14029501085e-05, -0.536547027061, -1.91370910725, -0.899818638504, -1.35649213938, 0.416850855241, -3.64154857673, 2.66726720931, -1.55669928119, 1.05794266792, 8.14029501085e-05, 94.3675413448
8.14029501085e-05, -0.536547027061, -1.91370910725, -0.899818638504, -1.35649213938, 0.416850855241, -3.64154857673, 2.66726720931, -1.55669928119, 1.05794266792, 8.14029501085e-05, 94.3675413448
4.64638251019e-06, -0.536547027061, 4.44077847033, 1.01826911735, 3.96243842483, 1.99228742661, 0.587778846405, -1.54698069251, 3.36205703043, -3.41393332858, 4.64638251019e-06, 96.5987426559
4.64638251019e-06, -0.536547027061, 4.44077847033, 1.01826911735, 3.96243842483, 1.99228742661, 0.587778846405, -1.54698069251, 3.36205703043, -3.41393332858, 4.64638251019e-06, 96.5987426559
0.0992465190048, 0.97663092369, 0.631824134187, 1.37270891376, 1.49424409159, 2.48317914946, -2.57745366418, -0.541845063135, 1.00371432511, 1.57212206014, 0.0992465190048, 54.4428512679
0.0992465190048, 0.97663092369, 0.631824134187, 1.37270891376, 1.49424409159, 2.48317914946, -2.57745366418, -0.541845063135, 1.00371432511, 1.57212206014, 0.0992465190048, 54.4428512679
0.0992465190048, 0.97663092369, 0.631824134187, 1.37270891376, 1.49424409159, 2.48317914946, -2.57745366418, -0.541845063135, 1.00371432511, 1.57212206014, 0.0992465190048, 54.4428512679
0.0992465190048, 0.97663092369, 0.631824134187, 1.37270891376, 1.49424409159, 2.48317914946, -2.57745366418, -0.541845063135, 1.00371432511, 1.57212206014, 0.0992465190048, 54.4428512679
0.0992465190048, 0.97663092369, 0.631824134187, 1.37270891376, 1.49424409159, 2.48317914946, -2.57745366418, -0.541845063135, 1.00371432511, 1.57212206014, 0.0992465190048, 54.4428512679
0.0992465190048, 0.97663092369, 0.631824134187, 1.37270891376, 1.49424409159, 2.48317914946, -2.57745366418, -0.541845063135, 1.00371432511, 1.57212206014, 0.0992465190048, 54.4428512679
0.000462227821072, -0.536547027061, 1.11092043163, 1.01826911735, 1.43280041026, -1.43826057483, -2.01488404734, -1.54698069251, 2.36480372715, -3.41393332858, 0.000462227821072, 65.5845938093
0.000462227821072, -0.536547027061, 1.11092043163, 1.01826911735, 1.43280041026, -1.43826057483, -2.01488404734, -1.54698069251, 2.36480372715, -3.41393332858, 0.000462227821072, 65.5845938093
3.56278729075e-06, 1.89889936786, 4.46804142674, 0.724435542878, 3.5945022037, -1.49411991845, -1.18497244822, -0.237688368458, -4.87163472208, 4.98121915663, 3.56278729075e-06, 171.290029836
3.56278729075e-06, 1.89889936786, 4.46804142674, 0.724435542878, 3.5945022037, -1.49411991845, -1.18497244822, -0.237688368458, -4.87163472208, 4.98121915663, 3.56278729075e-06, 171.290029836
8.14029501085e-05, -2.40963660741, -1.91370910725, -0.899818638504, -1.08768998373, 1.01621458014, -3.64154857673, 2.66726720931, -0.105634820999, -0.952261119463, 8.14029501085e-05, 94.9821580774
8.14029501085e-05, -2.40963660741, -1.91370910725, -0.899818638504, -1.08768998373, 1.01621458014, -3.64154857673, 2.66726720931, -0.105634820999, -0.952261119463, 8.14029501085e-05, 94.9821580774
4.64638251019e-06, -0.536547027061, 4.44077847033, 1.01826911735, -1.75630802141, 1.99228742661, 0.587778846405, -1.54698069251, 2.36480372715, -3.41393332858, 4.64638251019e-06, 96.8049581647
4.64638251019e-06, -0.536547027061, 4.44077847033, 1.01826911735, -1.75630802141, 1.99228742661, 0.587778846405, -1.54698069251, 2.36480372715, -3.41393332858, 4.64638251019e-06, 96.8049581647
0.0992465190048, 0.97663092369, 0.631824134187, 1.37270891376, 1.49424409159, 2.95908759815, -2.57745366418, -0.541845063135, 1.00371432511, 1.57212206014, 0.0992465190048, 58.1030565145
0.0992465190048, 0.97663092369, 0.631824134187, 1.37270891376, 1.49424409159, 2.95908759815, -2.57745366418, -0.541845063135, 1.00371432511, 1.57212206014, 0.0992465190048, 58.1030565145
0.000462227821072, -1.43951300824, 2.55232153824, -2.48547075952, 1.43280041026, 1.99228742661, -2.01488404734, -1.54698069251, 0.871218953726, -3.41393332858, 0.000462227821072, 66.7043403089
0.000462227821072, -1.43951300824, 2.55232153824, -2.48547075952, 1.43280041026, 1.99228742661, -2.01488404734, -1.54698069251, 0.871218953726, -3.41393332858, 0.000462227821072, 66.7043403089
0.0359410474268, -3.34604950267, -0.123639086058, 2.48546394321, -0.505178674618, -0.390962623185, -1.56027894951, -1.51094002097, -0.105634820999, -0.474565358987, 0.0359410474268, 66.2586273213
0.0359410474268, -3.34604950267, -0.123639086058, 2.48546394321, -0.505178674618, -0.390962623185, -1.56027894951, -1.51094002097, -0.105634820999, -0.474565358987, 0.0359410474268, 66.2586273213
3.56278729075e-06, 3.12404262197, 4.96610742285, 3.49733159278, 3.5945022037, -1.49411991845, -3.69030462775, 2.09273251054, -2.34285545401, 4.84306256668, 3.56278729075e-06, 178.022898344
3.56278729075e-06, 3.12404262197, 4.96610742285, 3.49733159278, 3.5945022037, -1.49411991845, -3.69030462775, 2.09273251054, -2.34285545401, 4.84306256668, 3.56278729075e-06, 178.022898344
4.64638251019e-06, -0.536547027061, 4.72017038997, 1.01826911735, 1.97431707547, 1.04690455347, 2.55137902493, -1.54698069251, 2.36480372715, -3.41393332858, 4.64638251019e-06, 98.8402405863
4.64638251019e-06, -0.536547027061, 4.72017038997, 1.01826911735, 1.97431707547, 1.04690455347, 2.55137902493, -1.54698069251, 2.36480372715, -3.41393332858, 4.64638251019e-06, 98.8402405863
0.0992465190048, 0.97663092369, 0.631824134187, 1.37270891376, 1.49424409159, 2.48317914946, -2.57745366418, -0.541845063135, 0.0955689108275, 1.57212206014, 0.0992465190048, 59.8189864679
0.0992465190048, 0.97663092369, 0.631824134187, 1.37270891376, 1.49424409159, 2.48317914946, -2.57745366418, -0.541845063135, 0.0955689108275, 1.57212206014, 0.0992465190048, 59.8189864679
0.000462227821072, 0.446206484955, 4.1012669525, 1.01826911735, 1.98020503283, 4.44585272912, -2.01488404734, -1.54698069251, 2.02254557879, -1.4720025, 0.000462227821072, 70.3898040216
0.000462227821072, 0.446206484955, 4.1012669525, 1.01826911735, 1.98020503283, 4.44585272912, -2.01488404734, -1.54698069251, 2.02254557879, -1.4720025, 0.000462227821072, 70.3898040216
3.56278729075e-06, 1.32500575136, 4.46804142674, 0.724435542878, 3.5945022037, -3.35952002137, -1.18497244822, -0.237688368458, -4.9963625418, 4.98121915663, 3.56278729075e-06, 190.053668534
3.56278729075e-06, 1.32500575136, 4.46804142674, 0.724435542878, 3.5945022037, -3.35952002137, -1.18497244822, -0.237688368458, -4.9963625418, 4.98121915663, 3.56278729075e-06, 190.053668534
8.14029501085e-05, -2.99209787762, -1.91370910725, -0.899818638504, -2.00924484936, 0.916581884672, -3.64154857673, 2.1874834511, 1.63279464894, 1.05794266792, 8.14029501085e-05, 101.163597428
8.14029501085e-05, -2.99209787762, -1.91370910725, -0.899818638504, -2.00924484936, 0.916581884672, -3.64154857673, 2.1874834511, 1.63279464894, 1.05794266792, 8.14029501085e-05, 101.163597428
4.64638251019e-06, 4.90787679132, 4.44077847033, 1.01826911735, 0.461879613927, 1.99228742661, 0.587778846405, -1.54698069251, 2.36480372715, -3.41393332858, 4.64638251019e-06, 103.838947903
4.64638251019e-06, 4.90787679132, 4.44077847033, 1.01826911735, 0.461879613927, 1.99228742661, 0.587778846405, -1.54698069251, 2.36480372715, -3.41393332858, 4.64638251019e-06, 103.838947903
6.23925474964e-05, -1.14077333256, 0.0203993886813, 2.02407895963, -1.08768998373, 1.01621458014, 4.38268028758, 0.285146594852, -0.105634820999, 0.713674354725, 6.23925474964e-05, 101.505944878
6.23925474964e-05, -1.14077333256, 0.0203993886813, 2.02407895963, -1.08768998373, 1.01621458014, 4.38268028758, 0.285146594852, -0.105634820999, 0.713674354725, 6.23925474964e-05, 101.505944878
0.0992465190048, 0.97663092369, 0.631824134187, 1.37270891376, 1.49424409159, 1.17316858475, -2.57745366418, -0.541845063135, 1.00371432511, 1.57212206014, 0.0992465190048, 65.120579342
0.0992465190048, 0.97663092369, 0.631824134187, 1.37270891376, 1.49424409159, 1.17316858475, -2.57745366418, -0.541845063135, 1.00371432511, 1.57212206014, 0.0992465190048, 65.120579342
0.000462227821072, -0.536547027061, 4.44077847033, 1.01826911735, 1.98020503283, 2.9245171139, -2.01488404734, -1.54698069251, 2.02254557879, -3.41393332858, 0.000462227821072, 72.7053507081
0.000462227821072, -0.536547027061, 4.44077847033, 1.01826911735, 1.98020503283, 2.9245171139, -2.01488404734, -1.54698069251, 2.02254557879, -3.41393332858, 0.000462227821072, 72.7053507081
0.000462227821072, -0.536547027061, 4.44077847033, 1.01826911735, 1.98020503283, 2.9245171139, -2.01488404734, -1.54698069251, 2.02254557879, -3.41393332858, 0.000462227821072, 72.7053507081
0.000462227821072, -0.536547027061, 4.44077847033, 1.01826911735, 1.98020503283, 2.9245171139, -2.01488404734, -1.54698069251, 2.02254557879, -3.41393332858, 0.000462227821072, 72.7053507081
0.00359040912211, -0.604056174763, -0.123639086058, -0.141463405445, -0.505178674618, -4.04089623044, -1.00347042812, -3.57770318721, 0.945999302578, -0.474565358987, 0.00359040912211, 70.6373965162
0.00359040912211, -0.604056174763, -0.123639086058, -0.141463405445, -0.505178674618, -4.04089623044, -1.00347042812, -3.57770318721, 0.945999302578, -0.474565358987, 0.00359040912211, 70.6373965162
3.56278729075e-06, 1.89889936786, 4.46804142674, 3.23504050953, 3.5945022037, -3.25774130022, -1.18497244822, -0.237688368458, -2.34285545401, 4.90673875121, 3.56278729075e-06, 200.238700026
3.56278729075e-06, 1.89889936786, 4.46804142674, 3.23504050953, 3.5945022037, -3.25774130022, -1.18497244822, -0.237688368458, -2.34285545401, 4.90673875121, 3.56278729075e-06, 200.238700026
4.64638251019e-06, 4.90787679132, 4.44077847033, 1.01826911735, 0.461879613927, 1.99228742661, 3.30616573109, -1.54698069251, 2.36480372715, -3.41393332858, 4.64638251019e-06, 126.543784065
4.64638251019e-06, 4.90787679132, 4.44077847033, 1.01826911735, 0.461879613927, 1.99228742661, 3.30616573109, -1.54698069251, 2.36480372715, -3.41393332858, 4.64638251019e-06, 126.543784065
0.0992465190048, 0.97663092369, -3.62689820279, 1.37270891376, 1.49424409159, 2.48317914946, -2.57745366418, -0.541845063135, 1.00371432511, 1.57212206014, 0.0992465190048, 66.5800903284
0.0992465190048, 0.97663092369, -3.62689820279, 1.37270891376, 1.49424409159, 2.48317914946, -2.57745366418, -0.541845063135, 1.00371432511, 1.57212206014, 0.0992465190048, 66.5800903284
0.00509044011147, -1.02557050245, 0.0203993886813, 2.02407895963, 0.318575993907, 4.97570050617, 2.95148653705, -1.03627879707, -0.105634820999, -0.952261119463, 0.00509044011147, 72.1372197802
7.65144590443e-05, -2.8210460463, -1.92957520841, -0.899818638504, 3.57387181906, 1.59587276856, 2.4771882471, 2.1874834511, 0.554175709034, -0.404097669624, 7.65144590443e-05, 103.633787884
2.86819404783e-05, 1.89889936786, -0.800030589131, 3.51600398221, 3.5945022037, -1.49411991845, -1.18497244822, 2.91017071316, 1.89408465513, 2.39582207244, 2.86819404783e-05, 121.184442894
0.000462227821072, 0.446206484955, 4.1012669525, 0.786007000768, 1.98020503283, 4.44585272912, -2.01488404734, -1.54698069251, 2.02254557879, -1.4720025, 0.000462227821072, 88.7020355266
8.14029501085e-05, -2.40963660741, -1.91370910725, -0.899818638504, -1.35649213938, 0.416850855241, -3.64154857673, 2.1874834511, -2.00137788571, 1.05794266792, 8.14029501085e-05, 103.459495506
0.000502739685586, -0.536547027061, -1.08023556399, -0.899818638504, 0.0532280605073, 0.430127273863, -0.397585836945, -3.8280856295, -1.55669928119, 3.51602353953, 0.000502739685586, 76.8474425416
0.000462227821072, 0.446206484955, 4.1012669525, 0.786007000768, 1.98020503283, 4.44585272912, -2.01488404734, -1.54698069251, 2.02254557879, -1.4720025, 0.000462227821072, 88.7020355266
0.00509044011147, -1.02557050245, 0.0203993886813, 2.02407895963, 0.318575993907, 4.97570050617, 2.95148653705, -1.03627879707, -0.105634820999, -0.952261119463, 0.00509044011147, 72.1372197802
