1.0, 0.350778698311, 0.0426299509003, 1.0, 0.863400736003, 0.546911246861, 0.896615431631, 0.0, 0.0, 4.60982406772
1.0, 0.0, 0.0426299509003, 0.608586365968, 0.722578882019, 0.925589993616, 0.896615431631, 0.0, 0.0, 4.60982406772
0.448235174838, 1.0, 0.140345619454, 0.0, 0.0, 0.23789338242, 0.477075056114, 8.0, 0.0, 0.458474486116
0.328920689589, 1.0, 0.0, 0.0338198572856, 0.0, 0.115940682368, 0.477075056114, 8.0, 0.0, 0.458474486116
0.374674144375, 1.0, 0.0, 0.205039120773, 0.0, 0.0, 1.0, 7.0, 1.0, 0.83256408463
1.0, 0.901385965111, 0.0, 0.0, 0.0, 0.541821119935, 1.0, 1.0, 1.0, 3.27429978545
0.949048944888, 0.281476459599, 1.0, 0.0, 0.0, 0.0, 1.0, 5.0, 0.0, 2.04350797498
0.637818244786, 1.0, 0.140766717572, 0.0850471942804, 0.298223415488, 0.0, 0.508133093784, 5.0, 1.0, 1.63134998875
0.05201086824, 0.134755705251, 0.645774415868, 0.158010335403, 0.244181360024, 0.0, 1.0, 7.0, 0.0, 1.24472207086
0.935325491077, 0.215827744222, 1.0, 0.0, 0.0, 0.518759827994, 0.89162546063, 1.0, 0.0, 3.68645777168
1.0, 0.901385965111, 0.0, 0.0, 0.0, 0.541821119935, 1.0, 1.0, 1.0, 3.27429978545
0.935325491077, 0.0, 0.635603648108, 0.0, 0.224143626863, 0.518759827994, 0.89162546063, 1.0, 0.0, 3.68645777168
0.258266634785, 0.455375217345, 1.0, 0.0, 0.0, 1.0, 0.496824585695, 4.0, 0.0, 2.51358226905
0.0674946218117, 0.455375217345, 1.0, 0.0, 0.0, 1.0, 1.0, 3.0, 0.0, 2.88767186756
1.0, 0.725633169179, 0.0, 0.0345558122996, 0.0, 0.0, 0.129893570077, 6.0, 0.0, 1.25726039024
1.0, 0.75753760645, 0.0, 0.0, 0.329902229166, 1.0, 0.493641230909, 2.0, 0.0, 2.90021018694
0.258266634785, 0.455375217345, 1.0, 0.0, 0.0, 1.0, 0.496824585695, 4.0, 0.0, 2.51358226905
0.05201086824, 1.0, 0.0, 0.0, 0.234827403509, 0.541821119935, 1.0, 3.0, 1.0, 2.47551388133
0.99267415386, 1.0, 0.184211296935, 0.0147618064434, 0.0, 0.0, 0.299305357269, 6.0, 0.0, 1.25726039024
0.999852394924, 0.86955229294, 0.254359189031, 0.0, 0.0, 1.0, 0.230577126529, 2.0, 0.0, 2.90021018694
0.601513707039, 0.0, 1.0, 0.0, 0.0, 0.0198412172157, 1.0, 5.0, 0.0, 2.04350797498
0.05201086824, 1.0, 0.0, 0.0, 0.234827403509, 0.541821119935, 1.0, 3.0, 1.0, 2.47551388133
0.324507032104, 0.907473862302, 0.30243524378, 0.0, 0.0, 0.0, 0.559560145814, 7.0, 1.0, 0.83256408463
1.0, 1.0, 0.0, 0.0, 0.0, 0.0198412172157, 0.899209264518, 5.0, 1.0, 1.63134998875
0.0674946218117, 0.407592026059, 0.645774415868, 0.0, 0.370553322834, 1.0, 1.0, 3.0, 0.0, 2.88767186756
0.454831123926, 0.281476459599, 1.0, 0.158010335403, 0.0, 0.0, 1.0, 7.0, 0.0, 1.24472207086
0.99267415386, 0.134755705251, 0.645774415868, 0.158010335403, 0.0, 0.0, 1.0, 5.0, 0.0, 2.04350797498
1.0, 0.0, 1.0, 0.0, 0.0, 0.116594675126, 1.0, 5.0, 0.0, 2.04350797498
0.935325491077, 0.455375217345, 1.0, 0.0, 0.0, 0.245094136926, 1.0, 5.0, 0.0, 2.04350797498
0.949048944888, 0.281476459599, 1.0, 0.158010335403, 0.0, 0.0198412172157, 1.0, 5.0, 0.0, 2.04350797498
0.99267415386, 0.281476459599, 0.645774415868, 0.158010335403, 0.0, 0.0, 1.0, 5.0, 0.0, 2.04350797498
0.949048944888, 0.0883956021019, 1.0, 0.203399880158, 0.0, 0.0198412172157, 1.0, 5.0, 0.0, 2.04350797498
1.0, 0.0148480755946, 1.0, 0.158010335403, 0.0, 0.116594675126, 1.0, 5.0, 0.0, 2.04350797498
0.99267415386, 0.455375217345, 0.645774415868, 0.0, 0.0, 0.0, 1.0, 5.0, 0.0, 2.04350797498
0.601513707039, 0.0, 1.0, 0.0, 0.0, 0.0198412172157, 1.0, 5.0, 0.0, 2.04350797498
0.99267415386, 0.134755705251, 0.645774415868, 0.0, 0.0, 0.0198412172157, 1.0, 5.0, 0.0, 2.04350797498
0.949048944888, 0.281476459599, 1.0, 0.0, 0.0, 0.0198412172157, 1.0, 5.0, 0.0, 2.04350797498
1.0, 0.317292412155, 1.0, 0.0, 0.0, 0.116594675126, 1.0, 5.0, 0.0, 2.04350797498
0.935325491077, 0.0, 1.0, 0.0, 0.0, 0.0198412172157, 1.0, 5.0, 0.0, 2.04350797498
0.949048944888, 0.281476459599, 1.0, 0.158010335403, 0.0, 0.0198412172157, 1.0, 5.0, 0.0, 2.04350797498
0.99267415386, 0.281476459599, 0.645774415868, 0.158010335403, 0.0, 0.0, 1.0, 5.0, 0.0, 2.04350797498
0.949048944888, 0.0327191441009, 1.0, 0.0298285717831, 0.0, 0.0198412172157, 1.0, 5.0, 0.0, 2.04350797498
0.99267415386, 0.0327191441009, 1.0, 0.0214418292969, 0.0, 0.116594675126, 0.818861230005, 5.0, 0.0, 2.04350797498
1.0, 0.455375217345, 0.645774415868, 0.0, 0.0, 0.0, 1.0, 5.0, 0.0, 2.04350797498
0.601513707039, 0.0, 1.0, 0.0, 0.0, 0.0198412172157, 1.0, 5.0, 0.0, 2.04350797498
0.949048944888, 0.281476459599, 1.0, 0.0, 0.0, 0.0, 1.0, 5.0, 0.0, 2.04350797498
0.99267415386, 0.134755705251, 0.645774415868, 0.158010335403, 0.0, 0.0, 1.0, 5.0, 0.0, 2.04350797498
1.0, 0.0, 1.0, 0.0, 0.0, 0.116594675126, 1.0, 5.0, 0.0, 2.04350797498
0.935325491077, 0.455375217345, 1.0, 0.0, 0.0, 0.245094136926, 1.0, 5.0, 0.0, 2.04350797498
0.949048944888, 0.281476459599, 1.0, 0.158010335403, 0.0, 0.0198412172157, 1.0, 5.0, 0.0, 2.04350797498
0.99267415386, 0.281476459599, 0.645774415868, 0.158010335403, 0.0, 0.0, 1.0, 5.0, 0.0, 2.04350797498
0.949048944888, 0.0883956021019, 1.0, 0.203399880158, 0.0, 0.0198412172157, 1.0, 5.0, 0.0, 2.04350797498
1.0, 0.0148480755946, 1.0, 0.158010335403, 0.0, 0.116594675126, 1.0, 5.0, 0.0, 2.04350797498
0.99267415386, 0.455375217345, 0.645774415868, 0.0, 0.0, 0.0, 1.0, 5.0, 0.0, 2.04350797498
0.601513707039, 0.0, 1.0, 0.0, 0.0, 0.0198412172157, 1.0, 5.0, 0.0, 2.04350797498
0.99267415386, 0.134755705251, 0.645774415868, 0.0, 0.0, 0.0198412172157, 1.0, 5.0, 0.0, 2.04350797498
0.949048944888, 0.281476459599, 1.0, 0.0, 0.0, 0.0198412172157, 1.0, 5.0, 0.0, 2.04350797498
1.0, 0.317292412155, 1.0, 0.0, 0.0, 0.116594675126, 1.0, 5.0, 0.0, 2.04350797498
0.935325491077, 0.0, 1.0, 0.0, 0.0, 0.0198412172157, 1.0, 5.0, 0.0, 2.04350797498
0.949048944888, 0.281476459599, 1.0, 0.158010335403, 0.0, 0.0198412172157, 1.0, 5.0, 0.0, 2.04350797498
0.99267415386, 0.281476459599, 0.645774415868, 0.158010335403, 0.0, 0.0, 1.0, 5.0, 0.0, 2.04350797498
0.949048944888, 0.0327191441009, 1.0, 0.0298285717831, 0.0, 0.0198412172157, 1.0, 5.0, 0.0, 2.04350797498
0.99267415386, 0.0327191441009, 1.0, 0.0214418292969, 0.0, 0.116594675126, 0.818861230005, 5.0, 0.0, 2.04350797498
1.0, 0.455375217345, 0.645774415868, 0.0, 0.0, 0.0, 1.0, 5.0, 0.0, 2.04350797498
1.0, 1.0, 0.48976052303, 0.0850471942804, 0.225019903537, 0.00460181087824, 1.0, 5.0, 1.0, 1.63134998875
1.0, 1.0, 0.0, 0.0850471942804, 0.0, 0.425473145124, 1.0, 5.0, 1.0, 1.63134998875
1.0, 0.852762348532, 0.436555719481, 0.0, 0.0, 0.295670070472, 1.0, 5.0, 1.0, 1.63134998875
1.0, 1.0, 0.0, 0.0169877085308, 0.0, 0.0, 0.891030969316, 5.0, 1.0, 1.63134998875
0.99267415386, 0.958600094822, 0.184211296935, 0.0147618064434, 0.0, 0.0298084198258, 1.0, 5.0, 1.0, 1.63134998875
1.0, 1.0, 0.0, 0.0850471942804, 0.10042459564, 0.425473145124, 1.0, 5.0, 1.0, 1.63134998875
1.0, 0.852762348532, 0.436555719481, 0.0284053868624, 0.0, 0.346725678843, 0.508133093784, 5.0, 1.0, 1.63134998875
0.631708324445, 1.0, 0.184211296935, 0.0, 0.0, 0.0, 0.836450559655, 5.0, 1.0, 1.63134998875
0.637818244786, 0.594944048176, 0.483267452626, 0.272516989635, 0.325562796049, 0.0, 0.559560145814, 5.0, 1.0, 1.63134998875
1.0, 1.0, 0.0, 0.0, 0.0, 0.268209596402, 1.0, 5.0, 1.0, 1.63134998875
0.889055708064, 0.725633169179, 0.0, 0.189562490269, 0.0, 0.0553831822872, 1.0, 5.0, 1.0, 1.63134998875
1.0, 1.0, 0.0, 0.0, 0.329902229166, 0.0, 1.0, 5.0, 1.0, 1.63134998875
0.852145315127, 0.849428020895, 0.0, 0.0, 0.0, 0.0, 1.0, 5.0, 1.0, 1.63134998875
1.0, 1.0, 0.152048238713, 0.0, 0.0, 0.0730247379178, 0.552609220378, 5.0, 1.0, 1.63134998875
0.882881830114, 0.852762348532, 0.162060598362, 0.0, 0.379761255244, 0.0, 0.532856988629, 5.0, 1.0, 1.63134998875
1.0, 0.977747026013, 0.0, 0.0, 0.0, 0.0, 0.708520582319, 5.0, 1.0, 1.63134998875
1.0, 0.756318437359, 0.112095437487, 0.0, 0.219222021468, 0.0, 0.559560145814, 5.0, 1.0, 1.63134998875
0.510536509787, 0.929332885817, 0.386196296526, 0.187054742908, 0.380455522074, 0.0, 0.6624211848, 5.0, 1.0, 1.63134998875
0.917776765842, 0.834316308852, 0.0, 0.284304176727, 0.130510943083, 0.0, 1.0, 5.0, 1.0, 1.63134998875
1.0, 0.676869077197, 0.313608021775, 0.0, 0.0, 0.101595081273, 1.0, 5.0, 1.0, 1.63134998875
0.652267122007, 1.0, 0.0, 0.0, 0.0204021048195, 0.0108838740452, 0.553042313716, 5.0, 1.0, 1.63134998875
0.730132498199, 1.0, 0.202273373091, 0.0, 0.378632323781, 0.0, 1.0, 5.0, 1.0, 1.63134998875
1.0, 1.0, 0.0, 0.0174217617281, 0.272004682331, 0.296196793277, 0.86195975729, 5.0, 1.0, 1.63134998875
0.995211020221, 0.612031934965, 0.483267452626, 0.150103738478, 0.00373830404203, 0.268209596402, 1.0, 5.0, 1.0, 1.63134998875
0.99267415386, 0.999933524143, 0.449572365806, 0.00880459940411, 0.0, 0.0, 0.880828863013, 5.0, 1.0, 1.63134998875
0.648207895295, 1.0, 0.344038183891, 0.0, 0.0752899459069, 0.0797857371815, 0.694405247033, 5.0, 1.0, 1.63134998875
0.851005608853, 1.0, 0.0, 0.0, 0.0163574320704, 0.0, 0.70778225235, 5.0, 1.0, 1.63134998875
1.0, 1.0, 0.436555719481, 0.290054689259, 0.0, 0.0798465445457, 1.0, 5.0, 1.0, 1.63134998875
