0.832322459652, 0.73106736051, 0.116140381128, 0.0917852740549, 0.637617019533, 0.0485292697786, 0.417437775919, 0.39982104085, 0.445739026068, 0.629545612837, 0.790446189748, 0.318204762495, 0.742591135042, 0.139406234504, 0.908963181587, 0.222329366536, 0.045627625282, 0.505317050774, 0.811195562894, 0.136412545474, 0.158726211049, 0.0524351940287, 0.193002700849, 0.191885654317, 0.718899395099, 0.0041582402482, 0.322860666877, 0.257054921342, 0.644565996938, 0.41860533248, 0.832322459652, 1.81426665144
0.832322459652, 0.73106736051, 0.116140381128, 0.0917852740549, 0.637617019533, 0.0485292697786, 0.417437775919, 0.39982104085, 0.445739026068, 0.629545612837, 0.790446189748, 0.318204762495, 0.742591135042, 0.139406234504, 0.908963181587, 0.222329366536, 0.045627625282, 0.505317050774, 0.811195562894, 0.136412545474, 0.158726211049, 0.0524351940287, 0.193002700849, 0.191885654317, 0.718899395099, 0.0041582402482, 0.322860666877, 0.257054921342, 0.644565996938, 0.41860533248, 0.832322459652, 1.81426665144
0.632222528234, 0.037296017866, 0.0090612226787, 0.663209119701, 0.672311724431, 0.289580287592, 0.747423676662, 0.0725506724943, 0.490613826673, 0.219000146348, 0.247164706758, 0.720014906102, 0.734151591687, 0.0553235594942, 0.686385521584, 0.122035766169, 0.695147374137, 0.00289037016156, 0.0204856600227, 0.236193912524, 0.271754836596, 0.932547793844, 0.0625864508762, 0.949117615242, 0.867981174842, 0.776621432089, 0.193054034727, 0.228452385637, 0.642901159147, 0.66954181045, 0.632222528234, 2.53984081828
0.632222528234, 0.037296017866, 0.0090612226787, 0.663209119701, 0.672311724431, 0.289580287592, 0.747423676662, 0.0725506724943, 0.490613826673, 0.219000146348, 0.247164706758, 0.720014906102, 0.734151591687, 0.0553235594942, 0.686385521584, 0.122035766169, 0.695147374137, 0.00289037016156, 0.0204856600227, 0.236193912524, 0.271754836596, 0.932547793844, 0.0625864508762, 0.949117615242, 0.867981174842, 0.776621432089, 0.193054034727, 0.228452385637, 0.642901159147, 0.66954181045, 0.632222528234, 2.53984081828
0.640680569649, 0.174485814093, 0.946320342942, 0.386041648441, 0.357145649485, 0.333792793683, 0.821839078109, 0.477081888468, 0.0541575354581, 0.116629882165, 0.886546034194, 0.519896230921, 0.642556346435, 0.0775449691529, 0.191726397615, 0.261811164596, 0.592184949373, 0.476444971925, 0.633187216416, 0.703869266671, 0.545181863381, 0.172296026261, 0.331608709098, 0.00562601273893, 0.110338504259, 0.484857048543, 0.00532947710507, 0.342695530606, 0.581207796789, 0.0374775538059, 0.640680569649, 2.18663644787
0.640680569649, 0.174485814093, 0.946320342942, 0.386041648441, 0.357145649485, 0.333792793683, 0.821839078109, 0.477081888468, 0.0541575354581, 0.116629882165, 0.886546034194, 0.519896230921, 0.642556346435, 0.0775449691529, 0.191726397615, 0.261811164596, 0.592184949373, 0.476444971925, 0.633187216416, 0.703869266671, 0.545181863381, 0.172296026261, 0.331608709098, 0.00562601273893, 0.110338504259, 0.484857048543, 0.00532947710507, 0.342695530606, 0.581207796789, 0.0374775538059, 0.640680569649, 2.18663644787
0.00997806833455, 0.303440955244, 0.522979759042, 0.100628220371, 0.618538105671, 0.184699643817, 0.217237341894, 0.43289973613, 0.676149760096, 0.753456579472, 0.758751169334, 0.393282931355, 0.368750116396, 0.360130442034, 0.950401548475, 0.158474707499, 0.581107884021, 0.718432224156, 0.306280925636, 0.985560120895, 0.626513112394, 0.570603041118, 0.0595221611818, 0.816221907047, 0.893233624572, 0.631453266503, 0.792837500273, 0.0156588895903, 0.149041426264, 0.761857080936, 0.00997806833455, 5.32588446676
0.00997806833455, 0.303440955244, 0.522979759042, 0.100628220371, 0.618538105671, 0.184699643817, 0.217237341894, 0.43289973613, 0.676149760096, 0.753456579472, 0.758751169334, 0.393282931355, 0.368750116396, 0.360130442034, 0.950401548475, 0.158474707499, 0.581107884021, 0.718432224156, 0.306280925636, 0.985560120895, 0.626513112394, 0.570603041118, 0.0595221611818, 0.816221907047, 0.893233624572, 0.631453266503, 0.792837500273, 0.0156588895903, 0.149041426264, 0.761857080936, 0.00997806833455, 5.32588446676
0.450793580472, 0.037296017866, 0.0090612226787, 0.564821134636, 0.672311724431, 0.616441382096, 0.747423676662, 0.0112021182476, 0.490613826673, 0.219000146348, 0.56559175022, 0.953827089189, 0.734151591687, 0.0553235594942, 0.686385521584, 0.122035766169, 0.695147374137, 0.00289037016156, 0.0204856600227, 0.236193912524, 0.271754836596, 0.932547793844, 0.0625864508762, 0.949117615242, 0.867981174842, 0.308648119533, 0.193054034727, 0.228452385637, 0.642901159147, 0.66954181045, 0.450793580472, 2.96314577198
0.450793580472, 0.037296017866, 0.0090612226787, 0.564821134636, 0.672311724431, 0.616441382096, 0.747423676662, 0.0112021182476, 0.490613826673, 0.219000146348, 0.56559175022, 0.953827089189, 0.734151591687, 0.0553235594942, 0.686385521584, 0.122035766169, 0.695147374137, 0.00289037016156, 0.0204856600227, 0.236193912524, 0.271754836596, 0.932547793844, 0.0625864508762, 0.949117615242, 0.867981174842, 0.308648119533, 0.193054034727, 0.228452385637, 0.642901159147, 0.66954181045, 0.450793580472, 2.96314577198
0.430972401595, 0.970961184557, 0.980271838628, 0.35245154195, 0.231618926915, 0.696066845823, 0.2264537943, 0.793313958584, 0.800548591853, 0.163798203229, 0.211568572832, 0.875488524981, 0.0928272811857, 0.0844815407589, 0.889929308722, 0.76467921599, 0.27603885397, 0.475690864041, 0.393034142394, 0.0379434121137, 0.846828170794, 0.0244253737145, 0.292692168363, 0.119955128896, 0.749223711561, 0.2746862562, 0.27241074884, 0.329277548554, 0.790218063812, 0.392257486395, 0.430972401595, 3.3137612899
0.430972401595, 0.970961184557, 0.980271838628, 0.35245154195, 0.231618926915, 0.696066845823, 0.2264537943, 0.793313958584, 0.800548591853, 0.163798203229, 0.211568572832, 0.875488524981, 0.0928272811857, 0.0844815407589, 0.889929308722, 0.76467921599, 0.27603885397, 0.475690864041, 0.393034142394, 0.0379434121137, 0.846828170794, 0.0244253737145, 0.292692168363, 0.119955128896, 0.749223711561, 0.2746862562, 0.27241074884, 0.329277548554, 0.790218063812, 0.392257486395, 0.430972401595, 3.3137612899
0.3676210559, 0.421125455552, 0.305253670727, 0.307199308137, 0.521124297175, 0.145218021844, 0.192941285845, 0.784287807678, 0.00172363949493, 0.463281926027, 0.277679556749, 0.161813422439, 0.678590845632, 0.0174416384014, 0.547939565579, 0.158433178504, 0.842510000634, 0.156340086972, 0.760882260307, 0.306112939534, 0.0906847120652, 0.667047838465, 0.292162612163, 0.0797422809896, 0.489448010159, 0.631160157648, 0.327933619347, 0.865757665103, 0.219064209342, 0.57208576057, 0.3676210559, 3.52843912773
0.3676210559, 0.421125455552, 0.305253670727, 0.307199308137, 0.521124297175, 0.145218021844, 0.192941285845, 0.784287807678, 0.00172363949493, 0.463281926027, 0.277679556749, 0.161813422439, 0.678590845632, 0.0174416384014, 0.547939565579, 0.158433178504, 0.842510000634, 0.156340086972, 0.760882260307, 0.306112939534, 0.0906847120652, 0.667047838465, 0.292162612163, 0.0797422809896, 0.489448010159, 0.631160157648, 0.327933619347, 0.865757665103, 0.219064209342, 0.57208576057, 0.3676210559, 3.52843912773
0.0474028787163, 0.107150961098, 0.245210359398, 0.190479886286, 0.153399107192, 0.185095408288, 0.3952896407, 0.505623947191, 0.18569366663, 0.727722570892, 0.735547758319, 0.375034376211, 0.295837649357, 0.356966271391, 0.824481595142, 0.00837152050303, 0.42945710818, 0.116511143413, 0.59577001487, 0.997388143336, 0.036394527443, 0.0844986349745, 0.405481927088, 0.413080906309, 0.228028559139, 0.235298348202, 0.210364873746, 0.155006598918, 0.861111052279, 0.11610013683, 0.0474028787163, 3.66697586441
0.0474028787163, 0.107150961098, 0.245210359398, 0.190479886286, 0.153399107192, 0.185095408288, 0.3952896407, 0.505623947191, 0.18569366663, 0.727722570892, 0.735547758319, 0.375034376211, 0.295837649357, 0.356966271391, 0.824481595142, 0.00837152050303, 0.42945710818, 0.116511143413, 0.59577001487, 0.997388143336, 0.036394527443, 0.0844986349745, 0.405481927088, 0.413080906309, 0.228028559139, 0.235298348202, 0.210364873746, 0.155006598918, 0.861111052279, 0.11610013683, 0.0474028787163, 3.66697586441
0.0336123937142, 0.44349347235, 0.324745924429, 0.675363355927, 0.832351041381, 0.423593953038, 0.087942333178, 0.847447575302, 0.201821909335, 0.845548600306, 0.663914652627, 0.434615572168, 0.40200210665, 0.48566149101, 0.441830365629, 0.0494099393124, 0.426459852013, 0.811978711916, 0.147997174616, 0.463187711146, 0.0194119610809, 0.099179444904, 0.153889480052, 0.950961337542, 0.907479095862, 0.0988919607185, 0.0633189334052, 0.566850615887, 0.514568388898, 0.821174006849, 0.0336123937142, 4.65491926061
0.0336123937142, 0.44349347235, 0.324745924429, 0.675363355927, 0.832351041381, 0.423593953038, 0.087942333178, 0.847447575302, 0.201821909335, 0.845548600306, 0.663914652627, 0.434615572168, 0.40200210665, 0.48566149101, 0.441830365629, 0.0494099393124, 0.426459852013, 0.811978711916, 0.147997174616, 0.463187711146, 0.0194119610809, 0.099179444904, 0.153889480052, 0.950961337542, 0.907479095862, 0.0988919607185, 0.0633189334052, 0.566850615887, 0.514568388898, 0.821174006849, 0.0336123937142, 4.65491926061
0.0380937226259, 0.0400437469974, 0.780290128912, 0.0620673378081, 0.125119845346, 0.460000501935, 0.448195665603, 0.655005131926, 0.325125522807, 0.0069908036902, 0.916955815645, 0.178521148378, 0.168383142007, 0.97891442904, 0.265632907895, 0.205946027399, 0.0018450714825, 0.276528406036, 0.889910037062, 0.218937501172, 0.652338588153, 0.590467956786, 0.536105282713, 0.997565444869, 0.391089055849, 0.229728403767, 0.955591683446, 0.990786922072, 0.180100615585, 0.351155702139, 0.0380937226259, 4.52527985952
0.0380937226259, 0.0400437469974, 0.780290128912, 0.0620673378081, 0.125119845346, 0.460000501935, 0.448195665603, 0.655005131926, 0.325125522807, 0.0069908036902, 0.916955815645, 0.178521148378, 0.168383142007, 0.97891442904, 0.265632907895, 0.205946027399, 0.0018450714825, 0.276528406036, 0.889910037062, 0.218937501172, 0.652338588153, 0.590467956786, 0.536105282713, 0.997565444869, 0.391089055849, 0.229728403767, 0.955591683446, 0.990786922072, 0.180100615585, 0.351155702139, 0.0380937226259, 4.52527985952
0.253291411631, 0.0488195609185, 0.780290128912, 0.0620673378081, 0.125119845346, 0.460000501935, 0.576631325239, 0.655005131926, 0.325125522807, 0.314827248527, 0.916955815645, 0.178521148378, 0.168383142007, 0.97891442904, 0.265632907895, 0.46259223778, 0.00256246866958, 0.162483347637, 0.889910037062, 0.150509162055, 0.76997168987, 0.590467956786, 0.536105282713, 0.997565444869, 0.145624976196, 0.193766342791, 0.955591683446, 0.990786922072, 0.180100615585, 0.0152729495223, 0.253291411631, 3.62564328532
0.253291411631, 0.0488195609185, 0.780290128912, 0.0620673378081, 0.125119845346, 0.460000501935, 0.576631325239, 0.655005131926, 0.325125522807, 0.314827248527, 0.916955815645, 0.178521148378, 0.168383142007, 0.97891442904, 0.265632907895, 0.46259223778, 0.00256246866958, 0.162483347637, 0.889910037062, 0.150509162055, 0.76997168987, 0.590467956786, 0.536105282713, 0.997565444869, 0.145624976196, 0.193766342791, 0.955591683446, 0.990786922072, 0.180100615585, 0.0152729495223, 0.253291411631, 3.62564328532
0.0221662296567, 0.0636072465228, 0.559149859462, 0.177350734568, 0.918149486877, 0.267268495847, 0.447160156766, 0.132080579436, 0.223979993497, 0.713315739667, 0.12190446776, 0.06991105473, 0.466506605338, 0.858382495947, 0.881777311017, 0.060763982881, 0.606444563599, 0.646416273343, 0.801062937996, 0.278139850642, 0.4156725977, 0.719652912924, 0.168951933089, 0.347308827519, 0.397912474871, 0.928554574404, 0.200866215696, 0.275761430289, 0.86268513473, 0.980097537406, 0.0221662296567, 4.86353903848
0.0221662296567, 0.0636072465228, 0.559149859462, 0.177350734568, 0.918149486877, 0.267268495847, 0.447160156766, 0.132080579436, 0.223979993497, 0.713315739667, 0.12190446776, 0.06991105473, 0.466506605338, 0.858382495947, 0.881777311017, 0.060763982881, 0.606444563599, 0.646416273343, 0.801062937996, 0.278139850642, 0.4156725977, 0.719652912924, 0.168951933089, 0.347308827519, 0.397912474871, 0.928554574404, 0.200866215696, 0.275761430289, 0.86268513473, 0.980097537406, 0.0221662296567, 4.86353903848
0.621104190431, 0.429117268391, 0.0330300089283, 0.287198628041, 0.587807901584, 0.0130766444412, 0.69567682381, 0.860993536852, 0.507770919146, 0.379623891103, 0.172263525422, 0.610079516995, 0.866423401122, 0.0131530458337, 0.344402582306, 0.602813668383, 0.75327222972, 0.147405404566, 0.442564641955, 0.0155906047467, 0.146988364916, 0.762945253573, 0.366637663313, 0.0468986354416, 0.0426178756486, 0.111799358836, 0.424641249241, 0.665583025233, 0.952166624844, 0.614300617719, 0.621104190431, 2.60270874716
0.621104190431, 0.429117268391, 0.0330300089283, 0.287198628041, 0.587807901584, 0.0130766444412, 0.69567682381, 0.860993536852, 0.507770919146, 0.379623891103, 0.172263525422, 0.610079516995, 0.866423401122, 0.0131530458337, 0.344402582306, 0.602813668383, 0.75327222972, 0.147405404566, 0.442564641955, 0.0155906047467, 0.146988364916, 0.762945253573, 0.366637663313, 0.0468986354416, 0.0426178756486, 0.111799358836, 0.424641249241, 0.665583025233, 0.952166624844, 0.614300617719, 0.621104190431, 2.60270874716
0.442004725537, 0.690154136278, 0.681485263376, 0.811817313136, 0.103797296716, 0.398625623738, 0.0418470586771, 0.18154480446, 0.971291670164, 0.177727198675, 0.35146013812, 0.239082353266, 0.564993653365, 0.358845505528, 0.696914590524, 0.128905520435, 0.738156856189, 0.29982140444, 0.543659984718, 0.507664574303, 0.175283705447, 0.591043689206, 0.286330362923, 0.521435618516, 0.0768944680091, 0.236090805077, 0.954830156742, 0.799364358379, 0.293324825776, 0.443896317199, 0.442004725537, 3.07927988012
0.442004725537, 0.690154136278, 0.681485263376, 0.811817313136, 0.103797296716, 0.398625623738, 0.0418470586771, 0.18154480446, 0.971291670164, 0.177727198675, 0.35146013812, 0.239082353266, 0.564993653365, 0.358845505528, 0.696914590524, 0.128905520435, 0.738156856189, 0.29982140444, 0.543659984718, 0.507664574303, 0.175283705447, 0.591043689206, 0.286330362923, 0.521435618516, 0.0768944680091, 0.236090805077, 0.954830156742, 0.799364358379, 0.293324825776, 0.443896317199, 0.442004725537, 3.07927988012
0.874029244873, 0.268331944176, 0.699514016023, 0.329645435841, 0.102745424324, 0.460014450735, 0.85875673012, 0.976643433515, 0.164690040305, 0.0106254425893, 0.226304793093, 0.629247333985, 0.055945967604, 0.00928974742262, 0.958001126915, 0.768853016348, 0.110399457353, 0.381390801427, 0.0342041263684, 0.0183495492257, 0.397672144048, 0.68648660306, 0.889194284659, 0.480889799874, 0.0885408546288, 0.243091751558, 0.931542212174, 0.437253694547, 0.014464926292, 0.992545462332, 0.874029244873, 2.11032130886
0.874029244873, 0.268331944176, 0.699514016023, 0.329645435841, 0.102745424324, 0.460014450735, 0.85875673012, 0.976643433515, 0.164690040305, 0.0106254425893, 0.226304793093, 0.629247333985, 0.055945967604, 0.00928974742262, 0.958001126915, 0.768853016348, 0.110399457353, 0.381390801427, 0.0342041263684, 0.0183495492257, 0.397672144048, 0.68648660306, 0.889194284659, 0.480889799874, 0.0885408546288, 0.243091751558, 0.931542212174, 0.437253694547, 0.014464926292, 0.992545462332, 0.874029244873, 2.11032130886
0.832322459652, 0.73106736051, 0.116140381128, 0.812315411227, 0.637617019533, 0.0485292697786, 0.417437775919, 0.46144965291, 0.445739026068, 0.629545612837, 0.790446189748, 0.3969981295, 0.742591135042, 0.139406234504, 0.908963181587, 0.391305267276, 0.045627625282, 0.505317050774, 0.811195562894, 0.136412545474, 0.158726211049, 0.0270857833046, 0.193002700849, 0.191885654317, 0.936573778494, 0.0041582402482, 0.322860666877, 0.257054921342, 0.644565996938, 0.41860533248, 0.832322459652, 2.11319578185
0.832322459652, 0.73106736051, 0.116140381128, 0.812315411227, 0.637617019533, 0.0485292697786, 0.417437775919, 0.46144965291, 0.445739026068, 0.629545612837, 0.790446189748, 0.3969981295, 0.742591135042, 0.139406234504, 0.908963181587, 0.391305267276, 0.045627625282, 0.505317050774, 0.811195562894, 0.136412545474, 0.158726211049, 0.0270857833046, 0.193002700849, 0.191885654317, 0.936573778494, 0.0041582402482, 0.322860666877, 0.257054921342, 0.644565996938, 0.41860533248, 0.832322459652, 2.11319578185
0.640680569649, 0.174485814093, 0.946320342942, 0.781769984743, 0.357145649485, 0.317091035028, 0.821554729668, 0.477081888468, 0.0541575354581, 0.116629882165, 0.947194992744, 0.519896230921, 0.294301268606, 0.748593559618, 0.191726397615, 0.261811164596, 0.591880833758, 0.476444971925, 0.954377607272, 0.0767276923174, 0.545181863381, 0.172296026261, 0.171898782542, 0.00562601273893, 0.110338504259, 0.484857048543, 0.00532947710507, 0.342695530606, 0.581207796789, 0.0374775538059, 0.640680569649, 2.26130592557
0.640680569649, 0.174485814093, 0.946320342942, 0.781769984743, 0.357145649485, 0.317091035028, 0.821554729668, 0.477081888468, 0.0541575354581, 0.116629882165, 0.947194992744, 0.519896230921, 0.294301268606, 0.748593559618, 0.191726397615, 0.261811164596, 0.591880833758, 0.476444971925, 0.954377607272, 0.0767276923174, 0.545181863381, 0.172296026261, 0.171898782542, 0.00562601273893, 0.110338504259, 0.484857048543, 0.00532947710507, 0.342695530606, 0.581207796789, 0.0374775538059, 0.640680569649, 2.26130592557
0.450793580472, 0.037296017866, 0.0090612226787, 0.249640798329, 0.672311724431, 0.666973980461, 0.747423676662, 0.0725506724943, 0.457513285781, 0.187103975689, 0.56559175022, 0.720014906102, 0.824257700846, 0.0342844331662, 0.686385521584, 0.122035766169, 0.695147374137, 0.268488803669, 0.0719523160596, 0.213307478168, 0.271754836596, 0.749797113622, 0.888894599302, 0.949117615242, 0.869416624664, 0.570822335356, 0.193054034727, 0.228452385637, 0.0782994622217, 0.66954181045, 0.450793580472, 3.01680726369
0.450793580472, 0.037296017866, 0.0090612226787, 0.249640798329, 0.672311724431, 0.666973980461, 0.747423676662, 0.0725506724943, 0.457513285781, 0.187103975689, 0.56559175022, 0.720014906102, 0.824257700846, 0.0342844331662, 0.686385521584, 0.122035766169, 0.695147374137, 0.268488803669, 0.0719523160596, 0.213307478168, 0.271754836596, 0.749797113622, 0.888894599302, 0.949117615242, 0.869416624664, 0.570822335356, 0.193054034727, 0.228452385637, 0.0782994622217, 0.66954181045, 0.450793580472, 3.01680726369
0.430972401595, 0.970961184557, 0.970239431522, 0.336418405905, 0.0761406032313, 0.696066845823, 0.2264537943, 0.793313958584, 0.385131658238, 0.163798203229, 0.211568572832, 0.875488524981, 0.0928272811857, 0.0844815407589, 0.889929308722, 0.76467921599, 0.27603885397, 0.475690864041, 0.393034142394, 0.0906995549343, 0.846828170794, 0.647702082804, 0.49802729002, 0.119955128896, 0.749223711561, 0.2746862562, 0.880230594483, 0.329277548554, 0.790218063812, 0.125637128889, 0.430972401595, 3.48012263673
0.430972401595, 0.970961184557, 0.970239431522, 0.336418405905, 0.0761406032313, 0.696066845823, 0.2264537943, 0.793313958584, 0.385131658238, 0.163798203229, 0.211568572832, 0.875488524981, 0.0928272811857, 0.0844815407589, 0.889929308722, 0.76467921599, 0.27603885397, 0.475690864041, 0.393034142394, 0.0906995549343, 0.846828170794, 0.647702082804, 0.49802729002, 0.119955128896, 0.749223711561, 0.2746862562, 0.880230594483, 0.329277548554, 0.790218063812, 0.125637128889, 0.430972401595, 3.48012263673
0.367908245772, 0.0174748964597, 0.401432392713, 0.326697595327, 0.670867137807, 0.195857835847, 0.0001062765892, 0.286380396168, 0.185212904162, 0.362014783512, 0.198261289211, 0.250167749625, 0.807783466146, 0.582927708851, 0.528787793787, 0.000633325942812, 0.697279117568, 0.894388522059, 0.271486397376, 0.766131158377, 0.335810661482, 0.924194362454, 0.0669085748663, 0.56766068627, 0.232427654557, 0.470268349514, 0.0576773702663, 0.274107720382, 0.771432566989, 0.294511063476, 0.367908245772, 3.56737763317
0.367908245772, 0.0174748964597, 0.401432392713, 0.326697595327, 0.670867137807, 0.195857835847, 0.0001062765892, 0.286380396168, 0.185212904162, 0.362014783512, 0.198261289211, 0.250167749625, 0.807783466146, 0.582927708851, 0.528787793787, 0.000633325942812, 0.697279117568, 0.894388522059, 0.271486397376, 0.766131158377, 0.335810661482, 0.924194362454, 0.0669085748663, 0.56766068627, 0.232427654557, 0.470268349514, 0.0576773702663, 0.274107720382, 0.771432566989, 0.294511063476, 0.367908245772, 3.56737763317
0.0474028787163, 0.107150961098, 0.245210359398, 0.190479886286, 0.153399107192, 0.185095408288, 0.611920758202, 0.505623947191, 0.18569366663, 0.727722570892, 0.735547758319, 0.257299751612, 0.295837649357, 0.356966271391, 0.824481595142, 0.00837152050303, 0.42945710818, 0.116511143413, 0.59577001487, 0.929776909418, 0.0955887503547, 0.0844986349745, 0.405481927088, 0.413080906309, 0.228028559139, 0.235298348202, 0.210364873746, 0.155006598918, 0.861111052279, 0.11610013683, 0.0474028787163, 3.69355918071
0.0474028787163, 0.107150961098, 0.245210359398, 0.190479886286, 0.153399107192, 0.185095408288, 0.611920758202, 0.505623947191, 0.18569366663, 0.727722570892, 0.735547758319, 0.257299751612, 0.295837649357, 0.356966271391, 0.824481595142, 0.00837152050303, 0.42945710818, 0.116511143413, 0.59577001487, 0.929776909418, 0.0955887503547, 0.0844986349745, 0.405481927088, 0.413080906309, 0.228028559139, 0.235298348202, 0.210364873746, 0.155006598918, 0.861111052279, 0.11610013683, 0.0474028787163, 3.69355918071
0.0336123937142, 0.919284111734, 0.0675663736126, 0.727424681553, 0.832351041381, 0.423593953038, 0.144340957286, 0.847447575302, 0.177575294444, 0.845548600306, 0.350088931763, 0.434615572168, 0.40200210665, 0.704407200286, 0.00738332703383, 0.0494099393124, 0.558084607483, 0.811978711916, 0.147997174616, 0.463187711146, 0.0194119610809, 0.099179444904, 0.153889480052, 0.950961337542, 0.907479095862, 0.0988919607185, 0.653659655288, 0.566850615887, 0.514568388898, 0.821174006849, 0.0336123937142, 4.80242771989
0.0336123937142, 0.919284111734, 0.0675663736126, 0.727424681553, 0.832351041381, 0.423593953038, 0.144340957286, 0.847447575302, 0.177575294444, 0.845548600306, 0.350088931763, 0.434615572168, 0.40200210665, 0.704407200286, 0.00738332703383, 0.0494099393124, 0.558084607483, 0.811978711916, 0.147997174616, 0.463187711146, 0.0194119610809, 0.099179444904, 0.153889480052, 0.950961337542, 0.907479095862, 0.0988919607185, 0.653659655288, 0.566850615887, 0.514568388898, 0.821174006849, 0.0336123937142, 4.80242771989
0.253291411631, 0.0400437469974, 0.780290128912, 0.0620673378081, 0.125119845346, 0.460000501935, 0.448195665603, 0.655005131926, 0.393351972681, 0.314827248527, 0.916955815645, 0.178521148378, 0.168383142007, 0.999117637941, 0.265632907895, 0.205946027399, 0.00256246866958, 0.276528406036, 0.889910037062, 0.218937501172, 0.76997168987, 0.590467956786, 0.390533812732, 0.997565444869, 0.161916401613, 0.229728403767, 0.955591683446, 0.990786922072, 0.180100615585, 0.351155702139, 0.253291411631, 3.65859536344
0.253291411631, 0.0400437469974, 0.780290128912, 0.0620673378081, 0.125119845346, 0.460000501935, 0.448195665603, 0.655005131926, 0.393351972681, 0.314827248527, 0.916955815645, 0.178521148378, 0.168383142007, 0.999117637941, 0.265632907895, 0.205946027399, 0.00256246866958, 0.276528406036, 0.889910037062, 0.218937501172, 0.76997168987, 0.590467956786, 0.390533812732, 0.997565444869, 0.161916401613, 0.229728403767, 0.955591683446, 0.990786922072, 0.180100615585, 0.351155702139, 0.253291411631, 3.65859536344
0.0323660329868, 0.303440955244, 0.962511285974, 0.100628220371, 0.618538105671, 0.416368960996, 0.217237341894, 0.43289973613, 0.676149760096, 0.705244757811, 0.758751169334, 0.393282931355, 0.368750116396, 0.360130442034, 0.950401548475, 0.158474707499, 0.581107884021, 0.440450129627, 0.306280925636, 0.742237702871, 0.851668629193, 0.570603041118, 0.38039763254, 0.308139040564, 0.893233624572, 0.128974075317, 0.567922050228, 0.0156588895903, 0.149041426264, 0.761857080936, 0.0323660329868, 4.9372896017
0.0323660329868, 0.303440955244, 0.962511285974, 0.100628220371, 0.618538105671, 0.416368960996, 0.217237341894, 0.43289973613, 0.676149760096, 0.705244757811, 0.758751169334, 0.393282931355, 0.368750116396, 0.360130442034, 0.950401548475, 0.158474707499, 0.581107884021, 0.440450129627, 0.306280925636, 0.742237702871, 0.851668629193, 0.570603041118, 0.38039763254, 0.308139040564, 0.893233624572, 0.128974075317, 0.567922050228, 0.0156588895903, 0.149041426264, 0.761857080936, 0.0323660329868, 4.9372896017
0.0221662296567, 0.113645889827, 0.559149859462, 0.177350734568, 0.918149486877, 0.267268495847, 0.447160156766, 0.132080579436, 0.223979993497, 0.713315739667, 0.38327361646, 0.06991105473, 0.466506605338, 0.858382495947, 0.394712350374, 0.060763982881, 0.670120723634, 0.646416273343, 0.801062937996, 0.278139850642, 0.4156725977, 0.719652912924, 0.168951933089, 0.347308827519, 0.397912474871, 0.928554574404, 0.200866215696, 0.92333413635, 0.966191491986, 0.980097537406, 0.0221662296567, 5.0554763816
0.0221662296567, 0.113645889827, 0.559149859462, 0.177350734568, 0.918149486877, 0.267268495847, 0.447160156766, 0.132080579436, 0.223979993497, 0.713315739667, 0.38327361646, 0.06991105473, 0.466506605338, 0.858382495947, 0.394712350374, 0.060763982881, 0.670120723634, 0.646416273343, 0.801062937996, 0.278139850642, 0.4156725977, 0.719652912924, 0.168951933089, 0.347308827519, 0.397912474871, 0.928554574404, 0.200866215696, 0.92333413635, 0.966191491986, 0.980097537406, 0.0221662296567, 5.0554763816
0.621104190431, 0.429117268391, 0.0773663707223, 0.287198628041, 0.587807901584, 0.0130766444412, 0.69567682381, 0.860993536852, 0.507770919146, 0.367122208978, 0.172263525422, 0.610079516995, 0.467659422817, 0.0131530458337, 0.302165941654, 0.602813668383, 0.75327222972, 0.497868660006, 0.442564641955, 0.00150954243525, 0.146988364916, 0.762945253573, 0.366637663313, 0.416462745911, 0.0426178756486, 0.111799358836, 0.424641249241, 0.476970828676, 0.952166624844, 0.614300617719, 0.621104190431, 2.6301822932
0.621104190431, 0.429117268391, 0.0773663707223, 0.287198628041, 0.587807901584, 0.0130766444412, 0.69567682381, 0.860993536852, 0.507770919146, 0.367122208978, 0.172263525422, 0.610079516995, 0.467659422817, 0.0131530458337, 0.302165941654, 0.602813668383, 0.75327222972, 0.497868660006, 0.442564641955, 0.00150954243525, 0.146988364916, 0.762945253573, 0.366637663313, 0.416462745911, 0.0426178756486, 0.111799358836, 0.424641249241, 0.476970828676, 0.952166624844, 0.614300617719, 0.621104190431, 2.6301822932
0.442004725537, 0.690154136278, 0.681485263376, 0.811817313136, 0.103797296716, 0.398625623738, 0.0418470586771, 0.18154480446, 0.971291670164, 0.177727198675, 0.35146013812, 0.239082353266, 0.215194543671, 0.358845505528, 0.696914590524, 0.128905520435, 0.500589757091, 0.29982140444, 0.543659984718, 0.507664574303, 0.175283705447, 0.924998652528, 0.286330362923, 0.521435618516, 0.0768944680091, 0.236090805077, 0.954830156742, 0.683317809718, 0.775984474975, 0.443896317199, 0.442004725537, 3.10919426743
0.442004725537, 0.690154136278, 0.681485263376, 0.811817313136, 0.103797296716, 0.398625623738, 0.0418470586771, 0.18154480446, 0.971291670164, 0.177727198675, 0.35146013812, 0.239082353266, 0.215194543671, 0.358845505528, 0.696914590524, 0.128905520435, 0.500589757091, 0.29982140444, 0.543659984718, 0.507664574303, 0.175283705447, 0.924998652528, 0.286330362923, 0.521435618516, 0.0768944680091, 0.236090805077, 0.954830156742, 0.683317809718, 0.775984474975, 0.443896317199, 0.442004725537, 3.10919426743
0.865707692776, 0.903968795229, 0.259375270716, 0.259765501764, 0.165882718257, 0.21100399518, 0.461419240369, 0.868178522319, 0.98527824461, 0.647853173238, 0.780261851609, 0.620721398552, 0.412582957836, 0.2164356754, 0.127158717258, 0.46393666425, 0.981545962459, 0.470574806955, 0.408114190193, 0.382451021527, 0.373810573816, 0.0884793406019, 0.596796750132, 0.0729574209241, 0.149756883366, 0.600241270024, 0.696281649872, 0.499426524757, 0.111028221465, 0.0286048117208, 0.865707692776, 2.14600559352
0.865707692776, 0.903968795229, 0.259375270716, 0.259765501764, 0.165882718257, 0.21100399518, 0.461419240369, 0.868178522319, 0.98527824461, 0.647853173238, 0.780261851609, 0.620721398552, 0.412582957836, 0.2164356754, 0.127158717258, 0.46393666425, 0.981545962459, 0.470574806955, 0.408114190193, 0.382451021527, 0.373810573816, 0.0884793406019, 0.596796750132, 0.0729574209241, 0.149756883366, 0.600241270024, 0.696281649872, 0.499426524757, 0.111028221465, 0.0286048117208, 0.865707692776, 2.14600559352
0.840197232727, 0.506196792342, 0.153795303267, 0.882728816316, 0.189738649158, 0.416190584762, 0.81442591508, 0.949167963439, 0.87096060056, 0.0425536657408, 0.680048777637, 0.983690486547, 0.0640290684226, 0.526696568969, 0.586308679706, 0.543933369544, 0.385174555078, 0.0046429065609, 0.669166443102, 0.473178992983, 0.348191920332, 0.283434858933, 0.411391144675, 0.281992795479, 0.32568916218, 0.664182213323, 0.0675381281847, 0.0108700199987, 0.613415188269, 0.452193705825, 0.840197232727, 2.22693536447
0.840197232727, 0.506196792342, 0.153795303267, 0.882728816316, 0.189738649158, 0.416190584762, 0.81442591508, 0.949167963439, 0.87096060056, 0.0425536657408, 0.680048777637, 0.983690486547, 0.0640290684226, 0.526696568969, 0.586308679706, 0.543933369544, 0.385174555078, 0.0046429065609, 0.669166443102, 0.473178992983, 0.348191920332, 0.283434858933, 0.411391144675, 0.281992795479, 0.32568916218, 0.664182213323, 0.0675381281847, 0.0108700199987, 0.613415188269, 0.452193705825, 0.840197232727, 2.22693536447
0.852544120008, 0.624481676814, 0.564038258795, 0.72645023648, 0.384306728697, 0.349139914752, 0.293143246221, 0.198224788813, 0.107721226733, 0.72736278611, 0.284013689469, 0.102423132729, 0.660726464555, 0.409275510053, 0.920666560309, 0.0246648339181, 0.169116250963, 0.564629748975, 0.0466860170345, 0.787120082635, 0.984276612005, 0.466040988895, 0.676031506452, 0.300690898661, 0.251314602966, 0.434297864154, 0.760669068015, 0.0290727674186, 0.597217265715, 0.714584321288, 0.852544120008, 2.15198272033
0.852544120008, 0.624481676814, 0.564038258795, 0.72645023648, 0.384306728697, 0.349139914752, 0.293143246221, 0.198224788813, 0.107721226733, 0.72736278611, 0.284013689469, 0.102423132729, 0.660726464555, 0.409275510053, 0.920666560309, 0.0246648339181, 0.169116250963, 0.564629748975, 0.0466860170345, 0.787120082635, 0.984276612005, 0.466040988895, 0.676031506452, 0.300690898661, 0.251314602966, 0.434297864154, 0.760669068015, 0.0290727674186, 0.597217265715, 0.714584321288, 0.852544120008, 2.15198272033
0.640680569649, 0.174485814093, 0.949360787408, 0.386041648441, 0.357145649485, 0.333792793683, 0.821839078109, 0.477081888468, 0.0524134503679, 0.500614329009, 0.886546034194, 0.519896230921, 0.642556346435, 0.748593559618, 0.191726397615, 0.261811164596, 0.592184949373, 0.476444971925, 0.633187216416, 0.703869266671, 0.545181863381, 0.172296026261, 0.331608709098, 0.00562601273893, 0.110338504259, 0.484857048543, 0.00532947710507, 0.342695530606, 0.581207796789, 0.0374775538059, 0.640680569649, 2.45368560759
0.640680569649, 0.174485814093, 0.949360787408, 0.386041648441, 0.357145649485, 0.333792793683, 0.821839078109, 0.477081888468, 0.0524134503679, 0.500614329009, 0.886546034194, 0.519896230921, 0.642556346435, 0.748593559618, 0.191726397615, 0.261811164596, 0.592184949373, 0.476444971925, 0.633187216416, 0.703869266671, 0.545181863381, 0.172296026261, 0.331608709098, 0.00562601273893, 0.110338504259, 0.484857048543, 0.00532947710507, 0.342695530606, 0.581207796789, 0.0374775538059, 0.640680569649, 2.45368560759
0.826087312712, 0.55475066722, 0.050158582004, 0.959530913311, 0.321113921024, 0.134203872802, 0.6044447566, 0.890373734819, 0.371361058551, 0.984864853773, 0.175397471981, 0.101200056422, 0.605057770847, 0.829944402269, 0.235477615491, 0.0687289063879, 0.0356397567853, 0.16930342562, 0.410327782088, 0.58858380188, 0.353312110822, 0.765167078036, 0.488316551013, 0.5323988381, 0.831550779293, 0.705958903977, 0.543407093852, 0.137347983367, 0.255518330831, 0.287172735604, 0.826087312712, 2.389075627
0.826087312712, 0.55475066722, 0.050158582004, 0.959530913311, 0.321113921024, 0.134203872802, 0.6044447566, 0.890373734819, 0.371361058551, 0.984864853773, 0.175397471981, 0.101200056422, 0.605057770847, 0.829944402269, 0.235477615491, 0.0687289063879, 0.0356397567853, 0.16930342562, 0.410327782088, 0.58858380188, 0.353312110822, 0.765167078036, 0.488316551013, 0.5323988381, 0.831550779293, 0.705958903977, 0.543407093852, 0.137347983367, 0.255518330831, 0.287172735604, 0.826087312712, 2.389075627
0.837027607844, 0.00146112848279, 0.261714285062, 0.173612516896, 0.30985648149, 0.617869673211, 0.998440047267, 0.86705749798, 0.480693513506, 0.612186991138, 0.00140017912841, 0.690158240518, 0.451174639632, 0.194180539929, 0.248925994665, 0.219247849172, 0.452448314418, 0.448301216823, 0.881746004596, 0.702414737679, 0.193270862731, 0.760017059814, 0.223595686628, 0.506090461831, 0.263670596672, 0.860802189628, 0.260733433702, 0.87878512081, 0.0932777618681, 0.847118644198, 0.837027607844, 2.33704479951
0.837027607844, 0.00146112848279, 0.261714285062, 0.173612516896, 0.30985648149, 0.617869673211, 0.998440047267, 0.86705749798, 0.480693513506, 0.612186991138, 0.00140017912841, 0.690158240518, 0.451174639632, 0.194180539929, 0.248925994665, 0.219247849172, 0.452448314418, 0.448301216823, 0.881746004596, 0.702414737679, 0.193270862731, 0.760017059814, 0.223595686628, 0.506090461831, 0.263670596672, 0.860802189628, 0.260733433702, 0.87878512081, 0.0932777618681, 0.847118644198, 0.837027607844, 2.33704479951
0.827598401672, 0.577220632737, 0.367130844243, 0.49450191646, 0.45542048226, 0.676728266689, 0.0316466605696, 0.249957527245, 0.914140378894, 0.764276703486, 0.37424099067, 0.238518492653, 0.589386602877, 0.186101692421, 0.580067817296, 0.675533985859, 0.927048878367, 0.774452518949, 0.498330887203, 0.0973379887047, 0.151028747837, 0.357396786719, 0.637812349208, 0.159401564113, 0.342497139907, 0.360205718454, 0.485418970722, 0.416929526338, 0.563401897979, 0.0878906874189, 0.827598401672, 2.3707258648
0.827598401672, 0.577220632737, 0.367130844243, 0.49450191646, 0.45542048226, 0.676728266689, 0.0316466605696, 0.249957527245, 0.914140378894, 0.764276703486, 0.37424099067, 0.238518492653, 0.589386602877, 0.186101692421, 0.580067817296, 0.675533985859, 0.927048878367, 0.774452518949, 0.498330887203, 0.0973379887047, 0.151028747837, 0.357396786719, 0.637812349208, 0.159401564113, 0.342497139907, 0.360205718454, 0.485418970722, 0.416929526338, 0.563401897979, 0.0878906874189, 0.827598401672, 2.3707258648
0.463600989511, 0.243666617238, 0.527902380477, 0.911787333313, 0.545919524699, 0.765647101856, 0.152443930505, 0.172878466614, 0.466733395508, 0.012988147263, 0.831973730461, 0.0133274336932, 0.2928296606, 0.542774771128, 0.534100180539, 0.219998987121, 0.644921171099, 0.473799326985, 0.751772781678, 0.95179636108, 0.835210585125, 0.659837018154, 0.146658602747, 0.479902059897, 0.0670495691782, 0.188443287819, 0.52094096433, 0.111102336776, 0.163921900266, 0.786480143194, 0.463600989511, 3.08924711868
0.463600989511, 0.243666617238, 0.527902380477, 0.911787333313, 0.545919524699, 0.765647101856, 0.152443930505, 0.172878466614, 0.466733395508, 0.012988147263, 0.831973730461, 0.0133274336932, 0.2928296606, 0.542774771128, 0.534100180539, 0.219998987121, 0.644921171099, 0.473799326985, 0.751772781678, 0.95179636108, 0.835210585125, 0.659837018154, 0.146658602747, 0.479902059897, 0.0670495691782, 0.188443287819, 0.52094096433, 0.111102336776, 0.163921900266, 0.786480143194, 0.463600989511, 3.08924711868
0.430972401595, 0.970961184557, 0.970239431522, 0.336418405905, 0.231618926915, 0.761182818861, 0.2264537943, 0.793313958584, 0.385131658238, 0.163798203229, 0.211568572832, 0.875488524981, 0.0928272811857, 0.0844815407589, 0.889929308722, 0.76467921599, 0.27603885397, 0.475690864041, 0.393034142394, 0.0379434121137, 0.846828170794, 0.647702082804, 0.292692168363, 0.119955128896, 0.749223711561, 0.2746862562, 0.880230594483, 0.544380036501, 0.790218063812, 0.273184471729, 0.430972401595, 3.56678621358
0.430972401595, 0.970961184557, 0.970239431522, 0.336418405905, 0.231618926915, 0.761182818861, 0.2264537943, 0.793313958584, 0.385131658238, 0.163798203229, 0.211568572832, 0.875488524981, 0.0928272811857, 0.0844815407589, 0.889929308722, 0.76467921599, 0.27603885397, 0.475690864041, 0.393034142394, 0.0379434121137, 0.846828170794, 0.647702082804, 0.292692168363, 0.119955128896, 0.749223711561, 0.2746862562, 0.880230594483, 0.544380036501, 0.790218063812, 0.273184471729, 0.430972401595, 3.56678621358
0.214622189589, 0.268331944176, 0.699514016023, 0.45058809022, 0.102745424324, 0.460014450735, 0.85875673012, 0.976643433515, 0.164690040305, 0.0106254425893, 0.226304793093, 0.855412397255, 0.313521225324, 0.0615013538556, 0.958001126915, 0.519970584163, 0.110399457353, 0.381390801427, 0.0342041263684, 0.0183495492257, 0.337983169726, 0.68648660306, 0.889194284659, 0.390353871775, 0.0885408546288, 0.243091751558, 0.878773103623, 0.437253694547, 0.0307121247295, 0.855780062986, 0.214622189589, 3.70781493081
0.214622189589, 0.268331944176, 0.699514016023, 0.45058809022, 0.102745424324, 0.460014450735, 0.85875673012, 0.976643433515, 0.164690040305, 0.0106254425893, 0.226304793093, 0.855412397255, 0.313521225324, 0.0615013538556, 0.958001126915, 0.519970584163, 0.110399457353, 0.381390801427, 0.0342041263684, 0.0183495492257, 0.337983169726, 0.68648660306, 0.889194284659, 0.390353871775, 0.0885408546288, 0.243091751558, 0.878773103623, 0.437253694547, 0.0307121247295, 0.855780062986, 0.214622189589, 3.70781493081
0.0474028787163, 0.107150961098, 0.245210359398, 0.190479886286, 0.153399107192, 0.185095408288, 0.3952896407, 0.988946867259, 0.00843078627577, 0.727722570892, 0.735547758319, 0.104992650154, 0.269484033976, 0.356966271391, 0.824481595142, 0.00837152050303, 0.42945710818, 0.116511143413, 0.59577001487, 0.929776909418, 0.17799636152, 0.0844986349745, 0.222183571457, 0.413080906309, 0.228028559139, 0.331456487983, 0.210364873746, 0.155006598918, 0.861111052279, 0.998628428217, 0.0474028787163, 3.92544996543
0.0474028787163, 0.107150961098, 0.245210359398, 0.190479886286, 0.153399107192, 0.185095408288, 0.3952896407, 0.988946867259, 0.00843078627577, 0.727722570892, 0.735547758319, 0.104992650154, 0.269484033976, 0.356966271391, 0.824481595142, 0.00837152050303, 0.42945710818, 0.116511143413, 0.59577001487, 0.929776909418, 0.17799636152, 0.0844986349745, 0.222183571457, 0.413080906309, 0.228028559139, 0.331456487983, 0.210364873746, 0.155006598918, 0.861111052279, 0.998628428217, 0.0474028787163, 3.92544996543
0.212086189017, 0.73106736051, 0.116140381128, 0.812315411227, 0.637617019533, 0.168455131923, 0.417437775919, 0.39982104085, 0.445739026068, 0.805636448419, 0.790446189748, 0.445556399138, 0.742591135042, 0.139406234504, 0.908963181587, 0.391305267276, 0.045627625282, 0.505317050774, 0.811195562894, 0.136412545474, 0.196434870709, 0.140842833202, 0.193002700849, 0.355971779679, 0.531516723608, 0.0041582402482, 0.0501995699872, 0.257054921342, 0.644565996938, 0.41860533248, 0.212086189017, 3.71213653283
0.212086189017, 0.73106736051, 0.116140381128, 0.812315411227, 0.637617019533, 0.168455131923, 0.417437775919, 0.39982104085, 0.445739026068, 0.805636448419, 0.790446189748, 0.445556399138, 0.742591135042, 0.139406234504, 0.908963181587, 0.391305267276, 0.045627625282, 0.505317050774, 0.811195562894, 0.136412545474, 0.196434870709, 0.140842833202, 0.193002700849, 0.355971779679, 0.531516723608, 0.0041582402482, 0.0501995699872, 0.257054921342, 0.644565996938, 0.41860533248, 0.212086189017, 3.71213653283
0.0504859141661, 0.107150961098, 0.245210359398, 0.190479886286, 0.153399107192, 0.185095408288, 0.3952896407, 0.988480097685, 0.18569366663, 0.727722570892, 0.735547758319, 0.104992650154, 0.415931470294, 0.356966271391, 0.824481595142, 0.00837152050303, 0.42945710818, 0.116511143413, 0.340277162527, 0.929776909418, 0.0955887503547, 0.0844986349745, 0.222183571457, 0.413080906309, 0.228028559139, 0.331456487983, 0.191004830526, 0.155006598918, 0.861111052279, 0.998628428217, 0.0504859141661, 3.8975528608
0.0504859141661, 0.107150961098, 0.245210359398, 0.190479886286, 0.153399107192, 0.185095408288, 0.3952896407, 0.988480097685, 0.18569366663, 0.727722570892, 0.735547758319, 0.104992650154, 0.415931470294, 0.356966271391, 0.824481595142, 0.00837152050303, 0.42945710818, 0.116511143413, 0.340277162527, 0.929776909418, 0.0955887503547, 0.0844986349745, 0.222183571457, 0.413080906309, 0.228028559139, 0.331456487983, 0.191004830526, 0.155006598918, 0.861111052279, 0.998628428217, 0.0504859141661, 3.8975528608
0.367908245772, 0.0174748964597, 0.401432392713, 0.624871974597, 0.670867137807, 0.195857835847, 0.114876818218, 0.286380396168, 0.185212904162, 0.362014783512, 0.198261289211, 0.264544958984, 0.715673589106, 0.582927708851, 0.528787793787, 0.000903871484424, 0.697279117568, 0.894388522059, 0.271486397376, 0.766131158377, 0.335810661482, 0.924194362454, 0.0669085748663, 0.56766068627, 0.232427654557, 0.621939052806, 0.0576773702663, 0.274107720382, 0.771432566989, 0.294511063476, 0.367908245772, 3.69724351233
0.367908245772, 0.0174748964597, 0.401432392713, 0.624871974597, 0.670867137807, 0.195857835847, 0.114876818218, 0.286380396168, 0.185212904162, 0.362014783512, 0.198261289211, 0.264544958984, 0.715673589106, 0.582927708851, 0.528787793787, 0.000903871484424, 0.697279117568, 0.894388522059, 0.271486397376, 0.766131158377, 0.335810661482, 0.924194362454, 0.0669085748663, 0.56766068627, 0.232427654557, 0.621939052806, 0.0576773702663, 0.274107720382, 0.771432566989, 0.294511063476, 0.367908245772, 3.69724351233
0.0323660329868, 0.303440955244, 0.522979759042, 0.100628220371, 0.618538105671, 0.704226253701, 0.217237341894, 0.43289973613, 0.676149760096, 0.753456579472, 0.826554373366, 0.393282931355, 0.368750116396, 0.360130442034, 0.950401548475, 0.158474707499, 0.581107884021, 0.153995421093, 0.306280925636, 0.985560120895, 0.626513112394, 0.743587549239, 0.0595221611818, 0.816221907047, 0.893233624572, 0.631453266503, 0.792837500273, 0.0156588895903, 0.149041426264, 0.761857080936, 0.0323660329868, 5.17116259408
0.0323660329868, 0.303440955244, 0.522979759042, 0.100628220371, 0.618538105671, 0.704226253701, 0.217237341894, 0.43289973613, 0.676149760096, 0.753456579472, 0.826554373366, 0.393282931355, 0.368750116396, 0.360130442034, 0.950401548475, 0.158474707499, 0.581107884021, 0.153995421093, 0.306280925636, 0.985560120895, 0.626513112394, 0.743587549239, 0.0595221611818, 0.816221907047, 0.893233624572, 0.631453266503, 0.792837500273, 0.0156588895903, 0.149041426264, 0.761857080936, 0.0323660329868, 5.17116259408
0.0254839676242, 0.314339825657, 0.787865348181, 0.289195784052, 0.654376860879, 0.217191225715, 0.0812940923254, 0.185545790893, 0.976770398366, 0.663599068654, 0.220699263764, 0.0636526337332, 0.7307412633, 0.342722099775, 0.504065755315, 0.262299550334, 0.961100935964, 0.725047220391, 0.725656879888, 0.832073081429, 0.925568577274, 0.534734318334, 0.733728155749, 0.814515969461, 0.48294624446, 0.930136752024, 0.990302313482, 0.258645391875, 0.854061485802, 0.152938464385, 0.0254839676242, 5.62211587871
0.0254839676242, 0.314339825657, 0.787865348181, 0.289195784052, 0.654376860879, 0.217191225715, 0.0812940923254, 0.185545790893, 0.976770398366, 0.663599068654, 0.220699263764, 0.0636526337332, 0.7307412633, 0.342722099775, 0.504065755315, 0.262299550334, 0.961100935964, 0.725047220391, 0.725656879888, 0.832073081429, 0.925568577274, 0.534734318334, 0.733728155749, 0.814515969461, 0.48294624446, 0.930136752024, 0.990302313482, 0.258645391875, 0.854061485802, 0.152938464385, 0.0254839676242, 5.62211587871
0.0336123937142, 0.919284111734, 0.324745924429, 0.727424681553, 0.871831911882, 0.423593953038, 0.206613052464, 0.69215458332, 0.177575294444, 0.845548600306, 0.350088931763, 0.434615572168, 0.40200210665, 0.704407200286, 0.359636586254, 0.0494099393124, 0.558084607483, 0.811978711916, 0.264035538369, 0.463187711146, 0.0194119610809, 0.099179444904, 0.153889480052, 0.950961337542, 0.907479095862, 0.0988919607185, 0.653659655288, 0.813288861596, 0.514568388898, 0.821174006849, 0.0336123937142, 5.07618896599
0.0336123937142, 0.919284111734, 0.324745924429, 0.727424681553, 0.871831911882, 0.423593953038, 0.206613052464, 0.69215458332, 0.177575294444, 0.845548600306, 0.350088931763, 0.434615572168, 0.40200210665, 0.704407200286, 0.359636586254, 0.0494099393124, 0.558084607483, 0.811978711916, 0.264035538369, 0.463187711146, 0.0194119610809, 0.099179444904, 0.153889480052, 0.950961337542, 0.907479095862, 0.0988919607185, 0.653659655288, 0.813288861596, 0.514568388898, 0.821174006849, 0.0336123937142, 5.07618896599
0.621104190431, 0.429117268391, 0.0773663707223, 0.287198628041, 0.587807901584, 0.0130766444412, 0.69567682381, 0.860993536852, 0.507770919146, 0.367122208978, 0.754939402506, 0.610079516995, 0.866423401122, 0.0131530458337, 0.302165941654, 0.105729118451, 0.75327222972, 0.147405404566, 0.442564641955, 0.0155906047467, 0.146988364916, 0.762945253573, 0.366637663313, 0.416462745911, 0.0426178756486, 0.111799358836, 0.519809249262, 0.665583025233, 0.952166624844, 0.614300617719, 0.621104190431, 2.74005602742
0.621104190431, 0.429117268391, 0.0773663707223, 0.287198628041, 0.587807901584, 0.0130766444412, 0.69567682381, 0.860993536852, 0.507770919146, 0.367122208978, 0.754939402506, 0.610079516995, 0.866423401122, 0.0131530458337, 0.302165941654, 0.105729118451, 0.75327222972, 0.147405404566, 0.442564641955, 0.0155906047467, 0.146988364916, 0.762945253573, 0.366637663313, 0.416462745911, 0.0426178756486, 0.111799358836, 0.519809249262, 0.665583025233, 0.952166624844, 0.614300617719, 0.621104190431, 2.74005602742
0.442004725537, 0.690154136278, 0.749244113213, 0.621573801463, 0.103797296716, 0.252494848296, 0.00809370935258, 0.18154480446, 0.971291670164, 0.791817961021, 0.301169671674, 0.931006474027, 0.215194543671, 0.358845505528, 0.696914590524, 0.128905520435, 0.500589757091, 0.29982140444, 0.334244153987, 0.507664574303, 0.0596419263248, 0.924998652528, 0.600629554287, 0.521435618516, 0.0768944680091, 0.317841481822, 0.954830156742, 0.799364358379, 0.293324825776, 0.446712230577, 0.442004725537, 3.28410630758
0.442004725537, 0.690154136278, 0.749244113213, 0.621573801463, 0.103797296716, 0.252494848296, 0.00809370935258, 0.18154480446, 0.971291670164, 0.791817961021, 0.301169671674, 0.931006474027, 0.215194543671, 0.358845505528, 0.696914590524, 0.128905520435, 0.500589757091, 0.29982140444, 0.334244153987, 0.507664574303, 0.0596419263248, 0.924998652528, 0.600629554287, 0.521435618516, 0.0768944680091, 0.317841481822, 0.954830156742, 0.799364358379, 0.293324825776, 0.446712230577, 0.442004725537, 3.28410630758
0.852544120008, 0.624481676814, 0.564038258795, 0.72645023648, 0.384306728697, 0.349139914752, 0.293143246221, 0.198224788813, 0.107721226733, 0.883303818823, 0.284013689469, 0.102423132729, 0.660726464555, 0.409275510053, 0.920666560309, 0.0246648339181, 0.169116250963, 0.564629748975, 0.0466860170345, 0.900052244679, 0.984276612005, 0.466040988895, 0.676031506452, 0.300690898661, 0.251314602966, 0.434297864154, 0.760669068015, 0.0290727674186, 0.597217265715, 0.645444617121, 0.852544120008, 2.20131524201
0.852544120008, 0.624481676814, 0.564038258795, 0.72645023648, 0.384306728697, 0.349139914752, 0.293143246221, 0.198224788813, 0.107721226733, 0.883303818823, 0.284013689469, 0.102423132729, 0.660726464555, 0.409275510053, 0.920666560309, 0.0246648339181, 0.169116250963, 0.564629748975, 0.0466860170345, 0.900052244679, 0.984276612005, 0.466040988895, 0.676031506452, 0.300690898661, 0.251314602966, 0.434297864154, 0.760669068015, 0.0290727674186, 0.597217265715, 0.645444617121, 0.852544120008, 2.20131524201
0.0254839676242, 0.314339825657, 0.787865348181, 0.289195784052, 0.654376860879, 0.636146346175, 0.0403313920974, 0.185545790893, 0.976770398366, 0.663599068654, 0.220699263764, 0.555625464887, 0.7307412633, 0.342722099775, 0.380863386061, 0.262299550334, 0.961100935964, 0.725047220391, 0.725656879888, 0.832073081429, 0.925568577274, 0.534734318334, 0.733728155749, 0.814515969461, 0.48294624446, 0.930136752024, 0.990302313482, 0.258645391875, 0.962729871622, 0.227682171224, 0.0254839676242, 5.90151916913
0.0254839676242, 0.314339825657, 0.787865348181, 0.289195784052, 0.654376860879, 0.636146346175, 0.0403313920974, 0.185545790893, 0.976770398366, 0.663599068654, 0.220699263764, 0.555625464887, 0.7307412633, 0.342722099775, 0.380863386061, 0.262299550334, 0.961100935964, 0.725047220391, 0.725656879888, 0.832073081429, 0.925568577274, 0.534734318334, 0.733728155749, 0.814515969461, 0.48294624446, 0.930136752024, 0.990302313482, 0.258645391875, 0.962729871622, 0.227682171224, 0.0254839676242, 5.90151916913
0.640680569649, 0.174485814093, 0.946320342942, 0.781769984743, 0.357145649485, 0.317091035028, 0.91905028142, 0.728307653715, 0.0541575354581, 0.116629882165, 0.886546034194, 0.519896230921, 0.294301268606, 0.748593559618, 0.191726397615, 0.261811164596, 0.591880833758, 0.743903245291, 0.906687584614, 0.703869266671, 0.545181863381, 0.172296026261, 0.171898782542, 0.00562601273893, 0.110338504259, 0.484857048543, 0.00532947710507, 0.342695530606, 0.581207796789, 0.0374775538059, 0.640680569649, 2.5489555587
0.837027607844, 0.00146112848279, 0.261714285062, 0.312440210335, 0.30985648149, 0.617869673211, 0.998440047267, 0.86705749798, 0.757159740042, 0.612186991138, 0.00140017912841, 0.690158240518, 0.451174639632, 0.194180539929, 0.248925994665, 0.219247849172, 0.452448314418, 0.663187260189, 0.881746004596, 0.702414737679, 0.193270862731, 0.760017059814, 0.223595686628, 0.506090461831, 0.263670596672, 0.860802189628, 0.290093867325, 0.87878512081, 0.0932777618681, 0.847118644198, 0.837027607844, 2.50102612534
0.621104190431, 0.429117268391, 0.0773663707223, 0.287198628041, 0.587807901584, 0.0130766444412, 0.69567682381, 0.860993536852, 0.507770919146, 0.367122208978, 0.172263525422, 0.610079516995, 0.866423401122, 0.0131530458337, 0.302165941654, 0.602813668383, 0.75327222972, 0.497868660006, 0.442564641955, 0.0155906047467, 0.146988364916, 0.762945253573, 0.366637663313, 0.416462745911, 0.0426178756486, 0.111799358836, 0.424641249241, 0.665583025233, 0.952166624844, 0.614300617719, 0.621104190431, 2.78333390843
0.430972401595, 0.970961184557, 0.970239431522, 0.35245154195, 0.231618926915, 0.696066845823, 0.2264537943, 0.793313958584, 0.800548591853, 0.163798203229, 0.211568572832, 0.875488524981, 0.678709944761, 0.0844815407589, 0.889929308722, 0.76467921599, 0.27603885397, 0.475690864041, 0.393034142394, 0.0379434121137, 0.846828170794, 0.0152644875327, 0.292692168363, 0.119955128896, 0.749223711561, 0.2746862562, 0.880230594483, 0.329277548554, 0.790218063812, 0.392257486395, 0.430972401595, 3.62649900364
