0.145365268422, 0.463267789553, 0.0, 0.0, 0.0, 0.0, 0.0, 0.0, 0.0, 0.0, 0.188214490836, 0.332077429084, 0.0, 0.979106294936, 0.758402429372, 1.0, 0.0, 0.0, 0.275026196844, 1.0, 1.0, 0.128762834466, 0.0, 0.56453487719, 0.0, 0.0, 1.0, 0.0, 24.0, 0.0, 5.19230021819
1.0, 0.0136604915277, 0.0, 0.683512654358, 0.0, 0.956801069779, 0.0, 0.0, 0.0, 0.75536646556, 0.0, 0.0, 0.146583561809, 1.0, 0.0353965521516, 0.832922095458, 0.0, 1.0, 0.0, 1.0, 1.0, 0.0, 1.0, 0.681755153929, 0.562398751716, 0.0528672331211, 0.0, 0.723210201819, 14.0, 1.0, 10.4591426601
0.120199451863, 0.412160218429, 0.0, 0.0, 0.301707977252, 0.695406441558, 0.0, 0.0, 0.0, 0.0, 0.0, 1.0, 0.0, 0.0, 0.62754757371, 1.0, 0.0, 1.0, 0.370989105626, 1.0, 0.0, 1.0, 0.735682487943, 0.0702140007002, 0.229231569582, 0.0, 0.0, 0.624508784412, 19.0, 1.0, 7.11690423761
1.0, 0.0691551472552, 0.0, 0.988331229462, 0.843947640108, 1.0, 0.0, 0.0, 0.0, 0.75536646556, 0.0, 0.860470619456, 0.159364063698, 0.882820747016, 0.999683914435, 0.79866450212, 0.0, 0.0, 0.676889772238, 0.717167954595, 1.0, 0.0, 1.0, 1.0, 0.28740855806, 0.0528672331211, 0.0, 1.0, 9.0, 0.0, 11.7768534586
0.00168006430395, 0.0, 0.0, 0.249064529962, 0.0, 0.0, 0.0135646458961, 0.0, 0.331681522182, 0.0, 0.000147691454111, 0.0, 0.0, 0.0, 0.0, 0.254604945534, 0.0394610855262, 0.0, 0.451456510578, 0.0, 0.226973219563, 0.290749930369, 0.477155904677, 0.0, 0.0, 0.0, 0.0, 0.153059654085, 49.0, 0.0, 0.0
0.0, 0.0136604915277, 0.0, 0.605225885265, 0.322110903499, 1.0, 1.0, 0.0, 0.158821620763, 0.136635454325, 0.0, 0.0, 0.0, 0.816581979289, 0.984377602312, 0.79866450212, 0.0991156113818, 0.0, 0.201541915505, 0.754108623337, 1.0, 0.0, 1.0, 1.0, 0.00886570207655, 0.0528672331211, 0.0, 0.554730652118, 17.0, 0.0, 8.73764629641
0.171812238881, 0.0, 0.0, 0.0, 0.0, 0.0, 0.0, 0.0, 0.0, 0.466143932971, 0.0, 0.0, 0.0, 0.0, 0.0, 1.0, 0.0, 0.0, 0.212695491396, 1.0, 0.0, 1.0, 0.0, 0.505917012173, 0.248209819122, 0.0, 0.0, 0.0, 33.0, 1.0, 2.99509564135
0.0, 0.363622703144, 0.0, 0.0, 0.0, 0.0, 0.0, 0.0, 0.0, 0.0, 0.0, 0.225073876479, 0.0, 0.0621563807, 0.0, 1.0, 0.0, 0.66304685256, 0.212695491396, 1.0, 0.0, 1.0, 0.484560211971, 0.946914425164, 0.107220202134, 0.0637641396669, 0.0, 0.846548412481, 28.0, 1.0, 4.45735511307
0.026185460839, 0.720011741705, 0.0, 0.265775067051, 0.336584563753, 0.327711366828, 0.979471360595, 0.0, 0.0, 0.426558249559, 0.000147691454111, 0.0, 0.0, 0.0, 0.0, 0.268358294858, 0.0, 0.128865210903, 0.0, 0.0, 0.226973219563, 0.42711606209, 0.0, 0.0, 0.0, 0.0, 0.0, 0.490913120508, 47.0, 0.0, 1.52622685457
0.0, 0.370209368615, 0.0, 0.066862561014, 0.274976085771, 0.0, 0.490279129952, 0.0, 0.0430314250446, 0.0, 0.222002282738, 0.0, 0.0, 0.664062746304, 0.0, 1.0, 0.134643630161, 0.0, 0.0890870552484, 1.0, 0.0, 1.0, 0.0, 0.0, 1.0, 0.0, 0.0, 0.281548959062, 29.0, 0.0, 4.2667701521
0.0, 0.0, 0.0, 0.0, 0.0, 0.0, 0.0, 0.0, 0.0, 0.0, 0.0, 0.0, 0.0, 0.033688106251, 0.0, 1.0, 0.0, 0.0286059790784, 0.653991836993, 1.0, 0.0, 1.0, 0.0495397144962, 0.505917012173, 0.0470748331978, 0.0, 0.0, 0.0, 32.0, 1.0, 3.62553557758
1.0, 0.229893986231, 0.0, 0.0, 1.0, 1.0, 0.0, 0.0, 0.414926404275, 0.0, 0.0, 0.888595113384, 1.0, 0.843472077271, 1.0, 1.0, 0.706309370241, 0.246123717932, 0.12459846206, 0.641080618968, 0.309337768641, 0.280739268461, 0.998999117955, 1.0, 1.0, 0.316647875939, 0.350738682015, 1.0, 15.0, 0.0, 10.6755468173
1.0, 0.108336423266, 0.0, 0.249064529962, 0.748358235605, 1.0, 0.0, 0.0, 0.0, 0.75536646556, 0.0, 0.776487776906, 0.0, 0.963320403511, 0.999715179246, 0.221575830491, 0.0, 0.0, 0.676889772238, 0.827492967099, 1.0, 0.0, 1.0, 1.0, 0.28740855806, 0.0528672331211, 0.0, 0.850628272774, 16.0, 1.0, 8.5698147235
0.026185460839, 0.822568067546, 0.0, 0.436249272907, 0.0, 0.0, 1.0, 0.0, 0.164019295095, 0.0, 0.0, 0.0, 0.0, 0.0, 0.0, 0.356063911707, 0.0, 0.0, 0.0, 0.0145361770016, 0.226973219563, 0.0, 0.0, 0.249355557752, 0.0, 0.361689691291, 0.0, 0.259289662618, 47.0, 0.0, 1.52622685457
0.0149515899286, 0.0, 0.0, 0.394061411163, 0.042795330013, 0.0, 1.0, 0.0, 0.368426120101, 0.0, 0.539826651704, 0.0, 0.0, 0.345756865384, 0.0, 0.381972792143, 0.0, 0.0, 0.0, 0.0, 0.226973219563, 0.290749930369, 0.0378807438321, 0.0, 0.0, 0.0, 0.0, 0.153059654085, 44.0, 1.0, 1.50076586194
0.171812238881, 0.0, 0.341257784455, 0.0, 0.230569501971, 0.0, 0.0, 0.0, 0.0, 0.0, 0.0, 0.0, 0.0, 0.961720827745, 0.0, 1.0, 0.0, 0.0, 0.218945354868, 1.0, 0.473004953398, 1.0, 0.0, 0.505917012173, 0.107220202134, 0.0, 0.0, 0.0, 29.0, 1.0, 3.86314478476
0.026185460839, 1.0, 0.119640204929, 0.436249272907, 0.0, 0.374066781056, 1.0, 0.0, 0.164019295095, 0.0, 0.000147691454111, 0.212974727885, 0.0, 0.0, 0.0, 0.268358294858, 0.0, 0.0, 0.0, 0.0, 0.309337768641, 0.413107377344, 0.0530013021989, 0.0, 0.0, 0.361689691291, 0.0, 0.153059654085, 47.0, 0.0, 1.52622685457
0.0329663037754, 0.704420682354, 0.0, 0.0, 0.301707977252, 0.695406441558, 0.267106005618, 0.127204079635, 0.0, 0.324455677726, 0.315270592804, 0.0969901075951, 0.0, 0.0, 0.62754757371, 1.0, 0.0, 1.0, 0.36096178199, 1.0, 0.0, 1.0, 0.735682487943, 0.505917012173, 0.131756467564, 0.0, 0.0, 0.624508784412, 21.0, 0.0, 6.78170041893
1.0, 0.463267789553, 0.506428454547, 1.0, 1.0, 1.0, 0.0, 0.21387521271, 0.0, 0.205747036145, 0.149880143691, 0.949906314787, 1.0, 1.0, 0.873954290118, 1.0, 0.594781876317, 1.0, 0.12459846206, 0.844992791893, 0.0, 1.0, 0.999830389136, 1.0, 1.0, 0.0, 0.0, 0.861182949659, 6.0, 0.0, 14.214350529
0.0, 0.274513080666, 0.0, 0.0, 0.0, 0.0, 0.0, 0.0, 0.0430314250446, 0.364420201824, 0.0, 0.35505721441, 0.0, 0.470642134203, 0.0, 0.802778737459, 0.0, 0.184989656476, 0.212695491396, 1.0, 0.0, 1.0, 0.0, 0.93666471269, 0.107220202134, 0.466076305682, 0.0, 0.0, 33.0, 1.0, 2.99509564135
0.0, 0.370209368615, 0.0, 0.265775067051, 0.587115788999, 1.0, 0.439174076402, 0.0, 0.156835560476, 0.0, 0.0, 0.0, 0.0, 0.0, 0.0, 0.268358294858, 0.134643630161, 0.0, 0.550655818624, 1.0, 0.0, 1.0, 0.0, 0.0, 1.0, 0.0, 0.0, 0.281548959062, 34.0, 0.0, 3.11196662634
0.234961750994, 0.195626410765, 0.0, 0.394061411163, 0.0, 0.327170549781, 1.0, 0.0, 0.368426120101, 0.0, 0.963096681101, 0.0, 0.0, 0.0, 0.0, 0.381972792143, 0.0, 0.0, 0.0, 0.0, 0.226973219563, 1.0, 0.0378807438321, 0.0, 0.0, 0.0, 0.0, 0.0467637088351, 40.0, 0.0, 1.92509056475
0.145365268422, 0.463267789553, 0.0, 0.0, 0.0, 0.0, 0.0, 0.0, 0.0, 0.0, 0.188214490836, 0.625791708459, 0.0, 0.979106294936, 0.758402429372, 1.0, 0.0, 1.0, 0.0, 1.0, 1.0, 0.128762834466, 0.0, 0.56453487719, 0.562398751716, 0.0, 1.0, 0.0, 18.0, 0.0, 7.40097798337
0.120199451863, 0.412160218429, 0.0, 0.814157964254, 0.301707977252, 0.695406441558, 0.0, 0.0, 0.0, 0.0, 0.0, 1.0, 0.0, 0.0, 0.62754757371, 1.0, 0.0, 1.0, 0.305758206262, 1.0, 0.0, 1.0, 0.49322404313, 0.505917012173, 0.229231569582, 0.0, 0.0, 0.624508784412, 15.0, 1.0, 8.79608468119
1.0, 0.0691551472552, 0.0, 0.988331229462, 0.843947640108, 1.0, 0.0, 0.0, 0.0, 0.75536646556, 0.0, 0.776487776906, 0.159364063698, 0.882820747016, 0.999906481518, 0.79866450212, 0.0, 0.0, 0.676889772238, 0.827492967099, 1.0, 0.0, 1.0, 1.0, 0.28740855806, 0.0126122616891, 0.0, 1.0, 9.0, 0.0, 11.7768534586
0.00168006430395, 0.0, 0.0, 0.128784812756, 0.0, 0.0, 1.0, 0.0, 0.331681522182, 0.0, 0.000147691454111, 0.0, 0.0, 0.0, 0.0, 0.254604945534, 0.0394610855262, 0.0, 0.451456510578, 0.0, 0.226973219563, 0.290749930369, 0.477155904677, 0.0, 0.0, 0.0, 0.0, 0.153059654085, 48.0, 0.0, 0.669939041944
0.261578741688, 0.0, 0.406126382409, 0.0, 0.0, 0.407408115903, 0.0, 0.0, 0.0191482068014, 0.0, 0.0, 1.0, 0.0, 1.0, 1.0, 1.0, 0.0, 0.846905909765, 0.120467760219, 0.623996732, 0.309337768641, 1.0, 0.0, 0.324860881136, 0.907502943531, 0.0, 0.161425535974, 0.156677816638, 23.0, 0.0, 6.35087569059
0.120199451863, 0.521545932903, 0.0, 0.0, 0.84795584406, 0.695406441558, 0.267106005618, 0.0, 0.0, 0.0, 0.315270592804, 0.825213578995, 0.0, 0.0, 0.62754757371, 1.0, 0.0, 1.0, 0.320660267069, 1.0, 0.0, 1.0, 0.26567808202, 0.505917012173, 0.0698937025903, 0.0, 0.0, 0.624508784412, 17.0, 1.0, 7.72435061333
1.0, 0.463267789553, 0.506428454547, 1.0, 1.0, 1.0, 0.0, 0.21387521271, 0.0, 0.205747036145, 0.0, 0.965054649106, 1.0, 1.0, 0.846992343439, 1.0, 0.594781876317, 1.0, 0.12459846206, 0.993438785886, 0.0, 1.0, 0.999627365435, 1.0, 1.0, 0.0, 0.0, 0.861182949659, 6.0, 0.0, 14.214350529
0.253330508685, 0.370209368615, 0.0, 0.265775067051, 1.0, 0.611884816677, 0.439174076402, 0.0, 0.0430314250446, 0.0, 0.0, 0.0, 0.0, 0.0, 0.0, 0.268358294858, 0.134643630161, 0.0, 0.471799572022, 0.890785483011, 0.0, 1.0, 0.0, 0.0, 1.0, 0.0, 0.0, 0.281548959062, 35.0, 0.0, 2.48152669012
0.0, 0.370209368615, 0.0, 0.066862561014, 0.274976085771, 0.0, 0.490279129952, 0.0, 0.0430314250446, 0.0, 0.222002282738, 0.0, 0.0, 0.664062746304, 0.0, 1.0, 0.134643630161, 1.0, 0.0890870552484, 1.0, 0.0, 1.0, 0.0, 0.428174881253, 0.363628218686, 0.0, 0.0, 0.281548959062, 32.0, 0.0, 4.22180921008
0.0, 0.0, 0.0, 0.0, 0.0, 0.0, 0.0, 0.0, 0.0, 0.0, 0.0, 0.0, 0.0, 0.033688106251, 0.0, 1.0, 0.0, 0.0286059790784, 0.212695491396, 1.0, 0.0, 1.0, 0.0495397144962, 0.505917012173, 0.43841425729, 0.0, 0.0, 0.0, 33.0, 1.0, 2.99509564135
1.0, 0.229893986231, 0.0, 0.0, 1.0, 1.0, 0.0, 0.0, 0.414926404275, 0.0, 0.479471854829, 0.888595113384, 1.0, 0.843472077271, 1.0, 1.0, 0.706309370241, 0.308430977088, 0.12459846206, 0.641080618968, 0.309337768641, 1.0, 0.99877662174, 1.0, 1.0, 0.316647875939, 0.350738682015, 1.0, 11.0, 0.0, 11.0998715201
1.0, 0.463267789553, 0.0, 1.0, 1.0, 1.0, 0.267106005618, 0.21387521271, 0.0, 0.39876029029, 0.0, 0.796369180771, 1.0, 1.0, 0.846992343439, 1.0, 0.594781876317, 1.0, 0.12459846206, 1.0, 0.0, 0.903071354181, 0.999426030142, 1.0, 0.828748117093, 0.412821743588, 0.0434289913527, 0.861182949659, 7.0, 0.0, 13.3011598913
0.00168006430395, 0.0, 0.0, 0.249064529962, 0.0, 0.0, 0.805357031789, 0.0, 0.0, 0.0, 0.000147691454111, 0.0, 0.0, 0.0, 0.0, 0.221575830491, 0.0394610855262, 0.0, 0.386157915605, 0.0, 0.226973219563, 0.290749930369, 0.0, 0.0, 0.24013988787, 0.0528672331211, 0.0, 0.153059654085, 48.0, 0.0, 0.669939041944
0.026185460839, 0.822568067546, 0.0, 0.394061411163, 0.0, 0.0, 1.0, 0.0, 0.164019295095, 0.0, 0.0, 0.0, 0.0, 0.0, 0.0, 0.268358294858, 0.0, 0.0, 0.0, 0.0145361770016, 0.226973219563, 0.0, 0.0, 0.249355557752, 0.0, 0.361689691291, 0.0, 0.259289662618, 47.0, 0.0, 1.52622685457
0.0149515899286, 0.0, 0.0, 0.436249272907, 0.289261471149, 0.0, 1.0, 0.0, 0.368426120101, 0.0, 0.539826651704, 0.0, 0.0, 0.345756865384, 0.0, 0.381972792143, 0.0, 0.0, 0.0, 0.0, 0.226973219563, 0.290749930369, 0.0378807438321, 0.0, 0.0, 0.0, 0.0, 0.153059654085, 44.0, 1.0, 1.50076586194
0.0, 0.363622703144, 0.0, 0.0, 0.0, 0.0, 0.0, 0.0, 0.156835560476, 0.364420201824, 0.0, 0.35505721441, 0.0, 0.470642134203, 0.0, 0.802778737459, 0.0, 0.184989656476, 0.212695491396, 1.0, 0.0, 1.0, 0.0, 0.93666471269, 0.107220202134, 0.466076305682, 0.0, 0.0, 33.0, 1.0, 2.99509564135
0.0, 0.370209368615, 0.0, 0.265775067051, 0.587115788999, 1.0, 0.439174076402, 0.0, 0.0568146362297, 0.0, 0.0, 0.0, 0.0, 0.0, 0.0, 0.268358294858, 0.134643630161, 0.0, 0.550655818624, 1.0, 0.0, 1.0, 0.0, 0.0, 1.0, 0.0, 0.0, 0.281548959062, 34.0, 0.0, 3.11196662634
1.0, 0.463267789553, 0.0, 1.0, 1.0, 1.0, 0.773182090723, 0.0264858035386, 0.0, 0.39876029029, 0.0, 0.904742249274, 0.467752981029, 0.478369755986, 0.846992343439, 1.0, 0.223353699578, 1.0, 0.12459846206, 0.984397736183, 0.0, 1.0, 0.999426030142, 1.0, 0.107220202134, 0.0, 0.0, 0.861182949659, 10.0, 1.0, 11.1185040223
1.0, 0.463267789553, 0.0, 1.0, 1.0, 1.0, 0.692039184611, 0.21387521271, 0.859104473246, 0.39876029029, 0.0, 0.796369180771, 1.0, 0.478369755986, 0.846992343439, 1.0, 0.223353699578, 1.0, 0.12459846206, 0.994667768043, 0.0, 1.0, 0.999426030142, 1.0, 0.329758204144, 0.0, 0.0, 0.861182949659, 8.0, 1.0, 12.8629941203
0.145365268422, 0.463267789553, 0.0, 0.0, 0.0, 0.0, 0.0, 0.0, 0.0, 0.0, 0.188214490836, 0.332077429084, 0.0, 0.979106294936, 0.758402429372, 1.0, 0.0, 0.0, 0.275026196844, 1.0, 1.0, 0.128762834466, 0.0, 0.56453487719, 0.0, 0.0, 1.0, 0.0, 24.0, 0.0, 5.19230021819
1.0, 0.0136604915277, 0.0, 0.683512654358, 0.0, 0.956801069779, 0.0, 0.0, 0.0, 0.75536646556, 0.0, 0.0, 0.146583561809, 1.0, 0.0353965521516, 0.832922095458, 0.0, 1.0, 0.0, 1.0, 1.0, 0.0, 1.0, 0.681755153929, 0.562398751716, 0.0528672331211, 0.0, 0.723210201819, 14.0, 1.0, 10.4591426601
0.120199451863, 0.412160218429, 0.0, 0.0, 0.301707977252, 0.695406441558, 0.0, 0.0, 0.0, 0.0, 0.0, 1.0, 0.0, 0.0, 0.62754757371, 1.0, 0.0, 1.0, 0.370989105626, 1.0, 0.0, 1.0, 0.735682487943, 0.0702140007002, 0.229231569582, 0.0, 0.0, 0.624508784412, 19.0, 1.0, 7.11690423761
1.0, 0.0691551472552, 0.0, 0.988331229462, 0.843947640108, 1.0, 0.0, 0.0, 0.0, 0.75536646556, 0.0, 0.860470619456, 0.159364063698, 0.882820747016, 0.999683914435, 0.79866450212, 0.0, 0.0, 0.676889772238, 0.717167954595, 1.0, 0.0, 1.0, 1.0, 0.28740855806, 0.0528672331211, 0.0, 1.0, 9.0, 0.0, 11.7768534586
0.00168006430395, 0.0, 0.0, 0.249064529962, 0.0, 0.0, 0.0135646458961, 0.0, 0.331681522182, 0.0, 0.000147691454111, 0.0, 0.0, 0.0, 0.0, 0.254604945534, 0.0394610855262, 0.0, 0.451456510578, 0.0, 0.226973219563, 0.290749930369, 0.477155904677, 0.0, 0.0, 0.0, 0.0, 0.153059654085, 49.0, 0.0, 0.0
0.0, 0.0136604915277, 0.0, 0.605225885265, 0.322110903499, 1.0, 1.0, 0.0, 0.158821620763, 0.136635454325, 0.0, 0.0, 0.0, 0.816581979289, 0.984377602312, 0.79866450212, 0.0991156113818, 0.0, 0.201541915505, 0.754108623337, 1.0, 0.0, 1.0, 1.0, 0.00886570207655, 0.0528672331211, 0.0, 0.554730652118, 17.0, 0.0, 8.73764629641
0.171812238881, 0.0, 0.0, 0.0, 0.0, 0.0, 0.0, 0.0, 0.0, 0.466143932971, 0.0, 0.0, 0.0, 0.0, 0.0, 1.0, 0.0, 0.0, 0.212695491396, 1.0, 0.0, 1.0, 0.0, 0.505917012173, 0.248209819122, 0.0, 0.0, 0.0, 33.0, 1.0, 2.99509564135
0.0, 0.363622703144, 0.0, 0.0, 0.0, 0.0, 0.0, 0.0, 0.0, 0.0, 0.0, 0.225073876479, 0.0, 0.0621563807, 0.0, 1.0, 0.0, 0.66304685256, 0.212695491396, 1.0, 0.0, 1.0, 0.484560211971, 0.946914425164, 0.107220202134, 0.0637641396669, 0.0, 0.846548412481, 28.0, 1.0, 4.45735511307
0.026185460839, 0.720011741705, 0.0, 0.265775067051, 0.336584563753, 0.327711366828, 0.979471360595, 0.0, 0.0, 0.426558249559, 0.000147691454111, 0.0, 0.0, 0.0, 0.0, 0.268358294858, 0.0, 0.128865210903, 0.0, 0.0, 0.226973219563, 0.42711606209, 0.0, 0.0, 0.0, 0.0, 0.0, 0.490913120508, 47.0, 0.0, 1.52622685457
0.0, 0.370209368615, 0.0, 0.066862561014, 0.274976085771, 0.0, 0.490279129952, 0.0, 0.0430314250446, 0.0, 0.222002282738, 0.0, 0.0, 0.664062746304, 0.0, 1.0, 0.134643630161, 0.0, 0.0890870552484, 1.0, 0.0, 1.0, 0.0, 0.0, 1.0, 0.0, 0.0, 0.281548959062, 29.0, 0.0, 4.2667701521
0.0, 0.0, 0.0, 0.0, 0.0, 0.0, 0.0, 0.0, 0.0, 0.0, 0.0, 0.0, 0.0, 0.033688106251, 0.0, 1.0, 0.0, 0.0286059790784, 0.653991836993, 1.0, 0.0, 1.0, 0.0495397144962, 0.505917012173, 0.0470748331978, 0.0, 0.0, 0.0, 32.0, 1.0, 3.62553557758
1.0, 0.229893986231, 0.0, 0.0, 1.0, 1.0, 0.0, 0.0, 0.414926404275, 0.0, 0.0, 0.888595113384, 1.0, 0.843472077271, 1.0, 1.0, 0.706309370241, 0.246123717932, 0.12459846206, 0.641080618968, 0.309337768641, 0.280739268461, 0.998999117955, 1.0, 1.0, 0.316647875939, 0.350738682015, 1.0, 15.0, 0.0, 10.6755468173
1.0, 0.108336423266, 0.0, 0.249064529962, 0.748358235605, 1.0, 0.0, 0.0, 0.0, 0.75536646556, 0.0, 0.776487776906, 0.0, 0.963320403511, 0.999715179246, 0.221575830491, 0.0, 0.0, 0.676889772238, 0.827492967099, 1.0, 0.0, 1.0, 1.0, 0.28740855806, 0.0528672331211, 0.0, 0.850628272774, 16.0, 1.0, 8.5698147235
0.026185460839, 0.822568067546, 0.0, 0.436249272907, 0.0, 0.0, 1.0, 0.0, 0.164019295095, 0.0, 0.0, 0.0, 0.0, 0.0, 0.0, 0.356063911707, 0.0, 0.0, 0.0, 0.0145361770016, 0.226973219563, 0.0, 0.0, 0.249355557752, 0.0, 0.361689691291, 0.0, 0.259289662618, 47.0, 0.0, 1.52622685457
0.0149515899286, 0.0, 0.0, 0.394061411163, 0.042795330013, 0.0, 1.0, 0.0, 0.368426120101, 0.0, 0.539826651704, 0.0, 0.0, 0.345756865384, 0.0, 0.381972792143, 0.0, 0.0, 0.0, 0.0, 0.226973219563, 0.290749930369, 0.0378807438321, 0.0, 0.0, 0.0, 0.0, 0.153059654085, 44.0, 1.0, 1.50076586194
0.171812238881, 0.0, 0.341257784455, 0.0, 0.230569501971, 0.0, 0.0, 0.0, 0.0, 0.0, 0.0, 0.0, 0.0, 0.961720827745, 0.0, 1.0, 0.0, 0.0, 0.218945354868, 1.0, 0.473004953398, 1.0, 0.0, 0.505917012173, 0.107220202134, 0.0, 0.0, 0.0, 29.0, 1.0, 3.86314478476
0.026185460839, 1.0, 0.119640204929, 0.436249272907, 0.0, 0.374066781056, 1.0, 0.0, 0.164019295095, 0.0, 0.000147691454111, 0.212974727885, 0.0, 0.0, 0.0, 0.268358294858, 0.0, 0.0, 0.0, 0.0, 0.309337768641, 0.413107377344, 0.0530013021989, 0.0, 0.0, 0.361689691291, 0.0, 0.153059654085, 47.0, 0.0, 1.52622685457
0.0329663037754, 0.704420682354, 0.0, 0.0, 0.301707977252, 0.695406441558, 0.267106005618, 0.127204079635, 0.0, 0.324455677726, 0.315270592804, 0.0969901075951, 0.0, 0.0, 0.62754757371, 1.0, 0.0, 1.0, 0.36096178199, 1.0, 0.0, 1.0, 0.735682487943, 0.505917012173, 0.131756467564, 0.0, 0.0, 0.624508784412, 21.0, 0.0, 6.78170041893
1.0, 0.463267789553, 0.506428454547, 1.0, 1.0, 1.0, 0.0, 0.21387521271, 0.0, 0.205747036145, 0.149880143691, 0.949906314787, 1.0, 1.0, 0.873954290118, 1.0, 0.594781876317, 1.0, 0.12459846206, 0.844992791893, 0.0, 1.0, 0.999830389136, 1.0, 1.0, 0.0, 0.0, 0.861182949659, 6.0, 0.0, 14.214350529
0.0, 0.274513080666, 0.0, 0.0, 0.0, 0.0, 0.0, 0.0, 0.0430314250446, 0.364420201824, 0.0, 0.35505721441, 0.0, 0.470642134203, 0.0, 0.802778737459, 0.0, 0.184989656476, 0.212695491396, 1.0, 0.0, 1.0, 0.0, 0.93666471269, 0.107220202134, 0.466076305682, 0.0, 0.0, 33.0, 1.0, 2.99509564135
0.0, 0.370209368615, 0.0, 0.265775067051, 0.587115788999, 1.0, 0.439174076402, 0.0, 0.156835560476, 0.0, 0.0, 0.0, 0.0, 0.0, 0.0, 0.268358294858, 0.134643630161, 0.0, 0.550655818624, 1.0, 0.0, 1.0, 0.0, 0.0, 1.0, 0.0, 0.0, 0.281548959062, 34.0, 0.0, 3.11196662634
0.234961750994, 0.195626410765, 0.0, 0.394061411163, 0.0, 0.327170549781, 1.0, 0.0, 0.368426120101, 0.0, 0.963096681101, 0.0, 0.0, 0.0, 0.0, 0.381972792143, 0.0, 0.0, 0.0, 0.0, 0.226973219563, 1.0, 0.0378807438321, 0.0, 0.0, 0.0, 0.0, 0.0467637088351, 40.0, 0.0, 1.92509056475
0.145365268422, 0.463267789553, 0.0, 0.0, 0.0, 0.0, 0.0, 0.0, 0.0, 0.0, 0.188214490836, 0.625791708459, 0.0, 0.979106294936, 0.758402429372, 1.0, 0.0, 1.0, 0.0, 1.0, 1.0, 0.128762834466, 0.0, 0.56453487719, 0.562398751716, 0.0, 1.0, 0.0, 18.0, 0.0, 7.40097798337
0.120199451863, 0.412160218429, 0.0, 0.814157964254, 0.301707977252, 0.695406441558, 0.0, 0.0, 0.0, 0.0, 0.0, 1.0, 0.0, 0.0, 0.62754757371, 1.0, 0.0, 1.0, 0.305758206262, 1.0, 0.0, 1.0, 0.49322404313, 0.505917012173, 0.229231569582, 0.0, 0.0, 0.624508784412, 15.0, 1.0, 8.79608468119
1.0, 0.0691551472552, 0.0, 0.988331229462, 0.843947640108, 1.0, 0.0, 0.0, 0.0, 0.75536646556, 0.0, 0.776487776906, 0.159364063698, 0.882820747016, 0.999906481518, 0.79866450212, 0.0, 0.0, 0.676889772238, 0.827492967099, 1.0, 0.0, 1.0, 1.0, 0.28740855806, 0.0126122616891, 0.0, 1.0, 9.0, 0.0, 11.7768534586
0.00168006430395, 0.0, 0.0, 0.128784812756, 0.0, 0.0, 1.0, 0.0, 0.331681522182, 0.0, 0.000147691454111, 0.0, 0.0, 0.0, 0.0, 0.254604945534, 0.0394610855262, 0.0, 0.451456510578, 0.0, 0.226973219563, 0.290749930369, 0.477155904677, 0.0, 0.0, 0.0, 0.0, 0.153059654085, 48.0, 0.0, 0.669939041944
0.261578741688, 0.0, 0.406126382409, 0.0, 0.0, 0.407408115903, 0.0, 0.0, 0.0191482068014, 0.0, 0.0, 1.0, 0.0, 1.0, 1.0, 1.0, 0.0, 0.846905909765, 0.120467760219, 0.623996732, 0.309337768641, 1.0, 0.0, 0.324860881136, 0.907502943531, 0.0, 0.161425535974, 0.156677816638, 23.0, 0.0, 6.35087569059
0.120199451863, 0.521545932903, 0.0, 0.0, 0.84795584406, 0.695406441558, 0.267106005618, 0.0, 0.0, 0.0, 0.315270592804, 0.825213578995, 0.0, 0.0, 0.62754757371, 1.0, 0.0, 1.0, 0.320660267069, 1.0, 0.0, 1.0, 0.26567808202, 0.505917012173, 0.0698937025903, 0.0, 0.0, 0.624508784412, 17.0, 1.0, 7.72435061333
1.0, 0.463267789553, 0.506428454547, 1.0, 1.0, 1.0, 0.0, 0.21387521271, 0.0, 0.205747036145, 0.0, 0.965054649106, 1.0, 1.0, 0.846992343439, 1.0, 0.594781876317, 1.0, 0.12459846206, 0.993438785886, 0.0, 1.0, 0.999627365435, 1.0, 1.0, 0.0, 0.0, 0.861182949659, 6.0, 0.0, 14.214350529
0.253330508685, 0.370209368615, 0.0, 0.265775067051, 1.0, 0.611884816677, 0.439174076402, 0.0, 0.0430314250446, 0.0, 0.0, 0.0, 0.0, 0.0, 0.0, 0.268358294858, 0.134643630161, 0.0, 0.471799572022, 0.890785483011, 0.0, 1.0, 0.0, 0.0, 1.0, 0.0, 0.0, 0.281548959062, 35.0, 0.0, 2.48152669012
0.0, 0.370209368615, 0.0, 0.066862561014, 0.274976085771, 0.0, 0.490279129952, 0.0, 0.0430314250446, 0.0, 0.222002282738, 0.0, 0.0, 0.664062746304, 0.0, 1.0, 0.134643630161, 1.0, 0.0890870552484, 1.0, 0.0, 1.0, 0.0, 0.428174881253, 0.363628218686, 0.0, 0.0, 0.281548959062, 32.0, 0.0, 4.22180921008
0.0, 0.0, 0.0, 0.0, 0.0, 0.0, 0.0, 0.0, 0.0, 0.0, 0.0, 0.0, 0.0, 0.033688106251, 0.0, 1.0, 0.0, 0.0286059790784, 0.212695491396, 1.0, 0.0, 1.0, 0.0495397144962, 0.505917012173, 0.43841425729, 0.0, 0.0, 0.0, 33.0, 1.0, 2.99509564135
1.0, 0.229893986231, 0.0, 0.0, 1.0, 1.0, 0.0, 0.0, 0.414926404275, 0.0, 0.479471854829, 0.888595113384, 1.0, 0.843472077271, 1.0, 1.0, 0.706309370241, 0.308430977088, 0.12459846206, 0.641080618968, 0.309337768641, 1.0, 0.99877662174, 1.0, 1.0, 0.316647875939, 0.350738682015, 1.0, 11.0, 0.0, 11.0998715201
1.0, 0.463267789553, 0.0, 1.0, 1.0, 1.0, 0.267106005618, 0.21387521271, 0.0, 0.39876029029, 0.0, 0.796369180771, 1.0, 1.0, 0.846992343439, 1.0, 0.594781876317, 1.0, 0.12459846206, 1.0, 0.0, 0.903071354181, 0.999426030142, 1.0, 0.828748117093, 0.412821743588, 0.0434289913527, 0.861182949659, 7.0, 0.0, 13.3011598913
0.00168006430395, 0.0, 0.0, 0.249064529962, 0.0, 0.0, 0.805357031789, 0.0, 0.0, 0.0, 0.000147691454111, 0.0, 0.0, 0.0, 0.0, 0.221575830491, 0.0394610855262, 0.0, 0.386157915605, 0.0, 0.226973219563, 0.290749930369, 0.0, 0.0, 0.24013988787, 0.0528672331211, 0.0, 0.153059654085, 48.0, 0.0, 0.669939041944
0.026185460839, 0.822568067546, 0.0, 0.394061411163, 0.0, 0.0, 1.0, 0.0, 0.164019295095, 0.0, 0.0, 0.0, 0.0, 0.0, 0.0, 0.268358294858, 0.0, 0.0, 0.0, 0.0145361770016, 0.226973219563, 0.0, 0.0, 0.249355557752, 0.0, 0.361689691291, 0.0, 0.259289662618, 47.0, 0.0, 1.52622685457
0.0149515899286, 0.0, 0.0, 0.436249272907, 0.289261471149, 0.0, 1.0, 0.0, 0.368426120101, 0.0, 0.539826651704, 0.0, 0.0, 0.345756865384, 0.0, 0.381972792143, 0.0, 0.0, 0.0, 0.0, 0.226973219563, 0.290749930369, 0.0378807438321, 0.0, 0.0, 0.0, 0.0, 0.153059654085, 44.0, 1.0, 1.50076586194
0.0, 0.363622703144, 0.0, 0.0, 0.0, 0.0, 0.0, 0.0, 0.156835560476, 0.364420201824, 0.0, 0.35505721441, 0.0, 0.470642134203, 0.0, 0.802778737459, 0.0, 0.184989656476, 0.212695491396, 1.0, 0.0, 1.0, 0.0, 0.93666471269, 0.107220202134, 0.466076305682, 0.0, 0.0, 33.0, 1.0, 2.99509564135
0.0, 0.370209368615, 0.0, 0.265775067051, 0.587115788999, 1.0, 0.439174076402, 0.0, 0.0568146362297, 0.0, 0.0, 0.0, 0.0, 0.0, 0.0, 0.268358294858, 0.134643630161, 0.0, 0.550655818624, 1.0, 0.0, 1.0, 0.0, 0.0, 1.0, 0.0, 0.0, 0.281548959062, 34.0, 0.0, 3.11196662634
1.0, 0.463267789553, 0.0, 1.0, 1.0, 1.0, 0.773182090723, 0.0264858035386, 0.0, 0.39876029029, 0.0, 0.904742249274, 0.467752981029, 0.478369755986, 0.846992343439, 1.0, 0.223353699578, 1.0, 0.12459846206, 0.984397736183, 0.0, 1.0, 0.999426030142, 1.0, 0.107220202134, 0.0, 0.0, 0.861182949659, 10.0, 1.0, 11.1185040223
1.0, 0.463267789553, 0.0, 1.0, 1.0, 1.0, 0.692039184611, 0.21387521271, 0.859104473246, 0.39876029029, 0.0, 0.796369180771, 1.0, 0.478369755986, 0.846992343439, 1.0, 0.223353699578, 1.0, 0.12459846206, 0.994667768043, 0.0, 1.0, 0.999426030142, 1.0, 0.329758204144, 0.0, 0.0, 0.861182949659, 8.0, 1.0, 12.8629941203
0.0, 0.370209368615, 0.0201053495891, 0.066862561014, 0.274976085771, 0.0, 0.439174076402, 0.0, 0.0430314250446, 0.779311571617, 0.148563878601, 0.652160966639, 0.0, 0.664062746304, 0.0, 0.268358294858, 0.134643630161, 0.0, 0.130851716501, 1.0, 0.0, 1.0, 0.0, 0.0, 1.0, 0.0, 0.0, 0.359696826737, 28.0, 1.0, 4.55643865156
0.0, 0.370209368615, 0.0201053495891, 0.066862561014, 0.274976085771, 0.0, 0.439174076402, 0.0, 0.0430314250446, 0.779311571617, 0.148563878601, 0.652160966639, 0.0, 0.664062746304, 0.0, 0.268358294858, 0.134643630161, 0.0, 0.130851716501, 1.0, 0.0, 1.0, 0.0, 0.0, 1.0, 0.0, 0.0, 0.359696826737, 28.0, 1.0, 4.55643865156
0.0, 0.463267789553, 0.0, 0.273323326807, 0.0, 0.0, 0.459805845991, 0.094810607513, 0.0, 0.0316066950952, 0.0171391715439, 0.0, 0.0, 0.0, 0.255615876679, 0.896034281546, 0.183601688809, 0.163622944564, 0.451456510578, 0.0, 0.881743488696, 0.0, 0.709597789827, 0.843692174775, 0.0, 0.0528672331211, 0.785036252286, 0.0, 32.0, 1.0, 3.77660347735
0.0, 0.0136604915277, 0.0, 0.605225885265, 0.0, 1.0, 0.0135646458961, 0.0, 0.158821620763, 0.811040842338, 0.0, 0.0, 0.0, 1.0, 0.984377602312, 0.79866450212, 0.0, 0.0, 0.201541915505, 0.754108623337, 1.0, 0.0, 1.0, 1.0, 0.00886570207655, 0.0528672331211, 0.0, 0.554730652118, 17.0, 0.0, 8.76171611694
0.171812238881, 0.0, 0.0, 0.0, 0.0, 0.0, 0.0, 0.0, 0.0, 0.0, 0.0, 0.0, 0.838941243314, 0.0, 0.0, 1.0, 0.0, 0.0491362075385, 0.212695491396, 1.0, 0.0, 1.0, 0.0, 0.505917012173, 0.107220202134, 0.0, 0.0, 0.0, 29.0, 1.0, 4.21419560008
1.0, 0.463267789553, 0.506428454547, 0.740052633757, 1.0, 1.0, 0.267106005618, 0.21387521271, 0.0, 0.205747036145, 0.149880143691, 0.949906314787, 1.0, 1.0, 0.873954290118, 1.0, 0.0, 1.0, 0.320660267069, 0.987827982224, 0.0, 1.0, 0.999627365435, 1.0, 1.0, 0.0, 0.0, 0.94900880143, 7.0, 0.0, 13.3842642588
0.0, 0.463267789553, 0.0, 0.273323326807, 0.0, 0.0, 0.459805845991, 0.094810607513, 0.0, 0.0316066950952, 0.0171391715439, 0.0, 0.0, 0.0, 0.255615876679, 0.896034281546, 0.183601688809, 0.163622944564, 0.451456510578, 0.0, 0.881743488696, 0.0, 0.709597789827, 0.843692174775, 0.0, 0.0528672331211, 0.785036252286, 0.0, 32.0, 1.0, 3.77660347735
0.0, 0.0136604915277, 0.0, 0.605225885265, 0.0, 1.0, 0.0135646458961, 0.0, 0.158821620763, 0.811040842338, 0.0, 0.0, 0.0, 1.0, 0.984377602312, 0.79866450212, 0.0, 0.0, 0.201541915505, 0.754108623337, 1.0, 0.0, 1.0, 1.0, 0.00886570207655, 0.0528672331211, 0.0, 0.554730652118, 17.0, 0.0, 8.76171611694
0.171812238881, 0.0, 0.0, 0.0, 0.0, 0.0, 0.0, 0.0, 0.0, 0.0, 0.0, 0.0, 0.838941243314, 0.0, 0.0, 1.0, 0.0, 0.0491362075385, 0.212695491396, 1.0, 0.0, 1.0, 0.0, 0.505917012173, 0.107220202134, 0.0, 0.0, 0.0, 29.0, 1.0, 4.21419560008
1.0, 0.463267789553, 0.506428454547, 0.740052633757, 1.0, 1.0, 0.267106005618, 0.21387521271, 0.0, 0.205747036145, 0.149880143691, 0.949906314787, 1.0, 1.0, 0.873954290118, 1.0, 0.0, 1.0, 0.320660267069, 0.987827982224, 0.0, 1.0, 0.999627365435, 1.0, 1.0, 0.0, 0.0, 0.94900880143, 7.0, 0.0, 13.3842642588
