0.965952876497, 0.455091658445, 0.291196430307, 0.938412426876, 0.246455354987, 0.292452402001, 0.42738729488, 0.0253455345123, 0.793831909178, 0.378407989929, 0.830514126823, 0.280353857228, 0.573171874231, 0.812339966266, 0.00594538158796, 0.0612645088781, 0.0302977415186, 0.0595496705518, 1.69701673772
0.158366156316, 0.0744431770297, 0.0338472743773, 0.111098211899, 0.614884527122, 0.518515695826, 0.676710158362, 0.466435745552, 0.734001778268, 0.619222808675, 0.657711324404, 0.971688455694, 0.734520660944, 0.745165554114, 1.39850233135, 0.246564476187, 0.0755724056462, 0.167053237782, 0.363724499277
0.11939429177, 0.627066827356, 0.846278628464, 0.653600439233, 0.317210264505, 0.714452713872, 0.518638888217, 0.249511795453, 0.446235181624, 0.552962699916, 0.595176664473, 0.616374166273, 0.81703979679, 0.646523276857, 0.0869237037299, 0.143664094101, 0.681828892806, 1.05833958255, 0.241033432326
0.45075396401, 0.633798703941, 0.501092033109, 0.653587974328, 0.317210264505, 0.714145843144, 0.518624522095, 0.248421662959, 0.446301549729, 0.544351868816, 0.595176664473, 0.616439684618, 0.820923553949, 0.640644748077, 0.195289135197, 0.322751968041, 0.378531991135, 0.824236390067, 0.840997296048
0.425308760594, 0.744702187155, 0.368740677185, 0.653587974328, 0.432969609381, 0.573422693882, 0.518909377664, 0.248421662959, 0.456414824655, 0.553299359503, 0.517360999439, 0.61644083855, 0.727056274019, 0.640644748077, 0.154465662162, 0.255283512865, 0.195153765939, 0.840880610424, 0.720739704078
0.425308760594, 0.744702187155, 0.368740677185, 0.653587974328, 0.432969609381, 0.573422693882, 0.518909377664, 0.248421662959, 0.456414824655, 0.553299359503, 0.517360999439, 0.61644083855, 0.727056274019, 0.640644748077, 0.154465662162, 0.255283512865, 0.195153765939, 0.840880610424, 0.720739704078
0.11939429177, 0.519265531527, 0.846278628464, 0.653600439233, 0.317210264505, 0.57502569195, 0.518642409037, 0.249511795453, 0.446235181624, 0.552962699916, 0.516816071782, 0.61637504872, 0.81703979679, 0.646523276857, 0.103663128138, 0.171330359344, 0.81313281476, 0.889710687865, 0.231872079821
0.11939429177, 0.519265531527, 0.846278628464, 0.653600439233, 0.317210264505, 0.57502569195, 0.518642409037, 0.249511795453, 0.446235181624, 0.552962699916, 0.516816071782, 0.61637504872, 0.81703979679, 0.646523276857, 0.103663128138, 0.171330359344, 0.81313281476, 0.889710687865, 0.231872079821
0.11939429177, 0.519265531527, 0.846278628464, 0.653600439233, 0.317210264505, 0.57502569195, 0.518642409037, 0.249511795453, 0.446235181624, 0.552962699916, 0.516816071782, 0.61637504872, 0.81703979679, 0.646523276857, 0.103663128138, 0.171330359344, 0.81313281476, 0.889710687865, 0.231872079821
0.11939429177, 0.519265531527, 0.846278628464, 0.653600439233, 0.317210264505, 0.57502569195, 0.518642409037, 0.249511795453, 0.446235181624, 0.552962699916, 0.516816071782, 0.61637504872, 0.81703979679, 0.646523276857, 0.103663128138, 0.171330359344, 0.81313281476, 0.889710687865, 0.231872079821
0.11939429177, 0.519265531527, 0.846278628464, 0.653600439233, 0.317210264505, 0.57502569195, 0.518642409037, 0.249511795453, 0.446235181624, 0.552962699916, 0.516816071782, 0.61637504872, 0.81703979679, 0.646523276857, 0.103663128138, 0.171330359344, 0.81313281476, 0.889710687865, 0.231872079821
0.358432809892, 0.627066827356, 0.361013453356, 0.653599891506, 0.434454050467, 0.576483946658, 0.519309971533, 0.249526023812, 0.456548158688, 0.553297179382, 0.595587685666, 0.616441315444, 0.727684427154, 0.506650816725, 0.235287118444, 0.388872581491, 0.289458596873, 0.812153906298, 0.615177625189
0.358432809892, 0.627066827356, 0.361013453356, 0.653599891506, 0.434454050467, 0.576483946658, 0.519309971533, 0.249526023812, 0.456548158688, 0.553297179382, 0.595587685666, 0.616441315444, 0.727684427154, 0.506650816725, 0.235287118444, 0.388872581491, 0.289458596873, 0.812153906298, 0.615177625189
0.358432809892, 0.627066827356, 0.361013453356, 0.653599891506, 0.434454050467, 0.576483946658, 0.519309971533, 0.249526023812, 0.456548158688, 0.553297179382, 0.595587685666, 0.616441315444, 0.727684427154, 0.506650816725, 0.235287118444, 0.388872581491, 0.289458596873, 0.812153906298, 0.615177625189
0.15228336917, 0.743349404802, 0.846278628464, 0.653600439233, 0.323389146091, 0.788761604598, 0.518638888217, 0.249510040242, 0.446235181624, 0.552962699916, 0.595176664473, 0.632236955089, 0.818491106361, 0.462642108806, 0.0619361396714, 0.102365626592, 0.485826624093, 1.17311793154, 0.311029500835
0.15228336917, 0.743349404802, 0.846278628464, 0.653600439233, 0.323389146091, 0.788761604598, 0.518638888217, 0.249510040242, 0.446235181624, 0.552962699916, 0.595176664473, 0.632236955089, 0.818491106361, 0.462642108806, 0.0619361396714, 0.102365626592, 0.485826624093, 1.17311793154, 0.311029500835
0.158693220542, 0.155563180333, 0.638017289356, 0.10986682094, 0.613932117612, 0.518075700392, 0.517067140956, 0.288825249915, 0.544747954253, 0.812350564184, 0.622108487518, 0.964441300086, 0.76000513226, 0.604249806796, 0.731645550904, 0.127534875419, 1.16225610529, 0.343910339228, 0.361872492375
0.999746751803, 0.744702187155, 0.368740677185, 0.653587974328, 0.433397544414, 0.617496189426, 0.518269350953, 0.248421662959, 0.641537884338, 0.724559405657, 0.790017629877, 0.61644083855, 0.272963093016, 0.640644748077, 8.88941476839e-05, 0.000146914271925, 0.000112309929907, 0.000483922213659, 1.32132186211
0.461964839853, 0.743369092499, 0.368740677185, 0.653587974328, 0.32365194135, 0.565471080032, 0.518909377664, 0.24951100849, 0.446031930543, 0.553299359503, 0.515272309605, 0.61644083855, 0.673237374331, 0.640644748077, 0.148475481074, 0.245383613759, 0.187585699473, 0.803584894738, 0.774996243204
0.97820103655, 0.724001052431, 0.68907544657, 0.359787225165, 0.54963362021, 0.105099820293, 0.632237901598, 0.47721006456, 0.699621377761, 0.726745502065, 0.689104101489, 0.617271422253, 0.283978654927, 0.625295870175, 0.00786175375869, 0.00498553558258, 0.017520597882, 0.0428597354004, 1.37874665075
0.382835362157, 0.168334942085, 0.503334727432, 0.653742973215, 0.508388576236, 0.423290082579, 0.48171729914, 0.935027307343, 0.307510065744, 0.553800005403, 0.514982476759, 0.180783416937, 0.338585733224, 0.140701359908, 0.432456591022, 0.715108763309, 0.844504148944, 0.321690321474, 0.844545110828
0.11939429177, 0.73823000696, 0.846278628464, 0.653600439233, 0.357042140431, 0.788606735886, 0.518638888217, 0.249511795453, 0.446235181624, 0.552962699916, 0.595176664473, 0.644262076273, 0.79903325911, 0.463009105677, 0.0628614309098, 0.103894911721, 0.493084601763, 1.16460157513, 0.241108618183
0.807761385047, 0.64792188869, 0.619805432967, 0.645484187133, 0.426217090485, 0.560151659571, 0.522111891248, 0.244500214234, 0.519318655993, 0.618681423976, 0.593847793868, 0.161489463768, 0.357415756339, 0.650439736052, 0.0582997871973, 0.0936391244259, 0.162201940662, 0.317762205954, 1.19883471261
0.461127174164, 0.714994585978, 0.367717101971, 0.653587496585, 0.451136974604, 0.617514553627, 0.518638705272, 0.248385345808, 0.446168578211, 0.553292880273, 0.517360999439, 0.632308066579, 0.727522926455, 0.489939709639, 0.162438086875, 0.268458986943, 0.204506408476, 0.779958065181, 0.765525088506
0.11939429177, 0.73823000696, 0.371504136185, 0.653601535929, 0.444918235815, 0.788606735886, 0.518638888217, 0.249514341824, 0.456875187359, 0.55296809261, 0.595176664473, 0.644262076273, 0.727035206598, 0.463009105677, 0.209822819734, 0.346788289851, 0.26762126264, 1.11388985914, 0.230609721368
0.803631750348, 0.724001052431, 0.686691310153, 0.359787225165, 0.547267616299, 0.105099820293, 0.632237901598, 0.47721006456, 0.613350219066, 0.72426433252, 0.699594495772, 0.177479672034, 0.283978654927, 0.625464374481, 0.0735673721137, 0.0466527905411, 0.162479800201, 0.398261226538, 1.37736686814
0.803631750348, 0.724001052431, 0.686691310153, 0.359787225165, 0.547267616299, 0.105099820293, 0.632237901598, 0.47721006456, 0.613350219066, 0.72426433252, 0.699594495772, 0.177479672034, 0.283978654927, 0.625464374481, 0.0735673721137, 0.0466527905411, 0.162479800201, 0.398261226538, 1.37736686814
0.461127174164, 0.5182464394, 0.622958560682, 0.653587974328, 0.446830999766, 0.617290496499, 0.51864572677, 0.248957254758, 0.460656577014, 0.553299359503, 0.518668768825, 0.602958731183, 0.808035210406, 0.489894530594, 0.176868553607, 0.292308497878, 0.50778725491, 0.648153455228, 0.788725676963
0.461127174164, 0.5182464394, 0.622958560682, 0.653587974328, 0.446830999766, 0.617290496499, 0.51864572677, 0.248957254758, 0.460656577014, 0.553299359503, 0.518668768825, 0.602958731183, 0.808035210406, 0.489894530594, 0.176868553607, 0.292308497878, 0.50778725491, 0.648153455228, 0.788725676963
0.997506960908, 0.724001052431, 0.68907544657, 0.345659038987, 0.54963362021, 0.56561367699, 0.51557891631, 0.481576691963, 0.699621377761, 0.730098122423, 0.497908143243, 0.624720225514, 0.653780375813, 0.625295870175, 0.000763347203012, 0.000460649725882, 0.00167798542254, 0.00410476923789, 1.15504272513
0.997506960908, 0.724001052431, 0.68907544657, 0.345659038987, 0.54963362021, 0.56561367699, 0.51557891631, 0.481576691963, 0.699621377761, 0.730098122423, 0.497908143243, 0.624720225514, 0.653780375813, 0.625295870175, 0.000763347203012, 0.000460649725882, 0.00167798542254, 0.00410476923789, 1.15504272513
0.11939429177, 0.709526727851, 0.371504136185, 0.442459465282, 0.515300457559, 0.609940846474, 0.518638888217, 0.249514341824, 0.456875187359, 0.553319746615, 0.595176664473, 0.644262076273, 0.80719464674, 0.463009105677, 0.334527773118, 0.278929302588, 0.287583258926, 1.06339699368, 0.224802689324
0.11939429177, 0.709526727851, 0.371504136185, 0.442459465282, 0.515300457559, 0.609940846474, 0.518638888217, 0.249514341824, 0.456875187359, 0.553319746615, 0.595176664473, 0.644262076273, 0.80719464674, 0.463009105677, 0.334527773118, 0.278929302588, 0.287583258926, 1.06339699368, 0.224802689324
0.11939429177, 0.709526727851, 0.371504136185, 0.442459465282, 0.515300457559, 0.609940846474, 0.518638888217, 0.249514341824, 0.456875187359, 0.553319746615, 0.595176664473, 0.644262076273, 0.80719464674, 0.463009105677, 0.334527773118, 0.278929302588, 0.287583258926, 1.06339699368, 0.224802689324
0.11939429177, 0.709526727851, 0.371504136185, 0.442459465282, 0.515300457559, 0.609940846474, 0.518638888217, 0.249514341824, 0.456875187359, 0.553319746615, 0.595176664473, 0.644262076273, 0.80719464674, 0.463009105677, 0.334527773118, 0.278929302588, 0.287583258926, 1.06339699368, 0.224802689324
0.11939429177, 0.709526727851, 0.371504136185, 0.442459465282, 0.515300457559, 0.609940846474, 0.518638888217, 0.249514341824, 0.456875187359, 0.553319746615, 0.595176664473, 0.644262076273, 0.80719464674, 0.463009105677, 0.334527773118, 0.278929302588, 0.287583258926, 1.06339699368, 0.224802689324
0.997506960908, 0.724001052431, 0.68907544657, 0.243925833776, 0.54963362021, 0.56561367699, 0.51557891631, 0.481576691963, 0.699621377761, 0.730098122423, 0.497908143243, 0.624720225514, 0.653780375813, 0.625295870175, 0.000826921141974, 0.00033331448702, 0.00167798542254, 0.00410476923789, 1.15504272513
0.997506960908, 0.724001052431, 0.68907544657, 0.243925833776, 0.54963362021, 0.56561367699, 0.51557891631, 0.481576691963, 0.699621377761, 0.730098122423, 0.497908143243, 0.624720225514, 0.653780375813, 0.625295870175, 0.000826921141974, 0.00033331448702, 0.00167798542254, 0.00410476923789, 1.15504272513
0.432846497992, 0.709526727851, 0.368740297074, 0.442459465282, 0.433889135135, 0.573987078653, 0.518640249183, 0.249514341824, 0.456855528344, 0.553319746615, 0.595176664473, 0.631833832263, 0.727664068843, 0.43108249231, 0.255613103552, 0.213130240403, 0.217673895053, 0.810228147122, 0.729736388732
0.11939429177, 0.626180068885, 0.399034403423, 0.442459465282, 0.515064269167, 0.77510459487, 0.518638797221, 0.249514341824, 0.456872499966, 0.553319746615, 0.595578934105, 0.644262076273, 0.725850084618, 0.460877704283, 0.415172170321, 0.346170611912, 0.391486445198, 1.00289995433, 0.228618744444
0.11939429177, 0.626180068885, 0.399034403423, 0.442459465282, 0.515064269167, 0.77510459487, 0.518638797221, 0.249514341824, 0.456872499966, 0.553319746615, 0.595578934105, 0.644262076273, 0.725850084618, 0.460877704283, 0.415172170321, 0.346170611912, 0.391486445198, 1.00289995433, 0.228618744444
0.11939429177, 0.626180068885, 0.399034403423, 0.442459465282, 0.515064269167, 0.77510459487, 0.518638797221, 0.249514341824, 0.456872499966, 0.553319746615, 0.595578934105, 0.644262076273, 0.725850084618, 0.460877704283, 0.415172170321, 0.346170611912, 0.391486445198, 1.00289995433, 0.228618744444
0.11939429177, 0.626180068885, 0.399034403423, 0.442459465282, 0.515064269167, 0.77510459487, 0.518638797221, 0.249514341824, 0.456872499966, 0.553319746615, 0.595578934105, 0.644262076273, 0.725850084618, 0.460877704283, 0.415172170321, 0.346170611912, 0.391486445198, 1.00289995433, 0.228618744444
0.358288842263, 0.626174536059, 0.361370755269, 0.668161271647, 0.434454050467, 0.576483946658, 0.518631485174, 0.219496142292, 0.456548158688, 0.553297324512, 0.595587685666, 0.614783910342, 0.725807847258, 0.460303578473, 0.229951394785, 0.400455765964, 0.29445231875, 0.822931781013, 0.623609756588
0.425565774366, 0.744147386899, 0.368740677185, 0.653587974328, 0.447064948734, 0.573422693882, 0.518648033253, 0.248420768436, 0.456418464129, 0.553299359503, 0.518604205034, 0.615792637105, 0.727056274019, 0.638574627529, 0.154416646834, 0.255202505831, 0.195091839387, 0.838579564058, 0.71963049838
0.425565774366, 0.744147386899, 0.368740677185, 0.653587974328, 0.447064948734, 0.573422693882, 0.518648033253, 0.248420768436, 0.456418464129, 0.553299359503, 0.518604205034, 0.615792637105, 0.727056274019, 0.638574627529, 0.154416646834, 0.255202505831, 0.195091839387, 0.838579564058, 0.71963049838
0.972526321984, 0.627568962335, 0.619805432967, 0.583746342315, 0.579340475596, 0.111055517612, 0.634610390629, 0.222836826777, 0.443391801177, 0.545917422392, 0.597197430949, 0.617297039347, 0.452606774204, 0.623848477148, 0.0105818786047, 0.0138091129275, 0.0255825998531, 0.0467083708546, 1.29740641613
0.972526321984, 0.627568962335, 0.619805432967, 0.583746342315, 0.579340475596, 0.111055517612, 0.634610390629, 0.222836826777, 0.443391801177, 0.545917422392, 0.597197430949, 0.617297039347, 0.452606774204, 0.623848477148, 0.0105818786047, 0.0138091129275, 0.0255825998531, 0.0467083708546, 1.29740641613
0.972526321984, 0.627568962335, 0.619805432967, 0.583746342315, 0.579340475596, 0.111055517612, 0.634610390629, 0.222836826777, 0.443391801177, 0.545917422392, 0.597197430949, 0.617297039347, 0.452606774204, 0.623848477148, 0.0105818786047, 0.0138091129275, 0.0255825998531, 0.0467083708546, 1.29740641613
0.972526321984, 0.627568962335, 0.619805432967, 0.583746342315, 0.579340475596, 0.111055517612, 0.634610390629, 0.222836826777, 0.443391801177, 0.545917422392, 0.597197430949, 0.617297039347, 0.452606774204, 0.623848477148, 0.0105818786047, 0.0138091129275, 0.0255825998531, 0.0467083708546, 1.29740641613
0.972526321984, 0.627568962335, 0.619805432967, 0.583746342315, 0.579340475596, 0.111055517612, 0.634610390629, 0.222836826777, 0.443391801177, 0.545917422392, 0.597197430949, 0.617297039347, 0.452606774204, 0.623848477148, 0.0105818786047, 0.0138091129275, 0.0255825998531, 0.0467083708546, 1.29740641613
0.461127174164, 0.5182464394, 0.690607763143, 0.341516821619, 0.446497986246, 0.56617930583, 0.51864572677, 0.469391972733, 0.707729509557, 0.553413488718, 0.518664655755, 0.603270379175, 0.654815891213, 0.541528554069, 0.22526585515, 0.133947321167, 0.496130132902, 0.594220844313, 0.723096103116
0.461127174164, 0.5182464394, 0.690607763143, 0.341516821619, 0.446497986246, 0.56617930583, 0.51864572677, 0.469391972733, 0.707729509557, 0.553413488718, 0.518664655755, 0.603270379175, 0.654815891213, 0.541528554069, 0.22526585515, 0.133947321167, 0.496130132902, 0.594220844313, 0.723096103116
0.786781912913, 0.169252935345, 0.545591537289, 0.342669472736, 0.446497986246, 0.572284596095, 0.51864572677, 0.458617881702, 0.707729509557, 0.624044845571, 0.518664655755, 0.603270379175, 0.356199676099, 0.541528554069, 0.196478558659, 0.11731189164, 0.264205649184, 0.0951795936479, 1.04086528516
0.786781912913, 0.169252935345, 0.545591537289, 0.342669472736, 0.446497986246, 0.572284596095, 0.51864572677, 0.458617881702, 0.707729509557, 0.624044845571, 0.518664655755, 0.603270379175, 0.356199676099, 0.541528554069, 0.196478558659, 0.11731189164, 0.264205649184, 0.0951795936479, 1.04086528516
0.786781912913, 0.169252935345, 0.545591537289, 0.342669472736, 0.446497986246, 0.572284596095, 0.51864572677, 0.458617881702, 0.707729509557, 0.624044845571, 0.518664655755, 0.603270379175, 0.356199676099, 0.541528554069, 0.196478558659, 0.11731189164, 0.264205649184, 0.0951795936479, 1.04086528516
0.786781912913, 0.169252935345, 0.545591537289, 0.342669472736, 0.446497986246, 0.572284596095, 0.51864572677, 0.458617881702, 0.707729509557, 0.624044845571, 0.518664655755, 0.603270379175, 0.356199676099, 0.541528554069, 0.196478558659, 0.11731189164, 0.264205649184, 0.0951795936479, 1.04086528516
0.110346381345, 0.62808826588, 0.398392545662, 0.445442392362, 0.514289415647, 0.773838152826, 0.51864266785, 0.249514341824, 0.456872499966, 0.553299580445, 0.518414711953, 0.616878481458, 0.725850084618, 0.460877704283, 0.407436631524, 0.342969739964, 0.384885335213, 0.99381011303, 0.208600199738
0.110346381345, 0.62808826588, 0.398392545662, 0.445442392362, 0.514289415647, 0.773838152826, 0.51864266785, 0.249514341824, 0.456872499966, 0.553299580445, 0.518414711953, 0.616878481458, 0.725850084618, 0.460877704283, 0.407436631524, 0.342969739964, 0.384885335213, 0.99381011303, 0.208600199738
0.110346381345, 0.62808826588, 0.398392545662, 0.445442392362, 0.514289415647, 0.773838152826, 0.51864266785, 0.249514341824, 0.456872499966, 0.553299580445, 0.518414711953, 0.616878481458, 0.725850084618, 0.460877704283, 0.407436631524, 0.342969739964, 0.384885335213, 0.99381011303, 0.208600199738
0.110346381345, 0.62808826588, 0.398392545662, 0.445442392362, 0.514289415647, 0.773838152826, 0.51864266785, 0.249514341824, 0.456872499966, 0.553299580445, 0.518414711953, 0.616878481458, 0.725850084618, 0.460877704283, 0.407436631524, 0.342969739964, 0.384885335213, 0.99381011303, 0.208600199738
0.155856308055, 0.744702187155, 0.829146612508, 0.653587974328, 0.30801686375, 0.573422693882, 0.518911539212, 0.248421662959, 0.446212599835, 0.553302759187, 0.517360999439, 0.670240723919, 0.816803479422, 0.64365214802, 0.0656039140666, 0.108422787345, 0.460802900152, 1.12715573782, 0.305863447209
0.155856308055, 0.744702187155, 0.829146612508, 0.653587974328, 0.30801686375, 0.573422693882, 0.518911539212, 0.248421662959, 0.446212599835, 0.553302759187, 0.517360999439, 0.670240723919, 0.816803479422, 0.64365214802, 0.0656039140666, 0.108422787345, 0.460802900152, 1.12715573782, 0.305863447209
0.155856308055, 0.744702187155, 0.829146612508, 0.653587974328, 0.30801686375, 0.573422693882, 0.518911539212, 0.248421662959, 0.446212599835, 0.553302759187, 0.517360999439, 0.670240723919, 0.816803479422, 0.64365214802, 0.0656039140666, 0.108422787345, 0.460802900152, 1.12715573782, 0.305863447209
0.155856308055, 0.744702187155, 0.829146612508, 0.653587974328, 0.30801686375, 0.573422693882, 0.518911539212, 0.248421662959, 0.446212599835, 0.553302759187, 0.517360999439, 0.670240723919, 0.816803479422, 0.64365214802, 0.0656039140666, 0.108422787345, 0.460802900152, 1.12715573782, 0.305863447209
0.810534452382, 0.627568962335, 0.619805432967, 0.651798544008, 0.435482615148, 0.565606339515, 0.630688260898, 0.239122131894, 0.443391801177, 0.728100034365, 0.497183326538, 0.603696288602, 0.657685633242, 0.505427149675, 0.056095688288, 0.0921230310733, 0.158604147825, 0.289577345471, 1.13242169919
0.792864624908, 0.169252935345, 0.545591537289, 0.342669472736, 0.446816777722, 0.572993261769, 0.51864572677, 0.457532049124, 0.453395542607, 0.624044845571, 0.520247970506, 0.603270379175, 0.356199676099, 0.488717636036, 0.183732376615, 0.109701500273, 0.24706579777, 0.0890049940592, 1.0041459134
0.792864624908, 0.169252935345, 0.545591537289, 0.342669472736, 0.446897206671, 0.572993261769, 0.51864572677, 0.457532049124, 0.453262238153, 0.639603672405, 0.520247970506, 0.603691751282, 0.356036017082, 0.488717636036, 0.184467526313, 0.110140437744, 0.248054357054, 0.0893611207025, 1.00816370046
0.792864624908, 0.169252935345, 0.545591537289, 0.342669472736, 0.446897206671, 0.572993261769, 0.51864572677, 0.457532049124, 0.453262238153, 0.639603672405, 0.520247970506, 0.603691751282, 0.356036017082, 0.488717636036, 0.184467526313, 0.110140437744, 0.248054357054, 0.0893611207025, 1.00816370046
0.792864624908, 0.169252935345, 0.545591537289, 0.342669472736, 0.446897206671, 0.572993261769, 0.51864572677, 0.457532049124, 0.453262238153, 0.639603672405, 0.520247970506, 0.603691751282, 0.356036017082, 0.488717636036, 0.184467526313, 0.110140437744, 0.248054357054, 0.0893611207025, 1.00816370046
0.792864624908, 0.169252935345, 0.545591537289, 0.342669472736, 0.446897206671, 0.572993261769, 0.51864572677, 0.457532049124, 0.453262238153, 0.639603672405, 0.520247970506, 0.603691751282, 0.356036017082, 0.488717636036, 0.184467526313, 0.110140437744, 0.248054357054, 0.0893611207025, 1.00816370046
0.792864624908, 0.169252935345, 0.545591537289, 0.342669472736, 0.446897206671, 0.572993261769, 0.51864572677, 0.457532049124, 0.453262238153, 0.639603672405, 0.520247970506, 0.603691751282, 0.356036017082, 0.488717636036, 0.184467526313, 0.110140437744, 0.248054357054, 0.0893611207025, 1.00816370046
0.792864624908, 0.169252935345, 0.545591537289, 0.342669472736, 0.446897206671, 0.572993261769, 0.51864572677, 0.457532049124, 0.453262238153, 0.639603672405, 0.520247970506, 0.603691751282, 0.356036017082, 0.488717636036, 0.184467526313, 0.110140437744, 0.248054357054, 0.0893611207025, 1.00816370046
0.792864624908, 0.169252935345, 0.545591537289, 0.342669472736, 0.446897206671, 0.572993261769, 0.51864572677, 0.457532049124, 0.453262238153, 0.639603672405, 0.520247970506, 0.603691751282, 0.356036017082, 0.488717636036, 0.184467526313, 0.110140437744, 0.248054357054, 0.0893611207025, 1.00816370046
0.792864624908, 0.169252935345, 0.545591537289, 0.342669472736, 0.446897206671, 0.572993261769, 0.51864572677, 0.457532049124, 0.453262238153, 0.639603672405, 0.520247970506, 0.603691751282, 0.356036017082, 0.488717636036, 0.184467526313, 0.110140437744, 0.248054357054, 0.0893611207025, 1.00816370046
0.792864624908, 0.169252935345, 0.545591537289, 0.342669472736, 0.446897206671, 0.572993261769, 0.51864572677, 0.457532049124, 0.453262238153, 0.639603672405, 0.520247970506, 0.603691751282, 0.356036017082, 0.488717636036, 0.184467526313, 0.110140437744, 0.248054357054, 0.0893611207025, 1.00816370046
0.792864624908, 0.169252935345, 0.545591537289, 0.368372962805, 0.446897206671, 0.572993261769, 0.51864572677, 0.457532049124, 0.453262238153, 0.639603672405, 0.520247970506, 0.604613737216, 0.212072378946, 0.488717636036, 0.190415179458, 0.124383923229, 0.262594787865, 0.0945992838542, 1.06726016104
0.792864624908, 0.169252935345, 0.545591537289, 0.368372962805, 0.446897206671, 0.572993261769, 0.51864572677, 0.457532049124, 0.453262238153, 0.639603672405, 0.520247970506, 0.604613737216, 0.212072378946, 0.488717636036, 0.190415179458, 0.124383923229, 0.262594787865, 0.0945992838542, 1.06726016104
0.111408839061, 0.153299831613, 0.398392545662, 0.369546039225, 0.514289415647, 0.773838152826, 0.51864266785, 0.249514341824, 0.456872499966, 0.639441045185, 0.520249162783, 0.681980328835, 0.725850084618, 0.488762840372, 0.806434164827, 0.528905439636, 0.696967548191, 0.292198887822, 0.216634313664
0.111408839061, 0.153299831613, 0.398392545662, 0.369546039225, 0.514289415647, 0.773838152826, 0.51864266785, 0.249514341824, 0.456872499966, 0.639441045185, 0.520249162783, 0.681980328835, 0.725850084618, 0.488762840372, 0.806434164827, 0.528905439636, 0.696967548191, 0.292198887822, 0.216634313664
0.111408839061, 0.153299831613, 0.398392545662, 0.369546039225, 0.514289415647, 0.773838152826, 0.51864266785, 0.249514341824, 0.456872499966, 0.639441045185, 0.520249162783, 0.681980328835, 0.725850084618, 0.488762840372, 0.806434164827, 0.528905439636, 0.696967548191, 0.292198887822, 0.216634313664
0.460268343352, 0.0762929350622, 0.545591537289, 0.342669472736, 0.446829994682, 0.572993261769, 0.51864572677, 0.457532049124, 0.453262238153, 0.551882685985, 0.520247970506, 0.603691751282, 0.356036017082, 0.488710150763, 0.438226411827, 0.261652822013, 0.589285133283, 0.0938764999378, 0.692855198635
0.460268343352, 0.0762929350622, 0.545591537289, 0.342669472736, 0.446829994682, 0.572993261769, 0.51864572677, 0.457532049124, 0.453262238153, 0.551882685985, 0.520247970506, 0.603691751282, 0.356036017082, 0.488710150763, 0.438226411827, 0.261652822013, 0.589285133283, 0.0938764999378, 0.692855198635
0.460268343352, 0.0762929350622, 0.545591537289, 0.342669472736, 0.446829994682, 0.572993261769, 0.51864572677, 0.457532049124, 0.453262238153, 0.551882685985, 0.520247970506, 0.603691751282, 0.356036017082, 0.488710150763, 0.438226411827, 0.261652822013, 0.589285133283, 0.0938764999378, 0.692855198635
0.460268343352, 0.0762929350622, 0.545591537289, 0.342669472736, 0.446829994682, 0.572993261769, 0.51864572677, 0.457532049124, 0.453262238153, 0.551882685985, 0.520247970506, 0.603691751282, 0.356036017082, 0.488710150763, 0.438226411827, 0.261652822013, 0.589285133283, 0.0938764999378, 0.692855198635
0.460268343352, 0.0762929350622, 0.545591537289, 0.342669472736, 0.446829994682, 0.572993261769, 0.51864572677, 0.457532049124, 0.453262238153, 0.551882685985, 0.520247970506, 0.603691751282, 0.356036017082, 0.488710150763, 0.438226411827, 0.261652822013, 0.589285133283, 0.0938764999378, 0.692855198635
0.460268343352, 0.0762929350622, 0.545591537289, 0.342669472736, 0.446829994682, 0.572993261769, 0.51864572677, 0.457532049124, 0.453262238153, 0.551882685985, 0.520247970506, 0.603691751282, 0.356036017082, 0.488710150763, 0.438226411827, 0.261652822013, 0.589285133283, 0.0938764999378, 0.692855198635
0.793272667173, 0.627568962335, 0.619805432967, 0.583746342315, 0.431268821996, 0.571876004995, 0.516930224209, 0.466046214868, 0.443391801177, 0.545917422392, 0.593555956659, 0.617297039347, 0.452606774204, 0.623848477148, 0.0636804395506, 0.0831015374373, 0.153952928808, 0.281085211597, 1.00151114947
0.453429611211, 0.625819081257, 0.618311098598, 0.583746342315, 0.577872631268, 0.554556118594, 0.520369893964, 0.222836826777, 0.443523506571, 0.552065213492, 0.597197430949, 0.617297039347, 0.452606774204, 0.488203812147, 0.161012618371, 0.210117835678, 0.387303611498, 0.704055074571, 0.730499590963
0.453429611211, 0.625819081257, 0.618311098598, 0.583746342315, 0.577872631268, 0.554556118594, 0.520369893964, 0.222836826777, 0.443523506571, 0.552065213492, 0.597197430949, 0.617297039347, 0.452606774204, 0.488203812147, 0.161012618371, 0.210117835678, 0.387303611498, 0.704055074571, 0.730499590963
0.44052619689, 0.148759182638, 0.367511396979, 0.341373918034, 0.32365194135, 0.565550617927, 0.518909377664, 0.458680014135, 0.446016804379, 0.636524494213, 0.520686500685, 0.60355048063, 0.673237374331, 0.640644748077, 0.604298911021, 0.359143931269, 0.457838900492, 0.199677075667, 0.714600042029
0.44052619689, 0.148759182638, 0.367511396979, 0.341373918034, 0.32365194135, 0.565550617927, 0.518909377664, 0.458680014135, 0.446016804379, 0.636524494213, 0.520686500685, 0.60355048063, 0.673237374331, 0.640644748077, 0.604298911021, 0.359143931269, 0.457838900492, 0.199677075667, 0.714600042029
