1.0, 0.0, 1.0, 0.941302601152, 1.0, 1.0, 1.0, 1.0, 0.101009699083, 1.0, 0.740202151897, 0.0, 1.0, 1.0, 1.0, 1.0, 1.0, 1.0, 0.0, 0.853454036697, 0.431670037192, 1.0, 1.0, 0.88929060091, 1.0, 0.0, 0.0, 1.0, 1.0, 0.0, 17.5740136835
1.0, 0.0, 1.0, 0.8234660478, 1.0, 0.999440214864, 1.0, 1.0, 0.101009699083, 1.0, 0.740202151897, 0.0, 1.0, 0.865588305683, 1.0, 1.0, 1.0, 1.0, 0.0, 0.949699018472, 0.431670037192, 1.0, 1.0, 0.88929060091, 1.0, 0.0, 0.0, 1.0, 1.0, 0.0, 17.5740136835
0.13255711482, 0.0, 0.033925738321, 0.114765851916, 0.0, 0.0, 0.280146729365, 0.316147744554, 0.481723151666, 0.0, 0.0, 0.0, 0.48773084079, 0.0, 0.0, 0.410729344116, 0.177146828386, 0.0, 0.0, 0.0, 0.0, 0.0, 0.454977584705, 0.0, 0.0, 0.0, 0.0428380564911, 0.0, 49.0, 0.0, 0.0
0.13255711482, 0.0, 0.033925738321, 0.114765851916, 0.0, 0.0, 0.280146729365, 0.316147744554, 0.481723151666, 0.0, 0.0, 0.0, 0.48773084079, 0.0, 0.0, 0.410729344116, 0.177146828386, 0.0, 0.0, 0.0, 0.0, 0.0, 0.454977584705, 0.0, 0.0, 0.0, 0.0428380564911, 0.0, 49.0, 0.0, 0.0
0.262140385474, 0.876389508782, 0.0, 0.0, 0.636013537872, 1.0, 1.0, 1.0, 0.400931293988, 0.644079017206, 0.627173490454, 0.0238254375046, 1.0, 0.705067964361, 0.805678348213, 1.0, 1.0, 1.0, 0.633051737969, 0.595212021148, 0.714157083342, 0.0, 0.785964286434, 1.0, 0.0, 0.0, 0.218154266061, 1.0, 6.0, 2.0, 15.129517028
0.196580911483, 0.0, 0.48245513061, 0.0, 0.481475573199, 0.0, 0.0, 0.227042338622, 0.0, 0.0, 0.0, 0.0, 0.214781164186, 0.594097155927, 0.0, 0.175999642727, 0.0590048339603, 0.362885992132, 0.0, 1.0, 0.178820961871, 0.0, 1.0, 0.763190243174, 1.0, 0.168000924503, 0.298953479347, 0.0, 35.0, 1.0, 2.71371435867
0.0638387752373, 1.0, 0.0, 1.0, 1.0, 1.0, 1.0, 1.0, 0.0, 0.311137033813, 0.619375494908, 0.0052848124043, 1.0, 0.592985137469, 0.648399553863, 1.0, 1.0, 1.0, 0.680821997653, 0.595212021148, 0.923893767154, 0.0, 0.812821284352, 0.617579916284, 0.446475374766, 0.0761058446622, 0.0, 1.0, 4.0, 1.0, 16.0388885277
0.262140385474, 0.876389508782, 0.0, 0.0, 0.636013537872, 1.0, 1.0, 1.0, 0.400931293988, 0.644079017206, 0.627173490454, 0.0238254375046, 1.0, 0.705067964361, 0.805678348213, 1.0, 1.0, 1.0, 0.633051737969, 0.595212021148, 0.714157083342, 0.0, 0.785964286434, 1.0, 0.0, 0.0, 0.218154266061, 1.0, 6.0, 2.0, 15.129517028
0.196580911483, 0.23082285048, 0.447707293299, 0.020357252374, 0.0, 0.0, 0.0, 0.0, 0.0, 0.0, 0.0, 0.0, 0.0, 0.938270815786, 0.0, 0.929576319677, 0.613048725635, 0.44095221594, 0.0, 0.265024501074, 0.81063714192, 0.241554165338, 1.0, 0.0, 0.0, 0.0, 0.977897147137, 0.0, 25.0, 0.0, 6.16480247725
0.0, 0.0, 0.0, 0.412096554203, 1.0, 0.0, 1.0, 0.0, 0.0543856542308, 0.161632578723, 0.502572032015, 0.0, 0.214781164186, 0.370033216924, 0.902522259562, 0.882139939717, 1.0, 0.0, 0.00615005377458, 1.0, 0.0, 0.795759213014, 0.0, 1.0, 1.0, 0.0, 0.0, 0.699010985878, 17.0, 0.0, 7.33710969342
0.196580911483, 0.0, 0.48245513061, 0.0, 0.481475573199, 0.0, 0.0, 0.227042338622, 0.0, 0.0, 0.0, 0.0, 0.214781164186, 0.569819152003, 0.0, 0.488432261105, 0.0590048339603, 0.362885992132, 0.201716211312, 0.0, 0.178820961871, 0.0, 1.0, 0.0, 1.0, 0.0, 0.298953479347, 0.0, 40.0, 0.0, 1.97801899818
0.13255711482, 0.0, 0.033925738321, 0.114765851916, 0.0, 0.0, 0.280146729365, 0.316147744554, 0.481723151666, 0.0, 0.0, 0.0, 0.48773084079, 0.136907076033, 0.0, 0.410729344116, 0.177146828386, 0.0, 0.0, 0.0, 0.0, 0.0, 0.454977584705, 0.0, 0.0, 0.248923623598, 0.0428380564911, 0.640191756567, 45.0, 0.0, 0.864351462648
0.13255711482, 0.0, 0.033925738321, 0.114765851916, 0.0, 0.0, 0.280146729365, 0.316147744554, 0.481723151666, 0.0, 0.0, 0.0, 0.48773084079, 0.136907076033, 0.0, 0.410729344116, 0.177146828386, 0.0, 0.0, 0.0, 0.0, 0.0, 0.454977584705, 0.0, 0.0, 0.248923623598, 0.0428380564911, 0.640191756567, 45.0, 0.0, 0.864351462648
0.196580911483, 0.0, 0.48245513061, 0.0, 0.481475573199, 0.0, 0.0, 0.227042338622, 0.0, 0.0, 0.0, 0.0, 0.214781164186, 0.569819152003, 0.0, 0.488432261105, 0.0590048339603, 0.362885992132, 0.201716211312, 0.0, 0.178820961871, 0.0, 1.0, 0.0, 1.0, 0.0, 0.298953479347, 0.0, 40.0, 0.0, 1.97801899818
0.196580911483, 0.0955472580659, 0.447707293299, 0.0334845721789, 0.0, 0.0, 0.326896177151, 0.0, 0.0, 0.0, 0.0, 0.0, 0.291240040609, 0.938270815786, 0.0, 0.975809654418, 0.613048725635, 0.44095221594, 0.0, 0.265024501074, 0.81063714192, 0.0, 1.0, 0.0, 0.0, 0.0, 0.977897147137, 0.0, 25.0, 0.0, 6.16480247725
0.492825607552, 0.319751806182, 0.0566320912264, 0.573924869663, 0.105823608864, 0.0, 0.159733120688, 0.0738585425487, 0.797055299777, 0.0, 0.0, 0.728552758982, 1.0, 0.588045903915, 0.71957781963, 0.616045523828, 0.535042527526, 1.0, 0.0, 0.0, 0.0, 1.0, 0.776692573271, 1.0, 0.905346395768, 0.0, 0.656933677662, 0.0, 11.0, 0.0, 12.5793865581
0.0, 1.0, 0.0, 0.0, 1.0, 1.0, 0.0, 0.173309811793, 0.0, 0.0, 0.136245532259, 0.309008763226, 0.0, 0.530530313472, 0.208626337316, 0.175999642727, 0.42734208366, 0.0, 0.0, 1.0, 0.0, 1.0, 0.0, 0.0, 0.140544280729, 0.0, 0.3184735162, 0.367671902195, 34.0, 0.0, 3.56299469506
0.196580911483, 0.438691880961, 0.447707293299, 0.0, 0.0, 0.0, 0.0, 0.0124886349696, 0.0, 0.0, 0.0, 0.0, 0.0347939824381, 0.594097155927, 0.0, 0.987187535862, 0.0, 0.317048761071, 0.0, 0.0, 0.81063714192, 0.0, 1.0, 0.569427972801, 0.344748005272, 0.604738198177, 0.298953479347, 0.0, 28.0, 1.0, 4.49168145436
0.492825607552, 1.0, 0.0, 0.232869671422, 1.0, 0.0, 0.0, 0.118290530493, 0.0, 0.0, 0.0, 0.519368545868, 0.0, 0.530530313472, 0.208626337316, 0.175999642727, 0.42734208366, 0.0, 0.0, 1.0, 0.0, 1.0, 0.776692573271, 0.0, 0.0, 0.0, 0.3184735162, 0.367671902195, 27.0, 0.0, 4.98479984738
0.0, 0.0, 0.0, 0.412096554203, 0.885338147768, 0.0, 1.0, 0.0, 0.24776236445, 0.161632578723, 0.502572032015, 0.0, 0.214781164186, 0.370033216924, 0.902522259562, 0.882139939717, 1.0, 0.0, 0.00615005377458, 1.0, 0.0, 0.795759213014, 0.0, 1.0, 1.0, 0.188995683647, 0.0, 0.699010985878, 17.0, 0.0, 7.33710969342
1.0, 1.0, 0.441748098499, 1.0, 1.0, 1.0, 1.0, 0.410739765865, 0.0563413194427, 0.561667751623, 0.0, 0.0, 0.204949081905, 0.285562781533, 1.0, 1.0, 0.0, 0.3956510571, 1.0, 0.0, 1.0, 0.448383924656, 1.0, 0.649686775187, 0.976410884156, 0.333137450187, 0.0, 0.622573562098, 12.0, 0.0, 11.8552319929
0.492825607552, 0.319751806182, 0.13580548089, 0.207731342949, 0.105823608864, 0.549722999149, 1.0, 0.0, 0.288505706599, 0.0, 0.187119114332, 0.728552758982, 1.0, 0.588045903915, 1.0, 1.0, 0.746013685751, 1.0, 0.0, 0.0, 0.0, 1.0, 0.776692573271, 1.0, 1.0, 0.0, 0.656933677662, 0.0, 14.0, 0.0, 10.8234653549
0.0, 0.934066326662, 0.0, 0.0516096299486, 0.884380170393, 1.0, 1.0, 0.997529713295, 0.0, 0.0, 0.758843103615, 0.0238254375046, 1.0, 0.921275016113, 0.662930121855, 1.0, 1.0, 0.763374772504, 0.725481861147, 0.0, 1.0, 0.0, 0.238570751901, 1.0, 0.0, 0.0, 0.0, 1.0, 9.0, 1.0, 13.9384282451
0.390528517979, 0.0, 0.418573054886, 0.0, 0.801622439748, 0.0, 1.0, 0.241782664211, 0.338687982874, 0.443957435539, 0.520314892224, 0.0, 0.122781754204, 0.437183242199, 1.0, 0.944277746448, 1.0, 0.507026621945, 1.0, 1.0, 0.0, 0.784719062779, 0.296995714047, 1.0, 0.00393407500837, 0.503224956788, 0.0, 0.0, 16.0, 1.0, 8.20721452862
0.0617696526891, 0.0, 0.0, 0.520571857066, 1.0, 0.0711577363581, 1.0, 0.0, 0.0, 0.0863202197118, 0.502572032015, 0.0, 0.0, 0.370033216924, 1.0, 0.216706625351, 1.0, 0.0, 0.593880105382, 1.0, 0.0, 0.967594575228, 1.0, 1.0, 1.0, 0.333137450187, 0.526722428014, 0.0, 15.0, 0.0, 9.17562693121
0.0, 0.344911135423, 0.125888019937, 0.0, 1.0, 1.0, 0.0, 0.0, 0.0, 0.0, 0.395379284825, 0.309008763226, 0.0, 0.905605074218, 0.0, 0.175999642727, 0.420690144774, 0.0, 0.0, 1.0, 0.0, 0.874173791621, 0.0, 0.969241122752, 0.312939330838, 0.0, 0.258321922965, 0.0, 31.0, 1.0, 2.94595046618
0.0, 0.344911135423, 0.125888019937, 0.0, 1.0, 1.0, 0.0, 0.0152924263001, 0.0, 0.0, 0.278718361417, 0.309008763226, 0.0, 0.905605074218, 0.0, 0.728176252736, 0.420690144774, 0.0, 0.0, 1.0, 0.0, 0.682490473984, 0.0, 0.0, 0.312939330838, 0.0, 0.258321922965, 0.0, 31.0, 0.0, 4.31036525548
0.390528517979, 0.0, 0.418573054886, 0.0, 0.801622439748, 0.0, 1.0, 0.241782664211, 0.338687982874, 0.443957435539, 0.520314892224, 0.0, 0.122781754204, 0.437183242199, 1.0, 0.944277746448, 1.0, 0.507026621945, 1.0, 1.0, 0.0, 0.784719062779, 0.296995714047, 1.0, 0.00393407500837, 0.503224956788, 0.0, 0.0, 16.0, 1.0, 8.20721452862
0.492825607552, 1.0, 0.0, 0.232869671422, 1.0, 0.0, 0.0, 0.118290530493, 0.0, 0.0, 0.0, 0.519368545868, 0.0, 0.530530313472, 0.208626337316, 0.175999642727, 0.42734208366, 0.0, 0.0, 1.0, 0.0, 1.0, 0.776692573271, 0.0, 0.0, 0.0, 0.3184735162, 0.367671902195, 27.0, 0.0, 4.98479984738
1.0, 0.0, 0.588419664494, 0.8234660478, 1.0, 1.0, 0.72982672677, 1.0, 0.314788328258, 1.0, 0.0, 0.660857538563, 1.0, 1.0, 1.0, 1.0, 0.181250832254, 1.0, 0.0, 1.0, 0.252753165349, 0.845509540161, 1.0, 0.88929060091, 1.0, 0.0, 0.0, 1.0, 2.0, 0.0, 17.1124186033
0.0617696526891, 0.0, 0.0, 0.520571857066, 1.0, 0.0711577363581, 1.0, 0.0, 0.0, 0.0863202197118, 0.502572032015, 0.0, 0.0, 0.370033216924, 1.0, 0.216706625351, 1.0, 0.0, 0.593880105382, 1.0, 0.0, 0.967594575228, 1.0, 1.0, 1.0, 0.333137450187, 0.526722428014, 0.0, 15.0, 0.0, 9.17562693121
0.983088636523, 1.0, 0.0, 1.0, 0.0, 1.0, 0.033267072455, 0.0, 0.0, 0.0, 0.171573892888, 0.571344412424, 0.417288785414, 0.261899476505, 1.0, 1.0, 0.0, 0.0, 0.0, 0.650354321144, 1.0, 0.448383924656, 0.391015298718, 1.0, 0.0309151905567, 0.0, 0.23738407492, 0.984071568939, 13.0, 1.0, 10.0011554412
0.0, 1.0, 0.0, 0.0, 1.0, 1.0, 0.0, 0.173309811793, 0.0, 0.0, 0.136245532259, 0.309008763226, 0.0, 0.530530313472, 0.208626337316, 0.175999642727, 0.42734208366, 0.0, 0.0, 1.0, 0.0, 1.0, 0.0, 0.0, 0.140544280729, 0.0, 0.3184735162, 0.367671902195, 34.0, 0.0, 3.56299469506
0.196580911483, 0.0, 0.48245513061, 0.0, 0.481475573199, 0.0, 0.0, 0.227042338622, 0.0, 0.0, 0.0, 0.0, 0.214781164186, 0.594097155927, 0.0, 0.175999642727, 0.0590048339603, 0.362885992132, 0.0, 1.0, 0.178820961871, 0.0, 1.0, 0.763190243174, 1.0, 0.168000924503, 0.298953479347, 0.0, 35.0, 1.0, 2.71371435867
0.492825607552, 0.319751806182, 0.0566320912264, 0.573924869663, 0.105823608864, 0.0, 0.159733120688, 0.0738585425487, 0.797055299777, 0.0, 0.0, 0.728552758982, 1.0, 0.588045903915, 0.71957781963, 0.616045523828, 0.535042527526, 1.0, 0.0, 0.0, 0.0, 1.0, 0.776692573271, 1.0, 0.905346395768, 0.0, 0.656933677662, 0.0, 11.0, 0.0, 12.5793865581
0.0638387752373, 1.0, 0.0, 1.0, 1.0, 1.0, 1.0, 1.0, 0.0, 0.311137033813, 0.619375494908, 0.0052848124043, 1.0, 0.592985137469, 0.648399553863, 1.0, 1.0, 1.0, 0.680821997653, 0.595212021148, 0.923893767154, 0.0, 0.812821284352, 0.617579916284, 0.446475374766, 0.0761058446622, 0.0, 1.0, 4.0, 1.0, 16.0388885277
1.0, 0.0, 1.0, 0.8234660478, 1.0, 1.0, 0.995459918542, 1.0, 0.0546199785264, 1.0, 0.414244060497, 0.0, 1.0, 1.0, 1.0, 1.0, 1.0, 1.0, 0.389438739735, 0.949699018472, 0.252753165349, 0.891623496246, 1.0, 0.88929060091, 1.0, 0.0, 0.0, 1.0, 5.0, 0.0, 16.7431868635
0.983088636523, 1.0, 0.0, 1.0, 0.0, 1.0, 0.033267072455, 0.0, 0.0, 0.0, 0.171573892888, 0.571344412424, 0.417288785414, 0.261899476505, 1.0, 1.0, 0.0, 0.0, 0.0, 0.650354321144, 1.0, 0.448383924656, 0.391015298718, 1.0, 0.0309151905567, 0.0, 0.23738407492, 0.984071568939, 13.0, 1.0, 10.0011554412
0.0, 0.344911135423, 0.125888019937, 0.0, 1.0, 1.0, 0.0, 0.0152924263001, 0.0, 0.0, 0.278718361417, 0.309008763226, 0.0, 0.905605074218, 0.0, 0.728176252736, 0.420690144774, 0.0, 0.0, 1.0, 0.0, 0.682490473984, 0.0, 0.0, 0.312939330838, 0.0, 0.258321922965, 0.0, 31.0, 0.0, 4.31036525548
1.0, 0.12047312455, 0.588419664494, 0.8234660478, 1.0, 0.687959569134, 0.72982672677, 1.0, 0.13037821518, 1.0, 0.0, 0.87917050694, 1.0, 1.0, 1.0, 1.0, 0.181250832254, 1.0, 0.0, 1.0, 0.0387390543259, 0.845509540161, 1.0, 0.88929060091, 1.0, 0.0, 0.0, 1.0, 2.0, 0.0, 17.1124186033
1.0, 1.0, 0.441748098499, 1.0, 1.0, 1.0, 1.0, 0.410739765865, 0.0563413194427, 0.561667751623, 0.0, 0.0, 0.204949081905, 0.285562781533, 1.0, 1.0, 0.0, 0.3956510571, 1.0, 0.0, 1.0, 0.448383924656, 1.0, 0.649686775187, 0.976410884156, 0.0, 0.0, 0.622573562098, 12.0, 0.0, 11.8552319929
0.983088636523, 1.0, 0.0, 1.0, 0.0, 1.0, 0.033267072455, 0.121462423891, 0.0, 0.0, 0.171573892888, 0.571344412424, 0.417288785414, 0.261899476505, 1.0, 1.0, 0.0, 0.0, 0.0, 0.827762511338, 1.0, 0.421120969953, 1.0, 1.0, 0.0309151905567, 0.0, 0.23738407492, 0.984071568939, 12.0, 1.0, 10.4682563449
0.492825607552, 0.4566573623, 0.13580548089, 0.207731342949, 0.105823608864, 0.549722999149, 1.0, 0.121462423891, 0.288505706599, 0.0, 0.187119114332, 0.728552758982, 1.0, 0.588045903915, 1.0, 1.0, 0.746013685751, 1.0, 0.0, 0.0, 0.0, 1.0, 0.776692573271, 1.0, 1.0, 0.0, 0.656933677662, 0.15486709187, 14.0, 0.0, 10.8234653549
0.724213504952, 0.923599763111, 0.441748098499, 1.0, 0.528894525169, 1.0, 1.0, 1.0, 0.0563413194427, 0.561667751623, 0.418926532107, 0.0, 0.139604268745, 0.0, 0.804693683759, 0.824633494969, 0.0, 0.0, 0.544059198927, 0.0, 1.0, 0.0191481268161, 1.0, 0.476541345098, 0.594759370202, 0.0, 0.0, 0.622573562098, 10.0, 0.0, 14.2116120542
0.0, 0.934066326662, 0.0, 0.0516096299486, 0.884380170393, 1.0, 1.0, 0.997529713295, 0.0, 0.0, 0.758843103615, 0.0238254375046, 1.0, 0.921275016113, 0.662930121855, 1.0, 1.0, 0.763374772504, 0.725481861147, 0.0, 1.0, 0.0, 0.238570751901, 1.0, 0.0, 0.0, 0.0, 1.0, 9.0, 1.0, 13.9384282451
0.0, 1.0, 0.0, 0.777845781108, 1.0, 1.0, 1.0, 0.997529713295, 0.0, 0.0, 0.627173490454, 0.470725061988, 1.0, 0.823233611682, 0.767268219074, 1.0, 1.0, 1.0, 0.680821997653, 0.546744536505, 1.0, 0.0, 0.295294778833, 1.0, 0.0, 0.0, 0.0, 1.0, 5.0, 1.0, 15.571787624
0.0, 0.344911135423, 0.125888019937, 0.0, 1.0, 1.0, 0.0, 0.0, 0.0, 0.0, 0.395379284825, 0.309008763226, 0.0, 0.905605074218, 0.0, 0.175999642727, 0.420690144774, 0.0, 0.0, 1.0, 0.0, 0.874173791621, 0.0, 0.969241122752, 0.312939330838, 0.0, 0.258321922965, 0.0, 31.0, 1.0, 2.94595046618
1.0, 0.0, 0.0, 0.8234660478, 1.0, 1.0, 1.0, 1.0, 0.101009699083, 1.0, 0.414244060497, 0.0, 1.0, 1.0, 0.72844509877, 1.0, 1.0, 1.0, 0.0, 1.0, 0.355677753973, 1.0, 1.0, 0.88929060091, 1.0, 0.0, 0.0, 1.0, 6.0, 0.0, 15.8299962257
0.0843331489733, 0.550332676559, 0.0, 0.0, 1.0, 1.0, 1.0, 1.0, 0.0, 0.0, 0.619375494908, 0.0052848124043, 0.843513986711, 0.571141652751, 0.546748424972, 1.0, 1.0, 1.0, 0.680821997653, 0.595212021148, 1.0, 0.0, 0.812821284352, 0.617579916284, 0.446475374766, 0.0, 0.0, 1.0, 7.0, 1.0, 14.4355081656
1.0, 0.0, 0.135479920038, 0.581479590495, 1.0, 1.0, 1.0, 1.0, 0.101009699083, 1.0, 0.414244060497, 0.0, 1.0, 1.0, 0.72844509877, 1.0, 0.251588483961, 0.952976873413, 0.0, 0.88632140983, 0.355677753973, 1.0, 1.0, 0.88929060091, 1.0, 0.368214864561, 0.0, 1.0, 7.0, 0.0, 14.9999099555
0.196580911483, 0.438691880961, 0.447707293299, 0.0, 0.0, 0.0, 0.0, 0.0124886349696, 0.0, 0.0, 0.0, 0.0, 0.0347939824381, 0.594097155927, 0.0, 0.987187535862, 0.0590048339603, 0.317048761071, 0.0, 0.0, 0.81063714192, 0.0, 1.0, 0.569427972801, 0.344748005272, 0.604738198177, 0.298953479347, 0.0, 28.0, 1.0, 4.49168145436
1.0, 0.0, 0.135479920038, 0.581479590495, 1.0, 1.0, 1.0, 1.0, 0.101009699083, 1.0, 0.414244060497, 0.0, 1.0, 1.0, 0.72844509877, 1.0, 0.251588483961, 0.952976873413, 0.0, 0.88632140983, 0.355677753973, 1.0, 1.0, 0.88929060091, 1.0, 0.368214864561, 0.0, 1.0, 7.0, 0.0, 14.9999099555
0.492825607552, 0.996180679889, 0.0667934295898, 0.596500994957, 0.892900989259, 0.382838882052, 1.0, 0.0738585425487, 0.893025420751, 0.0, 0.0, 0.728552758982, 0.741386089577, 0.588045903915, 1.0, 0.616045523828, 0.746013685751, 1.0, 0.362889999019, 0.0, 0.0, 1.0, 1.0, 1.0, 1.0, 0.0, 1.0, 0.0, 8.0, 0.0, 14.3160465007
0.0, 1.0, 0.0, 0.0, 1.0, 1.0, 1.0, 1.0, 0.0, 0.0, 0.619375494908, 0.0226477411361, 1.0, 0.588045903915, 0.805678348213, 1.0, 1.0, 1.0, 0.680821997653, 0.595212021148, 1.0, 0.0, 0.785964286434, 1.0, 0.0, 0.0, 0.0, 1.0, 7.0, 1.0, 14.4355081656
0.983088636523, 1.0, 0.0, 1.0, 0.0, 1.0, 0.033267072455, 0.121462423891, 0.0, 0.0, 0.171573892888, 0.571344412424, 0.417288785414, 0.261899476505, 1.0, 1.0, 0.0, 0.0, 0.0, 0.827762511338, 1.0, 0.421120969953, 1.0, 1.0, 0.0309151905567, 0.0, 0.23738407492, 0.984071568939, 12.0, 1.0, 10.4682563449
0.492825607552, 0.986500865816, 0.00179705085661, 0.596500994957, 0.892900989259, 0.0, 1.0, 0.0738585425487, 0.893025420751, 0.0, 0.0, 0.728552758982, 0.741386089577, 0.882516270823, 1.0, 0.616045523828, 0.746013685751, 1.0, 0.362889999019, 0.0, 0.0, 1.0, 1.0, 1.0, 1.0, 0.0, 1.0, 0.00412498087336, 8.0, 0.0, 14.3160465007
0.0, 1.0, 0.0, 0.777845781108, 1.0, 1.0, 1.0, 0.997529713295, 0.0, 0.0, 0.627173490454, 0.470725061988, 1.0, 0.823233611682, 0.767268219074, 1.0, 1.0, 1.0, 0.680821997653, 0.546744536505, 1.0, 0.0, 0.295294778833, 1.0, 0.0, 0.0, 0.0, 1.0, 5.0, 1.0, 15.571787624
0.758674339852, 1.0, 0.441748098499, 1.0, 0.766855866471, 0.807887978638, 1.0, 1.0, 0.0563413194427, 0.561667751623, 0.0, 0.0, 0.204949081905, 0.285562781533, 1.0, 1.0, 0.437675383736, 0.268612282256, 1.0, 0.0, 1.0, 0.448383924656, 1.0, 1.0, 0.976410884156, 0.0, 0.0, 0.622573562098, 9.0, 0.0, 14.2194384329
0.724213504952, 0.923599763111, 0.441748098499, 1.0, 0.528894525169, 1.0, 1.0, 1.0, 0.0563413194427, 0.561667751623, 0.418926532107, 0.0, 0.139604268745, 0.0, 0.804693683759, 0.824633494969, 0.0, 0.0, 0.544059198927, 0.0, 1.0, 0.0191481268161, 1.0, 0.476541345098, 0.594759370202, 0.0, 0.0, 0.622573562098, 10.0, 0.0, 14.2116120542
1.0, 0.0, 1.0, 0.8234660478, 1.0, 1.0, 1.0, 1.0, 0.101009699083, 1.0, 0.14032497986, 0.0, 1.0, 1.0, 0.650382091031, 1.0, 1.0, 1.0, 0.0, 1.0, 0.0063501320865, 0.845509540161, 1.0, 0.944409893758, 1.0, 0.0, 0.0, 1.0, 5.0, 0.0, 16.7431868635
1.0, 0.0, 0.0, 0.8234660478, 1.0, 1.0, 1.0, 1.0, 0.101009699083, 1.0, 0.414244060497, 0.0, 1.0, 1.0, 0.72844509877, 1.0, 1.0, 1.0, 0.0, 1.0, 0.355677753973, 1.0, 1.0, 0.88929060091, 1.0, 0.0, 0.0, 1.0, 6.0, 0.0, 15.8299962257
0.758674339852, 1.0, 0.441748098499, 1.0, 1.0, 0.807887978638, 1.0, 1.0, 0.0563413194427, 0.561667751623, 0.0, 0.0, 0.204949081905, 0.285562781533, 1.0, 1.0, 0.0, 0.268612282256, 1.0, 0.0, 1.0, 0.448383924656, 1.0, 1.0, 0.976410884156, 0.0, 0.0, 0.622573562098, 9.0, 0.0, 14.2194384329
1.0, 0.0, 1.0, 0.8234660478, 1.0, 0.999440214864, 1.0, 1.0, 0.101009699083, 1.0, 0.740202151897, 0.0, 1.0, 0.865588305683, 1.0, 1.0, 1.0, 1.0, 0.0, 0.949699018472, 0.431670037192, 1.0, 1.0, 0.88929060091, 1.0, 0.0, 0.0, 1.0, 1.0, 0.0, 17.5740136835
1.0, 0.0, 1.0, 0.941302601152, 1.0, 1.0, 1.0, 1.0, 0.101009699083, 1.0, 0.740202151897, 0.0, 1.0, 1.0, 1.0, 1.0, 1.0, 1.0, 0.0, 0.853454036697, 0.431670037192, 1.0, 1.0, 0.88929060091, 1.0, 0.0, 0.0, 1.0, 1.0, 0.0, 17.5740136835
1.0, 1.0, 0.441748098499, 1.0, 1.0, 1.0, 1.0, 0.410739765865, 0.0563413194427, 0.561667751623, 0.0, 0.0, 0.204949081905, 0.285562781533, 1.0, 1.0, 0.0, 0.3956510571, 1.0, 0.0, 1.0, 0.448383924656, 1.0, 0.649686775187, 0.976410884156, 0.0, 0.0, 0.622573562098, 12.0, 0.0, 11.8552319929
1.0, 1.0, 0.441748098499, 1.0, 1.0, 1.0, 1.0, 0.410739765865, 0.0563413194427, 0.561667751623, 0.0, 0.0, 0.204949081905, 0.285562781533, 1.0, 1.0, 0.0, 0.3956510571, 1.0, 0.0, 1.0, 0.448383924656, 1.0, 0.649686775187, 0.976410884156, 0.333137450187, 0.0, 0.622573562098, 12.0, 0.0, 11.8552319929
1.0, 0.59074214255, 0.441748098499, 1.0, 1.0, 1.0, 1.0, 1.0, 0.0563413194427, 0.561667751623, 0.0, 0.0, 0.139604268745, 0.282784975522, 1.0, 1.0, 0.0, 0.0, 1.0, 0.0, 1.0, 0.421120969953, 1.0, 1.0, 0.814313214318, 0.0, 0.0, 0.622573562098, 9.0, 0.0, 14.2194384329
1.0, 0.738463150779, 0.441748098499, 1.0, 1.0, 1.0, 1.0, 1.0, 0.0563413194427, 0.561667751623, 0.0, 0.0, 0.139604268745, 0.0156185599851, 1.0, 1.0, 0.0, 0.0, 1.0, 0.0, 1.0, 0.201830335495, 1.0, 1.0, 0.814313214318, 0.0, 0.0, 0.622573562098, 9.0, 0.0, 14.2194384329
0.758674339852, 1.0, 0.441748098499, 1.0, 1.0, 0.807887978638, 1.0, 1.0, 0.0563413194427, 0.561667751623, 0.0, 0.0, 0.204949081905, 0.285562781533, 1.0, 1.0, 0.0, 0.268612282256, 1.0, 0.0, 1.0, 0.448383924656, 1.0, 1.0, 0.976410884156, 0.0, 0.0, 0.622573562098, 9.0, 0.0, 14.2194384329
0.758674339852, 1.0, 0.441748098499, 1.0, 0.766855866471, 0.807887978638, 1.0, 1.0, 0.0563413194427, 0.561667751623, 0.0, 0.0, 0.204949081905, 0.285562781533, 1.0, 1.0, 0.437675383736, 0.268612282256, 1.0, 0.0, 1.0, 0.448383924656, 1.0, 1.0, 0.976410884156, 0.0, 0.0, 0.622573562098, 9.0, 0.0, 14.2194384329
1.0, 0.59074214255, 0.441748098499, 1.0, 1.0, 1.0, 1.0, 1.0, 0.0563413194427, 0.561667751623, 0.0, 0.0, 0.139604268745, 0.282784975522, 1.0, 1.0, 0.0, 0.0, 1.0, 0.0, 1.0, 0.421120969953, 1.0, 1.0, 0.814313214318, 0.0, 0.0, 0.622573562098, 9.0, 0.0, 14.2194384329
1.0, 0.738463150779, 0.441748098499, 1.0, 1.0, 1.0, 1.0, 1.0, 0.0563413194427, 0.561667751623, 0.0, 0.0, 0.139604268745, 0.0156185599851, 1.0, 1.0, 0.0, 0.0, 1.0, 0.0, 1.0, 0.201830335495, 1.0, 1.0, 0.814313214318, 0.0, 0.0, 0.622573562098, 9.0, 0.0, 14.2194384329
0.0, 0.0, 0.0, 0.412096554203, 1.0, 0.0, 1.0, 0.0, 0.0543856542308, 0.161632578723, 0.502572032015, 0.0, 0.214781164186, 0.370033216924, 0.902522259562, 0.882139939717, 1.0, 0.0, 0.00615005377458, 1.0, 0.0, 0.795759213014, 0.0, 1.0, 1.0, 0.0, 0.0, 0.699010985878, 17.0, 0.0, 7.33710969342
0.0, 0.0, 0.0, 0.412096554203, 0.885338147768, 0.0, 1.0, 0.0, 0.24776236445, 0.161632578723, 0.502572032015, 0.0, 0.214781164186, 0.370033216924, 0.902522259562, 0.882139939717, 1.0, 0.0, 0.00615005377458, 1.0, 0.0, 0.795759213014, 0.0, 1.0, 1.0, 0.188995683647, 0.0, 0.699010985878, 17.0, 0.0, 7.33710969342
0.492825607552, 0.996180679889, 0.0667934295898, 0.596500994957, 0.892900989259, 0.382838882052, 1.0, 0.0738585425487, 0.893025420751, 0.0, 0.0, 0.728552758982, 0.741386089577, 0.588045903915, 1.0, 0.616045523828, 0.746013685751, 1.0, 0.362889999019, 0.0, 0.0, 1.0, 1.0, 1.0, 1.0, 0.0, 1.0, 0.0, 8.0, 0.0, 14.3160465007
0.492825607552, 0.986500865816, 0.00179705085661, 0.596500994957, 0.892900989259, 0.0, 1.0, 0.0738585425487, 0.893025420751, 0.0, 0.0, 0.728552758982, 0.741386089577, 0.882516270823, 1.0, 0.616045523828, 0.746013685751, 1.0, 0.362889999019, 0.0, 0.0, 1.0, 1.0, 1.0, 1.0, 0.0, 1.0, 0.00412498087336, 8.0, 0.0, 14.3160465007
0.262140385474, 0.942320781376, 0.46385476967, 0.17354340031, 1.0, 0.660370501807, 1.0, 1.0, 0.0, 0.0, 0.52223410393, 0.0238254375046, 1.0, 0.739644289363, 0.805678348213, 1.0, 1.0, 1.0, 0.680821997653, 0.595212021148, 1.0, 0.0955264884432, 0.785964286434, 1.0, 0.0, 0.0, 0.0, 1.0, 7.0, 1.0, 14.4355081656
0.0908765549717, 1.0, 0.0, 0.0, 1.0, 1.0, 1.0, 1.0, 0.0, 0.0, 0.619375494908, 0.0238254375046, 1.0, 0.882516270823, 0.82564740505, 1.0, 1.0, 0.943509101253, 0.680821997653, 0.595212021148, 0.958301766793, 0.0, 0.785964286434, 1.0, 0.0, 0.0, 0.0, 1.0, 7.0, 1.0, 14.4355081656
0.0843331489733, 1.0, 0.0, 0.0, 1.0, 1.0, 1.0, 1.0, 0.0, 0.0, 0.619375494908, 0.217941921305, 0.852132148324, 0.571141652751, 0.546748424972, 1.0, 1.0, 1.0, 0.680821997653, 0.595212021148, 1.0, 0.0, 0.960803944097, 0.617579916284, 0.446475374766, 0.0, 0.0695405713364, 1.0, 7.0, 1.0, 14.4355081656
0.262140385474, 0.876389508782, 0.46385476967, 0.0, 1.0, 0.660370501807, 1.0, 1.0, 0.0, 0.413162866354, 0.627173490454, 0.0226477411361, 1.0, 0.882516270823, 0.805678348213, 1.0, 1.0, 1.0, 0.680821997653, 0.595212021148, 1.0, 0.0, 0.785964286434, 1.0, 0.0645454113919, 0.0, 0.0, 1.0, 7.0, 1.0, 14.4355081656
0.0843331489733, 0.550332676559, 0.0, 0.0, 1.0, 1.0, 1.0, 1.0, 0.0, 0.0, 0.619375494908, 0.0052848124043, 0.843513986711, 0.571141652751, 0.546748424972, 1.0, 1.0, 1.0, 0.680821997653, 0.595212021148, 1.0, 0.0, 0.812821284352, 0.617579916284, 0.446475374766, 0.0, 0.0, 1.0, 7.0, 1.0, 14.4355081656
0.0, 1.0, 0.0, 0.0, 1.0, 1.0, 1.0, 1.0, 0.0, 0.0, 0.619375494908, 0.0226477411361, 1.0, 0.588045903915, 0.805678348213, 1.0, 1.0, 1.0, 0.680821997653, 0.595212021148, 1.0, 0.0, 0.785964286434, 1.0, 0.0, 0.0, 0.0, 1.0, 7.0, 1.0, 14.4355081656
0.262140385474, 0.942320781376, 0.46385476967, 0.17354340031, 1.0, 0.660370501807, 1.0, 1.0, 0.0, 0.0, 0.52223410393, 0.0238254375046, 1.0, 0.739644289363, 0.805678348213, 1.0, 1.0, 1.0, 0.680821997653, 0.595212021148, 1.0, 0.0955264884432, 0.785964286434, 1.0, 0.0, 0.0, 0.0, 1.0, 7.0, 1.0, 14.4355081656
0.0908765549717, 1.0, 0.0, 0.0, 1.0, 1.0, 1.0, 1.0, 0.0, 0.0, 0.619375494908, 0.0238254375046, 1.0, 0.882516270823, 0.82564740505, 1.0, 1.0, 0.943509101253, 0.680821997653, 0.595212021148, 0.958301766793, 0.0, 0.785964286434, 1.0, 0.0, 0.0, 0.0, 1.0, 7.0, 1.0, 14.4355081656
0.0843331489733, 1.0, 0.0, 0.0, 1.0, 1.0, 1.0, 1.0, 0.0, 0.0, 0.619375494908, 0.217941921305, 0.852132148324, 0.571141652751, 0.546748424972, 1.0, 1.0, 1.0, 0.680821997653, 0.595212021148, 1.0, 0.0, 0.960803944097, 0.617579916284, 0.446475374766, 0.0, 0.0695405713364, 1.0, 7.0, 1.0, 14.4355081656
0.262140385474, 0.876389508782, 0.46385476967, 0.0, 1.0, 0.660370501807, 1.0, 1.0, 0.0, 0.413162866354, 0.627173490454, 0.0226477411361, 1.0, 0.882516270823, 0.805678348213, 1.0, 1.0, 1.0, 0.680821997653, 0.595212021148, 1.0, 0.0, 0.785964286434, 1.0, 0.0645454113919, 0.0, 0.0, 1.0, 7.0, 1.0, 14.4355081656
1.0, 0.0, 0.588419664494, 0.8234660478, 1.0, 1.0, 0.72982672677, 1.0, 0.0918324949649, 1.0, 0.409024314543, 0.660857538563, 1.0, 1.0, 1.0, 1.0, 0.168745260346, 1.0, 0.0, 1.0, 0.252753165349, 0.900885594263, 1.0, 0.88929060091, 1.0, 0.0, 0.14262274818, 1.0, 2.0, 0.0, 17.1124186033
1.0, 0.0, 0.588419664494, 0.8234660478, 1.0, 1.0, 0.72982672677, 1.0, 0.314788328258, 1.0, 0.0, 0.660857538563, 1.0, 1.0, 1.0, 1.0, 0.181250832254, 1.0, 0.0, 1.0, 0.252753165349, 0.845509540161, 1.0, 0.88929060091, 1.0, 0.0, 0.0, 1.0, 2.0, 0.0, 17.1124186033
1.0, 0.12047312455, 0.588419664494, 0.8234660478, 1.0, 0.687959569134, 0.72982672677, 1.0, 0.13037821518, 1.0, 0.0, 0.87917050694, 1.0, 1.0, 1.0, 1.0, 0.181250832254, 1.0, 0.0, 1.0, 0.0387390543259, 0.845509540161, 1.0, 0.88929060091, 1.0, 0.0, 0.0, 1.0, 2.0, 0.0, 17.1124186033
1.0, 0.0, 0.588419664494, 0.8234660478, 1.0, 1.0, 0.72982672677, 1.0, 0.0918324949649, 1.0, 0.409024314543, 0.660857538563, 1.0, 1.0, 1.0, 1.0, 0.168745260346, 1.0, 0.0, 1.0, 0.252753165349, 0.900885594263, 1.0, 0.88929060091, 1.0, 0.0, 0.14262274818, 1.0, 2.0, 0.0, 17.1124186033
1.0, 0.0, 1.0, 0.8234660478, 1.0, 1.0, 1.0, 1.0, 0.101009699083, 1.0, 0.14032497986, 0.0, 1.0, 1.0, 0.650382091031, 1.0, 1.0, 1.0, 0.0, 1.0, 0.0063501320865, 0.845509540161, 1.0, 0.944409893758, 1.0, 0.0, 0.0, 1.0, 5.0, 0.0, 16.7431868635
1.0, 0.0, 0.588419664494, 0.8234660478, 1.0, 1.0, 1.0, 1.0, 0.101009699083, 1.0, 0.0, 0.0, 0.864159761369, 0.765947056282, 0.72844509877, 0.597363587049, 0.748781786771, 0.952976873413, 0.0, 1.0, 0.355677753973, 0.653172050024, 1.0, 0.88929060091, 1.0, 0.0, 0.0, 1.0, 5.0, 0.0, 16.7431868635
