5.94298017951e-05, 0.950486729639, -1.23718158005, -2.39760430576, -0.883264532245, 1.53037560554, 1.44244964916, 1.96532474911, 0.0200964126258, -1.9859961261, 5.94298017951e-05, 64.7267445433
1.36848250554e-06, 1.57474480774, 0.509075571177, -1.84882578926, -1.97187585651, 2.44379069986, -3.51244861701, 2.52040307426, 0.144818350894, -1.9859961261, 1.36848250554e-06, 73.14267404
0.00300961385543, -0.0553072500928, 1.95016554779, -1.59049106141, -4.03990173404, -2.97311580784, -3.51244861701, -1.51094002097, 0.0200964126258, -1.9859961261, 0.00300961385543, 63.5605295172
0.0397182562031, 1.04587141292, -0.172860962546, -2.56079236303, -1.52122730323, 1.53688188449, -3.51244861701, -0.440649776642, -0.0707041071245, -2.98339609489, 0.0397182562031, 62.9441023054
1.05325771982e-06, 1.57474480774, -2.592668037, -0.583331276725, -0.0795776339498, 2.44379069986, -0.788858543386, -2.68543536158, 0.144818350894, 0.0761510237179, 1.05325771982e-06, 98.935709285
0.080632818528, 1.57474480774, 0.509075571177, -0.539058493991, -1.97187585651, -0.543230302392, -0.558932342149, -0.685013949704, 0.0200964126258, -1.9859961261, 0.080632818528, 40.2759921858
5.94298017951e-05, 0.950486729639, -1.23718158005, -2.39760430576, -0.883264532245, 1.53037560554, 1.44244964916, 1.96532474911, 0.0200964126258, -1.9859961261, 5.94298017951e-05, 64.7267445433
1.36848250554e-06, 1.57474480774, 0.509075571177, -1.84882578926, -1.97187585651, 2.44379069986, -3.51244861701, 2.52040307426, 0.144818350894, -1.9859961261, 1.36848250554e-06, 73.14267404
0.00300961385543, -0.0553072500928, 1.95016554779, -1.59049106141, -4.03990173404, -2.97311580784, -3.51244861701, -1.51094002097, 0.0200964126258, -1.9859961261, 0.00300961385543, 63.5605295172
0.0397182562031, 1.04587141292, -0.172860962546, -2.56079236303, -1.52122730323, 1.53688188449, -3.51244861701, -0.440649776642, -0.0707041071245, -2.98339609489, 0.0397182562031, 62.9441023054
1.05325771982e-06, 1.57474480774, -2.592668037, -0.583331276725, -0.0795776339498, 2.44379069986, -0.788858543386, -2.68543536158, 0.144818350894, 0.0761510237179, 1.05325771982e-06, 98.935709285
0.080632818528, 1.57474480774, 0.509075571177, -0.539058493991, -1.97187585651, -0.543230302392, -0.558932342149, -0.685013949704, 0.0200964126258, -1.9859961261, 0.080632818528, 40.2759921858
0.080632818528, 1.57474480774, 0.509075571177, -0.539058493991, -1.97187585651, -0.543230302392, 2.41419122959, -2.82070981293, 0.0200964126258, 0.924695568828, 0.080632818528, 56.2998442948
0.691122641612, 1.57474480774, -2.16487172655, -0.583331276725, -1.49277939595, 1.53037560554, -1.07021444751, -0.523258495326, 0.0200964126258, -0.950352522049, 0.691122641612, 46.3215935586
0.080632818528, 1.57474480774, 0.509075571177, -0.539058493991, -1.97187585651, -0.543230302392, 2.41419122959, -2.82070981293, 0.0200964126258, 0.924695568828, 0.080632818528, 56.2998442948
0.691122641612, 1.57474480774, -2.16487172655, -0.583331276725, -1.49277939595, 1.53037560554, -1.07021444751, -0.523258495326, 0.0200964126258, -0.950352522049, 0.691122641612, 46.3215935586
0.00300961385543, 1.57474480774, 1.95016554779, -2.04272009211, 1.39072501304, -0.543230302392, -3.51244861701, -1.51094002097, -0.659277834892, -1.9859961261, 0.00300961385543, 64.107330759
0.00300961385543, 1.57474480774, 1.95016554779, -2.04272009211, 1.39072501304, -0.543230302392, -3.51244861701, -1.51094002097, -0.659277834892, -1.9859961261, 0.00300961385543, 64.107330759
0.00300961385543, 1.57474480774, 1.95016554779, -2.04272009211, 1.39072501304, -0.543230302392, -3.51244861701, -1.51094002097, -0.659277834892, -1.9859961261, 0.00300961385543, 64.107330759
0.00300961385543, 1.57474480774, 1.95016554779, -2.04272009211, 1.39072501304, -0.543230302392, -3.51244861701, -1.51094002097, -0.659277834892, -1.9859961261, 0.00300961385543, 64.107330759
5.94298017951e-05, 0.950486729639, -1.23718158005, -1.28233313966, -0.883264532245, 1.53037560554, 1.44244964916, 1.96532474911, 0.0200964126258, -1.9859961261, 5.94298017951e-05, 72.6109656646
5.94298017951e-05, 0.950486729639, -1.23718158005, -1.28233313966, -0.883264532245, 1.53037560554, 1.44244964916, 1.96532474911, 0.0200964126258, -1.9859961261, 5.94298017951e-05, 72.6109656646
0.20088264877, -1.08181634007, 0.509075571177, -0.539058493991, 0.282465320078, -2.55231052042, 3.43049576967, -1.51094002097, 1.45734391768, -0.950352522049, 0.20088264877, 60.6949192385
0.608816468375, 1.04587141292, 2.06643848611, -1.92515675223, 0.381977507849, -1.94437195229, -3.51244861701, -0.440649776642, -1.05126210491, 2.05741487539, 0.608816468375, 59.6120023961
0.20088264877, -1.08181634007, 0.509075571177, -0.539058493991, 0.282465320078, -2.55231052042, 3.43049576967, -1.51094002097, 1.45734391768, -0.950352522049, 0.20088264877, 60.6949192385
0.608816468375, 1.04587141292, 2.06643848611, -1.92515675223, 0.381977507849, -1.94437195229, -3.51244861701, -0.440649776642, -1.05126210491, 2.05741487539, 0.608816468375, 59.6120023961
1.36848250554e-06, 1.57474480774, 0.509075571177, -1.59049106141, -4.03990173404, 2.44379069986, -3.51244861701, 0.440920426186, 0.144818350894, -1.9859961261, 1.36848250554e-06, 74.0143089492
1.36848250554e-06, 1.57474480774, 0.509075571177, -1.59049106141, -4.03990173404, 2.44379069986, -3.51244861701, 0.440920426186, 0.144818350894, -1.9859961261, 1.36848250554e-06, 74.0143089492
0.558702443042, 1.04587141292, -0.161773089736, -2.56079236303, -1.52122730323, 1.53688188449, -3.51244861701, -0.440649776642, -0.0707041071245, -2.98339609489, 0.558702443042, 61.7353956899
0.298170138427, 1.57474480774, 0.509075571177, -2.04272009211, -1.97187585651, -3.02721571074, -3.52743548698, -1.51094002097, -0.659277834892, -2.02443391584, 0.298170138427, 62.3123951646
0.558702443042, 1.04587141292, -0.161773089736, -2.56079236303, -1.52122730323, 1.53688188449, -3.51244861701, -0.440649776642, -0.0707041071245, -2.98339609489, 0.558702443042, 61.7353956899
0.298170138427, 1.57474480774, 0.509075571177, -2.04272009211, -1.97187585651, -3.02721571074, -3.52743548698, -1.51094002097, -0.659277834892, -2.02443391584, 0.298170138427, 62.3123951646
1.36848250554e-06, 1.57474480774, -2.592668037, -0.583331276725, -1.97187585651, 2.44379069986, -0.788858543386, -2.68543536158, 0.144818350894, 0.0761510237179, 1.36848250554e-06, 98.8387263521
1.27170277673e-05, 0.531915465679, -2.592668037, -0.583331276725, -0.883264532245, 2.44379069986, 1.2968545789, -2.68543536158, 0.0200964126258, 0.0761510237179, 1.27170277673e-05, 86.9524883718
5.46303624693e-06, 1.57474480774, 0.509075571177, -1.84882578926, -0.883264532245, 4.9015638298, 1.2968545789, 2.52040307426, 0.0200964126258, -1.9859961261, 5.46303624693e-06, 96.1343229348
3.62214578787e-05, 1.57474480774, 1.95016554779, -2.04272009211, -3.56510529277, 1.53037560554, 4.0877780317, -0.523258495326, -0.659277834892, -1.9859961261, 3.62214578787e-05, 79.3999851999
5.75097665869e-05, 1.57474480774, 1.95016554779, -1.46810622095, -3.56510529277, 1.53037560554, 4.0877780317, -0.523258495326, -0.659277834892, -1.9859961261, 5.75097665869e-05, 76.7683898332
1.36848250554e-06, 1.57474480774, -2.592668037, -0.583331276725, -1.97187585651, 2.44379069986, -0.788858543386, -2.68543536158, 0.144818350894, 0.0761510237179, 1.36848250554e-06, 98.8387263521
1.27170277673e-05, 0.531915465679, -2.592668037, -0.583331276725, -0.883264532245, 2.44379069986, 1.2968545789, -2.68543536158, 0.0200964126258, 0.0761510237179, 1.27170277673e-05, 86.9524883718
5.46303624693e-06, 1.57474480774, 0.509075571177, -1.84882578926, -0.883264532245, 4.9015638298, 1.2968545789, 2.52040307426, 0.0200964126258, -1.9859961261, 5.46303624693e-06, 96.1343229348
3.62214578787e-05, 1.57474480774, 1.95016554779, -2.04272009211, -3.56510529277, 1.53037560554, 4.0877780317, -0.523258495326, -0.659277834892, -1.9859961261, 3.62214578787e-05, 79.3999851999
5.75097665869e-05, 1.57474480774, 1.95016554779, -1.46810622095, -3.56510529277, 1.53037560554, 4.0877780317, -0.523258495326, -0.659277834892, -1.9859961261, 5.75097665869e-05, 76.7683898332
0.00300961385543, -0.0553072500928, 1.95016554779, -1.59049106141, -4.03990173404, -0.543230302392, -1.89677501991, -0.523258495326, -0.659277834892, -1.9859961261, 0.00300961385543, 66.9398102746
0.00300961385543, -0.0553072500928, 1.95016554779, -1.59049106141, -4.03990173404, -0.543230302392, -1.89677501991, -0.523258495326, -0.659277834892, -1.9859961261, 0.00300961385543, 66.9398102746
0.00300961385543, -0.0553072500928, 1.95016554779, -1.84882578926, -1.97187585651, -0.543230302392, -3.51244861701, -1.51094002097, 2.32490734374, -1.9859961261, 0.00300961385543, 72.1405582096
0.0124317595717, -1.08181634007, 0.509075571177, -0.539058493991, 0.282465320078, -2.55231052042, 3.43049576967, -1.51094002097, -0.348469526431, -0.950352522049, 0.0124317595717, 70.5630801638
0.691122641612, 1.57474480774, -2.16487172655, -0.583331276725, -1.49277939595, 1.53037560554, 4.0877780317, -0.523258495326, 0.0200964126258, -0.950352522049, 0.691122641612, 63.733685413
0.00300961385543, -0.0553072500928, 1.95016554779, -1.84882578926, -1.97187585651, -0.543230302392, -3.51244861701, -1.51094002097, 2.32490734374, -1.9859961261, 0.00300961385543, 72.1405582096
0.0124317595717, -1.08181634007, 0.509075571177, -0.539058493991, 0.282465320078, -2.55231052042, 3.43049576967, -1.51094002097, -0.348469526431, -0.950352522049, 0.0124317595717, 70.5630801638
0.691122641612, 1.57474480774, -2.16487172655, -0.583331276725, -1.49277939595, 1.53037560554, 4.0877780317, -0.523258495326, 0.0200964126258, -0.950352522049, 0.691122641612, 63.733685413
1.27170277673e-05, 1.57474480774, -2.592668037, -0.583331276725, 1.08652290337, 2.44379069986, 1.2968545789, -2.68543536158, 0.0200964126258, 0.0761510237179, 1.27170277673e-05, 89.240178989
3.1495488074e-05, -2.48635508837, -2.78707062114, 0.641355689407, -0.0795776339498, 1.53037560554, -3.57894208485, 2.52040307426, 0.0200964126258, -2.43808981386, 3.1495488074e-05, 87.3048062707
1.27170277673e-05, 1.57474480774, -2.592668037, -0.583331276725, 1.08652290337, 2.44379069986, 1.2968545789, -2.68543536158, 0.0200964126258, 0.0761510237179, 1.27170277673e-05, 89.240178989
3.1495488074e-05, -2.48635508837, -2.78707062114, 0.641355689407, -0.0795776339498, 1.53037560554, -3.57894208485, 2.52040307426, 0.0200964126258, -2.43808981386, 3.1495488074e-05, 87.3048062707
0.080632818528, 1.57474480774, 0.509075571177, -0.539058493991, -1.97187585651, -3.02721571074, 2.41419122959, -2.82070981293, 0.0200964126258, 0.924695568828, 0.080632818528, 64.3082879476
0.080632818528, 1.57474480774, 0.509075571177, -0.539058493991, -1.97187585651, -3.02721571074, 2.41419122959, -2.82070981293, 0.0200964126258, 0.924695568828, 0.080632818528, 64.3082879476
3.29634259333e-06, 1.57474480774, 2.51622429243, -3.3577689226, -1.81519992104, 2.44379069986, 1.2968545789, 2.52040307426, 4.50197530102, -1.9859961261, 3.29634259333e-06, 117.071187341
3.29634259333e-06, 1.57474480774, 2.51622429243, -3.3577689226, -1.81519992104, 2.44379069986, 1.2968545789, 2.52040307426, 4.50197530102, -1.9859961261, 3.29634259333e-06, 117.071187341
3.1495488074e-05, -2.48635508837, -2.78707062114, 0.641355689407, -0.0795776339498, 1.53037560554, -3.57894208485, 0.978053945242, 0.0200964126258, -2.37881829841, 3.1495488074e-05, 88.3180898284
3.1495488074e-05, -2.48635508837, -2.78707062114, 0.641355689407, -0.0795776339498, 1.53037560554, -3.57894208485, 0.978053945242, 0.0200964126258, -2.37881829841, 3.1495488074e-05, 88.3180898284
1.27170277673e-05, -2.48635508837, 1.95016554779, -3.51852871966, -0.0795776339498, 2.44379069986, 1.2968545789, 2.52040307426, 4.50197530102, -1.9859961261, 1.27170277673e-05, 89.6940814854
1.27170277673e-05, -2.48635508837, 1.95016554779, -3.51852871966, -0.0795776339498, 2.44379069986, 1.2968545789, 2.52040307426, 4.50197530102, -1.9859961261, 1.27170277673e-05, 89.6940814854
8.00861884898e-06, -2.48635508837, 1.95016554779, -2.55814451774, -3.56510529277, 1.90186285427, 4.0877780317, 4.96499641802, 0.0200964126258, -1.9859961261, 8.00861884898e-06, 100.525978527
8.00861884898e-06, -2.48635508837, 1.95016554779, -2.55814451774, -3.56510529277, 1.90186285427, 4.0877780317, 4.96499641802, 0.0200964126258, -1.9859961261, 8.00861884898e-06, 100.525978527
7.96750099186e-06, 1.57474480774, -2.592668037, -0.583331276725, -1.81519992104, 2.44379069986, 1.2968545789, 2.52040307426, 3.18229610549, 1.27328172619, 7.96750099186e-06, 128.7672367
7.96750099186e-06, 1.57474480774, -2.592668037, -0.583331276725, -1.81519992104, 2.44379069986, 1.2968545789, 2.52040307426, 3.18229610549, 1.27328172619, 7.96750099186e-06, 128.7672367
5.94298017951e-05, -2.48635508837, 1.95016554779, -2.55814451774, -3.56510529277, 1.90186285427, 4.0877780317, -1.51094002097, 0.0200964126258, -1.9859961261, 5.94298017951e-05, 77.3001577104
5.94298017951e-05, -2.48635508837, 1.95016554779, -2.55814451774, -3.56510529277, 1.90186285427, 4.0877780317, -1.51094002097, 0.0200964126258, -1.9859961261, 5.94298017951e-05, 77.3001577104
7.96750099186e-06, 1.57474480774, -2.65453802234, -0.583331276725, -1.81519992104, 2.44379069986, 1.2968545789, 2.52040307426, 4.49575593216, 1.27328172619, 7.96750099186e-06, 130.176332402
7.96750099186e-06, 1.57474480774, -2.65453802234, -0.583331276725, -1.81519992104, 2.44379069986, 1.2968545789, 2.52040307426, 4.49575593216, 1.27328172619, 7.96750099186e-06, 130.176332402
1.27314951305e-05, -2.48635508837, 0.577395737707, -1.3613023197, -4.03990173404, 4.43481321439, -4.00589508214, -1.0974350498, 0.0200964126258, -1.9859961261, 1.27314951305e-05, 94.2874513815
1.27170277673e-05, 1.57474480774, 1.95016554779, -3.51852871966, -2.9975139775, 2.44379069986, -2.18189719743, 2.52040307426, 4.50197530102, -1.9859961261, 1.27170277673e-05, 95.6470030491
1.27314951305e-05, -2.48635508837, 0.577395737707, -1.3613023197, -4.03990173404, 4.43481321439, -4.00589508214, -1.0974350498, 0.0200964126258, -1.9859961261, 1.27314951305e-05, 94.2874513815
1.27170277673e-05, 1.57474480774, 1.95016554779, -3.51852871966, -2.9975139775, 2.44379069986, -2.18189719743, 2.52040307426, 4.50197530102, -1.9859961261, 1.27170277673e-05, 95.6470030491
0.293039795318, -1.08181634007, 2.5081095414, -0.539058493991, 0.282465320078, -2.55231052042, 3.43049576967, -1.51094002097, 1.45734391768, -0.950352522049, 0.293039795318, 66.7126701088
0.293039795318, -1.08181634007, 2.5081095414, -0.539058493991, 0.282465320078, -2.55231052042, 3.43049576967, -1.51094002097, 1.45734391768, -0.950352522049, 0.293039795318, 66.7126701088
3.1495488074e-05, -2.48635508837, -2.78707062114, 0.641355689407, -0.0795776339498, 1.53037560554, -3.57894208485, 2.52040307426, 0.0200964126258, -2.60157288785, 3.1495488074e-05, 92.3503908271
3.1495488074e-05, -2.48635508837, -2.78707062114, 0.641355689407, -0.0795776339498, 1.53037560554, -3.57894208485, 2.52040307426, 0.0200964126258, -2.60157288785, 3.1495488074e-05, 92.3503908271
0.608816468375, 1.04587141292, 2.06643848611, -2.59962225244, 0.381977507849, -1.94437195229, -3.51244861701, -0.440649776642, -1.05126210491, 2.05741487539, 0.608816468375, 65.4228582091
0.608816468375, 1.04587141292, 2.06643848611, -2.59962225244, 0.381977507849, -1.94437195229, -3.51244861701, -0.440649776642, -1.05126210491, 2.05741487539, 0.608816468375, 65.4228582091
0.608816468375, 1.04587141292, 2.06643848611, -2.59962225244, 0.381977507849, -1.94437195229, -3.51244861701, -0.440649776642, -1.05126210491, 2.05741487539, 0.608816468375, 65.4228582091
0.608816468375, 1.04587141292, 2.06643848611, -2.59962225244, 0.381977507849, -1.94437195229, -3.51244861701, -0.440649776642, -1.05126210491, 2.05741487539, 0.608816468375, 65.4228582091
5.94298017951e-05, -2.48635508837, 1.95016554779, -2.04272009211, -3.56510529277, 2.18054212013, 4.0877780317, -0.523258495326, 0.0200964126258, -1.9859961261, 5.94298017951e-05, 82.9795590109
5.94298017951e-05, -2.48635508837, 1.95016554779, -2.04272009211, -3.56510529277, 2.18054212013, 4.0877780317, -0.523258495326, 0.0200964126258, -1.9859961261, 5.94298017951e-05, 82.9795590109
0.997113694482, -1.56091519657, 0.10074239428, 1.58039198565, 1.45743093258, 0.908398351008, -1.46180701969, 0.520894537371, 0.866716909651, 3.58839623016, 0.997113694482, 64.7802354851
0.814385058153, 1.04587141292, 0.509075571177, -1.59081186364, -1.97187585651, -3.02721571074, -3.51244861701, -1.51094002097, -0.659277834892, 0.616317343876, 0.814385058153, 65.3764402543
0.997113694482, -1.56091519657, 0.10074239428, 1.58039198565, 1.45743093258, 0.908398351008, -1.46180701969, 0.520894537371, 0.866716909651, 3.58839623016, 0.997113694482, 64.7802354851
0.814385058153, 1.04587141292, 0.509075571177, -1.59081186364, -1.97187585651, -3.02721571074, -3.51244861701, -1.51094002097, -0.659277834892, 0.616317343876, 0.814385058153, 65.3764402543
1.73954115645e-05, 0.950486729639, -1.23718158005, -1.28233313966, -0.883264532245, 1.53037560554, 1.44244964916, 1.96532474911, 0.0200964126258, -2.75024940332, 1.73954115645e-05, 96.0761658504
1.73954115645e-05, 0.950486729639, -1.23718158005, -1.28233313966, -0.883264532245, 1.53037560554, 1.44244964916, 1.96532474911, 0.0200964126258, -2.75024940332, 1.73954115645e-05, 96.0761658504
0.849353626703, 1.04587141292, 0.509075571177, -1.9411833286, -1.97187585651, -2.08766615522, -3.51244861701, -1.51094002097, -0.659277834892, 0.641601414829, 0.849353626703, 66.6735715327
0.849353626703, 1.04587141292, 0.509075571177, -1.9411833286, -1.97187585651, -2.08766615522, -3.51244861701, -1.51094002097, -0.659277834892, 0.641601414829, 0.849353626703, 66.6735715327
5.94298017951e-05, 1.57474480774, -0.340508247065, -1.28233313966, 3.04720269513, 1.53037560554, 4.0877780317, -0.523258495326, 0.0200964126258, -1.9859961261, 5.94298017951e-05, 84.0928975257
5.94298017951e-05, 1.57474480774, -0.340508247065, -1.28233313966, 3.04720269513, 1.53037560554, 4.0877780317, -0.523258495326, 0.0200964126258, -1.9859961261, 5.94298017951e-05, 84.0928975257
1.27314951305e-05, -2.48635508837, 0.577395737707, -2.88897167184, -4.03990173404, 4.43481321439, -4.00589508214, -1.0974350498, 0.0200964126258, -1.9859961261, 1.27314951305e-05, 97.3209252459
1.27314951305e-05, -2.48635508837, 0.577395737707, -2.88897167184, -4.03990173404, 4.43481321439, -4.00589508214, -1.0974350498, 0.0200964126258, -1.9859961261, 1.27314951305e-05, 97.3209252459
1.27170277673e-05, -2.48635508837, 1.95016554779, -3.51852871966, -1.97187585651, -3.39848874249, 1.2968545789, 2.52040307426, 4.50197530102, -1.9859961261, 1.27170277673e-05, 99.8730833445
1.27170277673e-05, -2.48635508837, 1.95016554779, -3.51852871966, -1.97187585651, -3.39848874249, 1.2968545789, 2.52040307426, 4.50197530102, -1.9859961261, 1.27170277673e-05, 99.8730833445
5.94298017951e-05, -2.00987237947, 0.922289632429, -4.95698027613, -1.81519992104, 0.47118555926, 0.400070672017, -0.523258495326, 3.58440480729, -1.9859961261, 5.94298017951e-05, 87.1812692148
5.94298017951e-05, -2.00987237947, 0.922289632429, -4.95698027613, -1.81519992104, 0.47118555926, 0.400070672017, -0.523258495326, 3.58440480729, -1.9859961261, 5.94298017951e-05, 87.1812692148
