0.999820270295, 0.999152540476, 0.83362492311, 0.95542290948, 0.360989482999, 0.587082662295, 0.264288968495, 0.552753206921, 0.640688061035, 0.70554287629, 0.781907541307, 0.526388157184, 0.559125735203, 0.563701925133, 0.00439946396804, 7.22975875945e-05, 8.64265769201e-11, 0.0342725435912, 1.23452941681
0.00017832746401, 4.24442138101e-05, 0.000193660468936, 0.00347061615614, 0.844101801867, 0.804415185349, 0.0147207549908, 0.379692342485, 0.376831448574, 0.707996158241, 0.191185078756, 0.808192713971, 0.128674187083, 0.831070323373, 1.95731725, 3.37628823226e-246, 0.0, 0.0, 0.0
0.0378281976337, 0.902965471599, 0.878766851095, 0.99393641469, 0.585846473846, 0.477094770319, 0.504775280321, 0.256196514949, 0.593931776149, 0.771309914838, 0.383216762393, 0.261711856078, 0.479494169634, 0.408799299973, 0.80643231532, 0.92734990035, 4.70998652767e-06, 7.12471386498e-05, 1.16739544116e-142
0.0203582931615, 0.998071900246, 0.00102823123264, 0.90775807591, 0.338041026824, 0.729885817288, 0.00416387533433, 0.304478974503, 0.983868641833, 0.707996158241, 0.00781605039798, 0.313733919017, 0.236934839105, 0.0706151590727, 0.591004690674, 5.81731978891e-05, 1.50241515054e-299, 2.0890767114, 2.55228589845e-169
0.999021458522, 0.855734602455, 0.811014688072, 0.00216976413808, 0.490647503587, 0.0362876884742, 0.0070569260298, 0.256196514949, 0.996376480481, 0.858750104146, 0.00035814417235, 0.428783034577, 0.334351703415, 0.937920824568, 0.345454260223, 2.37554421949e-267, 4.33892753859e-10, 9.29864731881e-08, 2.341219489
0.00279402414974, 0.457784244697, 0.998390991955, 0.0979885908788, 0.529499088072, 0.997496402346, 0.921037304342, 0.884850198875, 0.0879704799248, 0.252083722983, 0.347143981974, 0.72900280686, 0.393516095981, 0.320596122718, 0.445500520113, 9.17316759513e-102, 1.87203831071, 3.51949860352e-34, 1.26885553951e-255
0.370115994191, 0.292237010919, 0.137930320285, 0.000906374369843, 0.068994867686, 0.31406016525, 0.806829762628, 0.987158569739, 0.993050606153, 0.987548707943, 0.739424405738, 0.0585439739841, 0.121191405131, 0.67740688454, 2.45978628758, 2.07863804749e-304, 3.57266027358e-86, 1.44723470172e-53, 2.63513314269e-43
0.370115994191, 0.292237010919, 0.137930320285, 0.000906374369843, 0.068994867686, 0.31406016525, 0.806829762628, 0.987158569739, 0.993050606153, 0.987548707943, 0.739424405738, 0.0585439739841, 0.121191405131, 0.67740688454, 2.45978628758, 2.07863804749e-304, 3.57266027358e-86, 1.44723470172e-53, 2.63513314269e-43
0.0203582931615, 0.998071900246, 0.168032699231, 0.994423742228, 0.654430967656, 0.726215021398, 0.4745602745, 0.707946339818, 0.970659127386, 0.642328516987, 0.0141734529306, 0.313733919017, 0.236934839105, 0.595188743981, 0.290035233543, 0.363980494921, 2.53123070096e-78, 1.64510994187, 2.00987875798e-169
0.0378281976337, 0.902965471599, 0.878766851095, 0.99393641469, 0.585846473846, 0.477094770319, 0.504775280321, 0.256196514949, 0.593931776149, 0.771309914838, 0.383216762393, 0.261711856078, 0.479494169634, 0.408799299973, 0.80643231532, 0.92734990035, 4.70998652767e-06, 7.12471386498e-05, 1.16739544116e-142
0.929747436004, 0.986258653721, 0.00339401803297, 0.769253238161, 0.928818626233, 0.372934842716, 0.504775280321, 0.304825765146, 0.899218111392, 0.707996158241, 0.435315729838, 0.808192713971, 0.253987171312, 0.99697039508, 1.70609061023, 1.08406488705e-11, 3.15890464359e-247, 0.708754716407, 0.00199155413041
0.0203582931615, 0.998071900246, 0.168032699231, 0.99393641469, 0.654430967656, 0.55061845276, 0.504775280321, 0.707946339818, 0.970659127386, 0.642328516987, 0.0141734529306, 0.313733919017, 0.236934839105, 0.595188743981, 0.296603134853, 0.341076222175, 2.45833608108e-78, 1.59773391098, 1.9519980804e-169
0.133293098516, 0.804547141239, 0.00233268545437, 0.950887886668, 0.507767070609, 0.410076852227, 0.504775280321, 0.27135094451, 0.0328910262703, 0.668551304582, 0.0715899044508, 0.388701424386, 0.825851209014, 0.629586820273, 1.62585960987, 0.0166015833162, 1.55899128845e-263, 9.17012299007e-10, 7.72666213849e-88
0.00304206810534, 0.650787538386, 0.99578196496, 0.00115749925871, 0.30195616461, 0.854321646037, 0.99859646529, 0.415299069362, 0.371277804982, 0.337871483564, 0.383216762393, 0.222109101848, 0.110228567649, 0.228689360661, 0.917322351278, 3.24126103614e-294, 1.5251745279, 6.1717801786e-19, 5.79937108024e-252
0.00017832746401, 4.24442138101e-05, 0.000193660468936, 0.00347061615614, 0.844101801867, 0.804415185349, 0.0147207549908, 0.379692342485, 0.376831448574, 0.707996158241, 0.191185078756, 0.808192713971, 0.128674187083, 0.831070323373, 1.95731725, 3.37628823226e-246, 0.0, 0.0, 0.0
0.00279402414974, 0.457784244697, 0.998390991955, 0.0979885908788, 0.529499088072, 0.997496402346, 0.921037304342, 0.884850198875, 0.0879704799248, 0.252083722983, 0.347143981974, 0.72900280686, 0.393516095981, 0.320596122718, 0.445500520113, 9.17316759513e-102, 1.87203831071, 3.51949860352e-34, 1.26885553951e-255
0.226554566319, 0.99022568642, 0.997587229047, 0.933967407146, 0.72221114568, 0.306398489847, 0.40814555987, 0.42110827644, 0.376831448574, 0.707996158241, 0.191185078756, 0.418562131677, 0.266483712224, 0.539023618855, 0.362665859926, 0.000614892294514, 1.03477538912, 0.73133425283, 6.81269410854e-65
0.997566940539, 0.990461477444, 0.0094522872722, 0.283819524505, 0.370606295011, 0.911520352421, 0.916741844096, 0.256196514949, 0.306558183452, 0.451977677877, 0.347143981974, 0.351677220249, 0.479494169634, 0.615112334467, 0.416655813178, 1.31863359109e-55, 2.34200888591e-203, 0.286514730437, 1.4312695278
0.999820270295, 0.999152540476, 0.83362492311, 0.906687519749, 0.360989482999, 0.326878829279, 0.264288968495, 0.552753206921, 0.640688061035, 0.70554287629, 0.781907541307, 0.526388157184, 0.559125735203, 0.563701925133, 0.00447981948247, 3.91871949584e-07, 8.7993264437e-11, 0.0348938150581, 1.25690820231
0.0203582931615, 0.998071900246, 0.00102823123264, 0.90775807591, 0.338041026824, 0.729885817288, 0.00416387533433, 0.304478974503, 0.983868641833, 0.707996158241, 0.00781605039798, 0.313733919017, 0.236934839105, 0.0706151590727, 0.591004690674, 5.81731978891e-05, 1.50241515054e-299, 2.0890767114, 2.55228589845e-169
0.00145034521611, 0.997656138433, 0.915684887543, 0.14773781352, 0.831739065065, 0.0318182981296, 0.270336143867, 0.552753206921, 0.066599796675, 0.743371349518, 0.325020713066, 0.010675648388, 0.554009909516, 0.3423054797, 0.622651091823, 8.70024254752e-84, 0.000146207383218, 1.82646325155, 4.25347325794e-284
0.0969645870592, 0.0116887478289, 0.978860150342, 0.280155906585, 0.524238903665, 0.911520352421, 0.851266747226, 0.366956591213, 0.137989864149, 0.623589766257, 0.191185078756, 0.222109101848, 0.756207188564, 0.968452085432, 1.8822006916, 1.62466613432e-55, 0.353076440213, 1.79926255368e-193, 1.37914787805e-101
0.226554566319, 0.99022568642, 0.990571744841, 0.109758025822, 0.649517752044, 0.306398489847, 0.270336143867, 0.268188853303, 0.859259612273, 0.707996158241, 0.285997424746, 0.72900280686, 0.679166336207, 0.561469313694, 1.00487246757, 1.74525751812e-96, 0.701031119562, 0.817208809729, 7.61265265772e-65
0.0969645870592, 0.998071900246, 0.987965694615, 0.145073693658, 0.516778291444, 0.177032798352, 0.48812936979, 0.156222712466, 0.783554586216, 0.623589766257, 0.412624802254, 0.222109101848, 0.747998047153, 0.300682281089, 0.365546120253, 8.27806654213e-85, 0.184796081818, 1.44785548262, 1.08362491098e-101
0.00304206810534, 0.9937127591, 0.99578196496, 0.283819524505, 0.280206723177, 0.911520352421, 0.503185954851, 0.42110827644, 0.306558183452, 0.920292719073, 0.191185078756, 0.4095033771, 0.303187451936, 0.615112334467, 0.550634609825, 1.74265009624e-55, 0.915505743336, 1.18232548272, 5.192365612e-252
0.998520209201, 0.00359496495528, 0.996763699882, 0.14773781352, 0.524238903665, 0.177032798352, 0.936999572484, 0.694733734619, 0.488601648042, 0.158116750203, 0.0408125708929, 0.44426063549, 0.565888315779, 0.98558030636, 0.172174028449, 2.4057707881e-84, 0.370619798756, 2.38203443621e-245, 1.86053707425
0.133293098516, 0.425558058563, 0.99578196496, 0.950887886668, 0.72221114568, 0.477094770319, 0.504775280321, 0.459426801871, 0.066599796675, 0.189238337619, 0.347143981974, 0.251884326705, 0.490499645539, 0.629586820273, 0.741014736163, 0.00756646994998, 1.23210310472, 1.77703927185e-37, 6.83252919988e-88
0.999021458522, 0.855734602455, 0.811014688072, 0.00216976413808, 0.490647503587, 0.0362876884742, 0.0070569260298, 0.256196514949, 0.996376480481, 0.858750104146, 0.00035814417235, 0.428783034577, 0.334351703415, 0.937920824568, 0.345454260223, 2.37554421949e-267, 4.33892753859e-10, 9.29864731881e-08, 2.341219489
0.997566940539, 0.0783313822141, 0.00802354598016, 0.283819524505, 0.72221114568, 0.911520352421, 0.677130867623, 0.0653673579941, 0.306558183452, 0.78683420004, 0.347143981974, 0.191127235738, 0.297838843675, 0.420428348426, 0.574516633522, 1.81823199783e-55, 2.46636335414e-210, 2.23357988155e-111, 1.62616578359
0.133293098516, 0.997186081459, 0.99578196496, 0.714317607493, 0.72221114568, 0.55061845276, 0.40814555987, 0.42110827644, 0.371277804982, 0.0344687853271, 0.476887014589, 0.439356962509, 0.266483712224, 0.629586820273, 0.26672059879, 1.0263889541e-15, 0.443459665813, 1.27436084453, 6.53616373859e-88
0.997566940539, 0.990461477444, 0.00802354598016, 0.283819524505, 0.370606295011, 0.911520352421, 0.677130867623, 0.284515480923, 0.306558183452, 0.707996158241, 0.0107646718771, 0.351677220249, 0.297838843675, 0.420428348426, 0.45375680661, 1.43605092851e-55, 1.94794910055e-210, 0.312027349716, 1.55871649883
0.999912377423, 0.60075565488, 0.0478445683605, 0.788738473076, 0.585846473846, 0.165720657173, 0.0475583654454, 0.988031732533, 0.00354282004664, 0.50136771521, 0.90153196001, 0.250828771277, 0.297838843675, 0.713766226897, 0.0290292586183, 2.2503929412e-12, 4.3875280654e-134, 3.37864506144e-24, 2.11814273752
0.00304206810534, 0.995895844681, 0.998831892092, 0.382126287603, 0.702320208473, 0.864038821147, 0.120083930716, 0.42110827644, 0.066599796675, 0.337871483564, 0.575339619865, 0.72900280686, 0.303187451936, 0.622004329014, 0.143711112315, 3.75233617475e-43, 0.821087830719, 1.42381836212, 5.37607027165e-252
0.997566940539, 0.996788156902, 0.0938106946016, 0.14773781352, 0.35777566762, 0.854321646037, 0.744625173938, 0.231119149496, 0.621135723739, 0.317533027674, 0.423710276318, 0.433728891795, 0.121762058598, 0.3423054797, 0.209815768046, 2.93173511821e-84, 5.53596278339e-104, 0.454965336642, 1.4181201006
0.997566940539, 0.0146103478554, 0.0938106946016, 0.14773781352, 0.4623471072, 0.854321646037, 0.69842721206, 0.0169025541971, 0.621135723739, 0.317533027674, 0.0340370656571, 0.973528027101, 0.266483712224, 0.157230787446, 0.686573041105, 9.59341766624e-84, 1.81151437713e-103, 3.15400395739e-184, 1.94334075331
0.133293098516, 0.154547751289, 0.99578196496, 0.950887886668, 0.72221114568, 0.55061845276, 0.504775280321, 0.459426801871, 0.371277804982, 0.0344687853271, 0.347143981974, 0.251884326705, 0.490499645539, 0.98953014029, 0.830570449124, 0.00848091952554, 1.38100955233, 2.04001705268e-81, 7.65827799266e-88
0.00304206810534, 0.650787538386, 0.99578196496, 0.00115749925871, 0.30195616461, 0.854321646037, 0.99859646529, 0.415299069362, 0.371277804982, 0.337871483564, 0.383216762393, 0.222109101848, 0.110228567649, 0.228689360661, 0.917322351278, 3.24126103614e-294, 1.5251745279, 6.1717801786e-19, 5.79937108024e-252
0.226554566319, 0.99022568642, 0.990571744841, 0.109758025822, 0.649517752044, 0.306398489847, 0.270336143867, 0.268188853303, 0.859259612273, 0.707996158241, 0.285997424746, 0.72900280686, 0.679166336207, 0.561469313694, 1.00487246757, 1.74525751812e-96, 0.701031119562, 0.817208809729, 7.61265265772e-65
0.999912377423, 0.948508415186, 0.0611921051476, 0.774848289892, 0.585846473846, 0.394921994746, 0.916741844096, 0.988031732533, 0.299526561241, 0.036624325764, 0.90153196001, 0.250828771277, 0.479494169634, 0.046169248687, 0.0289806783233, 3.80098636002e-13, 2.12700171754e-123, 0.000230333124414, 2.1146648242
0.238539280948, 0.99022568642, 0.181931553356, 0.14261322034, 0.370606295011, 0.477094770319, 0.504775280321, 0.42110827644, 0.095087400196, 0.745638869899, 0.347143981974, 0.672380550443, 0.198770003766, 0.0149952126918, 1.35343112858, 5.5403182803e-85, 2.08141556285e-74, 0.902709469072, 1.45699999099e-62
0.226554566319, 0.99022568642, 0.997587229047, 0.933967407146, 0.72221114568, 0.306398489847, 0.40814555987, 0.42110827644, 0.376831448574, 0.707996158241, 0.191185078756, 0.418562131677, 0.266483712224, 0.539023618855, 0.362665859926, 0.000614892294514, 1.03477538912, 0.73133425283, 6.81269410854e-65
0.997566940539, 0.998071900246, 0.108998315087, 0.221189983989, 0.585846473846, 0.911520352421, 0.924818038784, 0.256196514949, 0.894326036124, 0.707996158241, 0.585337752961, 0.428783034577, 0.735912636356, 0.590127062217, 0.153387827114, 7.21865840288e-67, 1.33011512594e-97, 0.542193557749, 1.59490649004
0.0378281976337, 0.9937127591, 0.987965694615, 0.00347061615614, 0.80543057808, 0.685512083324, 0.519162748163, 0.62652013579, 0.621135723739, 0.745638869899, 0.125382995985, 0.792176060376, 0.198770003766, 0.0135925570496, 1.06030829547, 1.82898629263e-246, 0.536022153338, 1.31485999101, 1.68336923511e-142
0.439613844455, 0.303437931302, 0.983681952719, 0.00922636418346, 0.524238903665, 0.99379360947, 0.270336143867, 0.276115143207, 0.621135723739, 0.159737783081, 0.0340370656571, 0.222109101848, 0.329767641778, 0.481863902118, 1.71927782241, 8.60053065756e-204, 0.537686004194, 4.55738396611e-52, 5.73937790542e-36
0.0378281976337, 0.991988426683, 0.00157240996073, 0.0253927303699, 0.72221114568, 0.477094770319, 0.504775280321, 0.42110827644, 0.317018484301, 0.00164501627474, 0.125382995985, 0.251884326705, 0.198770003766, 0.629586820273, 1.25712867582, 5.84036148418e-160, 8.95526079231e-281, 1.06471694866, 1.56490979239e-142
0.226554566319, 0.99022568642, 0.990571744841, 0.933967407146, 0.72221114568, 0.306398489847, 0.504775280321, 0.42110827644, 0.859259612273, 0.707996158241, 0.347143981974, 0.418562131677, 0.490499645539, 0.539023618855, 0.884976220271, 0.00150045846274, 0.617388556473, 0.719704665452, 6.70435948438e-65
0.116856306967, 0.997186081459, 0.99578196496, 0.0107267104248, 0.907174634641, 0.55061845276, 0.339913442308, 0.42110827644, 0.371277804982, 0.185788861257, 0.467828908478, 0.439356962509, 0.490499645539, 0.87811987652, 0.283757576106, 4.9627570132e-198, 0.471785982946, 1.3557615946, 1.33863808682e-93
0.238539280948, 0.99022568642, 0.942117496913, 0.750470161335, 0.370606295011, 0.0988758999313, 0.504775280321, 0.42110827644, 0.095087400196, 0.745638869899, 0.347143981974, 0.672380550443, 0.566628301121, 0.629586820273, 1.2333225731, 6.61514695414e-13, 0.00498546735855, 0.822606365157, 1.32771119356e-62
0.858485025007, 0.623348946301, 0.987965694615, 0.00216976413808, 0.357293091441, 0.716180693251, 0.008674661578, 0.140342250551, 0.0876710419727, 0.858750104146, 0.00256645095292, 0.672380550443, 0.479494169634, 0.561469313694, 1.80088241182, 1.23839138664e-266, 0.910407729917, 9.42210155714e-21, 7.48681680036e-07
0.00588744710947, 0.99022568642, 0.99578196496, 0.895045411489, 0.947291078396, 0.854321646037, 0.264288968495, 0.989305435246, 0.15876379539, 0.58560918838, 0.567995131981, 0.72900280686, 0.506497649268, 0.604873207712, 0.777162989713, 1.86697728472e-05, 1.29214031973, 1.00570293891, 2.79957788486e-223
0.226554566319, 0.99022568642, 0.990571744841, 0.933967407146, 0.72221114568, 0.306398489847, 0.504775280321, 0.42110827644, 0.859259612273, 0.707996158241, 0.347143981974, 0.418562131677, 0.490499645539, 0.539023618855, 0.884976220271, 0.00150045846274, 0.617388556473, 0.719704665452, 6.70435948438e-65
0.997566940539, 0.999858746638, 0.123443086915, 0.950887886668, 0.516778291444, 0.0514253192789, 0.45212838938, 0.78799652521, 0.983868641833, 0.48141760703, 0.0215332457106, 0.634433832479, 0.452636347616, 0.0449188857392, 0.014512849877, 0.000148190092752, 3.19574831965e-93, 0.658596765782, 1.86460667463
0.00266589953911, 0.995895844681, 0.998901633572, 0.382126287603, 0.702320208473, 0.864038821147, 0.120083930716, 0.42110827644, 0.066599796675, 0.309598861476, 0.301103239535, 0.72900280686, 0.303187451936, 0.629586820273, 0.139427042262, 3.64047794209e-43, 0.845266001964, 1.46330721094, 1.02289379309e-257
0.133293098516, 0.154547751289, 0.99578196496, 0.950887886668, 0.72221114568, 0.55061845276, 0.504775280321, 0.459426801871, 0.371277804982, 0.0344687853271, 0.347143981974, 0.251884326705, 0.490499645539, 0.98953014029, 0.830570449124, 0.00848091952554, 1.38100955233, 2.04001705268e-81, 7.65827799266e-88
0.997566940539, 0.998071900246, 0.148274789148, 0.106851002154, 0.370606295011, 0.125547552084, 0.328347389522, 0.256196514949, 0.698045536594, 0.856496361003, 0.268399107147, 0.428783034577, 0.735912636356, 0.615112334467, 0.139629184708, 1.65560243025e-98, 2.80432014433e-84, 0.493559664068, 1.4518459325
0.998520209201, 0.00359496495528, 0.996763699882, 0.14773781352, 0.524238903665, 0.177032798352, 0.936999572484, 0.694733734619, 0.488601648042, 0.158116750203, 0.0408125708929, 0.44426063549, 0.565888315779, 0.98558030636, 0.172174028449, 2.4057707881e-84, 0.370619798756, 2.38203443621e-245, 1.86053707425
0.998520209201, 0.303437931302, 0.987965694615, 0.021529607348, 0.519109392077, 0.997237532607, 0.270336143867, 0.62652013579, 0.654899668404, 0.159737783081, 0.567995131981, 0.700579136793, 0.329767641778, 0.320083258101, 0.299122007766, 9.45320720928e-168, 0.15121641828, 8.4795872171e-53, 1.5259637857
0.997566940539, 0.553453669281, 0.148274789148, 0.283819524505, 0.370606295011, 0.911520352421, 0.328347389522, 0.256196514949, 0.698045536594, 0.707996158241, 0.268399107147, 0.428783034577, 0.735912636356, 0.615112334467, 0.494711130478, 1.56566329787e-55, 9.93580526683e-84, 1.57978747361e-26, 1.40027680001
0.00588744710947, 0.997186081459, 0.181931553356, 0.521823026524, 0.72221114568, 0.55061845276, 0.504775280321, 0.42110827644, 0.532936046641, 0.668551304582, 0.347143981974, 0.0315193657394, 0.198770003766, 0.0149952126918, 0.623238501925, 5.53475097232e-29, 9.58466441238e-75, 1.53477375798, 2.55864696719e-223
0.929747436004, 0.991988426683, 0.00337838404976, 0.0253927303699, 0.72221114568, 0.477094770319, 0.504775280321, 0.42110827644, 0.317018484301, 0.00164501627474, 0.682450059476, 0.251884326705, 0.198770003766, 0.629586820273, 1.17543940229, 5.46084990673e-160, 1.37158245808e-247, 0.995530750201, 0.00166051953855
0.00588744710947, 0.995502796175, 0.186041627178, 0.00586422798492, 0.343548772454, 0.716180693251, 0.274292949994, 0.408821925883, 0.177871473044, 0.642328516987, 0.347143981974, 0.483936521202, 0.266483712224, 0.352608574925, 0.730801798413, 7.60333449763e-224, 1.04937911743e-73, 1.14028303591, 2.09198658739e-223
0.998520209201, 0.303437931302, 0.987965694615, 0.021529607348, 0.519109392077, 0.997237532607, 0.270336143867, 0.62652013579, 0.654899668404, 0.159737783081, 0.567995131981, 0.700579136793, 0.329767641778, 0.320083258101, 0.299122007766, 9.45320720928e-168, 0.15121641828, 8.4795872171e-53, 1.5259637857
0.0969645870592, 0.492754419373, 0.967176283829, 0.145073693658, 0.516778291444, 0.177032798352, 0.48812936979, 0.694733734619, 0.621135723739, 0.623589766257, 0.125382995985, 0.222109101848, 0.747998047153, 0.454709493408, 1.45145216794, 3.28692248754e-84, 0.0810844629719, 4.18458151702e-31, 1.04692231572e-101
0.00239699381459, 0.998071900246, 0.108998315087, 0.804351658412, 0.370606295011, 0.911520352421, 0.956078249854, 0.256196514949, 0.621135723739, 0.687542738547, 0.191185078756, 0.428783034577, 0.962981696156, 0.590127062217, 0.497152609582, 2.73656494004e-10, 4.31109963775e-97, 1.75732942571, 2.65694798913e-262
0.0378281976337, 0.9937127591, 0.987965694615, 0.00347061615614, 0.80543057808, 0.685512083324, 0.519162748163, 0.62652013579, 0.621135723739, 0.745638869899, 0.125382995985, 0.792176060376, 0.198770003766, 0.0135925570496, 1.06030829547, 1.82898629263e-246, 0.536022153338, 1.31485999101, 1.68336923511e-142
0.238539280948, 0.99022568642, 0.181931553356, 0.14261322034, 0.370606295011, 0.477094770319, 0.504775280321, 0.42110827644, 0.095087400196, 0.745638869899, 0.347143981974, 0.672380550443, 0.198770003766, 0.0149952126918, 1.35343112858, 5.5403182803e-85, 2.08141556285e-74, 0.902709469072, 1.45699999099e-62
0.929747436004, 0.986258653721, 0.00339401803297, 0.769253238161, 0.928818626233, 0.372934842716, 0.504775280321, 0.304825765146, 0.899218111392, 0.707996158241, 0.435315729838, 0.808192713971, 0.253987171312, 0.99697039508, 1.70609061023, 1.08406488705e-11, 3.15890464359e-247, 0.708754716407, 0.00199155413041
0.00304206810534, 0.999607409705, 0.99578196496, 0.283819524505, 0.280206723177, 0.911520352421, 0.504775280321, 0.42110827644, 0.306558183452, 0.997579981886, 0.191185078756, 0.4095033771, 0.303187451936, 0.765787105311, 0.0536450047701, 1.69775875067e-56, 0.0891921958627, 1.7186959828, 5.61057162204e-252
0.00017832746401, 0.99022568642, 0.16927972282, 0.00450217193357, 0.0643072224829, 0.91899085656, 0.81825834147, 0.42110827644, 0.166226158312, 0.670334611141, 0.301103239535, 0.72900280686, 0.198770003766, 0.242744958295, 1.54924978669, 5.35117246926e-235, 1.76496153876e-77, 1.03331630466, 0.0
0.999820270295, 0.735766647083, 0.83362492311, 0.714317607493, 0.72221114568, 0.483498570744, 0.230926692464, 0.385391872039, 0.640688061035, 0.70554287629, 0.301103239535, 0.526388157184, 0.266483712224, 0.629586820273, 0.0366184444685, 1.40914376653e-16, 7.19264797983e-10, 2.71537284005e-15, 1.30829305426
0.00145034521611, 0.997656138433, 0.915684887543, 0.14773781352, 0.831739065065, 0.0318182981296, 0.270336143867, 0.552753206921, 0.066599796675, 0.743371349518, 0.325020713066, 0.010675648388, 0.554009909516, 0.3423054797, 0.622651091823, 8.70024254752e-84, 0.000146207383218, 1.82646325155, 4.25347325794e-284
0.293473094752, 0.999607409705, 0.987965694615, 0.00347061615614, 0.80543057808, 0.685512083324, 0.519162748163, 0.62652013579, 0.621135723739, 0.745638869899, 0.682450059476, 0.672380550443, 0.198770003766, 0.0135925570496, 0.0868224543561, 1.49765006638e-247, 0.0438917238889, 1.60648116825, 1.44417424862e-53
0.0378281976337, 0.99022568642, 0.633115501854, 0.00347061615614, 0.585846473846, 0.685512083324, 0.519162748163, 0.42110827644, 0.137989864149, 0.841056814963, 0.196782649823, 0.72900280686, 0.198770003766, 0.0135925570496, 1.4704050435, 2.53638557828e-246, 3.24976230871e-20, 0.980728555821, 1.67893826748e-142
0.997566940539, 0.998071900246, 0.108998315087, 0.221189983989, 0.585846473846, 0.911520352421, 0.924818038784, 0.256196514949, 0.894326036124, 0.707996158241, 0.585337752961, 0.428783034577, 0.735912636356, 0.590127062217, 0.153387827114, 7.21865840288e-67, 1.33011512594e-97, 0.542193557749, 1.59490649004
0.00266589953911, 0.995895844681, 0.998901633572, 0.382126287603, 0.702320208473, 0.864038821147, 0.120083930716, 0.42110827644, 0.066599796675, 0.309598861476, 0.301103239535, 0.72900280686, 0.303187451936, 0.629586820273, 0.139427042262, 3.64047794209e-43, 0.845266001964, 1.46330721094, 1.02289379309e-257
0.0203582931615, 0.998071900246, 0.168032699231, 0.994423742228, 0.654430967656, 0.726215021398, 0.4745602745, 0.707946339818, 0.970659127386, 0.642328516987, 0.0141734529306, 0.313733919017, 0.236934839105, 0.595188743981, 0.290035233543, 0.363980494921, 2.53123070096e-78, 1.64510994187, 2.00987875798e-169
0.133293098516, 0.804547141239, 0.00233268545437, 0.950887886668, 0.507767070609, 0.410076852227, 0.504775280321, 0.27135094451, 0.0328910262703, 0.668551304582, 0.0715899044508, 0.388701424386, 0.825851209014, 0.629586820273, 1.62585960987, 0.0166015833162, 1.55899128845e-263, 9.17012299007e-10, 7.72666213849e-88
0.997566940539, 0.996788156902, 0.0938106946016, 0.0979885908788, 0.35777566762, 0.854321646037, 0.69842721206, 0.193292527909, 0.621135723739, 0.252083722983, 0.347143981974, 0.227281388443, 0.266483712224, 0.3423054797, 0.213787014071, 4.40202428774e-102, 5.64074361282e-104, 0.463576602144, 1.44496128545
0.133293098516, 0.425558058563, 0.99578196496, 0.950887886668, 0.72221114568, 0.477094770319, 0.504775280321, 0.459426801871, 0.066599796675, 0.189238337619, 0.347143981974, 0.251884326705, 0.490499645539, 0.629586820273, 0.741014736163, 0.00756646994998, 1.23210310472, 1.77703927185e-37, 6.83252919988e-88
0.997566940539, 0.999858746638, 0.123443086915, 0.950887886668, 0.516778291444, 0.0514253192789, 0.45212838938, 0.78799652521, 0.983868641833, 0.48141760703, 0.0215332457106, 0.634433832479, 0.452636347616, 0.0449188857392, 0.014512849877, 0.000148190092752, 3.19574831965e-93, 0.658596765782, 1.86460667463
0.818636528665, 0.42194293928, 0.99578196496, 0.0863274499478, 0.831739065065, 0.394921994746, 0.270336143867, 0.264478233623, 0.741048487981, 0.570080925928, 0.383216762393, 0.72900280686, 0.202869590951, 0.717639995965, 0.770054972634, 4.98348139678e-107, 1.28032226372, 7.86791692562e-38, 4.78188726287e-09
0.997566940539, 0.999837001495, 0.0519767656238, 0.0107267104248, 0.490647503587, 0.0514253192789, 0.646376877667, 0.42110827644, 0.983868641833, 0.99089359467, 0.00270480993079, 0.328934512884, 0.373783751091, 0.713766226897, 0.01727682348, 3.02161718703e-199, 1.03397222879e-130, 0.680090254272, 1.92561231069
0.293473094752, 0.999607409705, 0.987965694615, 0.00347061615614, 0.80543057808, 0.685512083324, 0.519162748163, 0.62652013579, 0.621135723739, 0.745638869899, 0.682450059476, 0.672380550443, 0.198770003766, 0.0135925570496, 0.0868224543561, 1.49765006638e-247, 0.0438917238889, 1.60648116825, 1.44417424862e-53
0.858485025007, 0.623348946301, 0.987965694615, 0.00216976413808, 0.357293091441, 0.716180693251, 0.008674661578, 0.140342250551, 0.0876710419727, 0.858750104146, 0.00256645095292, 0.672380550443, 0.479494169634, 0.561469313694, 1.80088241182, 1.23839138664e-266, 0.910407729917, 9.42210155714e-21, 7.48681680036e-07
0.997566940539, 0.0146103478554, 0.0938106946016, 0.14773781352, 0.4623471072, 0.854321646037, 0.69842721206, 0.0169025541971, 0.621135723739, 0.317533027674, 0.0340370656571, 0.973528027101, 0.266483712224, 0.157230787446, 0.686573041105, 9.59341766624e-84, 1.81151437713e-103, 3.15400395739e-184, 1.94334075331
0.133293098516, 0.997186081459, 0.99578196496, 0.714317607493, 0.72221114568, 0.55061845276, 0.40814555987, 0.42110827644, 0.371277804982, 0.0344687853271, 0.476887014589, 0.439356962509, 0.266483712224, 0.629586820273, 0.26672059879, 1.0263889541e-15, 0.443459665813, 1.27436084453, 6.53616373859e-88
0.384720375836, 0.998071900246, 0.148274789148, 0.283819524505, 0.370606295011, 0.911520352421, 0.631755627962, 0.256196514949, 0.698045536594, 0.707996158241, 0.191185078756, 0.431481737221, 0.735912636356, 0.776286510837, 0.429404855128, 1.35898179802e-55, 8.62419047871e-84, 1.51785542893, 8.10191679884e-42
0.0378281976337, 0.99022568642, 0.633115501854, 0.00347061615614, 0.585846473846, 0.685512083324, 0.519162748163, 0.42110827644, 0.137989864149, 0.841056814963, 0.196782649823, 0.72900280686, 0.198770003766, 0.0135925570496, 1.4704050435, 2.53638557828e-246, 3.24976230871e-20, 0.980728555821, 1.67893826748e-142
0.00017832746401, 0.99022568642, 0.16927972282, 0.222448758121, 0.0643072224829, 0.986362988626, 0.81825834147, 0.42110827644, 0.166226158312, 0.670334611141, 0.301103239535, 0.72900280686, 0.424177670811, 0.242744958295, 1.5292877247, 1.26942671043e-65, 1.74222003384e-77, 1.02000203843, 0.0
0.0378281976337, 0.704552040147, 0.967176283829, 0.00347061615614, 0.80543057808, 0.685512083324, 0.519162748163, 0.276115143207, 0.137989864149, 0.745638869899, 0.125382995985, 0.222109101848, 0.174978500635, 0.0135925570496, 1.92637283302, 3.32291044136e-246, 0.107615607389, 1.87432339956e-15, 1.83274388991e-142
0.00304206810534, 0.695561328064, 0.186041627178, 0.00586422798492, 0.280925124048, 0.716180693251, 0.274292949994, 0.408821925883, 0.177871473044, 0.642328516987, 0.347143981974, 0.483936521202, 0.266483712224, 0.352608574925, 1.3778862881, 1.43356658e-223, 1.97854616677e-73, 3.70574949189e-16, 4.48979518259e-252
0.0203582931615, 0.998071900246, 0.168032699231, 0.99393641469, 0.654430967656, 0.55061845276, 0.504775280321, 0.707946339818, 0.970659127386, 0.642328516987, 0.0141734529306, 0.313733919017, 0.236934839105, 0.595188743981, 0.296603134853, 0.341076222175, 2.45833608108e-78, 1.59773391098, 1.9519980804e-169
