1.0, 0.0, 0.0, 1.0, 1.0, 1.0, 0.852424736464, 0.0, 0.0, 4.60982406772
1.0, 0.0, 0.0, 1.0, 1.0, 1.0, 0.852424736464, 0.0, 0.0, 4.60982406772
0.284186409159, 0.354013180504, 0.00222578322167, 0.212263848488, 0.254655585645, 0.0, 0.0, 12.0, 0.0, 0.0
0.284186409159, 0.354013180504, 0.000999413513909, 0.212263848488, 0.311871105493, 0.0, 0.0, 12.0, 0.0, 0.0
0.458183359799, 0.973395923512, 0.0, 0.0, 0.317543014315, 0.163662104951, 0.622658691464, 7.0, 1.0, 0.83256408463
1.0, 0.583576451615, 0.247819998075, 0.0, 0.0702592304824, 0.698670970082, 1.0, 1.0, 1.0, 3.27429978545
0.329557003205, 0.889563081865, 0.0, 0.0, 0.171713836796, 0.432427431008, 0.0, 8.0, 0.0, 0.458474486116
1.0, 0.686924546654, 0.0181699076775, 0.0, 0.0, 0.793479731538, 0.543812021393, 1.0, 1.0, 3.27429978545
0.430785020482, 0.889563081865, 0.0, 0.0, 0.171713836796, 0.0, 0.132086963237, 8.0, 0.0, 0.458474486116
1.0, 0.977303282854, 0.146964234053, 0.0, 0.0, 0.072617415186, 0.0, 6.0, 0.0, 1.25726039024
1.0, 0.688413475863, 0.0, 0.0, 0.0, 0.907207314186, 0.204093931949, 2.0, 0.0, 2.90021018694
0.0326484327331, 1.0, 0.419807676955, 0.0, 0.0, 0.535634836361, 0.709178361485, 3.0, 1.0, 2.47551388133
0.603964171524, 0.282090221001, 1.0, 0.0, 0.489566807822, 0.0, 1.0, 5.0, 0.0, 2.04350797498
1.0, 1.0, 0.0, 0.0, 0.0, 0.0311813854186, 0.984470533775, 5.0, 1.0, 1.63134998875
0.458183359799, 0.973395923512, 0.0, 0.0, 0.317543014315, 0.163662104951, 0.622658691464, 7.0, 1.0, 0.83256408463
1.0, 0.654901284111, 0.146964234053, 0.0, 0.0, 0.0236725916885, 0.368097560388, 6.0, 0.0, 1.25726039024
1.0, 0.688413475863, 0.0, 0.0, 0.0, 0.907207314186, 0.204093931949, 2.0, 0.0, 2.90021018694
0.419173083477, 1.0, 0.201340380282, 0.0, 0.0, 0.530566562599, 0.0, 4.0, 0.0, 2.10142428282
0.0326484327331, 1.0, 0.419807676955, 0.0, 0.0, 0.535634836361, 0.709178361485, 3.0, 1.0, 2.47551388133
0.419173083477, 1.0, 0.201340380282, 0.0, 0.0, 0.530566562599, 0.0, 4.0, 0.0, 2.10142428282
1.0, 0.686924546654, 0.0635114276909, 0.0456354897311, 0.0195298174272, 0.288547422924, 1.0, 5.0, 1.0, 1.63134998875
0.603964171524, 0.282090221001, 0.841979556025, 0.0, 0.0, 0.0, 0.939741208137, 5.0, 0.0, 2.04350797498
0.840265335773, 0.282090221001, 1.0, 0.0, 0.0, 0.288547422924, 0.549830728788, 5.0, 0.0, 2.04350797498
0.603964171524, 0.282090221001, 1.0, 0.0, 0.0, 0.0, 0.549830728788, 5.0, 0.0, 2.04350797498
0.922518233575, 0.282090221001, 1.0, 0.0, 0.0, 0.0436292820371, 1.0, 5.0, 0.0, 2.04350797498
0.603964171524, 0.344632484037, 1.0, 0.0, 0.0, 0.0, 0.997432566683, 5.0, 0.0, 2.04350797498
0.603964171524, 0.282090221001, 1.0, 0.0, 0.0, 0.0, 0.549830728788, 5.0, 0.0, 2.04350797498
0.603964171524, 0.282090221001, 1.0, 0.0, 0.489566807822, 0.0, 1.0, 5.0, 0.0, 2.04350797498
0.603964171524, 0.282090221001, 1.0, 0.0, 0.0, 0.0, 1.0, 5.0, 0.0, 2.04350797498
0.603964171524, 0.0211302369067, 1.0, 0.0, 0.0, 0.0, 0.984470533775, 5.0, 0.0, 2.04350797498
0.603964171524, 0.282090221001, 1.0, 0.0, 0.0, 0.0, 0.939741208137, 5.0, 0.0, 2.04350797498
0.603964171524, 0.282090221001, 1.0, 0.0, 0.489566807822, 0.0, 1.0, 5.0, 0.0, 2.04350797498
0.603964171524, 0.282090221001, 1.0, 0.0, 0.0, 0.288547422924, 0.549830728788, 5.0, 0.0, 2.04350797498
0.603964171524, 0.282090221001, 1.0, 0.0, 0.0, 0.0, 0.549830728788, 5.0, 0.0, 2.04350797498
0.922518233575, 0.282090221001, 1.0, 0.0, 0.204089915657, 0.0436292820371, 1.0, 5.0, 0.0, 2.04350797498
0.603964171524, 0.344632484037, 1.0, 0.0, 0.0, 0.0, 0.984470533775, 5.0, 0.0, 2.04350797498
0.603964171524, 0.282090221001, 1.0, 0.0, 0.0, 0.0, 0.549830728788, 5.0, 0.0, 2.04350797498
0.603964171524, 0.0607105815011, 1.0, 0.0, 0.489566807822, 0.0, 1.0, 5.0, 0.0, 2.04350797498
0.818976882152, 0.282090221001, 1.0, 0.0, 0.0, 0.0, 0.549830728788, 5.0, 0.0, 2.04350797498
0.603964171524, 0.0211302369067, 1.0, 0.0, 0.0, 0.0, 1.0, 5.0, 0.0, 2.04350797498
0.603964171524, 0.282090221001, 0.841979556025, 0.0, 0.0, 0.0, 0.939741208137, 5.0, 0.0, 2.04350797498
0.603964171524, 0.282090221001, 1.0, 0.0, 0.489566807822, 0.0, 1.0, 5.0, 0.0, 2.04350797498
0.840265335773, 0.282090221001, 1.0, 0.0, 0.0, 0.288547422924, 0.549830728788, 5.0, 0.0, 2.04350797498
0.603964171524, 0.282090221001, 1.0, 0.0, 0.0, 0.0, 0.549830728788, 5.0, 0.0, 2.04350797498
0.922518233575, 0.282090221001, 1.0, 0.0, 0.0, 0.0436292820371, 1.0, 5.0, 0.0, 2.04350797498
0.603964171524, 0.344632484037, 1.0, 0.0, 0.0, 0.0, 0.997432566683, 5.0, 0.0, 2.04350797498
0.603964171524, 0.282090221001, 1.0, 0.0, 0.0, 0.0, 0.549830728788, 5.0, 0.0, 2.04350797498
0.603964171524, 0.282090221001, 1.0, 0.0, 0.489566807822, 0.0, 1.0, 5.0, 0.0, 2.04350797498
0.603964171524, 0.282090221001, 1.0, 0.0, 0.0, 0.0, 1.0, 5.0, 0.0, 2.04350797498
0.603964171524, 0.0211302369067, 1.0, 0.0, 0.0, 0.0, 0.984470533775, 5.0, 0.0, 2.04350797498
0.603964171524, 0.282090221001, 1.0, 0.0, 0.0, 0.0, 0.939741208137, 5.0, 0.0, 2.04350797498
0.603964171524, 0.282090221001, 1.0, 0.0, 0.489566807822, 0.0, 1.0, 5.0, 0.0, 2.04350797498
0.603964171524, 0.282090221001, 1.0, 0.0, 0.0, 0.288547422924, 0.549830728788, 5.0, 0.0, 2.04350797498
0.603964171524, 0.282090221001, 1.0, 0.0, 0.0, 0.0, 0.549830728788, 5.0, 0.0, 2.04350797498
0.922518233575, 0.282090221001, 1.0, 0.0, 0.204089915657, 0.0436292820371, 1.0, 5.0, 0.0, 2.04350797498
0.603964171524, 0.344632484037, 1.0, 0.0, 0.0, 0.0, 0.984470533775, 5.0, 0.0, 2.04350797498
0.603964171524, 0.282090221001, 1.0, 0.0, 0.0, 0.0, 0.549830728788, 5.0, 0.0, 2.04350797498
0.603964171524, 0.0607105815011, 1.0, 0.0, 0.489566807822, 0.0, 1.0, 5.0, 0.0, 2.04350797498
0.818976882152, 0.282090221001, 1.0, 0.0, 0.0, 0.0, 0.549830728788, 5.0, 0.0, 2.04350797498
0.603964171524, 0.0211302369067, 1.0, 0.0, 0.0, 0.0, 1.0, 5.0, 0.0, 2.04350797498
1.0, 1.0, 0.0635114276909, 0.0, 0.0, 0.0981927646591, 0.754647697009, 5.0, 1.0, 1.63134998875
1.0, 1.0, 0.0, 0.0, 0.147211029371, 0.288547422924, 0.668497861923, 5.0, 1.0, 1.63134998875
0.975677956806, 0.954216734634, 0.230452488798, 0.0, 0.0, 0.299473143976, 0.604182200904, 5.0, 1.0, 1.63134998875
1.0, 0.686924546654, 0.166871478995, 0.0, 0.121188243141, 0.0, 1.0, 5.0, 1.0, 1.63134998875
1.0, 0.583576451615, 0.0, 0.460962341097, 0.0, 0.0, 0.674285508739, 5.0, 1.0, 1.63134998875
1.0, 0.976323617096, 0.0, 0.0799256456965, 0.355799998554, 0.209877860099, 0.774011934046, 5.0, 1.0, 1.63134998875
0.75264337058, 1.0, 0.0, 0.0, 0.0, 0.0177870454659, 1.0, 5.0, 1.0, 1.63134998875
1.0, 1.0, 0.0635114276909, 0.310490762942, 0.0452707356425, 0.0, 0.754647697009, 5.0, 1.0, 1.63134998875
1.0, 1.0, 0.323356382977, 0.0, 0.0, 0.0752605750405, 1.0, 5.0, 1.0, 1.63134998875
0.63499686287, 1.0, 0.0, 0.22623319198, 0.0, 0.0311813854186, 1.0, 5.0, 1.0, 1.63134998875
0.685453765533, 0.704706098623, 0.0, 0.0, 0.0, 0.0, 0.81163913824, 5.0, 1.0, 1.63134998875
1.0, 1.0, 0.244676937517, 0.000841677826039, 0.0, 0.0, 1.0, 5.0, 1.0, 1.63134998875
1.0, 1.0, 0.0110527937583, 0.0, 0.0, 0.0, 0.69677716767, 5.0, 1.0, 1.63134998875
0.861548804613, 0.996805553618, 0.0964052767072, 0.0, 0.0, 0.0, 0.985292619667, 5.0, 1.0, 1.63134998875
1.0, 0.759222355706, 0.0, 0.0, 0.404237797942, 0.328854957444, 0.754647697009, 5.0, 1.0, 1.63134998875
0.73214901939, 1.0, 0.138155577313, 0.0, 0.0, 0.215532908172, 0.746756988567, 5.0, 1.0, 1.63134998875
1.0, 0.756599686928, 0.0, 0.289401195873, 0.0326939277923, 0.381654828477, 0.50274152723, 5.0, 1.0, 1.63134998875
1.0, 1.0, 0.229297495071, 0.127399941482, 0.0, 0.116599137565, 0.774011934046, 5.0, 1.0, 1.63134998875
1.0, 0.774455850251, 0.0, 0.125571850415, 0.0970650181559, 0.344955926966, 1.0, 5.0, 1.0, 1.63134998875
0.988964128298, 0.596124159312, 0.0635114276909, 0.385935528601, 0.0, 0.0, 1.0, 5.0, 1.0, 1.63134998875
1.0, 1.0, 0.0, 0.0, 0.0, 0.0, 0.50274152723, 5.0, 1.0, 1.63134998875
1.0, 1.0, 0.0, 0.49624969828, 0.0, 0.0, 1.0, 5.0, 1.0, 1.63134998875
0.861618147967, 1.0, 0.461377507646, 0.0, 0.0, 0.128046066335, 0.800378821871, 5.0, 1.0, 1.63134998875
0.776884103249, 1.0, 0.0, 0.429000735535, 0.0, 0.0253144212011, 1.0, 5.0, 1.0, 1.63134998875
1.0, 0.937986834173, 0.0, 0.0, 0.0, 0.0438624598683, 1.0, 5.0, 1.0, 1.63134998875
0.916012484735, 1.0, 0.210101353883, 0.0, 0.0, 0.322785192167, 1.0, 5.0, 1.0, 1.63134998875
0.710690256009, 0.580227431842, 0.0, 0.0, 0.431862666203, 0.0, 0.707699119212, 5.0, 1.0, 1.63134998875
1.0, 0.849878430856, 0.0, 0.125571850415, 0.0, 0.0, 1.0, 5.0, 1.0, 1.63134998875
0.763296650531, 0.703289640772, 0.132188845006, 0.0301282693456, 0.0, 0.163662104951, 0.746756988567, 5.0, 1.0, 1.63134998875
1.0, 0.90991331342, 0.0, 0.0, 0.0, 0.0, 0.984470533775, 5.0, 1.0, 1.63134998875
1.0, 0.665564311463, 0.0183823305072, 0.0100257984896, 0.0, 0.0, 1.0, 5.0, 1.0, 1.63134998875
0.98007174298, 1.0, 0.461377507646, 0.126962169306, 0.0, 0.0, 0.805400041768, 5.0, 1.0, 1.63134998875
