0.102635158553, 0.00431027867317, 0.21922868761, 0.150414428097, 0.0401745924586, 0.0930544531371, 0.00651781842452, 5.48905813441e-05, 0.13854642001, 0.212175460711, 0.55813143485, 5.95854634376
0.0858123232713, 0.00480403933742, 0.21922868761, 0.102728445255, 0.307289515579, 0.148760187751, 0.00662684055944, 0.00674036414024, 0.121101350399, 0.0345899624879, 0.295172478774, 6.1182602134
0.12186937169, 0.00480403933742, 0.0177645043959, 0.150414428097, 0.243003366855, 0.0930544531371, 0.128317263785, 0.110463981336, 0.030203316994, 0.135403127689, 0.892790552284, 5.94874449883
0.578172485522, 0.00088862586121, 0.0719407669331, 0.102728445255, 0.242220475662, 0.00869286813443, 0.00662684055944, 0.00674036414024, 0.0954475360794, 0.293063412926, 0.903780654679, 5.82007159413
0.0807490341986, 0.24449360972, 0.360814965932, 0.173813219347, 0.321180249557, 0.378533331083, 0.00691280242727, 0.285040687515, 0.0259883677081, 0.109898670698, 0.281160944527, 7.09479514888
0.102635158553, 0.00431027867317, 0.21922868761, 0.150414428097, 0.0401745924586, 0.0930544531371, 0.00651781842452, 5.48905813441e-05, 0.13854642001, 0.212175460711, 0.55813143485, 5.95854634376
0.0858123232713, 0.00480403933742, 0.21922868761, 0.102728445255, 0.307289515579, 0.148760187751, 0.00662684055944, 0.00674036414024, 0.121101350399, 0.0345899624879, 0.295172478774, 6.1182602134
0.12186937169, 0.00480403933742, 0.0177645043959, 0.150414428097, 0.243003366855, 0.0930544531371, 0.128317263785, 0.110463981336, 0.030203316994, 0.135403127689, 0.892790552284, 5.94874449883
0.578172485522, 0.00088862586121, 0.0719407669331, 0.102728445255, 0.242220475662, 0.00869286813443, 0.00662684055944, 0.00674036414024, 0.0954475360794, 0.293063412926, 0.903780654679, 5.82007159413
0.0807490341986, 0.24449360972, 0.360814965932, 0.173813219347, 0.321180249557, 0.378533331083, 0.00691280242727, 0.285040687515, 0.0259883677081, 0.109898670698, 0.281160944527, 7.09479514888
0.083851215151, 0.153360646393, 0.467181683941, 0.0214730787343, 0.00841755761034, 0.162078621106, 0.330483512543, 0.123261218581, 0.868221841883, 0.607049927349, 0.285155859839, 7.6756314939
0.083851215151, 0.153360646393, 0.467181683941, 0.0214730787343, 0.00841755761034, 0.162078621106, 0.330483512543, 0.123261218581, 0.868221841883, 0.607049927349, 0.285155859839, 7.6756314939
0.083851215151, 0.153360646393, 0.467181683941, 0.0214730787343, 0.0164008889183, 0.162078621106, 0.330483512543, 0.149859165538, 0.868221841883, 0.607049927349, 0.285155859839, 7.69664603987
0.083851215151, 0.153360646393, 0.467181683941, 0.0214730787343, 0.0164008889183, 0.162078621106, 0.330483512543, 0.149859165538, 0.868221841883, 0.607049927349, 0.285155859839, 7.69664603987
0.102635158553, 0.00480403933742, 0.117767602182, 0.150414428097, 0.307289515579, 0.0930544531371, 0.00662684055944, 5.48905813441e-05, 0.0398822278011, 0.169025145902, 0.55813143485, 5.99389305439
0.102635158553, 0.00480403933742, 0.117767602182, 0.150414428097, 0.307289515579, 0.0930544531371, 0.00662684055944, 5.48905813441e-05, 0.0398822278011, 0.169025145902, 0.55813143485, 5.99389305439
0.0700393159912, 0.24449360972, 0.155680422988, 0.197220726831, 0.0691988416454, 0.114292035852, 0.00691280242727, 0.149859165538, 0.0108081329997, 0.37567697239, 0.375336983126, 6.55255263331
0.0887040037817, 0.0140348981704, 0.21922868761, 0.197220726831, 0.0401745924586, 0.563853603701, 0.00691280242727, 0.149859165538, 0.0344365166422, 0.37567697239, 0.319967100479, 6.83034248653
0.0915966893876, 0.24449360972, 0.493720652608, 0.173813219347, 0.0691988416454, 0.0468883566856, 0.0699330573193, 0.0868378595279, 0.121101350399, 0.109898670698, 0.35562026028, 6.64915281018
0.0700393159912, 0.24449360972, 0.155680422988, 0.197220726831, 0.0691988416454, 0.114292035852, 0.00691280242727, 0.149859165538, 0.0108081329997, 0.37567697239, 0.375336983126, 6.55255263331
0.0887040037817, 0.0140348981704, 0.21922868761, 0.197220726831, 0.0401745924586, 0.563853603701, 0.00691280242727, 0.149859165538, 0.0344365166422, 0.37567697239, 0.319967100479, 6.83034248653
0.0915966893876, 0.24449360972, 0.493720652608, 0.173813219347, 0.0691988416454, 0.0468883566856, 0.0699330573193, 0.0868378595279, 0.121101350399, 0.109898670698, 0.35562026028, 6.64915281018
0.0615292453181, 0.842057419166, 0.0471890007191, 0.00465360461325, 0.0526156313587, 0.0165420271696, 0.0654969901251, 0.253379113836, 0.00832279294341, 0.147396386627, 0.535975448438, 6.64683742311
0.0615292453181, 0.842057419166, 0.0471890007191, 0.00465360461325, 0.0526156313587, 0.0165420271696, 0.0654969901251, 0.253379113836, 0.00832279294341, 0.147396386627, 0.535975448438, 6.64683742311
0.12186937169, 0.00480403933742, 0.21922868761, 0.102728445255, 0.307289515579, 0.148760187751, 0.00662684055944, 0.00674036414024, 0.121101350399, 0.0345899624879, 0.892790552284, 6.00249145345
0.12186937169, 0.00480403933742, 0.21922868761, 0.102728445255, 0.307289515579, 0.148760187751, 0.00662684055944, 0.00674036414024, 0.121101350399, 0.0345899624879, 0.892790552284, 6.00249145345
0.0887040037817, 0.128022829245, 0.429716824757, 0.161492091311, 0.307289515579, 0.563853603701, 0.0699330573193, 0.149859165538, 0.0769011624135, 0.14485548665, 0.319967100479, 7.18960172208
0.0887040037817, 0.128022829245, 0.429716824757, 0.161492091311, 0.307289515579, 0.563853603701, 0.0699330573193, 0.149859165538, 0.0769011624135, 0.14485548665, 0.319967100479, 7.18960172208
0.0941036856438, 0.842057419166, 0.0471890007191, 0.00465360461325, 0.0691988416454, 0.0165420271696, 0.0654969901251, 0.253379113836, 0.00832279294341, 0.147396386627, 0.394027386271, 6.68296464974
0.0700393159912, 0.24449360972, 0.128443357587, 0.102728445255, 0.0691988416454, 0.114292035852, 0.0699330573193, 0.334840532757, 0.0769011624135, 0.37567697239, 0.375336983126, 6.74542389667
0.0941036856438, 0.842057419166, 0.0471890007191, 0.00465360461325, 0.0691988416454, 0.0165420271696, 0.0654969901251, 0.253379113836, 0.00832279294341, 0.147396386627, 0.394027386271, 6.68296464974
0.0700393159912, 0.24449360972, 0.128443357587, 0.102728445255, 0.0691988416454, 0.114292035852, 0.0699330573193, 0.334840532757, 0.0769011624135, 0.37567697239, 0.375336983126, 6.74542389667
0.0915966893876, 0.24449360972, 0.493720652608, 0.438081897307, 0.0691988416454, 0.0273199834803, 0.0699330573193, 0.253379113836, 0.121101350399, 0.109898670698, 0.35562026028, 7.02325120509
0.0915966893876, 0.24449360972, 0.493720652608, 0.438081897307, 0.0691988416454, 0.0273199834803, 0.0699330573193, 0.253379113836, 0.121101350399, 0.109898670698, 0.35562026028, 7.02325120509
0.0887040037817, 0.260007137074, 0.493720652608, 0.577942857083, 0.0348006754474, 0.114292035852, 0.00279217662575, 0.285040687515, 0.0344365166422, 0.300189568768, 0.319967100479, 7.24342683243
0.0887040037817, 0.260007137074, 0.493720652608, 0.577942857083, 0.0348006754474, 0.114292035852, 0.00279217662575, 0.285040687515, 0.0344365166422, 0.300189568768, 0.319967100479, 7.24342683243
0.0887040037817, 0.260007137074, 0.493720652608, 0.577942857083, 0.0348006754474, 0.114292035852, 0.00279217662575, 0.285040687515, 0.0344365166422, 0.300189568768, 0.319967100479, 7.24342683243
0.0887040037817, 0.260007137074, 0.493720652608, 0.577942857083, 0.0348006754474, 0.114292035852, 0.00279217662575, 0.285040687515, 0.0344365166422, 0.300189568768, 0.319967100479, 7.24342683243
0.0915966893876, 0.0389923192957, 0.937181212705, 0.173813219347, 0.182828549501, 0.0273199834803, 0.00691280242727, 0.253379113836, 0.121101350399, 0.109898670698, 0.35562026028, 7.0432890487
0.0915966893876, 0.0389923192957, 0.937181212705, 0.173813219347, 0.182828549501, 0.0273199834803, 0.00691280242727, 0.253379113836, 0.121101350399, 0.109898670698, 0.35562026028, 7.0432890487
0.0887040037817, 0.382532759651, 0.493720652608, 0.577942857083, 0.0691988416454, 0.114292035852, 0.00691280242727, 0.285040687515, 0.00411610599761, 0.300189568768, 0.319967100479, 7.33865463628
0.0887040037817, 0.382532759651, 0.493720652608, 0.577942857083, 0.0691988416454, 0.114292035852, 0.00691280242727, 0.285040687515, 0.00411610599761, 0.300189568768, 0.319967100479, 7.33865463628
0.0915966893876, 0.05086513882, 0.493720652608, 0.173813219347, 0.321180249557, 0.378533331083, 0.00691280242727, 0.285040687515, 0.0344365166422, 0.109898670698, 0.35562026028, 7.04572785921
0.0915966893876, 0.05086513882, 0.493720652608, 0.173813219347, 0.321180249557, 0.378533331083, 0.00691280242727, 0.285040687515, 0.0344365166422, 0.109898670698, 0.35562026028, 7.04572785921
0.0915966893876, 0.05086513882, 0.493720652608, 0.173813219347, 0.321180249557, 0.378533331083, 0.00691280242727, 0.285040687515, 0.0344365166422, 0.109898670698, 0.35562026028, 7.04572785921
0.0915966893876, 0.05086513882, 0.493720652608, 0.173813219347, 0.321180249557, 0.378533331083, 0.00691280242727, 0.285040687515, 0.0344365166422, 0.109898670698, 0.35562026028, 7.04572785921
0.102635158553, 0.00480403933742, 0.21922868761, 0.150414428097, 0.311602199114, 0.114197915621, 0.000188684482258, 5.48905813441e-05, 0.13854642001, 0.0987701130099, 0.55813143485, 6.19469936231
0.102635158553, 0.00480403933742, 0.21922868761, 0.150414428097, 0.311602199114, 0.114197915621, 0.000188684482258, 5.48905813441e-05, 0.13854642001, 0.0987701130099, 0.55813143485, 6.19469936231
0.0887040037817, 0.382532759651, 0.347832437855, 0.725805714414, 0.0691988416454, 0.114292035852, 0.00691280242727, 0.285040687515, 0.00411610599761, 0.300189568768, 0.319967100479, 7.34006063026
0.0887040037817, 0.382532759651, 0.347832437855, 0.725805714414, 0.0691988416454, 0.114292035852, 0.00691280242727, 0.285040687515, 0.00411610599761, 0.300189568768, 0.319967100479, 7.34006063026
0.0887040037817, 0.128022829245, 0.429716824757, 0.161492091311, 0.307289515579, 0.563853603701, 0.0699330573193, 0.149859165538, 0.0769011624135, 0.37567697239, 0.319967100479, 7.35906844017
0.0887040037817, 0.128022829245, 0.429716824757, 0.161492091311, 0.307289515579, 0.563853603701, 0.0699330573193, 0.149859165538, 0.0769011624135, 0.37567697239, 0.319967100479, 7.35906844017
0.0887040037817, 0.382532759651, 0.467181683941, 0.577942857083, 0.321180249557, 0.0273199834803, 0.0699330573193, 0.253379113836, 0.0304566007611, 0.164475101369, 0.319967100479, 7.38128375624
0.0887040037817, 0.382532759651, 0.467181683941, 0.577942857083, 0.321180249557, 0.0273199834803, 0.0699330573193, 0.253379113836, 0.0304566007611, 0.164475101369, 0.319967100479, 7.38128375624
0.703893604154, 0.0212325004883, 0.0603395335199, 0.150414428097, 0.307289515579, 0.148760187751, 0.128317263785, 0.0147773358443, 0.131321443435, 0.0345899624879, 0.995667961835, 6.03221122625
0.906845421385, 0.100596706224, 0.0177645043959, 0.150414428097, 0.243003366855, 0.0490032146304, 0.128317263785, 0.110463981336, 0.00888463015435, 0.212175460711, 0.976026097001, 6.06965041338
0.703893604154, 0.0212325004883, 0.0603395335199, 0.150414428097, 0.307289515579, 0.148760187751, 0.128317263785, 0.0147773358443, 0.131321443435, 0.0345899624879, 0.995667961835, 6.03221122625
0.906845421385, 0.100596706224, 0.0177645043959, 0.150414428097, 0.243003366855, 0.0490032146304, 0.128317263785, 0.110463981336, 0.00888463015435, 0.212175460711, 0.976026097001, 6.06965041338
0.0887040037817, 0.0140348981704, 0.21922868761, 0.102728445255, 0.0401745924586, 0.563853603701, 0.0699330573193, 0.538546139042, 0.449727010863, 0.37567697239, 0.319967100479, 7.43607824757
0.0915966893876, 0.24449360972, 0.0177645043959, 0.197220726831, 0.321180249557, 0.0198865745287, 0.0699330573193, 0.487220234287, 0.121101350399, 0.399318172681, 0.35562026028, 7.0650723211
0.0887040037817, 0.0140348981704, 0.21922868761, 0.102728445255, 0.0401745924586, 0.563853603701, 0.0699330573193, 0.538546139042, 0.449727010863, 0.37567697239, 0.319967100479, 7.43607824757
0.0915966893876, 0.24449360972, 0.0177645043959, 0.197220726831, 0.321180249557, 0.0198865745287, 0.0699330573193, 0.487220234287, 0.121101350399, 0.399318172681, 0.35562026028, 7.0650723211
0.703893604154, 0.0326172103528, 0.0603395335199, 0.150414428097, 0.243003366855, 0.148760187751, 0.128317263785, 0.0147773358443, 0.131321443435, 0.101772477885, 0.995667961835, 6.0511818217
0.703893604154, 0.0326172103528, 0.0603395335199, 0.150414428097, 0.243003366855, 0.148760187751, 0.128317263785, 0.0147773358443, 0.131321443435, 0.101772477885, 0.995667961835, 6.0511818217
0.0887040037817, 0.382532759651, 0.467181683941, 0.577942857083, 0.359649511692, 0.114292035852, 0.0699330573193, 0.369192215379, 0.0304566007611, 0.164475101369, 0.319967100479, 7.54344146199
0.0887040037817, 0.382532759651, 0.467181683941, 0.577942857083, 0.359649511692, 0.114292035852, 0.0699330573193, 0.369192215379, 0.0304566007611, 0.164475101369, 0.319967100479, 7.54344146199
0.0887040037817, 0.382532759651, 0.493720652608, 0.340799280799, 0.0691988416454, 0.740120638818, 0.00450347961765, 0.285040687515, 0.0344365166422, 0.300189568768, 0.319967100479, 7.61661330636
0.0887040037817, 0.382532759651, 0.493720652608, 0.340799280799, 0.0691988416454, 0.740120638818, 0.00450347961765, 0.285040687515, 0.0344365166422, 0.300189568768, 0.319967100479, 7.61661330636
0.0615292453181, 0.00431027867317, 0.21922868761, 0.00465360461325, 0.0401745924586, 0.0930544531371, 0.00651781842452, 0.875965639898, 0.173201764857, 0.212175460711, 0.535975448438, 6.82876784377
0.0887040037817, 0.382532759651, 0.467181683941, 0.577942857083, 0.526754267276, 0.114292035852, 0.0699330573193, 0.369192215379, 0.0304566007611, 0.164475101369, 0.319967100479, 7.64908600625
0.0615292453181, 0.00431027867317, 0.21922868761, 0.00465360461325, 0.0401745924586, 0.0930544531371, 0.00651781842452, 0.875965639898, 0.173201764857, 0.212175460711, 0.535975448438, 6.82876784377
0.0887040037817, 0.382532759651, 0.467181683941, 0.577942857083, 0.526754267276, 0.114292035852, 0.0699330573193, 0.369192215379, 0.0304566007611, 0.164475101369, 0.319967100479, 7.64908600625
0.906845421385, 0.24449360972, 0.0177645043959, 0.150414428097, 0.307289515579, 0.0930544531371, 0.128317263785, 0.0687258100758, 0.00888463015435, 0.0345899624879, 0.976026097001, 6.11226995145
0.0887040037817, 0.490385425872, 0.493720652608, 0.577942857083, 0.0691988416454, 0.114292035852, 0.00588978841523, 0.285040687515, 0.501697805711, 0.300189568768, 0.319967100479, 7.73126336905
0.906845421385, 0.24449360972, 0.0177645043959, 0.150414428097, 0.307289515579, 0.0930544531371, 0.128317263785, 0.0687258100758, 0.00888463015435, 0.0345899624879, 0.976026097001, 6.11226995145
0.0887040037817, 0.490385425872, 0.493720652608, 0.577942857083, 0.0691988416454, 0.114292035852, 0.00588978841523, 0.285040687515, 0.501697805711, 0.300189568768, 0.319967100479, 7.73126336905
0.102635158553, 0.00480403933742, 0.21922868761, 0.150414428097, 0.307289515579, 0.0930544531371, 0.00662684055944, 5.48905813441e-05, 0.13854642001, 0.212175460711, 0.55813143485, 6.31098768599
0.102635158553, 0.00480403933742, 0.21922868761, 0.150414428097, 0.307289515579, 0.0930544531371, 0.00662684055944, 5.48905813441e-05, 0.13854642001, 0.212175460711, 0.55813143485, 6.31098768599
0.0941036856438, 0.00624669001511, 0.493720652608, 0.0261510514807, 0.732784855807, 0.00959509918387, 0.0699330573193, 0.152735807929, 0.221012519063, 0.00321854156373, 0.394027386271, 6.92431025711
0.0640349924115, 0.128022829245, 0.812959699351, 0.00696013605446, 0.307289515579, 0.0231840551467, 0.0180619059487, 0.0805540771613, 0.128302032019, 0.147396386627, 0.48428041554, 6.8575574605
0.0941036856438, 0.00624669001511, 0.493720652608, 0.0261510514807, 0.732784855807, 0.00959509918387, 0.0699330573193, 0.152735807929, 0.221012519063, 0.00321854156373, 0.394027386271, 6.92431025711
0.0640349924115, 0.128022829245, 0.812959699351, 0.00696013605446, 0.307289515579, 0.0231840551467, 0.0180619059487, 0.0805540771613, 0.128302032019, 0.147396386627, 0.48428041554, 6.8575574605
0.0915966893876, 0.24449360972, 0.360814965932, 0.173813219347, 0.321180249557, 0.378533331083, 0.00691280242727, 0.285040687515, 0.0344365166422, 0.109898670698, 0.35562026028, 7.09489189643
0.0915966893876, 0.24449360972, 0.360814965932, 0.173813219347, 0.321180249557, 0.378533331083, 0.00691280242727, 0.285040687515, 0.0344365166422, 0.109898670698, 0.35562026028, 7.09489189643
0.0941036856438, 0.0154210918564, 0.493720652608, 0.0261510514807, 0.732784855807, 0.00959509918387, 0.0699330573193, 0.152735807929, 0.221012519063, 0.00321854156373, 0.394027386271, 6.93227093759
0.0941036856438, 0.0154210918564, 0.493720652608, 0.0261510514807, 0.732784855807, 0.00959509918387, 0.0699330573193, 0.152735807929, 0.221012519063, 0.00321854156373, 0.394027386271, 6.93227093759
0.0915966893876, 0.24449360972, 0.467181683941, 0.197220726831, 0.321180249557, 0.0198865745287, 0.0699330573193, 0.443441832826, 0.0813865854015, 0.109898670698, 0.35562026028, 7.12624693428
0.0915966893876, 0.24449360972, 0.467181683941, 0.197220726831, 0.321180249557, 0.0198865745287, 0.0699330573193, 0.443441832826, 0.0813865854015, 0.109898670698, 0.35562026028, 7.12624693428
0.0941036856438, 0.128022829245, 0.785051961107, 0.00696013605446, 0.283946872737, 0.0231840551467, 0.161721265212, 0.0805540771613, 0.128302032019, 0.147396386627, 0.394027386271, 6.95000203514
0.0941036856438, 0.128022829245, 0.785051961107, 0.00696013605446, 0.283946872737, 0.0231840551467, 0.161721265212, 0.0805540771613, 0.128302032019, 0.147396386627, 0.394027386271, 6.95000203514
0.102635158553, 0.00480403933742, 0.21922868761, 0.150414428097, 0.307289515579, 0.114197915621, 0.00662684055944, 5.48905813441e-05, 0.13854642001, 0.212175460711, 0.55813143485, 6.33602898814
0.102635158553, 0.00480403933742, 0.21922868761, 0.150414428097, 0.307289515579, 0.114197915621, 0.00662684055944, 5.48905813441e-05, 0.13854642001, 0.212175460711, 0.55813143485, 6.33602898814
0.0941036856438, 0.842057419166, 0.0471890007191, 0.00465360461325, 0.366345844549, 0.014754164571, 0.0654969901251, 0.253379113836, 0.00832279294341, 0.147396386627, 0.394027386271, 6.95382265701
0.0941036856438, 0.842057419166, 0.0471890007191, 0.00465360461325, 0.366345844549, 0.014754164571, 0.0654969901251, 0.253379113836, 0.00832279294341, 0.147396386627, 0.394027386271, 6.95382265701
0.0915966893876, 0.24449360972, 0.467181683941, 0.197220726831, 0.321180249557, 0.0198865745287, 0.0699330573193, 0.487220234287, 0.121101350399, 0.109898670698, 0.35562026028, 7.19099083859
0.0915966893876, 0.24449360972, 0.467181683941, 0.197220726831, 0.321180249557, 0.0198865745287, 0.0699330573193, 0.487220234287, 0.121101350399, 0.109898670698, 0.35562026028, 7.19099083859
0.102635158553, 0.842057419166, 0.0471890007191, 0.150414428097, 0.0343686603615, 0.0165420271696, 0.0654969901251, 5.48905813441e-05, 0.00185800008104, 0.147396386627, 0.55813143485, 6.5065997608
0.102635158553, 0.842057419166, 0.0471890007191, 0.150414428097, 0.0343686603615, 0.0165420271696, 0.0654969901251, 5.48905813441e-05, 0.00185800008104, 0.147396386627, 0.55813143485, 6.5065997608
0.906845421385, 0.24449360972, 0.0139608714793, 0.150414428097, 0.243003366855, 0.0930544531371, 0.128317263785, 0.110463981336, 0.000332837772269, 0.135403127689, 0.976026097001, 6.19466979082
0.906845421385, 0.24449360972, 0.0139608714793, 0.150414428097, 0.243003366855, 0.0930544531371, 0.128317263785, 0.110463981336, 0.000332837772269, 0.135403127689, 0.976026097001, 6.19466979082
