0.102635158553, 0.00480403933742, 0.21922868761, 0.150414428097, 0.307289515579, 0.0930544531371, 0.00662684055944, 0.00674036414024, 0.13854642001, 0.212175460711, 0.55813143485, 6.31894344252
0.906845421385, 0.24449360972, 0.0177645043959, 0.150414428097, 0.243003366855, 0.148760187751, 0.128317263785, 0.110463981336, 0.134932443863, 0.0345899624879, 0.976026097001, 6.30522413781
0.0887040037817, 0.128022829245, 0.429716824757, 0.161492091311, 0.0401745924586, 0.577396888758, 0.309186484411, 0.149859165538, 0.0769011624135, 0.37567697239, 0.319967100479, 7.34894366661
0.0941036856438, 0.128022829245, 0.785051961107, 0.00696013605446, 0.0691988416454, 0.0231840551467, 0.0699330573193, 0.253379113836, 0.492342371146, 0.147396386627, 0.394027386271, 7.13858218544
0.102635158553, 0.00480403933742, 0.21922868761, 0.150414428097, 0.307289515579, 0.0930544531371, 0.00662684055944, 0.00674036414024, 0.13854642001, 0.212175460711, 0.55813143485, 6.31894344252
0.906845421385, 0.24449360972, 0.0177645043959, 0.150414428097, 0.243003366855, 0.148760187751, 0.128317263785, 0.110463981336, 0.134932443863, 0.0345899624879, 0.976026097001, 6.30522413781
0.0887040037817, 0.128022829245, 0.429716824757, 0.161492091311, 0.0401745924586, 0.577396888758, 0.309186484411, 0.149859165538, 0.0769011624135, 0.37567697239, 0.319967100479, 7.34894366661
0.0941036856438, 0.128022829245, 0.785051961107, 0.00696013605446, 0.0691988416454, 0.0231840551467, 0.0699330573193, 0.253379113836, 0.492342371146, 0.147396386627, 0.394027386271, 7.13858218544
0.416394961599, 0.00480403933742, 0.155680422988, 0.385029908188, 0.307289515579, 0.162078621106, 0.00691280242727, 0.285040687515, 0.121101350399, 0.212175460711, 0.810933889984, 6.78473214719
0.102635158553, 0.00480403933742, 0.155680422988, 0.385029908188, 0.307289515579, 0.162078621106, 0.00691280242727, 0.482220111986, 0.194116684509, 0.212175460711, 0.55813143485, 7.06500503221
0.416394961599, 0.00480403933742, 0.155680422988, 0.385029908188, 0.307289515579, 0.162078621106, 0.00691280242727, 0.285040687515, 0.121101350399, 0.212175460711, 0.810933889984, 6.78473214719
0.102635158553, 0.00480403933742, 0.155680422988, 0.385029908188, 0.307289515579, 0.162078621106, 0.00691280242727, 0.482220111986, 0.194116684509, 0.212175460711, 0.55813143485, 7.06500503221
0.3451617595, 0.24449360972, 0.0177645043959, 0.150414428097, 0.053710537534, 0.148760187751, 0.128317263785, 0.110463981336, 0.532382916301, 0.0345899624879, 0.999970614313, 6.52328176403
0.906845421385, 0.00480403933742, 0.0183866071392, 0.150414428097, 0.243003366855, 0.148760187751, 0.147108102597, 0.110463981336, 0.648323291155, 0.0345899624879, 0.976026097001, 6.61508757757
0.906845421385, 0.00480403933742, 0.0183866071392, 0.150414428097, 0.243003366855, 0.148760187751, 0.147108102597, 0.110463981336, 0.648323291155, 0.0345899624879, 0.976026097001, 6.61508757757
0.3451617595, 0.24449360972, 0.0177645043959, 0.150414428097, 0.053710537534, 0.148760187751, 0.128317263785, 0.110463981336, 0.532382916301, 0.0345899624879, 0.999970614313, 6.52328176403
0.102635158553, 0.00480403933742, 0.21922868761, 0.385029908188, 0.540516408216, 0.0930544531371, 0.00691280242727, 0.285040687515, 0.194116684509, 0.212175460711, 0.55813143485, 7.08944957481
0.416394961599, 0.492554747688, 0.155680422988, 0.385029908188, 0.307289515579, 0.0930544531371, 0.00262534675028, 0.149859165538, 0.121101350399, 0.212175460711, 0.810933889984, 7.02364511367
0.578172485522, 0.00200516000538, 0.0304761588702, 0.191113534294, 0.0846338009205, 0.0231840551467, 0.679870796084, 0.253379113836, 0.506869397829, 0.147396386627, 0.903780654679, 7.00091458366
0.102635158553, 0.00480403933742, 0.21922868761, 0.385029908188, 0.540516408216, 0.0930544531371, 0.00691280242727, 0.285040687515, 0.194116684509, 0.212175460711, 0.55813143485, 7.08944957481
0.416394961599, 0.492554747688, 0.155680422988, 0.385029908188, 0.307289515579, 0.0930544531371, 0.00262534675028, 0.149859165538, 0.121101350399, 0.212175460711, 0.810933889984, 7.02364511367
0.578172485522, 0.00200516000538, 0.0304761588702, 0.191113534294, 0.0846338009205, 0.0231840551467, 0.679870796084, 0.253379113836, 0.506869397829, 0.147396386627, 0.903780654679, 7.00091458366
0.0887040037817, 0.153360646393, 0.467181683941, 0.0214730787343, 0.0691988416454, 0.0737028556102, 0.330483512543, 0.149859165538, 0.868221841883, 0.607049927349, 0.319967100479, 7.67228212239
0.0700393159912, 0.24449360972, 0.720751769274, 0.197220726831, 0.0691988416454, 0.114292035852, 0.0699330573193, 0.487220234287, 0.0344365166422, 0.37567697239, 0.375336983126, 7.3891870125
0.0887040037817, 0.153360646393, 0.467181683941, 0.0214730787343, 0.0691988416454, 0.0737028556102, 0.330483512543, 0.149859165538, 0.868221841883, 0.607049927349, 0.319967100479, 7.67228212239
0.0700393159912, 0.24449360972, 0.720751769274, 0.197220726831, 0.0691988416454, 0.114292035852, 0.0699330573193, 0.487220234287, 0.0344365166422, 0.37567697239, 0.375336983126, 7.3891870125
0.906845421385, 0.00480403933742, 0.0183866071392, 0.385029908188, 0.243003366855, 0.148760187751, 0.147108102597, 0.110463981336, 0.648323291155, 0.0345899624879, 0.976026097001, 6.83156104733
0.906845421385, 0.00480403933742, 0.0183866071392, 0.385029908188, 0.243003366855, 0.148760187751, 0.147108102597, 0.110463981336, 0.648323291155, 0.0345899624879, 0.976026097001, 6.83156104733
0.963963689175, 0.0810817870567, 0.0304761588702, 0.0614717524746, 0.872498028238, 0.0231840551467, 0.310132513048, 0.119264674234, 0.257540938737, 0.0877709638335, 0.998699498638, 6.91325324637
0.963963689175, 0.0810817870567, 0.0304761588702, 0.0614717524746, 0.872498028238, 0.0231840551467, 0.310132513048, 0.119264674234, 0.257540938737, 0.0877709638335, 0.998699498638, 6.91325324637
0.0887040037817, 0.153360646393, 0.467181683941, 0.0214730787343, 0.032312257136, 0.162078621106, 0.330483512543, 0.149859165538, 0.868221841883, 0.607049927349, 0.319967100479, 7.70351942294
0.0887040037817, 0.153360646393, 0.467181683941, 0.0214730787343, 0.032312257136, 0.162078621106, 0.330483512543, 0.149859165538, 0.868221841883, 0.607049927349, 0.319967100479, 7.70351942294
0.0887040037817, 0.153360646393, 0.467181683941, 0.0214730787343, 0.032312257136, 0.162078621106, 0.330483512543, 0.149859165538, 0.868221841883, 0.607049927349, 0.319967100479, 7.70351942294
0.0887040037817, 0.153360646393, 0.467181683941, 0.0214730787343, 0.032312257136, 0.162078621106, 0.330483512543, 0.149859165538, 0.868221841883, 0.607049927349, 0.319967100479, 7.70351942294
0.578172485522, 0.00200516000538, 0.0304761588702, 0.191113534294, 0.0846338009205, 0.0231840551467, 0.330483512543, 0.253379113836, 0.961064506417, 0.147396386627, 0.903780654679, 7.08406886538
0.578172485522, 0.00200516000538, 0.0304761588702, 0.191113534294, 0.0846338009205, 0.0231840551467, 0.330483512543, 0.253379113836, 0.961064506417, 0.147396386627, 0.903780654679, 7.08406886538
0.0941036856438, 0.0154210918564, 0.493720652608, 0.0261510514807, 0.732784855807, 0.00959509918387, 0.0699330573193, 0.637592178171, 0.221012519063, 0.348810706758, 0.394027386271, 7.5489616434
0.0941036856438, 0.0154210918564, 0.493720652608, 0.0261510514807, 0.732784855807, 0.00959509918387, 0.0699330573193, 0.637592178171, 0.221012519063, 0.348810706758, 0.394027386271, 7.5489616434
0.416394961599, 0.00480403933742, 0.155680422988, 0.385029908188, 0.479933586317, 0.125779661045, 0.00691280242727, 0.334840532757, 0.373695566485, 0.212175460711, 0.810933889984, 7.14848831083
0.416394961599, 0.00480403933742, 0.155680422988, 0.385029908188, 0.479933586317, 0.125779661045, 0.00691280242727, 0.334840532757, 0.373695566485, 0.212175460711, 0.810933889984, 7.14848831083
0.416394961599, 0.24449360972, 0.493720652608, 0.577942857083, 0.321180249557, 0.0273199834803, 0.00691280242727, 0.285040687515, 0.121101350399, 0.109898670698, 0.810933889984, 7.22953339074
0.416394961599, 0.24449360972, 0.493720652608, 0.577942857083, 0.321180249557, 0.0273199834803, 0.00691280242727, 0.285040687515, 0.121101350399, 0.109898670698, 0.810933889984, 7.22953339074
0.0887040037817, 0.705350024352, 0.155680422988, 0.039066413294, 0.514897413898, 0.36830494186, 0.309186484411, 0.755751621633, 0.202090010275, 0.37567697239, 0.319967100479, 8.05665241413
0.0887040037817, 0.705350024352, 0.155680422988, 0.039066413294, 0.514897413898, 0.36830494186, 0.309186484411, 0.755751621633, 0.202090010275, 0.37567697239, 0.319967100479, 8.05665241413
0.416394961599, 0.492554747688, 0.467181683941, 0.385029908188, 0.307289515579, 0.0930544531371, 0.00691280242727, 0.111896539603, 0.121101350399, 0.212175460711, 0.810933889984, 7.23652930906
0.416394961599, 0.492554747688, 0.467181683941, 0.385029908188, 0.307289515579, 0.0930544531371, 0.00691280242727, 0.111896539603, 0.121101350399, 0.212175460711, 0.810933889984, 7.23652930906
0.0887040037817, 0.814645144563, 0.463805963316, 0.161492091311, 0.0401745924586, 0.577396888758, 0.309186484411, 0.637592178171, 0.0769011624135, 0.37567697239, 0.319967100479, 8.07254690666
0.0887040037817, 0.814645144563, 0.463805963316, 0.161492091311, 0.0401745924586, 0.577396888758, 0.309186484411, 0.637592178171, 0.0769011624135, 0.37567697239, 0.319967100479, 8.07254690666
0.0700393159912, 0.24449360972, 0.463805963316, 0.197220726831, 0.17092991151, 0.114292035852, 0.75285746785, 0.487220234287, 0.0344365166422, 0.37567697239, 0.375336983126, 7.7278254352
0.0700393159912, 0.24449360972, 0.463805963316, 0.197220726831, 0.17092991151, 0.114292035852, 0.75285746785, 0.487220234287, 0.0344365166422, 0.37567697239, 0.375336983126, 7.7278254352
0.578172485522, 0.206311953125, 0.785051961107, 0.0037748359219, 0.290378314228, 0.0231840551467, 0.143231520939, 0.253379113836, 0.492342371146, 0.147396386627, 0.903780654679, 7.32019929067
0.578172485522, 0.206311953125, 0.785051961107, 0.0037748359219, 0.290378314228, 0.0231840551467, 0.143231520939, 0.253379113836, 0.492342371146, 0.147396386627, 0.903780654679, 7.32019929067
0.0700393159912, 0.24449360972, 0.467181683941, 0.197220726831, 0.17092991151, 0.114292035852, 0.75285746785, 0.487220234287, 0.0344365166422, 0.604218794961, 0.375336983126, 7.86178579806
0.0700393159912, 0.24449360972, 0.467181683941, 0.197220726831, 0.17092991151, 0.114292035852, 0.75285746785, 0.487220234287, 0.0344365166422, 0.604218794961, 0.375336983126, 7.86178579806
0.0887040037817, 0.153360646393, 0.467181683941, 0.0214730787343, 0.732784855807, 0.0364103425514, 0.330483512543, 0.260540715997, 0.868221841883, 0.636789890045, 0.319967100479, 8.09825933427
0.0887040037817, 0.153360646393, 0.467181683941, 0.0214730787343, 0.732784855807, 0.0364103425514, 0.330483512543, 0.260540715997, 0.868221841883, 0.636789890045, 0.319967100479, 8.09825933427
0.963963689175, 0.0810817870567, 0.0304761588702, 0.324760185375, 0.872498028238, 0.0432024242888, 0.310132513048, 0.40130273612, 0.151453281618, 0.0479253724952, 0.998699498638, 7.23773845675
0.963963689175, 0.0810817870567, 0.0304761588702, 0.324760185375, 0.872498028238, 0.0432024242888, 0.310132513048, 0.40130273612, 0.151453281618, 0.0479253724952, 0.998699498638, 7.23773845675
0.0700393159912, 0.24449360972, 0.606636459968, 0.197220726831, 0.17092991151, 0.114292035852, 0.75285746785, 0.487220234287, 0.0344365166422, 0.604218794961, 0.375336983126, 7.93871872774
0.963963689175, 0.0810817870567, 0.0304761588702, 0.501214178369, 0.872498028238, 0.0231840551467, 0.310132513048, 0.119264674234, 0.257540938737, 0.0877709638335, 0.998699498638, 7.25226660092
0.963963689175, 0.0810817870567, 0.0304761588702, 0.501214178369, 0.872498028238, 0.0231840551467, 0.310132513048, 0.119264674234, 0.257540938737, 0.0877709638335, 0.998699498638, 7.25226660092
0.0700393159912, 0.24449360972, 0.606636459968, 0.197220726831, 0.17092991151, 0.114292035852, 0.75285746785, 0.487220234287, 0.0344365166422, 0.604218794961, 0.375336983126, 7.93871872774
0.963963689175, 0.0810817870567, 0.0304761588702, 0.501214178369, 0.872498028238, 0.0231840551467, 0.310132513048, 0.119264674234, 0.257540938737, 0.0877709638335, 0.998699498638, 7.25226660092
0.963963689175, 0.0810817870567, 0.0304761588702, 0.501214178369, 0.872498028238, 0.0231840551467, 0.310132513048, 0.119264674234, 0.257540938737, 0.0877709638335, 0.998699498638, 7.25226660092
0.963963689175, 0.0810817870567, 0.0133770673317, 0.324760185375, 0.872498028238, 0.161612478482, 0.310132513048, 0.40130273612, 0.151453281618, 0.0479253724952, 0.998699498638, 7.30917916171
0.963963689175, 0.0810817870567, 0.0133770673317, 0.324760185375, 0.872498028238, 0.161612478482, 0.310132513048, 0.40130273612, 0.151453281618, 0.0479253724952, 0.998699498638, 7.30917916171
0.0887040037817, 0.153360646393, 0.467181683941, 0.0214730787343, 0.0691988416454, 0.0930544531371, 0.93386034312, 0.149859165538, 0.868221841883, 0.808417134794, 0.319967100479, 8.12721195994
0.0887040037817, 0.153360646393, 0.467181683941, 0.0214730787343, 0.0691988416454, 0.0930544531371, 0.93386034312, 0.149859165538, 0.868221841883, 0.808417134794, 0.319967100479, 8.12721195994
0.416394961599, 0.0631673015173, 0.155680422988, 0.385029908188, 0.243003366855, 0.125779661045, 0.445786867072, 0.244568203077, 0.602795899806, 0.212175460711, 0.810933889984, 7.43192940626
0.416394961599, 0.0631673015173, 0.155680422988, 0.385029908188, 0.243003366855, 0.125779661045, 0.445786867072, 0.244568203077, 0.602795899806, 0.212175460711, 0.810933889984, 7.43192940626
0.578172485522, 0.00200516000538, 0.102660060387, 0.191113534294, 0.0846338009205, 0.0231840551467, 0.679870796084, 0.253379113836, 0.961064506417, 0.147396386627, 0.903780654679, 7.38884221204
0.615806054028, 0.153360646393, 0.0183866071392, 0.0214730787343, 0.25347163197, 0.00670474817503, 0.330483512543, 0.487220234287, 0.636186049882, 0.528725996355, 0.974403935177, 7.36486311872
0.578172485522, 0.00200516000538, 0.102660060387, 0.191113534294, 0.0846338009205, 0.0231840551467, 0.679870796084, 0.253379113836, 0.961064506417, 0.147396386627, 0.903780654679, 7.38884221204
0.615806054028, 0.153360646393, 0.0183866071392, 0.0214730787343, 0.25347163197, 0.00670474817503, 0.330483512543, 0.487220234287, 0.636186049882, 0.528725996355, 0.974403935177, 7.36486311872
0.0887040037817, 0.705350024352, 0.467181683941, 0.161492091311, 0.0401745924586, 0.577396888758, 0.309186484411, 0.637592178171, 0.202090010275, 0.604218794961, 0.319967100479, 8.19643888358
0.0887040037817, 0.705350024352, 0.467181683941, 0.161492091311, 0.0401745924586, 0.577396888758, 0.309186484411, 0.637592178171, 0.202090010275, 0.604218794961, 0.319967100479, 8.19643888358
0.416394961599, 0.378553511748, 0.155680422988, 0.385029908188, 0.243003366855, 0.416216788517, 0.00691280242727, 0.411463048559, 0.373695566485, 0.212175460711, 0.810933889984, 7.50053849023
0.0950048589734, 0.14243810648, 0.0183866071392, 0.00970479214739, 0.0977867839089, 0.956164152646, 0.191112615654, 0.691854661664, 0.217482046828, 0.573616219467, 0.409278250225, 7.75842606576
0.416394961599, 0.378553511748, 0.155680422988, 0.385029908188, 0.243003366855, 0.416216788517, 0.00691280242727, 0.411463048559, 0.373695566485, 0.212175460711, 0.810933889984, 7.50053849023
0.0950048589734, 0.14243810648, 0.0183866071392, 0.00970479214739, 0.0977867839089, 0.956164152646, 0.191112615654, 0.691854661664, 0.217482046828, 0.573616219467, 0.409278250225, 7.75842606576
0.0950048589734, 0.14243810648, 0.0183866071392, 0.00970479214739, 0.0977867839089, 0.956164152646, 0.191112615654, 0.706423677621, 0.217482046828, 0.573616219467, 0.409278250225, 7.76695311807
0.0950048589734, 0.14243810648, 0.0183866071392, 0.00970479214739, 0.0977867839089, 0.956164152646, 0.191112615654, 0.706423677621, 0.217482046828, 0.573616219467, 0.409278250225, 7.76695311807
0.0941036856438, 0.128022829245, 0.493720652608, 0.00696013605446, 0.0691988416454, 0.809980911481, 0.0699330573193, 0.482220111986, 0.221012519063, 0.84792171573, 0.394027386271, 7.8912367316
0.0941036856438, 0.128022829245, 0.493720652608, 0.00696013605446, 0.0691988416454, 0.809980911481, 0.0699330573193, 0.482220111986, 0.221012519063, 0.84792171573, 0.394027386271, 7.8912367316
0.0887040037817, 0.153360646393, 0.467181683941, 0.0214730787343, 0.732784855807, 0.0364103425514, 0.330483512543, 0.637592178171, 0.868221841883, 0.607049927349, 0.319967100479, 8.26837662938
0.0887040037817, 0.153360646393, 0.467181683941, 0.0214730787343, 0.732784855807, 0.0364103425514, 0.330483512543, 0.637592178171, 0.868221841883, 0.607049927349, 0.319967100479, 8.26837662938
0.416394961599, 0.00480403933742, 0.155680422988, 0.751187445257, 0.243003366855, 0.125779661045, 0.00691280242727, 0.724780852542, 0.602795899806, 0.212175460711, 0.810933889984, 7.65281008473
0.416394961599, 0.00480403933742, 0.155680422988, 0.751187445257, 0.243003366855, 0.125779661045, 0.00691280242727, 0.724780852542, 0.602795899806, 0.212175460711, 0.810933889984, 7.65281008473
0.416394961599, 0.00226410544572, 0.155680422988, 0.047128095214, 0.870368182461, 0.125779661045, 0.00691280242727, 0.444107751543, 0.969103291022, 0.212175460711, 0.810933889984, 7.65666180693
0.416394961599, 0.00226410544572, 0.155680422988, 0.047128095214, 0.870368182461, 0.125779661045, 0.00691280242727, 0.444107751543, 0.969103291022, 0.212175460711, 0.810933889984, 7.65666180693
0.416394961599, 0.00226410544572, 0.155680422988, 0.047128095214, 0.870368182461, 0.125779661045, 0.00691280242727, 0.444107751543, 0.969103291022, 0.212175460711, 0.810933889984, 7.65666180693
0.416394961599, 0.00226410544572, 0.155680422988, 0.047128095214, 0.870368182461, 0.125779661045, 0.00691280242727, 0.444107751543, 0.969103291022, 0.212175460711, 0.810933889984, 7.65666180693
0.0887040037817, 0.705350024352, 0.793917936953, 0.161492091311, 0.0977867839089, 0.0542075208615, 0.758005218581, 0.930167410892, 0.202090010275, 0.37567697239, 0.319967100479, 8.37213739525
0.0887976005244, 0.24449360972, 0.467181683941, 0.00427563917815, 0.509474071464, 0.577396888758, 0.691727495214, 0.487220234287, 0.374294464705, 0.640382433544, 0.320958628519, 8.33449491041
0.0887040037817, 0.705350024352, 0.793917936953, 0.161492091311, 0.0977867839089, 0.0542075208615, 0.758005218581, 0.930167410892, 0.202090010275, 0.37567697239, 0.319967100479, 8.37213739525
0.0887976005244, 0.24449360972, 0.467181683941, 0.00427563917815, 0.509474071464, 0.577396888758, 0.691727495214, 0.487220234287, 0.374294464705, 0.640382433544, 0.320958628519, 8.33449491041
0.0941036856438, 0.0621979022983, 0.658320850022, 0.42149332516, 0.725217493054, 0.0388106416326, 0.210781225406, 0.149859165538, 0.0834297795712, 0.951651049239, 0.394027386271, 7.98496087413
0.0941036856438, 0.0621979022983, 0.658320850022, 0.42149332516, 0.725217493054, 0.0388106416326, 0.210781225406, 0.149859165538, 0.0834297795712, 0.951651049239, 0.394027386271, 7.98496087413
0.416394961599, 0.00480403933742, 0.155680422988, 0.385029908188, 0.243003366855, 0.125779661045, 0.622755622691, 0.482220111986, 0.602795899806, 0.212175460711, 0.810933889984, 7.65709756492
0.416394961599, 0.00480403933742, 0.155680422988, 0.385029908188, 0.243003366855, 0.125779661045, 0.622755622691, 0.482220111986, 0.602795899806, 0.212175460711, 0.810933889984, 7.65709756492
