0.0814882308154, 0.195603983425, 0.131798689848, 0.00957699049755, 0.116412279469, 0.00199273576337, 0.013915062068, 0.000844547702551, 0.0695499238061, 0.100846787899, 0.280776029769, 5.63460518801
0.0869968280379, 0.183549757566, 0.0922557173533, 0.010299266427, 0.00196072666467, 0.00647897604736, 0.121920067934, 0.0102082766702, 0.105733063288, 0.100846787899, 0.303929672496, 5.61888976939
0.298494058104, 0.0347660190009, 0.00377933534385, 0.0166244455792, 0.263456804818, 0.00156825598253, 0.00863081457755, 0.0340380839413, 0.0375482824964, 0.100846787899, 0.984310066495, 5.19182450017
0.0814882308154, 0.195603983425, 0.131798689848, 0.00957699049755, 0.116412279469, 0.00199273576337, 0.013915062068, 0.000844547702551, 0.0695499238061, 0.100846787899, 0.280776029769, 5.63460518801
0.0869968280379, 0.183549757566, 0.0922557173533, 0.010299266427, 0.00196072666467, 0.00647897604736, 0.121920067934, 0.0102082766702, 0.105733063288, 0.100846787899, 0.303929672496, 5.61888976939
0.298494058104, 0.0347660190009, 0.00377933534385, 0.0166244455792, 0.263456804818, 0.00156825598253, 0.00863081457755, 0.0340380839413, 0.0375482824964, 0.100846787899, 0.984310066495, 5.19182450017
0.0774165351903, 0.0295108578773, 0.131798689848, 0.022307693232, 0.263456804818, 0.0199137762025, 0.16338664646, 0.000652543019057, 0.354363918066, 0.029905836131, 0.293237025397, 6.20207699958
0.0814882308154, 0.0295108578773, 0.131798689848, 0.079619807655, 0.186520293696, 0.00647897604736, 0.121920067934, 0.0122907334139, 0.395860807474, 0.100846787899, 0.280776029769, 6.26586034443
0.0774165351903, 0.0295108578773, 0.131798689848, 0.022307693232, 0.263456804818, 0.0199137762025, 0.16338664646, 0.000652543019057, 0.354363918066, 0.029905836131, 0.293237025397, 6.20207699958
0.0814882308154, 0.0295108578773, 0.131798689848, 0.079619807655, 0.186520293696, 0.00647897604736, 0.121920067934, 0.0122907334139, 0.395860807474, 0.100846787899, 0.280776029769, 6.26586034443
0.0814882308154, 0.459722044956, 0.131798689848, 0.079619807655, 0.186520293696, 0.00647897604736, 0.121920067934, 0.00229041855686, 0.395860807474, 0.100846787899, 0.280776029769, 6.72441003362
0.0818605787376, 0.155255118014, 0.144809050645, 0.263606088232, 0.0438688316119, 0.00647897604736, 0.121920067934, 0.212012284916, 0.240628614139, 0.203074105845, 0.280899816031, 6.63183265807
0.0814882308154, 0.459722044956, 0.131798689848, 0.079619807655, 0.186520293696, 0.00647897604736, 0.121920067934, 0.00229041855686, 0.395860807474, 0.100846787899, 0.280776029769, 6.72441003362
0.0818605787376, 0.155255118014, 0.144809050645, 0.263606088232, 0.0438688316119, 0.00647897604736, 0.121920067934, 0.212012284916, 0.240628614139, 0.203074105845, 0.280899816031, 6.63183265807
0.919820328243, 0.195603983425, 0.131798689848, 0.079619807655, 0.116412279469, 0.0024469749539, 0.0405172604919, 0.000844547702551, 0.0695499238061, 0.100846787899, 0.975025219154, 5.65204630334
0.0869968280379, 0.183549757566, 0.0922557173533, 0.0405449156614, 0.00196072666467, 0.00647897604736, 0.121920067934, 0.0102082766702, 0.105733063288, 0.100846787899, 0.303929672496, 5.67342987471
0.919820328243, 0.195603983425, 0.131798689848, 0.079619807655, 0.116412279469, 0.0024469749539, 0.0405172604919, 0.000844547702551, 0.0695499238061, 0.100846787899, 0.975025219154, 5.65204630334
0.0869968280379, 0.183549757566, 0.0922557173533, 0.0405449156614, 0.00196072666467, 0.00647897604736, 0.121920067934, 0.0102082766702, 0.105733063288, 0.100846787899, 0.303929672496, 5.67342987471
0.0814882308154, 0.494265578107, 0.131798689848, 0.079619807655, 0.186520293696, 0.00647897604736, 0.121920067934, 0.0122907334139, 0.395860807474, 0.100846787899, 0.280776029769, 6.76702118918
0.0814882308154, 0.494265578107, 0.131798689848, 0.079619807655, 0.186520293696, 0.00647897604736, 0.121920067934, 0.0122907334139, 0.395860807474, 0.100846787899, 0.280776029769, 6.76702118918
0.0814882308154, 0.494265578107, 0.131798689848, 0.079619807655, 0.186520293696, 0.00647897604736, 0.121920067934, 0.0122907334139, 0.395860807474, 0.100846787899, 0.280776029769, 6.76702118918
0.0814882308154, 0.494265578107, 0.131798689848, 0.079619807655, 0.186520293696, 0.00647897604736, 0.121920067934, 0.0122907334139, 0.395860807474, 0.100846787899, 0.280776029769, 6.76702118918
0.0802976747042, 0.258208448185, 0.131798689848, 0.079619807655, 0.116412279469, 0.000261613415881, 0.764123287006, 0.000844547702551, 0.0695499238061, 0.100846787899, 0.281808282451, 6.75941224562
0.0802976747042, 0.258208448185, 0.131798689848, 0.079619807655, 0.116412279469, 0.000261613415881, 0.764123287006, 0.000844547702551, 0.0695499238061, 0.100846787899, 0.281808282451, 6.75941224562
0.0774165351903, 0.0221713388192, 0.126410148873, 0.079619807655, 0.263456804818, 0.00647897604736, 0.121920067934, 0.145812595075, 0.440582677013, 0.0437371228537, 0.293237025397, 6.48123033673
0.0774165351903, 0.0221713388192, 0.126410148873, 0.079619807655, 0.263456804818, 0.00647897604736, 0.121920067934, 0.145812595075, 0.440582677013, 0.0437371228537, 0.293237025397, 6.48123033673
0.0774165351903, 0.0221713388192, 0.126410148873, 0.079619807655, 0.263456804818, 0.00647897604736, 0.121920067934, 0.145812595075, 0.440582677013, 0.0437371228537, 0.293237025397, 6.48123033673
0.0774165351903, 0.0221713388192, 0.126410148873, 0.079619807655, 0.263456804818, 0.00647897604736, 0.121920067934, 0.145812595075, 0.440582677013, 0.0437371228537, 0.293237025397, 6.48123033673
0.0869968280379, 0.184433623886, 0.0922557173533, 0.0405449156614, 0.000651874706435, 0.00721472830708, 0.121920067934, 0.0102082766702, 0.105733063288, 0.100846787899, 0.303929672496, 5.67398047635
0.0869968280379, 0.184433623886, 0.0922557173533, 0.0405449156614, 0.000651874706435, 0.00721472830708, 0.121920067934, 0.0102082766702, 0.105733063288, 0.100846787899, 0.303929672496, 5.67398047635
0.0814882308154, 0.494083864212, 0.321095093089, 0.029921855185, 0.186520293696, 0.14435104231, 0.121920067934, 0.0122907334139, 0.78862728611, 0.0429899894841, 0.280776029769, 7.27521245771
0.0814882308154, 0.494083864212, 0.321095093089, 0.029921855185, 0.186520293696, 0.14435104231, 0.121920067934, 0.0122907334139, 0.78862728611, 0.0429899894841, 0.280776029769, 7.27521245771
0.0774717124349, 0.155255118014, 0.144809050645, 0.263606088232, 0.0438688316119, 0.151250180805, 0.16338664646, 0.212012284916, 0.240628614139, 0.203074105845, 0.292901310229, 6.81115610577
0.0774717124349, 0.155255118014, 0.144809050645, 0.263606088232, 0.0438688316119, 0.151250180805, 0.16338664646, 0.212012284916, 0.240628614139, 0.203074105845, 0.292901310229, 6.81115610577
0.0869968280379, 0.184433623886, 0.0922557173533, 0.0405449156614, 0.141697623, 0.0024469749539, 0.121920067934, 0.0102082766702, 0.105733063288, 0.100846787899, 0.303929672496, 5.89873273875
0.0869968280379, 0.184433623886, 0.0922557173533, 0.0405449156614, 0.141697623, 0.0024469749539, 0.121920067934, 0.0102082766702, 0.105733063288, 0.100846787899, 0.303929672496, 5.89873273875
0.0774717124349, 0.636032699683, 0.392757981019, 0.136582571076, 0.0213317343253, 0.151250180805, 0.137475063929, 0.0323232067045, 0.240628614139, 0.203074105845, 0.292901310229, 7.12944623594
0.0774717124349, 0.636032699683, 0.392757981019, 0.136582571076, 0.0213317343253, 0.151250180805, 0.137475063929, 0.0323232067045, 0.240628614139, 0.203074105845, 0.292901310229, 7.12944623594
0.0774717124349, 0.636032699683, 0.392757981019, 0.136582571076, 0.0213317343253, 0.151250180805, 0.502170468189, 0.0323232067045, 0.240628614139, 0.120812832247, 0.292901310229, 7.34087079248
0.0774717124349, 0.636032699683, 0.392757981019, 0.136582571076, 0.0213317343253, 0.151250180805, 0.502170468189, 0.0323232067045, 0.240628614139, 0.120812832247, 0.292901310229, 7.34087079248
0.0774165351903, 0.184433623886, 0.131798689848, 0.025689226269, 0.83973919725, 0.000872189632436, 0.121920067934, 0.0101493839357, 0.0752834001275, 0.029905836131, 0.293237025397, 6.65913582377
0.0774165351903, 0.184433623886, 0.131798689848, 0.025689226269, 0.83973919725, 0.000872189632436, 0.121920067934, 0.0101493839357, 0.0752834001275, 0.029905836131, 0.293237025397, 6.65913582377
0.0774165351903, 0.0822754225812, 0.255041313568, 0.0118040785216, 0.83973919725, 0.000872189632436, 0.121920067934, 0.0101493839357, 0.0752834001275, 0.029905836131, 0.293237025397, 6.66632625946
0.0774165351903, 0.0822754225812, 0.255041313568, 0.0118040785216, 0.83973919725, 0.000872189632436, 0.121920067934, 0.0101493839357, 0.0752834001275, 0.029905836131, 0.293237025397, 6.66632625946
0.0869968280379, 0.184433623886, 0.0922557173533, 0.24581525815, 0.00196072666467, 0.00199273576337, 0.121920067934, 0.0102082766702, 0.105733063288, 0.100846787899, 0.303929672496, 5.99600712495
0.0538368998698, 0.195603983425, 0.0922557173533, 0.079619807655, 0.020174339013, 0.013917373027, 0.123938438057, 0.149508435298, 0.105733063288, 0.0781449306998, 0.697256182628, 5.92127188349
0.0869968280379, 0.184433623886, 0.0922557173533, 0.24581525815, 0.00196072666467, 0.00199273576337, 0.121920067934, 0.0102082766702, 0.105733063288, 0.100846787899, 0.303929672496, 5.99600712495
0.0538368998698, 0.195603983425, 0.0922557173533, 0.079619807655, 0.020174339013, 0.013917373027, 0.123938438057, 0.149508435298, 0.105733063288, 0.0781449306998, 0.697256182628, 5.92127188349
0.0774165351903, 0.184433623886, 0.131798689848, 0.079619807655, 0.44746923274, 0.00091958979663, 0.408240065954, 0.0627638394254, 0.105733063288, 0.0191272235202, 0.293237025397, 6.67935470791
0.0774165351903, 0.184433623886, 0.131798689848, 0.079619807655, 0.44746923274, 0.00091958979663, 0.408240065954, 0.0627638394254, 0.105733063288, 0.0191272235202, 0.293237025397, 6.67935470791
0.919820328243, 0.578222006021, 0.00377933534385, 0.00286111150363, 0.0333585648715, 0.0024469749539, 0.121920067934, 0.0102082766702, 0.0574832002815, 0.100846787899, 0.975025219154, 5.92019461797
0.919820328243, 0.578222006021, 0.00377933534385, 0.00286111150363, 0.0333585648715, 0.0024469749539, 0.121920067934, 0.0102082766702, 0.0574832002815, 0.100846787899, 0.975025219154, 5.92019461797
0.0621002768872, 0.184433623886, 0.0922557173533, 0.079619807655, 0.263456804818, 0.000225401824526, 0.16338664646, 0.0102082766702, 0.0587941715162, 0.0437371228537, 0.524014657067, 6.01025995969
0.0621002768872, 0.184433623886, 0.0922557173533, 0.079619807655, 0.263456804818, 0.000225401824526, 0.16338664646, 0.0102082766702, 0.0587941715162, 0.0437371228537, 0.524014657067, 6.01025995969
0.298494058104, 0.578222006021, 0.00377933534385, 0.0166244455792, 0.155250917656, 0.00307205948728, 0.00863081457755, 0.0102082766702, 0.0375482824964, 0.100846787899, 0.984310066495, 5.92156470425
0.298494058104, 0.578222006021, 0.00377933534385, 0.0166244455792, 0.155250917656, 0.00307205948728, 0.00863081457755, 0.0102082766702, 0.0375482824964, 0.100846787899, 0.984310066495, 5.92156470425
0.0538368998698, 0.0500177106421, 0.0922557173533, 0.079619807655, 0.020174339013, 0.00116378545966, 0.123938438057, 0.0192988439854, 0.105733063288, 0.521237668532, 0.697256182628, 6.13528014228
0.0538368998698, 0.0500177106421, 0.0922557173533, 0.079619807655, 0.020174339013, 0.00116378545966, 0.123938438057, 0.0192988439854, 0.105733063288, 0.521237668532, 0.697256182628, 6.13528014228
0.32243982781, 0.184433623886, 0.0922557173533, 0.079619807655, 0.263456804818, 0.00036993402036, 0.16338664646, 0.0102082766702, 0.105733063288, 0.0437371228537, 0.999980214815, 5.95737018188
0.0774165351903, 0.0762812604449, 0.392757981019, 0.263606088232, 0.0438688316119, 0.030619276211, 0.0747247581002, 0.145812595075, 0.35812237765, 0.154449990654, 0.293237025397, 6.77600911232
0.32243982781, 0.184433623886, 0.0922557173533, 0.079619807655, 0.263456804818, 0.00036993402036, 0.16338664646, 0.0102082766702, 0.105733063288, 0.0437371228537, 0.999980214815, 5.95737018188
0.0774165351903, 0.0762812604449, 0.392757981019, 0.263606088232, 0.0438688316119, 0.030619276211, 0.0747247581002, 0.145812595075, 0.35812237765, 0.154449990654, 0.293237025397, 6.77600911232
0.32243982781, 0.184433623886, 0.0922557173533, 0.079619807655, 0.263456804818, 0.00116378545966, 0.16338664646, 0.0102082766702, 0.105733063288, 0.0437371228537, 0.999980214815, 5.95847606425
0.32243982781, 0.184433623886, 0.0922557173533, 0.079619807655, 0.263456804818, 0.00116378545966, 0.16338664646, 0.0102082766702, 0.105733063288, 0.0437371228537, 0.999980214815, 5.95847606425
0.0774165351903, 0.184433623886, 0.44463887565, 0.079619807655, 0.44746923274, 0.00721472830708, 0.121920067934, 0.0101493839357, 0.105733063288, 0.153822414723, 0.293237025397, 6.78985152882
0.0774165351903, 0.184433623886, 0.44463887565, 0.079619807655, 0.44746923274, 0.00721472830708, 0.121920067934, 0.0101493839357, 0.105733063288, 0.153822414723, 0.293237025397, 6.78985152882
0.0616492263285, 0.184433623886, 0.0922557173533, 0.079619807655, 0.263456804818, 0.00116378545966, 0.310459419949, 0.0102082766702, 0.105733063288, 0.0437371228537, 0.533455627984, 6.2655201301
0.0616492263285, 0.184433623886, 0.0922557173533, 0.079619807655, 0.263456804818, 0.00116378545966, 0.310459419949, 0.0102082766702, 0.105733063288, 0.0437371228537, 0.533455627984, 6.2655201301
0.0616492263285, 0.184433623886, 0.0922557173533, 0.079619807655, 0.263456804818, 0.00116378545966, 0.310459419949, 0.0102082766702, 0.105733063288, 0.0437371228537, 0.533455627984, 6.2655201301
0.0616492263285, 0.184433623886, 0.0922557173533, 0.079619807655, 0.263456804818, 0.00116378545966, 0.310459419949, 0.0102082766702, 0.105733063288, 0.0437371228537, 0.533455627984, 6.2655201301
0.0869968280379, 0.494083864212, 0.131798689848, 0.079619807655, 0.0980369791799, 0.00380172972146, 0.121920067934, 0.0101493839357, 0.157764379818, 0.000163898495813, 0.303929672496, 6.3036092775
0.0869968280379, 0.494083864212, 0.131798689848, 0.079619807655, 0.0980369791799, 0.00380172972146, 0.121920067934, 0.0101493839357, 0.157764379818, 0.000163898495813, 0.303929672496, 6.3036092775
0.0774165351903, 0.578222006021, 0.00377933534385, 0.079619807655, 0.263456804818, 0.00465097280358, 0.120277712508, 0.000479442692458, 0.324212018222, 0.231066571943, 0.293237025397, 6.83672496106
0.0774165351903, 0.578222006021, 0.00377933534385, 0.079619807655, 0.263456804818, 0.00465097280358, 0.120277712508, 0.000479442692458, 0.324212018222, 0.231066571943, 0.293237025397, 6.83672496106
0.0774165351903, 0.578222006021, 0.00377933534385, 0.079619807655, 0.263456804818, 0.00465097280358, 0.120277712508, 0.00692382214443, 0.324212018222, 0.231066571943, 0.293237025397, 6.84259557646
0.0774165351903, 0.578222006021, 0.00377933534385, 0.079619807655, 0.263456804818, 0.00465097280358, 0.120277712508, 0.00692382214443, 0.324212018222, 0.231066571943, 0.293237025397, 6.84259557646
0.0774165351903, 0.0762812604449, 0.392757981019, 0.263606088232, 0.0438688316119, 0.030619276211, 0.0720415552728, 0.145812595075, 0.35812237765, 0.376513219436, 0.293237025397, 6.97231201356
0.0774165351903, 0.0762812604449, 0.392757981019, 0.263606088232, 0.0438688316119, 0.030619276211, 0.0720415552728, 0.145812595075, 0.35812237765, 0.376513219436, 0.293237025397, 6.97231201356
0.0869968280379, 0.184433623886, 0.0922557173533, 0.0405449156614, 0.000651874706435, 0.00721472830708, 0.121920067934, 0.0102082766702, 0.608800975033, 0.100846787899, 0.303929672496, 6.38611988604
0.0873848499422, 0.494083864212, 0.131798689848, 0.079619807655, 0.181311996438, 0.00647897604736, 0.121920067934, 0.0323232067045, 0.0463164868253, 0.0437371228537, 0.307227238327, 6.35151577994
0.0869968280379, 0.184433623886, 0.0922557173533, 0.0405449156614, 0.000651874706435, 0.00721472830708, 0.121920067934, 0.0102082766702, 0.608800975033, 0.100846787899, 0.303929672496, 6.38611988604
0.0873848499422, 0.494083864212, 0.131798689848, 0.079619807655, 0.181311996438, 0.00647897604736, 0.121920067934, 0.0323232067045, 0.0463164868253, 0.0437371228537, 0.307227238327, 6.35151577994
0.919820328243, 0.578222006021, 0.131798689848, 0.079619807655, 0.0333585648715, 0.0024469749539, 0.121920067934, 0.0340380839413, 0.0375482824964, 0.100846787899, 0.975025219154, 6.1954116556
0.919820328243, 0.578222006021, 0.131798689848, 0.079619807655, 0.0333585648715, 0.0024469749539, 0.121920067934, 0.0340380839413, 0.0375482824964, 0.100846787899, 0.975025219154, 6.1954116556
0.0774165351903, 0.224466077432, 0.072819069833, 0.079619807655, 0.44746923274, 0.00579155526152, 0.408240065954, 0.0101493839357, 0.499271737062, 0.0191272235202, 0.293237025397, 6.97854656508
0.0774165351903, 0.224466077432, 0.072819069833, 0.079619807655, 0.44746923274, 0.00579155526152, 0.408240065954, 0.0101493839357, 0.499271737062, 0.0191272235202, 0.293237025397, 6.97854656508
0.298494058104, 0.578222006021, 0.00377933534385, 0.0166244455792, 0.263456804818, 0.00307205948728, 0.00863081457755, 0.0340380839413, 0.0375482824964, 0.100846787899, 0.984310066495, 6.10028849078
0.298494058104, 0.578222006021, 0.00377933534385, 0.0166244455792, 0.263456804818, 0.00307205948728, 0.00863081457755, 0.0340380839413, 0.0375482824964, 0.100846787899, 0.984310066495, 6.10028849078
0.0774165351903, 0.578222006021, 0.00377933534385, 0.079619807655, 0.263456804818, 0.266383731115, 0.120277712508, 0.00692382214443, 0.324212018222, 0.231066571943, 0.293237025397, 7.06739664316
0.0774165351903, 0.578222006021, 0.00377933534385, 0.079619807655, 0.263456804818, 0.266383731115, 0.120277712508, 0.00692382214443, 0.324212018222, 0.231066571943, 0.293237025397, 7.06739664316
0.0774165351903, 0.184433623886, 0.131798689848, 0.079619807655, 0.44746923274, 0.00721472830708, 0.910562134833, 0.0101493839357, 0.105733063288, 0.029905836131, 0.293237025397, 7.09398787755
0.0774165351903, 0.184433623886, 0.131798689848, 0.079619807655, 0.44746923274, 0.00721472830708, 0.910562134833, 0.0101493839357, 0.105733063288, 0.029905836131, 0.293237025397, 7.09398787755
