0.261331751661, 0.113645889827, 0.0373176977425, 0.0177640240312, 0.745741380644, 0.0524204100247, 0.416326980705, 0.132080579436, 0.0441935100621, 0.44047500301, 0.0121135735467, 0.0217992599172, 0.173306358913, 0.397624857014, 0.646008627097, 0.0176495305073, 0.000160675705984, 0.519767565329, 0.427804110762, 0.278139850642, 0.253621001037, 0.197895397053, 0.168951933089, 0.0554486712226, 0.227317999505, 0.928554574404, 0.174482702215, 0.0428154455654, 0.86268513473, 0.662443495366, 0.261331751661, 2.30215836355
0.261331751661, 0.113645889827, 0.0373176977425, 0.0177640240312, 0.745741380644, 0.0524204100247, 0.416326980705, 0.132080579436, 0.0441935100621, 0.44047500301, 0.0121135735467, 0.0217992599172, 0.173306358913, 0.397624857014, 0.646008627097, 0.0176495305073, 0.000160675705984, 0.519767565329, 0.427804110762, 0.278139850642, 0.253621001037, 0.197895397053, 0.168951933089, 0.0554486712226, 0.227317999505, 0.928554574404, 0.174482702215, 0.0428154455654, 0.86268513473, 0.662443495366, 0.261331751661, 2.30215836355
0.826241102943, 0.114361891264, 0.0677024474781, 0.257331951493, 0.972213508072, 0.359702064096, 0.304957508221, 0.854011346422, 0.103411520975, 0.0823409183364, 0.117044650695, 0.00756457737323, 0.31711413785, 0.0136201698866, 0.485165625979, 0.0738721757741, 0.216664545132, 0.611450652416, 0.0205130596871, 0.0602223901948, 0.0219988853101, 0.0147596667311, 0.0567794160842, 0.361206003643, 0.316394158066, 0.585823321898, 0.223545737456, 0.00353650272162, 0.0148064640522, 0.000531428365913, 0.826241102943, 0.863566765104
0.826241102943, 0.114361891264, 0.0677024474781, 0.257331951493, 0.972213508072, 0.359702064096, 0.304957508221, 0.854011346422, 0.103411520975, 0.0823409183364, 0.117044650695, 0.00756457737323, 0.31711413785, 0.0136201698866, 0.485165625979, 0.0738721757741, 0.216664545132, 0.611450652416, 0.0205130596871, 0.0602223901948, 0.0219988853101, 0.0147596667311, 0.0567794160842, 0.361206003643, 0.316394158066, 0.585823321898, 0.223545737456, 0.00353650272162, 0.0148064640522, 0.000531428365913, 0.826241102943, 0.863566765104
8.65085425846e-05, 0.911607340075, 0.0897759615653, 0.777289625462, 0.0147352107584, 0.0886267967623, 0.889171075503, 0.35564035346, 0.34202026185, 0.0027993064842, 0.0132005964885, 0.653725831498, 0.773751961063, 0.271862371701, 0.0293040912909, 0.195506986084, 0.0398378799966, 0.171819956784, 0.470008079351, 0.0407126196897, 0.887153027285, 0.948409312931, 0.0509698206625, 0.541854684782, 0.230234501317, 0.141311398398, 0.698635493634, 0.375393127898, 0.2348244889, 0.967146527411, 8.65085425846e-05, 4.45845384974
8.65085425846e-05, 0.911607340075, 0.0897759615653, 0.777289625462, 0.0147352107584, 0.0886267967623, 0.889171075503, 0.35564035346, 0.34202026185, 0.0027993064842, 0.0132005964885, 0.653725831498, 0.773751961063, 0.271862371701, 0.0293040912909, 0.195506986084, 0.0398378799966, 0.171819956784, 0.470008079351, 0.0407126196897, 0.887153027285, 0.948409312931, 0.0509698206625, 0.541854684782, 0.230234501317, 0.141311398398, 0.698635493634, 0.375393127898, 0.2348244889, 0.967146527411, 8.65085425846e-05, 4.45845384974
0.132381455384, 0.113645889827, 0.17105045777, 0.24582405939, 0.223669726384, 0.0896690779524, 0.416326980705, 0.132080579436, 0.0139121828009, 0.130782284915, 0.0121135735467, 0.0217992599172, 0.173306358913, 0.397624857014, 0.932343781945, 0.000698170215647, 0.0120087604152, 0.131737087307, 0.236892137968, 0.278139850642, 0.0636380560517, 0.18792481541, 0.234147111379, 0.0554486712226, 0.139071948899, 0.928554574404, 0.633335997685, 0.187658732338, 0.455597669589, 0.540706963688, 0.132381455384, 2.68150137838
0.132381455384, 0.113645889827, 0.17105045777, 0.24582405939, 0.223669726384, 0.0896690779524, 0.416326980705, 0.132080579436, 0.0139121828009, 0.130782284915, 0.0121135735467, 0.0217992599172, 0.173306358913, 0.397624857014, 0.932343781945, 0.000698170215647, 0.0120087604152, 0.131737087307, 0.236892137968, 0.278139850642, 0.0636380560517, 0.18792481541, 0.234147111379, 0.0554486712226, 0.139071948899, 0.928554574404, 0.633335997685, 0.187658732338, 0.455597669589, 0.540706963688, 0.132381455384, 2.68150137838
0.442004725537, 0.086503107881, 0.681485263376, 0.0124448183436, 0.103797296716, 0.470630691195, 0.137633785876, 0.18154480446, 0.00102423065639, 0.294302221702, 0.0623626251439, 0.0416715409531, 0.172142269461, 0.270561541112, 0.696914590524, 0.128905520435, 0.360419128611, 0.0700332973606, 0.19594036543, 0.154392811115, 0.235148679781, 0.672614840072, 0.272280956852, 0.59588348904, 0.134294739498, 0.176788191132, 0.25267918408, 0.976048364178, 0.0249857940802, 0.132556555432, 0.442004725537, 1.71105614052
0.442004725537, 0.086503107881, 0.681485263376, 0.0124448183436, 0.103797296716, 0.470630691195, 0.137633785876, 0.18154480446, 0.00102423065639, 0.294302221702, 0.0623626251439, 0.0416715409531, 0.172142269461, 0.270561541112, 0.696914590524, 0.128905520435, 0.360419128611, 0.0700332973606, 0.19594036543, 0.154392811115, 0.235148679781, 0.672614840072, 0.272280956852, 0.59588348904, 0.134294739498, 0.176788191132, 0.25267918408, 0.976048364178, 0.0249857940802, 0.132556555432, 0.442004725537, 1.71105614052
0.000313052961702, 0.113645889827, 0.17105045777, 0.115962324982, 0.461267759706, 0.121450476258, 0.632791203462, 0.0394165278656, 0.0583543505161, 0.136372954178, 0.0121135735467, 0.0217992599172, 0.173306358913, 0.397624857014, 0.651834691006, 0.0180386459703, 0.02508991536, 0.131737087307, 0.230072537801, 0.278139850642, 0.752648595336, 0.892158995496, 0.320526265053, 0.0554486712226, 0.139071948899, 0.530815053354, 0.915479503947, 0.275761430289, 0.913906849419, 0.540706963688, 0.000313052961702, 3.79775056948
0.000313052961702, 0.113645889827, 0.17105045777, 0.115962324982, 0.461267759706, 0.121450476258, 0.632791203462, 0.0394165278656, 0.0583543505161, 0.136372954178, 0.0121135735467, 0.0217992599172, 0.173306358913, 0.397624857014, 0.651834691006, 0.0180386459703, 0.02508991536, 0.131737087307, 0.230072537801, 0.278139850642, 0.752648595336, 0.892158995496, 0.320526265053, 0.0554486712226, 0.139071948899, 0.530815053354, 0.915479503947, 0.275761430289, 0.913906849419, 0.540706963688, 0.000313052961702, 3.79775056948
0.668793414779, 0.0234869040169, 0.332662439682, 0.0234469813134, 0.284986567927, 0.0827417439058, 0.3952896407, 0.0303705290689, 0.18569366663, 0.315834659091, 0.0862377117158, 0.0323898906426, 0.0117755924077, 0.124826910194, 0.613900914296, 0.560249942363, 0.42945710818, 0.341182880177, 0.59577001487, 0.491391476982, 0.267739314937, 0.0402893258485, 0.83303735118, 0.137651280861, 0.0546063629129, 0.00964049760155, 0.210364873746, 0.292318848679, 0.936559582534, 0.11610013683, 0.668793414779, 1.36709989569
0.668793414779, 0.0234869040169, 0.332662439682, 0.0234469813134, 0.284986567927, 0.0827417439058, 0.3952896407, 0.0303705290689, 0.18569366663, 0.315834659091, 0.0862377117158, 0.0323898906426, 0.0117755924077, 0.124826910194, 0.613900914296, 0.560249942363, 0.42945710818, 0.341182880177, 0.59577001487, 0.491391476982, 0.267739314937, 0.0402893258485, 0.83303735118, 0.137651280861, 0.0546063629129, 0.00964049760155, 0.210364873746, 0.292318848679, 0.936559582534, 0.11610013683, 0.668793414779, 1.36709989569
0.212086189017, 0.0888148391928, 0.108762256144, 0.352817563852, 0.449897154344, 0.149234866532, 0.163614950937, 0.135655211795, 0.445739026068, 0.494493349483, 0.117662820486, 0.535827775751, 0.596904983816, 0.353320120881, 0.318415736252, 0.589558535295, 0.045627625282, 0.997524694441, 0.234283883268, 0.0101387890212, 0.00138402593507, 0.114325211609, 0.28363438596, 0.372796020388, 0.0598890628223, 0.0656835289314, 0.0255720372661, 0.018653636368, 0.146092201453, 0.244066125312, 0.212086189017, 2.41442767187
0.212086189017, 0.0888148391928, 0.108762256144, 0.352817563852, 0.449897154344, 0.149234866532, 0.163614950937, 0.135655211795, 0.445739026068, 0.494493349483, 0.117662820486, 0.535827775751, 0.596904983816, 0.353320120881, 0.318415736252, 0.589558535295, 0.045627625282, 0.997524694441, 0.234283883268, 0.0101387890212, 0.00138402593507, 0.114325211609, 0.28363438596, 0.372796020388, 0.0598890628223, 0.0656835289314, 0.0255720372661, 0.018653636368, 0.146092201453, 0.244066125312, 0.212086189017, 2.41442767187
0.0980924473503, 0.0812589218129, 0.208707512214, 0.201883853534, 0.137950507062, 0.00897682602651, 0.153664275615, 0.412902150604, 0.484775106376, 0.261759079734, 0.189053954108, 0.78549571414, 0.0822175052904, 0.024169103832, 0.0462417707685, 0.0848668856728, 0.806870878199, 0.000416006776638, 0.00772931372822, 0.0929516370853, 0.295245095778, 0.993408004459, 0.63837316903, 0.265974774468, 0.765446876894, 0.134346199487, 0.380280951742, 0.128887001271, 0.213749072373, 0.0509922300647, 0.0980924473503, 2.87493487452
0.0980924473503, 0.0812589218129, 0.208707512214, 0.201883853534, 0.137950507062, 0.00897682602651, 0.153664275615, 0.412902150604, 0.484775106376, 0.261759079734, 0.189053954108, 0.78549571414, 0.0822175052904, 0.024169103832, 0.0462417707685, 0.0848668856728, 0.806870878199, 0.000416006776638, 0.00772931372822, 0.0929516370853, 0.295245095778, 0.993408004459, 0.63837316903, 0.265974774468, 0.765446876894, 0.134346199487, 0.380280951742, 0.128887001271, 0.213749072373, 0.0509922300647, 0.0980924473503, 2.87493487452
0.000194678593598, 0.179222539272, 0.309889926178, 0.341828124426, 0.00279325433369, 0.0291759048225, 0.654631716344, 0.755786847699, 0.34202026185, 0.495831009406, 0.898310240263, 0.725731701605, 0.0176079112798, 0.432484285587, 0.404619686501, 0.0999493217962, 0.00119313119848, 0.171819956784, 0.66416235913, 0.369452344171, 0.791557044152, 0.0265476640123, 0.0158192161758, 0.351080053599, 0.294870940538, 0.141311398398, 0.0954204306138, 0.234236799616, 0.2348244889, 0.482279654275, 0.000194678593598, 3.94048435507
0.000194678593598, 0.179222539272, 0.309889926178, 0.341828124426, 0.00279325433369, 0.0291759048225, 0.654631716344, 0.755786847699, 0.34202026185, 0.495831009406, 0.898310240263, 0.725731701605, 0.0176079112798, 0.432484285587, 0.404619686501, 0.0999493217962, 0.00119313119848, 0.171819956784, 0.66416235913, 0.369452344171, 0.791557044152, 0.0265476640123, 0.0158192161758, 0.351080053599, 0.294870940538, 0.141311398398, 0.0954204306138, 0.234236799616, 0.2348244889, 0.482279654275, 0.000194678593598, 3.94048435507
0.627295389999, 0.0214195820849, 0.000743622329591, 0.264956421447, 0.284986567927, 0.0827417439058, 0.78446025199, 0.0303705290689, 0.18569366663, 0.171522250915, 0.124117276657, 0.868195964633, 0.0117755924077, 0.124826910194, 0.182765806061, 0.560249942363, 0.295685174508, 0.341182880177, 0.59577001487, 0.598004101595, 0.267739314937, 0.0402893258485, 0.83303735118, 0.179850568785, 0.0398372034459, 0.00964049760155, 0.0393320372515, 0.292318848679, 0.936559582534, 0.11610013683, 0.627295389999, 1.59990318104
0.627295389999, 0.0214195820849, 0.000743622329591, 0.264956421447, 0.284986567927, 0.0827417439058, 0.78446025199, 0.0303705290689, 0.18569366663, 0.171522250915, 0.124117276657, 0.868195964633, 0.0117755924077, 0.124826910194, 0.182765806061, 0.560249942363, 0.295685174508, 0.341182880177, 0.59577001487, 0.598004101595, 0.267739314937, 0.0402893258485, 0.83303735118, 0.179850568785, 0.0398372034459, 0.00964049760155, 0.0393320372515, 0.292318848679, 0.936559582534, 0.11610013683, 0.627295389999, 1.59990318104
0.0194111320936, 0.843359050448, 0.344012308152, 0.317406798314, 0.102745424324, 0.460627553116, 0.154772593354, 0.380355181861, 0.175026354314, 0.0151507041685, 0.0426056322479, 0.958850619323, 0.184103503161, 0.00643235262892, 0.318415736252, 0.878802168236, 0.381231500967, 0.0954815365291, 0.0923168612654, 0.0329459301946, 0.0162897873383, 0.679912958386, 0.062975314865, 0.00870314908161, 0.0885408546288, 0.07343933076, 0.231756609409, 0.437253694547, 0.176169379918, 0.0037383375117, 0.0194111320936, 3.08125101699
0.0194111320936, 0.843359050448, 0.344012308152, 0.317406798314, 0.102745424324, 0.460627553116, 0.154772593354, 0.380355181861, 0.175026354314, 0.0151507041685, 0.0426056322479, 0.958850619323, 0.184103503161, 0.00643235262892, 0.318415736252, 0.878802168236, 0.381231500967, 0.0954815365291, 0.0923168612654, 0.0329459301946, 0.0162897873383, 0.679912958386, 0.062975314865, 0.00870314908161, 0.0885408546288, 0.07343933076, 0.231756609409, 0.437253694547, 0.176169379918, 0.0037383375117, 0.0194111320936, 3.08125101699
0.427495504252, 0.133180443365, 0.0677024474781, 0.000417163351432, 0.608153011862, 0.238913837952, 0.259778220861, 0.248649259085, 0.879184842962, 0.855022296608, 0.0161215437837, 0.0555636123818, 0.641252317585, 0.332161565114, 0.533591698094, 0.00207495061975, 0.00691519728536, 0.611450652416, 0.0628419999554, 0.0357014505855, 0.000181158629307, 0.302182403714, 0.0149579295313, 0.982090955281, 0.316394158066, 0.585823321898, 0.960347316617, 0.0338004372275, 0.00721232985818, 0.548626395121, 0.427495504252, 2.28268041628
0.427495504252, 0.133180443365, 0.0677024474781, 0.000417163351432, 0.608153011862, 0.238913837952, 0.259778220861, 0.248649259085, 0.879184842962, 0.855022296608, 0.0161215437837, 0.0555636123818, 0.641252317585, 0.332161565114, 0.533591698094, 0.00207495061975, 0.00691519728536, 0.611450652416, 0.0628419999554, 0.0357014505855, 0.000181158629307, 0.302182403714, 0.0149579295313, 0.982090955281, 0.316394158066, 0.585823321898, 0.960347316617, 0.0338004372275, 0.00721232985818, 0.548626395121, 0.427495504252, 2.28268041628
0.000736318331577, 0.113645889827, 0.0373176977425, 0.0177640240312, 0.645724463229, 0.0356217084972, 0.5291559341, 0.132080579436, 0.0441935100621, 0.44047500301, 0.00540942113808, 0.0217992599172, 0.173306358913, 0.397624857014, 0.0761800744523, 0.0180386459703, 0.00500154504108, 0.519767565329, 0.236892137968, 0.824057770131, 0.0325894808474, 0.197895397053, 0.125078926301, 0.0554486712226, 0.397912474871, 0.928554574404, 0.174482702215, 0.0346597549614, 0.86268513473, 0.662443495366, 0.000736318331577, 3.35379083753
0.000736318331577, 0.113645889827, 0.0373176977425, 0.0177640240312, 0.645724463229, 0.0356217084972, 0.5291559341, 0.132080579436, 0.0441935100621, 0.44047500301, 0.00540942113808, 0.0217992599172, 0.173306358913, 0.397624857014, 0.0761800744523, 0.0180386459703, 0.00500154504108, 0.519767565329, 0.236892137968, 0.824057770131, 0.0325894808474, 0.197895397053, 0.125078926301, 0.0554486712226, 0.397912474871, 0.928554574404, 0.174482702215, 0.0346597549614, 0.86268513473, 0.662443495366, 0.000736318331577, 3.35379083753
0.0144440376482, 0.268331944176, 0.126549544758, 0.0125974556645, 0.000464106841148, 0.579815826102, 0.946265897011, 0.145802194427, 0.101367852511, 0.0151507041685, 0.0853288028076, 0.898444239849, 0.284852980183, 0.00643235262892, 0.305188485287, 0.962667532032, 0.103823083867, 0.450178368251, 0.0923168612654, 0.0329459301946, 0.0392644533251, 0.923507255855, 0.062975314865, 0.12529135442, 0.055461492634, 0.0123916375117, 0.176076616634, 0.437253694547, 0.176169379918, 0.00475023948325, 0.0144440376482, 3.0815124879
0.0144440376482, 0.268331944176, 0.126549544758, 0.0125974556645, 0.000464106841148, 0.579815826102, 0.946265897011, 0.145802194427, 0.101367852511, 0.0151507041685, 0.0853288028076, 0.898444239849, 0.284852980183, 0.00643235262892, 0.305188485287, 0.962667532032, 0.103823083867, 0.450178368251, 0.0923168612654, 0.0329459301946, 0.0392644533251, 0.923507255855, 0.062975314865, 0.12529135442, 0.055461492634, 0.0123916375117, 0.176076616634, 0.437253694547, 0.176169379918, 0.00475023948325, 0.0144440376482, 3.0815124879
0.640680569649, 0.0083957830308, 0.045394767678, 0.926308107508, 0.0423195648997, 0.261052597221, 0.327221148798, 0.0644600130129, 0.3716072021, 0.295417458802, 0.302702999406, 0.257517378784, 0.914152655081, 0.0419853975869, 0.191726397615, 0.023919227769, 0.591880833758, 0.213793112646, 0.633187216416, 0.703869266671, 0.0904366776404, 0.452944138133, 0.0988400529375, 0.00562601273893, 0.0288223713469, 0.0825616999277, 0.00532947710507, 0.671040778323, 0.00801517731508, 0.313263964969, 0.640680569649, 1.36918778126
0.640680569649, 0.0083957830308, 0.045394767678, 0.926308107508, 0.0423195648997, 0.261052597221, 0.327221148798, 0.0644600130129, 0.3716072021, 0.295417458802, 0.302702999406, 0.257517378784, 0.914152655081, 0.0419853975869, 0.191726397615, 0.023919227769, 0.591880833758, 0.213793112646, 0.633187216416, 0.703869266671, 0.0904366776404, 0.452944138133, 0.0988400529375, 0.00562601273893, 0.0288223713469, 0.0825616999277, 0.00532947710507, 0.671040778323, 0.00801517731508, 0.313263964969, 0.640680569649, 1.36918778126
0.295420725986, 0.268331944176, 0.0465801556523, 0.135354502146, 0.102745424324, 0.312541167047, 0.943666060881, 0.545882573626, 0.175026354314, 0.0151507041685, 0.0853288028076, 0.989950461543, 0.219348150636, 0.596427597461, 0.318415736252, 0.149795817389, 0.110399457353, 0.450178368251, 0.0923168612654, 0.0329459301946, 0.0162897873383, 0.679912958386, 0.0440493967842, 0.12529135442, 0.0885408546288, 0.0779244870922, 0.800626332096, 0.182433069933, 0.0106264906991, 0.00475023948325, 0.295420725986, 2.32567842584
0.295420725986, 0.268331944176, 0.0465801556523, 0.135354502146, 0.102745424324, 0.312541167047, 0.943666060881, 0.545882573626, 0.175026354314, 0.0151507041685, 0.0853288028076, 0.989950461543, 0.219348150636, 0.596427597461, 0.318415736252, 0.149795817389, 0.110399457353, 0.450178368251, 0.0923168612654, 0.0329459301946, 0.0162897873383, 0.679912958386, 0.0440493967842, 0.12529135442, 0.0885408546288, 0.0779244870922, 0.800626332096, 0.182433069933, 0.0106264906991, 0.00475023948325, 0.295420725986, 2.32567842584
0.261331751661, 0.200779808175, 0.0373176977425, 0.00466309669273, 0.745741380644, 0.0524204100247, 0.416326980705, 0.113420711088, 0.0441935100621, 0.44047500301, 0.0121135735467, 0.257517378784, 0.173306358913, 0.397624857014, 0.646008627097, 0.411010413008, 0.00306196928285, 0.519767565329, 0.623222127056, 0.278139850642, 0.253621001037, 0.197895397053, 0.325278233757, 0.0554486712226, 0.227317999505, 0.0506847698115, 0.109287939866, 0.0428154455654, 0.86268513473, 0.662443495366, 0.261331751661, 2.32790081524
0.261331751661, 0.200779808175, 0.0373176977425, 0.00466309669273, 0.745741380644, 0.0524204100247, 0.416326980705, 0.113420711088, 0.0441935100621, 0.44047500301, 0.0121135735467, 0.257517378784, 0.173306358913, 0.397624857014, 0.646008627097, 0.411010413008, 0.00306196928285, 0.519767565329, 0.623222127056, 0.278139850642, 0.253621001037, 0.197895397053, 0.325278233757, 0.0554486712226, 0.227317999505, 0.0506847698115, 0.109287939866, 0.0428154455654, 0.86268513473, 0.662443495366, 0.261331751661, 2.32790081524
0.826241102943, 0.114361891264, 0.0677024474781, 0.257331951493, 0.972213508072, 0.359702064096, 0.01371072067, 0.854011346422, 0.103411520975, 0.0823409183364, 0.0132535243728, 0.014906352651, 0.872828632527, 0.0136201698866, 0.485165625979, 0.0738721757741, 0.0259825020698, 0.611450652416, 0.030334288997, 0.0602223901948, 0.0219988853101, 0.0147596667311, 0.241647507707, 0.361206003643, 0.316394158066, 0.585823321898, 0.223545737456, 0.00353650272162, 0.0148064640522, 0.00280868372498, 0.826241102943, 0.903668562873
0.826241102943, 0.114361891264, 0.0677024474781, 0.257331951493, 0.972213508072, 0.359702064096, 0.01371072067, 0.854011346422, 0.103411520975, 0.0823409183364, 0.0132535243728, 0.014906352651, 0.872828632527, 0.0136201698866, 0.485165625979, 0.0738721757741, 0.0259825020698, 0.611450652416, 0.030334288997, 0.0602223901948, 0.0219988853101, 0.0147596667311, 0.241647507707, 0.361206003643, 0.316394158066, 0.585823321898, 0.223545737456, 0.00353650272162, 0.0148064640522, 0.00280868372498, 0.826241102943, 0.903668562873
8.65085425846e-05, 0.67314645056, 0.618572064451, 0.777289625462, 0.00906340100204, 0.0886267967623, 0.889171075503, 0.35564035346, 0.34202026185, 0.00690606775958, 0.0132005964885, 0.653725831498, 0.551700903103, 0.442696443991, 0.0293040912909, 0.210936697027, 0.0398378799966, 0.713169222672, 0.470008079351, 0.0285078325741, 0.38123681477, 0.994950673698, 0.262803557869, 0.541854684782, 0.230234501317, 0.141311398398, 0.698635493634, 0.375393127898, 0.2348244889, 0.881995303478, 8.65085425846e-05, 4.59762951469
8.65085425846e-05, 0.67314645056, 0.618572064451, 0.777289625462, 0.00906340100204, 0.0886267967623, 0.889171075503, 0.35564035346, 0.34202026185, 0.00690606775958, 0.0132005964885, 0.653725831498, 0.551700903103, 0.442696443991, 0.0293040912909, 0.210936697027, 0.0398378799966, 0.713169222672, 0.470008079351, 0.0285078325741, 0.38123681477, 0.994950673698, 0.262803557869, 0.541854684782, 0.230234501317, 0.141311398398, 0.698635493634, 0.375393127898, 0.2348244889, 0.881995303478, 8.65085425846e-05, 4.59762951469
0.173301072682, 0.542250990768, 0.0373176977425, 0.0177640240312, 0.459320195609, 0.0356217084972, 0.5291559341, 0.132080579436, 0.0441935100621, 0.133839683194, 0.0945523867346, 0.00518742526384, 0.173306358913, 0.397624857014, 0.646008627097, 0.0180386459703, 0.000753634908183, 0.401343031912, 0.236892137968, 0.278139850642, 0.0325894808474, 0.124822976203, 0.125078926301, 0.0554486712226, 0.397912474871, 0.928554574404, 0.174482702215, 0.263107888171, 0.86268513473, 0.662443495366, 0.173301072682, 2.78255070858
0.173301072682, 0.542250990768, 0.0373176977425, 0.0177640240312, 0.459320195609, 0.0356217084972, 0.5291559341, 0.132080579436, 0.0441935100621, 0.133839683194, 0.0945523867346, 0.00518742526384, 0.173306358913, 0.397624857014, 0.646008627097, 0.0180386459703, 0.000753634908183, 0.401343031912, 0.236892137968, 0.278139850642, 0.0325894808474, 0.124822976203, 0.125078926301, 0.0554486712226, 0.397912474871, 0.928554574404, 0.174482702215, 0.263107888171, 0.86268513473, 0.662443495366, 0.173301072682, 2.78255070858
0.442004725537, 0.327242966781, 0.681485263376, 0.0124448183436, 0.0560113598101, 0.470630691195, 0.385713735257, 0.18154480446, 0.00102423065639, 0.198348136391, 0.0276949327056, 0.110383092589, 0.172142269461, 0.358845505528, 0.696914590524, 0.128905520435, 0.185164575608, 0.0700332973606, 0.19594036543, 0.271194569917, 0.143968568152, 0.999201975136, 0.272280956852, 0.331709229617, 0.134294739498, 0.176788191132, 0.342776536082, 0.976048364178, 0.0249857940802, 0.132556555432, 0.442004725537, 1.83081007533
0.442004725537, 0.327242966781, 0.681485263376, 0.0124448183436, 0.0560113598101, 0.470630691195, 0.385713735257, 0.18154480446, 0.00102423065639, 0.198348136391, 0.0276949327056, 0.110383092589, 0.172142269461, 0.358845505528, 0.696914590524, 0.128905520435, 0.185164575608, 0.0700332973606, 0.19594036543, 0.271194569917, 0.143968568152, 0.999201975136, 0.272280956852, 0.331709229617, 0.134294739498, 0.176788191132, 0.342776536082, 0.976048364178, 0.0249857940802, 0.132556555432, 0.442004725537, 1.83081007533
0.000313052961702, 0.113645889827, 0.17105045777, 0.115962324982, 0.461267759706, 0.197368473925, 0.198632956755, 0.0290468187686, 0.0583543505161, 0.136372954178, 0.0121135735467, 0.0217992599172, 0.173306358913, 0.209992974329, 0.881777311017, 0.0180386459703, 0.591358121515, 0.131737087307, 0.335937741761, 0.278139850642, 0.752648595336, 0.892158995496, 0.320526265053, 0.0554486712226, 0.139071948899, 0.697133574986, 0.616692941056, 0.275761430289, 0.913906849419, 0.540706963688, 0.000313052961702, 3.86366969529
0.000313052961702, 0.113645889827, 0.17105045777, 0.115962324982, 0.461267759706, 0.197368473925, 0.198632956755, 0.0290468187686, 0.0583543505161, 0.136372954178, 0.0121135735467, 0.0217992599172, 0.173306358913, 0.209992974329, 0.881777311017, 0.0180386459703, 0.591358121515, 0.131737087307, 0.335937741761, 0.278139850642, 0.752648595336, 0.892158995496, 0.320526265053, 0.0554486712226, 0.139071948899, 0.697133574986, 0.616692941056, 0.275761430289, 0.913906849419, 0.540706963688, 0.000313052961702, 3.86366969529
0.231053473505, 0.0812589218129, 0.208707512214, 0.201883853534, 0.137950507062, 0.00897682602651, 0.153664275615, 0.412902150604, 0.484775106376, 0.0307380289926, 0.189053954108, 0.78549571414, 0.0822175052904, 0.024169103832, 0.0462417707685, 0.0848668856728, 0.806870878199, 0.000416006776638, 0.00772931372822, 0.241536967039, 0.295245095778, 0.993408004459, 0.577659537892, 0.265974774468, 0.713322378725, 0.134346199487, 0.380280951742, 0.128887001271, 0.213749072373, 0.66954181045, 0.231053473505, 2.49234437061
0.231053473505, 0.0812589218129, 0.208707512214, 0.201883853534, 0.137950507062, 0.00897682602651, 0.153664275615, 0.412902150604, 0.484775106376, 0.0307380289926, 0.189053954108, 0.78549571414, 0.0822175052904, 0.024169103832, 0.0462417707685, 0.0848668856728, 0.806870878199, 0.000416006776638, 0.00772931372822, 0.241536967039, 0.295245095778, 0.993408004459, 0.577659537892, 0.265974774468, 0.713322378725, 0.134346199487, 0.380280951742, 0.128887001271, 0.213749072373, 0.66954181045, 0.231053473505, 2.49234437061
0.214622189589, 0.268331944176, 0.463323806016, 0.24582405939, 0.0937823907103, 0.15585671119, 0.109508068479, 0.0371746902444, 0.175026354314, 0.0927081588994, 0.212092086329, 0.898444239849, 0.143170057046, 0.00643235262892, 0.282885609737, 0.768853016348, 0.110399457353, 0.247878841861, 0.606707106098, 0.0978382334544, 0.0307357609438, 0.679912958386, 0.261991676994, 0.194977911738, 0.00270004454563, 0.243739319153, 0.539991997751, 0.437253694547, 0.132464478989, 0.492998399272, 0.214622189589, 2.53200314054
0.214622189589, 0.268331944176, 0.463323806016, 0.24582405939, 0.0937823907103, 0.15585671119, 0.109508068479, 0.0371746902444, 0.175026354314, 0.0927081588994, 0.212092086329, 0.898444239849, 0.143170057046, 0.00643235262892, 0.282885609737, 0.768853016348, 0.110399457353, 0.247878841861, 0.606707106098, 0.0978382334544, 0.0307357609438, 0.679912958386, 0.261991676994, 0.194977911738, 0.00270004454563, 0.243739319153, 0.539991997751, 0.437253694547, 0.132464478989, 0.492998399272, 0.214622189589, 2.53200314054
0.0980924473503, 0.0812589218129, 0.208707512214, 0.201883853534, 0.110331182884, 0.00897682602651, 0.153664275615, 0.412902150604, 0.484775106376, 0.340866092138, 0.0424179336684, 0.78549571414, 0.0822175052904, 0.024169103832, 0.0462417707685, 0.0848668856728, 0.860061986849, 0.000416006776638, 0.00695169891872, 0.0929516370853, 0.262465729607, 0.932547793844, 0.577659537892, 0.265974774468, 0.713322378725, 0.0256952102298, 0.380280951742, 0.0939771858, 0.213749072373, 0.66954181045, 0.0980924473503, 2.93913711259
0.0980924473503, 0.0812589218129, 0.208707512214, 0.201883853534, 0.110331182884, 0.00897682602651, 0.153664275615, 0.412902150604, 0.484775106376, 0.340866092138, 0.0424179336684, 0.78549571414, 0.0822175052904, 0.024169103832, 0.0462417707685, 0.0848668856728, 0.860061986849, 0.000416006776638, 0.00695169891872, 0.0929516370853, 0.262465729607, 0.932547793844, 0.577659537892, 0.265974774468, 0.713322378725, 0.0256952102298, 0.380280951742, 0.0939771858, 0.213749072373, 0.66954181045, 0.0980924473503, 2.93913711259
0.128586851192, 0.268331944176, 0.0465801556523, 0.135354502146, 0.102745424324, 0.312541167047, 0.943666060881, 0.545882573626, 0.175026354314, 0.0151507041685, 0.0853288028076, 0.989950461543, 0.219348150636, 0.596427597461, 0.318415736252, 0.149795817389, 0.638704667174, 0.450178368251, 0.0923168612654, 0.0329459301946, 0.0162897873383, 0.679912958386, 0.0440493967842, 0.12529135442, 0.0885408546288, 0.0779244870922, 0.392808114889, 0.437253694547, 0.0106264906991, 0.00475023948325, 0.128586851192, 2.91304127507
0.128586851192, 0.268331944176, 0.0465801556523, 0.135354502146, 0.102745424324, 0.312541167047, 0.943666060881, 0.545882573626, 0.175026354314, 0.0151507041685, 0.0853288028076, 0.989950461543, 0.219348150636, 0.596427597461, 0.318415736252, 0.149795817389, 0.638704667174, 0.450178368251, 0.0923168612654, 0.0329459301946, 0.0162897873383, 0.679912958386, 0.0440493967842, 0.12529135442, 0.0885408546288, 0.0779244870922, 0.392808114889, 0.437253694547, 0.0106264906991, 0.00475023948325, 0.128586851192, 2.91304127507
0.000194678593598, 0.610895560088, 0.309889926178, 0.680998456036, 0.00279325433369, 0.0291759048225, 0.82776792434, 0.755786847699, 0.34202026185, 0.214317514033, 0.898310240263, 0.725731701605, 0.0176079112798, 0.432484285587, 0.432015001197, 0.16187292059, 0.00119313119848, 0.163191296441, 0.66416235913, 0.0399686276236, 0.791557044152, 0.0265476640123, 0.0158192161758, 0.351080053599, 0.0721635386076, 0.141311398398, 0.0954204306138, 0.0693322135266, 0.2348244889, 0.482279654275, 0.000194678593598, 3.94854382197
0.000194678593598, 0.610895560088, 0.309889926178, 0.680998456036, 0.00279325433369, 0.0291759048225, 0.82776792434, 0.755786847699, 0.34202026185, 0.214317514033, 0.898310240263, 0.725731701605, 0.0176079112798, 0.432484285587, 0.432015001197, 0.16187292059, 0.00119313119848, 0.163191296441, 0.66416235913, 0.0399686276236, 0.791557044152, 0.0265476640123, 0.0158192161758, 0.351080053599, 0.0721635386076, 0.141311398398, 0.0954204306138, 0.0693322135266, 0.2348244889, 0.482279654275, 0.000194678593598, 3.94854382197
0.640109281337, 0.546899171522, 0.0465801556523, 0.453549547856, 0.102745424324, 0.572335742573, 0.793117835844, 0.545882573626, 0.175026354314, 0.0115944500951, 0.0853288028076, 0.94873659102, 0.219348150636, 0.596427597461, 0.413905548035, 0.149795817389, 0.335906653052, 0.450178368251, 0.0923168612654, 0.0329459301946, 0.0162897873383, 0.460016267814, 0.0440493967842, 0.568649866639, 0.0885408546288, 0.14202886336, 0.392808114889, 0.437253694547, 0.578567030418, 0.00475023948325, 0.640109281337, 1.70091875999
0.640109281337, 0.546899171522, 0.0465801556523, 0.453549547856, 0.102745424324, 0.572335742573, 0.793117835844, 0.545882573626, 0.175026354314, 0.0115944500951, 0.0853288028076, 0.94873659102, 0.219348150636, 0.596427597461, 0.413905548035, 0.149795817389, 0.335906653052, 0.450178368251, 0.0923168612654, 0.0329459301946, 0.0162897873383, 0.460016267814, 0.0440493967842, 0.568649866639, 0.0885408546288, 0.14202886336, 0.392808114889, 0.437253694547, 0.578567030418, 0.00475023948325, 0.640109281337, 1.70091875999
0.627295389999, 0.0214195820849, 0.000743622329591, 0.264956421447, 0.284986567927, 0.0544846097508, 0.23989351153, 0.0303705290689, 0.18569366663, 0.315834659091, 0.122569696157, 0.868195964633, 0.0116644362315, 0.124826910194, 0.182765806061, 0.560249942363, 0.222808200129, 0.392311590158, 0.59577001487, 0.598004101595, 0.267739314937, 0.0402893258485, 0.83303735118, 0.198088060926, 0.0398372034459, 0.00964049760155, 0.937321372103, 0.292318848679, 0.936559582534, 0.11610013683, 0.627295389999, 1.7141004182
0.627295389999, 0.0214195820849, 0.000743622329591, 0.264956421447, 0.284986567927, 0.0544846097508, 0.23989351153, 0.0303705290689, 0.18569366663, 0.315834659091, 0.122569696157, 0.868195964633, 0.0116644362315, 0.124826910194, 0.182765806061, 0.560249942363, 0.222808200129, 0.392311590158, 0.59577001487, 0.598004101595, 0.267739314937, 0.0402893258485, 0.83303735118, 0.198088060926, 0.0398372034459, 0.00964049760155, 0.937321372103, 0.292318848679, 0.936559582534, 0.11610013683, 0.627295389999, 1.7141004182
0.000736318331577, 0.113645889827, 0.0373176977425, 0.178712414043, 0.645724463229, 0.0356217084972, 0.5291559341, 0.132080579436, 0.0441935100621, 0.409252674864, 0.00540942113808, 0.0217992599172, 0.173306358913, 0.397624857014, 0.772359741075, 0.0180386459703, 0.00500154504108, 0.519767565329, 0.236892137968, 0.278139850642, 0.0325894808474, 0.197895397053, 0.125078926301, 0.0554486712226, 0.397912474871, 0.928554574404, 0.174482702215, 0.0392383302692, 0.86268513473, 0.662443495366, 0.000736318331577, 3.44145925375
0.000736318331577, 0.113645889827, 0.0373176977425, 0.178712414043, 0.645724463229, 0.0356217084972, 0.5291559341, 0.132080579436, 0.0441935100621, 0.409252674864, 0.00540942113808, 0.0217992599172, 0.173306358913, 0.397624857014, 0.772359741075, 0.0180386459703, 0.00500154504108, 0.519767565329, 0.236892137968, 0.278139850642, 0.0325894808474, 0.197895397053, 0.125078926301, 0.0554486712226, 0.397912474871, 0.928554574404, 0.174482702215, 0.0392383302692, 0.86268513473, 0.662443495366, 0.000736318331577, 3.44145925375
0.00210422200086, 0.113645889827, 0.17105045777, 0.177350734568, 0.223669726384, 0.0136398328268, 0.416326980705, 0.132080579436, 0.0132454931589, 0.130782284915, 0.0121135735467, 0.0217992599172, 0.379394843536, 0.397624857014, 0.932343781945, 0.000392488855281, 0.0120087604152, 0.131737087307, 0.236892137968, 0.278139850642, 0.0636380560517, 0.936176563133, 0.234147111379, 0.0554486712226, 0.139071948899, 0.928554574404, 0.633335997685, 0.187658732338, 0.455597669589, 0.540706963688, 0.00210422200086, 3.38738030704
0.00210422200086, 0.113645889827, 0.17105045777, 0.177350734568, 0.223669726384, 0.0136398328268, 0.416326980705, 0.132080579436, 0.0132454931589, 0.130782284915, 0.0121135735467, 0.0217992599172, 0.379394843536, 0.397624857014, 0.932343781945, 0.000392488855281, 0.0120087604152, 0.131737087307, 0.236892137968, 0.278139850642, 0.0636380560517, 0.936176563133, 0.234147111379, 0.0554486712226, 0.139071948899, 0.928554574404, 0.633335997685, 0.187658732338, 0.455597669589, 0.540706963688, 0.00210422200086, 3.38738030704
0.0144440376482, 0.268331944176, 0.463323806016, 0.0125974556645, 0.192206824776, 0.579815826102, 0.793117835844, 0.145802194427, 0.0463739045846, 0.0151507041685, 0.0816951431612, 0.735672167925, 0.284852980183, 0.00643235262892, 0.305188485287, 0.962667532032, 0.110399457353, 0.450178368251, 0.0923168612654, 0.0329459301946, 0.0392644533251, 0.33886025124, 0.062975314865, 0.318650028118, 0.0776430341644, 0.0123916375117, 0.276164577168, 0.615342156967, 0.176169379918, 0.00169193696854, 0.0144440376482, 3.10148653864
0.0144440376482, 0.268331944176, 0.463323806016, 0.0125974556645, 0.192206824776, 0.579815826102, 0.793117835844, 0.145802194427, 0.0463739045846, 0.0151507041685, 0.0816951431612, 0.735672167925, 0.284852980183, 0.00643235262892, 0.305188485287, 0.962667532032, 0.110399457353, 0.450178368251, 0.0923168612654, 0.0329459301946, 0.0392644533251, 0.33886025124, 0.062975314865, 0.318650028118, 0.0776430341644, 0.0123916375117, 0.276164577168, 0.615342156967, 0.176169379918, 0.00169193696854, 0.0144440376482, 3.10148653864
0.640680569649, 0.016572491201, 0.045394767678, 0.938103121332, 0.041913694196, 0.261052597221, 0.327221148798, 0.0644600130129, 0.3716072021, 0.259431939598, 0.302702999406, 0.257517378784, 0.914152655081, 0.0419853975869, 0.191726397615, 0.023919227769, 0.591880833758, 0.341877268764, 0.633187216416, 0.703869266671, 0.0904366776404, 0.452944138133, 0.19852959366, 0.00562601273893, 0.0288223713469, 0.1717673601, 0.125080017923, 0.671040778323, 0.00801517731508, 0.313263964969, 0.640680569649, 1.47188089701
0.640680569649, 0.016572491201, 0.045394767678, 0.938103121332, 0.041913694196, 0.261052597221, 0.327221148798, 0.0644600130129, 0.3716072021, 0.259431939598, 0.302702999406, 0.257517378784, 0.914152655081, 0.0419853975869, 0.191726397615, 0.023919227769, 0.591880833758, 0.341877268764, 0.633187216416, 0.703869266671, 0.0904366776404, 0.452944138133, 0.19852959366, 0.00562601273893, 0.0288223713469, 0.1717673601, 0.125080017923, 0.671040778323, 0.00801517731508, 0.313263964969, 0.640680569649, 1.47188089701
0.261331751661, 0.113645889827, 0.0373176977425, 0.0177640240312, 0.745741380644, 0.0524204100247, 0.416326980705, 0.132080579436, 0.0441935100621, 0.44047500301, 0.0121135735467, 0.0495680951994, 0.173306358913, 0.397624857014, 0.646008627097, 0.0180386459703, 0.00306196928285, 0.519767565329, 0.623222127056, 0.278139850642, 0.253621001037, 0.197895397053, 0.168951933089, 0.0554486712226, 0.227317999505, 0.928554574404, 0.174482702215, 0.0428154455654, 0.86268513473, 0.662443495366, 0.261331751661, 2.3628947177
0.261331751661, 0.113645889827, 0.0373176977425, 0.0177640240312, 0.745741380644, 0.0524204100247, 0.416326980705, 0.132080579436, 0.0441935100621, 0.44047500301, 0.0121135735467, 0.0495680951994, 0.173306358913, 0.397624857014, 0.646008627097, 0.0180386459703, 0.00306196928285, 0.519767565329, 0.623222127056, 0.278139850642, 0.253621001037, 0.197895397053, 0.168951933089, 0.0554486712226, 0.227317999505, 0.928554574404, 0.174482702215, 0.0428154455654, 0.86268513473, 0.662443495366, 0.261331751661, 2.3628947177
0.826241102943, 0.133180443365, 0.0677024474781, 0.257331951493, 0.972213508072, 0.0767698896451, 0.0806187267082, 0.615695948443, 0.00195633188699, 0.0823409183364, 0.0016305086763, 0.0137660931491, 0.745187791577, 0.100786998849, 0.485165625979, 0.474070614507, 0.0262952593002, 0.611450652416, 0.00881765366179, 0.0602223901948, 0.0219988853101, 0.00501939194415, 0.0167915796591, 0.392194548999, 0.316394158066, 0.585823321898, 0.901313186383, 0.017234701464, 0.0123482175532, 0.00328200554219, 0.826241102943, 0.967102470136
0.826241102943, 0.133180443365, 0.0677024474781, 0.257331951493, 0.972213508072, 0.0767698896451, 0.0806187267082, 0.615695948443, 0.00195633188699, 0.0823409183364, 0.0016305086763, 0.0137660931491, 0.745187791577, 0.100786998849, 0.485165625979, 0.474070614507, 0.0262952593002, 0.611450652416, 0.00881765366179, 0.0602223901948, 0.0219988853101, 0.00501939194415, 0.0167915796591, 0.392194548999, 0.316394158066, 0.585823321898, 0.901313186383, 0.017234701464, 0.0123482175532, 0.00328200554219, 0.826241102943, 0.967102470136
8.65085425846e-05, 0.67314645056, 0.618572064451, 0.777289625462, 0.00906340100204, 0.0886267967623, 0.889171075503, 0.35564035346, 0.34202026185, 0.00690606775958, 0.0132005964885, 0.653725831498, 0.551700903103, 0.271862371701, 0.0293040912909, 0.210936697027, 0.0398378799966, 0.442179150806, 0.455535563619, 0.0285078325741, 0.887153027285, 0.948409312931, 0.262803557869, 0.541854684782, 0.230234501317, 0.141311398398, 0.698635493634, 0.375393127898, 0.2348244889, 0.881995303478, 8.65085425846e-05, 4.59858274828
8.65085425846e-05, 0.67314645056, 0.618572064451, 0.777289625462, 0.00906340100204, 0.0886267967623, 0.889171075503, 0.35564035346, 0.34202026185, 0.00690606775958, 0.0132005964885, 0.653725831498, 0.551700903103, 0.271862371701, 0.0293040912909, 0.210936697027, 0.0398378799966, 0.442179150806, 0.455535563619, 0.0285078325741, 0.887153027285, 0.948409312931, 0.262803557869, 0.541854684782, 0.230234501317, 0.141311398398, 0.698635493634, 0.375393127898, 0.2348244889, 0.881995303478, 8.65085425846e-05, 4.59858274828
0.173301072682, 0.425603185146, 0.0312055256103, 0.0177640240312, 0.459320195609, 0.0356217084972, 0.5291559341, 0.132080579436, 0.00395439184348, 0.44047500301, 0.0945523867346, 0.0217992599172, 0.173306358913, 0.397624857014, 0.646008627097, 0.0180386459703, 0.000753634908183, 0.519767565329, 0.236892137968, 0.278139850642, 0.0325894808474, 0.197895397053, 0.125078926301, 0.0554486712226, 0.397912474871, 0.928554574404, 0.174482702215, 0.0428154455654, 0.86268513473, 0.662443495366, 0.173301072682, 2.81877089879
0.173301072682, 0.425603185146, 0.0312055256103, 0.0177640240312, 0.459320195609, 0.0356217084972, 0.5291559341, 0.132080579436, 0.00395439184348, 0.44047500301, 0.0945523867346, 0.0217992599172, 0.173306358913, 0.397624857014, 0.646008627097, 0.0180386459703, 0.000753634908183, 0.519767565329, 0.236892137968, 0.278139850642, 0.0325894808474, 0.197895397053, 0.125078926301, 0.0554486712226, 0.397912474871, 0.928554574404, 0.174482702215, 0.0428154455654, 0.86268513473, 0.662443495366, 0.173301072682, 2.81877089879
0.442004725537, 0.327242966781, 0.721149762419, 0.0115210277282, 0.103797296716, 0.62465104683, 0.137633785876, 0.18154480446, 0.7766687419, 0.0438412777003, 0.0623626251439, 0.0555636123818, 0.42702983816, 0.358845505528, 0.135559484628, 0.128905520435, 0.00349649892402, 0.29982140444, 0.286589491296, 0.154392811115, 0.0833153036043, 0.976331893112, 0.588396038682, 0.351334224727, 0.134294739498, 0.231616737139, 0.147024019729, 0.733753415237, 0.0212254364011, 0.132556555432, 0.442004725537, 1.87530497787
0.442004725537, 0.327242966781, 0.721149762419, 0.0115210277282, 0.103797296716, 0.62465104683, 0.137633785876, 0.18154480446, 0.7766687419, 0.0438412777003, 0.0623626251439, 0.0555636123818, 0.42702983816, 0.358845505528, 0.135559484628, 0.128905520435, 0.00349649892402, 0.29982140444, 0.286589491296, 0.154392811115, 0.0833153036043, 0.976331893112, 0.588396038682, 0.351334224727, 0.134294739498, 0.231616737139, 0.147024019729, 0.733753415237, 0.0212254364011, 0.132556555432, 0.442004725537, 1.87530497787
0.000313052961702, 0.113645889827, 0.17105045777, 0.115962324982, 0.461267759706, 0.197368473925, 0.632791203462, 0.0290468187686, 0.0583543505161, 0.136372954178, 0.0121135735467, 0.0217992599172, 0.173306358913, 0.480424314455, 0.881777311017, 0.0180386459703, 0.02508991536, 0.131737087307, 0.198478742769, 0.278139850642, 0.752648595336, 0.892158995496, 0.320526265053, 0.0554486712226, 0.139071948899, 0.697133574986, 0.616692941056, 0.275761430289, 0.913906849419, 0.540706963688, 0.000313052961702, 3.86393613187
0.000313052961702, 0.113645889827, 0.17105045777, 0.115962324982, 0.461267759706, 0.197368473925, 0.632791203462, 0.0290468187686, 0.0583543505161, 0.136372954178, 0.0121135735467, 0.0217992599172, 0.173306358913, 0.480424314455, 0.881777311017, 0.0180386459703, 0.02508991536, 0.131737087307, 0.198478742769, 0.278139850642, 0.752648595336, 0.892158995496, 0.320526265053, 0.0554486712226, 0.139071948899, 0.697133574986, 0.616692941056, 0.275761430289, 0.913906849419, 0.540706963688, 0.000313052961702, 3.86393613187
0.214622189589, 0.268331944176, 0.463323806016, 0.24582405939, 0.0937823907103, 0.15585671119, 0.109508068479, 0.0371746902444, 0.175026354314, 0.0927081588994, 0.212092086329, 0.898444239849, 0.143170057046, 0.00643235262892, 0.282885609737, 0.768853016348, 0.110399457353, 0.247878841861, 0.606707106098, 0.0978382334544, 0.0307357609438, 0.679912958386, 0.261991676994, 0.261180854108, 0.00899955717142, 0.243739319153, 0.539991997751, 0.437253694547, 0.176169379918, 0.492998399272, 0.214622189589, 2.56360919116
0.214622189589, 0.268331944176, 0.463323806016, 0.24582405939, 0.0937823907103, 0.15585671119, 0.109508068479, 0.0371746902444, 0.175026354314, 0.0927081588994, 0.212092086329, 0.898444239849, 0.143170057046, 0.00643235262892, 0.282885609737, 0.768853016348, 0.110399457353, 0.247878841861, 0.606707106098, 0.0978382334544, 0.0307357609438, 0.679912958386, 0.261991676994, 0.261180854108, 0.00899955717142, 0.243739319153, 0.539991997751, 0.437253694547, 0.176169379918, 0.492998399272, 0.214622189589, 2.56360919116
0.165298469979, 0.268331944176, 0.475062193874, 0.0125974556645, 0.102745424324, 0.579815826102, 0.793117835844, 0.00377873126899, 0.0463739045846, 0.0151507041685, 0.0853288028076, 0.939623086872, 0.284852980183, 0.00643235262892, 0.305188485287, 0.962667532032, 0.575938545255, 0.450178368251, 0.0923168612654, 0.0329459301946, 0.0392644533251, 0.679912958386, 0.062975314865, 0.12529135442, 0.179253360916, 0.0123916375117, 0.392808114889, 0.615342156967, 0.0389121408585, 0.00329800101367, 0.165298469979, 2.9209112904
0.165298469979, 0.268331944176, 0.475062193874, 0.0125974556645, 0.102745424324, 0.579815826102, 0.793117835844, 0.00377873126899, 0.0463739045846, 0.0151507041685, 0.0853288028076, 0.939623086872, 0.284852980183, 0.00643235262892, 0.305188485287, 0.962667532032, 0.575938545255, 0.450178368251, 0.0923168612654, 0.0329459301946, 0.0392644533251, 0.679912958386, 0.062975314865, 0.12529135442, 0.179253360916, 0.0123916375117, 0.392808114889, 0.615342156967, 0.0389121408585, 0.00329800101367, 0.165298469979, 2.9209112904
0.000194678593598, 0.610895560088, 0.309889926178, 0.680998456036, 0.00279325433369, 0.0291759048225, 0.82776792434, 0.755786847699, 0.34202026185, 0.495831009406, 0.898310240263, 0.725731701605, 0.0176079112798, 0.432484285587, 0.783337883871, 0.16187292059, 0.00119313119848, 0.171819956784, 0.66416235913, 0.0399686276236, 0.791557044152, 0.0265476640123, 0.0158192161758, 0.351080053599, 0.0721635386076, 0.141311398398, 0.0954204306138, 0.234236799616, 0.2348244889, 0.482279654275, 0.000194678593598, 4.19793430525
0.000194678593598, 0.610895560088, 0.309889926178, 0.680998456036, 0.00279325433369, 0.0291759048225, 0.82776792434, 0.755786847699, 0.34202026185, 0.495831009406, 0.898310240263, 0.725731701605, 0.0176079112798, 0.432484285587, 0.783337883871, 0.16187292059, 0.00119313119848, 0.171819956784, 0.66416235913, 0.0399686276236, 0.791557044152, 0.0265476640123, 0.0158192161758, 0.351080053599, 0.0721635386076, 0.141311398398, 0.0954204306138, 0.234236799616, 0.2348244889, 0.482279654275, 0.000194678593598, 4.19793430525
0.627295389999, 0.0234869040169, 0.332662439682, 0.233325383777, 0.284986567927, 0.0134277461023, 0.3952896407, 0.0303705290689, 0.623362681527, 0.0151507041685, 0.0862377117158, 0.104992650154, 0.338647662984, 0.124826910194, 0.613900914296, 0.560249942363, 0.42945710818, 0.341182880177, 0.59577001487, 0.351152690572, 0.267739314937, 0.0402893258485, 0.83303735118, 0.137651280861, 0.0546063629129, 0.504788098915, 0.210364873746, 0.244283349371, 0.936559582534, 0.11610013683, 0.627295389999, 1.73764114731
0.627295389999, 0.0234869040169, 0.332662439682, 0.233325383777, 0.284986567927, 0.0134277461023, 0.3952896407, 0.0303705290689, 0.623362681527, 0.0151507041685, 0.0862377117158, 0.104992650154, 0.338647662984, 0.124826910194, 0.613900914296, 0.560249942363, 0.42945710818, 0.341182880177, 0.59577001487, 0.351152690572, 0.267739314937, 0.0402893258485, 0.83303735118, 0.137651280861, 0.0546063629129, 0.504788098915, 0.210364873746, 0.244283349371, 0.936559582534, 0.11610013683, 0.627295389999, 1.73764114731
0.000736318331577, 0.113645889827, 0.0373176977425, 0.0631866426195, 0.77954818414, 0.0312144448999, 0.302045714012, 0.132080579436, 0.00223549412895, 0.000826878322313, 0.559831610631, 0.00390167721146, 0.173306358913, 0.397624857014, 0.835516306809, 0.0180386459703, 0.00593442888093, 0.519767565329, 0.293131384938, 0.117938422637, 0.253621001037, 0.197895397053, 0.168951933089, 0.0526886310911, 0.285066723269, 0.928554574404, 0.235455635178, 0.0428154455654, 0.86268513473, 0.662443495366, 0.000736318331577, 3.4559080331
0.000736318331577, 0.113645889827, 0.0373176977425, 0.0631866426195, 0.77954818414, 0.0312144448999, 0.302045714012, 0.132080579436, 0.00223549412895, 0.000826878322313, 0.559831610631, 0.00390167721146, 0.173306358913, 0.397624857014, 0.835516306809, 0.0180386459703, 0.00593442888093, 0.519767565329, 0.293131384938, 0.117938422637, 0.253621001037, 0.197895397053, 0.168951933089, 0.0526886310911, 0.285066723269, 0.928554574404, 0.235455635178, 0.0428154455654, 0.86268513473, 0.662443495366, 0.000736318331577, 3.4559080331
0.00785401227112, 0.268331944176, 0.463323806016, 0.0125974556645, 0.000464106841148, 0.579815826102, 0.946265897011, 0.145802194427, 0.101367852511, 0.49233482155, 0.0853288028076, 0.898444239849, 0.284852980183, 0.00643235262892, 0.305188485287, 0.962667532032, 0.110399457353, 0.450178368251, 0.0923168612654, 0.0329459301946, 0.0392644533251, 0.923507255855, 0.062975314865, 0.12529135442, 0.055461492634, 0.0123916375117, 0.176076616634, 0.437253694547, 0.176169379918, 0.00475023948325, 0.00785401227112, 3.39187197064
0.00785401227112, 0.268331944176, 0.463323806016, 0.0125974556645, 0.000464106841148, 0.579815826102, 0.946265897011, 0.145802194427, 0.101367852511, 0.49233482155, 0.0853288028076, 0.898444239849, 0.284852980183, 0.00643235262892, 0.305188485287, 0.962667532032, 0.110399457353, 0.450178368251, 0.0923168612654, 0.0329459301946, 0.0392644533251, 0.923507255855, 0.062975314865, 0.12529135442, 0.055461492634, 0.0123916375117, 0.176076616634, 0.437253694547, 0.176169379918, 0.00475023948325, 0.00785401227112, 3.39187197064
0.0194111320936, 0.127524167081, 0.463323806016, 0.264647431773, 0.102745424324, 0.460627553116, 0.133534995199, 0.130777122513, 0.175026354314, 0.0151507041685, 0.0853288028076, 0.801126393167, 0.22383261029, 0.00643235262892, 0.318415736252, 0.754308567624, 0.381231500967, 0.810881621209, 0.0923168612654, 0.0329459301946, 0.0162897873383, 0.679912958386, 0.062975314865, 0.12529135442, 0.0885408546288, 0.07343933076, 0.392808114889, 0.634738176033, 0.176169379918, 0.00408466117673, 0.0194111320936, 3.10244987632
0.0194111320936, 0.127524167081, 0.463323806016, 0.264647431773, 0.102745424324, 0.460627553116, 0.133534995199, 0.130777122513, 0.175026354314, 0.0151507041685, 0.0853288028076, 0.801126393167, 0.22383261029, 0.00643235262892, 0.318415736252, 0.754308567624, 0.381231500967, 0.810881621209, 0.0923168612654, 0.0329459301946, 0.0162897873383, 0.679912958386, 0.062975314865, 0.12529135442, 0.0885408546288, 0.07343933076, 0.392808114889, 0.634738176033, 0.176169379918, 0.00408466117673, 0.0194111320936, 3.10244987632
0.0144440376482, 0.268331944176, 0.463323806016, 0.391042681309, 0.102745424324, 0.579815826102, 0.793964756039, 0.23558240195, 0.0463739045846, 0.0151507041685, 0.0816951431612, 0.823802789253, 0.284852980183, 0.00643235262892, 0.305188485287, 0.962667532032, 0.110399457353, 0.450178368251, 0.0923168612654, 0.0329459301946, 0.0392644533251, 0.679912958386, 0.062975314865, 0.12529135442, 0.0885408546288, 0.0123916375117, 0.276164577168, 0.615342156967, 0.176169379918, 0.0290850632302, 0.0144440376482, 3.29778225076
0.0144440376482, 0.268331944176, 0.463323806016, 0.391042681309, 0.102745424324, 0.579815826102, 0.793964756039, 0.23558240195, 0.0463739045846, 0.0151507041685, 0.0816951431612, 0.823802789253, 0.284852980183, 0.00643235262892, 0.305188485287, 0.962667532032, 0.110399457353, 0.450178368251, 0.0923168612654, 0.0329459301946, 0.0392644533251, 0.679912958386, 0.062975314865, 0.12529135442, 0.0885408546288, 0.0123916375117, 0.276164577168, 0.615342156967, 0.176169379918, 0.0290850632302, 0.0144440376482, 3.29778225076
0.640680569649, 0.016572491201, 0.202593368872, 0.926308107508, 0.0423195648997, 0.261052597221, 0.327221148798, 0.0644600130129, 0.3716072021, 0.295417458802, 0.302702999406, 0.257517378784, 0.914152655081, 0.0419853975869, 0.643068792755, 0.023919227769, 0.591880833758, 0.213793112646, 0.633187216416, 0.703869266671, 0.0904366776404, 0.452944138133, 0.0988400529375, 0.289740246677, 0.0288223713469, 0.0825616999277, 0.00332784497382, 0.671040778323, 0.00801517731508, 0.313263964969, 0.640680569649, 1.58940053389
0.640680569649, 0.016572491201, 0.202593368872, 0.926308107508, 0.0423195648997, 0.261052597221, 0.327221148798, 0.0644600130129, 0.3716072021, 0.295417458802, 0.302702999406, 0.257517378784, 0.914152655081, 0.0419853975869, 0.643068792755, 0.023919227769, 0.591880833758, 0.213793112646, 0.633187216416, 0.703869266671, 0.0904366776404, 0.452944138133, 0.0988400529375, 0.289740246677, 0.0288223713469, 0.0825616999277, 0.00332784497382, 0.671040778323, 0.00801517731508, 0.313263964969, 0.640680569649, 1.58940053389
0.826241102943, 0.133180443365, 0.0677024474781, 0.257331951493, 0.972213508072, 0.0282131006305, 0.0806187267082, 0.615695948443, 0.00195633188699, 0.0823409183364, 0.0016305086763, 0.0137660931491, 0.772048318571, 0.100786998849, 0.485165625979, 0.577433965212, 0.0255511657588, 0.549545035091, 0.00881765366179, 0.0602223901948, 0.0219988853101, 0.00501939194415, 0.0167915796591, 0.392194548999, 0.316394158066, 0.585823321898, 0.901313186383, 0.017234701464, 0.0123482175532, 0.00328200554219, 0.826241102943, 0.971505522463
0.826241102943, 0.133180443365, 0.0677024474781, 0.257331951493, 0.972213508072, 0.0282131006305, 0.0806187267082, 0.615695948443, 0.00195633188699, 0.0823409183364, 0.0016305086763, 0.0137660931491, 0.772048318571, 0.100786998849, 0.485165625979, 0.577433965212, 0.0255511657588, 0.549545035091, 0.00881765366179, 0.0602223901948, 0.0219988853101, 0.00501939194415, 0.0167915796591, 0.392194548999, 0.316394158066, 0.585823321898, 0.901313186383, 0.017234701464, 0.0123482175532, 0.00328200554219, 0.826241102943, 0.971505522463
