0.858781743589, 0.482794877488, 0.853448116357, 0.630337300254, 0.388815514688, 0.410565696036, 0.131170166679, 0.472552460155, 0.117053384967, 0.439249095665, 0.697881995505, 0.915436793518, 0.322632149438, 0.807484241196, 0.393182602765, 0.0601866915545, 0.144291603335, 0.351571851795, 0.41967219129, 0.158153998453, 0.60279153451, 0.324996327408, 0.434882469632, 0.511866263716, 0.418052081613, 0.0721094775722, 0.488066683999, 0.405250786707, 0.284738512234, 0.597842193798, 0.858781743589, 1.96606264195
0.00271843096882, 0.601421122919, 0.174207830479, 0.0310505785379, 0.788740323097, 0.495958873067, 0.144512944898, 0.798835274743, 0.944510487227, 0.0358983618078, 0.308499382298, 0.544503367755, 0.94577454298, 0.316233312955, 0.45972492514, 0.165711351336, 0.966666363176, 0.31692372763, 0.489075067482, 0.147835821974, 0.821231499786, 0.228041489947, 0.150018496722, 0.36949350768, 0.702701442801, 0.445643030846, 0.348753273646, 0.672031072331, 0.485729051481, 0.822717056374, 0.00271843096882, 5.13889420407
0.835825108859, 0.593057715572, 0.0937053703039, 0.5906261503, 0.410490608132, 0.529691898265, 0.186770510231, 0.359214950323, 0.806843901098, 0.0710371365087, 0.423453897411, 0.360980123124, 0.634437859744, 0.55909485815, 0.0111195678665, 0.855629126336, 0.0794882825919, 0.227035626853, 0.348039099021, 0.258698407671, 0.116949938139, 0.430293442428, 0.975859524344, 0.427125838395, 0.259807921757, 0.330957278785, 0.759630239354, 0.439550993327, 0.426856631684, 0.877471833649, 0.835825108859, 2.09173253648
0.298083249798, 0.00515778330472, 0.167535448694, 0.742936439165, 0.626897546205, 0.150792838903, 0.740073904354, 0.140511949206, 0.629611465043, 0.154046229206, 0.150515687429, 0.255606226789, 0.876518240123, 0.0741625265687, 0.10920044864, 0.897776966968, 0.25444608115, 0.771009720264, 0.463733750518, 0.371535160667, 0.142919743488, 0.88126405768, 0.864013086837, 0.420446148824, 0.118858862612, 0.0959751705657, 0.106949931832, 0.0572266548901, 0.927795366474, 0.214343295238, 0.298083249798, 3.36015341809
0.636423936247, 0.425686803934, 0.277389572207, 0.525660499082, 0.131280355001, 0.432838447471, 0.711554715144, 0.550033349384, 0.727346696289, 0.356513569163, 0.942207648589, 0.0689435423124, 0.0610567018457, 0.0949409830794, 0.643370513324, 0.296400101557, 0.414075585542, 0.484031132391, 0.336030569104, 0.589574912393, 0.505540710495, 0.107338616974, 0.507815575473, 0.645730012241, 0.127233685451, 0.633168357561, 0.490117472416, 0.519161517633, 0.55402761416, 0.330732066665, 0.636423936247, 2.53511655797
0.10413328962, 0.265846279857, 0.746244778515, 0.948109004739, 0.0108747608456, 0.0839085367765, 0.0510260149779, 0.156707942575, 0.232198149442, 0.305444050908, 0.44911986815, 0.0770125060813, 0.102028875409, 0.0187245942628, 0.147339996937, 0.603294552905, 0.920185910973, 0.317436549756, 0.105448879211, 0.0706005359372, 0.100334483338, 0.664592134633, 0.312598598667, 0.223459834105, 0.0732373209842, 0.566027673228, 0.65603703508, 0.565188052104, 0.368524380568, 0.633882771411, 0.10413328962, 3.39912798818
0.0356991273885, 0.532581645425, 0.65059574201, 0.374703302258, 0.849464268079, 0.529992705279, 0.202492199963, 0.00414189117717, 0.12738686536, 0.723668169357, 0.436967080467, 0.32028213692, 0.522340162083, 0.244329977809, 0.324852159313, 0.16137882669, 0.470379723293, 0.0507565706039, 0.993482990425, 0.402675919263, 0.697458839662, 0.849048411228, 0.289766142698, 0.966040180564, 0.00573433685389, 0.146247580005, 0.167616249327, 0.0884148754113, 0.372293234531, 0.962610710302, 0.0356991273885, 4.42020227128
0.428562116822, 0.375795545521, 0.333602079984, 0.487940248148, 0.211230120757, 0.842040678773, 0.0826428947448, 0.488352685018, 0.686787232143, 0.287297918483, 0.547661299197, 0.859383245872, 0.549393709127, 0.222112678582, 0.0333482986302, 0.932917546667, 0.0249030170974, 0.272837417703, 0.00880832125471, 0.267662534094, 0.332296262964, 0.0113980650882, 0.787386400336, 0.214812586814, 0.187154546876, 0.956859116383, 0.115276090814, 0.0270714715804, 0.221728345764, 0.509939585046, 0.428562116822, 2.67167617995
0.858781743589, 0.482794877488, 0.853448116357, 0.630337300254, 0.388815514688, 0.410565696036, 0.131170166679, 0.472552460155, 0.117053384967, 0.439249095665, 0.697881995505, 0.915436793518, 0.322632149438, 0.807484241196, 0.393182602765, 0.0601866915545, 0.144291603335, 0.351571851795, 0.41967219129, 0.158153998453, 0.60279153451, 0.324996327408, 0.434882469632, 0.511866263716, 0.418052081613, 0.0721094775722, 0.488066683999, 0.405250786707, 0.284738512234, 0.597842193798, 0.858781743589, 1.96606264195
0.00271843096882, 0.601421122919, 0.174207830479, 0.0310505785379, 0.788740323097, 0.495958873067, 0.144512944898, 0.798835274743, 0.944510487227, 0.0358983618078, 0.308499382298, 0.544503367755, 0.94577454298, 0.316233312955, 0.45972492514, 0.165711351336, 0.966666363176, 0.31692372763, 0.489075067482, 0.147835821974, 0.821231499786, 0.228041489947, 0.150018496722, 0.36949350768, 0.702701442801, 0.445643030846, 0.348753273646, 0.672031072331, 0.485729051481, 0.822717056374, 0.00271843096882, 5.13889420407
0.835825108859, 0.593057715572, 0.0937053703039, 0.5906261503, 0.410490608132, 0.529691898265, 0.186770510231, 0.359214950323, 0.806843901098, 0.0710371365087, 0.423453897411, 0.360980123124, 0.634437859744, 0.55909485815, 0.0111195678665, 0.855629126336, 0.0794882825919, 0.227035626853, 0.348039099021, 0.258698407671, 0.116949938139, 0.430293442428, 0.975859524344, 0.427125838395, 0.259807921757, 0.330957278785, 0.759630239354, 0.439550993327, 0.426856631684, 0.877471833649, 0.835825108859, 2.09173253648
0.298083249798, 0.00515778330472, 0.167535448694, 0.742936439165, 0.626897546205, 0.150792838903, 0.740073904354, 0.140511949206, 0.629611465043, 0.154046229206, 0.150515687429, 0.255606226789, 0.876518240123, 0.0741625265687, 0.10920044864, 0.897776966968, 0.25444608115, 0.771009720264, 0.463733750518, 0.371535160667, 0.142919743488, 0.88126405768, 0.864013086837, 0.420446148824, 0.118858862612, 0.0959751705657, 0.106949931832, 0.0572266548901, 0.927795366474, 0.214343295238, 0.298083249798, 3.36015341809
0.636423936247, 0.425686803934, 0.277389572207, 0.525660499082, 0.131280355001, 0.432838447471, 0.711554715144, 0.550033349384, 0.727346696289, 0.356513569163, 0.942207648589, 0.0689435423124, 0.0610567018457, 0.0949409830794, 0.643370513324, 0.296400101557, 0.414075585542, 0.484031132391, 0.336030569104, 0.589574912393, 0.505540710495, 0.107338616974, 0.507815575473, 0.645730012241, 0.127233685451, 0.633168357561, 0.490117472416, 0.519161517633, 0.55402761416, 0.330732066665, 0.636423936247, 2.53511655797
0.10413328962, 0.265846279857, 0.746244778515, 0.948109004739, 0.0108747608456, 0.0839085367765, 0.0510260149779, 0.156707942575, 0.232198149442, 0.305444050908, 0.44911986815, 0.0770125060813, 0.102028875409, 0.0187245942628, 0.147339996937, 0.603294552905, 0.920185910973, 0.317436549756, 0.105448879211, 0.0706005359372, 0.100334483338, 0.664592134633, 0.312598598667, 0.223459834105, 0.0732373209842, 0.566027673228, 0.65603703508, 0.565188052104, 0.368524380568, 0.633882771411, 0.10413328962, 3.39912798818
0.0356991273885, 0.532581645425, 0.65059574201, 0.374703302258, 0.849464268079, 0.529992705279, 0.202492199963, 0.00414189117717, 0.12738686536, 0.723668169357, 0.436967080467, 0.32028213692, 0.522340162083, 0.244329977809, 0.324852159313, 0.16137882669, 0.470379723293, 0.0507565706039, 0.993482990425, 0.402675919263, 0.697458839662, 0.849048411228, 0.289766142698, 0.966040180564, 0.00573433685389, 0.146247580005, 0.167616249327, 0.0884148754113, 0.372293234531, 0.962610710302, 0.0356991273885, 4.42020227128
0.428562116822, 0.375795545521, 0.333602079984, 0.487940248148, 0.211230120757, 0.842040678773, 0.0826428947448, 0.488352685018, 0.686787232143, 0.287297918483, 0.547661299197, 0.859383245872, 0.549393709127, 0.222112678582, 0.0333482986302, 0.932917546667, 0.0249030170974, 0.272837417703, 0.00880832125471, 0.267662534094, 0.332296262964, 0.0113980650882, 0.787386400336, 0.214812586814, 0.187154546876, 0.956859116383, 0.115276090814, 0.0270714715804, 0.221728345764, 0.509939585046, 0.428562116822, 2.67167617995
0.844695720334, 0.183537819548, 0.82989141383, 0.556382566605, 0.930502195398, 0.0117900315621, 0.0605459605606, 0.644151203614, 0.544463760232, 0.572248502387, 0.32647608357, 0.320582071831, 0.257940928838, 0.730990362173, 0.880766111924, 0.652099857824, 0.816301464726, 0.511098892956, 0.379202320138, 0.732887184695, 0.19907583305, 0.395366525064, 0.261964156656, 0.299052042259, 0.0910918064886, 0.680357846148, 0.54409475172, 0.377954310351, 0.923697510839, 0.749806353135, 0.844695720334, 2.50268490355
0.844695720334, 0.183537819548, 0.82989141383, 0.556382566605, 0.930502195398, 0.0117900315621, 0.0605459605606, 0.644151203614, 0.544463760232, 0.572248502387, 0.32647608357, 0.320582071831, 0.257940928838, 0.730990362173, 0.880766111924, 0.652099857824, 0.816301464726, 0.511098892956, 0.379202320138, 0.732887184695, 0.19907583305, 0.395366525064, 0.261964156656, 0.299052042259, 0.0910918064886, 0.680357846148, 0.54409475172, 0.377954310351, 0.923697510839, 0.749806353135, 0.844695720334, 2.50268490355
0.0573352262013, 0.646597019298, 0.964425710757, 0.226162893731, 0.450749777727, 0.529424439831, 0.324928637315, 0.519015422574, 0.468539493862, 0.729585940177, 0.631016485252, 0.943856835077, 0.912421585525, 0.365003904058, 0.0254611281955, 0.201708296401, 0.57384070912, 0.448344520292, 0.144558621581, 0.50625927129, 0.607300714219, 0.577973243469, 0.488881508663, 0.120623865004, 0.414645556061, 0.062800163477, 0.723032187624, 0.52231041977, 0.743409109101, 0.889987259603, 0.0573352262013, 4.96005506311
0.0898398765049, 0.883507464186, 0.73734882661, 0.559449223186, 0.763973392445, 0.204085936642, 0.82432905937, 0.351671074989, 0.575687361117, 0.651009821083, 0.164115899303, 0.773692509819, 0.477667837843, 0.841662463967, 0.156164881911, 0.400039909254, 0.309880524294, 0.0731147439941, 0.90458467248, 0.147689289295, 0.369088297847, 0.466041846802, 0.772458211773, 0.355638193301, 0.343134527571, 0.777696664905, 0.289554479041, 0.10780175042, 0.112410520678, 0.618515752226, 0.0898398765049, 4.62717399453
0.0573352262013, 0.646597019298, 0.964425710757, 0.226162893731, 0.450749777727, 0.529424439831, 0.324928637315, 0.519015422574, 0.468539493862, 0.729585940177, 0.631016485252, 0.943856835077, 0.912421585525, 0.365003904058, 0.0254611281955, 0.201708296401, 0.57384070912, 0.448344520292, 0.144558621581, 0.50625927129, 0.607300714219, 0.577973243469, 0.488881508663, 0.120623865004, 0.414645556061, 0.062800163477, 0.723032187624, 0.52231041977, 0.743409109101, 0.889987259603, 0.0573352262013, 4.96005506311
0.0898398765049, 0.883507464186, 0.73734882661, 0.559449223186, 0.763973392445, 0.204085936642, 0.82432905937, 0.351671074989, 0.575687361117, 0.651009821083, 0.164115899303, 0.773692509819, 0.477667837843, 0.841662463967, 0.156164881911, 0.400039909254, 0.309880524294, 0.0731147439941, 0.90458467248, 0.147689289295, 0.369088297847, 0.466041846802, 0.772458211773, 0.355638193301, 0.343134527571, 0.777696664905, 0.289554479041, 0.10780175042, 0.112410520678, 0.618515752226, 0.0898398765049, 4.62717399453
0.832180839956, 0.41953814258, 0.442848419781, 0.15137939697, 0.0315648144711, 0.844394474732, 0.361935634474, 0.982088471559, 0.416052068998, 0.204055866109, 0.283069144124, 0.632784726796, 0.128315288823, 0.0685538459307, 0.405969819065, 0.870503339944, 0.255822807908, 0.875925996336, 0.237813650916, 0.654866364602, 0.853278173643, 0.908133302552, 0.227469277036, 0.211565691741, 0.855816869936, 0.838620727384, 0.296041477673, 0.508317623125, 0.19156989485, 0.970919173449, 0.832180839956, 2.56288052917
0.832180839956, 0.41953814258, 0.442848419781, 0.15137939697, 0.0315648144711, 0.844394474732, 0.361935634474, 0.982088471559, 0.416052068998, 0.204055866109, 0.283069144124, 0.632784726796, 0.128315288823, 0.0685538459307, 0.405969819065, 0.870503339944, 0.255822807908, 0.875925996336, 0.237813650916, 0.654866364602, 0.853278173643, 0.908133302552, 0.227469277036, 0.211565691741, 0.855816869936, 0.838620727384, 0.296041477673, 0.508317623125, 0.19156989485, 0.970919173449, 0.832180839956, 2.56288052917
0.0703599801401, 0.32109507705, 0.16691691289, 0.463480897814, 0.494909275767, 0.171747686044, 0.0960717091512, 0.671875726513, 0.493294677872, 0.622784955719, 0.409671773862, 0.98280121803, 0.19977614809, 0.960895836835, 0.602081730319, 0.570624467777, 0.760310788035, 0.944670658256, 0.763696942127, 0.258684069222, 0.847013045102, 0.98457854512, 0.641052548198, 0.381500604548, 0.46846120651, 0.724921976645, 0.825958164037, 0.775414529592, 0.00992404607729, 0.192825888196, 0.0703599801401, 5.20457375903
0.0703599801401, 0.32109507705, 0.16691691289, 0.463480897814, 0.494909275767, 0.171747686044, 0.0960717091512, 0.671875726513, 0.493294677872, 0.622784955719, 0.409671773862, 0.98280121803, 0.19977614809, 0.960895836835, 0.602081730319, 0.570624467777, 0.760310788035, 0.944670658256, 0.763696942127, 0.258684069222, 0.847013045102, 0.98457854512, 0.641052548198, 0.381500604548, 0.46846120651, 0.724921976645, 0.825958164037, 0.775414529592, 0.00992404607729, 0.192825888196, 0.0703599801401, 5.20457375903
0.0705758345663, 0.884397722608, 0.166978862564, 0.136493815567, 0.878028054946, 0.0769999117263, 0.82402906302, 0.878179187068, 0.526918523235, 0.622701326078, 0.884833393224, 0.919226941279, 0.86498225183, 0.447262651357, 0.251122193194, 0.80757446296, 0.707723365058, 0.46271996397, 0.42920282191, 0.565554777302, 0.938197099042, 0.738784111407, 0.481095991395, 0.268205440387, 0.294551033943, 0.297451622894, 0.98402037671, 0.224909615461, 0.972450143887, 0.0392522156748, 0.0705758345663, 5.42879468072
0.0705758345663, 0.884397722608, 0.166978862564, 0.136493815567, 0.878028054946, 0.0769999117263, 0.82402906302, 0.878179187068, 0.526918523235, 0.622701326078, 0.884833393224, 0.919226941279, 0.86498225183, 0.447262651357, 0.251122193194, 0.80757446296, 0.707723365058, 0.46271996397, 0.42920282191, 0.565554777302, 0.938197099042, 0.738784111407, 0.481095991395, 0.268205440387, 0.294551033943, 0.297451622894, 0.98402037671, 0.224909615461, 0.972450143887, 0.0392522156748, 0.0705758345663, 5.42879468072
0.0973973698725, 0.42906043434, 0.986656469053, 0.750296051023, 0.773611350898, 0.177709144691, 0.494133660382, 0.0306484437154, 0.696147140327, 0.014457483003, 0.386714222774, 0.989242752286, 0.0150283479857, 0.733966797769, 0.834552563496, 0.903974627122, 0.103406074129, 0.606791681876, 0.992086180066, 0.316136636835, 0.152256867134, 0.868888299945, 0.702269043044, 0.561901275038, 0.884738185149, 0.920570872225, 0.345216909869, 0.0519354767188, 0.705372538433, 0.235623797181, 0.0973973698725, 5.0975514439
0.0973973698725, 0.42906043434, 0.986656469053, 0.750296051023, 0.773611350898, 0.177709144691, 0.494133660382, 0.0306484437154, 0.696147140327, 0.014457483003, 0.386714222774, 0.989242752286, 0.0150283479857, 0.733966797769, 0.834552563496, 0.903974627122, 0.103406074129, 0.606791681876, 0.992086180066, 0.316136636835, 0.152256867134, 0.868888299945, 0.702269043044, 0.561901275038, 0.884738185149, 0.920570872225, 0.345216909869, 0.0519354767188, 0.705372538433, 0.235623797181, 0.0973973698725, 5.0975514439
0.605325951239, 0.794263714121, 0.166494144879, 0.346093874338, 0.431456666677, 0.162264576426, 0.511216713355, 0.90949680702, 0.069839805289, 0.28282541317, 0.380648037898, 0.725117379934, 0.459480722037, 0.112750629164, 0.98240013, 0.749722739258, 0.654174139618, 0.647248344898, 0.222352542647, 0.223586047898, 0.847620739178, 0.242576228263, 0.48812923951, 0.073348625421, 0.227819977076, 0.230973169986, 0.180478925348, 0.106000122579, 0.521653637277, 0.380746926331, 0.605325951239, 2.96561713075
0.45546125507, 0.310837375845, 0.217570695653, 0.684124929976, 0.206730555909, 0.151302298155, 0.992388551114, 0.852091382935, 0.327423396805, 0.647059547291, 0.324580840234, 0.160061739729, 0.600089303535, 0.585622953556, 0.239736682524, 0.191054165801, 0.739397992746, 0.615916689996, 0.574205897171, 0.686472945225, 0.965069257451, 0.398533138108, 0.489694063569, 0.0151655107805, 0.965683898948, 0.195525934732, 0.719083434726, 0.0211801705603, 0.962196636742, 0.124423227598, 0.45546125507, 3.32606259832
0.605325951239, 0.794263714121, 0.166494144879, 0.346093874338, 0.431456666677, 0.162264576426, 0.511216713355, 0.90949680702, 0.069839805289, 0.28282541317, 0.380648037898, 0.725117379934, 0.459480722037, 0.112750629164, 0.98240013, 0.749722739258, 0.654174139618, 0.647248344898, 0.222352542647, 0.223586047898, 0.847620739178, 0.242576228263, 0.48812923951, 0.073348625421, 0.227819977076, 0.230973169986, 0.180478925348, 0.106000122579, 0.521653637277, 0.380746926331, 0.605325951239, 2.96561713075
0.45546125507, 0.310837375845, 0.217570695653, 0.684124929976, 0.206730555909, 0.151302298155, 0.992388551114, 0.852091382935, 0.327423396805, 0.647059547291, 0.324580840234, 0.160061739729, 0.600089303535, 0.585622953556, 0.239736682524, 0.191054165801, 0.739397992746, 0.615916689996, 0.574205897171, 0.686472945225, 0.965069257451, 0.398533138108, 0.489694063569, 0.0151655107805, 0.965683898948, 0.195525934732, 0.719083434726, 0.0211801705603, 0.962196636742, 0.124423227598, 0.45546125507, 3.32606259832
0.235571012572, 0.492641214402, 0.417387717606, 0.574653636361, 0.715715379454, 0.350854869925, 0.331574809695, 0.204074605298, 0.878391780489, 0.397563237425, 0.0181957871581, 0.432529288174, 0.868675202829, 0.228601825057, 0.321407262514, 0.213726032219, 0.0387881308491, 0.132515579451, 0.663779101127, 0.883809800775, 0.883711537141, 0.169790631366, 0.846296775014, 0.0692730913727, 0.493322169764, 0.125082270642, 0.0185035696503, 0.439605173152, 0.732404806822, 0.552491344806, 0.235571012572, 3.59413847489
0.133508239222, 0.760809674994, 0.143710235962, 0.918291194027, 0.882609682039, 0.475939936461, 0.131040131667, 0.034101259365, 0.0468426086884, 0.159106716327, 0.670396189688, 0.45093556419, 0.372601305592, 0.279805941449, 0.937555012779, 0.0092751290603, 0.510020977393, 0.525930727949, 0.836770265592, 0.72179754545, 0.996261188599, 0.334234710836, 0.190642289291, 0.804423232775, 0.218090640242, 0.0491726117577, 0.145097374658, 0.0923711784221, 0.249359584946, 0.342007246715, 0.133508239222, 4.12819434262
0.235571012572, 0.492641214402, 0.417387717606, 0.574653636361, 0.715715379454, 0.350854869925, 0.331574809695, 0.204074605298, 0.878391780489, 0.397563237425, 0.0181957871581, 0.432529288174, 0.868675202829, 0.228601825057, 0.321407262514, 0.213726032219, 0.0387881308491, 0.132515579451, 0.663779101127, 0.883809800775, 0.883711537141, 0.169790631366, 0.846296775014, 0.0692730913727, 0.493322169764, 0.125082270642, 0.0185035696503, 0.439605173152, 0.732404806822, 0.552491344806, 0.235571012572, 3.59413847489
0.133508239222, 0.760809674994, 0.143710235962, 0.918291194027, 0.882609682039, 0.475939936461, 0.131040131667, 0.034101259365, 0.0468426086884, 0.159106716327, 0.670396189688, 0.45093556419, 0.372601305592, 0.279805941449, 0.937555012779, 0.0092751290603, 0.510020977393, 0.525930727949, 0.836770265592, 0.72179754545, 0.996261188599, 0.334234710836, 0.190642289291, 0.804423232775, 0.218090640242, 0.0491726117577, 0.145097374658, 0.0923711784221, 0.249359584946, 0.342007246715, 0.133508239222, 4.12819434262
0.615915393808, 0.55677912634, 0.339949821551, 0.219429902967, 0.05772514107, 0.398780834651, 0.640540161225, 0.0996273917801, 0.304700839158, 0.552949415565, 0.87858826942, 0.834457295689, 0.392781362433, 0.94108396093, 0.214500722072, 0.160075576662, 0.360047871463, 0.30519527653, 0.852939087872, 0.991666703226, 0.586649614587, 0.603417325697, 0.784238378943, 0.87259754361, 0.195296613696, 0.082732498462, 0.341255969436, 0.815321429783, 0.0370645572525, 0.00489270247014, 0.615915393808, 3.0873378647
0.623856666211, 0.666281139885, 0.445520197415, 0.697736450045, 0.610030137476, 0.659214921418, 0.131213021945, 0.506893431847, 0.0735907601096, 0.770755086854, 0.556800700541, 0.322362939756, 0.810734816079, 0.295852523455, 0.67435596809, 0.268192320332, 0.617658007406, 0.587929190225, 0.457695301022, 0.668546506067, 0.147750371278, 0.0864150707357, 0.770202317044, 0.546275315157, 0.540094122927, 0.804959188613, 0.309608424036, 0.0137687937165, 0.452654567886, 0.0598544612906, 0.623856666211, 2.97889981243
0.615915393808, 0.55677912634, 0.339949821551, 0.219429902967, 0.05772514107, 0.398780834651, 0.640540161225, 0.0996273917801, 0.304700839158, 0.552949415565, 0.87858826942, 0.834457295689, 0.392781362433, 0.94108396093, 0.214500722072, 0.160075576662, 0.360047871463, 0.30519527653, 0.852939087872, 0.991666703226, 0.586649614587, 0.603417325697, 0.784238378943, 0.87259754361, 0.195296613696, 0.082732498462, 0.341255969436, 0.815321429783, 0.0370645572525, 0.00489270247014, 0.615915393808, 3.0873378647
0.623856666211, 0.666281139885, 0.445520197415, 0.697736450045, 0.610030137476, 0.659214921418, 0.131213021945, 0.506893431847, 0.0735907601096, 0.770755086854, 0.556800700541, 0.322362939756, 0.810734816079, 0.295852523455, 0.67435596809, 0.268192320332, 0.617658007406, 0.587929190225, 0.457695301022, 0.668546506067, 0.147750371278, 0.0864150707357, 0.770202317044, 0.546275315157, 0.540094122927, 0.804959188613, 0.309608424036, 0.0137687937165, 0.452654567886, 0.0598544612906, 0.623856666211, 2.97889981243
0.883907120769, 0.071105414197, 0.359487742737, 0.114755697012, 0.0969702326396, 0.827612962961, 0.00520175693384, 0.939975868985, 0.123123997074, 0.364419211746, 0.888582125975, 0.0413265921793, 0.0397927698173, 0.232759752049, 0.769142623147, 0.670235891288, 0.000329684481055, 0.191980965168, 0.830097456093, 0.97643681549, 0.415864186524, 0.868790386614, 0.538864408675, 0.231887824694, 0.845397094361, 0.562644937911, 0.321810052354, 0.911231979864, 0.547698594463, 0.705394188807, 0.883907120769, 2.61805917347
0.883907120769, 0.071105414197, 0.359487742737, 0.114755697012, 0.0969702326396, 0.827612962961, 0.00520175693384, 0.939975868985, 0.123123997074, 0.364419211746, 0.888582125975, 0.0413265921793, 0.0397927698173, 0.232759752049, 0.769142623147, 0.670235891288, 0.000329684481055, 0.191980965168, 0.830097456093, 0.97643681549, 0.415864186524, 0.868790386614, 0.538864408675, 0.231887824694, 0.845397094361, 0.562644937911, 0.321810052354, 0.911231979864, 0.547698594463, 0.705394188807, 0.883907120769, 2.61805917347
0.12801429979, 0.148480291021, 0.986930866123, 0.741156419499, 0.952641534416, 0.455837825875, 0.635308453246, 0.0229503531439, 0.812981932895, 0.449338074608, 0.00645191363824, 0.622997594132, 0.0247133695832, 0.0258297150602, 0.520486855969, 0.893038271953, 0.0478599206143, 0.303853568194, 0.137214519087, 0.713701499283, 0.878063371884, 0.376423571426, 0.622250662292, 0.692719094978, 0.709514623934, 0.497420986639, 0.714636404098, 0.182521037284, 0.206821217043, 0.261111971151, 0.12801429979, 4.51422668485
0.12801429979, 0.148480291021, 0.986930866123, 0.741156419499, 0.952641534416, 0.455837825875, 0.635308453246, 0.0229503531439, 0.812981932895, 0.449338074608, 0.00645191363824, 0.622997594132, 0.0247133695832, 0.0258297150602, 0.520486855969, 0.893038271953, 0.0478599206143, 0.303853568194, 0.137214519087, 0.713701499283, 0.878063371884, 0.376423571426, 0.622250662292, 0.692719094978, 0.709514623934, 0.497420986639, 0.714636404098, 0.182521037284, 0.206821217043, 0.261111971151, 0.12801429979, 4.51422668485
0.124292732321, 0.178810598936, 0.442741988729, 0.310129890242, 0.485776517406, 0.587660376906, 0.418554991169, 0.256420067824, 0.584118477653, 0.838212881836, 0.808061615399, 0.429483723743, 0.872838687783, 0.995719977314, 0.554938220505, 0.747004007079, 0.276035096616, 0.37109644051, 0.63769984222, 0.735807858922, 0.511926011974, 0.326349416824, 0.0694377647025, 0.402369730862, 0.514221445026, 0.0840195253621, 0.674231862245, 0.864345510073, 0.52750596965, 0.218238115292, 0.124292732321, 4.82334528473
0.124292732321, 0.178810598936, 0.442741988729, 0.310129890242, 0.485776517406, 0.587660376906, 0.418554991169, 0.256420067824, 0.584118477653, 0.838212881836, 0.808061615399, 0.429483723743, 0.872838687783, 0.995719977314, 0.554938220505, 0.747004007079, 0.276035096616, 0.37109644051, 0.63769984222, 0.735807858922, 0.511926011974, 0.326349416824, 0.0694377647025, 0.402369730862, 0.514221445026, 0.0840195253621, 0.674231862245, 0.864345510073, 0.52750596965, 0.218238115292, 0.124292732321, 4.82334528473
0.184765777562, 0.884627508819, 0.0868199194839, 0.117145245242, 0.416736712428, 0.818422764116, 0.722044522133, 0.251530389017, 0.625045733404, 0.478293126612, 0.327410012039, 0.332802529377, 0.163270998036, 0.370461635916, 0.0232733845746, 0.0104136970916, 0.260694476546, 0.953110498047, 0.127434027306, 0.701792299108, 0.659735551641, 0.655123378683, 0.881265379177, 0.432074400038, 0.411059050103, 0.679401086148, 0.254215241595, 0.410429702132, 0.860396778755, 0.140878789922, 0.184765777562, 4.1707953953
0.184765777562, 0.884627508819, 0.0868199194839, 0.117145245242, 0.416736712428, 0.818422764116, 0.722044522133, 0.251530389017, 0.625045733404, 0.478293126612, 0.327410012039, 0.332802529377, 0.163270998036, 0.370461635916, 0.0232733845746, 0.0104136970916, 0.260694476546, 0.953110498047, 0.127434027306, 0.701792299108, 0.659735551641, 0.655123378683, 0.881265379177, 0.432074400038, 0.411059050103, 0.679401086148, 0.254215241595, 0.410429702132, 0.860396778755, 0.140878789922, 0.184765777562, 4.1707953953
0.246763005238, 0.298489780608, 0.0877341268667, 0.826360962238, 0.0739439276517, 0.962304716, 0.376589812132, 0.108093515318, 0.851137168153, 0.278092317418, 0.435073805193, 0.618672125834, 0.118665194618, 0.350334473809, 0.816816813294, 0.77716229557, 0.689059301424, 0.717069472222, 0.0587948813724, 0.525304180207, 0.94346828446, 0.447519430255, 0.77610164788, 0.744647860078, 0.196134688543, 0.276204049978, 0.113639928992, 0.0101070776727, 0.112527090294, 0.882403910633, 0.246763005238, 3.80490781262
0.246763005238, 0.298489780608, 0.0877341268667, 0.826360962238, 0.0739439276517, 0.962304716, 0.376589812132, 0.108093515318, 0.851137168153, 0.278092317418, 0.435073805193, 0.618672125834, 0.118665194618, 0.350334473809, 0.816816813294, 0.77716229557, 0.689059301424, 0.717069472222, 0.0587948813724, 0.525304180207, 0.94346828446, 0.447519430255, 0.77610164788, 0.744647860078, 0.196134688543, 0.276204049978, 0.113639928992, 0.0101070776727, 0.112527090294, 0.882403910633, 0.246763005238, 3.80490781262
0.163738015002, 0.846547533203, 0.216385999869, 0.0260092709692, 0.492794567357, 0.463763046333, 0.882649158231, 0.252902378311, 0.217994296102, 0.901215359115, 0.620129990064, 0.181520584681, 0.651107716532, 0.751250738733, 0.745172363359, 0.578107188955, 0.142024360642, 0.10446753491, 0.468539362801, 0.518247379329, 0.619797535554, 0.217001002352, 0.852606975933, 0.0714945192605, 0.00125920789938, 0.508476020813, 0.883502929304, 0.862959702062, 0.134957092644, 0.52627438916, 0.163738015002, 4.48421611593
0.479690585453, 0.638586681914, 0.090409173618, 0.449409790195, 0.30085585399, 0.279552758604, 0.825536180894, 0.813238310883, 0.0252556860051, 0.43756337373, 0.0655794908122, 0.485790031611, 0.551446664082, 0.640310822234, 0.0660361218103, 0.623011741099, 0.559031405459, 0.622341025502, 0.403410797215, 0.268800322439, 0.513884729262, 0.882578712817, 0.8573122195, 0.649870206681, 0.500489106904, 0.674840504308, 0.231431260787, 0.450748753244, 0.676939285863, 0.0872841665183, 0.479690585453, 3.37131471828
0.163738015002, 0.846547533203, 0.216385999869, 0.0260092709692, 0.492794567357, 0.463763046333, 0.882649158231, 0.252902378311, 0.217994296102, 0.901215359115, 0.620129990064, 0.181520584681, 0.651107716532, 0.751250738733, 0.745172363359, 0.578107188955, 0.142024360642, 0.10446753491, 0.468539362801, 0.518247379329, 0.619797535554, 0.217001002352, 0.852606975933, 0.0714945192605, 0.00125920789938, 0.508476020813, 0.883502929304, 0.862959702062, 0.134957092644, 0.52627438916, 0.163738015002, 4.48421611593
0.479690585453, 0.638586681914, 0.090409173618, 0.449409790195, 0.30085585399, 0.279552758604, 0.825536180894, 0.813238310883, 0.0252556860051, 0.43756337373, 0.0655794908122, 0.485790031611, 0.551446664082, 0.640310822234, 0.0660361218103, 0.623011741099, 0.559031405459, 0.622341025502, 0.403410797215, 0.268800322439, 0.513884729262, 0.882578712817, 0.8573122195, 0.649870206681, 0.500489106904, 0.674840504308, 0.231431260787, 0.450748753244, 0.676939285863, 0.0872841665183, 0.479690585453, 3.37131471828
0.691115786326, 0.0872138152128, 0.474796638552, 0.423982310806, 0.407228712292, 0.539634052131, 0.299869246994, 0.507228229869, 0.366892896603, 0.231146130765, 0.452725353395, 0.0376209092492, 0.407619301415, 0.736261076456, 0.0974599552576, 0.390938610576, 0.301019748266, 0.822981891235, 0.251589242407, 0.857901536891, 0.74074840911, 0.889552094088, 0.0753368394202, 0.857146266257, 0.58400435916, 0.698844119423, 0.534788862738, 0.110892262614, 0.443484300069, 0.57681451842, 0.691115786326, 3.03081963911
0.691115786326, 0.0872138152128, 0.474796638552, 0.423982310806, 0.407228712292, 0.539634052131, 0.299869246994, 0.507228229869, 0.366892896603, 0.231146130765, 0.452725353395, 0.0376209092492, 0.407619301415, 0.736261076456, 0.0974599552576, 0.390938610576, 0.301019748266, 0.822981891235, 0.251589242407, 0.857901536891, 0.74074840911, 0.889552094088, 0.0753368394202, 0.857146266257, 0.58400435916, 0.698844119423, 0.534788862738, 0.110892262614, 0.443484300069, 0.57681451842, 0.691115786326, 3.03081963911
0.14685294332, 0.0376334808391, 0.669241993156, 0.085670599761, 0.833421518222, 0.0937065852495, 0.237799957764, 0.533192590051, 0.339375514615, 0.712698626187, 0.846636217998, 0.598943295165, 0.0783968435403, 0.784840453838, 0.485943985897, 0.614120532923, 0.858946546616, 0.0483331068704, 0.230891955467, 0.279042764479, 0.942409060405, 0.710339821683, 0.82620764601, 0.876459937657, 0.12697414835, 0.121538617025, 0.10652495634, 0.695107614255, 0.766084243156, 0.941165509971, 0.14685294332, 4.74218941964
0.14685294332, 0.0376334808391, 0.669241993156, 0.085670599761, 0.833421518222, 0.0937065852495, 0.237799957764, 0.533192590051, 0.339375514615, 0.712698626187, 0.846636217998, 0.598943295165, 0.0783968435403, 0.784840453838, 0.485943985897, 0.614120532923, 0.858946546616, 0.0483331068704, 0.230891955467, 0.279042764479, 0.942409060405, 0.710339821683, 0.82620764601, 0.876459937657, 0.12697414835, 0.121538617025, 0.10652495634, 0.695107614255, 0.766084243156, 0.941165509971, 0.14685294332, 4.74218941964
0.662204121122, 0.713643101432, 0.92912429211, 0.0914149490658, 0.792503448825, 0.0833061426513, 0.604311440255, 0.832419175534, 0.0909338728399, 0.380266334707, 0.332633574196, 0.383302158764, 0.911828921741, 0.801531058259, 0.356060925351, 0.924957196687, 0.674289330402, 0.248397423816, 0.490747731724, 0.196778724532, 0.967389377773, 0.219768838834, 0.522594893334, 0.938880013293, 0.380031123302, 0.532685634479, 0.817127854697, 0.613218690966, 0.569953726725, 0.116070618218, 0.662204121122, 3.23885167221
0.681489759019, 0.475912645534, 0.672749389788, 0.218474900109, 0.577020038836, 0.278182830965, 0.949643791601, 0.0674633650925, 0.863195842145, 0.0723037089081, 0.62522515146, 0.589612334503, 0.8605600232, 0.369664910182, 0.750505084148, 0.890877705855, 0.329415047697, 0.207881407113, 0.205616992351, 0.643096560786, 0.475375963138, 0.137001131751, 0.14704701019, 0.610576166719, 0.758147248521, 0.397345321978, 0.730016128147, 0.181306449338, 0.662882840966, 0.644280525715, 0.681489759019, 3.16187068255
0.662204121122, 0.713643101432, 0.92912429211, 0.0914149490658, 0.792503448825, 0.0833061426513, 0.604311440255, 0.832419175534, 0.0909338728399, 0.380266334707, 0.332633574196, 0.383302158764, 0.911828921741, 0.801531058259, 0.356060925351, 0.924957196687, 0.674289330402, 0.248397423816, 0.490747731724, 0.196778724532, 0.967389377773, 0.219768838834, 0.522594893334, 0.938880013293, 0.380031123302, 0.532685634479, 0.817127854697, 0.613218690966, 0.569953726725, 0.116070618218, 0.662204121122, 3.23885167221
0.681489759019, 0.475912645534, 0.672749389788, 0.218474900109, 0.577020038836, 0.278182830965, 0.949643791601, 0.0674633650925, 0.863195842145, 0.0723037089081, 0.62522515146, 0.589612334503, 0.8605600232, 0.369664910182, 0.750505084148, 0.890877705855, 0.329415047697, 0.207881407113, 0.205616992351, 0.643096560786, 0.475375963138, 0.137001131751, 0.14704701019, 0.610576166719, 0.758147248521, 0.397345321978, 0.730016128147, 0.181306449338, 0.662882840966, 0.644280525715, 0.681489759019, 3.16187068255
0.16567014351, 0.156703701998, 0.235465850011, 0.496138404231, 0.88847155365, 0.169110907494, 0.475643677648, 0.289168873033, 0.813044986519, 0.0171941295451, 0.689960123659, 0.94702507959, 0.540370083882, 0.663268793292, 0.887155427783, 0.0623139307708, 0.78663511919, 0.842831355747, 0.791605415567, 0.127860422239, 0.716194536601, 0.338599847275, 0.210626282575, 0.199025624258, 0.558153988419, 0.286965346084, 0.620394765646, 0.390812881209, 0.459134885206, 0.545444092061, 0.16567014351, 4.60795355146
0.16567014351, 0.156703701998, 0.235465850011, 0.496138404231, 0.88847155365, 0.169110907494, 0.475643677648, 0.289168873033, 0.813044986519, 0.0171941295451, 0.689960123659, 0.94702507959, 0.540370083882, 0.663268793292, 0.887155427783, 0.0623139307708, 0.78663511919, 0.842831355747, 0.791605415567, 0.127860422239, 0.716194536601, 0.338599847275, 0.210626282575, 0.199025624258, 0.558153988419, 0.286965346084, 0.620394765646, 0.390812881209, 0.459134885206, 0.545444092061, 0.16567014351, 4.60795355146
0.577037936872, 0.768153423796, 0.229730590734, 0.936970866177, 0.416283303925, 0.181147574437, 0.596006864144, 0.964619406634, 0.523012924917, 0.24196776657, 0.178741493203, 0.058576698493, 0.239254913672, 0.443980579432, 0.0942315688214, 0.071322392676, 0.485075904696, 0.957701734828, 0.0287838098632, 0.232019387816, 0.819394758511, 0.153061894058, 0.22654690424, 0.644229515578, 0.156130638469, 0.155626677002, 0.431848869532, 0.108163422942, 0.856926236641, 0.479801908314, 0.577037936872, 3.37212176104
0.577037936872, 0.768153423796, 0.229730590734, 0.936970866177, 0.416283303925, 0.181147574437, 0.596006864144, 0.964619406634, 0.523012924917, 0.24196776657, 0.178741493203, 0.058576698493, 0.239254913672, 0.443980579432, 0.0942315688214, 0.071322392676, 0.485075904696, 0.957701734828, 0.0287838098632, 0.232019387816, 0.819394758511, 0.153061894058, 0.22654690424, 0.644229515578, 0.156130638469, 0.155626677002, 0.431848869532, 0.108163422942, 0.856926236641, 0.479801908314, 0.577037936872, 3.37212176104
0.28243792432, 0.466737673862, 0.473010125444, 0.621290632972, 0.793391236598, 0.362843853525, 0.505933787197, 0.631138847453, 0.0131274382406, 0.238720487613, 0.995139536751, 0.353504981038, 0.311692266175, 0.172646873311, 0.555860085909, 0.196440949562, 0.629089784666, 0.00176221578598, 0.369495552337, 0.193629895849, 0.3815709362, 0.938305927537, 0.580331521331, 0.160485991715, 0.793597567749, 0.546013801881, 0.937631173429, 0.60242423011, 0.498152752734, 0.136199930257, 0.28243792432, 3.82001021867
0.268703747602, 0.992586410028, 0.178033128999, 0.0874527576905, 0.00781585603233, 0.0448010667295, 0.348315652294, 0.134191577182, 0.0713141992733, 0.527210160064, 0.902380879426, 0.783628798797, 0.606138212383, 0.898944992238, 0.853654732802, 0.18520651926, 0.983098715616, 0.875469104165, 0.545606798018, 0.9908015471, 0.365646080399, 0.392892002542, 0.392956031848, 0.897292082411, 0.234886571884, 0.0219367787592, 0.560221337611, 0.215020974104, 0.0864796283236, 0.477247608439, 0.268703747602, 3.82949633147
0.28243792432, 0.466737673862, 0.473010125444, 0.621290632972, 0.793391236598, 0.362843853525, 0.505933787197, 0.631138847453, 0.0131274382406, 0.238720487613, 0.995139536751, 0.353504981038, 0.311692266175, 0.172646873311, 0.555860085909, 0.196440949562, 0.629089784666, 0.00176221578598, 0.369495552337, 0.193629895849, 0.3815709362, 0.938305927537, 0.580331521331, 0.160485991715, 0.793597567749, 0.546013801881, 0.937631173429, 0.60242423011, 0.498152752734, 0.136199930257, 0.28243792432, 3.82001021867
0.268703747602, 0.992586410028, 0.178033128999, 0.0874527576905, 0.00781585603233, 0.0448010667295, 0.348315652294, 0.134191577182, 0.0713141992733, 0.527210160064, 0.902380879426, 0.783628798797, 0.606138212383, 0.898944992238, 0.853654732802, 0.18520651926, 0.983098715616, 0.875469104165, 0.545606798018, 0.9908015471, 0.365646080399, 0.392892002542, 0.392956031848, 0.897292082411, 0.234886571884, 0.0219367787592, 0.560221337611, 0.215020974104, 0.0864796283236, 0.477247608439, 0.268703747602, 3.82949633147
0.151236378919, 0.394271548979, 0.265392436615, 0.889340395512, 0.899962037303, 0.360289266919, 0.647804808885, 0.582466252589, 0.155551577914, 0.951159388332, 0.471103562772, 0.375922846105, 0.987104407361, 0.147647450632, 0.908362235557, 0.379462930732, 0.576159194098, 0.184310998655, 0.808513606693, 0.757929209945, 0.976820988722, 0.513207556618, 0.56372525029, 0.582879986164, 0.830639655922, 0.417578012337, 0.471151464371, 0.153857546328, 0.63126125315, 0.919135813193, 0.151236378919, 5.39636932255
0.151236378919, 0.394271548979, 0.265392436615, 0.889340395512, 0.899962037303, 0.360289266919, 0.647804808885, 0.582466252589, 0.155551577914, 0.951159388332, 0.471103562772, 0.375922846105, 0.987104407361, 0.147647450632, 0.908362235557, 0.379462930732, 0.576159194098, 0.184310998655, 0.808513606693, 0.757929209945, 0.976820988722, 0.513207556618, 0.56372525029, 0.582879986164, 0.830639655922, 0.417578012337, 0.471151464371, 0.153857546328, 0.63126125315, 0.919135813193, 0.151236378919, 5.39636932255
0.395055354663, 0.405108312237, 0.612766316014, 0.0293569508058, 0.311321939567, 0.5826654541, 0.786821591408, 0.895717740254, 0.251808958593, 0.0790647115234, 0.957240189502, 0.261392487815, 0.07212721824, 0.286480676115, 0.916704531432, 0.324245335348, 0.0561478007453, 0.449189096925, 0.498593544986, 0.846786006786, 0.999167128596, 0.219481104234, 0.839505067035, 0.834157195216, 0.655593758003, 0.172483116074, 0.0738469640511, 0.396167589285, 0.246078579174, 0.109632706545, 0.395055354663, 3.73061639933
0.395055354663, 0.405108312237, 0.612766316014, 0.0293569508058, 0.311321939567, 0.5826654541, 0.786821591408, 0.895717740254, 0.251808958593, 0.0790647115234, 0.957240189502, 0.261392487815, 0.07212721824, 0.286480676115, 0.916704531432, 0.324245335348, 0.0561478007453, 0.449189096925, 0.498593544986, 0.846786006786, 0.999167128596, 0.219481104234, 0.839505067035, 0.834157195216, 0.655593758003, 0.172483116074, 0.0738469640511, 0.396167589285, 0.246078579174, 0.109632706545, 0.395055354663, 3.73061639933
0.796790201164, 0.116570196338, 0.83432838624, 0.0181303759852, 0.877166135598, 0.00535426536081, 0.18727176363, 0.201778260325, 0.66002283858, 0.367721977173, 0.142221891446, 0.931700413627, 0.135912561631, 0.0696953448835, 0.46253893113, 0.607348609071, 0.835751390415, 0.996610988582, 0.535097544258, 0.484265471825, 0.756666276289, 0.649128700144, 0.749432054253, 0.215347750403, 0.108739345507, 0.988428799079, 0.302072673558, 0.219377979452, 0.650959795188, 0.0125211448348, 0.796790201164, 3.14222460844
0.796790201164, 0.116570196338, 0.83432838624, 0.0181303759852, 0.877166135598, 0.00535426536081, 0.18727176363, 0.201778260325, 0.66002283858, 0.367721977173, 0.142221891446, 0.931700413627, 0.135912561631, 0.0696953448835, 0.46253893113, 0.607348609071, 0.835751390415, 0.996610988582, 0.535097544258, 0.484265471825, 0.756666276289, 0.649128700144, 0.749432054253, 0.215347750403, 0.108739345507, 0.988428799079, 0.302072673558, 0.219377979452, 0.650959795188, 0.0125211448348, 0.796790201164, 3.14222460844
0.189760118319, 0.967424558059, 0.588269000811, 0.144530897799, 0.023948442582, 0.904670545552, 0.436568105262, 0.114259454601, 0.942891093876, 0.973928247353, 0.122455149153, 0.119254628058, 0.812540072779, 0.971084720381, 0.241922510816, 0.452415230895, 0.103890348832, 0.535390774986, 0.750800398706, 0.606277332578, 0.481927481192, 0.433627208833, 0.0626986058835, 0.446093809459, 0.780879658246, 0.301206612329, 0.84344230699, 0.995000140971, 0.0712156163119, 0.400215733903, 0.189760118319, 4.57466542893
0.189760118319, 0.967424558059, 0.588269000811, 0.144530897799, 0.023948442582, 0.904670545552, 0.436568105262, 0.114259454601, 0.942891093876, 0.973928247353, 0.122455149153, 0.119254628058, 0.812540072779, 0.971084720381, 0.241922510816, 0.452415230895, 0.103890348832, 0.535390774986, 0.750800398706, 0.606277332578, 0.481927481192, 0.433627208833, 0.0626986058835, 0.446093809459, 0.780879658246, 0.301206612329, 0.84344230699, 0.995000140971, 0.0712156163119, 0.400215733903, 0.189760118319, 4.57466542893
0.476085906388, 0.660384160802, 0.635463974737, 0.167636313159, 0.216941557924, 0.790489721821, 0.38440197352, 0.605581844099, 0.88327227501, 0.964704336172, 0.530356784161, 0.432200702258, 0.663747868018, 0.013781475149, 0.160237978977, 0.117004092667, 0.0446749362007, 0.404383434185, 0.687448410873, 0.0131493892761, 0.25139490453, 0.524719826892, 0.946306498009, 0.999208741504, 0.664387290841, 0.34717800952, 0.0437706603637, 0.921781086846, 0.115639384914, 0.753898628776, 0.476085906388, 3.40993770941
0.476085906388, 0.660384160802, 0.635463974737, 0.167636313159, 0.216941557924, 0.790489721821, 0.38440197352, 0.605581844099, 0.88327227501, 0.964704336172, 0.530356784161, 0.432200702258, 0.663747868018, 0.013781475149, 0.160237978977, 0.117004092667, 0.0446749362007, 0.404383434185, 0.687448410873, 0.0131493892761, 0.25139490453, 0.524719826892, 0.946306498009, 0.999208741504, 0.664387290841, 0.34717800952, 0.0437706603637, 0.921781086846, 0.115639384914, 0.753898628776, 0.476085906388, 3.40993770941
0.228103159121, 0.605102762863, 0.112237741734, 0.179294560987, 0.772059089886, 0.619873971396, 0.870356974813, 0.445347832684, 0.339503826221, 0.248292685912, 0.520442226444, 0.898424963476, 0.496507872121, 0.107489957234, 0.485619719378, 0.926070812932, 0.193241531577, 0.598110946079, 0.734712207579, 0.832747176371, 0.969758079998, 0.700705405583, 0.288214283643, 0.722343179877, 0.946201762122, 0.131340171278, 0.866860284584, 0.78855655701, 0.230806522936, 0.661161612326, 0.228103159121, 4.70439868372
0.228103159121, 0.605102762863, 0.112237741734, 0.179294560987, 0.772059089886, 0.619873971396, 0.870356974813, 0.445347832684, 0.339503826221, 0.248292685912, 0.520442226444, 0.898424963476, 0.496507872121, 0.107489957234, 0.485619719378, 0.926070812932, 0.193241531577, 0.598110946079, 0.734712207579, 0.832747176371, 0.969758079998, 0.700705405583, 0.288214283643, 0.722343179877, 0.946201762122, 0.131340171278, 0.866860284584, 0.78855655701, 0.230806522936, 0.661161612326, 0.228103159121, 4.70439868372
0.261017218876, 0.0721023397487, 0.181481965333, 0.0832308744931, 0.489031457318, 0.121723372169, 0.662973570123, 0.771470525034, 0.319884794329, 0.182117864727, 0.369996215949, 0.923413561394, 0.419530344329, 0.987749649798, 0.354208791681, 0.931726498916, 0.422325775177, 0.403320323955, 0.71672293175, 0.700383940513, 0.865461061523, 0.828637931634, 0.325883907735, 0.996040761464, 0.949032318937, 0.236017285202, 0.370531861344, 0.568354135512, 0.733913330172, 0.456866766706, 0.261017218876, 4.3178045029
0.261017218876, 0.0721023397487, 0.181481965333, 0.0832308744931, 0.489031457318, 0.121723372169, 0.662973570123, 0.771470525034, 0.319884794329, 0.182117864727, 0.369996215949, 0.923413561394, 0.419530344329, 0.987749649798, 0.354208791681, 0.931726498916, 0.422325775177, 0.403320323955, 0.71672293175, 0.700383940513, 0.865461061523, 0.828637931634, 0.325883907735, 0.996040761464, 0.949032318937, 0.236017285202, 0.370531861344, 0.568354135512, 0.733913330172, 0.456866766706, 0.261017218876, 4.3178045029
0.68981427751, 0.00436890862236, 0.997438188557, 0.448790436664, 0.420220744378, 0.679971502571, 0.817591234683, 0.728869712193, 0.275704187767, 0.757178249145, 0.0638404065495, 0.267542536154, 0.186214337987, 0.00720009676056, 0.837060327915, 0.90158337428, 0.758902221776, 0.0719420078723, 0.125650531186, 0.798204263246, 0.589476196495, 0.58529338039, 0.658940013386, 0.462219076081, 0.482025787775, 0.671384459033, 0.668374821311, 0.420973190643, 0.672160400553, 0.115933355089, 0.68981427751, 3.32882719212
0.68981427751, 0.00436890862236, 0.997438188557, 0.448790436664, 0.420220744378, 0.679971502571, 0.817591234683, 0.728869712193, 0.275704187767, 0.757178249145, 0.0638404065495, 0.267542536154, 0.186214337987, 0.00720009676056, 0.837060327915, 0.90158337428, 0.758902221776, 0.0719420078723, 0.125650531186, 0.798204263246, 0.589476196495, 0.58529338039, 0.658940013386, 0.462219076081, 0.482025787775, 0.671384459033, 0.668374821311, 0.420973190643, 0.672160400553, 0.115933355089, 0.68981427751, 3.32882719212
0.82216733611, 0.666019499428, 0.396777668195, 0.466544786956, 0.789817784143, 0.724461334798, 0.691344415365, 0.522203552236, 0.878829009667, 0.99631403169, 0.772755214115, 0.927549205632, 0.46887846499, 0.374921193891, 0.199773277812, 0.930427485235, 0.716028909366, 0.88003511371, 0.197655357932, 0.219262003252, 0.0833488266602, 0.33085168249, 0.894510081672, 0.642218380283, 0.807371380509, 0.155261041412, 0.114799429667, 0.368308218752, 0.559459477464, 0.560171731748, 0.82216733611, 3.30845811133
0.82216733611, 0.666019499428, 0.396777668195, 0.466544786956, 0.789817784143, 0.724461334798, 0.691344415365, 0.522203552236, 0.878829009667, 0.99631403169, 0.772755214115, 0.927549205632, 0.46887846499, 0.374921193891, 0.199773277812, 0.930427485235, 0.716028909366, 0.88003511371, 0.197655357932, 0.219262003252, 0.0833488266602, 0.33085168249, 0.894510081672, 0.642218380283, 0.807371380509, 0.155261041412, 0.114799429667, 0.368308218752, 0.559459477464, 0.560171731748, 0.82216733611, 3.30845811133
0.299157526708, 0.0709821369455, 0.502140750393, 0.140161583667, 0.714416993414, 0.289227315184, 0.94835612321, 0.971071709171, 0.0181230498918, 0.231256886631, 0.0824093246653, 0.626191040308, 0.0470380887043, 0.92820395759, 0.89017757302, 0.622944914917, 0.555149013013, 0.0170496891113, 0.213290728439, 0.831352573437, 0.691113951059, 0.176810405114, 0.966116718175, 0.0849927674753, 0.386194250839, 0.134691641975, 0.23796585136, 0.563450408489, 0.383071847477, 0.754146900946, 0.299157526708, 3.82061860665
0.299157526708, 0.0709821369455, 0.502140750393, 0.140161583667, 0.714416993414, 0.289227315184, 0.94835612321, 0.971071709171, 0.0181230498918, 0.231256886631, 0.0824093246653, 0.626191040308, 0.0470380887043, 0.92820395759, 0.89017757302, 0.622944914917, 0.555149013013, 0.0170496891113, 0.213290728439, 0.831352573437, 0.691113951059, 0.176810405114, 0.966116718175, 0.0849927674753, 0.386194250839, 0.134691641975, 0.23796585136, 0.563450408489, 0.383071847477, 0.754146900946, 0.299157526708, 3.82061860665
