0.264521928686, 0.66720264697, 0.0689870681971, 0.244832210542, 0.0108747608456, 0.0839085367765, 0.0100380596746, 0.0990211221289, 0.111358667034, 0.182554467889, 0.1607159354, 0.127802673426, 0.102028875409, 0.0431475963638, 0.0424972534073, 0.603294552905, 0.218585452091, 0.336249299872, 0.254679189077, 0.0157296554095, 0.0215738503146, 0.0465490748536, 0.0273537393315, 0.732051720661, 0.0826538747982, 0.291356026926, 0.151053919988, 0.519161517633, 0.412675175784, 0.565208761807, 0.264521928686, 1.81592348743
0.000904308970774, 0.0025286075083, 0.149034709327, 0.0635548374295, 0.063393518786, 0.0839085367765, 0.00383957083777, 0.156707942575, 0.00174387477453, 0.305444050908, 0.670396189688, 0.662621526067, 0.0580765843145, 0.0187245942628, 0.147339996937, 0.0840142758532, 0.75747595886, 0.521179716471, 0.105448879211, 0.180836021572, 0.0511114280939, 0.664592134633, 0.0331880874004, 0.0449572865983, 0.0848949814227, 0.0419384025067, 0.867969820832, 0.586694044836, 0.136170019291, 0.342007246715, 0.000904308970774, 3.08491382003
0.000366222203964, 0.532581645425, 0.65059574201, 0.105615812274, 0.849464268079, 0.402007067692, 0.755338871578, 0.0654856075542, 0.261936495514, 0.563930948232, 0.3312596817, 0.405999191778, 0.522340162083, 0.224718896717, 0.368849681177, 0.0874414985933, 0.470379723293, 0.0277324437358, 0.993482990425, 0.0447487025607, 0.0156564643347, 0.276247303394, 0.0331880874004, 0.123381230827, 0.137651848418, 0.00354618883123, 0.516857138082, 0.0148525124801, 0.755749358911, 0.865172052206, 0.000366222203964, 4.19015313676
0.10413328962, 0.265846279857, 0.189687094329, 0.392024316777, 0.882609682039, 0.475939936461, 0.093267905101, 0.0360174296328, 0.438069472045, 0.772669628616, 0.784923296251, 0.110323631412, 0.0580765843145, 0.0935022254084, 0.0111195678665, 0.0092751290603, 0.140960060247, 0.525930727949, 0.147216442004, 0.209621001333, 0.698247900044, 0.334234710836, 0.190642289291, 0.153203831155, 0.218090640242, 0.00576451382938, 0.145097374658, 0.519161517633, 0.0535841721448, 0.224358106897, 0.10413328962, 2.94492058658
1.44898980693e-05, 0.498695604271, 0.182566592641, 0.228751713331, 0.298465862391, 0.0839085367765, 0.202492199963, 0.00414189117717, 0.676787822322, 0.563930948232, 0.44911986815, 0.32028213692, 0.522340162083, 0.244329977809, 0.621100553278, 0.662531035808, 0.470379723293, 0.0277324437358, 0.993482990425, 0.147835821974, 0.240135735265, 0.276247303394, 0.00978796768119, 0.921260827594, 0.167540294562, 0.566027673228, 0.167616249327, 0.0884148754113, 0.755749358911, 0.103535661169, 1.44898980693e-05, 4.24927449004
0.654003355496, 0.864356576815, 0.0212402399848, 0.374703302258, 0.143999242301, 0.529691898265, 0.17730332253, 0.067950501819, 0.806843901098, 0.252037577955, 0.0181957871581, 0.360980123124, 0.289409625728, 0.173147941361, 0.0535470632262, 0.702593002274, 0.00112278194047, 0.227035626853, 0.152378927796, 0.0128756194256, 0.0927540094161, 0.984726957858, 0.975859524344, 0.427125838395, 0.432334147852, 0.52427040701, 0.0186671685162, 0.519161517633, 0.0163301819828, 0.0188855808489, 0.654003355496, 1.62821897461
0.000395625129456, 0.376866683615, 0.0937053703039, 0.313467398635, 0.278975667276, 0.595239103172, 0.8552814496, 0.00414189117717, 0.0653949925922, 0.130349062184, 0.323410918055, 0.981392032485, 0.374470903397, 0.305458782803, 0.474189371787, 0.180655477734, 0.0482377646585, 0.0402472351753, 0.0894331112136, 0.402675919263, 0.0100257592475, 0.849048411228, 0.00437882841696, 0.98416835359, 0.00452504982573, 0.146247580005, 0.167616249327, 0.0884148754113, 0.25017720086, 0.527101397974, 0.000395625129456, 3.74364543418
0.247870247481, 0.928119493046, 0.0937053703039, 0.172299867027, 0.0108747608456, 0.232436852199, 0.0100380596746, 0.233259541362, 0.184491147188, 0.759003551372, 0.1607159354, 0.432529288174, 0.102028875409, 0.0431475963638, 0.147339996937, 0.603294552905, 0.15398806059, 0.568308195036, 0.0440174075871, 0.0157296554095, 0.100334483338, 0.144984957924, 0.0352162666103, 0.140457967726, 0.326709098756, 0.291356026926, 0.151053919988, 0.439550993327, 0.325490086559, 0.565208761807, 0.247870247481, 2.14949295535
0.835825108859, 0.593057715572, 0.136158773336, 0.510415994949, 0.143999242301, 0.645161931759, 0.186770510231, 0.067950501819, 0.806843901098, 0.426178630901, 0.0181957871581, 0.360980123124, 0.910080448659, 0.173147941361, 0.00143812779291, 0.0494857121427, 0.0180352973901, 0.0524626791832, 0.133241977174, 0.103755898996, 0.452734857305, 0.430293442428, 0.975859524344, 0.427125838395, 0.193793547504, 0.713147607819, 0.106949931832, 0.547035543978, 0.00457091366951, 0.0201309089688, 0.835825108859, 1.30794306378
0.000587322541332, 0.205506133373, 0.0775710375089, 0.358985713082, 0.353172715873, 0.0839085367765, 0.00383957083777, 0.469559063226, 0.049870463472, 0.305444050908, 0.00445703455317, 0.457502147953, 0.102028875409, 0.0431475963638, 0.0993821752996, 0.603294552905, 0.980647133164, 0.520196039195, 0.0824496035427, 0.147835821974, 0.00983642690204, 0.664592134633, 0.00978796768119, 0.140457967726, 0.326709098756, 0.989808508943, 0.132072242754, 0.163282482467, 0.325490086559, 0.565208761807, 0.000587322541332, 3.52263649115
0.0189851666521, 0.328411186805, 0.0937053703039, 0.0620507247402, 0.063393518786, 0.0839085367765, 0.0100380596746, 0.156707942575, 0.00264266464939, 0.137038895803, 0.44911986815, 0.613548387357, 0.0580765843145, 0.0187245942628, 0.147339996937, 0.758442889017, 0.954936280043, 0.682791506061, 0.105448879211, 0.012423723287, 0.100334483338, 0.14021192396, 0.00978796768119, 0.140457967726, 0.0817088506113, 0.566027673228, 0.759630239354, 0.519161517633, 0.325490086559, 0.130710570662, 0.0189851666521, 3.0692407681
0.123817068108, 0.84002623232, 0.0937053703039, 0.358985713082, 0.0108747608456, 0.0839085367765, 0.0100380596746, 0.156707942575, 0.232198149442, 0.305444050908, 0.1607159354, 0.127802673426, 0.102028875409, 0.0431475963638, 0.147339996937, 0.603294552905, 0.218585452091, 0.568308195036, 0.105448879211, 0.248865923039, 0.0215738503146, 0.968915685725, 0.0352162666103, 0.140457967726, 0.326709098756, 0.236545956687, 0.151053919988, 0.519161517633, 0.325490086559, 0.565208761807, 0.123817068108, 2.82823147133
0.264521928686, 0.66720264697, 0.0689870681971, 0.244832210542, 0.0108747608456, 0.0839085367765, 0.0100380596746, 0.0990211221289, 0.111358667034, 0.182554467889, 0.1607159354, 0.127802673426, 0.102028875409, 0.0431475963638, 0.0424972534073, 0.603294552905, 0.218585452091, 0.336249299872, 0.254679189077, 0.0157296554095, 0.0215738503146, 0.0465490748536, 0.0273537393315, 0.732051720661, 0.0826538747982, 0.291356026926, 0.151053919988, 0.519161517633, 0.412675175784, 0.565208761807, 0.264521928686, 1.81592348743
0.000904308970774, 0.0025286075083, 0.149034709327, 0.0635548374295, 0.063393518786, 0.0839085367765, 0.00383957083777, 0.156707942575, 0.00174387477453, 0.305444050908, 0.670396189688, 0.662621526067, 0.0580765843145, 0.0187245942628, 0.147339996937, 0.0840142758532, 0.75747595886, 0.521179716471, 0.105448879211, 0.180836021572, 0.0511114280939, 0.664592134633, 0.0331880874004, 0.0449572865983, 0.0848949814227, 0.0419384025067, 0.867969820832, 0.586694044836, 0.136170019291, 0.342007246715, 0.000904308970774, 3.08491382003
0.000366222203964, 0.532581645425, 0.65059574201, 0.105615812274, 0.849464268079, 0.402007067692, 0.755338871578, 0.0654856075542, 0.261936495514, 0.563930948232, 0.3312596817, 0.405999191778, 0.522340162083, 0.224718896717, 0.368849681177, 0.0874414985933, 0.470379723293, 0.0277324437358, 0.993482990425, 0.0447487025607, 0.0156564643347, 0.276247303394, 0.0331880874004, 0.123381230827, 0.137651848418, 0.00354618883123, 0.516857138082, 0.0148525124801, 0.755749358911, 0.865172052206, 0.000366222203964, 4.19015313676
0.10413328962, 0.265846279857, 0.189687094329, 0.392024316777, 0.882609682039, 0.475939936461, 0.093267905101, 0.0360174296328, 0.438069472045, 0.772669628616, 0.784923296251, 0.110323631412, 0.0580765843145, 0.0935022254084, 0.0111195678665, 0.0092751290603, 0.140960060247, 0.525930727949, 0.147216442004, 0.209621001333, 0.698247900044, 0.334234710836, 0.190642289291, 0.153203831155, 0.218090640242, 0.00576451382938, 0.145097374658, 0.519161517633, 0.0535841721448, 0.224358106897, 0.10413328962, 2.94492058658
1.44898980693e-05, 0.498695604271, 0.182566592641, 0.228751713331, 0.298465862391, 0.0839085367765, 0.202492199963, 0.00414189117717, 0.676787822322, 0.563930948232, 0.44911986815, 0.32028213692, 0.522340162083, 0.244329977809, 0.621100553278, 0.662531035808, 0.470379723293, 0.0277324437358, 0.993482990425, 0.147835821974, 0.240135735265, 0.276247303394, 0.00978796768119, 0.921260827594, 0.167540294562, 0.566027673228, 0.167616249327, 0.0884148754113, 0.755749358911, 0.103535661169, 1.44898980693e-05, 4.24927449004
0.654003355496, 0.864356576815, 0.0212402399848, 0.374703302258, 0.143999242301, 0.529691898265, 0.17730332253, 0.067950501819, 0.806843901098, 0.252037577955, 0.0181957871581, 0.360980123124, 0.289409625728, 0.173147941361, 0.0535470632262, 0.702593002274, 0.00112278194047, 0.227035626853, 0.152378927796, 0.0128756194256, 0.0927540094161, 0.984726957858, 0.975859524344, 0.427125838395, 0.432334147852, 0.52427040701, 0.0186671685162, 0.519161517633, 0.0163301819828, 0.0188855808489, 0.654003355496, 1.62821897461
0.000395625129456, 0.376866683615, 0.0937053703039, 0.313467398635, 0.278975667276, 0.595239103172, 0.8552814496, 0.00414189117717, 0.0653949925922, 0.130349062184, 0.323410918055, 0.981392032485, 0.374470903397, 0.305458782803, 0.474189371787, 0.180655477734, 0.0482377646585, 0.0402472351753, 0.0894331112136, 0.402675919263, 0.0100257592475, 0.849048411228, 0.00437882841696, 0.98416835359, 0.00452504982573, 0.146247580005, 0.167616249327, 0.0884148754113, 0.25017720086, 0.527101397974, 0.000395625129456, 3.74364543418
0.247870247481, 0.928119493046, 0.0937053703039, 0.172299867027, 0.0108747608456, 0.232436852199, 0.0100380596746, 0.233259541362, 0.184491147188, 0.759003551372, 0.1607159354, 0.432529288174, 0.102028875409, 0.0431475963638, 0.147339996937, 0.603294552905, 0.15398806059, 0.568308195036, 0.0440174075871, 0.0157296554095, 0.100334483338, 0.144984957924, 0.0352162666103, 0.140457967726, 0.326709098756, 0.291356026926, 0.151053919988, 0.439550993327, 0.325490086559, 0.565208761807, 0.247870247481, 2.14949295535
0.835825108859, 0.593057715572, 0.136158773336, 0.510415994949, 0.143999242301, 0.645161931759, 0.186770510231, 0.067950501819, 0.806843901098, 0.426178630901, 0.0181957871581, 0.360980123124, 0.910080448659, 0.173147941361, 0.00143812779291, 0.0494857121427, 0.0180352973901, 0.0524626791832, 0.133241977174, 0.103755898996, 0.452734857305, 0.430293442428, 0.975859524344, 0.427125838395, 0.193793547504, 0.713147607819, 0.106949931832, 0.547035543978, 0.00457091366951, 0.0201309089688, 0.835825108859, 1.30794306378
0.000587322541332, 0.205506133373, 0.0775710375089, 0.358985713082, 0.353172715873, 0.0839085367765, 0.00383957083777, 0.469559063226, 0.049870463472, 0.305444050908, 0.00445703455317, 0.457502147953, 0.102028875409, 0.0431475963638, 0.0993821752996, 0.603294552905, 0.980647133164, 0.520196039195, 0.0824496035427, 0.147835821974, 0.00983642690204, 0.664592134633, 0.00978796768119, 0.140457967726, 0.326709098756, 0.989808508943, 0.132072242754, 0.163282482467, 0.325490086559, 0.565208761807, 0.000587322541332, 3.52263649115
0.0189851666521, 0.328411186805, 0.0937053703039, 0.0620507247402, 0.063393518786, 0.0839085367765, 0.0100380596746, 0.156707942575, 0.00264266464939, 0.137038895803, 0.44911986815, 0.613548387357, 0.0580765843145, 0.0187245942628, 0.147339996937, 0.758442889017, 0.954936280043, 0.682791506061, 0.105448879211, 0.012423723287, 0.100334483338, 0.14021192396, 0.00978796768119, 0.140457967726, 0.0817088506113, 0.566027673228, 0.759630239354, 0.519161517633, 0.325490086559, 0.130710570662, 0.0189851666521, 3.0692407681
0.123817068108, 0.84002623232, 0.0937053703039, 0.358985713082, 0.0108747608456, 0.0839085367765, 0.0100380596746, 0.156707942575, 0.232198149442, 0.305444050908, 0.1607159354, 0.127802673426, 0.102028875409, 0.0431475963638, 0.147339996937, 0.603294552905, 0.218585452091, 0.568308195036, 0.105448879211, 0.248865923039, 0.0215738503146, 0.968915685725, 0.0352162666103, 0.140457967726, 0.326709098756, 0.236545956687, 0.151053919988, 0.519161517633, 0.325490086559, 0.565208761807, 0.123817068108, 2.82823147133
0.247870247481, 0.917866300604, 0.0937053703039, 0.172299867027, 0.0108747608456, 0.232436852199, 0.0100380596746, 0.233259541362, 0.0653949925922, 0.759003551372, 0.1607159354, 0.432529288174, 0.102028875409, 0.0431475963638, 0.147339996937, 0.603294552905, 0.470341039659, 0.04511785024, 0.0440174075871, 0.0157296554095, 0.100334483338, 0.144984957924, 0.0319246330707, 0.140457967726, 0.326709098756, 0.291356026926, 0.684202028434, 0.439550993327, 0.325490086559, 0.565208761807, 0.247870247481, 2.20139998986
0.247870247481, 0.917866300604, 0.0937053703039, 0.172299867027, 0.0108747608456, 0.232436852199, 0.0100380596746, 0.233259541362, 0.0653949925922, 0.759003551372, 0.1607159354, 0.432529288174, 0.102028875409, 0.0431475963638, 0.147339996937, 0.603294552905, 0.470341039659, 0.04511785024, 0.0440174075871, 0.0157296554095, 0.100334483338, 0.144984957924, 0.0319246330707, 0.140457967726, 0.326709098756, 0.291356026926, 0.684202028434, 0.439550993327, 0.325490086559, 0.565208761807, 0.247870247481, 2.20139998986
0.000395625129456, 0.376866683615, 0.0937053703039, 0.313467398635, 0.278975667276, 0.595239103172, 0.8552814496, 0.00414189117717, 0.212143523659, 0.130349062184, 0.400881863533, 0.932049928161, 0.374470903397, 0.305458782803, 0.630090880178, 0.180655477734, 0.00242662514978, 0.0402472351753, 0.0894331112136, 0.402675919263, 0.0100257592475, 0.849048411228, 0.00978796768119, 0.98416835359, 0.0324134300952, 0.146247580005, 0.167616249327, 0.0884148754113, 0.25017720086, 0.703961134352, 0.000395625129456, 3.89652697575
0.000760315899229, 0.265846279857, 0.136005157614, 0.480508685599, 0.882609682039, 0.475939936461, 0.0470781735435, 0.00601191654023, 0.229795944811, 0.159106716327, 0.670396189688, 0.662621526067, 0.0580765843145, 0.0493774786763, 0.0111195678665, 0.00678331016529, 0.318231745673, 0.682791506061, 0.712659493919, 0.582404997126, 0.968464838006, 0.0650615924353, 0.00978796768119, 0.153203831155, 0.140695192311, 0.0144393352617, 0.145097374658, 0.519161517633, 0.010421425461, 0.141916281646, 0.000760315899229, 3.61786076487
0.000395625129456, 0.376866683615, 0.0937053703039, 0.313467398635, 0.278975667276, 0.595239103172, 0.8552814496, 0.00414189117717, 0.212143523659, 0.130349062184, 0.400881863533, 0.932049928161, 0.374470903397, 0.305458782803, 0.630090880178, 0.180655477734, 0.00242662514978, 0.0402472351753, 0.0894331112136, 0.402675919263, 0.0100257592475, 0.849048411228, 0.00978796768119, 0.98416835359, 0.0324134300952, 0.146247580005, 0.167616249327, 0.0884148754113, 0.25017720086, 0.703961134352, 0.000395625129456, 3.89652697575
0.000760315899229, 0.265846279857, 0.136005157614, 0.480508685599, 0.882609682039, 0.475939936461, 0.0470781735435, 0.00601191654023, 0.229795944811, 0.159106716327, 0.670396189688, 0.662621526067, 0.0580765843145, 0.0493774786763, 0.0111195678665, 0.00678331016529, 0.318231745673, 0.682791506061, 0.712659493919, 0.582404997126, 0.968464838006, 0.0650615924353, 0.00978796768119, 0.153203831155, 0.140695192311, 0.0144393352617, 0.145097374658, 0.519161517633, 0.010421425461, 0.141916281646, 0.000760315899229, 3.61786076487
0.835825108859, 0.593057715572, 0.136158773336, 0.5906261503, 0.143999242301, 0.645161931759, 0.186770510231, 0.067950501819, 0.806843901098, 0.426178630901, 0.0181957871581, 0.360980123124, 0.910080448659, 0.173147941361, 0.00143812779291, 0.0494857121427, 0.0180352973901, 0.0524626791832, 0.133241977174, 0.103755898996, 0.452734857305, 0.430293442428, 0.975859524344, 0.427125838395, 0.193793547504, 0.930740314465, 0.106949931832, 0.439550993327, 0.00457091366951, 0.0201309089688, 0.835825108859, 1.35331366749
0.835825108859, 0.593057715572, 0.136158773336, 0.5906261503, 0.143999242301, 0.645161931759, 0.186770510231, 0.067950501819, 0.806843901098, 0.426178630901, 0.0181957871581, 0.360980123124, 0.910080448659, 0.173147941361, 0.00143812779291, 0.0494857121427, 0.0180352973901, 0.0524626791832, 0.133241977174, 0.103755898996, 0.452734857305, 0.430293442428, 0.975859524344, 0.427125838395, 0.193793547504, 0.930740314465, 0.106949931832, 0.439550993327, 0.00457091366951, 0.0201309089688, 0.835825108859, 1.35331366749
0.637512294194, 0.864356576815, 0.0212402399848, 0.228751713331, 0.143999242301, 0.0839085367765, 0.17730332253, 0.067950501819, 0.806843901098, 0.252037577955, 0.0181957871581, 0.360980123124, 0.289409625728, 0.166908346047, 0.0535470632262, 0.702593002274, 0.706291838662, 0.227035626853, 0.152378927796, 0.0128756194256, 0.0927540094161, 0.984726957858, 0.975859524344, 0.427125838395, 0.399960026848, 0.52427040701, 0.00294060430352, 0.519161517633, 0.474381282993, 0.0188855808489, 0.637512294194, 1.83640096473
4.40424308273e-05, 0.996324787099, 0.357561849076, 0.374703302258, 0.849464268079, 0.0839085367765, 0.202492199963, 0.00414189117717, 0.676787822322, 0.563930948232, 0.44911986815, 0.32028213692, 0.522340162083, 0.244329977809, 0.368849681177, 0.0874414985933, 0.470379723293, 0.0277324437358, 0.993482990425, 0.147835821974, 0.240135735265, 0.276247303394, 0.00978796768119, 0.342039716555, 0.140695192311, 0.0150396920068, 0.167616249327, 0.0884148754113, 0.755749358911, 0.982435096468, 4.40424308273e-05, 4.32526004218
0.264521928686, 0.66720264697, 0.0937053703039, 0.358985713082, 0.0428459617749, 0.0839085367765, 0.0100380596746, 0.156707942575, 0.232198149442, 0.518424983976, 0.1607159354, 0.127802673426, 0.102028875409, 0.0431475963638, 0.147339996937, 0.603294552905, 0.218585452091, 0.705663249516, 0.105448879211, 0.0157296554095, 0.00244735776276, 0.130561704326, 0.0273537393315, 0.0449572865983, 0.0826538747982, 0.291356026926, 0.0919426540531, 0.519161517633, 0.325490086559, 0.565208761807, 0.264521928686, 1.87976058565
4.40424308273e-05, 0.996324787099, 0.357561849076, 0.374703302258, 0.849464268079, 0.0839085367765, 0.202492199963, 0.00414189117717, 0.676787822322, 0.563930948232, 0.44911986815, 0.32028213692, 0.522340162083, 0.244329977809, 0.368849681177, 0.0874414985933, 0.470379723293, 0.0277324437358, 0.993482990425, 0.147835821974, 0.240135735265, 0.276247303394, 0.00978796768119, 0.342039716555, 0.140695192311, 0.0150396920068, 0.167616249327, 0.0884148754113, 0.755749358911, 0.982435096468, 4.40424308273e-05, 4.32526004218
0.637512294194, 0.864356576815, 0.0212402399848, 0.228751713331, 0.143999242301, 0.0839085367765, 0.17730332253, 0.067950501819, 0.806843901098, 0.252037577955, 0.0181957871581, 0.360980123124, 0.289409625728, 0.166908346047, 0.0535470632262, 0.702593002274, 0.706291838662, 0.227035626853, 0.152378927796, 0.0128756194256, 0.0927540094161, 0.984726957858, 0.975859524344, 0.427125838395, 0.399960026848, 0.52427040701, 0.00294060430352, 0.519161517633, 0.474381282993, 0.0188855808489, 0.637512294194, 1.83640096473
0.264521928686, 0.66720264697, 0.0937053703039, 0.358985713082, 0.0428459617749, 0.0839085367765, 0.0100380596746, 0.156707942575, 0.232198149442, 0.518424983976, 0.1607159354, 0.127802673426, 0.102028875409, 0.0431475963638, 0.147339996937, 0.603294552905, 0.218585452091, 0.705663249516, 0.105448879211, 0.0157296554095, 0.00244735776276, 0.130561704326, 0.0273537393315, 0.0449572865983, 0.0826538747982, 0.291356026926, 0.0919426540531, 0.519161517633, 0.325490086559, 0.565208761807, 0.264521928686, 1.87976058565
0.247870247481, 0.265846279857, 0.0308090342639, 0.86758278356, 0.0108747608456, 0.00407535637487, 0.0100380596746, 0.00320643114193, 0.212143523659, 0.305444050908, 0.629625042402, 0.766042812213, 0.102028875409, 0.0187245942628, 0.147339996937, 0.603294552905, 0.0987314384611, 0.345903352771, 0.00150434307095, 0.0296861253424, 0.0583018113777, 0.553775891886, 0.786934005095, 0.140457967726, 0.326709098756, 0.566027673228, 0.406714322872, 0.463625291258, 0.187906750237, 0.210272122186, 0.247870247481, 2.34765768416
0.247870247481, 0.265846279857, 0.0308090342639, 0.86758278356, 0.0108747608456, 0.00407535637487, 0.0100380596746, 0.00320643114193, 0.212143523659, 0.305444050908, 0.629625042402, 0.766042812213, 0.102028875409, 0.0187245942628, 0.147339996937, 0.603294552905, 0.0987314384611, 0.345903352771, 0.00150434307095, 0.0296861253424, 0.0583018113777, 0.553775891886, 0.786934005095, 0.140457967726, 0.326709098756, 0.566027673228, 0.406714322872, 0.463625291258, 0.187906750237, 0.210272122186, 0.247870247481, 2.34765768416
0.00200920827299, 0.0390454414838, 0.0775710375089, 0.0635548374295, 0.063393518786, 0.0839085367765, 0.0100380596746, 0.156707942575, 0.00124480907663, 0.271906541818, 0.394614799216, 0.662621526067, 0.0580765843145, 0.0342158522403, 0.147339996937, 0.603294552905, 0.97013910697, 0.568308195036, 0.105448879211, 0.147835821974, 0.100334483338, 0.664592134633, 0.00655008298248, 0.142757328188, 0.0817088506113, 0.687931935452, 0.759630239354, 0.519161517633, 0.325490086559, 0.342007246715, 0.00200920827299, 3.42640177027
0.00271843096882, 0.120585068175, 0.0616640014134, 0.0635548374295, 0.063393518786, 0.0804491896541, 0.087430906504, 0.0969166674584, 0.553651143417, 0.305444050908, 0.351767306663, 0.373348655606, 0.001914690108, 0.0187245942628, 0.10920044864, 0.603294552905, 0.651712002057, 0.392016037007, 0.105448879211, 0.147835821974, 0.0511114280939, 0.413715175267, 0.00978796768119, 0.140457967726, 0.425587869754, 0.297875975794, 0.759630239354, 0.541520107885, 0.186959404472, 0.657775054928, 0.00271843096882, 3.28510101439
0.00200920827299, 0.0390454414838, 0.0775710375089, 0.0635548374295, 0.063393518786, 0.0839085367765, 0.0100380596746, 0.156707942575, 0.00124480907663, 0.271906541818, 0.394614799216, 0.662621526067, 0.0580765843145, 0.0342158522403, 0.147339996937, 0.603294552905, 0.97013910697, 0.568308195036, 0.105448879211, 0.147835821974, 0.100334483338, 0.664592134633, 0.00655008298248, 0.142757328188, 0.0817088506113, 0.687931935452, 0.759630239354, 0.519161517633, 0.325490086559, 0.342007246715, 0.00200920827299, 3.42640177027
0.00271843096882, 0.120585068175, 0.0616640014134, 0.0635548374295, 0.063393518786, 0.0804491896541, 0.087430906504, 0.0969166674584, 0.553651143417, 0.305444050908, 0.351767306663, 0.373348655606, 0.001914690108, 0.0187245942628, 0.10920044864, 0.603294552905, 0.651712002057, 0.392016037007, 0.105448879211, 0.147835821974, 0.0511114280939, 0.413715175267, 0.00978796768119, 0.140457967726, 0.425587869754, 0.297875975794, 0.759630239354, 0.541520107885, 0.186959404472, 0.657775054928, 0.00271843096882, 3.28510101439
0.000537778494724, 0.492641214402, 0.297298016497, 0.358985713082, 0.620652999195, 0.350854869925, 0.331574809695, 0.101007856488, 0.99107614111, 0.709721661767, 0.0181957871581, 0.932049928161, 0.0497436688977, 0.244329977809, 0.232120534194, 0.015458797317, 0.0750872111, 0.66376788556, 0.238714997414, 0.276837060809, 0.9285340574, 0.00436762254542, 0.173558554411, 0.0523999914968, 0.733568010916, 0.0373667443913, 0.0417772809684, 0.0884148754113, 0.732404806822, 0.631111482604, 0.000537778494724, 4.18718565053
0.000537778494724, 0.492641214402, 0.297298016497, 0.358985713082, 0.620652999195, 0.350854869925, 0.331574809695, 0.101007856488, 0.99107614111, 0.709721661767, 0.0181957871581, 0.932049928161, 0.0497436688977, 0.244329977809, 0.232120534194, 0.015458797317, 0.0750872111, 0.66376788556, 0.238714997414, 0.276837060809, 0.9285340574, 0.00436762254542, 0.173558554411, 0.0523999914968, 0.733568010916, 0.0373667443913, 0.0417772809684, 0.0884148754113, 0.732404806822, 0.631111482604, 0.000537778494724, 4.18718565053
0.247870247481, 0.265846279857, 0.0438298025144, 0.86758278356, 0.0108747608456, 0.419756841999, 0.0100380596746, 0.00320643114193, 0.212143523659, 0.465315918322, 0.629625042402, 0.225637101162, 0.102028875409, 0.0187245942628, 0.147339996937, 0.603294552905, 0.0987314384611, 0.345903352771, 0.000861730066865, 0.0296861253424, 0.0583018113777, 0.553775891886, 0.786934005095, 0.140457967726, 0.326709098756, 0.566027673228, 0.406714322872, 0.463625291258, 0.187906750237, 0.210272122186, 0.247870247481, 2.36045502785
0.247870247481, 0.265846279857, 0.0438298025144, 0.86758278356, 0.0108747608456, 0.419756841999, 0.0100380596746, 0.00320643114193, 0.212143523659, 0.465315918322, 0.629625042402, 0.225637101162, 0.102028875409, 0.0187245942628, 0.147339996937, 0.603294552905, 0.0987314384611, 0.345903352771, 0.000861730066865, 0.0296861253424, 0.0583018113777, 0.553775891886, 0.786934005095, 0.140457967726, 0.326709098756, 0.566027673228, 0.406714322872, 0.463625291258, 0.187906750237, 0.210272122186, 0.247870247481, 2.36045502785
0.637512294194, 0.467493529676, 0.0937053703039, 0.228751713331, 0.143999242301, 0.529691898265, 0.17730332253, 0.0657026445842, 0.806843901098, 0.252037577955, 0.0181957871581, 0.360980123124, 0.858336183001, 0.173147941361, 0.069465301257, 0.993652147165, 0.00189462027595, 0.227035626853, 0.901707149731, 0.0128756194256, 0.0927540094161, 0.34024416982, 0.975859524344, 0.427125838395, 0.277120867506, 0.956859116383, 0.0186671685162, 0.292828758633, 0.0163301819828, 0.0175554584133, 0.637512294194, 1.84671827709
0.637512294194, 0.467493529676, 0.0937053703039, 0.228751713331, 0.143999242301, 0.529691898265, 0.17730332253, 0.0657026445842, 0.806843901098, 0.252037577955, 0.0181957871581, 0.360980123124, 0.858336183001, 0.173147941361, 0.069465301257, 0.993652147165, 0.00189462027595, 0.227035626853, 0.901707149731, 0.0128756194256, 0.0927540094161, 0.34024416982, 0.975859524344, 0.427125838395, 0.277120867506, 0.956859116383, 0.0186671685162, 0.292828758633, 0.0163301819828, 0.0175554584133, 0.637512294194, 1.84671827709
0.00200920827299, 0.0390454414838, 0.0775710375089, 0.0635548374295, 0.0349872958757, 0.0839085367765, 0.141716662074, 0.156707942575, 0.00264266464939, 0.305444050908, 0.309423127801, 0.662621526067, 0.0580765843145, 0.0187245942628, 0.147339996937, 0.603294552905, 0.954936280043, 0.568308195036, 0.105448879211, 0.147835821974, 0.100334483338, 0.664592134633, 0.00978796768119, 0.140457967726, 0.0817088506113, 0.95587004065, 0.759630239354, 0.519161517633, 0.325490086559, 0.342007246715, 0.00200920827299, 3.51569961073
0.00200920827299, 0.0390454414838, 0.0775710375089, 0.0635548374295, 0.0349872958757, 0.0839085367765, 0.141716662074, 0.156707942575, 0.00264266464939, 0.305444050908, 0.309423127801, 0.662621526067, 0.0580765843145, 0.0187245942628, 0.147339996937, 0.603294552905, 0.954936280043, 0.568308195036, 0.105448879211, 0.147835821974, 0.100334483338, 0.664592134633, 0.00978796768119, 0.140457967726, 0.0817088506113, 0.95587004065, 0.759630239354, 0.519161517633, 0.325490086559, 0.342007246715, 0.00200920827299, 3.51569961073
0.247870247481, 0.265846279857, 0.0937053703039, 0.86758278356, 0.0108747608456, 0.0839085367765, 0.15939697984, 0.140511949206, 0.00099695894663, 0.305444050908, 0.629625042402, 0.766042812213, 0.102028875409, 0.0187245942628, 0.147339996937, 0.0494857121427, 0.08443239557, 0.349535361905, 0.0186316369497, 0.0296861253424, 0.0310737403502, 0.553775891886, 0.786934005095, 0.427125838395, 0.321145418843, 0.566027673228, 0.406714322872, 0.252187429673, 0.187906750237, 0.565208761807, 0.247870247481, 2.36604312256
0.0171046566316, 0.328411186805, 0.0937053703039, 0.0635548374295, 0.063393518786, 0.652492688237, 0.0100380596746, 0.156707942575, 0.00264266464939, 0.305444050908, 0.44911986815, 0.613548387357, 0.0580765843145, 0.0187245942628, 0.147339996937, 0.94641645163, 0.954936280043, 0.682791506061, 0.105448879211, 0.012423723287, 0.100334483338, 0.117972260266, 0.00978796768119, 0.140457967726, 0.0433860224964, 0.566027673228, 0.759630239354, 0.519161517633, 0.325490086559, 0.130710570662, 0.0171046566316, 3.34321714495
0.247870247481, 0.265846279857, 0.0937053703039, 0.86758278356, 0.0108747608456, 0.0839085367765, 0.15939697984, 0.140511949206, 0.00099695894663, 0.305444050908, 0.629625042402, 0.766042812213, 0.102028875409, 0.0187245942628, 0.147339996937, 0.0494857121427, 0.08443239557, 0.349535361905, 0.0186316369497, 0.0296861253424, 0.0310737403502, 0.553775891886, 0.786934005095, 0.427125838395, 0.321145418843, 0.566027673228, 0.406714322872, 0.252187429673, 0.187906750237, 0.565208761807, 0.247870247481, 2.36604312256
0.0171046566316, 0.328411186805, 0.0937053703039, 0.0635548374295, 0.063393518786, 0.652492688237, 0.0100380596746, 0.156707942575, 0.00264266464939, 0.305444050908, 0.44911986815, 0.613548387357, 0.0580765843145, 0.0187245942628, 0.147339996937, 0.94641645163, 0.954936280043, 0.682791506061, 0.105448879211, 0.012423723287, 0.100334483338, 0.117972260266, 0.00978796768119, 0.140457967726, 0.0433860224964, 0.566027673228, 0.759630239354, 0.519161517633, 0.325490086559, 0.130710570662, 0.0171046566316, 3.34321714495
0.0189851666521, 0.265846279857, 0.0775710375089, 0.0635548374295, 0.063393518786, 0.0839085367765, 0.0100380596746, 0.156707942575, 0.00264266464939, 0.305444050908, 0.44911986815, 0.110323631412, 0.0580765843145, 0.0187245942628, 0.147339996937, 0.603294552905, 0.954936280043, 0.682791506061, 0.105448879211, 0.012423723287, 0.100334483338, 0.14021192396, 0.00978796768119, 0.198255311241, 0.0817088506113, 0.566027673228, 0.759630239354, 0.519161517633, 0.946147294471, 0.130710570662, 0.0189851666521, 3.10247918828
0.835825108859, 0.593057715572, 0.066754893832, 0.143449937271, 0.327352018935, 0.529691898265, 0.17730332253, 0.0174966722522, 0.273935118782, 0.563930948232, 0.43035012858, 0.360980123124, 0.997556002189, 0.173147941361, 0.069465301257, 0.0494857121427, 0.0180352973901, 0.0277324437358, 0.641301403779, 0.103755898996, 0.116949938139, 0.252299039404, 0.975859524344, 0.427125838395, 0.199399806943, 0.956859116383, 0.333595448913, 0.564383903399, 0.0163301819828, 0.00328760311022, 0.835825108859, 1.35607081529
0.428562116822, 0.266175247728, 0.570772017478, 0.173258352709, 0.0108102606272, 0.355507294514, 0.15939697984, 0.670350886303, 0.686787232143, 0.19253694583, 0.724314575533, 0.889558167751, 0.250763405954, 0.530970136055, 0.0333482986302, 0.490109005107, 0.0231792808154, 0.281744007909, 0.00880832125471, 0.267662534094, 0.332296262964, 0.0113980650882, 0.179991975818, 0.00488480607923, 0.0153482285075, 0.240059006055, 0.106322970226, 0.0884148754113, 0.323660439179, 0.647567137251, 0.428562116822, 2.06357055064
0.0189851666521, 0.265846279857, 0.0775710375089, 0.0635548374295, 0.063393518786, 0.0839085367765, 0.0100380596746, 0.156707942575, 0.00264266464939, 0.305444050908, 0.44911986815, 0.110323631412, 0.0580765843145, 0.0187245942628, 0.147339996937, 0.603294552905, 0.954936280043, 0.682791506061, 0.105448879211, 0.012423723287, 0.100334483338, 0.14021192396, 0.00978796768119, 0.198255311241, 0.0817088506113, 0.566027673228, 0.759630239354, 0.519161517633, 0.946147294471, 0.130710570662, 0.0189851666521, 3.10247918828
0.835825108859, 0.593057715572, 0.066754893832, 0.143449937271, 0.327352018935, 0.529691898265, 0.17730332253, 0.0174966722522, 0.273935118782, 0.563930948232, 0.43035012858, 0.360980123124, 0.997556002189, 0.173147941361, 0.069465301257, 0.0494857121427, 0.0180352973901, 0.0277324437358, 0.641301403779, 0.103755898996, 0.116949938139, 0.252299039404, 0.975859524344, 0.427125838395, 0.199399806943, 0.956859116383, 0.333595448913, 0.564383903399, 0.0163301819828, 0.00328760311022, 0.835825108859, 1.35607081529
0.428562116822, 0.266175247728, 0.570772017478, 0.173258352709, 0.0108102606272, 0.355507294514, 0.15939697984, 0.670350886303, 0.686787232143, 0.19253694583, 0.724314575533, 0.889558167751, 0.250763405954, 0.530970136055, 0.0333482986302, 0.490109005107, 0.0231792808154, 0.281744007909, 0.00880832125471, 0.267662534094, 0.332296262964, 0.0113980650882, 0.179991975818, 0.00488480607923, 0.0153482285075, 0.240059006055, 0.106322970226, 0.0884148754113, 0.323660439179, 0.647567137251, 0.428562116822, 2.06357055064
0.000760315899229, 0.265846279857, 0.136005157614, 0.480508685599, 0.882609682039, 0.475939936461, 0.0470781735435, 0.00601191654023, 0.229795944811, 0.159106716327, 0.670396189688, 0.662621526067, 0.0580765843145, 0.191519190382, 0.0111195678665, 0.0092751290603, 0.318231745673, 0.682791506061, 0.712659493919, 0.140538925868, 0.968464838006, 0.00573695637931, 0.0462290327105, 0.153203831155, 0.606086468594, 0.673582964566, 0.145097374658, 0.519161517633, 0.010421425461, 0.141916281646, 0.000760315899229, 3.86574105956
0.000760315899229, 0.265846279857, 0.136005157614, 0.480508685599, 0.882609682039, 0.475939936461, 0.0470781735435, 0.00601191654023, 0.229795944811, 0.159106716327, 0.670396189688, 0.662621526067, 0.0580765843145, 0.191519190382, 0.0111195678665, 0.0092751290603, 0.318231745673, 0.682791506061, 0.712659493919, 0.140538925868, 0.968464838006, 0.00573695637931, 0.0462290327105, 0.153203831155, 0.606086468594, 0.673582964566, 0.145097374658, 0.519161517633, 0.010421425461, 0.141916281646, 0.000760315899229, 3.86574105956
0.000537778494724, 0.492641214402, 0.297298016497, 0.358985713082, 0.620652999195, 0.350854869925, 0.331574809695, 0.101007856488, 0.878391780489, 0.709721661767, 0.0181957871581, 0.932049928161, 0.0772446906241, 0.244329977809, 0.232120534194, 0.015458797317, 0.0151569717569, 0.857227714822, 0.238714997414, 0.276837060809, 0.9285340574, 0.00436762254542, 0.173558554411, 0.0523999914968, 0.733568010916, 0.0373667443913, 0.0417772809684, 0.0884148754113, 0.732404806822, 0.631111482604, 0.000537778494724, 4.20210519532
0.247870247481, 0.265846279857, 0.0937053703039, 0.86758278356, 0.000165642808233, 0.206398706508, 0.00165992183874, 0.140511949206, 0.000997498249438, 0.35073683461, 0.629625042402, 0.766042812213, 0.102028875409, 0.00888987278083, 0.147339996937, 0.0494857121427, 0.0987314384611, 0.345903352771, 0.0186316369497, 0.0296861253424, 0.0237696243715, 0.553775891886, 0.786934005095, 0.427125838395, 0.321145418843, 0.566027673228, 0.406714322872, 0.412363347687, 0.187906750237, 0.565208761807, 0.247870247481, 2.40728589623
0.000537778494724, 0.492641214402, 0.297298016497, 0.358985713082, 0.620652999195, 0.350854869925, 0.331574809695, 0.101007856488, 0.878391780489, 0.709721661767, 0.0181957871581, 0.932049928161, 0.0772446906241, 0.244329977809, 0.232120534194, 0.015458797317, 0.0151569717569, 0.857227714822, 0.238714997414, 0.276837060809, 0.9285340574, 0.00436762254542, 0.173558554411, 0.0523999914968, 0.733568010916, 0.0373667443913, 0.0417772809684, 0.0884148754113, 0.732404806822, 0.631111482604, 0.000537778494724, 4.20210519532
0.247870247481, 0.265846279857, 0.0937053703039, 0.86758278356, 0.000165642808233, 0.206398706508, 0.00165992183874, 0.140511949206, 0.000997498249438, 0.35073683461, 0.629625042402, 0.766042812213, 0.102028875409, 0.00888987278083, 0.147339996937, 0.0494857121427, 0.0987314384611, 0.345903352771, 0.0186316369497, 0.0296861253424, 0.0237696243715, 0.553775891886, 0.786934005095, 0.427125838395, 0.321145418843, 0.566027673228, 0.406714322872, 0.412363347687, 0.187906750237, 0.565208761807, 0.247870247481, 2.40728589623
4.40424308273e-05, 0.591074884289, 0.357561849076, 0.374703302258, 0.849464268079, 0.0839085367765, 0.202492199963, 0.00414189117717, 0.676787822322, 0.563930948232, 0.44911986815, 0.32028213692, 0.522340162083, 0.244329977809, 0.368849681177, 0.0874414985933, 0.470379723293, 0.0277324437358, 0.993482990425, 0.147835821974, 0.240135735265, 0.276247303394, 0.0462290327105, 0.921260827594, 0.606086468594, 0.0419384025067, 0.167616249327, 0.0884148754113, 0.755749358911, 0.962610710302, 4.40424308273e-05, 4.5368540891
0.000904308970774, 0.0025286075083, 0.149034709327, 0.0635548374295, 0.063393518786, 0.0839085367765, 0.00383957083777, 0.156707942575, 0.00264266464939, 0.305444050908, 0.910978679972, 0.551453331248, 0.0580765843145, 0.0187245942628, 0.147339996937, 0.754258359782, 0.75747595886, 0.521179716471, 0.105448879211, 0.180836021572, 0.0511114280939, 0.664592134633, 0.0331880874004, 0.732051720661, 0.0733557597143, 0.0419384025067, 0.867969820832, 0.586694044836, 0.136170019291, 0.342007246715, 0.000904308970774, 3.53926183683
0.637512294194, 0.467493529676, 0.687824223283, 0.228751713331, 0.143999242301, 0.529691898265, 0.17730332253, 0.067950501819, 0.806843901098, 0.252037577955, 0.00727234631087, 0.360980123124, 0.685262358341, 0.173147941361, 0.069465301257, 0.702593002274, 0.00189462027595, 0.227035626853, 0.901707149731, 0.0128756194256, 0.0927540094161, 0.34024416982, 0.975859524344, 0.427125838395, 0.199399806943, 0.956859116383, 0.0186671685162, 0.292828758633, 0.0163301819828, 0.0188855808489, 0.637512294194, 1.85789256541
0.000212531332517, 0.532581645425, 0.65059574201, 0.374703302258, 0.849464268079, 0.219686767011, 0.202492199963, 0.00414189117717, 0.131887835548, 0.562333074957, 0.44911986815, 0.32028213692, 0.522340162083, 0.244329977809, 0.541057638242, 0.213726032219, 0.470379723293, 0.722159787204, 0.368402705953, 0.154227988137, 0.627766150317, 0.433252574048, 0.699829251249, 0.215088922653, 0.228866472738, 0.146247580005, 0.167616249327, 0.0884148754113, 0.700451809181, 0.539645367087, 0.000212531332517, 4.50102606446
4.40424308273e-05, 0.591074884289, 0.357561849076, 0.374703302258, 0.849464268079, 0.0839085367765, 0.202492199963, 0.00414189117717, 0.676787822322, 0.563930948232, 0.44911986815, 0.32028213692, 0.522340162083, 0.244329977809, 0.368849681177, 0.0874414985933, 0.470379723293, 0.0277324437358, 0.993482990425, 0.147835821974, 0.240135735265, 0.276247303394, 0.0462290327105, 0.921260827594, 0.606086468594, 0.0419384025067, 0.167616249327, 0.0884148754113, 0.755749358911, 0.962610710302, 4.40424308273e-05, 4.5368540891
0.000904308970774, 0.0025286075083, 0.149034709327, 0.0635548374295, 0.063393518786, 0.0839085367765, 0.00383957083777, 0.156707942575, 0.00264266464939, 0.305444050908, 0.910978679972, 0.551453331248, 0.0580765843145, 0.0187245942628, 0.147339996937, 0.754258359782, 0.75747595886, 0.521179716471, 0.105448879211, 0.180836021572, 0.0511114280939, 0.664592134633, 0.0331880874004, 0.732051720661, 0.0733557597143, 0.0419384025067, 0.867969820832, 0.586694044836, 0.136170019291, 0.342007246715, 0.000904308970774, 3.53926183683
0.637512294194, 0.467493529676, 0.687824223283, 0.228751713331, 0.143999242301, 0.529691898265, 0.17730332253, 0.067950501819, 0.806843901098, 0.252037577955, 0.00727234631087, 0.360980123124, 0.685262358341, 0.173147941361, 0.069465301257, 0.702593002274, 0.00189462027595, 0.227035626853, 0.901707149731, 0.0128756194256, 0.0927540094161, 0.34024416982, 0.975859524344, 0.427125838395, 0.199399806943, 0.956859116383, 0.0186671685162, 0.292828758633, 0.0163301819828, 0.0188855808489, 0.637512294194, 1.85789256541
0.000212531332517, 0.532581645425, 0.65059574201, 0.374703302258, 0.849464268079, 0.219686767011, 0.202492199963, 0.00414189117717, 0.131887835548, 0.562333074957, 0.44911986815, 0.32028213692, 0.522340162083, 0.244329977809, 0.541057638242, 0.213726032219, 0.470379723293, 0.722159787204, 0.368402705953, 0.154227988137, 0.627766150317, 0.433252574048, 0.699829251249, 0.215088922653, 0.228866472738, 0.146247580005, 0.167616249327, 0.0884148754113, 0.700451809181, 0.539645367087, 0.000212531332517, 4.50102606446
0.000587322541332, 0.205506133373, 0.0157419471499, 0.335575304773, 0.227930998401, 0.0839085367765, 0.00383957083777, 0.469559063226, 0.296556922356, 0.305444050908, 0.00445703455317, 0.94381464261, 0.102028875409, 0.0352836533518, 0.356111590871, 0.758442889017, 0.980647133164, 0.641222862101, 0.00138361323044, 0.0967822795452, 0.00983642690204, 0.664592134633, 0.787386400336, 0.140457967726, 0.326709098756, 0.91457142504, 0.151053919988, 0.00495876988509, 0.325490086559, 0.565208761807, 0.000587322541332, 3.97861408256
0.000587322541332, 0.205506133373, 0.0157419471499, 0.335575304773, 0.227930998401, 0.0839085367765, 0.00383957083777, 0.469559063226, 0.296556922356, 0.305444050908, 0.00445703455317, 0.94381464261, 0.102028875409, 0.0352836533518, 0.356111590871, 0.758442889017, 0.980647133164, 0.641222862101, 0.00138361323044, 0.0967822795452, 0.00983642690204, 0.664592134633, 0.787386400336, 0.140457967726, 0.326709098756, 0.91457142504, 0.151053919988, 0.00495876988509, 0.325490086559, 0.565208761807, 0.000587322541332, 3.97861408256
0.428562116822, 0.375795545521, 0.00241184954677, 0.495499532974, 0.41187715371, 0.206398706508, 0.15939697984, 0.488352685018, 0.232198149442, 0.281743024493, 0.468767967277, 0.977153685281, 0.250763405954, 0.656949117387, 0.0333482986302, 0.490109005107, 0.505547687774, 0.0645749142676, 0.00880832125471, 0.0101437992177, 0.332296262964, 0.0113980650882, 0.787386400336, 0.00488480607923, 0.0251011689874, 0.291356026926, 0.106322970226, 0.010253644398, 0.221728345764, 0.856710426356, 0.428562116822, 2.12310840509
0.10413328962, 0.0423980334999, 0.282520573233, 0.00868231210637, 0.063393518786, 0.0839085367765, 0.00383957083777, 0.960888652455, 0.232198149442, 0.957804490628, 0.44911986815, 0.110323631412, 0.0580765843145, 0.0187214735812, 0.147339996937, 0.603294552905, 0.184810297773, 0.694386190417, 0.0909149116798, 0.147835821974, 0.100334483338, 0.664592134633, 0.00496310897386, 0.16999950555, 0.326709098756, 0.655009228278, 0.283900159896, 0.993288335333, 0.325490086559, 0.0642411849525, 0.10413328962, 3.10100509525
0.00271843096882, 0.0029437857939, 0.419602257513, 0.143449937271, 0.353172715873, 0.0420640214094, 0.00383957083777, 0.156707942575, 0.232198149442, 0.161869683096, 0.214084391101, 0.342752736217, 0.102028875409, 0.0183707844518, 0.0993821752996, 0.603294552905, 0.689801791554, 0.520196039195, 0.135294122345, 0.147821628819, 0.0215738503146, 0.664592134633, 0.00978796768119, 0.101553988622, 0.326709098756, 0.566027673228, 0.763144485282, 0.519161517633, 0.27495874899, 0.565208761807, 0.00271843096882, 3.44691835232
0.428562116822, 0.375795545521, 0.00241184954677, 0.495499532974, 0.41187715371, 0.206398706508, 0.15939697984, 0.488352685018, 0.232198149442, 0.281743024493, 0.468767967277, 0.977153685281, 0.250763405954, 0.656949117387, 0.0333482986302, 0.490109005107, 0.505547687774, 0.0645749142676, 0.00880832125471, 0.0101437992177, 0.332296262964, 0.0113980650882, 0.787386400336, 0.00488480607923, 0.0251011689874, 0.291356026926, 0.106322970226, 0.010253644398, 0.221728345764, 0.856710426356, 0.428562116822, 2.12310840509
0.10413328962, 0.0423980334999, 0.282520573233, 0.00868231210637, 0.063393518786, 0.0839085367765, 0.00383957083777, 0.960888652455, 0.232198149442, 0.957804490628, 0.44911986815, 0.110323631412, 0.0580765843145, 0.0187214735812, 0.147339996937, 0.603294552905, 0.184810297773, 0.694386190417, 0.0909149116798, 0.147835821974, 0.100334483338, 0.664592134633, 0.00496310897386, 0.16999950555, 0.326709098756, 0.655009228278, 0.283900159896, 0.993288335333, 0.325490086559, 0.0642411849525, 0.10413328962, 3.10100509525
0.00271843096882, 0.0029437857939, 0.419602257513, 0.143449937271, 0.353172715873, 0.0420640214094, 0.00383957083777, 0.156707942575, 0.232198149442, 0.161869683096, 0.214084391101, 0.342752736217, 0.102028875409, 0.0183707844518, 0.0993821752996, 0.603294552905, 0.689801791554, 0.520196039195, 0.135294122345, 0.147821628819, 0.0215738503146, 0.664592134633, 0.00978796768119, 0.101553988622, 0.326709098756, 0.566027673228, 0.763144485282, 0.519161517633, 0.27495874899, 0.565208761807, 0.00271843096882, 3.44691835232
0.0189851666521, 0.265846279857, 0.0775710375089, 0.0635548374295, 0.0454009881963, 0.458113403631, 0.0100380596746, 0.156707942575, 0.00264266464939, 0.305444050908, 0.44911986815, 0.662621526067, 0.0580765843145, 0.244329977809, 0.147339996937, 0.603294552905, 0.954936280043, 0.568308195036, 0.105448879211, 0.012423723287, 0.100334483338, 0.14021192396, 0.00978796768119, 0.103006020992, 0.0817088506113, 0.566027673228, 0.759630239354, 0.519161517633, 0.325490086559, 0.342007246715, 0.0189851666521, 3.25638137224
0.0189851666521, 0.265846279857, 0.0775710375089, 0.0635548374295, 0.0454009881963, 0.458113403631, 0.0100380596746, 0.156707942575, 0.00264266464939, 0.305444050908, 0.44911986815, 0.662621526067, 0.0580765843145, 0.244329977809, 0.147339996937, 0.603294552905, 0.954936280043, 0.568308195036, 0.105448879211, 0.012423723287, 0.100334483338, 0.14021192396, 0.00978796768119, 0.103006020992, 0.0817088506113, 0.566027673228, 0.759630239354, 0.519161517633, 0.325490086559, 0.342007246715, 0.0189851666521, 3.25638137224
0.000587322541332, 0.205506133373, 0.0157419471499, 0.358985713082, 0.353172715873, 0.0839085367765, 0.00383957083777, 0.469559063226, 0.640106761939, 0.881237264908, 0.00445703455317, 0.94381464261, 0.102028875409, 0.0431475963638, 0.228297496632, 0.758442889017, 0.980647133164, 0.641222862101, 0.0824496035427, 0.0967822795452, 0.00983642690204, 0.664592134633, 0.179991975818, 0.140457967726, 0.0294906778714, 0.91457142504, 0.151053919988, 0.0884148754113, 0.325490086559, 0.565208761807, 0.000587322541332, 4.0427634791
0.000904308970774, 0.0521295323282, 0.225914186812, 0.0635548374295, 0.063393518786, 0.0839085367765, 0.00383957083777, 0.388150773764, 0.00264266464939, 0.305444050908, 0.670396189688, 0.662621526067, 0.0320349272713, 0.0187245942628, 0.147339996937, 0.896488724184, 0.954936280043, 0.521179716471, 0.105448879211, 0.180836021572, 0.0511114280939, 0.664592134633, 0.0229133482546, 0.130877354598, 0.283391382752, 0.566027673228, 0.383458979433, 0.586694044836, 0.136170019291, 0.342007246715, 0.000904308970774, 3.59478212757
0.000587322541332, 0.205506133373, 0.0157419471499, 0.358985713082, 0.353172715873, 0.0839085367765, 0.00383957083777, 0.469559063226, 0.640106761939, 0.881237264908, 0.00445703455317, 0.94381464261, 0.102028875409, 0.0431475963638, 0.228297496632, 0.758442889017, 0.980647133164, 0.641222862101, 0.0824496035427, 0.0967822795452, 0.00983642690204, 0.664592134633, 0.179991975818, 0.140457967726, 0.0294906778714, 0.91457142504, 0.151053919988, 0.0884148754113, 0.325490086559, 0.565208761807, 0.000587322541332, 4.0427634791
0.000904308970774, 0.0521295323282, 0.225914186812, 0.0635548374295, 0.063393518786, 0.0839085367765, 0.00383957083777, 0.388150773764, 0.00264266464939, 0.305444050908, 0.670396189688, 0.662621526067, 0.0320349272713, 0.0187245942628, 0.147339996937, 0.896488724184, 0.954936280043, 0.521179716471, 0.105448879211, 0.180836021572, 0.0511114280939, 0.664592134633, 0.0229133482546, 0.130877354598, 0.283391382752, 0.566027673228, 0.383458979433, 0.586694044836, 0.136170019291, 0.342007246715, 0.000904308970774, 3.59478212757
0.00271843096882, 0.120585068175, 0.0616640014134, 0.0635548374295, 0.063393518786, 0.0804491896541, 0.0318409105785, 0.0969166674584, 0.817250902169, 0.239601863379, 0.351767306663, 0.48729012702, 0.001914690108, 0.0187245942628, 0.10920044864, 0.603294552905, 0.954936280043, 0.392016037007, 0.105448879211, 0.147835821974, 0.0511114280939, 0.413715175267, 0.00978796768119, 0.140457967726, 0.425587869754, 0.297875975794, 0.832420607629, 0.541520107885, 0.186959404472, 0.657775054928, 0.00271843096882, 3.47853529565
0.00271843096882, 0.120585068175, 0.0616640014134, 0.0635548374295, 0.063393518786, 0.0804491896541, 0.0318409105785, 0.0969166674584, 0.817250902169, 0.239601863379, 0.351767306663, 0.48729012702, 0.001914690108, 0.0187245942628, 0.10920044864, 0.603294552905, 0.954936280043, 0.392016037007, 0.105448879211, 0.147835821974, 0.0511114280939, 0.413715175267, 0.00978796768119, 0.140457967726, 0.425587869754, 0.297875975794, 0.832420607629, 0.541520107885, 0.186959404472, 0.657775054928, 0.00271843096882, 3.47853529565
