1.0, 0.0, 0.945906044081, 1.0, 1.0, 0.0, 1.0, 0.783404028898, 0.0, 0.925445283569, 0.0, 0.94192445519, 0.921534859845, 0.904711971569, 0.59703259334, 0.739946328011, 1.0, 1.0, 0.939443423168, 0.620532795934, 0.0, 1.0, 1.0, 0.0, 0.756151271995, 0.456541913111, 0.0765376034551, 0.875826765151, 3.0, 0.0, 17.4320003667
1.0, 0.0, 0.551827746633, 1.0, 1.0, 0.0, 1.0, 0.783404028898, 0.0, 1.0, 0.0, 0.94192445519, 0.921534859845, 0.904711971569, 0.59703259334, 0.739946328011, 1.0, 1.0, 0.939443423168, 0.620532795934, 0.0, 1.0, 1.0, 0.0, 0.552865895876, 0.0, 0.0908893401018, 0.875826765151, 3.0, 0.0, 17.4320003667
0.43188831633, 0.478574244133, 0.0, 0.0, 0.437427503248, 0.0, 0.225909032526, 0.0, 0.0, 0.0, 0.35729057827, 0.331698628734, 0.414378653809, 0.0, 0.863062511529, 0.492902032588, 0.0, 0.0, 0.276430855166, 0.0, 0.0, 0.354804269849, 0.313452252947, 0.0, 0.0, 0.0, 0.0, 0.0786009355539, 45.0, 0.0, 0.524925623124
0.43188831633, 0.478574244133, 0.0, 0.0, 0.437427503248, 0.0, 0.225909032526, 0.0, 0.0, 0.0, 0.0, 0.0, 0.414378653809, 0.0665293245575, 0.818016516167, 0.492902032588, 0.0, 0.148784137089, 0.0331802118223, 0.0, 0.0, 0.0, 0.0836331868887, 0.0, 0.0, 0.307239587289, 0.0, 0.0691742956811, 45.0, 0.0, 0.524925623124
0.43188831633, 0.478574244133, 0.0, 0.0, 0.895536864197, 0.0, 0.167116620973, 0.0, 0.0, 0.0, 0.0, 0.0, 0.414378653809, 0.0665293245575, 0.818016516167, 0.492902032588, 0.0, 0.148784137089, 0.0331802118223, 0.0, 0.0, 0.0, 0.259176770385, 0.0, 0.0, 0.307239587289, 0.0, 0.0691742956811, 44.0, 1.0, 0.735358711175
1.0, 0.0, 0.0, 0.184923847973, 1.0, 1.0, 1.0, 0.922843980782, 0.409560346064, 0.71653879758, 0.904148358421, 0.0, 0.0, 1.0, 1.0, 1.0, 1.0, 1.0, 0.00238572462459, 1.0, 0.155059194851, 1.0, 1.0, 0.129847865178, 1.0, 0.0, 0.0613860015143, 0.987823053278, 7.0, 1.0, 14.0685624499
0.43188831633, 0.123372144895, 0.0, 0.0, 0.0, 0.0, 0.0145356725713, 0.0, 0.0, 0.229569277887, 0.0, 0.0, 0.0, 0.0, 0.864999486995, 0.492902032588, 0.411044178544, 0.27482289922, 0.0331802118223, 0.0, 0.0, 0.772011475237, 0.259176770385, 0.579207533045, 0.0, 0.0, 1.0, 0.246918969644, 33.0, 0.0, 2.25902517471
0.0915274959533, 0.465691282238, 0.275195984262, 0.430535619659, 0.47071954917, 0.0, 0.0, 0.0, 0.0, 0.0, 0.953552203641, 0.452461251957, 0.0, 0.0, 0.0, 0.235962023771, 0.0, 1.0, 0.338071014262, 0.998597277936, 0.0, 1.0, 1.0, 0.0, 0.0, 0.313803479237, 0.0, 0.281237952149, 32.0, 0.0, 3.27944662233
0.209598817612, 0.473411143516, 0.0996569602736, 0.0, 0.0, 0.0, 0.0, 0.281117104782, 0.130756372842, 0.213335578272, 0.922035469581, 0.441302019134, 0.98302636182, 0.0897728372451, 0.984331646607, 0.39637964715, 0.118164959275, 0.0, 0.8068198272, 1.0, 0.326125651147, 0.964467897986, 0.275433090741, 0.921539986583, 0.0, 0.13231694855, 1.0, 0.0, 23.0, 0.0, 5.42921476766
1.0, 0.418895146443, 0.427097626654, 0.914083611789, 1.0, 0.873825079141, 0.796541980905, 0.730619744472, 0.0, 0.621650604598, 0.89628269967, 0.0, 0.213557568244, 0.100915475843, 1.0, 1.0, 1.0, 1.0, 0.179107416306, 0.861290970541, 0.0, 0.820430151719, 1.0, 0.0430510185414, 1.0, 0.0, 0.0379536632652, 1.0, 5.0, 0.0, 15.0419397723
1.0, 0.0, 0.945906044081, 1.0, 1.0, 0.0, 1.0, 0.729455895922, 0.0, 0.334334309694, 0.101623872645, 0.94192445519, 0.921534859845, 0.904711971569, 0.818016516167, 0.739946328011, 1.0, 1.0, 0.939443423168, 1.0, 0.0, 1.0, 1.0, 0.0, 0.756151271995, 0.0, 0.346359633835, 0.875826765151, 4.0, 0.0, 16.7379915042
0.0915274959533, 0.175810973235, 0.307846731727, 0.430535619659, 0.431957745495, 0.0, 0.0802526366897, 0.3047758382, 0.764512874058, 0.0, 0.212287322038, 0.0, 0.424275533637, 0.0, 0.775477692193, 0.235962023771, 0.120686388607, 0.478819415059, 0.338071014262, 0.744725895177, 0.0, 1.0, 1.0, 0.0, 0.0, 0.313803479237, 0.00998802666889, 0.988793560829, 28.0, 0.0, 4.00342512205
0.0915274959533, 0.0, 0.291333724513, 0.125545369594, 0.0, 0.39468932952, 0.0, 0.140285147364, 0.15046857772, 0.0, 0.0793051898746, 0.0, 0.0, 0.0, 0.610952648449, 1.0, 0.0, 0.517078968851, 0.794402968062, 1.0, 0.403515348376, 1.0, 0.71703951769, 0.875459238003, 0.0112690987963, 0.0122703743289, 0.183489660734, 0.0357492405014, 26.0, 0.0, 5.21547011346
0.645202411001, 0.980366818462, 0.0, 0.993191723895, 0.715306597146, 0.723612655551, 0.314041242195, 0.251877177604, 0.0, 0.415592430409, 0.0306367113686, 0.822889513253, 0.41541531619, 1.0, 0.989376796551, 0.881548576009, 0.0, 0.0, 0.148212045773, 0.559863139317, 0.645382625224, 0.0, 0.259176770385, 0.666498762135, 0.860635660111, 0.0, 0.00304554863032, 0.598000009586, 10.0, 0.0, 11.2530433149
1.0, 0.0, 0.0427862287144, 0.184923847973, 1.0, 1.0, 1.0, 1.0, 0.192379784134, 0.179446916491, 0.922245493454, 0.230213982303, 0.0, 0.43460621693, 1.0, 0.940389642436, 1.0, 1.0, 0.000672529308701, 0.571277979353, 0.155059194851, 1.0, 1.0, 0.129847865178, 1.0, 0.0, 0.241065520028, 1.0, 9.0, 0.0, 12.7445505478
0.43188831633, 0.123372144895, 0.0, 0.0, 0.0, 0.136428572475, 0.0145356725713, 0.0, 0.0, 0.229569277887, 0.0, 0.0, 0.0, 0.276058708708, 0.818016516167, 0.492902032588, 0.00953758656652, 0.27482289922, 0.0331802118223, 0.0, 0.0, 0.252053941887, 0.259176770385, 0.579207533045, 0.0, 0.0, 1.0, 0.246918969644, 37.0, 0.0, 1.8347004719
0.43188831633, 0.478574244133, 0.0, 0.0, 0.437427503248, 0.0, 0.554716161192, 0.0, 0.0, 0.0, 0.35729057827, 0.331698628734, 0.414378653809, 0.0, 0.863062511529, 0.492902032588, 0.0, 0.0, 0.276430855166, 0.0, 0.0, 0.0, 0.313452252947, 0.0, 0.0, 0.0, 0.132792436298, 0.246918969644, 44.0, 0.0, 1.19486466507
0.43188831633, 0.123372144895, 0.0, 0.0, 0.0, 0.136428572475, 0.0145356725713, 0.0, 0.0, 0.229569277887, 0.0, 0.0, 0.0, 0.276058708708, 0.818016516167, 0.492902032588, 0.00953758656652, 0.27482289922, 0.0331802118223, 0.0, 0.0, 0.252053941887, 0.259176770385, 0.579207533045, 0.0, 0.0, 1.0, 0.246918969644, 37.0, 0.0, 1.8347004719
0.43188831633, 0.131592905031, 0.0, 0.0, 0.254636262386, 0.0, 0.178788117767, 0.0, 0.308310866183, 0.450237460812, 0.0, 0.0, 0.0, 0.0162849441085, 0.818016516167, 0.492902032588, 0.0277383985489, 0.0, 0.0331802118223, 0.0, 0.353856067299, 0.252053941887, 1.0, 0.10729312596, 0.0, 0.0, 0.0, 0.246918969644, 41.0, 0.0, 1.22344373183
0.43188831633, 0.478574244133, 0.155220093564, 0.0, 0.793138837285, 0.0, 0.0, 0.0, 0.308310866183, 0.0, 0.0, 0.0, 0.0, 0.0, 0.869484541284, 0.00170625297644, 0.0, 0.101763228818, 0.0287361292442, 0.0, 0.363029015814, 0.0413159472027, 0.0, 0.0835912819379, 0.0, 0.0, 0.0, 0.533396938303, 40.0, 1.0, 1.59971017382
0.436962380125, 0.0, 0.0, 0.0795699175812, 0.0, 0.0, 0.203118824061, 0.642624950558, 0.00259809551232, 0.0, 0.767140390232, 0.0, 0.149560568697, 0.127109327842, 1.0, 1.0, 0.0, 0.0648801813371, 0.0521961866561, 1.0, 0.0, 0.82254536265, 0.311901505114, 0.825607845096, 0.0, 0.0, 1.0, 0.034656034906, 19.0, 0.0, 7.1284986917
0.725227933446, 0.107606763227, 0.0, 0.084548575871, 1.0, 0.835985802525, 1.0, 1.0, 0.961190000184, 0.466357619313, 0.904148358421, 0.0, 0.430237865924, 0.810870395876, 1.0, 1.0, 1.0, 1.0, 0.0038290647771, 1.0, 0.189165339758, 1.0, 1.0, 0.53555474933, 0.529561353632, 0.0, 0.00477677587276, 0.797143316643, 6.0, 0.0, 14.1458162092
1.0, 0.418895146443, 0.427097626654, 0.914083611789, 1.0, 0.873825079141, 0.796541980905, 0.730619744472, 0.0, 0.621650604598, 0.89628269967, 0.472663527431, 0.424275533637, 0.100915475843, 0.863062511529, 1.0, 1.0, 1.0, 0.0126230981604, 0.51677668726, 0.0, 0.855700234588, 0.714436750828, 0.0430510185414, 1.0, 0.0, 0.0379536632652, 1.0, 5.0, 0.0, 15.0419397723
0.46098963225, 0.0, 0.195797791453, 0.0220168040918, 0.0, 0.267480310072, 0.0, 0.845887079869, 0.918464285331, 0.151643925209, 0.786783976235, 0.0, 0.149560568697, 0.541361889679, 0.942771627421, 0.473631551584, 0.0, 0.132842965947, 0.0521961866561, 0.645910852251, 0.0, 0.82254536265, 0.311901505114, 0.886335521565, 0.0, 0.0, 1.0, 0.034656034906, 21.0, 0.0, 6.91827960132
0.0915274959533, 0.175810973235, 0.307846731727, 0.430535619659, 0.431957745495, 0.0, 0.0802526366897, 0.3047758382, 0.764512874058, 0.0, 0.212287322038, 0.0, 0.424275533637, 0.0, 0.775477692193, 0.235962023771, 0.120686388607, 0.478819415059, 0.338071014262, 0.744725895177, 0.0, 1.0, 1.0, 0.0, 0.0, 0.313803479237, 0.00998802666889, 0.988793560829, 28.0, 0.0, 4.00342512205
0.0915274959533, 0.465691282238, 0.275195984262, 0.430535619659, 0.47071954917, 0.0, 0.0, 0.0, 0.0, 0.0, 0.953552203641, 0.452461251957, 0.0, 0.0, 0.0, 0.235962023771, 0.0, 1.0, 0.338071014262, 0.998597277936, 0.0, 1.0, 1.0, 0.0, 0.0, 0.313803479237, 0.0, 0.281237952149, 32.0, 0.0, 3.27944662233
0.462820504557, 0.131592905031, 0.0996569602736, 0.0, 0.478081777987, 0.0, 0.178788117767, 0.281117104782, 0.86195851952, 0.0, 0.974308880787, 0.441302019134, 0.958893582883, 0.0, 0.978006544795, 0.393190724053, 0.00416725346986, 0.0, 0.393311629878, 1.0, 0.326125651147, 0.964467897986, 0.275433090741, 0.866739094596, 0.0, 0.0, 0.0, 0.0, 27.0, 0.0, 4.49167980942
0.436962380125, 0.0, 0.0, 0.0223896258472, 0.0, 0.0, 0.0, 0.642624950558, 0.139071733833, 0.527913617796, 0.767140390232, 0.0, 0.149560568697, 0.127109327842, 1.0, 1.0, 0.0, 0.0648801813371, 0.0920034475822, 1.0, 0.0, 0.82254536265, 0.311901505114, 0.825607845096, 0.0, 0.0, 1.0, 0.034656034906, 18.0, 1.0, 7.82250755418
1.0, 0.0, 0.945906044081, 1.0, 1.0, 0.0, 1.0, 0.729455895922, 0.0, 0.334334309694, 0.101623872645, 0.94192445519, 0.921534859845, 0.904711971569, 0.818016516167, 0.739946328011, 1.0, 1.0, 0.939443423168, 1.0, 0.0, 1.0, 1.0, 0.0, 0.756151271995, 0.0, 0.346359633835, 0.875826765151, 4.0, 0.0, 16.7379915042
1.0, 0.0, 0.0427862287144, 0.184923847973, 1.0, 1.0, 1.0, 1.0, 0.192379784134, 0.179446916491, 0.922245493454, 0.230213982303, 0.0, 0.43460621693, 1.0, 0.940389642436, 1.0, 1.0, 0.000672529308701, 0.571277979353, 0.155059194851, 1.0, 1.0, 0.129847865178, 1.0, 0.0, 0.241065520028, 1.0, 9.0, 0.0, 12.7445505478
1.0, 0.378362485524, 0.0687303741203, 0.991230988688, 0.68138997981, 0.197465880048, 0.0, 0.293534673408, 0.0, 1.0, 0.154923578387, 0.104917334181, 0.0337906994074, 0.316099907271, 1.0, 1.0, 0.0, 0.0, 0.190746110481, 0.717583047798, 0.919837077065, 0.0, 0.939593328329, 1.0, 0.20948932363, 0.0, 0.00947754243873, 0.593255708125, 16.0, 0.0, 8.8410615063
1.0, 0.478574244133, 0.0, 0.942259701401, 0.68138997981, 0.218358146499, 0.0, 0.0, 0.397132611805, 1.0, 0.201240715508, 0.0289109673185, 0.0749613756046, 0.94066332977, 0.933534641281, 1.0, 0.0, 0.0, 0.176630061095, 0.559863139317, 0.772403301793, 0.0, 0.545868126852, 1.0, 0.0693605396407, 0.0219959203995, 0.401466393813, 0.935996674738, 15.0, 0.0, 9.47106454596
0.436962380125, 0.0, 0.0636588253985, 0.289031164521, 0.0, 0.0, 0.0, 0.76930242226, 0.499906072028, 0.951210829074, 0.935764092691, 0.0289109673185, 0.0, 0.541361889679, 1.0, 0.901912719154, 0.0, 0.0290610256728, 0.176630061095, 1.0, 0.226324052483, 0.82254536265, 0.00654162690826, 0.865874230094, 0.0, 0.0, 1.0, 0.034656034906, 17.0, 1.0, 8.45251059384
0.436962380125, 0.0, 0.0, 0.0223896258472, 0.0, 0.0, 0.0, 0.642624950558, 0.139071733833, 0.527913617796, 0.767140390232, 0.0, 0.149560568697, 0.127109327842, 1.0, 1.0, 0.0, 0.0648801813371, 0.0920034475822, 1.0, 0.0, 0.82254536265, 0.311901505114, 0.825607845096, 0.0, 0.0, 1.0, 0.034656034906, 18.0, 1.0, 7.82250755418
0.798645713988, 0.0, 0.0, 0.00975679982479, 0.0, 0.0, 0.0, 1.0, 0.918464285331, 0.084749707853, 0.767140390232, 0.0, 0.149560568697, 0.573179137079, 1.0, 1.0, 0.0980130475345, 0.0516586566902, 0.0154412390784, 1.0, 0.0, 0.82254536265, 0.376475781253, 0.865874230094, 0.339253568132, 0.0, 1.0, 0.034656034906, 14.0, 0.0, 10.0319588882
1.0, 0.478574244133, 0.0, 0.942259701401, 0.68138997981, 0.218358146499, 0.0, 0.0, 0.397132611805, 1.0, 0.201240715508, 0.0289109673185, 0.0749613756046, 0.94066332977, 0.933534641281, 1.0, 0.0, 0.0, 0.176630061095, 0.559863139317, 0.772403301793, 0.0, 0.545868126852, 1.0, 0.0693605396407, 0.0219959203995, 0.401466393813, 0.935996674738, 15.0, 0.0, 9.47106454596
0.0979245786061, 0.478574244133, 0.0, 0.289031164521, 0.77004477085, 0.287020554803, 0.0, 0.0, 0.429005734753, 1.0, 0.0, 0.0884271726498, 0.149560568697, 0.729434720565, 0.933534641281, 1.0, 0.0, 0.0, 0.0521961866561, 0.559863139317, 0.772403301793, 0.0, 0.545868126852, 1.0, 0.0693605396407, 0.0608539435906, 0.401466393813, 0.592539525184, 21.0, 1.0, 6.35766327003
0.462820504557, 0.131592905031, 0.0996569602736, 0.0, 0.351637390144, 0.0, 0.178788117767, 0.281117104782, 0.841706620367, 0.0, 0.981001337495, 0.441302019134, 0.958893582883, 0.0, 0.978006544795, 0.393190724053, 0.00416725346986, 0.0, 0.393311629878, 1.0, 0.326125651147, 0.964467897986, 0.275433090741, 0.866739094596, 0.0, 0.0, 0.0, 0.0, 27.0, 0.0, 4.49167980942
0.739142499649, 0.577285497526, 0.0, 0.558395965271, 0.47071954917, 0.218358146499, 0.364972495822, 0.0710547904077, 0.416312302425, 0.450237460812, 0.0306367113686, 0.86737916451, 0.0, 1.0, 0.971924846086, 1.0, 0.0, 0.0, 0.309137083217, 0.559863139317, 0.645382625224, 0.0, 0.0597697511243, 1.0, 0.0693605396407, 0.0, 0.00263338914672, 0.554224749994, 13.0, 0.0, 10.1551275144
0.645202411001, 0.673149672065, 0.0, 0.959188674707, 0.444978799142, 0.218358146499, 0.0, 0.251877177604, 0.0, 0.450237460812, 0.0306367113686, 0.86737916451, 0.0, 1.0, 0.707753755916, 0.53301126225, 0.0, 0.0, 0.0599472187739, 0.559863139317, 0.645382625224, 0.392816436202, 1.0, 1.0, 0.0693605396407, 0.0, 0.00453037766999, 1.0, 12.0, 0.0, 10.6222284181
0.43188831633, 0.123372144895, 0.0, 0.0, 0.0, 0.0, 0.0145356725713, 0.0, 0.0, 0.229569277887, 0.0, 0.0, 0.0, 0.0, 0.864999486995, 0.492902032588, 0.411044178544, 0.27482289922, 0.0331802118223, 0.0, 0.0, 0.772011475237, 0.259176770385, 0.579207533045, 0.0, 0.0, 1.0, 0.246918969644, 33.0, 0.0, 2.25902517471
0.43188831633, 0.105780803272, 0.0996569602736, 0.0, 0.0, 0.0, 0.0, 1.0, 0.131443415172, 0.39195179637, 0.974308880787, 0.441302019134, 0.958893582883, 0.0, 0.959228844486, 0.393190724053, 0.0657479966523, 0.0, 0.155287332549, 1.0, 0.326125651147, 0.964467897986, 0.275433090741, 0.720630821579, 0.0, 0.0, 1.0, 0.0, 22.0, 0.0, 6.50589417364
0.645202411001, 0.993214711748, 0.0, 0.993191723895, 0.47071954917, 0.630507979029, 0.314041242195, 0.251877177604, 0.0, 0.450237460812, 0.0, 0.822889513253, 0.41541531619, 0.621394678553, 0.989376796551, 1.0, 0.0, 0.0, 0.309137083217, 0.559863139317, 0.645382625224, 0.275446750334, 1.0, 0.666498762135, 0.235954339277, 0.0, 0.00453037766999, 0.981255763571, 11.0, 0.0, 11.0982593845
0.0979245786061, 0.478574244133, 0.0, 0.968466633131, 0.77004477085, 0.287020554803, 0.0, 0.0, 0.429005734753, 1.0, 0.0, 0.0, 0.149560568697, 0.729434720565, 0.933534641281, 1.0, 0.0, 0.0870938686577, 0.0521961866561, 0.559863139317, 0.772403301793, 0.0, 0.545868126852, 1.0, 0.0693605396407, 0.0608539435906, 0.365303880625, 0.78368881823, 17.0, 0.0, 8.49611823857
1.0, 0.378362485524, 0.0687303741203, 0.991230988688, 0.68138997981, 0.197465880048, 0.0, 0.293534673408, 0.0, 1.0, 0.154923578387, 0.104917334181, 0.0337906994074, 0.316099907271, 1.0, 1.0, 0.0, 0.0, 0.190746110481, 0.717583047798, 0.919837077065, 0.0, 0.939593328329, 1.0, 0.20948932363, 0.0, 0.00947754243873, 0.593255708125, 16.0, 0.0, 8.8410615063
1.0, 0.0, 0.0427862287144, 0.184923847973, 1.0, 1.0, 1.0, 1.0, 0.199689491377, 0.71653879758, 0.922245493454, 0.0, 0.0, 0.43460621693, 1.0, 0.940389642436, 1.0, 1.0, 0.00123053782261, 0.908897565798, 0.155059194851, 1.0, 1.0, 0.129847865178, 1.0, 0.0, 0.128860509089, 1.0, 8.0, 1.0, 13.4385594103
0.43188831633, 0.478574244133, 0.155220093564, 0.0, 0.793138837285, 0.0, 0.0, 0.0, 0.308310866183, 0.0, 0.0, 0.0, 0.0, 0.0, 0.869484541284, 0.00170625297644, 0.0, 0.101763228818, 0.0287361292442, 0.0, 0.363029015814, 0.0413159472027, 0.0, 0.0835912819379, 0.0, 0.0, 0.0, 0.533396938303, 40.0, 1.0, 1.59971017382
0.0915274959533, 0.0, 0.291333724513, 0.125545369594, 0.0, 0.39468932952, 0.0, 0.140285147364, 0.15046857772, 0.0, 0.0793051898746, 0.0, 0.0, 0.0, 0.610952648449, 1.0, 0.0, 0.517078968851, 0.794402968062, 1.0, 0.403515348376, 1.0, 0.71703951769, 0.875459238003, 0.0112690987963, 0.0122703743289, 0.183489660734, 0.0357492405014, 26.0, 0.0, 5.21547011346
0.209598817612, 0.473411143516, 0.0996569602736, 0.0, 0.0, 0.0, 0.0, 0.281117104782, 0.130756372842, 0.213335578272, 0.922035469581, 0.441302019134, 0.98302636182, 0.0897728372451, 0.984331646607, 0.39637964715, 0.118164959275, 0.0, 0.8068198272, 1.0, 0.326125651147, 0.964467897986, 0.275433090741, 0.921539986583, 0.0, 0.13231694855, 1.0, 0.0, 23.0, 0.0, 5.42921476766
0.436962380125, 0.0, 0.0, 0.0795699175812, 0.0, 0.0, 0.203118824061, 0.642624950558, 0.00259809551232, 0.0, 0.767140390232, 0.0, 0.149560568697, 0.127109327842, 1.0, 1.0, 0.0, 0.0648801813371, 0.0521961866561, 1.0, 0.0, 0.82254536265, 0.311901505114, 0.825607845096, 0.0, 0.0, 1.0, 0.034656034906, 19.0, 0.0, 7.1284986917
0.656416548369, 0.0, 0.0, 0.184923847973, 1.0, 0.802933296722, 1.0, 1.0, 0.961190000184, 0.0, 0.904148358421, 0.0, 0.0, 0.187156921418, 1.0, 1.0, 1.0, 0.736800441659, 0.0038290647771, 1.0, 0.155059194851, 1.0, 1.0, 0.0, 0.529561353632, 0.0, 0.00015523448417, 0.626071856655, 8.0, 0.0, 13.5079867908
0.645202411001, 0.993214711748, 0.0, 0.993191723895, 0.47071954917, 0.630507979029, 0.314041242195, 0.251877177604, 0.0, 0.450237460812, 0.0, 0.822889513253, 0.41541531619, 0.621394678553, 0.989376796551, 1.0, 0.0, 0.0, 0.309137083217, 0.559863139317, 0.645382625224, 0.275446750334, 1.0, 0.666498762135, 0.235954339277, 0.0, 0.00453037766999, 0.981255763571, 11.0, 0.0, 11.0982593845
0.43188831633, 0.105780803272, 0.0996569602736, 0.310364144608, 0.0, 0.0, 0.0, 1.0, 0.130756372842, 0.39195179637, 0.903257768712, 0.441302019134, 0.958893582883, 0.0, 0.959228844486, 0.393190724053, 0.0657479966523, 0.0, 0.464449709666, 1.0, 0.326125651147, 0.964467897986, 0.275433090741, 0.866739094596, 0.0, 0.0, 1.0, 0.0, 22.0, 0.0, 6.50589417364
0.0979245786061, 0.478574244133, 0.0, 0.289031164521, 0.77004477085, 0.287020554803, 0.0, 0.0, 0.429005734753, 1.0, 0.0, 0.0884271726498, 0.149560568697, 0.729434720565, 0.933534641281, 1.0, 0.0, 0.0, 0.0521961866561, 0.559863139317, 0.772403301793, 0.0, 0.545868126852, 1.0, 0.0693605396407, 0.0608539435906, 0.401466393813, 0.592539525184, 21.0, 1.0, 6.35766327003
0.739142499649, 0.577285497526, 0.0, 0.558395965271, 0.47071954917, 0.218358146499, 0.364972495822, 0.0710547904077, 0.416312302425, 0.450237460812, 0.0306367113686, 0.86737916451, 0.0, 1.0, 0.971924846086, 1.0, 0.0, 0.0, 0.309137083217, 0.559863139317, 0.645382625224, 0.0, 0.0597697511243, 1.0, 0.0693605396407, 0.0, 0.00263338914672, 0.554224749994, 13.0, 0.0, 10.1551275144
0.798645713988, 0.0, 0.0, 0.00975679982479, 0.0, 0.0, 0.0, 1.0, 0.918464285331, 0.084749707853, 0.767140390232, 0.0, 0.149560568697, 0.573179137079, 1.0, 1.0, 0.0980130475345, 0.0516586566902, 0.0154412390784, 1.0, 0.0, 0.82254536265, 0.376475781253, 0.865874230094, 0.339253568132, 0.0, 1.0, 0.034656034906, 14.0, 0.0, 10.0319588882
1.0, 0.431705657764, 0.239336552026, 0.942259701401, 0.68138997981, 0.139050190059, 0.0, 0.0, 0.397132611805, 1.0, 0.865578117397, 0.0289109673185, 0.0, 0.94066332977, 0.933534641281, 1.0, 0.0, 0.341381949667, 0.176630061095, 0.559863139317, 0.772403301793, 0.0, 0.545868126852, 1.0, 0.967368551501, 0.165295091204, 0.401466393813, 0.935996674738, 10.0, 1.0, 10.713343112
0.670977442501, 0.999659920232, 0.0, 0.99205812602, 0.47071954917, 0.218358146499, 0.0, 0.251877177604, 0.0, 0.0437235638572, 0.0306367113686, 0.86737916451, 0.0318823620535, 1.0, 0.760324809253, 0.53301126225, 0.0, 0.0, 0.309137083217, 0.559863139317, 0.645382625224, 0.0, 1.0, 1.0, 0.0693605396407, 0.0, 0.00285501638103, 1.0, 12.0, 0.0, 10.6222284181
0.656416548369, 0.0, 0.0, 0.184923847973, 1.0, 0.802933296722, 1.0, 1.0, 0.961190000184, 0.0, 0.904148358421, 0.0, 0.0, 0.187156921418, 1.0, 1.0, 1.0, 0.736800441659, 0.0038290647771, 1.0, 0.155059194851, 1.0, 1.0, 0.0, 0.529561353632, 0.0, 0.00015523448417, 0.626071856655, 8.0, 0.0, 13.5079867908
1.0, 0.0, 0.0427862287144, 0.184923847973, 1.0, 1.0, 1.0, 1.0, 0.199689491377, 0.71653879758, 0.922245493454, 0.0, 0.0, 0.43460621693, 1.0, 0.940389642436, 1.0, 1.0, 0.00123053782261, 0.908897565798, 0.155059194851, 1.0, 1.0, 0.129847865178, 1.0, 0.0, 0.128860509089, 1.0, 8.0, 1.0, 13.4385594103
0.43188831633, 0.131592905031, 0.0, 0.0, 0.254636262386, 0.0, 0.178788117767, 0.0, 0.308310866183, 0.450237460812, 0.0, 0.0, 0.0, 0.0162849441085, 0.818016516167, 0.492902032588, 0.0277383985489, 0.0, 0.0331802118223, 0.0, 0.353856067299, 0.252053941887, 1.0, 0.10729312596, 0.0, 0.0, 0.0, 0.246918969644, 41.0, 0.0, 1.22344373183
0.725227933446, 0.107606763227, 0.0, 0.084548575871, 1.0, 0.835985802525, 1.0, 1.0, 0.961190000184, 0.466357619313, 0.904148358421, 0.0, 0.430237865924, 0.810870395876, 1.0, 1.0, 1.0, 1.0, 0.0038290647771, 1.0, 0.189165339758, 1.0, 1.0, 0.53555474933, 0.529561353632, 0.0, 0.00477677587276, 0.797143316643, 6.0, 0.0, 14.1458162092
0.656416548369, 0.0, 0.0, 0.0360338551564, 1.0, 0.95347477034, 1.0, 1.0, 0.961190000184, 0.0, 0.904148358421, 0.0, 0.148935843824, 0.810870395876, 1.0, 1.0, 0.633926475907, 1.0, 0.0038290647771, 1.0, 0.155059194851, 0.90374538897, 1.0, 0.231516012645, 1.0, 0.0, 0.00477677587276, 0.797143316643, 7.0, 0.0, 14.1379898304
1.0, 0.431705657764, 0.239336552026, 0.942259701401, 0.68138997981, 0.139050190059, 0.0, 0.0, 0.397132611805, 1.0, 0.865578117397, 0.0289109673185, 0.0, 0.94066332977, 0.933534641281, 1.0, 0.0, 0.341381949667, 0.176630061095, 0.559863139317, 0.772403301793, 0.0, 0.545868126852, 1.0, 0.967368551501, 0.165295091204, 0.401466393813, 0.935996674738, 10.0, 1.0, 10.713343112
0.43188831633, 0.478574244133, 0.0, 0.0, 0.895536864197, 0.0, 0.167116620973, 0.0, 0.0, 0.0, 0.0, 0.0, 0.414378653809, 0.0665293245575, 0.818016516167, 0.492902032588, 0.0, 0.148784137089, 0.0331802118223, 0.0, 0.0, 0.0, 0.259176770385, 0.0, 0.0, 0.307239587289, 0.0, 0.0691742956811, 44.0, 1.0, 0.735358711175
0.46098963225, 0.0, 0.195797791453, 0.0220168040918, 0.0, 0.267480310072, 0.0, 0.845887079869, 0.918464285331, 0.151643925209, 0.786783976235, 0.0, 0.149560568697, 0.541361889679, 0.942771627421, 0.473631551584, 0.0, 0.132842965947, 0.0521961866561, 0.645910852251, 0.0, 0.82254536265, 0.311901505114, 0.886335521565, 0.0, 0.0, 1.0, 0.034656034906, 21.0, 0.0, 6.91827960132
0.645202411001, 0.980366818462, 0.0, 0.993191723895, 0.715306597146, 0.723612655551, 0.314041242195, 0.251877177604, 0.0, 0.415592430409, 0.0306367113686, 0.822889513253, 0.41541531619, 1.0, 0.989376796551, 0.881548576009, 0.0, 0.0, 0.148212045773, 0.559863139317, 0.645382625224, 0.0, 0.259176770385, 0.666498762135, 0.860635660111, 0.0, 0.00304554863032, 0.598000009586, 10.0, 0.0, 11.2530433149
1.0, 0.0, 0.0427862287144, 0.184923847973, 1.0, 1.0, 0.784473694981, 1.0, 0.409560346064, 0.71653879758, 0.922245493454, 0.0, 0.0, 0.933004035444, 1.0, 1.0, 1.0, 0.986433105383, 0.0038290647771, 1.0, 0.155059194851, 0.636158646151, 1.0, 0.0204897050632, 1.0, 0.247846552271, 0.0613860015143, 1.0, 7.0, 1.0, 14.0685624499
0.656416548369, 0.0, 0.0, 0.184923847973, 1.0, 0.625792299577, 1.0, 1.0, 0.961190000184, 0.0, 0.904148358421, 0.0, 0.0, 0.810870395876, 1.0, 1.0, 1.0, 1.0, 0.0038290647771, 1.0, 0.155059194851, 0.90374538897, 1.0, 0.231516012645, 1.0, 0.0, 0.00477677587276, 0.797143316643, 7.0, 0.0, 14.1379898304
0.436962380125, 0.0, 0.0636588253985, 0.289031164521, 0.0, 0.0, 0.0, 1.0, 0.499906072028, 0.951210829074, 0.767140390232, 0.0884271726498, 0.149560568697, 0.541361889679, 1.0, 1.0, 0.0, 0.0290610256728, 0.0521961866561, 1.0, 0.0, 0.82254536265, 0.275433090741, 0.865874230094, 0.0, 0.0, 1.0, 0.034656034906, 17.0, 1.0, 8.45251059384
0.0979245786061, 0.478574244133, 0.0, 0.968466633131, 0.77004477085, 0.287020554803, 0.0, 0.0, 0.429005734753, 1.0, 0.0, 0.0, 0.149560568697, 0.729434720565, 0.933534641281, 1.0, 0.0, 0.0870938686577, 0.0521961866561, 0.559863139317, 0.772403301793, 0.0, 0.545868126852, 1.0, 0.0693605396407, 0.0608539435906, 0.365303880625, 0.78368881823, 17.0, 0.0, 8.49611823857
0.43188831633, 0.478574244133, 0.0, 0.0, 0.437427503248, 0.0, 0.554716161192, 0.0, 0.0, 0.0, 0.35729057827, 0.331698628734, 0.414378653809, 0.0, 0.863062511529, 0.492902032588, 0.0, 0.0, 0.276430855166, 0.0, 0.0, 0.0, 0.313452252947, 0.0, 0.0, 0.0, 0.132792436298, 0.246918969644, 44.0, 0.0, 1.19486466507
1.0, 0.0, 0.945906044081, 1.0, 1.0, 0.0, 1.0, 0.783404028898, 0.0, 1.0, 0.0, 0.94192445519, 0.921534859845, 0.904711971569, 0.830411795722, 0.739946328011, 0.536776946976, 1.0, 0.939443423168, 1.0, 0.0, 1.0, 1.0, 0.0, 0.756151271995, 0.0, 0.0908893401018, 0.875826765151, 3.0, 0.0, 17.4320003667
1.0, 0.0, 0.945906044081, 1.0, 1.0, 0.0, 1.0, 0.910900561777, 0.0, 0.965357941999, 0.0, 0.94192445519, 0.921534859845, 0.928672489326, 0.59703259334, 0.739946328011, 1.0, 1.0, 0.939443423168, 0.620532795934, 0.0, 1.0, 1.0, 0.0, 0.756151271995, 0.0, 0.0765376034551, 0.875826765151, 3.0, 0.0, 17.4320003667
1.0, 0.0, 0.945906044081, 1.0, 1.0, 0.0, 1.0, 0.783404028898, 0.0, 0.925445283569, 0.346724888803, 0.94192445519, 0.921534859845, 0.904711971569, 0.59703259334, 0.739946328011, 1.0, 1.0, 0.939443423168, 0.620532795934, 0.0, 1.0, 1.0, 0.0, 0.756151271995, 0.456541913111, 0.0765376034551, 0.530198341195, 3.0, 0.0, 17.4320003667
0.613851852958, 0.0, 0.945906044081, 1.0, 1.0, 0.075545483115, 1.0, 0.783404028898, 0.0, 1.0, 0.0, 0.94192445519, 0.921534859845, 0.904711971569, 0.59703259334, 0.739946328011, 1.0, 1.0, 0.986396087869, 1.0, 0.0, 1.0, 1.0, 0.0, 0.756151271995, 0.0, 0.0908893401018, 0.875826765151, 3.0, 0.0, 17.4320003667
1.0, 0.0, 0.945906044081, 1.0, 1.0, 0.0, 1.0, 0.783404028898, 0.0, 1.0, 0.0, 0.94192445519, 0.921534859845, 0.904711971569, 0.680056267249, 0.739946328011, 0.536776946976, 1.0, 0.939443423168, 1.0, 0.0, 1.0, 1.0, 0.0, 0.756151271995, 0.0, 0.0908893401018, 0.875826765151, 3.0, 0.0, 17.4320003667
1.0, 0.0, 0.945906044081, 1.0, 1.0, 0.0, 1.0, 0.910900561777, 0.0, 0.965357941999, 0.0, 0.94192445519, 0.921534859845, 0.928672489326, 0.59703259334, 0.739946328011, 1.0, 1.0, 0.939443423168, 1.0, 0.0, 1.0, 1.0, 0.0, 0.756151271995, 0.0, 0.0765376034551, 0.875826765151, 3.0, 0.0, 17.4320003667
1.0, 0.0, 0.551827746633, 1.0, 1.0, 0.0, 1.0, 0.783404028898, 0.0, 1.0, 0.0, 0.94192445519, 0.921534859845, 0.904711971569, 0.59703259334, 0.739946328011, 1.0, 1.0, 0.939443423168, 0.620532795934, 0.0, 1.0, 1.0, 0.0, 0.552865895876, 0.0, 0.0908893401018, 0.875826765151, 3.0, 0.0, 17.4320003667
1.0, 0.0, 0.945906044081, 1.0, 1.0, 0.0, 1.0, 0.783404028898, 0.0, 0.925445283569, 0.0, 0.94192445519, 0.921534859845, 0.904711971569, 0.59703259334, 0.739946328011, 1.0, 1.0, 0.939443423168, 0.620532795934, 0.0, 1.0, 1.0, 0.0, 0.756151271995, 0.456541913111, 0.0765376034551, 0.875826765151, 3.0, 0.0, 17.4320003667
1.0, 0.0, 0.945906044081, 1.0, 1.0, 0.0, 1.0, 0.783404028898, 0.0, 1.0, 0.0, 0.94192445519, 0.921534859845, 0.904711971569, 0.830411795722, 0.739946328011, 0.536776946976, 1.0, 0.939443423168, 1.0, 0.0, 1.0, 1.0, 0.0, 0.756151271995, 0.0, 0.0908893401018, 0.875826765151, 3.0, 0.0, 17.4320003667
1.0, 0.0, 0.945906044081, 1.0, 1.0, 0.0, 1.0, 0.910900561777, 0.0, 0.965357941999, 0.0, 0.94192445519, 0.921534859845, 0.928672489326, 0.59703259334, 0.739946328011, 1.0, 1.0, 0.939443423168, 0.620532795934, 0.0, 1.0, 1.0, 0.0, 0.756151271995, 0.0, 0.0765376034551, 0.875826765151, 3.0, 0.0, 17.4320003667
1.0, 0.0, 0.945906044081, 1.0, 1.0, 0.0, 1.0, 0.783404028898, 0.0, 0.925445283569, 0.346724888803, 0.94192445519, 0.921534859845, 0.904711971569, 0.59703259334, 0.739946328011, 1.0, 1.0, 0.939443423168, 0.620532795934, 0.0, 1.0, 1.0, 0.0, 0.756151271995, 0.456541913111, 0.0765376034551, 0.530198341195, 3.0, 0.0, 17.4320003667
0.613851852958, 0.0, 0.945906044081, 1.0, 1.0, 0.075545483115, 1.0, 0.783404028898, 0.0, 1.0, 0.0, 0.94192445519, 0.921534859845, 0.904711971569, 0.59703259334, 0.739946328011, 1.0, 1.0, 0.986396087869, 1.0, 0.0, 1.0, 1.0, 0.0, 0.756151271995, 0.0, 0.0908893401018, 0.875826765151, 3.0, 0.0, 17.4320003667
1.0, 0.0, 0.945906044081, 1.0, 1.0, 0.0, 1.0, 0.783404028898, 0.0, 1.0, 0.0, 0.94192445519, 0.921534859845, 0.904711971569, 0.680056267249, 0.739946328011, 0.536776946976, 1.0, 0.939443423168, 1.0, 0.0, 1.0, 1.0, 0.0, 0.756151271995, 0.0, 0.0908893401018, 0.875826765151, 3.0, 0.0, 17.4320003667
1.0, 0.0, 0.945906044081, 1.0, 1.0, 0.0, 1.0, 0.910900561777, 0.0, 0.965357941999, 0.0, 0.94192445519, 0.921534859845, 0.928672489326, 0.59703259334, 0.739946328011, 1.0, 1.0, 0.939443423168, 1.0, 0.0, 1.0, 1.0, 0.0, 0.756151271995, 0.0, 0.0765376034551, 0.875826765151, 3.0, 0.0, 17.4320003667
1.0, 0.0, 0.0427862287144, 0.184923847973, 1.0, 1.0, 0.784473694981, 1.0, 0.409560346064, 0.71653879758, 0.922245493454, 0.0, 0.0, 0.933004035444, 1.0, 1.0, 1.0, 0.986433105383, 0.0038290647771, 1.0, 0.155059194851, 0.636158646151, 1.0, 0.0204897050632, 1.0, 0.247846552271, 0.0613860015143, 1.0, 7.0, 1.0, 14.0685624499
1.0, 0.0, 0.0, 0.184923847973, 1.0, 1.0, 1.0, 0.922843980782, 0.409560346064, 0.71653879758, 0.904148358421, 0.0, 0.0, 1.0, 1.0, 1.0, 1.0, 1.0, 0.00238572462459, 1.0, 0.155059194851, 1.0, 1.0, 0.129847865178, 1.0, 0.0, 0.0613860015143, 0.987823053278, 7.0, 1.0, 14.0685624499
0.43188831633, 0.478574244133, 0.0, 0.0, 0.437427503248, 0.0, 0.554716161192, 0.0, 0.0, 0.0, 0.35729057827, 0.331698628734, 0.414378653809, 0.0, 0.863062511529, 0.492902032588, 0.0, 0.0, 0.276430855166, 0.0, 0.0, 0.0, 0.313452252947, 0.0, 0.0, 0.0, 0.132792436298, 0.246918969644, 44.0, 0.0, 1.19486466507
0.43188831633, 0.478574244133, 0.0, 0.0, 0.437427503248, 0.0, 0.554716161192, 0.0, 0.0, 0.0, 0.35729057827, 0.331698628734, 0.414378653809, 0.0, 0.863062511529, 0.492902032588, 0.0, 0.0, 0.276430855166, 0.0, 0.0, 0.0, 0.313452252947, 0.0, 0.0, 0.0, 0.132792436298, 0.246918969644, 44.0, 0.0, 1.19486466507
0.217706337938, 0.128767265808, 0.0636588253985, 0.289031164521, 0.0, 0.0, 0.0, 1.0, 0.499906072028, 0.858501669364, 0.995183664322, 0.0289109673185, 0.0, 0.541361889679, 1.0, 1.0, 0.0, 0.0290610256728, 0.176630061095, 1.0, 0.0, 0.82254536265, 0.00482325099878, 0.865874230094, 0.0, 0.0, 1.0, 0.034656034906, 17.0, 1.0, 8.45251059384
0.436962380125, 0.0, 0.0636588253985, 0.289031164521, 0.0, 0.0, 0.0, 1.0, 0.499906072028, 0.951210829074, 0.767140390232, 0.0884271726498, 0.149560568697, 0.541361889679, 1.0, 1.0, 0.0, 0.0290610256728, 0.0521961866561, 1.0, 0.0, 0.82254536265, 0.275433090741, 0.865874230094, 0.0, 0.0, 1.0, 0.034656034906, 17.0, 1.0, 8.45251059384
