0.580712163406, 0.102391078305, 0.0449361726377, 0.204519463839, 0.702430202682, 0.781465963453, 0.128015229282, 0.899570219773, 0.9676690355, 0.487815245216, 0.259510409228, 0.279986321966, 0.735916602247, 0.256436967383, 1.8583137566, 3.45703257151e-69, 5.30697271887e-135, 3.10063458584e-99, 7.26659893212e-24
0.819627470669, 0.0482241172756, 0.366794636721, 0.0307622661866, 0.778999941262, 0.799775167208, 0.351226015342, 0.10742834903, 0.539246630057, 0.213786199431, 0.842034804286, 0.596703559849, 0.828305408917, 0.438130552164, 1.66536261129, 1.65752950268e-151, 7.24313142381e-44, 5.54698978796e-132, 6.01560439165e-09
0.320302257525, 0.332807454462, 0.202353910281, 0.0747174389113, 0.842273681133, 0.51484994974, 0.0416299432504, 0.627962869968, 0.10467720211, 0.347283336025, 0.375696158018, 0.947076136333, 0.139061063316, 0.365432526763, 1.88716573048, 6.51819930439e-113, 1.21084911521e-69, 4.91172966144e-48, 1.06642392885e-49
0.245452156656, 0.258986541224, 0.13999704887, 0.246598975469, 0.388248428269, 0.0675906613169, 0.373434951021, 0.137058159989, 0.892340458007, 0.137981545234, 0.519603369131, 0.023485404552, 0.55640702916, 0.70083203383, 1.90316584791, 4.72849904014e-61, 1.22316374466e-85, 6.35793491144e-59, 2.96675545295e-61
0.00407821832587, 0.565243334816, 0.613989638008, 0.869979526893, 0.333711046674, 0.447761017966, 0.55662354602, 0.184795343696, 0.657183406263, 0.228688319401, 0.203958803563, 0.675943985782, 0.216304933625, 0.230723426512, 1.50284721963, 2.10832696806e-06, 1.54574871011e-21, 3.94984184646e-25, 2.63076402722e-239
0.0188571995327, 0.326882029352, 0.242253881192, 0.874187971173, 0.708637328421, 0.250067096192, 0.89393421673, 0.537080592643, 0.720800351818, 0.98489852192, 0.316075025286, 0.224116212503, 0.547120079616, 0.104106691559, 1.81532657469, 4.12626648707e-06, 7.62340532364e-62, 7.83752954817e-49, 1.00645483276e-172
0.586472117202, 0.18369958568, 0.398324917387, 0.166255158507, 0.0118567275043, 0.965278158961, 0.652933414648, 0.334927361652, 0.57399821987, 0.504225060838, 0.442835347201, 0.753260145632, 0.401012618531, 0.183101778244, 1.68853029616, 3.17060154099e-78, 2.80140699101e-40, 6.83040433702e-74, 1.77159991547e-23
0.00240470270267, 0.252595777634, 0.761722258556, 0.885923434367, 0.874088445551, 0.142425588636, 0.589362633563, 0.217090425004, 0.0977642090279, 0.674732847792, 0.0504820243735, 0.96029776157, 0.0223085972136, 0.239046583029, 2.25837653405, 1.94775893445e-05, 5.36513772289e-12, 6.20190194026e-60, 4.52955334567e-262
0.0434367381868, 0.144602496653, 0.711662347803, 0.952812922043, 0.148566023559, 0.809065307348, 0.375478587473, 0.275160871135, 0.257902457986, 0.220402491092, 0.957204116329, 0.653332476026, 0.965042166497, 0.981716816066, 2.10256891258, 0.0262818888869, 5.57574555322e-15, 3.43940391366e-84, 2.01662226002e-136
0.858443604076, 0.086384040591, 0.301614530854, 0.155070515881, 0.557450346269, 0.0791224507448, 0.185363565044, 0.453065336187, 0.0925477609972, 0.0321258686224, 0.889256917948, 0.0148900293674, 0.798298132935, 0.929291812077, 2.32668680031, 4.12839241009e-81, 3.22169089353e-52, 1.60771558885e-106, 8.59082208632e-07
0.899716833776, 0.266926407169, 0.224930127896, 0.798391008789, 0.85565056135, 0.560130487576, 0.341894120309, 0.842771323356, 0.417025443272, 0.0715013561617, 0.512743412368, 0.427461434637, 0.267997380724, 0.858644534312, 1.65096386549, 4.31937776068e-10, 4.15547299375e-65, 1.12982592102e-57, 6.67485858905e-05
0.544317503645, 0.201654901204, 0.153844564398, 0.874515218164, 0.295525704378, 0.418059304284, 0.335063201371, 0.888821211351, 0.00922982799757, 0.286747642524, 0.100924436311, 0.160816193842, 0.732706085804, 0.520684135997, 1.84212894256, 4.34687391116e-06, 1.47793573053e-81, 8.36215279741e-70, 1.11344795027e-26
0.638312224294, 0.0471442685476, 0.668147084762, 0.415050107624, 0.457009207888, 0.934368484343, 0.00930484228757, 0.0603149766382, 0.97390333828, 0.594857338666, 0.816861873065, 0.666912854091, 0.000298924613734, 0.808436923751, 2.33130698284, 2.36468024151e-38, 1.12441628356e-17, 8.06509593786e-133, 1.16690502024e-19
0.792608064749, 0.00867891822912, 0.601281263918, 0.347776319796, 0.389706996024, 0.538673680751, 0.178281310606, 0.0218941878091, 0.6634540257, 0.773580209254, 0.784845765285, 0.0385933574802, 0.704248324841, 0.156459207756, 1.90108248638, 4.02829789933e-46, 2.41483782943e-22, 2.09739628225e-206, 2.40419413065e-10
0.701682000967, 0.0451977272102, 0.0651650173232, 0.604282352221, 0.524238903665, 0.0342977404461, 0.816951980763, 0.675847251528, 0.891284648489, 0.0505468182704, 0.960116548994, 0.010675648388, 0.753868499353, 0.240799540341, 2.28673842468, 4.77889483409e-22, 9.05290308204e-119, 1.16679895489e-134, 1.47696435155e-15
0.913247544573, 0.243302887011, 0.080619045271, 0.11495048716, 0.651220711302, 0.247733081028, 0.325822190288, 0.450624700372, 0.448498001014, 0.445569258464, 0.539949735525, 0.319413051822, 0.682964651872, 0.926662731724, 1.37462204853, 2.4287610946e-94, 9.50754205724e-110, 8.89261333396e-62, 0.000247260366215
0.251200932025, 0.277104427698, 0.203630374101, 0.303964218887, 0.157115671609, 0.401091037145, 0.3528184592, 0.858381353748, 0.154531207614, 0.0969558975513, 0.62234754118, 0.642236234384, 0.704052448536, 0.243947233098, 1.70164596968, 5.11959322537e-52, 2.04759942762e-69, 4.91287376575e-56, 2.686047748e-60
0.370916401166, 0.99451616705, 0.745083820676, 0.246196379159, 0.412639771246, 0.313635801115, 0.566720591009, 0.60808042, 0.562884605865, 0.0138895646682, 0.524475622337, 0.73112720515, 0.759801628061, 0.799460300628, 0.931046686581, 1.96452462889e-61, 2.42999077809e-13, 1.18873478895, 2.0076368752e-43
0.745358674046, 0.416694952653, 0.890550801907, 0.283804919801, 0.808254505725, 0.451923901516, 0.677690549896, 0.816228697142, 0.319991715668, 0.316695537092, 0.585337752961, 0.529873690388, 0.432680520013, 0.460103690427, 1.30920877774, 4.12212123123e-55, 1.90107254648e-05, 1.97220829789e-38, 3.54535538305e-13
0.2287322689, 0.346318119139, 0.476267744346, 0.116980631046, 0.884052696115, 0.806374957037, 0.479129927293, 0.577035481957, 0.516074838632, 0.552417867439, 0.212561512189, 0.409249514281, 0.653826971349, 0.214154739428, 1.44696493141, 1.47222390082e-93, 1.38578174382e-32, 2.01418472294e-46, 1.94680153107e-64
0.73116592544, 0.00815908115406, 0.445649456055, 0.937284161384, 0.9748759019, 0.613599954215, 0.585230922013, 0.445934278442, 0.332995646432, 0.979991396222, 0.000146811743685, 0.635664212596, 0.0553244001054, 0.583896058864, 1.97990882245, 0.00478512991771, 2.46663229693e-35, 4.53828348902e-209, 7.84080605188e-14
0.250558446843, 0.816019669804, 0.14070873642, 0.604377232155, 0.539814648042, 0.836436925968, 0.80953752832, 0.77937052745, 0.363980797038, 0.646903450582, 0.870231765516, 0.451053252112, 0.455669805374, 0.0492290629672, 1.67334517992, 3.55234351417e-22, 1.78571323971e-85, 3.88837507275e-09, 2.0446088815e-60
0.366278134861, 0.882094307632, 0.342232034272, 0.316527397281, 0.62970343256, 0.117724148063, 0.547359072706, 0.484340551609, 0.468596124772, 0.694743297876, 0.437932298772, 0.611188437044, 0.290268387724, 0.288208677259, 1.30941524455, 2.26114252792e-50, 5.56241194135e-47, 7.3231717166e-06, 4.94648473422e-44
0.12010607117, 0.99022568642, 0.0215048013884, 0.315241469323, 0.814674449023, 0.59061802082, 0.504775280321, 0.854111929484, 0.133267087955, 0.363947393983, 0.648903901432, 0.799716421823, 0.635389908485, 0.317261524277, 1.28897580725, 1.48149076713e-50, 3.63001344187e-167, 0.859719155292, 2.20177867525e-92
0.0303502137705, 0.140287269027, 0.801407220913, 0.402596556487, 0.904202648756, 0.854321646037, 0.411971693642, 0.256196514949, 0.066599796675, 0.485929584971, 0.383216762393, 0.808192713971, 0.479494169634, 0.629586820273, 1.66998075157, 8.05076103502e-40, 6.37024984433e-10, 1.32025381618e-85, 4.31525811737e-152
0.402652104826, 0.937317942246, 0.386411469647, 0.14773781352, 0.929709915299, 0.0758008396776, 0.917974302681, 0.697443823266, 0.544262865873, 0.252083722983, 0.418325409421, 0.460754361158, 0.757467189628, 0.352094216625, 1.73807512221, 2.4285952964e-83, 1.38416960133e-41, 0.0042158224685, 8.4954632352e-40
0.509839768174, 0.908932740846, 0.284261615296, 0.654110022313, 0.570736098423, 0.687051983039, 0.824163268547, 0.857755805515, 0.850509602875, 0.444826190715, 0.281657205238, 0.923237777345, 0.670584240184, 0.379651737767, 1.66935068092, 9.63269484747e-19, 6.17290241001e-55, 0.000187000259283, 1.45223954318e-29
0.0833880445805, 0.326932910363, 0.434244766674, 0.0743067508832, 0.696118457323, 0.21483674628, 0.409220499269, 0.727255721342, 0.771483438023, 0.105678672185, 0.0662925708282, 0.573374712288, 0.778181513528, 0.507389436866, 1.67978471867, 3.34349509888e-113, 1.56614809184e-36, 7.36609917374e-49, 3.40214244984e-108
0.883392954057, 0.374845789034, 0.136245641367, 0.921592152663, 0.58985704738, 0.629581290669, 0.772120276765, 0.943317501076, 0.639259541053, 0.186350983129, 0.410905509501, 0.283518610995, 0.230862274287, 0.237013971136, 1.60961300339, 0.000718982279251, 6.84074116332e-87, 6.13910459463e-43, 1.04288036915e-05
0.515616783507, 0.242564433641, 0.428361795334, 0.967941731815, 0.498911716804, 0.794912152809, 0.84121610974, 0.319606823864, 0.908304166766, 0.322504546652, 0.920690219876, 0.429016668839, 0.990477001576, 0.00711330886219, 2.09585638917, 0.12674517232, 5.00434328707e-37, 1.00227361694e-61, 5.63609907563e-29
0.585422049854, 0.0222447240574, 0.116401105276, 0.505229830112, 0.852360667022, 0.602256764015, 0.38793784451, 0.960114408353, 0.569453791617, 0.0483740765287, 0.606186976719, 0.200586550526, 0.784738111912, 0.571324936512, 1.75475461153, 6.15509447813e-30, 1.0865424118e-93, 1.45558826316e-165, 1.53901862332e-23
0.165455557674, 0.565441856625, 0.257973286714, 0.987415492588, 0.519364896327, 0.770287436353, 0.598248032573, 0.00436324855985, 0.406469242136, 0.514333557424, 0.717089941803, 0.972435803076, 0.136402572985, 0.4982602308, 1.57245857579, 0.745484075924, 3.92824174605e-59, 4.73718020354e-25, 2.01771813573e-78
0.308899277648, 0.759963129474, 0.33773392169, 0.223743041035, 0.510262977801, 0.85403872601, 0.23780024739, 0.353552307871, 0.159950243148, 0.997505765505, 0.00623859082164, 0.932947555154, 0.0869355578897, 0.14433596637, 2.30715326173, 3.4209756123e-65, 2.6101449111e-47, 4.34959248347e-12, 3.47444622234e-51
0.36443365126, 0.601154825401, 0.0650632224893, 0.35630538344, 0.885642346361, 0.871680804324, 0.417400781785, 0.0765061666832, 0.10455353969, 0.397793530529, 0.813649913509, 0.97009792643, 0.756570188092, 0.995211677284, 2.2702915581, 5.42550202126e-45, 7.68702791574e-119, 2.82380862419e-22, 5.17664921617e-44
0.339140747045, 0.287132849932, 0.340083889532, 0.120416292106, 0.792648033067, 0.642732804872, 0.718983942391, 0.403200918036, 0.989926157151, 0.126774750904, 0.58083494584, 0.325052333279, 0.145120866759, 0.903241071547, 1.86834781572, 3.43639138061e-92, 4.22847245659e-47, 1.88740786717e-54, 3.20313212798e-47
0.253058177797, 0.708993818349, 0.403187963611, 0.192009565916, 0.793341936176, 0.899266089998, 0.831080997409, 0.916512705908, 0.110078291798, 0.480248538188, 0.685330601329, 0.421229231481, 0.793044793994, 0.65516103637, 1.8314918862, 6.18317381773e-72, 1.02254101692e-39, 3.33556753855e-15, 6.03896515682e-60
0.811788505691, 0.995296772983, 0.55477191899, 0.374558052996, 0.370606295011, 0.011858552758, 0.912250449261, 0.88056629997, 0.993924479496, 0.707996158241, 0.138200098877, 0.405231688972, 0.266483712224, 0.563701925133, 1.14436750191, 4.04202761947e-43, 4.63588240622e-26, 1.70748175525, 2.84005436379e-09
0.769017431404, 0.182499779432, 0.680992522763, 0.976896448699, 0.214845852732, 0.227813702828, 0.899929248909, 0.701412555341, 0.826490076624, 0.620221723215, 0.498567849673, 0.617172856436, 0.172613387551, 0.580891818269, 1.58599006766, 0.242450279414, 5.19602055689e-17, 3.37031822618e-74, 9.88678134818e-12
0.532287372452, 0.271643163746, 0.941006513317, 0.175509692938, 0.23968445186, 0.711000591123, 0.29231598735, 0.694733734619, 0.494218515149, 0.752684102079, 0.756676863984, 0.603669108442, 0.197334673931, 0.713766226897, 1.47114509471, 6.22136992515e-76, 0.00528494169553, 5.80304822143e-57, 9.51468757632e-28
0.0804667293208, 0.632649623748, 0.0906348099998, 0.645992181366, 0.339254235094, 0.519985142162, 0.644278240631, 0.341643132974, 0.119121764828, 0.61020502552, 0.109061519958, 0.61265390119, 0.915783922272, 0.070536600042, 1.75218397113, 2.9001852766e-19, 1.47639459439e-104, 3.59770035612e-20, 1.00307752564e-109
0.0622113145252, 0.849904712428, 0.656870661996, 0.543021223255, 0.0358646239902, 0.0420287734047, 0.174115022374, 0.670283998665, 0.7243621659, 0.0131168520554, 0.798914648439, 0.528241138, 0.489094930252, 0.510231860639, 1.93812167218, 9.22956618807e-27, 1.70407004784e-18, 2.63344735515e-07, 7.42059489385e-121
0.0234230323401, 0.99671813226, 0.316802939121, 0.497005583611, 0.9811426993, 0.391444750473, 0.790623450842, 0.942469043921, 0.877445959082, 0.156569896799, 0.241470755312, 0.403048222161, 0.844499365933, 0.663652915364, 0.854413075131, 5.80650156096e-31, 1.60956296499e-50, 1.81453540517, 2.90190352224e-163
0.0336402267916, 0.985451130759, 0.0810558480544, 0.0398532176736, 0.649517752044, 0.437203825632, 0.423550468613, 0.0767116206508, 0.60553051395, 0.121266480214, 0.758063956213, 0.946429316926, 0.913245306677, 0.141263860681, 1.80556219537, 3.15552377313e-140, 2.14371836833e-109, 0.685330816922, 1.47180495074e-147
0.214851715747, 0.521474406009, 0.128393911113, 0.345075334777, 0.657382223341, 0.863298522106, 0.00506111851669, 0.0432356878741, 0.0722612688913, 0.370780464847, 0.0662261214635, 0.303325880724, 0.344823696555, 0.484761584675, 2.06116360533, 2.00273801491e-46, 2.31566210462e-89, 1.71211192187e-28, 5.29803668975e-67
0.209585809926, 0.496479465691, 0.0763160998559, 0.446788189003, 0.887910633425, 0.956056185496, 0.615674544884, 0.123999814601, 0.550874386953, 0.545231193529, 0.825331540435, 0.224494819681, 0.509932200487, 0.34124079076, 1.72489955843, 2.77365266781e-35, 4.94880620095e-112, 1.05441790853e-30, 3.70741509664e-68
0.561051410531, 0.207877415474, 0.639709575704, 0.470345256449, 0.11908520267, 0.99789308982, 0.387243230238, 0.430168373747, 0.00953604106882, 0.61871002246, 0.012274717002, 0.271049490626, 0.115980035003, 0.130701370575, 2.23937821994, 6.1365484628e-33, 1.39486601044e-19, 2.12313783691e-68, 2.79584559333e-25
0.580712163406, 0.102391078305, 0.0449361726377, 0.204519463839, 0.702430202682, 0.781465963453, 0.128015229282, 0.899570219773, 0.9676690355, 0.487815245216, 0.259510409228, 0.279986321966, 0.735916602247, 0.256436967383, 1.8583137566, 3.45703257151e-69, 5.30697271887e-135, 3.10063458584e-99, 7.26659893212e-24
0.819627470669, 0.0482241172756, 0.366794636721, 0.0307622661866, 0.778999941262, 0.799775167208, 0.351226015342, 0.10742834903, 0.539246630057, 0.213786199431, 0.842034804286, 0.596703559849, 0.828305408917, 0.438130552164, 1.66536261129, 1.65752950268e-151, 7.24313142381e-44, 5.54698978796e-132, 6.01560439165e-09
0.320302257525, 0.332807454462, 0.202353910281, 0.0747174389113, 0.842273681133, 0.51484994974, 0.0416299432504, 0.627962869968, 0.10467720211, 0.347283336025, 0.375696158018, 0.947076136333, 0.139061063316, 0.365432526763, 1.88716573048, 6.51819930439e-113, 1.21084911521e-69, 4.91172966144e-48, 1.06642392885e-49
0.245452156656, 0.258986541224, 0.13999704887, 0.246598975469, 0.388248428269, 0.0675906613169, 0.373434951021, 0.137058159989, 0.892340458007, 0.137981545234, 0.519603369131, 0.023485404552, 0.55640702916, 0.70083203383, 1.90316584791, 4.72849904014e-61, 1.22316374466e-85, 6.35793491144e-59, 2.96675545295e-61
0.00407821832587, 0.565243334816, 0.613989638008, 0.869979526893, 0.333711046674, 0.447761017966, 0.55662354602, 0.184795343696, 0.657183406263, 0.228688319401, 0.203958803563, 0.675943985782, 0.216304933625, 0.230723426512, 1.50284721963, 2.10832696806e-06, 1.54574871011e-21, 3.94984184646e-25, 2.63076402722e-239
0.0188571995327, 0.326882029352, 0.242253881192, 0.874187971173, 0.708637328421, 0.250067096192, 0.89393421673, 0.537080592643, 0.720800351818, 0.98489852192, 0.316075025286, 0.224116212503, 0.547120079616, 0.104106691559, 1.81532657469, 4.12626648707e-06, 7.62340532364e-62, 7.83752954817e-49, 1.00645483276e-172
0.586472117202, 0.18369958568, 0.398324917387, 0.166255158507, 0.0118567275043, 0.965278158961, 0.652933414648, 0.334927361652, 0.57399821987, 0.504225060838, 0.442835347201, 0.753260145632, 0.401012618531, 0.183101778244, 1.68853029616, 3.17060154099e-78, 2.80140699101e-40, 6.83040433702e-74, 1.77159991547e-23
0.00240470270267, 0.252595777634, 0.761722258556, 0.885923434367, 0.874088445551, 0.142425588636, 0.589362633563, 0.217090425004, 0.0977642090279, 0.674732847792, 0.0504820243735, 0.96029776157, 0.0223085972136, 0.239046583029, 2.25837653405, 1.94775893445e-05, 5.36513772289e-12, 6.20190194026e-60, 4.52955334567e-262
0.0434367381868, 0.144602496653, 0.711662347803, 0.952812922043, 0.148566023559, 0.809065307348, 0.375478587473, 0.275160871135, 0.257902457986, 0.220402491092, 0.957204116329, 0.653332476026, 0.965042166497, 0.981716816066, 2.10256891258, 0.0262818888869, 5.57574555322e-15, 3.43940391366e-84, 2.01662226002e-136
0.858443604076, 0.086384040591, 0.301614530854, 0.155070515881, 0.557450346269, 0.0791224507448, 0.185363565044, 0.453065336187, 0.0925477609972, 0.0321258686224, 0.889256917948, 0.0148900293674, 0.798298132935, 0.929291812077, 2.32668680031, 4.12839241009e-81, 3.22169089353e-52, 1.60771558885e-106, 8.59082208632e-07
0.899716833776, 0.266926407169, 0.224930127896, 0.798391008789, 0.85565056135, 0.560130487576, 0.341894120309, 0.842771323356, 0.417025443272, 0.0715013561617, 0.512743412368, 0.427461434637, 0.267997380724, 0.858644534312, 1.65096386549, 4.31937776068e-10, 4.15547299375e-65, 1.12982592102e-57, 6.67485858905e-05
0.544317503645, 0.201654901204, 0.153844564398, 0.874515218164, 0.295525704378, 0.418059304284, 0.335063201371, 0.888821211351, 0.00922982799757, 0.286747642524, 0.100924436311, 0.160816193842, 0.732706085804, 0.520684135997, 1.84212894256, 4.34687391116e-06, 1.47793573053e-81, 8.36215279741e-70, 1.11344795027e-26
0.638312224294, 0.0471442685476, 0.668147084762, 0.415050107624, 0.457009207888, 0.934368484343, 0.00930484228757, 0.0603149766382, 0.97390333828, 0.594857338666, 0.816861873065, 0.666912854091, 0.000298924613734, 0.808436923751, 2.33130698284, 2.36468024151e-38, 1.12441628356e-17, 8.06509593786e-133, 1.16690502024e-19
0.792608064749, 0.00867891822912, 0.601281263918, 0.347776319796, 0.389706996024, 0.538673680751, 0.178281310606, 0.0218941878091, 0.6634540257, 0.773580209254, 0.784845765285, 0.0385933574802, 0.704248324841, 0.156459207756, 1.90108248638, 4.02829789933e-46, 2.41483782943e-22, 2.09739628225e-206, 2.40419413065e-10
0.701682000967, 0.0451977272102, 0.0651650173232, 0.604282352221, 0.524238903665, 0.0342977404461, 0.816951980763, 0.675847251528, 0.891284648489, 0.0505468182704, 0.960116548994, 0.010675648388, 0.753868499353, 0.240799540341, 2.28673842468, 4.77889483409e-22, 9.05290308204e-119, 1.16679895489e-134, 1.47696435155e-15
0.913247544573, 0.243302887011, 0.080619045271, 0.11495048716, 0.651220711302, 0.247733081028, 0.325822190288, 0.450624700372, 0.448498001014, 0.445569258464, 0.539949735525, 0.319413051822, 0.682964651872, 0.926662731724, 1.37462204853, 2.4287610946e-94, 9.50754205724e-110, 8.89261333396e-62, 0.000247260366215
0.251200932025, 0.277104427698, 0.203630374101, 0.303964218887, 0.157115671609, 0.401091037145, 0.3528184592, 0.858381353748, 0.154531207614, 0.0969558975513, 0.62234754118, 0.642236234384, 0.704052448536, 0.243947233098, 1.70164596968, 5.11959322537e-52, 2.04759942762e-69, 4.91287376575e-56, 2.686047748e-60
0.370916401166, 0.99451616705, 0.745083820676, 0.246196379159, 0.412639771246, 0.313635801115, 0.566720591009, 0.60808042, 0.562884605865, 0.0138895646682, 0.524475622337, 0.73112720515, 0.759801628061, 0.799460300628, 0.931046686581, 1.96452462889e-61, 2.42999077809e-13, 1.18873478895, 2.0076368752e-43
0.745358674046, 0.416694952653, 0.890550801907, 0.283804919801, 0.808254505725, 0.451923901516, 0.677690549896, 0.816228697142, 0.319991715668, 0.316695537092, 0.585337752961, 0.529873690388, 0.432680520013, 0.460103690427, 1.30920877774, 4.12212123123e-55, 1.90107254648e-05, 1.97220829789e-38, 3.54535538305e-13
0.2287322689, 0.346318119139, 0.476267744346, 0.116980631046, 0.884052696115, 0.806374957037, 0.479129927293, 0.577035481957, 0.516074838632, 0.552417867439, 0.212561512189, 0.409249514281, 0.653826971349, 0.214154739428, 1.44696493141, 1.47222390082e-93, 1.38578174382e-32, 2.01418472294e-46, 1.94680153107e-64
0.73116592544, 0.00815908115406, 0.445649456055, 0.937284161384, 0.9748759019, 0.613599954215, 0.585230922013, 0.445934278442, 0.332995646432, 0.979991396222, 0.000146811743685, 0.635664212596, 0.0553244001054, 0.583896058864, 1.97990882245, 0.00478512991771, 2.46663229693e-35, 4.53828348902e-209, 7.84080605188e-14
0.250558446843, 0.816019669804, 0.14070873642, 0.604377232155, 0.539814648042, 0.836436925968, 0.80953752832, 0.77937052745, 0.363980797038, 0.646903450582, 0.870231765516, 0.451053252112, 0.455669805374, 0.0492290629672, 1.67334517992, 3.55234351417e-22, 1.78571323971e-85, 3.88837507275e-09, 2.0446088815e-60
0.366278134861, 0.882094307632, 0.342232034272, 0.316527397281, 0.62970343256, 0.117724148063, 0.547359072706, 0.484340551609, 0.468596124772, 0.694743297876, 0.437932298772, 0.611188437044, 0.290268387724, 0.288208677259, 1.30941524455, 2.26114252792e-50, 5.56241194135e-47, 7.3231717166e-06, 4.94648473422e-44
0.12010607117, 0.99022568642, 0.0215048013884, 0.315241469323, 0.814674449023, 0.59061802082, 0.504775280321, 0.854111929484, 0.133267087955, 0.363947393983, 0.648903901432, 0.799716421823, 0.635389908485, 0.317261524277, 1.28897580725, 1.48149076713e-50, 3.63001344187e-167, 0.859719155292, 2.20177867525e-92
0.0303502137705, 0.140287269027, 0.801407220913, 0.402596556487, 0.904202648756, 0.854321646037, 0.411971693642, 0.256196514949, 0.066599796675, 0.485929584971, 0.383216762393, 0.808192713971, 0.479494169634, 0.629586820273, 1.66998075157, 8.05076103502e-40, 6.37024984433e-10, 1.32025381618e-85, 4.31525811737e-152
0.402652104826, 0.937317942246, 0.386411469647, 0.14773781352, 0.929709915299, 0.0758008396776, 0.917974302681, 0.697443823266, 0.544262865873, 0.252083722983, 0.418325409421, 0.460754361158, 0.757467189628, 0.352094216625, 1.73807512221, 2.4285952964e-83, 1.38416960133e-41, 0.0042158224685, 8.4954632352e-40
0.509839768174, 0.908932740846, 0.284261615296, 0.654110022313, 0.570736098423, 0.687051983039, 0.824163268547, 0.857755805515, 0.850509602875, 0.444826190715, 0.281657205238, 0.923237777345, 0.670584240184, 0.379651737767, 1.66935068092, 9.63269484747e-19, 6.17290241001e-55, 0.000187000259283, 1.45223954318e-29
0.0833880445805, 0.326932910363, 0.434244766674, 0.0743067508832, 0.696118457323, 0.21483674628, 0.409220499269, 0.727255721342, 0.771483438023, 0.105678672185, 0.0662925708282, 0.573374712288, 0.778181513528, 0.507389436866, 1.67978471867, 3.34349509888e-113, 1.56614809184e-36, 7.36609917374e-49, 3.40214244984e-108
0.883392954057, 0.374845789034, 0.136245641367, 0.921592152663, 0.58985704738, 0.629581290669, 0.772120276765, 0.943317501076, 0.639259541053, 0.186350983129, 0.410905509501, 0.283518610995, 0.230862274287, 0.237013971136, 1.60961300339, 0.000718982279251, 6.84074116332e-87, 6.13910459463e-43, 1.04288036915e-05
0.515616783507, 0.242564433641, 0.428361795334, 0.967941731815, 0.498911716804, 0.794912152809, 0.84121610974, 0.319606823864, 0.908304166766, 0.322504546652, 0.920690219876, 0.429016668839, 0.990477001576, 0.00711330886219, 2.09585638917, 0.12674517232, 5.00434328707e-37, 1.00227361694e-61, 5.63609907563e-29
0.585422049854, 0.0222447240574, 0.116401105276, 0.505229830112, 0.852360667022, 0.602256764015, 0.38793784451, 0.960114408353, 0.569453791617, 0.0483740765287, 0.606186976719, 0.200586550526, 0.784738111912, 0.571324936512, 1.75475461153, 6.15509447813e-30, 1.0865424118e-93, 1.45558826316e-165, 1.53901862332e-23
0.165455557674, 0.565441856625, 0.257973286714, 0.987415492588, 0.519364896327, 0.770287436353, 0.598248032573, 0.00436324855985, 0.406469242136, 0.514333557424, 0.717089941803, 0.972435803076, 0.136402572985, 0.4982602308, 1.57245857579, 0.745484075924, 3.92824174605e-59, 4.73718020354e-25, 2.01771813573e-78
0.308899277648, 0.759963129474, 0.33773392169, 0.223743041035, 0.510262977801, 0.85403872601, 0.23780024739, 0.353552307871, 0.159950243148, 0.997505765505, 0.00623859082164, 0.932947555154, 0.0869355578897, 0.14433596637, 2.30715326173, 3.4209756123e-65, 2.6101449111e-47, 4.34959248347e-12, 3.47444622234e-51
0.36443365126, 0.601154825401, 0.0650632224893, 0.35630538344, 0.885642346361, 0.871680804324, 0.417400781785, 0.0765061666832, 0.10455353969, 0.397793530529, 0.813649913509, 0.97009792643, 0.756570188092, 0.995211677284, 2.2702915581, 5.42550202126e-45, 7.68702791574e-119, 2.82380862419e-22, 5.17664921617e-44
0.339140747045, 0.287132849932, 0.340083889532, 0.120416292106, 0.792648033067, 0.642732804872, 0.718983942391, 0.403200918036, 0.989926157151, 0.126774750904, 0.58083494584, 0.325052333279, 0.145120866759, 0.903241071547, 1.86834781572, 3.43639138061e-92, 4.22847245659e-47, 1.88740786717e-54, 3.20313212798e-47
0.253058177797, 0.708993818349, 0.403187963611, 0.192009565916, 0.793341936176, 0.899266089998, 0.831080997409, 0.916512705908, 0.110078291798, 0.480248538188, 0.685330601329, 0.421229231481, 0.793044793994, 0.65516103637, 1.8314918862, 6.18317381773e-72, 1.02254101692e-39, 3.33556753855e-15, 6.03896515682e-60
0.811788505691, 0.995296772983, 0.55477191899, 0.374558052996, 0.370606295011, 0.011858552758, 0.912250449261, 0.88056629997, 0.993924479496, 0.707996158241, 0.138200098877, 0.405231688972, 0.266483712224, 0.563701925133, 1.14436750191, 4.04202761947e-43, 4.63588240622e-26, 1.70748175525, 2.84005436379e-09
0.769017431404, 0.182499779432, 0.680992522763, 0.976896448699, 0.214845852732, 0.227813702828, 0.899929248909, 0.701412555341, 0.826490076624, 0.620221723215, 0.498567849673, 0.617172856436, 0.172613387551, 0.580891818269, 1.58599006766, 0.242450279414, 5.19602055689e-17, 3.37031822618e-74, 9.88678134818e-12
0.532287372452, 0.271643163746, 0.941006513317, 0.175509692938, 0.23968445186, 0.711000591123, 0.29231598735, 0.694733734619, 0.494218515149, 0.752684102079, 0.756676863984, 0.603669108442, 0.197334673931, 0.713766226897, 1.47114509471, 6.22136992515e-76, 0.00528494169553, 5.80304822143e-57, 9.51468757632e-28
0.0804667293208, 0.632649623748, 0.0906348099998, 0.645992181366, 0.339254235094, 0.519985142162, 0.644278240631, 0.341643132974, 0.119121764828, 0.61020502552, 0.109061519958, 0.61265390119, 0.915783922272, 0.070536600042, 1.75218397113, 2.9001852766e-19, 1.47639459439e-104, 3.59770035612e-20, 1.00307752564e-109
0.0622113145252, 0.849904712428, 0.656870661996, 0.543021223255, 0.0358646239902, 0.0420287734047, 0.174115022374, 0.670283998665, 0.7243621659, 0.0131168520554, 0.798914648439, 0.528241138, 0.489094930252, 0.510231860639, 1.93812167218, 9.22956618807e-27, 1.70407004784e-18, 2.63344735515e-07, 7.42059489385e-121
0.0234230323401, 0.99671813226, 0.316802939121, 0.497005583611, 0.9811426993, 0.391444750473, 0.790623450842, 0.942469043921, 0.877445959082, 0.156569896799, 0.241470755312, 0.403048222161, 0.844499365933, 0.663652915364, 0.854413075131, 5.80650156096e-31, 1.60956296499e-50, 1.81453540517, 2.90190352224e-163
0.0336402267916, 0.985451130759, 0.0810558480544, 0.0398532176736, 0.649517752044, 0.437203825632, 0.423550468613, 0.0767116206508, 0.60553051395, 0.121266480214, 0.758063956213, 0.946429316926, 0.913245306677, 0.141263860681, 1.80556219537, 3.15552377313e-140, 2.14371836833e-109, 0.685330816922, 1.47180495074e-147
0.214851715747, 0.521474406009, 0.128393911113, 0.345075334777, 0.657382223341, 0.863298522106, 0.00506111851669, 0.0432356878741, 0.0722612688913, 0.370780464847, 0.0662261214635, 0.303325880724, 0.344823696555, 0.484761584675, 2.06116360533, 2.00273801491e-46, 2.31566210462e-89, 1.71211192187e-28, 5.29803668975e-67
0.209585809926, 0.496479465691, 0.0763160998559, 0.446788189003, 0.887910633425, 0.956056185496, 0.615674544884, 0.123999814601, 0.550874386953, 0.545231193529, 0.825331540435, 0.224494819681, 0.509932200487, 0.34124079076, 1.72489955843, 2.77365266781e-35, 4.94880620095e-112, 1.05441790853e-30, 3.70741509664e-68
0.561051410531, 0.207877415474, 0.639709575704, 0.470345256449, 0.11908520267, 0.99789308982, 0.387243230238, 0.430168373747, 0.00953604106882, 0.61871002246, 0.012274717002, 0.271049490626, 0.115980035003, 0.130701370575, 2.23937821994, 6.1365484628e-33, 1.39486601044e-19, 2.12313783691e-68, 2.79584559333e-25
