0.0178468434499, 0.107150961098, 0.714335593479, 0.580932421918, 0.878455843121, 0.0533226391091, 0.3952896407, 0.294745977774, 0.0237196999331, 0.655106842542, 0.11547110854, 0.0132287924348, 0.295837649357, 0.520004142266, 0.177206175336, 0.0879409619909, 0.00974031769425, 0.0546070114808, 0.290699369245, 0.600071447985, 0.0351589533394, 0.0448038606991, 0.405481927088, 0.417303266053, 0.141927815299, 0.399600493956, 0.10384548906, 0.260550310404, 0.687166759747, 0.0824818496957, 0.0178468434499, 3.35752088317
0.0178468434499, 0.107150961098, 0.714335593479, 0.580932421918, 0.878455843121, 0.0533226391091, 0.3952896407, 0.294745977774, 0.0237196999331, 0.655106842542, 0.11547110854, 0.0132287924348, 0.295837649357, 0.520004142266, 0.177206175336, 0.0879409619909, 0.00974031769425, 0.0546070114808, 0.290699369245, 0.600071447985, 0.0351589533394, 0.0448038606991, 0.405481927088, 0.417303266053, 0.141927815299, 0.399600493956, 0.10384548906, 0.260550310404, 0.687166759747, 0.0824818496957, 0.0178468434499, 3.35752088317
0.212086189017, 0.73106736051, 0.0733552300088, 0.0656428190486, 0.637617019533, 0.284461496234, 0.533845757432, 0.237002574005, 0.445739026068, 0.629545612837, 0.671753891017, 0.480336078945, 0.557950533601, 0.0752057390052, 0.21917447479, 0.391305267276, 0.0222501977097, 0.505317050774, 0.0189325712574, 0.136412545474, 0.0150447520247, 0.620194792891, 0.0928045527832, 0.191885654317, 0.00234921729838, 0.0656835289314, 0.322860666877, 0.257054921342, 0.644565996938, 0.758464756854, 0.212086189017, 3.0061463244
0.212086189017, 0.73106736051, 0.0733552300088, 0.0656428190486, 0.637617019533, 0.284461496234, 0.533845757432, 0.237002574005, 0.445739026068, 0.629545612837, 0.671753891017, 0.480336078945, 0.557950533601, 0.0752057390052, 0.21917447479, 0.391305267276, 0.0222501977097, 0.505317050774, 0.0189325712574, 0.136412545474, 0.0150447520247, 0.620194792891, 0.0928045527832, 0.191885654317, 0.00234921729838, 0.0656835289314, 0.322860666877, 0.257054921342, 0.644565996938, 0.758464756854, 0.212086189017, 3.0061463244
0.00121664376229, 0.107150961098, 0.245210359398, 0.316858297957, 0.878455843121, 0.185095408288, 0.3952896407, 0.742670973557, 0.426381835246, 0.0326702846681, 0.735547758319, 0.403987214128, 0.329737905797, 0.721007201323, 0.468437572927, 0.725474855036, 0.0588074595885, 0.140689594687, 0.011668443855, 0.988193157374, 0.030202269531, 0.0231693665104, 0.688595619907, 0.417303266053, 0.202115927751, 0.331456487983, 0.169921043628, 0.00559305972695, 0.924793110615, 0.0147072627454, 0.00121664376229, 4.25466150707
0.00121664376229, 0.107150961098, 0.245210359398, 0.316858297957, 0.878455843121, 0.185095408288, 0.3952896407, 0.742670973557, 0.426381835246, 0.0326702846681, 0.735547758319, 0.403987214128, 0.329737905797, 0.721007201323, 0.468437572927, 0.725474855036, 0.0588074595885, 0.140689594687, 0.011668443855, 0.988193157374, 0.030202269531, 0.0231693665104, 0.688595619907, 0.417303266053, 0.202115927751, 0.331456487983, 0.169921043628, 0.00559305972695, 0.924793110615, 0.0147072627454, 0.00121664376229, 4.25466150707
0.442004725537, 0.690154136278, 0.480137650631, 0.180066963984, 0.0324631439182, 0.0399791874007, 0.0418470586771, 0.166183512039, 0.976749832986, 0.534182534953, 0.129395481614, 0.931006474027, 0.0106275281114, 0.0413697122721, 0.139608303805, 0.225562327404, 0.257993804271, 0.0459297347061, 0.695299092208, 0.853554012165, 0.175283705447, 0.0527378742917, 0.546789202314, 0.817177461733, 0.0803150760614, 0.138749712014, 0.00213469452562, 0.0642960453183, 0.0176817436016, 0.835863704012, 0.442004725537, 2.12247199788
0.442004725537, 0.690154136278, 0.480137650631, 0.180066963984, 0.0324631439182, 0.0399791874007, 0.0418470586771, 0.166183512039, 0.976749832986, 0.534182534953, 0.129395481614, 0.931006474027, 0.0106275281114, 0.0413697122721, 0.139608303805, 0.225562327404, 0.257993804271, 0.0459297347061, 0.695299092208, 0.853554012165, 0.175283705447, 0.0527378742917, 0.546789202314, 0.817177461733, 0.0803150760614, 0.138749712014, 0.00213469452562, 0.0642960453183, 0.0176817436016, 0.835863704012, 0.442004725537, 2.12247199788
0.450793580472, 0.037296017866, 0.0239851303823, 0.249640798329, 0.85923794643, 0.313598653142, 0.927922767317, 0.0725506724943, 0.0524511256711, 0.113403469216, 0.396525849342, 0.435511011357, 0.550846397797, 0.0793193375659, 0.204491806191, 0.0958904847821, 0.803027976669, 0.000942674178735, 0.0719523160596, 0.0402652541656, 0.271754836596, 0.932547793844, 0.0625864508762, 0.956296894194, 0.255535980109, 0.000637811774839, 0.0631201670347, 0.130750012899, 0.464694513587, 0.502949641126, 0.450793580472, 2.02704306154
0.450793580472, 0.037296017866, 0.0239851303823, 0.249640798329, 0.85923794643, 0.313598653142, 0.927922767317, 0.0725506724943, 0.0524511256711, 0.113403469216, 0.396525849342, 0.435511011357, 0.550846397797, 0.0793193375659, 0.204491806191, 0.0958904847821, 0.803027976669, 0.000942674178735, 0.0719523160596, 0.0402652541656, 0.271754836596, 0.932547793844, 0.0625864508762, 0.956296894194, 0.255535980109, 0.000637811774839, 0.0631201670347, 0.130750012899, 0.464694513587, 0.502949641126, 0.450793580472, 2.02704306154
0.0054042707266, 0.109075769179, 0.65500667442, 0.580932421918, 0.286846154011, 0.185095408288, 0.3952896407, 0.576043816533, 0.0237196999331, 0.727722570892, 0.735547758319, 0.0947708385769, 0.295837649357, 0.520004142266, 0.177206175336, 0.0653983276446, 0.0560436128276, 0.341182880177, 0.23212130941, 0.111113578432, 0.469318782754, 0.0844986349745, 0.298518827345, 0.417303266053, 0.202115927751, 0.130039452546, 0.700498884315, 0.00392204610773, 0.396393825149, 0.0519426441433, 0.0054042707266, 3.62572639952
0.0054042707266, 0.109075769179, 0.65500667442, 0.580932421918, 0.286846154011, 0.185095408288, 0.3952896407, 0.576043816533, 0.0237196999331, 0.727722570892, 0.735547758319, 0.0947708385769, 0.295837649357, 0.520004142266, 0.177206175336, 0.0653983276446, 0.0560436128276, 0.341182880177, 0.23212130941, 0.111113578432, 0.469318782754, 0.0844986349745, 0.298518827345, 0.417303266053, 0.202115927751, 0.130039452546, 0.700498884315, 0.00392204610773, 0.396393825149, 0.0519426441433, 0.0054042707266, 3.62572639952
0.665003191657, 0.50163968797, 0.245210359398, 0.876323315424, 0.878455843121, 0.156389715403, 0.352871130846, 0.149824419554, 0.18569366663, 0.21564205474, 0.233454174516, 0.179652689761, 0.422234565586, 0.520004142266, 0.47567284158, 0.0525865545006, 0.481686249154, 0.0474036940414, 0.0719523160596, 0.321957635038, 0.0955887503547, 0.0114339414369, 0.0625864508762, 0.417303266053, 0.202115927751, 0.758515645645, 0.210364873746, 0.211287316661, 0.0584043282647, 0.306607610196, 0.665003191657, 1.53960645527
0.665003191657, 0.50163968797, 0.245210359398, 0.876323315424, 0.878455843121, 0.156389715403, 0.352871130846, 0.149824419554, 0.18569366663, 0.21564205474, 0.233454174516, 0.179652689761, 0.422234565586, 0.520004142266, 0.47567284158, 0.0525865545006, 0.481686249154, 0.0474036940414, 0.0719523160596, 0.321957635038, 0.0955887503547, 0.0114339414369, 0.0625864508762, 0.417303266053, 0.202115927751, 0.758515645645, 0.210364873746, 0.211287316661, 0.0584043282647, 0.306607610196, 0.665003191657, 1.53960645527
0.640680569649, 0.318726700028, 0.460528902637, 0.155097699437, 0.357145649485, 0.0359929235223, 0.909839459825, 0.240930378514, 0.0972507698538, 0.461748706433, 0.129365093994, 0.0823917777406, 0.85237183576, 0.148318785953, 0.347400345116, 0.698306597996, 0.402593242621, 0.698387804923, 0.388516467394, 0.0468981022376, 0.141285819475, 0.172296026261, 0.4548037574, 0.00562601273893, 0.187797249782, 0.516054780693, 0.00532947710507, 0.509551770002, 0.619294463154, 4.18979155994e-05, 0.640680569649, 1.73049089473
0.640680569649, 0.318726700028, 0.460528902637, 0.155097699437, 0.357145649485, 0.0359929235223, 0.909839459825, 0.240930378514, 0.0972507698538, 0.461748706433, 0.129365093994, 0.0823917777406, 0.85237183576, 0.148318785953, 0.347400345116, 0.698306597996, 0.402593242621, 0.698387804923, 0.388516467394, 0.0468981022376, 0.141285819475, 0.172296026261, 0.4548037574, 0.00562601273893, 0.187797249782, 0.516054780693, 0.00532947710507, 0.509551770002, 0.619294463154, 4.18979155994e-05, 0.640680569649, 1.73049089473
0.00339285030149, 0.161329644772, 0.65500667442, 0.580932421918, 0.218775181423, 0.185095408288, 0.3952896407, 0.799845372111, 0.0237196999331, 0.727722570892, 0.374955444411, 0.104992650154, 0.395730039604, 0.520004142266, 0.177206175336, 0.151024269474, 0.0560436128276, 0.341182880177, 0.0622092418329, 0.459134086668, 0.0955887503547, 0.0844986349745, 0.405481927088, 0.676429852243, 0.147808462093, 0.853477170831, 0.142898967997, 0.00334373515876, 0.897639009314, 0.0519426441433, 0.00339285030149, 3.90841721007
0.00339285030149, 0.161329644772, 0.65500667442, 0.580932421918, 0.218775181423, 0.185095408288, 0.3952896407, 0.799845372111, 0.0237196999331, 0.727722570892, 0.374955444411, 0.104992650154, 0.395730039604, 0.520004142266, 0.177206175336, 0.151024269474, 0.0560436128276, 0.341182880177, 0.0622092418329, 0.459134086668, 0.0955887503547, 0.0844986349745, 0.405481927088, 0.676429852243, 0.147808462093, 0.853477170831, 0.142898967997, 0.00334373515876, 0.897639009314, 0.0519426441433, 0.00339285030149, 3.90841721007
0.271483591016, 0.0849743926142, 0.676360518603, 0.799250292795, 0.0592089527929, 0.276409896006, 0.18370618227, 0.425561350034, 0.644069238329, 0.0685984057744, 0.0534380234397, 0.125769722105, 0.467923374697, 0.000505338320504, 0.0622734958475, 0.225562327404, 0.703550302622, 0.722334014054, 0.164023773541, 0.125927536382, 0.47374865039, 0.187602399528, 0.469462211458, 0.128598147737, 0.629762763742, 0.144485797619, 0.223665182951, 0.0132961912932, 0.109341300537, 0.00525828542073, 0.271483591016, 2.36648644888
0.271483591016, 0.0849743926142, 0.676360518603, 0.799250292795, 0.0592089527929, 0.276409896006, 0.18370618227, 0.425561350034, 0.644069238329, 0.0685984057744, 0.0534380234397, 0.125769722105, 0.467923374697, 0.000505338320504, 0.0622734958475, 0.225562327404, 0.703550302622, 0.722334014054, 0.164023773541, 0.125927536382, 0.47374865039, 0.187602399528, 0.469462211458, 0.128598147737, 0.629762763742, 0.144485797619, 0.223665182951, 0.0132961912932, 0.109341300537, 0.00525828542073, 0.271483591016, 2.36648644888
0.228899847026, 0.829130362567, 0.0179666473829, 0.291126212181, 0.227305537151, 0.0262584432833, 0.875896122086, 0.398394018742, 0.164690040305, 0.0680046601961, 0.0701052152056, 0.583908032631, 0.109790859682, 0.00393587874537, 0.497868635753, 0.527897487945, 0.0632129772188, 0.514179012596, 0.0342041263684, 0.0979052012601, 0.337983169726, 0.68648660306, 0.109140697823, 0.772097721229, 0.0885408546288, 0.0274364816062, 0.204974199033, 0.292050315253, 0.027711940988, 0.434717248399, 0.228899847026, 2.51320409696
0.228899847026, 0.829130362567, 0.0179666473829, 0.291126212181, 0.227305537151, 0.0262584432833, 0.875896122086, 0.398394018742, 0.164690040305, 0.0680046601961, 0.0701052152056, 0.583908032631, 0.109790859682, 0.00393587874537, 0.497868635753, 0.527897487945, 0.0632129772188, 0.514179012596, 0.0342041263684, 0.0979052012601, 0.337983169726, 0.68648660306, 0.109140697823, 0.772097721229, 0.0885408546288, 0.0274364816062, 0.204974199033, 0.292050315253, 0.027711940988, 0.434717248399, 0.228899847026, 2.51320409696
0.00373866106258, 0.56803039761, 0.795113230998, 0.0354524282625, 0.261188748147, 0.344301250543, 0.199945005198, 0.29182817339, 0.644069238329, 0.413664580825, 0.0285798033455, 0.125769722105, 0.0325806917057, 0.492521745315, 0.0230828428509, 0.205938189877, 0.434036297654, 0.801518456474, 0.070461268339, 0.260077133823, 0.0261324011049, 0.187602399528, 0.469462211458, 0.210395325535, 0.577256998565, 0.214843770336, 0.397734951864, 0.526981681913, 0.990980212166, 0.0331701300355, 0.00373866106258, 3.87606638616
0.00373866106258, 0.56803039761, 0.795113230998, 0.0354524282625, 0.261188748147, 0.344301250543, 0.199945005198, 0.29182817339, 0.644069238329, 0.413664580825, 0.0285798033455, 0.125769722105, 0.0325806917057, 0.492521745315, 0.0230828428509, 0.205938189877, 0.434036297654, 0.801518456474, 0.070461268339, 0.260077133823, 0.0261324011049, 0.187602399528, 0.469462211458, 0.210395325535, 0.577256998565, 0.214843770336, 0.397734951864, 0.526981681913, 0.990980212166, 0.0331701300355, 0.00373866106258, 3.87606638616
0.00100135569968, 0.107150961098, 0.245210359398, 0.316858297957, 0.305046114887, 0.185095408288, 0.136826432634, 0.742670973557, 0.426381835246, 0.0326702846681, 0.735547758319, 0.403987214128, 0.353216933763, 0.520004142266, 0.630135033833, 0.636245844586, 0.0588074595885, 0.672558006392, 0.00205191744047, 0.985577919949, 0.0955887503547, 0.321138719255, 0.688595619907, 0.348721548252, 0.202115927751, 0.331456487983, 0.422975193091, 0.0175319428975, 0.840948908046, 0.00521886036561, 0.00100135569968, 4.27654378194
0.00100135569968, 0.107150961098, 0.245210359398, 0.316858297957, 0.305046114887, 0.185095408288, 0.136826432634, 0.742670973557, 0.426381835246, 0.0326702846681, 0.735547758319, 0.403987214128, 0.353216933763, 0.520004142266, 0.630135033833, 0.636245844586, 0.0588074595885, 0.672558006392, 0.00205191744047, 0.985577919949, 0.0955887503547, 0.321138719255, 0.688595619907, 0.348721548252, 0.202115927751, 0.331456487983, 0.422975193091, 0.0175319428975, 0.840948908046, 0.00521886036561, 0.00100135569968, 4.27654378194
0.0028258091572, 0.0366857912331, 0.245210359398, 0.765798589689, 0.0939180361807, 0.185095408288, 0.746463397656, 0.694022930997, 0.0520912480962, 0.615974835851, 0.611866642226, 0.00653177515615, 0.0374740675474, 0.0921646334807, 0.445210153109, 0.97952299423, 0.0274744550431, 0.147281200996, 0.789071679957, 0.868549361852, 0.0955887503547, 0.0420339809684, 0.171917884454, 0.417303266053, 0.0780299811439, 0.331456487983, 0.210364873746, 0.0136978464099, 0.861111052279, 0.282740105835, 0.0028258091572, 3.97856363847
0.0028258091572, 0.0366857912331, 0.245210359398, 0.765798589689, 0.0939180361807, 0.185095408288, 0.746463397656, 0.694022930997, 0.0520912480962, 0.615974835851, 0.611866642226, 0.00653177515615, 0.0374740675474, 0.0921646334807, 0.445210153109, 0.97952299423, 0.0274744550431, 0.147281200996, 0.789071679957, 0.868549361852, 0.0955887503547, 0.0420339809684, 0.171917884454, 0.417303266053, 0.0780299811439, 0.331456487983, 0.210364873746, 0.0136978464099, 0.861111052279, 0.282740105835, 0.0028258091572, 3.97856363847
0.00213440849351, 0.548987742864, 0.245210359398, 0.316858297957, 0.878455843121, 0.185095408288, 0.347623387525, 0.742670973557, 0.426381835246, 0.0326702846681, 0.388338321029, 0.403987214128, 0.353216933763, 0.520004142266, 0.468437572927, 0.636245844586, 0.0588074595885, 0.140689594687, 0.011668443855, 0.930487045245, 0.030202269531, 0.0286716007713, 0.688595619907, 0.417303266053, 0.107276791158, 0.331456487983, 0.169921043628, 0.0175319428975, 0.924793110615, 0.0147072627454, 0.00213440849351, 4.12210939066
0.00213440849351, 0.548987742864, 0.245210359398, 0.316858297957, 0.878455843121, 0.185095408288, 0.347623387525, 0.742670973557, 0.426381835246, 0.0326702846681, 0.388338321029, 0.403987214128, 0.353216933763, 0.520004142266, 0.468437572927, 0.636245844586, 0.0588074595885, 0.140689594687, 0.011668443855, 0.930487045245, 0.030202269531, 0.0286716007713, 0.688595619907, 0.417303266053, 0.107276791158, 0.331456487983, 0.169921043628, 0.0175319428975, 0.924793110615, 0.0147072627454, 0.00213440849351, 4.12210939066
0.057833115234, 0.0849743926142, 0.676360518603, 0.799250292795, 0.0592089527929, 0.611420034908, 0.18370618227, 0.425561350034, 0.644069238329, 0.0685984057744, 0.0534380234397, 0.049827567249, 0.467923374697, 0.000505338320504, 0.0622734958475, 0.225562327404, 0.703550302622, 0.722334014054, 0.164023773541, 0.125927536382, 0.289217517754, 0.187602399528, 0.469462211458, 0.128598147737, 0.629762763742, 0.144485797619, 0.423445876944, 0.0132961912932, 0.109341300537, 0.00525828542073, 0.057833115234, 3.13158296383
0.057833115234, 0.0849743926142, 0.676360518603, 0.799250292795, 0.0592089527929, 0.611420034908, 0.18370618227, 0.425561350034, 0.644069238329, 0.0685984057744, 0.0534380234397, 0.049827567249, 0.467923374697, 0.000505338320504, 0.0622734958475, 0.225562327404, 0.703550302622, 0.722334014054, 0.164023773541, 0.125927536382, 0.289217517754, 0.187602399528, 0.469462211458, 0.128598147737, 0.629762763742, 0.144485797619, 0.423445876944, 0.0132961912932, 0.109341300537, 0.00525828542073, 0.057833115234, 3.13158296383
0.140700322942, 0.129190857862, 0.714335593479, 0.580932421918, 0.878455843121, 0.0533226391091, 0.335707250028, 0.294745977774, 0.0237196999331, 0.655106842542, 0.376964762925, 0.0132287924348, 0.295837649357, 0.520004142266, 0.177206175336, 0.0879409619909, 0.00974031769425, 0.0546070114808, 0.290699369245, 0.533912233497, 0.0351589533394, 0.0448038606991, 0.405481927088, 0.417303266053, 0.141927815299, 0.331456487983, 0.10384548906, 0.260550310404, 0.687166759747, 0.0824818496957, 0.140700322942, 3.06725510565
0.140700322942, 0.129190857862, 0.714335593479, 0.580932421918, 0.878455843121, 0.0533226391091, 0.335707250028, 0.294745977774, 0.0237196999331, 0.655106842542, 0.376964762925, 0.0132287924348, 0.295837649357, 0.520004142266, 0.177206175336, 0.0879409619909, 0.00974031769425, 0.0546070114808, 0.290699369245, 0.533912233497, 0.0351589533394, 0.0448038606991, 0.405481927088, 0.417303266053, 0.141927815299, 0.331456487983, 0.10384548906, 0.260550310404, 0.687166759747, 0.0824818496957, 0.140700322942, 3.06725510565
0.0178468434499, 0.107150961098, 0.619015880715, 0.0804658338224, 0.389732700511, 0.0540237319431, 0.0865576890165, 0.508539521577, 0.139413577954, 0.727722570892, 0.735547758319, 0.585854464714, 0.295837649357, 0.520004142266, 0.177206175336, 0.0879409619909, 0.00974031769425, 0.341182880177, 0.59577001487, 0.0080512086705, 0.061566705129, 0.139275436542, 0.847750963124, 0.417303266053, 0.202115927751, 0.331456487983, 0.10384548906, 0.00392204610773, 0.687166759747, 0.0824818496957, 0.0178468434499, 3.50744023072
0.0178468434499, 0.107150961098, 0.619015880715, 0.0804658338224, 0.389732700511, 0.0540237319431, 0.0865576890165, 0.508539521577, 0.139413577954, 0.727722570892, 0.735547758319, 0.585854464714, 0.295837649357, 0.520004142266, 0.177206175336, 0.0879409619909, 0.00974031769425, 0.341182880177, 0.59577001487, 0.0080512086705, 0.061566705129, 0.139275436542, 0.847750963124, 0.417303266053, 0.202115927751, 0.331456487983, 0.10384548906, 0.00392204610773, 0.687166759747, 0.0824818496957, 0.0178468434499, 3.50744023072
0.212086189017, 0.825838961874, 0.0733552300088, 0.0656428190486, 0.637617019533, 0.284461496234, 0.533845757432, 0.237002574005, 0.445739026068, 0.629545612837, 0.671753891017, 0.480336078945, 0.557950533601, 0.0752057390052, 0.21917447479, 0.391305267276, 0.0222501977097, 0.505317050774, 0.0110052064715, 0.136412545474, 0.0150447520247, 0.620194792891, 0.0928045527832, 0.191885654317, 0.00234921729838, 0.0656835289314, 0.322860666877, 0.257054921342, 0.568277905619, 0.758464756854, 0.212086189017, 3.00904557793
0.212086189017, 0.825838961874, 0.0733552300088, 0.0656428190486, 0.637617019533, 0.284461496234, 0.533845757432, 0.237002574005, 0.445739026068, 0.629545612837, 0.671753891017, 0.480336078945, 0.557950533601, 0.0752057390052, 0.21917447479, 0.391305267276, 0.0222501977097, 0.505317050774, 0.0110052064715, 0.136412545474, 0.0150447520247, 0.620194792891, 0.0928045527832, 0.191885654317, 0.00234921729838, 0.0656835289314, 0.322860666877, 0.257054921342, 0.568277905619, 0.758464756854, 0.212086189017, 3.00904557793
0.494469604991, 0.0849743926142, 0.676360518603, 0.227244412113, 0.0592089527929, 0.594844486258, 0.38347050252, 0.425561350034, 0.644069238329, 0.165724743309, 0.0534380234397, 0.125769722105, 0.227685198848, 0.000505338320504, 0.0622734958475, 0.225562327404, 0.703550302622, 0.722334014054, 0.104168982211, 0.125927536382, 0.47374865039, 0.187602399528, 0.340461682339, 0.128598147737, 0.698622415532, 0.00888511578038, 0.231942091157, 0.0096059371708, 0.459184671664, 0.477759793303, 0.494469604991, 2.24393769953
0.494469604991, 0.0849743926142, 0.676360518603, 0.227244412113, 0.0592089527929, 0.594844486258, 0.38347050252, 0.425561350034, 0.644069238329, 0.165724743309, 0.0534380234397, 0.125769722105, 0.227685198848, 0.000505338320504, 0.0622734958475, 0.225562327404, 0.703550302622, 0.722334014054, 0.104168982211, 0.125927536382, 0.47374865039, 0.187602399528, 0.340461682339, 0.128598147737, 0.698622415532, 0.00888511578038, 0.231942091157, 0.0096059371708, 0.459184671664, 0.477759793303, 0.494469604991, 2.24393769953
0.450793580472, 0.0296373835428, 0.0239851303823, 0.249640798329, 0.541356737765, 0.965784421893, 0.927922767317, 0.0725506724943, 0.0490933606392, 0.113403469216, 0.396525849342, 0.435511011357, 0.282603423278, 0.114714302013, 0.204491806191, 0.699734684382, 0.973216442704, 0.37049298337, 0.217694652209, 0.0402652541656, 0.271754836596, 0.521095332726, 0.0625864508762, 0.949117615242, 0.436037992573, 0.000637811774839, 0.0631201670347, 0.130750012899, 0.464694513587, 0.361269299924, 0.450793580472, 2.28487128433
0.450793580472, 0.0296373835428, 0.0239851303823, 0.249640798329, 0.541356737765, 0.965784421893, 0.927922767317, 0.0725506724943, 0.0490933606392, 0.113403469216, 0.396525849342, 0.435511011357, 0.282603423278, 0.114714302013, 0.204491806191, 0.699734684382, 0.973216442704, 0.37049298337, 0.217694652209, 0.0402652541656, 0.271754836596, 0.521095332726, 0.0625864508762, 0.949117615242, 0.436037992573, 0.000637811774839, 0.0631201670347, 0.130750012899, 0.464694513587, 0.361269299924, 0.450793580472, 2.28487128433
0.0054042707266, 0.161329644772, 0.65500667442, 0.162150392278, 0.4593730704, 0.185095408288, 0.3952896407, 0.626654725097, 0.0237196999331, 0.727722570892, 0.735547758319, 0.104992650154, 0.295837649357, 0.520004142266, 0.0190516834755, 0.0653983276446, 0.0560436128276, 0.341182880177, 0.59577001487, 0.0624387860443, 0.422894648844, 0.0844986349745, 0.405481927088, 0.335736878451, 0.202115927751, 0.331456487983, 0.700498884315, 0.00337014126427, 0.396393825149, 0.0519426441433, 0.0054042707266, 3.68768739548
0.0054042707266, 0.161329644772, 0.65500667442, 0.162150392278, 0.4593730704, 0.185095408288, 0.3952896407, 0.626654725097, 0.0237196999331, 0.727722570892, 0.735547758319, 0.104992650154, 0.295837649357, 0.520004142266, 0.0190516834755, 0.0653983276446, 0.0560436128276, 0.341182880177, 0.59577001487, 0.0624387860443, 0.422894648844, 0.0844986349745, 0.405481927088, 0.335736878451, 0.202115927751, 0.331456487983, 0.700498884315, 0.00337014126427, 0.396393825149, 0.0519426441433, 0.0054042707266, 3.68768739548
0.826241102943, 0.186583372542, 0.381363369691, 0.162572003469, 0.19595056499, 0.246467787434, 0.991306363054, 0.854011346422, 0.0449627744309, 0.0606583668376, 0.0475537626206, 0.145892561132, 0.903142936113, 0.897915829946, 0.139608303805, 0.633193663125, 0.277021369547, 0.611450652416, 0.0622092418329, 0.0777900439156, 0.147380918889, 0.0782595399107, 0.0736190812916, 0.559503941516, 0.567480986476, 0.706487200931, 0.524398084976, 0.176722511365, 0.0153127000556, 0.0453169078538, 0.826241102943, 1.61086905737
0.826241102943, 0.186583372542, 0.381363369691, 0.162572003469, 0.19595056499, 0.246467787434, 0.991306363054, 0.854011346422, 0.0449627744309, 0.0606583668376, 0.0475537626206, 0.145892561132, 0.903142936113, 0.897915829946, 0.139608303805, 0.633193663125, 0.277021369547, 0.611450652416, 0.0622092418329, 0.0777900439156, 0.147380918889, 0.0782595399107, 0.0736190812916, 0.559503941516, 0.567480986476, 0.706487200931, 0.524398084976, 0.176722511365, 0.0153127000556, 0.0453169078538, 0.826241102943, 1.61086905737
0.640680569649, 0.318726700028, 0.460528902637, 0.155097699437, 0.357145649485, 0.0359929235223, 0.909839459825, 0.240930378514, 0.0972507698538, 0.461748706433, 0.126227703929, 0.146476356194, 0.814587172865, 0.148318785953, 0.347400345116, 0.698306597996, 0.402593242621, 0.698387804923, 0.388516467394, 0.181119653084, 0.141285819475, 0.172296026261, 0.4548037574, 0.00562601273893, 0.187797249782, 0.516054780693, 0.00532947710507, 0.509551770002, 0.619294463154, 0.245877460469, 0.640680569649, 1.8305659411
0.640680569649, 0.318726700028, 0.460528902637, 0.155097699437, 0.357145649485, 0.0359929235223, 0.909839459825, 0.240930378514, 0.0972507698538, 0.461748706433, 0.126227703929, 0.146476356194, 0.814587172865, 0.148318785953, 0.347400345116, 0.698306597996, 0.402593242621, 0.698387804923, 0.388516467394, 0.181119653084, 0.141285819475, 0.172296026261, 0.4548037574, 0.00562601273893, 0.187797249782, 0.516054780693, 0.00532947710507, 0.509551770002, 0.619294463154, 0.245877460469, 0.640680569649, 1.8305659411
0.665003191657, 0.50163968797, 0.245210359398, 0.876323315424, 0.878455843121, 0.0668823051223, 0.352871130846, 0.149824419554, 0.18569366663, 0.21564205474, 0.233454174516, 0.448644588385, 0.422234565586, 0.520004142266, 0.47567284158, 0.0958904847821, 0.481686249154, 0.895734746852, 0.0719523160596, 0.321957635038, 0.0955887503547, 0.0114339414369, 0.0625864508762, 0.417303266053, 0.202115927751, 0.758515645645, 0.210364873746, 0.211287316661, 0.0584043282647, 0.306607610196, 0.665003191657, 1.80308270815
0.665003191657, 0.50163968797, 0.245210359398, 0.876323315424, 0.878455843121, 0.0668823051223, 0.352871130846, 0.149824419554, 0.18569366663, 0.21564205474, 0.233454174516, 0.448644588385, 0.422234565586, 0.520004142266, 0.47567284158, 0.0958904847821, 0.481686249154, 0.895734746852, 0.0719523160596, 0.321957635038, 0.0955887503547, 0.0114339414369, 0.0625864508762, 0.417303266053, 0.202115927751, 0.758515645645, 0.210364873746, 0.211287316661, 0.0584043282647, 0.306607610196, 0.665003191657, 1.80308270815
0.271483591016, 0.0849743926142, 0.676360518603, 0.166006936708, 0.0592089527929, 0.594844486258, 0.199945005198, 0.425561350034, 0.644069238329, 0.531735100104, 0.0320151695736, 0.125769722105, 0.467923374697, 0.742234249148, 0.0622734958475, 0.274393972314, 0.639191440356, 0.0816327641955, 0.188517676357, 0.125927536382, 0.47374865039, 0.0922855761069, 0.469462211458, 0.128598147737, 0.577256998565, 0.00888511578038, 0.423445876944, 0.00895584254461, 0.271282459647, 0.019537155718, 0.271483591016, 2.45791308196
0.271483591016, 0.0849743926142, 0.676360518603, 0.166006936708, 0.0592089527929, 0.594844486258, 0.199945005198, 0.425561350034, 0.644069238329, 0.531735100104, 0.0320151695736, 0.125769722105, 0.467923374697, 0.742234249148, 0.0622734958475, 0.274393972314, 0.639191440356, 0.0816327641955, 0.188517676357, 0.125927536382, 0.47374865039, 0.0922855761069, 0.469462211458, 0.128598147737, 0.577256998565, 0.00888511578038, 0.423445876944, 0.00895584254461, 0.271282459647, 0.019537155718, 0.271483591016, 2.45791308196
0.228899847026, 0.268331944176, 0.0179666473829, 0.291126212181, 0.227305537151, 0.0262584432833, 0.875896122086, 0.398394018742, 0.164690040305, 0.0680046601961, 0.0701052152056, 0.583908032631, 0.109790859682, 0.00139758129575, 0.497868635753, 0.768853016348, 0.0632129772188, 0.514179012596, 0.0342041263684, 0.0979052012601, 0.337983169726, 0.68648660306, 0.109140697823, 0.772097721229, 0.0885408546288, 0.0406405583352, 0.443174245021, 0.150299655344, 0.027711940988, 0.921320201004, 0.228899847026, 2.5875485564
0.228899847026, 0.268331944176, 0.0179666473829, 0.291126212181, 0.227305537151, 0.0262584432833, 0.875896122086, 0.398394018742, 0.164690040305, 0.0680046601961, 0.0701052152056, 0.583908032631, 0.109790859682, 0.00139758129575, 0.497868635753, 0.768853016348, 0.0632129772188, 0.514179012596, 0.0342041263684, 0.0979052012601, 0.337983169726, 0.68648660306, 0.109140697823, 0.772097721229, 0.0885408546288, 0.0406405583352, 0.443174245021, 0.150299655344, 0.027711940988, 0.921320201004, 0.228899847026, 2.5875485564
0.00100135569968, 0.107150961098, 0.245210359398, 0.316858297957, 0.305046114887, 0.185095408288, 0.3952896407, 0.742670973557, 0.426381835246, 0.0326702846681, 0.735547758319, 0.403987214128, 0.353216933763, 0.520004142266, 0.630135033833, 0.636245844586, 0.0588074595885, 0.732275342552, 0.00205191744047, 0.986286161018, 0.0955887503547, 0.321138719255, 0.688595619907, 0.417303266053, 0.202115927751, 0.331456487983, 0.422975193091, 0.0175319428975, 0.929725297917, 0.213743728931, 0.00100135569968, 4.4874648737
0.00100135569968, 0.107150961098, 0.245210359398, 0.316858297957, 0.305046114887, 0.185095408288, 0.3952896407, 0.742670973557, 0.426381835246, 0.0326702846681, 0.735547758319, 0.403987214128, 0.353216933763, 0.520004142266, 0.630135033833, 0.636245844586, 0.0588074595885, 0.732275342552, 0.00205191744047, 0.986286161018, 0.0955887503547, 0.321138719255, 0.688595619907, 0.417303266053, 0.202115927751, 0.331456487983, 0.422975193091, 0.0175319428975, 0.929725297917, 0.213743728931, 0.00100135569968, 4.4874648737
0.00312839553551, 0.690154136278, 0.566279443091, 0.180066963984, 0.040497484222, 0.0399791874007, 0.0418470586771, 0.246155755368, 0.461851009647, 0.911551953972, 0.205785610166, 0.741004274037, 0.0119579689617, 0.0382502707098, 0.709495248179, 0.225562327404, 0.232647488566, 0.29982140444, 0.695299092208, 0.102639659787, 0.345469833791, 0.48782982958, 0.401517488461, 0.817177461733, 0.099720276161, 0.201926322238, 0.00213469452562, 0.0146106958526, 0.551399851904, 0.835863704012, 0.00312839553551, 4.05059496754
0.00312839553551, 0.690154136278, 0.566279443091, 0.180066963984, 0.040497484222, 0.0399791874007, 0.0418470586771, 0.246155755368, 0.461851009647, 0.911551953972, 0.205785610166, 0.741004274037, 0.0119579689617, 0.0382502707098, 0.709495248179, 0.225562327404, 0.232647488566, 0.29982140444, 0.695299092208, 0.102639659787, 0.345469833791, 0.48782982958, 0.401517488461, 0.817177461733, 0.099720276161, 0.201926322238, 0.00213469452562, 0.0146106958526, 0.551399851904, 0.835863704012, 0.00312839553551, 4.05059496754
0.00378009490926, 0.20715305675, 0.245210359398, 0.765798589689, 0.276070450853, 0.185095408288, 0.746463397656, 0.505623947191, 0.0520912480962, 0.630131356262, 0.763554636969, 0.101966724919, 0.0307103921554, 0.0921646334807, 0.445210153109, 0.97952299423, 0.0714218807198, 0.147281200996, 0.66744258353, 0.868549361852, 0.0955887503547, 0.0126189260145, 0.141696527868, 0.417303266053, 0.0780299811439, 0.331456487983, 0.210364873746, 0.0136978464099, 0.861111052279, 0.197312625384, 0.00378009490926, 4.02144266581
0.00378009490926, 0.20715305675, 0.245210359398, 0.765798589689, 0.276070450853, 0.185095408288, 0.746463397656, 0.505623947191, 0.0520912480962, 0.630131356262, 0.763554636969, 0.101966724919, 0.0307103921554, 0.0921646334807, 0.445210153109, 0.97952299423, 0.0714218807198, 0.147281200996, 0.66744258353, 0.868549361852, 0.0955887503547, 0.0126189260145, 0.141696527868, 0.417303266053, 0.0780299811439, 0.331456487983, 0.210364873746, 0.0136978464099, 0.861111052279, 0.197312625384, 0.00378009490926, 4.02144266581
0.00213440849351, 0.107150961098, 0.369719466734, 0.316858297957, 0.878455843121, 0.185095408288, 0.347623387525, 0.742670973557, 0.426381835246, 0.152525777477, 0.735547758319, 0.403987214128, 0.353216933763, 0.520004142266, 0.468437572927, 0.636245844586, 0.0588074595885, 0.140689594687, 0.011668443855, 0.930487045245, 0.030202269531, 0.0286716007713, 0.688595619907, 0.417303266053, 0.202115927751, 0.331456487983, 0.169921043628, 0.0175319428975, 0.924793110615, 0.0147072627454, 0.00213440849351, 4.19716241001
0.00213440849351, 0.107150961098, 0.369719466734, 0.316858297957, 0.878455843121, 0.185095408288, 0.347623387525, 0.742670973557, 0.426381835246, 0.152525777477, 0.735547758319, 0.403987214128, 0.353216933763, 0.520004142266, 0.468437572927, 0.636245844586, 0.0588074595885, 0.140689594687, 0.011668443855, 0.930487045245, 0.030202269531, 0.0286716007713, 0.688595619907, 0.417303266053, 0.202115927751, 0.331456487983, 0.169921043628, 0.0175319428975, 0.924793110615, 0.0147072627454, 0.00213440849351, 4.19716241001
0.0737699747193, 0.61757632835, 0.912880708374, 0.25270538295, 0.545919524699, 0.163363344159, 0.31058703605, 0.0528637015888, 0.0182720377971, 0.314827248527, 0.130610334787, 0.178521148378, 0.126512912117, 0.119578349125, 0.307339474214, 0.154611956921, 0.00256246866958, 0.221949581241, 0.262452927463, 0.218937501172, 0.759127284271, 0.886612759743, 0.00201449183397, 0.714934516516, 0.0249589803789, 0.412666658109, 0.660777290385, 0.725023091747, 0.464694513587, 0.0605072101453, 0.0737699747193, 3.39012959299
0.0737699747193, 0.61757632835, 0.912880708374, 0.25270538295, 0.545919524699, 0.163363344159, 0.31058703605, 0.0528637015888, 0.0182720377971, 0.314827248527, 0.130610334787, 0.178521148378, 0.126512912117, 0.119578349125, 0.307339474214, 0.154611956921, 0.00256246866958, 0.221949581241, 0.262452927463, 0.218937501172, 0.759127284271, 0.886612759743, 0.00201449183397, 0.714934516516, 0.0249589803789, 0.412666658109, 0.660777290385, 0.725023091747, 0.464694513587, 0.0605072101453, 0.0737699747193, 3.39012959299
0.0178468434499, 0.107150961098, 0.619015880715, 0.20468999693, 0.561699109039, 0.185095408288, 0.3952896407, 0.508539521577, 0.0237196999331, 0.0579673800165, 0.735547758319, 0.566849617254, 0.295837649357, 0.520004142266, 0.177206175336, 0.37317891895, 0.00974031769425, 0.341182880177, 0.371606337946, 0.000394237399472, 0.0955887503547, 0.0844986349745, 0.405481927088, 0.417303266053, 0.202115927751, 0.331456487983, 0.0340677685925, 0.769266933215, 0.687166759747, 0.0824818496957, 0.0178468434499, 3.57263069326
0.0178468434499, 0.107150961098, 0.619015880715, 0.20468999693, 0.561699109039, 0.185095408288, 0.3952896407, 0.508539521577, 0.0237196999331, 0.0579673800165, 0.735547758319, 0.566849617254, 0.295837649357, 0.520004142266, 0.177206175336, 0.37317891895, 0.00974031769425, 0.341182880177, 0.371606337946, 0.000394237399472, 0.0955887503547, 0.0844986349745, 0.405481927088, 0.417303266053, 0.202115927751, 0.331456487983, 0.0340677685925, 0.769266933215, 0.687166759747, 0.0824818496957, 0.0178468434499, 3.57263069326
0.212086189017, 0.805163479469, 0.94697890916, 0.155097699437, 0.357145649485, 0.0379374074203, 0.842565009411, 0.237002574005, 0.0972507698538, 0.461748706433, 0.129365093994, 0.146476356194, 0.85237183576, 0.880017351197, 0.13498109307, 0.698306597996, 0.402593242621, 0.698387804923, 0.388516467394, 0.0468981022376, 0.141285819475, 0.172296026261, 0.4548037574, 0.00562601273893, 0.110338504259, 0.516054780693, 0.00532947710507, 0.509551770002, 0.619294463154, 4.18979155994e-05, 0.212086189017, 3.32717061117
0.212086189017, 0.805163479469, 0.94697890916, 0.155097699437, 0.357145649485, 0.0379374074203, 0.842565009411, 0.237002574005, 0.0972507698538, 0.461748706433, 0.129365093994, 0.146476356194, 0.85237183576, 0.880017351197, 0.13498109307, 0.698306597996, 0.402593242621, 0.698387804923, 0.388516467394, 0.0468981022376, 0.141285819475, 0.172296026261, 0.4548037574, 0.00562601273893, 0.110338504259, 0.516054780693, 0.00532947710507, 0.509551770002, 0.619294463154, 4.18979155994e-05, 0.212086189017, 3.32717061117
0.494469604991, 0.0849743926142, 0.676360518603, 0.0769594997237, 0.0592089527929, 0.594844486258, 0.293150905365, 0.425561350034, 0.644069238329, 0.531735100104, 0.0534380234397, 0.125769722105, 0.467923374697, 0.000505338320504, 0.0622734958475, 0.19932271618, 0.703550302622, 0.911565010531, 0.112730611709, 0.125927536382, 0.47374865039, 0.0545467517458, 0.469462211458, 0.128598147737, 0.577256998565, 0.00888511578038, 0.193687784542, 0.179140898972, 0.459184671664, 0.477759793303, 0.494469604991, 2.38192116516
0.494469604991, 0.0849743926142, 0.676360518603, 0.0769594997237, 0.0592089527929, 0.594844486258, 0.293150905365, 0.425561350034, 0.644069238329, 0.531735100104, 0.0534380234397, 0.125769722105, 0.467923374697, 0.000505338320504, 0.0622734958475, 0.19932271618, 0.703550302622, 0.911565010531, 0.112730611709, 0.125927536382, 0.47374865039, 0.0545467517458, 0.469462211458, 0.128598147737, 0.577256998565, 0.00888511578038, 0.193687784542, 0.179140898972, 0.459184671664, 0.477759793303, 0.494469604991, 2.38192116516
0.450793580472, 0.037296017866, 0.0239851303823, 0.249640798329, 0.85923794643, 0.313598653142, 0.927922767317, 0.0725506724943, 0.0541575354581, 0.113403469216, 0.854312241351, 0.435511011357, 0.550846397797, 0.913054131922, 0.204491806191, 0.0958904847821, 0.935587368866, 0.00183233253009, 0.0719523160596, 0.0402652541656, 0.271754836596, 0.932547793844, 0.0625864508762, 0.949117615242, 0.255535980109, 0.000637811774839, 0.0631201670347, 0.130750012899, 0.464694513587, 0.502949641126, 0.450793580472, 2.39364061004
0.450793580472, 0.037296017866, 0.0239851303823, 0.249640798329, 0.85923794643, 0.313598653142, 0.927922767317, 0.0725506724943, 0.0541575354581, 0.113403469216, 0.854312241351, 0.435511011357, 0.550846397797, 0.913054131922, 0.204491806191, 0.0958904847821, 0.935587368866, 0.00183233253009, 0.0719523160596, 0.0402652541656, 0.271754836596, 0.932547793844, 0.0625864508762, 0.949117615242, 0.255535980109, 0.000637811774839, 0.0631201670347, 0.130750012899, 0.464694513587, 0.502949641126, 0.450793580472, 2.39364061004
0.00700618446938, 0.809600249815, 0.0623539230545, 0.808927059251, 0.579570330535, 0.118940706539, 0.417437775919, 0.195357988852, 0.190197398141, 0.743573693131, 0.790446189748, 0.0531234682579, 0.496868760592, 0.0767048413638, 0.00281954285997, 0.380400058291, 0.045627625282, 0.388957690569, 0.326928976279, 0.580322061661, 0.180103843511, 0.203018162164, 0.226186554131, 0.149724637909, 0.531516723608, 0.00321822636812, 0.322860666877, 0.0213305843031, 0.417185502599, 0.131281207418, 0.00700618446938, 3.70587470888
0.00700618446938, 0.809600249815, 0.0623539230545, 0.808927059251, 0.579570330535, 0.118940706539, 0.417437775919, 0.195357988852, 0.190197398141, 0.743573693131, 0.790446189748, 0.0531234682579, 0.496868760592, 0.0767048413638, 0.00281954285997, 0.380400058291, 0.045627625282, 0.388957690569, 0.326928976279, 0.580322061661, 0.180103843511, 0.203018162164, 0.226186554131, 0.149724637909, 0.531516723608, 0.00321822636812, 0.322860666877, 0.0213305843031, 0.417185502599, 0.131281207418, 0.00700618446938, 3.70587470888
0.0054042707266, 0.161329644772, 0.65500667442, 0.162150392278, 0.286846154011, 0.185095408288, 0.3952896407, 0.626654725097, 0.0237196999331, 0.727722570892, 0.735547758319, 0.104992650154, 0.295837649357, 0.520004142266, 0.177206175336, 0.0653983276446, 0.0560436128276, 0.341182880177, 0.59577001487, 0.0624387860443, 0.422894648844, 0.0844986349745, 0.405481927088, 0.417303266053, 0.276288221497, 0.331456487983, 0.700498884315, 0.00337014126427, 0.396393825149, 0.0519426441433, 0.0054042707266, 3.73073829249
0.0054042707266, 0.161329644772, 0.65500667442, 0.162150392278, 0.286846154011, 0.185095408288, 0.3952896407, 0.626654725097, 0.0237196999331, 0.727722570892, 0.735547758319, 0.104992650154, 0.295837649357, 0.520004142266, 0.177206175336, 0.0653983276446, 0.0560436128276, 0.341182880177, 0.59577001487, 0.0624387860443, 0.422894648844, 0.0844986349745, 0.405481927088, 0.417303266053, 0.276288221497, 0.331456487983, 0.700498884315, 0.00337014126427, 0.396393825149, 0.0519426441433, 0.0054042707266, 3.73073829249
0.826241102943, 0.553859025608, 0.728806874491, 0.162572003469, 0.439431958379, 0.246467787434, 0.991306363054, 0.854011346422, 0.0581728833753, 0.0492261385044, 0.0475537626206, 0.145892561132, 0.903142936113, 0.0510737342209, 0.139608303805, 0.633193663125, 0.277021369547, 0.611450652416, 0.23386102437, 0.0777900439156, 0.147380918889, 0.112673866762, 0.0325503556586, 0.559503941516, 0.567480986476, 0.706487200931, 0.338045940891, 0.176722511365, 0.217656202176, 0.129044193048, 0.826241102943, 1.70182627845
0.826241102943, 0.553859025608, 0.728806874491, 0.162572003469, 0.439431958379, 0.246467787434, 0.991306363054, 0.854011346422, 0.0581728833753, 0.0492261385044, 0.0475537626206, 0.145892561132, 0.903142936113, 0.0510737342209, 0.139608303805, 0.633193663125, 0.277021369547, 0.611450652416, 0.23386102437, 0.0777900439156, 0.147380918889, 0.112673866762, 0.0325503556586, 0.559503941516, 0.567480986476, 0.706487200931, 0.338045940891, 0.176722511365, 0.217656202176, 0.129044193048, 0.826241102943, 1.70182627845
0.84721397052, 0.978139664215, 0.56081411033, 0.0236770047529, 0.759309300167, 0.143059904874, 0.423275810313, 0.128959067344, 0.595980635677, 0.198464685926, 0.172263525422, 0.344130393368, 0.972153517848, 0.0131530458337, 0.302165941654, 0.602813668383, 0.76341596464, 0.081347528065, 0.442564641955, 0.020179644183, 0.0256314894992, 0.200681266968, 0.15139705936, 0.416462745911, 0.0426178756486, 0.18968585834, 0.424641249241, 0.719683042772, 0.954338549967, 0.284799524686, 0.84721397052, 1.62050933423
0.84721397052, 0.978139664215, 0.56081411033, 0.0236770047529, 0.759309300167, 0.143059904874, 0.423275810313, 0.128959067344, 0.595980635677, 0.198464685926, 0.172263525422, 0.344130393368, 0.972153517848, 0.0131530458337, 0.302165941654, 0.602813668383, 0.76341596464, 0.081347528065, 0.442564641955, 0.020179644183, 0.0256314894992, 0.200681266968, 0.15139705936, 0.416462745911, 0.0426178756486, 0.18968585834, 0.424641249241, 0.719683042772, 0.954338549967, 0.284799524686, 0.84721397052, 1.62050933423
0.640680569649, 0.0619511387732, 0.94697890916, 0.155097699437, 0.357145649485, 0.0379374074203, 0.842565009411, 0.240930378514, 0.0972507698538, 0.223068026118, 0.129365093994, 0.146476356194, 0.85237183576, 0.880017351197, 0.13498109307, 0.698306597996, 0.402593242621, 0.698387804923, 0.388516467394, 0.0468981022376, 0.141285819475, 0.172296026261, 0.4548037574, 0.00562601273893, 0.110338504259, 0.516054780693, 0.00532947710507, 0.509551770002, 0.619294463154, 4.18979155994e-05, 0.640680569649, 1.83761659715
0.640680569649, 0.0619511387732, 0.94697890916, 0.155097699437, 0.357145649485, 0.0379374074203, 0.842565009411, 0.240930378514, 0.0972507698538, 0.223068026118, 0.129365093994, 0.146476356194, 0.85237183576, 0.880017351197, 0.13498109307, 0.698306597996, 0.402593242621, 0.698387804923, 0.388516467394, 0.0468981022376, 0.141285819475, 0.172296026261, 0.4548037574, 0.00562601273893, 0.110338504259, 0.516054780693, 0.00532947710507, 0.509551770002, 0.619294463154, 4.18979155994e-05, 0.640680569649, 1.83761659715
0.271483591016, 0.0191622974436, 0.633609616991, 0.166006936708, 0.448894833819, 0.594844486258, 0.199945005198, 0.50441751096, 0.644069238329, 0.531735100104, 0.0534380234397, 0.125769722105, 0.428870229064, 0.000285437421861, 0.0622734958475, 0.225562327404, 0.639191440356, 0.722334014054, 0.188517676357, 0.125927536382, 0.186455640733, 0.0922855761069, 0.623969425949, 0.267443571337, 0.577256998565, 0.00888511578038, 0.423445876944, 0.00144608939092, 0.0596487514549, 0.506764831567, 0.271483591016, 2.58316203225
0.271483591016, 0.0191622974436, 0.633609616991, 0.166006936708, 0.448894833819, 0.594844486258, 0.199945005198, 0.50441751096, 0.644069238329, 0.531735100104, 0.0534380234397, 0.125769722105, 0.428870229064, 0.000285437421861, 0.0622734958475, 0.225562327404, 0.639191440356, 0.722334014054, 0.188517676357, 0.125927536382, 0.186455640733, 0.0922855761069, 0.623969425949, 0.267443571337, 0.577256998565, 0.00888511578038, 0.423445876944, 0.00144608939092, 0.0596487514549, 0.506764831567, 0.271483591016, 2.58316203225
0.228899847026, 0.268331944176, 0.699514016023, 0.155214583853, 0.215055136162, 0.0201891387266, 0.875896122086, 0.429164949595, 0.164690040305, 0.0625534039152, 0.0701052152056, 0.583908032631, 0.0581888639986, 0.00496415590372, 0.497035114218, 0.860851379024, 0.00898352768993, 0.514179012596, 0.0342041263684, 0.0979052012601, 0.337983169726, 0.68648660306, 0.109140697823, 0.622065371142, 0.0885408546288, 0.0406405583352, 0.443174245021, 0.292050315253, 0.027711940988, 0.921320201004, 0.228899847026, 2.73264892926
0.228899847026, 0.268331944176, 0.699514016023, 0.155214583853, 0.215055136162, 0.0201891387266, 0.875896122086, 0.429164949595, 0.164690040305, 0.0625534039152, 0.0701052152056, 0.583908032631, 0.0581888639986, 0.00496415590372, 0.497035114218, 0.860851379024, 0.00898352768993, 0.514179012596, 0.0342041263684, 0.0979052012601, 0.337983169726, 0.68648660306, 0.109140697823, 0.622065371142, 0.0885408546288, 0.0406405583352, 0.443174245021, 0.292050315253, 0.027711940988, 0.921320201004, 0.228899847026, 2.73264892926
0.238205153165, 0.55084673523, 0.392976901162, 0.509538422809, 0.876444516223, 0.0681655050571, 0.662050817544, 0.234004006836, 0.103411520975, 0.0235017186501, 0.0475537626206, 0.565001642265, 0.702392597441, 0.654320713919, 0.139608303805, 0.184955513663, 0.277021369547, 0.415451045731, 0.0622092418329, 0.0640021455909, 0.33479676468, 0.0935383822787, 0.273477318864, 0.559503941516, 0.48440164701, 0.231869628732, 0.345594659061, 0.402405731148, 0.000875521692038, 0.0286464547677, 0.238205153165, 2.69891922542
0.238205153165, 0.55084673523, 0.392976901162, 0.509538422809, 0.876444516223, 0.0681655050571, 0.662050817544, 0.234004006836, 0.103411520975, 0.0235017186501, 0.0475537626206, 0.565001642265, 0.702392597441, 0.654320713919, 0.139608303805, 0.184955513663, 0.277021369547, 0.415451045731, 0.0622092418329, 0.0640021455909, 0.33479676468, 0.0935383822787, 0.273477318864, 0.559503941516, 0.48440164701, 0.231869628732, 0.345594659061, 0.402405731148, 0.000875521692038, 0.0286464547677, 0.238205153165, 2.69891922542
0.253291411631, 0.288706821549, 0.912880708374, 0.25270538295, 0.0678907770967, 0.0450974487157, 0.31058703605, 0.477907208703, 0.0182720377971, 0.314827248527, 0.130610334787, 0.44639289435, 0.126512912117, 0.119578349125, 0.00983972335209, 0.136093856943, 0.00256246866958, 0.221949581241, 0.889910037062, 0.218937501172, 0.458467450723, 0.964019113174, 0.00102368715235, 0.794143354399, 0.030532110691, 0.0183963218775, 0.411276972474, 0.997237153919, 0.464694513587, 0.362610995064, 0.253291411631, 2.69458788138
0.253291411631, 0.288706821549, 0.912880708374, 0.25270538295, 0.0678907770967, 0.0450974487157, 0.31058703605, 0.477907208703, 0.0182720377971, 0.314827248527, 0.130610334787, 0.44639289435, 0.126512912117, 0.119578349125, 0.00983972335209, 0.136093856943, 0.00256246866958, 0.221949581241, 0.889910037062, 0.218937501172, 0.458467450723, 0.964019113174, 0.00102368715235, 0.794143354399, 0.030532110691, 0.0183963218775, 0.411276972474, 0.997237153919, 0.464694513587, 0.362610995064, 0.253291411631, 2.69458788138
0.00312839553551, 0.690154136278, 0.566279443091, 0.180066963984, 0.040497484222, 0.0399791874007, 0.0418470586771, 0.103309994185, 0.461851009647, 0.911551953972, 0.205785610166, 0.741004274037, 0.0119579689617, 0.0382502707098, 0.709495248179, 0.225562327404, 0.232647488566, 0.29982140444, 0.695299092208, 0.102639659787, 0.345469833791, 0.924998652528, 0.401517488461, 0.817177461733, 0.099720276161, 0.0104384276991, 0.00213469452562, 0.0146106958526, 0.551399851904, 0.835863704012, 0.00312839553551, 4.08207283676
0.00312839553551, 0.690154136278, 0.566279443091, 0.180066963984, 0.040497484222, 0.0399791874007, 0.0418470586771, 0.103309994185, 0.461851009647, 0.911551953972, 0.205785610166, 0.741004274037, 0.0119579689617, 0.0382502707098, 0.709495248179, 0.225562327404, 0.232647488566, 0.29982140444, 0.695299092208, 0.102639659787, 0.345469833791, 0.924998652528, 0.401517488461, 0.817177461733, 0.099720276161, 0.0104384276991, 0.00213469452562, 0.0146106958526, 0.551399851904, 0.835863704012, 0.00312839553551, 4.08207283676
0.00378009490926, 0.20715305675, 0.245210359398, 0.132413619935, 0.51256056298, 0.0856551670164, 0.746463397656, 0.732578645104, 0.0520912480962, 0.630131356262, 0.763554636969, 0.104992650154, 0.0307103921554, 0.0921646334807, 0.419616272893, 0.97952299423, 0.0714218807198, 0.147281200996, 0.976238860533, 0.868549361852, 0.0955887503547, 0.0420339809684, 0.141696527868, 0.417303266053, 0.0780299811439, 0.331456487983, 0.210364873746, 8.05446588092e-05, 0.861111052279, 0.197312625384, 0.00378009490926, 4.03142123582
0.00378009490926, 0.20715305675, 0.245210359398, 0.132413619935, 0.51256056298, 0.0856551670164, 0.746463397656, 0.732578645104, 0.0520912480962, 0.630131356262, 0.763554636969, 0.104992650154, 0.0307103921554, 0.0921646334807, 0.419616272893, 0.97952299423, 0.0714218807198, 0.147281200996, 0.976238860533, 0.868549361852, 0.0955887503547, 0.0420339809684, 0.141696527868, 0.417303266053, 0.0780299811439, 0.331456487983, 0.210364873746, 8.05446588092e-05, 0.861111052279, 0.197312625384, 0.00378009490926, 4.03142123582
0.00213440849351, 0.107150961098, 0.245210359398, 0.316858297957, 0.878455843121, 0.185095408288, 0.3952896407, 0.742670973557, 0.426381835246, 0.0326702846681, 0.735547758319, 0.403987214128, 0.353216933763, 0.721007201323, 0.468437572927, 0.725474855036, 0.0588074595885, 0.140689594687, 0.011668443855, 0.99172797251, 0.030202269531, 0.0231693665104, 0.688595619907, 0.417303266053, 0.202115927751, 0.331456487983, 0.169921043628, 0.00559305972695, 0.924793110615, 0.0147072627454, 0.00213440849351, 4.23930916614
0.00213440849351, 0.107150961098, 0.245210359398, 0.316858297957, 0.878455843121, 0.185095408288, 0.3952896407, 0.742670973557, 0.426381835246, 0.0326702846681, 0.735547758319, 0.403987214128, 0.353216933763, 0.721007201323, 0.468437572927, 0.725474855036, 0.0588074595885, 0.140689594687, 0.011668443855, 0.99172797251, 0.030202269531, 0.0231693665104, 0.688595619907, 0.417303266053, 0.202115927751, 0.331456487983, 0.169921043628, 0.00559305972695, 0.924793110615, 0.0147072627454, 0.00213440849351, 4.23930916614
0.164908498472, 0.800153242846, 0.0733552300088, 0.72971229768, 0.637617019533, 0.284461496234, 0.533845757432, 0.237002574005, 0.445739026068, 0.629545612837, 0.671753891017, 0.480336078945, 0.557950533601, 0.167676034819, 0.21917447479, 0.391305267276, 0.0222501977097, 0.505317050774, 0.0189325712574, 0.136412545474, 0.0150447520247, 0.620194792891, 0.0928045527832, 0.191885654317, 0.00975985011063, 0.0449900860298, 0.322860666877, 0.257054921342, 0.644565996938, 0.758464756854, 0.164908498472, 3.56779343606
0.164908498472, 0.800153242846, 0.0733552300088, 0.72971229768, 0.637617019533, 0.284461496234, 0.533845757432, 0.237002574005, 0.445739026068, 0.629545612837, 0.671753891017, 0.480336078945, 0.557950533601, 0.167676034819, 0.21917447479, 0.391305267276, 0.0222501977097, 0.505317050774, 0.0189325712574, 0.136412545474, 0.0150447520247, 0.620194792891, 0.0928045527832, 0.191885654317, 0.00975985011063, 0.0449900860298, 0.322860666877, 0.257054921342, 0.644565996938, 0.758464756854, 0.164908498472, 3.56779343606
0.84721397052, 0.978139664215, 0.546305299767, 0.00163749391471, 0.759309300167, 0.143059904874, 0.170586782583, 0.0876127690171, 0.595980635677, 0.198464685926, 0.172263525422, 0.21255278665, 0.936392575496, 0.0131530458337, 0.302165941654, 0.602813668383, 0.75327222972, 0.073556252769, 0.442564641955, 0.020179644183, 0.0165893671414, 0.565155631962, 0.0310361168545, 0.416462745911, 0.260606375812, 0.295357030566, 0.459966368058, 0.719683042772, 0.954338549967, 0.323751853111, 0.84721397052, 1.64890063875
0.84721397052, 0.978139664215, 0.546305299767, 0.00163749391471, 0.759309300167, 0.143059904874, 0.170586782583, 0.0876127690171, 0.595980635677, 0.198464685926, 0.172263525422, 0.21255278665, 0.936392575496, 0.0131530458337, 0.302165941654, 0.602813668383, 0.75327222972, 0.073556252769, 0.442564641955, 0.020179644183, 0.0165893671414, 0.565155631962, 0.0310361168545, 0.416462745911, 0.260606375812, 0.295357030566, 0.459966368058, 0.719683042772, 0.954338549967, 0.323751853111, 0.84721397052, 1.64890063875
