0.000193896232633, 0.472913104653, 0.0666943476932, 0.354382947749, 0.235053030236, 0.043151241645, 0.0113024067065, 0.543027393981, 0.440919817923, 0.891761876221, 0.690229528167, 0.359825326399, 0.941128349364, 0.0512112178062, 0.653699998599, 0.393472553118, 0.772987914686, 0.395349380745, 0.101539418535, 0.874385931054, 0.00292812235742, 0.760338220256, 0.421392492067, 0.0105448276474, 0.26857302736, 0.169476391218, 0.0691071649604, 0.0573020726398, 0.472955306803, 0.54618730247, 0.000193896232633, 4.40676033923
0.000193896232633, 0.472913104653, 0.0666943476932, 0.354382947749, 0.235053030236, 0.043151241645, 0.0113024067065, 0.543027393981, 0.440919817923, 0.891761876221, 0.690229528167, 0.359825326399, 0.941128349364, 0.0512112178062, 0.653699998599, 0.393472553118, 0.772987914686, 0.395349380745, 0.101539418535, 0.874385931054, 0.00292812235742, 0.760338220256, 0.421392492067, 0.0105448276474, 0.26857302736, 0.169476391218, 0.0691071649604, 0.0573020726398, 0.472955306803, 0.54618730247, 0.000193896232633, 4.40676033923
0.742880415178, 0.200911621557, 0.138048097268, 0.857630243243, 0.10716755843, 0.0307720532952, 0.185422883014, 0.421599285435, 0.0388041856563, 0.00576977640772, 0.0706180863244, 0.204254520584, 0.538924254529, 0.105853591428, 0.0344462022248, 0.855162044223, 0.00112901632745, 0.788389155112, 0.10450946132, 0.124960950765, 0.0346547317587, 0.151442914292, 0.000183210622095, 0.0618942837603, 0.00887269273105, 0.164578536503, 0.550885901362, 0.157615332925, 0.163227314676, 0.30721723548, 0.742880415178, 1.50026119584
0.742880415178, 0.200911621557, 0.138048097268, 0.857630243243, 0.10716755843, 0.0307720532952, 0.185422883014, 0.421599285435, 0.0388041856563, 0.00576977640772, 0.0706180863244, 0.204254520584, 0.538924254529, 0.105853591428, 0.0344462022248, 0.855162044223, 0.00112901632745, 0.788389155112, 0.10450946132, 0.124960950765, 0.0346547317587, 0.151442914292, 0.000183210622095, 0.0618942837603, 0.00887269273105, 0.164578536503, 0.550885901362, 0.157615332925, 0.163227314676, 0.30721723548, 0.742880415178, 1.50026119584
4.20408529969e-05, 0.122942317112, 0.0499239976735, 0.303250141141, 0.235053030236, 0.666750894632, 0.797895923331, 0.337091829488, 0.440919817923, 0.975795391414, 0.809943416345, 0.359825326399, 0.98676388448, 0.810786347256, 0.480879505108, 0.154820338609, 0.66682784142, 0.395349380745, 0.351484051988, 0.874385931054, 0.0115634002138, 0.615019131321, 0.149173559657, 0.473414296695, 0.221626793203, 0.0343320088869, 0.110468870038, 0.0573020726398, 0.714072178282, 0.411275421779, 4.20408529969e-05, 4.90184541369
4.20408529969e-05, 0.122942317112, 0.0499239976735, 0.303250141141, 0.235053030236, 0.666750894632, 0.797895923331, 0.337091829488, 0.440919817923, 0.975795391414, 0.809943416345, 0.359825326399, 0.98676388448, 0.810786347256, 0.480879505108, 0.154820338609, 0.66682784142, 0.395349380745, 0.351484051988, 0.874385931054, 0.0115634002138, 0.615019131321, 0.149173559657, 0.473414296695, 0.221626793203, 0.0343320088869, 0.110468870038, 0.0573020726398, 0.714072178282, 0.411275421779, 4.20408529969e-05, 4.90184541369
0.00345928606395, 0.0168448251937, 0.371137025442, 0.103750083912, 0.221937928722, 0.018272004151, 0.0290486212072, 0.287749872183, 0.0311740956526, 0.0178032588972, 0.125306831282, 0.146905792032, 0.00814384519973, 0.202047069968, 0.14351319793, 0.387394970937, 0.255887594634, 0.4585434834, 0.0422853815607, 0.879198689291, 0.00763066617749, 0.0383245966416, 0.0612591162984, 0.404182770259, 0.816555915538, 0.421300463514, 0.63647719201, 0.0138124385245, 0.781373136707, 0.623545958272, 0.00345928606395, 3.23599349428
0.00345928606395, 0.0168448251937, 0.371137025442, 0.103750083912, 0.221937928722, 0.018272004151, 0.0290486212072, 0.287749872183, 0.0311740956526, 0.0178032588972, 0.125306831282, 0.146905792032, 0.00814384519973, 0.202047069968, 0.14351319793, 0.387394970937, 0.255887594634, 0.4585434834, 0.0422853815607, 0.879198689291, 0.00763066617749, 0.0383245966416, 0.0612591162984, 0.404182770259, 0.816555915538, 0.421300463514, 0.63647719201, 0.0138124385245, 0.781373136707, 0.623545958272, 0.00345928606395, 3.23599349428
0.465124843945, 0.297394937241, 0.138048097268, 0.0144758583415, 0.10716755843, 0.81881064875, 0.185422883014, 0.396109711021, 0.121902349958, 0.00576977640772, 0.0706180863244, 0.0347867550659, 0.538924254529, 0.342542758605, 0.0344462022248, 0.845575779426, 0.000961936696272, 0.803799040032, 0.352506176346, 0.124960950765, 0.189637687409, 0.441877200766, 0.000504542567175, 0.224689846752, 0.0143566896497, 0.019816618256, 0.519962565263, 0.375285318669, 0.140618744962, 0.0669619988365, 0.465124843945, 2.01495409104
0.465124843945, 0.297394937241, 0.138048097268, 0.0144758583415, 0.10716755843, 0.81881064875, 0.185422883014, 0.396109711021, 0.121902349958, 0.00576977640772, 0.0706180863244, 0.0347867550659, 0.538924254529, 0.342542758605, 0.0344462022248, 0.845575779426, 0.000961936696272, 0.803799040032, 0.352506176346, 0.124960950765, 0.189637687409, 0.441877200766, 0.000504542567175, 0.224689846752, 0.0143566896497, 0.019816618256, 0.519962565263, 0.375285318669, 0.140618744962, 0.0669619988365, 0.465124843945, 2.01495409104
0.36377862079, 0.0460798174421, 0.933344772064, 0.103750083912, 0.264377669151, 0.0175395697016, 0.352234314251, 0.0966413874767, 0.0311740956526, 0.0462884004642, 0.125306831282, 0.00599906739102, 0.00854056205382, 0.202047069968, 0.0836514867683, 0.163451440898, 0.102317188305, 0.4585434834, 0.025119116281, 0.879198689291, 0.00763066617749, 0.0842328868744, 0.139851421281, 0.162828253455, 0.816555915538, 0.378933839056, 0.63647719201, 0.092795650511, 0.781373136707, 0.539241944238, 0.36377862079, 2.24952006706
0.36377862079, 0.0460798174421, 0.933344772064, 0.103750083912, 0.264377669151, 0.0175395697016, 0.352234314251, 0.0966413874767, 0.0311740956526, 0.0462884004642, 0.125306831282, 0.00599906739102, 0.00854056205382, 0.202047069968, 0.0836514867683, 0.163451440898, 0.102317188305, 0.4585434834, 0.025119116281, 0.879198689291, 0.00763066617749, 0.0842328868744, 0.139851421281, 0.162828253455, 0.816555915538, 0.378933839056, 0.63647719201, 0.092795650511, 0.781373136707, 0.539241944238, 0.36377862079, 2.24952006706
0.658862828233, 0.50255424828, 0.138048097268, 0.857630243243, 0.10716755843, 0.412932999977, 0.185422883014, 0.396109711021, 0.121902349958, 0.00576977640772, 0.0706180863244, 0.0347867550659, 0.538924254529, 0.342542758605, 0.0877882250655, 0.845575779426, 0.0677391973254, 0.803799040032, 0.10450946132, 0.124960950765, 0.0346547317587, 0.0885035065476, 0.000504542567175, 0.224689846752, 0.307565187007, 0.019816618256, 0.519962565263, 0.157615332925, 0.67145589337, 0.30721723548, 0.658862828233, 1.98756953156
0.658862828233, 0.50255424828, 0.138048097268, 0.857630243243, 0.10716755843, 0.412932999977, 0.185422883014, 0.396109711021, 0.121902349958, 0.00576977640772, 0.0706180863244, 0.0347867550659, 0.538924254529, 0.342542758605, 0.0877882250655, 0.845575779426, 0.0677391973254, 0.803799040032, 0.10450946132, 0.124960950765, 0.0346547317587, 0.0885035065476, 0.000504542567175, 0.224689846752, 0.307565187007, 0.019816618256, 0.519962565263, 0.157615332925, 0.67145589337, 0.30721723548, 0.658862828233, 1.98756953156
0.0111261695224, 0.0168448251937, 0.371137025442, 0.103750083912, 0.221937928722, 0.0176819894568, 0.0290486212072, 0.287749872183, 0.0311740956526, 0.0262813688081, 0.182809894776, 0.00599906739102, 0.0135827712715, 0.202047069968, 0.14351319793, 0.387394970937, 0.102317188305, 0.375022161379, 0.0422853815607, 0.611567132055, 0.00763066617749, 0.0383245966416, 0.121652330621, 0.404182770259, 0.816555915538, 0.421300463514, 0.63647719201, 0.0138124385245, 0.781373136707, 0.623545958272, 0.0111261695224, 2.99568241887
0.0111261695224, 0.0168448251937, 0.371137025442, 0.103750083912, 0.221937928722, 0.0176819894568, 0.0290486212072, 0.287749872183, 0.0311740956526, 0.0262813688081, 0.182809894776, 0.00599906739102, 0.0135827712715, 0.202047069968, 0.14351319793, 0.387394970937, 0.102317188305, 0.375022161379, 0.0422853815607, 0.611567132055, 0.00763066617749, 0.0383245966416, 0.121652330621, 0.404182770259, 0.816555915538, 0.421300463514, 0.63647719201, 0.0138124385245, 0.781373136707, 0.623545958272, 0.0111261695224, 2.99568241887
0.167598481941, 0.0460798174421, 0.409260174879, 0.103750083912, 0.242113487223, 0.018272004151, 0.00176910122165, 0.189073416368, 0.428179840073, 0.0462884004642, 0.125306831282, 0.00599906739102, 0.00828737756677, 0.202047069968, 0.077247872665, 0.45598772003, 0.102317188305, 0.4585434834, 0.025119116281, 0.801386377104, 0.00763066617749, 0.0842328868744, 0.0497421178243, 0.404182770259, 0.816555915538, 0.421300463514, 0.193394282084, 0.092795650511, 0.781373136707, 0.418257074506, 0.167598481941, 2.44777246377
0.167598481941, 0.0460798174421, 0.409260174879, 0.103750083912, 0.242113487223, 0.018272004151, 0.00176910122165, 0.189073416368, 0.428179840073, 0.0462884004642, 0.125306831282, 0.00599906739102, 0.00828737756677, 0.202047069968, 0.077247872665, 0.45598772003, 0.102317188305, 0.4585434834, 0.025119116281, 0.801386377104, 0.00763066617749, 0.0842328868744, 0.0497421178243, 0.404182770259, 0.816555915538, 0.421300463514, 0.193394282084, 0.092795650511, 0.781373136707, 0.418257074506, 0.167598481941, 2.44777246377
0.000604006208175, 0.982278636055, 0.997544107036, 0.0144758583415, 0.265060786715, 0.20144860814, 0.548855056039, 0.0981233759098, 0.0445631695499, 0.201718565144, 0.459836655991, 0.270385621203, 0.00674973116283, 0.202047069968, 0.015760344432, 0.279128904839, 0.102317188305, 0.183980404377, 0.244109322124, 0.00540011317251, 0.189637687409, 0.145443835092, 0.0533027065269, 0.0770437696346, 0.162693096271, 0.0986260634806, 0.0426864649829, 0.401956123725, 0.188527263339, 0.888359411485, 0.000604006208175, 3.24331722946
0.000604006208175, 0.982278636055, 0.997544107036, 0.0144758583415, 0.265060786715, 0.20144860814, 0.548855056039, 0.0981233759098, 0.0445631695499, 0.201718565144, 0.459836655991, 0.270385621203, 0.00674973116283, 0.202047069968, 0.015760344432, 0.279128904839, 0.102317188305, 0.183980404377, 0.244109322124, 0.00540011317251, 0.189637687409, 0.145443835092, 0.0533027065269, 0.0770437696346, 0.162693096271, 0.0986260634806, 0.0426864649829, 0.401956123725, 0.188527263339, 0.888359411485, 0.000604006208175, 3.24331722946
0.000401360713177, 0.383393092848, 0.0666943476932, 0.0508937832166, 0.165022334703, 0.0297872114854, 0.0413447885893, 0.174488520484, 0.31793233961, 0.975795391414, 0.690229528167, 0.359825326399, 0.832742628485, 0.0264667281864, 0.480879505108, 0.393472553118, 0.748444143964, 0.395349380745, 0.0145128212343, 0.874385931054, 0.00247673761494, 0.760338220256, 0.845890472598, 0.367794256388, 0.139472115526, 0.0344010473922, 0.0691071649604, 0.0573020726398, 0.810133560617, 0.610069998552, 0.000401360713177, 4.28480528109
0.000401360713177, 0.383393092848, 0.0666943476932, 0.0508937832166, 0.165022334703, 0.0297872114854, 0.0413447885893, 0.174488520484, 0.31793233961, 0.975795391414, 0.690229528167, 0.359825326399, 0.832742628485, 0.0264667281864, 0.480879505108, 0.393472553118, 0.748444143964, 0.395349380745, 0.0145128212343, 0.874385931054, 0.00247673761494, 0.760338220256, 0.845890472598, 0.367794256388, 0.139472115526, 0.0344010473922, 0.0691071649604, 0.0573020726398, 0.810133560617, 0.610069998552, 0.000401360713177, 4.28480528109
0.784162452339, 0.543714139008, 0.0539718996371, 0.047695728633, 0.0337638262379, 0.107551473208, 0.273080284664, 0.175892869005, 0.455637364906, 0.01672201214, 0.183539451706, 0.0412126783337, 0.0583213654581, 0.156378185082, 0.0590353542188, 0.946812835855, 0.258665788738, 0.164269796921, 0.110762703668, 0.00205237705425, 0.341566943403, 0.447134322687, 0.00801691640063, 0.329629230209, 0.137759106565, 0.433653137647, 0.28574803579, 0.00401103670867, 0.216616409242, 0.54155916161, 0.784162452339, 1.46398426718
0.784162452339, 0.543714139008, 0.0539718996371, 0.047695728633, 0.0337638262379, 0.107551473208, 0.273080284664, 0.175892869005, 0.455637364906, 0.01672201214, 0.183539451706, 0.0412126783337, 0.0583213654581, 0.156378185082, 0.0590353542188, 0.946812835855, 0.258665788738, 0.164269796921, 0.110762703668, 0.00205237705425, 0.341566943403, 0.447134322687, 0.00801691640063, 0.329629230209, 0.137759106565, 0.433653137647, 0.28574803579, 0.00401103670867, 0.216616409242, 0.54155916161, 0.784162452339, 1.46398426718
0.132261548387, 0.0168448251937, 0.930357136558, 0.103750083912, 0.221937928722, 0.018272004151, 0.210492419203, 0.0204814477348, 0.0311740956526, 0.0462884004642, 0.125306831282, 0.00599906739102, 0.0135827712715, 0.202047069968, 0.13719658525, 0.387394970937, 0.102317188305, 0.4585434834, 0.025119116281, 0.441385401755, 0.00763066617749, 0.525500657775, 0.0917682457763, 0.208760264216, 0.632413577778, 0.591904981113, 0.63647719201, 0.0829026026203, 0.781373136707, 0.623545958272, 0.132261548387, 2.71470860117
0.132261548387, 0.0168448251937, 0.930357136558, 0.103750083912, 0.221937928722, 0.018272004151, 0.210492419203, 0.0204814477348, 0.0311740956526, 0.0462884004642, 0.125306831282, 0.00599906739102, 0.0135827712715, 0.202047069968, 0.13719658525, 0.387394970937, 0.102317188305, 0.4585434834, 0.025119116281, 0.441385401755, 0.00763066617749, 0.525500657775, 0.0917682457763, 0.208760264216, 0.632413577778, 0.591904981113, 0.63647719201, 0.0829026026203, 0.781373136707, 0.623545958272, 0.132261548387, 2.71470860117
0.000166645952213, 0.388451934881, 0.0246838597918, 0.561776009268, 0.235053030236, 0.666750894632, 0.877093714695, 0.337091829488, 0.440919817923, 0.975795391414, 0.262761891041, 0.359825326399, 0.98676388448, 0.0387134004659, 0.480879505108, 0.154820338609, 0.66682784142, 0.133915265791, 0.351484051988, 0.874385931054, 0.0115634002138, 0.0744104555007, 0.149173559657, 0.875292815863, 0.532684471094, 0.215900989174, 0.0921679997773, 0.47052158945, 0.714072178282, 0.411275421779, 0.000166645952213, 4.80903884464
0.000166645952213, 0.388451934881, 0.0246838597918, 0.561776009268, 0.235053030236, 0.666750894632, 0.877093714695, 0.337091829488, 0.440919817923, 0.975795391414, 0.262761891041, 0.359825326399, 0.98676388448, 0.0387134004659, 0.480879505108, 0.154820338609, 0.66682784142, 0.133915265791, 0.351484051988, 0.874385931054, 0.0115634002138, 0.0744104555007, 0.149173559657, 0.875292815863, 0.532684471094, 0.215900989174, 0.0921679997773, 0.47052158945, 0.714072178282, 0.411275421779, 0.000166645952213, 4.80903884464
0.253441676374, 0.0460798174421, 0.930357136558, 0.121408046999, 0.212764599287, 0.111966813712, 0.0531065383976, 0.379518300905, 0.424197703771, 0.129744522933, 0.125306831282, 0.0101161387743, 0.0884218807422, 0.0356204217039, 0.120855047421, 0.387394970937, 0.102317188305, 0.4585434834, 9.01089264033e-05, 0.0427240574518, 0.054504678166, 0.061067449741, 0.0572084452233, 0.90361056986, 0.837906890004, 0.0497476398663, 0.228812987024, 0.0739000301498, 0.781373136707, 0.439682046022, 0.253441676374, 2.34732817439
0.253441676374, 0.0460798174421, 0.930357136558, 0.121408046999, 0.212764599287, 0.111966813712, 0.0531065383976, 0.379518300905, 0.424197703771, 0.129744522933, 0.125306831282, 0.0101161387743, 0.0884218807422, 0.0356204217039, 0.120855047421, 0.387394970937, 0.102317188305, 0.4585434834, 9.01089264033e-05, 0.0427240574518, 0.054504678166, 0.061067449741, 0.0572084452233, 0.90361056986, 0.837906890004, 0.0497476398663, 0.228812987024, 0.0739000301498, 0.781373136707, 0.439682046022, 0.253441676374, 2.34732817439
0.697501351452, 0.270765337234, 0.518186211038, 0.047695728633, 0.0337638262379, 0.107551473208, 0.273080284664, 0.175892869005, 0.455637364906, 0.01672201214, 0.616988592636, 0.027298317774, 0.671624474699, 0.156378185082, 0.0867680638782, 0.946812835855, 0.258665788738, 0.4585434834, 0.110762703668, 0.00205237705425, 0.0576470846936, 0.015820668553, 0.00801691640063, 0.108510075877, 0.0079123934664, 0.433653137647, 0.28574803579, 0.234036903807, 0.216616409242, 0.699471111242, 0.697501351452, 1.75693711945
0.697501351452, 0.270765337234, 0.518186211038, 0.047695728633, 0.0337638262379, 0.107551473208, 0.273080284664, 0.175892869005, 0.455637364906, 0.01672201214, 0.616988592636, 0.027298317774, 0.671624474699, 0.156378185082, 0.0867680638782, 0.946812835855, 0.258665788738, 0.4585434834, 0.110762703668, 0.00205237705425, 0.0576470846936, 0.015820668553, 0.00801691640063, 0.108510075877, 0.0079123934664, 0.433653137647, 0.28574803579, 0.234036903807, 0.216616409242, 0.699471111242, 0.697501351452, 1.75693711945
0.416190320436, 0.0460798174421, 0.438842014879, 0.583939854804, 0.0841145774334, 0.111966813712, 0.0513240873285, 0.51915845598, 0.145839594847, 0.21699123347, 0.00596639199378, 0.0130229744169, 0.3323654797, 0.0552481775521, 0.14351319793, 0.10853241378, 0.102317188305, 0.505742614387, 0.025119116281, 0.19953393753, 0.054504678166, 0.0842328868744, 0.0312235162275, 0.510265324655, 0.665532864799, 0.0497476398663, 0.576621797482, 0.0163552980751, 0.781373136707, 0.855340896928, 0.416190320436, 2.10350039965
0.416190320436, 0.0460798174421, 0.438842014879, 0.583939854804, 0.0841145774334, 0.111966813712, 0.0513240873285, 0.51915845598, 0.145839594847, 0.21699123347, 0.00596639199378, 0.0130229744169, 0.3323654797, 0.0552481775521, 0.14351319793, 0.10853241378, 0.102317188305, 0.505742614387, 0.025119116281, 0.19953393753, 0.054504678166, 0.0842328868744, 0.0312235162275, 0.510265324655, 0.665532864799, 0.0497476398663, 0.576621797482, 0.0163552980751, 0.781373136707, 0.855340896928, 0.416190320436, 2.10350039965
0.861881521829, 0.612428316413, 0.0601601185718, 0.566260301674, 0.269678932008, 0.346805256229, 0.211795863927, 0.00148941796274, 0.0118483425489, 0.500266095987, 0.0482076528828, 0.997083007519, 0.0594070312362, 0.305518933359, 0.0416576341542, 0.00897971705102, 0.115585341294, 0.000886464341146, 0.232988033322, 0.0134900681104, 0.00247364191424, 0.0403770875899, 0.5624458272, 0.996999897201, 0.091876998335, 0.00788868074344, 0.29180485442, 0.00278274799802, 0.116935513124, 0.0262170188084, 0.861881521829, 1.41472066966
0.861881521829, 0.612428316413, 0.0601601185718, 0.566260301674, 0.269678932008, 0.346805256229, 0.211795863927, 0.00148941796274, 0.0118483425489, 0.500266095987, 0.0482076528828, 0.997083007519, 0.0594070312362, 0.305518933359, 0.0416576341542, 0.00897971705102, 0.115585341294, 0.000886464341146, 0.232988033322, 0.0134900681104, 0.00247364191424, 0.0403770875899, 0.5624458272, 0.996999897201, 0.091876998335, 0.00788868074344, 0.29180485442, 0.00278274799802, 0.116935513124, 0.0262170188084, 0.861881521829, 1.41472066966
4.64689100033e-06, 0.435189748686, 0.159519145536, 0.14293986484, 0.741155164328, 0.872336872575, 0.165949531288, 0.171496522519, 0.375137339235, 0.65983284895, 0.668574039906, 0.979627773496, 0.982683355858, 4.35148124767e-05, 0.99410897241, 0.72979459188, 0.057616765552, 0.828828230716, 0.126674168668, 0.486954415422, 0.953212557553, 0.579921907911, 0.899478819764, 0.961426628554, 0.273114027588, 0.0466382414657, 0.0910180137853, 0.191077212839, 0.443638261641, 0.411275421779, 4.64689100033e-06, 5.47300205275
4.64689100033e-06, 0.435189748686, 0.159519145536, 0.14293986484, 0.741155164328, 0.872336872575, 0.165949531288, 0.171496522519, 0.375137339235, 0.65983284895, 0.668574039906, 0.979627773496, 0.982683355858, 4.35148124767e-05, 0.99410897241, 0.72979459188, 0.057616765552, 0.828828230716, 0.126674168668, 0.486954415422, 0.953212557553, 0.579921907911, 0.899478819764, 0.961426628554, 0.273114027588, 0.0466382414657, 0.0910180137853, 0.191077212839, 0.443638261641, 0.411275421779, 4.64689100033e-06, 5.47300205275
0.000193896232633, 0.472913104653, 0.0666943476932, 0.354382947749, 0.235053030236, 0.043151241645, 0.0113024067065, 0.0227899028676, 0.440919817923, 0.891761876221, 0.690229528167, 0.150274874813, 0.941128349364, 0.0512112178062, 0.492571241382, 0.393472553118, 0.772987914686, 0.395349380745, 0.101539418535, 0.862567226024, 0.00292812235742, 0.760338220256, 0.845890472598, 0.110386433929, 0.26857302736, 0.169476391218, 0.0691071649604, 0.0573020726398, 0.714072178282, 0.790654433726, 0.000193896232633, 4.43991588042
0.000193896232633, 0.472913104653, 0.0666943476932, 0.354382947749, 0.235053030236, 0.043151241645, 0.0113024067065, 0.0227899028676, 0.440919817923, 0.891761876221, 0.690229528167, 0.150274874813, 0.941128349364, 0.0512112178062, 0.492571241382, 0.393472553118, 0.772987914686, 0.395349380745, 0.101539418535, 0.862567226024, 0.00292812235742, 0.760338220256, 0.845890472598, 0.110386433929, 0.26857302736, 0.169476391218, 0.0691071649604, 0.0573020726398, 0.714072178282, 0.790654433726, 0.000193896232633, 4.43991588042
0.742880415178, 0.169542712322, 0.138048097268, 0.857630243243, 0.10716755843, 0.261827816903, 0.185422883014, 0.208980727179, 0.121902349958, 0.00576977640772, 0.0706180863244, 0.0347867550659, 0.538924254529, 0.342542758605, 0.0344462022248, 0.845575779426, 0.000697281246633, 0.788389155112, 0.10450946132, 0.124960950765, 0.0338617145534, 0.151442914292, 0.000183210622095, 0.0618942837603, 0.103179556563, 0.0135490941477, 0.806250256859, 0.157615332925, 0.120305090786, 0.30721723548, 0.742880415178, 1.56619655905
0.742880415178, 0.169542712322, 0.138048097268, 0.857630243243, 0.10716755843, 0.261827816903, 0.185422883014, 0.208980727179, 0.121902349958, 0.00576977640772, 0.0706180863244, 0.0347867550659, 0.538924254529, 0.342542758605, 0.0344462022248, 0.845575779426, 0.000697281246633, 0.788389155112, 0.10450946132, 0.124960950765, 0.0338617145534, 0.151442914292, 0.000183210622095, 0.0618942837603, 0.103179556563, 0.0135490941477, 0.806250256859, 0.157615332925, 0.120305090786, 0.30721723548, 0.742880415178, 1.56619655905
8.54045859464e-05, 0.118188707817, 0.159519145536, 0.0888155974134, 0.335703794689, 0.76701858351, 0.597016367266, 0.179272240436, 0.440919817923, 0.484810948688, 0.668574039906, 0.12437172744, 0.991195363731, 0.00313377348082, 0.99410897241, 0.72979459188, 0.66682784142, 0.828828230716, 0.559991107915, 0.324126289229, 0.00369355245973, 0.579921907911, 0.997102998374, 0.958658729114, 0.273114027588, 0.531754723256, 0.310450105429, 0.0394683949998, 0.676671148097, 0.439663774025, 8.54045859464e-05, 5.28403968531
8.54045859464e-05, 0.118188707817, 0.159519145536, 0.0888155974134, 0.335703794689, 0.76701858351, 0.597016367266, 0.179272240436, 0.440919817923, 0.484810948688, 0.668574039906, 0.12437172744, 0.991195363731, 0.00313377348082, 0.99410897241, 0.72979459188, 0.66682784142, 0.828828230716, 0.559991107915, 0.324126289229, 0.00369355245973, 0.579921907911, 0.997102998374, 0.958658729114, 0.273114027588, 0.531754723256, 0.310450105429, 0.0394683949998, 0.676671148097, 0.439663774025, 8.54045859464e-05, 5.28403968531
0.465124843945, 0.297394937241, 0.138048097268, 0.0144758583415, 0.10716755843, 0.81881064875, 0.185422883014, 0.396109711021, 0.121902349958, 0.00576977640772, 0.0706180863244, 0.0347867550659, 0.538924254529, 0.342542758605, 0.0344462022248, 0.860035271693, 0.000961936696272, 0.803799040032, 0.463845545691, 0.124960950765, 0.189637687409, 0.441877200766, 0.000504542567175, 0.224689846752, 0.0143566896497, 0.019816618256, 0.519962565263, 0.375285318669, 0.140618744962, 0.0669619988365, 0.465124843945, 2.04662471497
0.465124843945, 0.297394937241, 0.138048097268, 0.0144758583415, 0.10716755843, 0.81881064875, 0.185422883014, 0.396109711021, 0.121902349958, 0.00576977640772, 0.0706180863244, 0.0347867550659, 0.538924254529, 0.342542758605, 0.0344462022248, 0.860035271693, 0.000961936696272, 0.803799040032, 0.463845545691, 0.124960950765, 0.189637687409, 0.441877200766, 0.000504542567175, 0.224689846752, 0.0143566896497, 0.019816618256, 0.519962565263, 0.375285318669, 0.140618744962, 0.0669619988365, 0.465124843945, 2.04662471497
0.36377862079, 0.0460798174421, 0.933344772064, 0.103750083912, 0.264377669151, 0.0175395697016, 0.352234314251, 0.189073416368, 0.018457654301, 0.119728926, 0.125306831282, 0.00599906739102, 0.00854056205382, 0.202047069968, 0.0836514867683, 0.163451440898, 0.102317188305, 0.4585434834, 0.025119116281, 0.879198689291, 0.00763066617749, 0.0842328868744, 0.139851421281, 0.162828253455, 0.816555915538, 0.378933839056, 0.63647719201, 0.092795650511, 0.781373136707, 0.539241944238, 0.36377862079, 2.28925212777
0.36377862079, 0.0460798174421, 0.933344772064, 0.103750083912, 0.264377669151, 0.0175395697016, 0.352234314251, 0.189073416368, 0.018457654301, 0.119728926, 0.125306831282, 0.00599906739102, 0.00854056205382, 0.202047069968, 0.0836514867683, 0.163451440898, 0.102317188305, 0.4585434834, 0.025119116281, 0.879198689291, 0.00763066617749, 0.0842328868744, 0.139851421281, 0.162828253455, 0.816555915538, 0.378933839056, 0.63647719201, 0.092795650511, 0.781373136707, 0.539241944238, 0.36377862079, 2.28925212777
0.0111261695224, 0.0168448251937, 0.930357136558, 0.103750083912, 0.221937928722, 0.018272004151, 0.0513240873285, 0.105881474121, 0.0311740956526, 0.00328659391763, 0.125306831282, 0.00599906739102, 0.0135827712715, 0.186328666607, 0.14351319793, 0.387394970937, 0.102317188305, 0.4585434834, 0.025119116281, 0.441385401755, 0.00763066617749, 0.196382481421, 0.139851421281, 0.208760264216, 0.632413577778, 0.421300463514, 0.63647719201, 0.092795650511, 0.985609857196, 0.623545958272, 0.0111261695224, 3.0800538555
0.0111261695224, 0.0168448251937, 0.930357136558, 0.103750083912, 0.221937928722, 0.018272004151, 0.0513240873285, 0.105881474121, 0.0311740956526, 0.00328659391763, 0.125306831282, 0.00599906739102, 0.0135827712715, 0.186328666607, 0.14351319793, 0.387394970937, 0.102317188305, 0.4585434834, 0.025119116281, 0.441385401755, 0.00763066617749, 0.196382481421, 0.139851421281, 0.208760264216, 0.632413577778, 0.421300463514, 0.63647719201, 0.092795650511, 0.985609857196, 0.623545958272, 0.0111261695224, 3.0800538555
0.167598481941, 0.0460798174421, 0.409260174879, 0.103750083912, 0.242113487223, 0.018272004151, 0.0513240873285, 0.189073416368, 0.428179840073, 0.0462884004642, 0.125306831282, 0.00599906739102, 0.327473938673, 0.202047069968, 0.077247872665, 0.600924208712, 0.102317188305, 0.4585434834, 0.025119116281, 0.801386377104, 0.00763066617749, 0.0842328868744, 0.139851421281, 0.240965696196, 0.466640508462, 0.40569050317, 0.193394282084, 0.092795650511, 0.781373136707, 0.418257074506, 0.167598481941, 2.46839274619
0.167598481941, 0.0460798174421, 0.409260174879, 0.103750083912, 0.242113487223, 0.018272004151, 0.0513240873285, 0.189073416368, 0.428179840073, 0.0462884004642, 0.125306831282, 0.00599906739102, 0.327473938673, 0.202047069968, 0.077247872665, 0.600924208712, 0.102317188305, 0.4585434834, 0.025119116281, 0.801386377104, 0.00763066617749, 0.0842328868744, 0.139851421281, 0.240965696196, 0.466640508462, 0.40569050317, 0.193394282084, 0.092795650511, 0.781373136707, 0.418257074506, 0.167598481941, 2.46839274619
0.000604006208175, 0.0168448251937, 0.371137025442, 0.103750083912, 0.197861620654, 0.018272004151, 0.0206255736362, 0.11514309643, 0.0311740956526, 0.0891616411722, 0.125306831282, 0.0047388583033, 0.0135827712715, 0.202047069968, 0.14351319793, 0.387394970937, 0.102317188305, 0.4585434834, 0.0422853815607, 0.879198689291, 0.00763066617749, 0.0383245966416, 0.121652330621, 0.640192835604, 0.816555915538, 0.421300463514, 0.63647719201, 0.092795650511, 0.781373136707, 0.623545958272, 0.000604006208175, 3.28360131349
0.000604006208175, 0.0168448251937, 0.371137025442, 0.103750083912, 0.197861620654, 0.018272004151, 0.0206255736362, 0.11514309643, 0.0311740956526, 0.0891616411722, 0.125306831282, 0.0047388583033, 0.0135827712715, 0.202047069968, 0.14351319793, 0.387394970937, 0.102317188305, 0.4585434834, 0.0422853815607, 0.879198689291, 0.00763066617749, 0.0383245966416, 0.121652330621, 0.640192835604, 0.816555915538, 0.421300463514, 0.63647719201, 0.092795650511, 0.781373136707, 0.623545958272, 0.000604006208175, 3.28360131349
0.000401360713177, 0.383393092848, 0.0666943476932, 0.0508937832166, 0.235053030236, 0.043151241645, 0.0413447885893, 0.174488520484, 0.174143977773, 0.975795391414, 0.605757305888, 0.359825326399, 0.832742628485, 0.0264667281864, 0.480879505108, 0.393472553118, 0.748444143964, 0.395349380745, 0.101539418535, 0.874385931054, 0.00247673761494, 0.760338220256, 0.80996559882, 0.331634090179, 0.139472115526, 0.169476391218, 0.0691071649604, 0.0573020726398, 0.867782619431, 0.610069998552, 0.000401360713177, 4.30420121441
0.000401360713177, 0.383393092848, 0.0666943476932, 0.0508937832166, 0.235053030236, 0.043151241645, 0.0413447885893, 0.174488520484, 0.174143977773, 0.975795391414, 0.605757305888, 0.359825326399, 0.832742628485, 0.0264667281864, 0.480879505108, 0.393472553118, 0.748444143964, 0.395349380745, 0.101539418535, 0.874385931054, 0.00247673761494, 0.760338220256, 0.80996559882, 0.331634090179, 0.139472115526, 0.169476391218, 0.0691071649604, 0.0573020726398, 0.867782619431, 0.610069998552, 0.000401360713177, 4.30420121441
0.14545761557, 0.039134643365, 0.52097405746, 0.886266581437, 0.554623354746, 0.721483986076, 0.0513240873285, 0.193264621024, 0.229212842601, 0.500266095987, 0.499494525086, 0.811491384847, 0.0594070312362, 0.233587244881, 0.0310731917156, 0.350816858082, 0.559722849965, 0.0676557259241, 0.182518632095, 0.153655632639, 0.00792758251196, 0.0175712831409, 0.632932458621, 0.946840209405, 0.0600052752881, 0.000432498550291, 0.359150271614, 0.00278274799802, 0.170792560173, 0.00803061626119, 0.14545761557, 3.00901694878
0.14545761557, 0.039134643365, 0.52097405746, 0.886266581437, 0.554623354746, 0.721483986076, 0.0513240873285, 0.193264621024, 0.229212842601, 0.500266095987, 0.499494525086, 0.811491384847, 0.0594070312362, 0.233587244881, 0.0310731917156, 0.350816858082, 0.559722849965, 0.0676557259241, 0.182518632095, 0.153655632639, 0.00792758251196, 0.0175712831409, 0.632932458621, 0.946840209405, 0.0600052752881, 0.000432498550291, 0.359150271614, 0.00278274799802, 0.170792560173, 0.00803061626119, 0.14545761557, 3.00901694878
0.000166645952213, 0.388451934881, 0.0499239976735, 0.561776009268, 0.235053030236, 0.666750894632, 0.939422855878, 0.337091829488, 0.440919817923, 0.975795391414, 0.262761891041, 0.359825326399, 0.98676388448, 0.0387134004659, 0.480879505108, 0.154820338609, 0.66682784142, 0.349698502988, 0.351484051988, 0.874385931054, 0.0115634002138, 0.0744104555007, 0.149173559657, 0.875292815863, 0.532684471094, 0.0650150560234, 0.0921679997773, 0.47052158945, 0.714072178282, 0.411275421779, 0.000166645952213, 4.85621753737
0.000166645952213, 0.388451934881, 0.0499239976735, 0.561776009268, 0.235053030236, 0.666750894632, 0.939422855878, 0.337091829488, 0.440919817923, 0.975795391414, 0.262761891041, 0.359825326399, 0.98676388448, 0.0387134004659, 0.480879505108, 0.154820338609, 0.66682784142, 0.349698502988, 0.351484051988, 0.874385931054, 0.0115634002138, 0.0744104555007, 0.149173559657, 0.875292815863, 0.532684471094, 0.0650150560234, 0.0921679997773, 0.47052158945, 0.714072178282, 0.411275421779, 0.000166645952213, 4.85621753737
0.253441676374, 0.0460798174421, 0.930357136558, 0.121408046999, 0.212764599287, 0.111966813712, 0.0531065383976, 0.397330192097, 0.29097158235, 0.138683753358, 0.125306831282, 0.0101161387743, 0.0884218807422, 0.0552481775521, 0.120855047421, 0.387394970937, 0.102317188305, 0.4585434834, 9.01089264033e-05, 0.0427240574518, 0.054504678166, 0.061067449741, 0.274429597618, 0.90361056986, 0.665532864799, 0.0497476398663, 0.576621797482, 0.0693536941889, 0.781373136707, 0.439682046022, 0.253441676374, 2.42787273473
0.253441676374, 0.0460798174421, 0.930357136558, 0.121408046999, 0.212764599287, 0.111966813712, 0.0531065383976, 0.397330192097, 0.29097158235, 0.138683753358, 0.125306831282, 0.0101161387743, 0.0884218807422, 0.0552481775521, 0.120855047421, 0.387394970937, 0.102317188305, 0.4585434834, 9.01089264033e-05, 0.0427240574518, 0.054504678166, 0.061067449741, 0.274429597618, 0.90361056986, 0.665532864799, 0.0497476398663, 0.576621797482, 0.0693536941889, 0.781373136707, 0.439682046022, 0.253441676374, 2.42787273473
0.286570983244, 0.62347881941, 0.0878443966399, 0.14200871076, 0.0615846409528, 0.0340347891083, 0.194746623862, 0.0336722546488, 0.156828029921, 0.01672201214, 0.285966632876, 0.0412126783337, 0.136855414007, 0.113876398021, 0.0867680638782, 0.95095610691, 0.816048877753, 0.463451770729, 0.405589535686, 0.135061650251, 0.0576470846936, 0.49357230006, 0.172988431837, 0.0101916883403, 0.597359715072, 0.0266009397302, 0.28574803579, 0.0174898579002, 0.418351385974, 0.699471111242, 0.286570983244, 2.3685828749
0.286570983244, 0.62347881941, 0.0878443966399, 0.14200871076, 0.0615846409528, 0.0340347891083, 0.194746623862, 0.0336722546488, 0.156828029921, 0.01672201214, 0.285966632876, 0.0412126783337, 0.136855414007, 0.113876398021, 0.0867680638782, 0.95095610691, 0.816048877753, 0.463451770729, 0.405589535686, 0.135061650251, 0.0576470846936, 0.49357230006, 0.172988431837, 0.0101916883403, 0.597359715072, 0.0266009397302, 0.28574803579, 0.0174898579002, 0.418351385974, 0.699471111242, 0.286570983244, 2.3685828749
0.697501351452, 0.270765337234, 0.0539718996371, 0.047695728633, 0.0307909944929, 0.107551473208, 0.273080284664, 0.650263516656, 0.455637364906, 0.01672201214, 0.616988592636, 0.529478479065, 0.0583213654581, 0.156378185082, 0.0867680638782, 0.96316557718, 0.258665788738, 0.4585434834, 0.110762703668, 0.00205237705425, 0.0576470846936, 0.139070741631, 0.246530756351, 0.329629230209, 0.0079123934664, 0.433653137647, 0.414285111771, 0.00401103670867, 0.216616409242, 0.699471111242, 0.697501351452, 1.85117412377
0.697501351452, 0.270765337234, 0.0539718996371, 0.047695728633, 0.0307909944929, 0.107551473208, 0.273080284664, 0.650263516656, 0.455637364906, 0.01672201214, 0.616988592636, 0.529478479065, 0.0583213654581, 0.156378185082, 0.0867680638782, 0.96316557718, 0.258665788738, 0.4585434834, 0.110762703668, 0.00205237705425, 0.0576470846936, 0.139070741631, 0.246530756351, 0.329629230209, 0.0079123934664, 0.433653137647, 0.414285111771, 0.00401103670867, 0.216616409242, 0.699471111242, 0.697501351452, 1.85117412377
0.720116865937, 0.0504154405305, 0.576975189236, 0.047695728633, 0.016424816859, 0.0640195195482, 0.194746623862, 0.000116344843081, 0.455637364906, 0.01672201214, 0.839742379846, 0.0412126783337, 0.0583213654581, 0.28978429429, 0.0625452682922, 0.982123021058, 0.258665788738, 0.395349380745, 0.0797458074886, 0.135061650251, 0.221685725474, 0.10107866634, 0.129862346896, 0.473414296695, 0.0476183224008, 0.0417014768773, 0.475190228223, 0.0972239219263, 0.511343924261, 0.742091206454, 0.720116865937, 1.75735376249
0.720116865937, 0.0504154405305, 0.576975189236, 0.047695728633, 0.016424816859, 0.0640195195482, 0.194746623862, 0.000116344843081, 0.455637364906, 0.01672201214, 0.839742379846, 0.0412126783337, 0.0583213654581, 0.28978429429, 0.0625452682922, 0.982123021058, 0.258665788738, 0.395349380745, 0.0797458074886, 0.135061650251, 0.221685725474, 0.10107866634, 0.129862346896, 0.473414296695, 0.0476183224008, 0.0417014768773, 0.475190228223, 0.0972239219263, 0.511343924261, 0.742091206454, 0.720116865937, 1.75735376249
0.416190320436, 0.0460798174421, 0.930357136558, 0.902878415958, 0.0841145774334, 0.067666609877, 0.0513240873285, 0.51915845598, 0.145839594847, 0.21699123347, 0.00596639199378, 0.0130229744169, 0.3323654797, 0.0552481775521, 0.14351319793, 0.059681238739, 0.102317188305, 0.505742614387, 0.025119116281, 0.19953393753, 0.054504678166, 0.0842328868744, 0.0312235162275, 0.510265324655, 0.665532864799, 0.0497476398663, 0.576621797482, 0.0163552980751, 0.562738270094, 0.855340896928, 0.416190320436, 2.23097321551
0.416190320436, 0.0460798174421, 0.930357136558, 0.902878415958, 0.0841145774334, 0.067666609877, 0.0513240873285, 0.51915845598, 0.145839594847, 0.21699123347, 0.00596639199378, 0.0130229744169, 0.3323654797, 0.0552481775521, 0.14351319793, 0.059681238739, 0.102317188305, 0.505742614387, 0.025119116281, 0.19953393753, 0.054504678166, 0.0842328868744, 0.0312235162275, 0.510265324655, 0.665532864799, 0.0497476398663, 0.576621797482, 0.0163552980751, 0.562738270094, 0.855340896928, 0.416190320436, 2.23097321551
0.894930414899, 0.0956628385405, 0.0601601185718, 0.566260301674, 0.291013190522, 0.335071346502, 0.211795863927, 0.210381155317, 0.0274043747721, 0.500266095987, 0.945391920995, 0.386988100291, 0.0594070312362, 0.305518933359, 0.0416576341542, 0.00897971705102, 0.0702871248327, 0.00282718329898, 0.232988033322, 0.0134900681104, 0.210404600781, 0.0403770875899, 0.5624458272, 0.996999897201, 0.091876998335, 0.00788868074344, 0.474632221744, 0.00278274799802, 0.116935513124, 0.000732315479602, 0.894930414899, 1.45800013792
0.894930414899, 0.0956628385405, 0.0601601185718, 0.566260301674, 0.291013190522, 0.335071346502, 0.211795863927, 0.210381155317, 0.0274043747721, 0.500266095987, 0.945391920995, 0.386988100291, 0.0594070312362, 0.305518933359, 0.0416576341542, 0.00897971705102, 0.0702871248327, 0.00282718329898, 0.232988033322, 0.0134900681104, 0.210404600781, 0.0403770875899, 0.5624458272, 0.996999897201, 0.091876998335, 0.00788868074344, 0.474632221744, 0.00278274799802, 0.116935513124, 0.000732315479602, 0.894930414899, 1.45800013792
0.861881521829, 0.612428316413, 0.00963716947978, 0.566260301674, 0.0685016705786, 0.346805256229, 0.255884738171, 0.000185683796562, 0.0274043747721, 0.500266095987, 0.0990160083411, 0.999452817679, 0.0594070312362, 0.305518933359, 0.0416576341542, 0.0534545242161, 0.115585341294, 0.00282718329898, 0.35372648678, 0.153655632639, 0.00132778386292, 0.0293621823655, 0.0203020224014, 0.996999897201, 0.091876998335, 0.00567818474646, 0.438914115927, 0.0680940278927, 0.511967292282, 0.00803061626119, 0.861881521829, 1.4602991345
0.861881521829, 0.612428316413, 0.00963716947978, 0.566260301674, 0.0685016705786, 0.346805256229, 0.255884738171, 0.000185683796562, 0.0274043747721, 0.500266095987, 0.0990160083411, 0.999452817679, 0.0594070312362, 0.305518933359, 0.0416576341542, 0.0534545242161, 0.115585341294, 0.00282718329898, 0.35372648678, 0.153655632639, 0.00132778386292, 0.0293621823655, 0.0203020224014, 0.996999897201, 0.091876998335, 0.00567818474646, 0.438914115927, 0.0680940278927, 0.511967292282, 0.00803061626119, 0.861881521829, 1.4602991345
1.73951255175e-05, 0.865185806895, 0.159519145536, 0.234554528393, 0.335703794689, 0.872336872575, 0.597016367266, 0.179272240436, 0.440919817923, 0.484810948688, 0.767728881982, 0.106412949686, 0.991195363731, 0.00313377348082, 0.99410897241, 0.216135130573, 0.687839940575, 0.828828230716, 0.559991107915, 0.486954415422, 0.00369355245973, 0.589012711475, 0.998310495617, 0.958658729114, 0.273114027588, 0.531754723256, 0.439254015948, 0.0330717556251, 0.443638261641, 0.411275421779, 1.73951255175e-05, 5.48818219538
1.73951255175e-05, 0.865185806895, 0.159519145536, 0.234554528393, 0.335703794689, 0.872336872575, 0.597016367266, 0.179272240436, 0.440919817923, 0.484810948688, 0.767728881982, 0.106412949686, 0.991195363731, 0.00313377348082, 0.99410897241, 0.216135130573, 0.687839940575, 0.828828230716, 0.559991107915, 0.486954415422, 0.00369355245973, 0.589012711475, 0.998310495617, 0.958658729114, 0.273114027588, 0.531754723256, 0.439254015948, 0.0330717556251, 0.443638261641, 0.411275421779, 1.73951255175e-05, 5.48818219538
4.64689100033e-06, 0.435189748686, 0.159519145536, 0.14293986484, 0.741155164328, 0.872336872575, 0.597016367266, 0.171496522519, 0.511747634404, 0.583058037682, 0.668574039906, 0.979627773496, 0.982683355858, 4.35148124767e-05, 0.99410897241, 0.72979459188, 0.057616765552, 0.828828230716, 0.202771970823, 0.486954415422, 0.352681161954, 0.663032786722, 0.86099004844, 0.961426628554, 0.273114027588, 0.583406377594, 0.0910180137853, 0.191077212839, 0.443638261641, 0.411275421779, 4.64689100033e-06, 5.64294955048
4.64689100033e-06, 0.435189748686, 0.159519145536, 0.14293986484, 0.741155164328, 0.872336872575, 0.597016367266, 0.171496522519, 0.511747634404, 0.583058037682, 0.668574039906, 0.979627773496, 0.982683355858, 4.35148124767e-05, 0.99410897241, 0.72979459188, 0.057616765552, 0.828828230716, 0.202771970823, 0.486954415422, 0.352681161954, 0.663032786722, 0.86099004844, 0.961426628554, 0.273114027588, 0.583406377594, 0.0910180137853, 0.191077212839, 0.443638261641, 0.411275421779, 4.64689100033e-06, 5.64294955048
0.894930414899, 0.632022561372, 0.0601601185718, 0.566260301674, 0.291013190522, 0.335071346502, 0.211795863927, 0.022111138229, 0.0274043747721, 0.500266095987, 0.0990160083411, 0.997083007519, 0.0594070312362, 0.305518933359, 0.0416576341542, 0.00897971705102, 0.0702871248327, 0.00282718329898, 0.232988033322, 0.0134900681104, 0.210404600781, 0.0403770875899, 0.5624458272, 0.996999897201, 0.091876998335, 0.00788868074344, 0.474632221744, 0.00278274799802, 0.116935513124, 0.000732315479602, 0.894930414899, 1.48345117749
0.894930414899, 0.632022561372, 0.0601601185718, 0.566260301674, 0.291013190522, 0.335071346502, 0.211795863927, 0.022111138229, 0.0274043747721, 0.500266095987, 0.0990160083411, 0.997083007519, 0.0594070312362, 0.305518933359, 0.0416576341542, 0.00897971705102, 0.0702871248327, 0.00282718329898, 0.232988033322, 0.0134900681104, 0.210404600781, 0.0403770875899, 0.5624458272, 0.996999897201, 0.091876998335, 0.00788868074344, 0.474632221744, 0.00278274799802, 0.116935513124, 0.000732315479602, 0.894930414899, 1.48345117749
4.64689100033e-06, 0.435189748686, 0.00657396274677, 0.14293986484, 0.741155164328, 0.872336872575, 0.165949531288, 0.171496522519, 0.375137339235, 0.65983284895, 0.668574039906, 0.979627773496, 0.982683355858, 4.35148124767e-05, 0.99410897241, 0.72979459188, 0.110781611378, 0.828828230716, 0.104654676112, 0.486954415422, 0.953212557553, 0.579921907911, 0.586199813486, 0.961426628554, 0.273114027588, 0.596898395663, 0.0910180137853, 0.191077212839, 0.971493830183, 0.411275421779, 4.64689100033e-06, 5.67247414595
4.64689100033e-06, 0.435189748686, 0.00657396274677, 0.14293986484, 0.741155164328, 0.872336872575, 0.165949531288, 0.171496522519, 0.375137339235, 0.65983284895, 0.668574039906, 0.979627773496, 0.982683355858, 4.35148124767e-05, 0.99410897241, 0.72979459188, 0.110781611378, 0.828828230716, 0.104654676112, 0.486954415422, 0.953212557553, 0.579921907911, 0.586199813486, 0.961426628554, 0.273114027588, 0.596898395663, 0.0910180137853, 0.191077212839, 0.971493830183, 0.411275421779, 4.64689100033e-06, 5.67247414595
0.167598481941, 0.0460798174421, 0.49247497203, 0.103750083912, 0.242113487223, 0.018272004151, 0.0513240873285, 0.189073416368, 0.428179840073, 0.0462884004642, 0.125306831282, 0.185689008684, 0.327473938673, 0.202047069968, 0.077247872665, 0.600924208712, 0.102317188305, 0.4585434834, 0.025119116281, 0.801386377104, 0.00763066617749, 0.0842328868744, 0.139851421281, 0.404182770259, 0.146287386843, 0.40569050317, 0.193394282084, 0.092795650511, 0.781373136707, 0.418257074506, 0.167598481941, 2.49747152131
0.000604006208175, 0.982278636055, 0.997544107036, 0.0144758583415, 0.265060786715, 0.20144860814, 0.548855056039, 0.0981233759098, 0.0445631695499, 0.201718565144, 0.459836655991, 0.270385621203, 0.00674973116283, 0.0531859078896, 0.015760344432, 0.207165818691, 0.102317188305, 0.183980404377, 0.244109322124, 0.00540011317251, 0.590735660266, 0.145443835092, 0.0533027065269, 0.0770437696346, 0.162693096271, 0.169868478814, 0.276148600721, 0.401956123725, 0.188527263339, 0.908141301935, 0.000604006208175, 3.39891768524
0.000200351730322, 0.865185806895, 0.14201038181, 0.509207984293, 0.235053030236, 0.734636122743, 0.597016367266, 0.0619818998156, 0.145839594847, 0.135959488841, 0.754749180817, 0.41305734955, 0.98676388448, 0.0387134004659, 0.12929928196, 0.154820338609, 0.639918254818, 0.395349380745, 0.286101263894, 0.539831214886, 0.00338900199788, 0.944613387371, 0.506716430838, 0.165331576185, 0.355809238095, 0.180840576687, 0.0921679997773, 0.0573020726398, 0.714072178282, 0.411275421779, 0.000200351730322, 4.44499216567
0.0111261695224, 0.0168448251937, 0.59938824678, 0.103750083912, 0.221937928722, 0.018272004151, 0.0421681145996, 0.21805304696, 0.0311740956526, 0.0349471753062, 0.0759573181412, 0.00599906739102, 0.0135827712715, 0.186328666607, 0.00214196461882, 0.387394970937, 0.102317188305, 0.4585434834, 0.0905053087914, 0.441385401755, 0.00763066617749, 0.196382481421, 0.139851421281, 0.569294689342, 0.632413577778, 0.421300463514, 0.63647719201, 0.092795650511, 0.985609857196, 0.623545958272, 0.0111261695224, 3.09177669833
0.711269695474, 0.0520064510326, 0.843904427758, 0.0508228873851, 0.214421866708, 0.018634189273, 0.349304718516, 0.810447595575, 0.16215976369, 0.968536611739, 0.124006512481, 0.607237840548, 0.196181365731, 0.0954140031187, 0.0331261493655, 0.579660748229, 0.102317188305, 0.306402857357, 0.504909026026, 0.889856355399, 0.150233577173, 0.115154178242, 0.0283573315227, 0.0229854148896, 0.116415036132, 0.0131385911859, 0.995199566105, 0.138140872127, 0.001115625344, 0.0349661034405, 0.711269695474, 2.03540263257
0.416190320436, 0.733096387134, 0.930357136558, 0.121408046999, 0.429120557659, 0.111966813712, 0.0513240873285, 0.397330192097, 0.0639061494084, 0.205368936199, 0.103786660284, 0.0101161387743, 0.3323654797, 0.0552481775521, 0.120855047421, 0.387394970937, 0.195790575972, 0.4585434834, 0.00537170739891, 0.0427240574518, 0.054504678166, 0.061067449741, 0.0572084452233, 0.556633414125, 0.598101952177, 0.55865537788, 0.312458296193, 0.092795650511, 0.781373136707, 0.0351496365087, 0.416190320436, 2.24392712499
0.167598481941, 0.0460798174421, 0.49247497203, 0.103750083912, 0.242113487223, 0.018272004151, 0.0513240873285, 0.189073416368, 0.428179840073, 0.0462884004642, 0.125306831282, 0.185689008684, 0.327473938673, 0.202047069968, 0.077247872665, 0.600924208712, 0.102317188305, 0.4585434834, 0.025119116281, 0.801386377104, 0.00763066617749, 0.0842328868744, 0.139851421281, 0.404182770259, 0.146287386843, 0.40569050317, 0.193394282084, 0.092795650511, 0.781373136707, 0.418257074506, 0.167598481941, 2.49747152131
0.286570983244, 0.62347881941, 0.0878443966399, 0.301124207446, 0.0615846409528, 0.0340347891083, 0.194746623862, 0.0336722546488, 0.156828029921, 0.01672201214, 0.285966632876, 0.0412126783337, 0.136855414007, 0.113876398021, 0.0583545382549, 0.95095610691, 0.816048877753, 0.463451770729, 0.566985679631, 0.135061650251, 0.0576470846936, 0.49357230006, 0.172988431837, 0.0101916883403, 0.597359715072, 0.0377146470955, 0.28574803579, 0.0174898579002, 0.418351385974, 0.699471111242, 0.286570983244, 2.44901345384
0.742880415178, 0.200911621557, 0.138048097268, 0.857630243243, 0.10716755843, 0.0307720532952, 0.185422883014, 0.421599285435, 0.121902349958, 0.00576977640772, 0.0706180863244, 0.204254520584, 0.538924254529, 0.314011370433, 0.0344462022248, 0.855162044223, 0.00112901632745, 0.788389155112, 0.10450946132, 0.124960950765, 0.0346547317587, 0.151442914292, 0.000183210622095, 0.0618942837603, 0.012095824991, 0.164578536503, 0.550885901362, 0.157615332925, 0.163227314676, 0.30721723548, 0.742880415178, 1.56904902859
0.416190320436, 0.733096387134, 0.930357136558, 0.121408046999, 0.429120557659, 0.111966813712, 0.0513240873285, 0.397330192097, 0.0639061494084, 0.205368936199, 0.103786660284, 0.0101161387743, 0.3323654797, 0.0552481775521, 0.120855047421, 0.387394970937, 0.195790575972, 0.4585434834, 0.00537170739891, 0.0427240574518, 0.054504678166, 0.061067449741, 0.0572084452233, 0.556633414125, 0.598101952177, 0.55865537788, 0.312458296193, 0.092795650511, 0.781373136707, 0.0351496365087, 0.416190320436, 2.24392712499
