0.751459510927, 0.999078991321, 0.79117849143, 0.195267971318, 0.283440441076, 0.314123039179, 0.0213770980857, 0.38300363371, 0.311322534689, 16.0496759868, 66.143404007, 21.6938189602, 0.0957689396278, 34.3916109352
0.7968391736, 0.999832234372, 0.621976781654, 0.999976911037, 0.718906341846, 0.194631573127, 0.682361060515, 0.576390327239, 0.621440998054, 77.6126885326, 0.00179203786812, 47.1723006403, 0.020938445486, 31.8207742622
0.512018524525, 0.999919400124, 0.0246105966556, 0.367636936394, 0.554228782826, 0.232658998036, 0.54329478219, 0.73343904725, 0.788217876917, 1.69810270445, 2.92086382569, 183.06305495, 0.0151283669492, 178.885582723
0.998929284255, 0.95807991203, 0.416860035222, 0.244784850695, 0.706142840808, 0.372530964429, 0.143814995781, 0.0424633847895, 0.784947799214, 29.0265764508, 89.5533780212, 165.879922831, 12.4463345184, 0.318242903391
0.960181959755, 0.999919400124, 0.26749275311, 0.999611649508, 0.554228782826, 0.0472923673913, 0.732369329318, 0.973974648512, 0.69170483666, 91.4899826162, 0.0355439832977, 250.635244246, 0.0275803385756, 14.1902994536
0.860450375986, 0.982231469373, 0.972320682538, 0.999976911037, 0.228576583408, 0.194631573127, 0.743565020912, 0.0593878768514, 0.282355198838, 249.05011117, 0.00575044156714, 7.0899409866, 4.63366801039, 42.2937546307
0.724927400531, 0.632587990049, 0.621976781654, 0.819173891325, 0.468765039659, 0.687847965488, 0.0029967191299, 0.105708485166, 0.555960154997, 48.1703588301, 10.6332228517, 35.73946786, 54.9113362972, 56.7102393766
0.994382503375, 0.99909744625, 0.1634343594, 0.0301253728478, 0.0750488122105, 0.00819214512373, 0.977342150919, 0.448606701874, 0.567138363004, 1.49620130961, 48.1696175059, 254.222659702, 0.27452345812, 1.71828710915
0.999863463392, 0.732780592189, 0.975237655743, 0.155801250466, 0.735113461065, 0.157474413469, 0.0213770980857, 0.107363103424, 0.787935304574, 29.4306281497, 159.467908041, 4.79633918489, 70.6337346344, 0.0360954600358
0.973102729961, 0.88362480496, 0.972320682538, 0.0111465091822, 0.0804459335841, 0.161243405562, 0.0029967191299, 0.0467659973058, 0.555960154997, 3.31261106335, 293.875594608, 8.46013752293, 40.2545122694, 9.56100751158
0.958150252658, 0.95807991203, 0.975237655743, 0.116905878306, 0.921598120457, 0.961211954147, 0.682361060515, 0.402908100961, 0.282355198838, 21.7951701029, 164.638313129, 4.73374881051, 8.36438284905, 8.71507119762
0.991345066827, 0.842828071127, 0.621976781654, 0.819173891325, 0.718906341846, 0.779991984418, 0.345567512892, 0.105708485166, 0.886382228981, 88.3807875808, 19.5093545695, 65.5731531568, 32.3477131886, 1.79683198563
0.973102729961, 0.632587990049, 0.972320682538, 0.0267639660029, 0.0113814640493, 0.687847965488, 0.316645098002, 0.611243366899, 0.555960154997, 2.82305118908, 102.656502505, 3.00271515855, 63.0073429632, 4.74009809643
0.973102729961, 0.652099331277, 0.999615543366, 0.999915066233, 0.70108267552, 0.200991394493, 0.0029967191299, 0.435166237341, 0.23688761878, 119.171345014, 0.0101225309397, 0.0458377284302, 63.6088050476, 5.05372360059
0.0463972512556, 0.95807991203, 0.605324870629, 0.00368007402106, 0.706142840808, 0.157474413469, 0.143814995781, 0.412651874278, 0.787935304574, 0.0240204236558, 6.50313732326, 4.25574258251, 0.471797941597, 231.317824162
0.997679492683, 0.728355555061, 0.106028025453, 0.96938614771, 0.58077716579, 0.687847965488, 0.507586125781, 0.0424633847895, 0.0280854797719, 17.1802358798, 0.542563151714, 149.429224745, 62.340320471, 0.533777298051
0.516017947712, 0.000217572594827, 0.0587765880795, 0.596786251467, 0.735113461065, 0.624055261137, 0.54329478219, 0.107363103424, 0.327633310493, 0.00117809940912, 0.000795973227818, 0.0316119639372, 154.333449945, 144.783481294
0.738893028236, 0.54121445339, 0.924219559218, 0.999990699094, 0.871690394103, 0.191145143459, 0.345567512892, 0.79596644692, 0.0604868837993, 105.139711828, 0.000977903677503, 8.62090369387, 96.4352938025, 74.2785093387
0.242239054125, 0.992805403064, 0.170332016038, 0.320384580134, 0.52497674463, 0.0353477738749, 0.40493085994, 0.247108911444, 0.680451174997, 3.6953092083, 7.83867038198, 56.1807099824, 0.490710361391, 213.35696077
0.809126892503, 0.999919400124, 0.26749275311, 0.542041951293, 0.725837673871, 0.0472923673913, 0.745251982718, 0.973974648512, 0.69170483666, 39.7594399204, 33.5917828504, 200.86638469, 0.0221036866339, 64.69317279
0.42676918869, 0.732780592189, 0.975237655743, 0.171742321284, 0.822604237178, 0.157474413469, 0.682361060515, 0.412651874278, 0.787935304574, 11.0630648907, 53.3535844707, 1.63560875442, 24.0869442865, 121.073801702
0.217603558711, 0.00556793975873, 0.026044922362, 0.278243625391, 0.00826721501156, 0.340354091329, 0.353274217729, 0.917541477486, 0.877150090588, 0.00261729872132, 0.006789201491, 0.35175795563, 64.5038433374, 233.222983862
0.751459510927, 0.999078991321, 0.79117849143, 0.195267971318, 0.283440441076, 0.314123039179, 0.0213770980857, 0.38300363371, 0.311322534689, 16.0496759868, 66.143404007, 21.6938189602, 0.0957689396278, 34.3916109352
0.7968391736, 0.999832234372, 0.621976781654, 0.999976911037, 0.718906341846, 0.194631573127, 0.682361060515, 0.576390327239, 0.621440998054, 77.6126885326, 0.00179203786812, 47.1723006403, 0.020938445486, 31.8207742622
0.991345066827, 0.882029573292, 0.416860035222, 0.819173891325, 0.228576583408, 0.779991984418, 0.345567512892, 0.105708485166, 0.886382228981, 71.2782688685, 15.7341098503, 121.720460524, 27.9177738014, 2.06607699969
0.512018524525, 0.999919400124, 0.0246105966556, 0.367636936394, 0.554228782826, 0.232658998036, 0.54329478219, 0.73343904725, 0.788217876917, 1.69810270445, 2.92086382569, 183.06305495, 0.0151283669492, 178.885582723
0.998929284255, 0.95807991203, 0.416860035222, 0.244784850695, 0.706142840808, 0.372530964429, 0.143814995781, 0.0424633847895, 0.784947799214, 29.0265764508, 89.5533780212, 165.879922831, 12.4463345184, 0.318242903391
0.997679492683, 0.546301592669, 0.106028025453, 0.96938614771, 0.58077716579, 0.116329269154, 0.507586125781, 0.412651874278, 0.0280854797719, 8.75194184635, 0.276392081284, 76.1221146359, 70.7166580057, 0.362532019411
0.995184475202, 0.983676382122, 0.582027913778, 0.900625957792, 0.523056565547, 0.362756588958, 0.00151268124761, 0.0228145918224, 0.445505939879, 151.645253068, 16.7323644724, 120.917128561, 4.80070170989, 1.42307678357
0.960181959755, 0.999919400124, 0.26749275311, 0.999611649508, 0.554228782826, 0.0472923673913, 0.732369329318, 0.973974648512, 0.69170483666, 91.4899826162, 0.0355439832977, 250.635244246, 0.0275803385756, 14.1902994536
0.860450375986, 0.982231469373, 0.972320682538, 0.999976911037, 0.228576583408, 0.194631573127, 0.743565020912, 0.0593878768514, 0.282355198838, 249.05011117, 0.00575044156714, 7.0899409866, 4.63366801039, 42.2937546307
0.991934004116, 0.842828071127, 0.0090564090562, 0.0267639660029, 0.718906341846, 0.779991984418, 0.345567512892, 0.0604519851614, 0.886382228981, 0.0599642050655, 2.1805185791, 245.151476906, 46.1340489528, 2.38683175269
0.724927400531, 0.632587990049, 0.621976781654, 0.819173891325, 0.468765039659, 0.687847965488, 0.0029967191299, 0.105708485166, 0.555960154997, 48.1703588301, 10.6332228517, 35.73946786, 54.9113362972, 56.7102393766
0.806023215994, 0.999078991321, 0.0246105966556, 0.999984526666, 0.987239849271, 0.750606222306, 0.657564212978, 0.0859043647411, 0.785774544978, 5.47172239064, 8.46670965184e-05, 216.863601316, 0.204961612254, 53.5563547361
0.994382503375, 0.99909744625, 0.1634343594, 0.0301253728478, 0.0750488122105, 0.00819214512373, 0.977342150919, 0.448606701874, 0.567138363004, 1.49620130961, 48.1696175059, 254.222659702, 0.27452345812, 1.71828710915
0.999352571521, 0.00534078434986, 0.0651778706867, 0.349276259029, 0.0693694650358, 0.419304153397, 0.989845641763, 0.995044403485, 0.974286422401, 0.0255020119726, 0.0475118597502, 1.04721099837, 208.628904978, 0.135885536223
0.999863463392, 0.732780592189, 0.975237655743, 0.155801250466, 0.735113461065, 0.157474413469, 0.0213770980857, 0.107363103424, 0.787935304574, 29.4306281497, 159.467908041, 4.79633918489, 70.6337346344, 0.0360954600358
0.998929284255, 0.95807991203, 0.416860035222, 0.596786251467, 0.706142840808, 0.157474413469, 0.143814995781, 0.412651874278, 0.787935304574, 57.7546762961, 39.0214745521, 135.378871632, 10.1577737335, 0.259726219006
0.729562110301, 0.000224927881956, 0.813947704684, 0.201220805776, 0.691837196283, 0.628623191979, 0.235144655797, 0.514861938868, 0.937422142355, 0.0072343615745, 0.028717992093, 0.0082179946984, 196.331432275, 72.793533014
0.997679492683, 0.0713893614839, 0.106028025453, 0.900625957792, 0.58077716579, 0.219657395938, 0.507586125781, 0.107363103424, 0.509277749442, 0.661991743694, 0.0730434148718, 6.1974259094, 90.1753001427, 0.22586338803
0.935582434132, 0.546301592669, 0.859256296635, 0.884278326997, 0.523056565547, 0.706071465525, 0.5719468068, 0.995797648046, 0.886835162323, 57.3221914667, 7.50150681544, 10.6179348324, 62.6535767968, 9.50825598689
0.70362190569, 0.999488827522, 0.0246105966556, 0.85118902723, 0.718906341846, 0.194631573127, 0.54329478219, 0.0405361413151, 0.886382228981, 3.8902930875, 0.68012894926, 181.139095726, 0.0949781446729, 78.264167113
0.973102729961, 0.88362480496, 0.972320682538, 0.0111465091822, 0.0804459335841, 0.161243405562, 0.0029967191299, 0.0467659973058, 0.555960154997, 3.31261106335, 293.875594608, 8.46013752293, 40.2545122694, 9.56100751158
0.958150252658, 0.95807991203, 0.975237655743, 0.116905878306, 0.921598120457, 0.961211954147, 0.682361060515, 0.402908100961, 0.282355198838, 21.7951701029, 164.638313129, 4.73374881051, 8.36438284905, 8.71507119762
0.956371713394, 0.546301592669, 0.813947704684, 0.506356272962, 0.58077716579, 0.33609081503, 0.507586125781, 0.283882116971, 0.0902904294493, 35.6059981984, 34.7120764452, 16.0733166448, 71.7472494324, 7.21405479094
0.217603558711, 0.00556793975873, 0.10349990655, 0.278243625391, 0.718906341846, 0.340354091329, 0.353274217729, 0.917541477486, 0.877150090588, 0.0109253513535, 0.0283400634001, 0.340110915741, 67.7564776719, 244.983354184
0.0733225152754, 0.8951622941, 0.944408700359, 0.99866121346, 0.596996535392, 0.248768718677, 0.711272447318, 0.912394705674, 0.796007894575, 9.16067600186, 0.0122806308711, 0.53995328566, 1.13753584146, 137.132008458
0.961416146782, 0.88362480496, 0.922862943031, 0.244784850695, 0.140604678471, 0.990651401898, 0.682361060515, 0.107363103424, 0.695816022928, 31.6396781336, 97.6153719391, 10.803721437, 18.4460268204, 6.36116409479
0.843971890208, 0.439103571091, 0.416860035222, 0.00412702555024, 0.688636860385, 0.973861316366, 0.202132009833, 0.520749644007, 0.327633310493, 0.11522259374, 27.8038179689, 39.0555749045, 85.5511663223, 28.1979882307
0.999352571521, 0.00117627002933, 0.0448194975377, 0.999837046141, 0.735113461065, 0.302339534797, 0.54329478219, 0.107363103424, 0.280551419708, 0.0120861563457, 1.96980680016e-06, 0.257618738418, 229.020216236, 0.148544998368
0.367316711229, 0.999078991321, 0.0090564090562, 0.0613202132353, 0.283440441076, 0.276084603246, 0.316645098002, 0.91688434423, 0.282355198838, 0.0341642898081, 0.522981356065, 60.9623420911, 0.0567122145943, 106.061694185
0.849488201968, 0.960734850924, 0.79117849143, 0.0396444259077, 0.266384546574, 0.314123039179, 0.0213770980857, 0.38300363371, 0.311322534689, 4.85895178027, 117.704351106, 32.3490262706, 6.33125330276, 28.5690389352
0.994382503375, 0.982231469373, 0.0246105966556, 0.884278326997, 0.731643171271, 0.282773686945, 0.54329478219, 0.576390327239, 0.955272750839, 7.47451825184, 0.978157815911, 335.004095259, 6.21312017651, 1.97536604757
0.7968391736, 0.999832234372, 0.416860035222, 0.945815988669, 0.228576583408, 0.194631573127, 0.682361060515, 0.0593878768514, 0.621440998054, 76.3516775558, 4.37404337772, 112.926138474, 0.0324935771412, 49.3814492519
0.991345066827, 0.842828071127, 0.621976781654, 0.819173891325, 0.718906341846, 0.779991984418, 0.345567512892, 0.105708485166, 0.886382228981, 88.3807875808, 19.5093545695, 65.5731531568, 32.3477131886, 1.79683198563
0.999112952866, 0.838184235765, 0.99254349392, 0.6039792671, 0.70108267552, 0.535022551321, 0.918215522861, 0.79596644692, 0.307520943871, 67.0329484869, 43.9525639939, 0.833781243565, 21.5872879711, 0.118442990467
0.973102729961, 0.632587990049, 0.972320682538, 0.0267639660029, 0.0113814640493, 0.687847965488, 0.316645098002, 0.611243366899, 0.555960154997, 2.82305118908, 102.656502505, 3.00271515855, 63.0073429632, 4.74009809643
0.983752511058, 0.999078991321, 0.0246105966556, 0.590616099554, 0.987239849271, 0.750606222306, 0.0029967191299, 0.0604519851614, 0.578544318062, 4.03526411556, 2.79703205552, 270.783735114, 0.255922481155, 4.58928586745
0.999352571521, 0.989831616293, 0.220842804932, 0.349276259029, 0.731643171271, 0.509728864783, 0.866482059206, 0.107363103424, 0.555960154997, 20.9358031625, 39.004724203, 211.476634647, 2.78822559569, 0.177643388353
0.747726287296, 0.00534078434986, 0.0217934580791, 0.367636936394, 0.550184394684, 0.419304153397, 0.989845641763, 0.995044403485, 0.930361349793, 0.00786174750423, 0.0135227944881, 0.959852208717, 182.74397783, 61.9866424214
0.956536275813, 0.999919400124, 0.0246105966556, 0.999611649508, 0.554228782826, 0.232658998036, 0.54329478219, 0.73343904725, 0.788217876917, 8.62565125606, 0.00335107730279, 341.992417136, 0.0282623207708, 15.93305078
0.999352571521, 0.963771418827, 0.0448194975377, 0.596786251467, 0.85671180716, 0.314123039179, 0.0213770980857, 0.107363103424, 0.787935304574, 5.24532740613, 3.54396255026, 187.314870939, 7.3716395534, 0.131821372858
0.973102729961, 0.652099331277, 0.999615543366, 0.999915066233, 0.70108267552, 0.200991394493, 0.0029967191299, 0.435166237341, 0.23688761878, 119.171345014, 0.0101225309397, 0.0458377284302, 63.6088050476, 5.05372360059
0.998929284255, 0.381944423787, 0.416860035222, 0.244784850695, 0.0804459335841, 0.694802109098, 0.134048463972, 0.212456633212, 0.319928779743, 7.21495728555, 22.2597314669, 41.2317504886, 114.415884421, 0.19842584432
0.0463972512556, 0.95807991203, 0.605324870629, 0.00368007402106, 0.706142840808, 0.157474413469, 0.143814995781, 0.412651874278, 0.787935304574, 0.0240204236558, 6.50313732326, 4.25574258251, 0.471797941597, 231.317824162
0.958150252658, 0.987600330808, 0.0959571574305, 0.560798721504, 0.70108267552, 0.990651401898, 0.682361060515, 0.901697415995, 0.937422142355, 7.91870704513, 6.20170147486, 133.032851311, 1.84756088629, 6.50800506856
0.729562110301, 0.000224927881956, 0.922862943031, 0.596786251467, 0.691837196283, 0.628623191979, 0.235144655797, 0.212456633212, 0.469552239381, 0.0216598922999, 0.0146343290343, 0.00303363510244, 174.807187812, 64.8130187287
0.997679492683, 0.728355555061, 0.106028025453, 0.96938614771, 0.58077716579, 0.687847965488, 0.507586125781, 0.0424633847895, 0.0280854797719, 17.1802358798, 0.542563151714, 149.429224745, 62.340320471, 0.533777298051
0.809192540032, 0.957541562668, 0.985853746001, 0.853688263728, 0.70108267552, 0.372530964429, 0.785316292354, 0.107363103424, 0.292006310738, 69.3590297662, 11.8872901296, 1.16582310753, 3.65424431225, 20.2944391351
0.00909330211863, 0.204548205026, 0.125954522051, 0.000327313899355, 0.222894202665, 0.989856474008, 0.892811992533, 0.79596644692, 0.327633310493, 1.13476732299e-05, 0.0346577368119, 0.240581727639, 1.07040173021, 146.637173145
0.591583648112, 0.0106684369494, 0.191472920421, 0.558125609974, 0.434365664217, 0.597810087928, 0.999456547283, 0.595183494842, 0.396940441738, 0.0648154246575, 0.0513151085042, 0.490380992889, 56.2445088181, 39.2486952676
0.185670348851, 0.439103571091, 0.740693438044, 0.0013633262021, 0.688636860385, 0.973861316366, 0.297103228632, 0.520749644007, 0.416139526691, 0.0117675274824, 8.61971587259, 3.02176335052, 14.8854733096, 116.39589618
0.809192540032, 0.163811797548, 0.00673949111575, 0.999970019878, 0.450316870829, 0.687847965488, 0.911341553023, 0.566000162642, 0.280551419708, 0.222629096259, 6.67464748425e-06, 32.8118718919, 168.626838816, 47.5517103678
0.516017947712, 0.000217572594827, 0.0587765880795, 0.596786251467, 0.735113461065, 0.624055261137, 0.54329478219, 0.107363103424, 0.327633310493, 0.00117809940912, 0.000795973227818, 0.0316119639372, 154.333449945, 144.783481294
0.995184475202, 0.983676382122, 0.582027913778, 0.900625957792, 0.523056565547, 0.362756588958, 0.00151268124761, 0.0228145918224, 0.445505939879, 151.645253068, 16.7323644724, 120.917128561, 4.80070170989, 1.42307678357
0.935582434132, 0.997678285689, 0.416860035222, 0.909066355051, 0.731643171271, 0.24469130111, 0.682361060515, 0.995797648046, 0.0845282077478, 87.6465206125, 8.76725614377, 134.871951329, 0.538228998794, 15.9617522524
0.994382503375, 0.15726345017, 0.9887292424, 0.884278326997, 0.997608732989, 0.706071465525, 0.925470430356, 0.576390327239, 0.787935304574, 19.61405609, 2.56680653117, 0.252844879302, 120.216777887, 0.805865567354
0.70362190569, 0.999078991321, 0.0246105966556, 0.742904062529, 0.228576583408, 0.194631573127, 0.507586125781, 0.0593878768514, 0.621440998054, 2.81845127498, 0.975378126605, 150.360474725, 0.142108335064, 64.9924004845
0.992104009359, 0.842828071127, 0.999512969233, 0.669977482327, 0.718906341846, 0.503574121639, 0.00945938888001, 0.825332953371, 0.512857421107, 71.6013736494, 35.2699399965, 0.0520749799312, 19.939244797, 1.00967857883
0.738893028236, 0.54121445339, 0.924219559218, 0.999990699094, 0.871690394103, 0.191145143459, 0.345567512892, 0.79596644692, 0.0604868837993, 105.139711828, 0.000977903677503, 8.62090369387, 96.4352938025, 74.2785093387
0.242239054125, 0.992805403064, 0.170332016038, 0.320384580134, 0.52497674463, 0.0353477738749, 0.40493085994, 0.247108911444, 0.680451174997, 3.6953092083, 7.83867038198, 56.1807099824, 0.490710361391, 213.35696077
0.994382503375, 0.546279993368, 0.416860035222, 0.560798721504, 0.993180273351, 0.157474413469, 0.195488129784, 0.412651874278, 0.303705489702, 18.1476870597, 14.2127416713, 45.2685738039, 64.4757852613, 0.802782795518
0.367316711229, 0.765844970173, 0.0474942895685, 0.293550183433, 0.0750488122105, 0.687847965488, 0.403022391206, 0.212456633212, 0.282355198838, 0.490824614172, 1.18120504846, 33.5328271281, 10.7637898177, 79.1785225868
0.971923118079, 0.989831616293, 0.00469999941683, 0.000538368350128, 0.561675397862, 0.0160944963143, 0.412203731563, 0.91688434423, 0.450625300735, 0.000661497783709, 1.22804703152, 260.198670568, 2.68560213514, 7.62968680348
0.967264245041, 0.111225763765, 0.624684157588, 0.97271149868, 0.718906341846, 0.287821806735, 0.974944406934, 0.209804367521, 0.787935304574, 9.35452953471, 0.262432480654, 5.77795699859, 123.016528954, 4.68434894339
0.944451252727, 0.562303368591, 0.416860035222, 0.175494846795, 0.731643171271, 0.0824888371, 0.682361060515, 0.996925277519, 0.974228118589, 8.38403290172, 39.3896371223, 66.8299522651, 89.2073962653, 11.9873278037
0.998281638292, 0.546301592669, 0.813947704684, 0.900625957792, 0.58077716579, 0.331783800245, 0.507586125781, 0.107363103424, 0.0280854797719, 77.7454581666, 8.57834528807, 19.7319086727, 88.078285559, 0.334166646967
0.7968391736, 0.999133205965, 0.0246105966556, 0.998626639307, 0.682006968557, 0.282833510725, 0.54329478219, 0.670305890262, 0.785774544978, 4.77516654668, 0.00656704495956, 189.513986198, 0.168560478179, 49.58029825
0.809126892503, 0.999919400124, 0.26749275311, 0.542041951293, 0.725837673871, 0.0472923673913, 0.745251982718, 0.973974648512, 0.69170483666, 39.7594399204, 33.5917828504, 200.86638469, 0.0221036866339, 64.69317279
0.887166452897, 0.00556793975873, 0.026044922362, 0.0895172524014, 0.718906341846, 0.340354091329, 0.353274217729, 0.917541477486, 0.812243428324, 0.00324421182589, 0.0329969789933, 1.35524657464, 248.519219922, 31.784691041
0.883617266865, 0.99123834809, 0.170332016038, 0.0267639660029, 0.15007507279, 0.687847965488, 0.40493085994, 0.107314271372, 0.236291586172, 0.894592213426, 32.5306562467, 162.810604539, 1.73454773984, 26.0750182028
0.332390024975, 0.0106684369494, 0.83521466258, 0.000555228025437, 0.434365664217, 0.706244868524, 0.799617949574, 0.209804367521, 0.396940441738, 0.000170615532485, 0.307118506538, 0.0606272182881, 34.1185170616, 69.2664797744
