0.0211886373744, 0.107150961098, 0.00294322028473, 0.177350734568, 0.793388161449, 0.267268495847, 0.245240237834, 0.132080579436, 0.0977627915036, 0.163798203229, 0.279002120399, 0.114946686797, 0.466506605338, 0.250124106692, 0.188778821464, 0.060763982881, 0.696453894386, 0.691121701969, 0.312568867356, 0.247253728663, 0.414807430996, 0.448914963016, 0.168951933089, 0.128932832823, 0.383436370997, 0.525751692394, 0.289121137779, 0.110603091766, 0.86268513473, 0.980097537406, 0.0211886373744, 3.67818641793
0.00112542749599, 0.145192339465, 0.64429497104, 0.249640798329, 0.358163202003, 0.484844302237, 0.152443930505, 0.0725506724943, 0.178925094681, 0.219000146348, 0.243093845855, 0.983690486547, 0.734151591687, 0.0165741919142, 0.221180189918, 0.618993499397, 0.119778344204, 0.000313278205232, 0.0566148397017, 0.0842011671378, 0.718254600062, 0.274620449532, 0.0625864508762, 0.775738104594, 0.220239323845, 0.943583182007, 0.147330774547, 0.144952751844, 0.118836999504, 0.743669761347, 0.00112542749599, 3.95342055463
0.840197232727, 0.463523053765, 0.153795303267, 0.841963892849, 0.169218879473, 0.132329673983, 0.104204554608, 0.949167963439, 0.124214737919, 0.0425536657408, 0.0100600345007, 0.983690486547, 0.514058774659, 0.100289555209, 0.350000569147, 0.107315205173, 0.62126652236, 0.00351933373053, 0.669166443102, 0.0639902482549, 0.0588153264018, 0.354030651314, 0.844467293314, 0.281992795479, 0.0833492496792, 0.327044782788, 0.0675381281847, 0.121860213178, 0.00924837602509, 0.0758511896122, 0.840197232727, 1.11928416525
0.271156925324, 0.374135681628, 0.0295781678634, 0.419823806117, 0.708812709735, 0.267074530675, 0.234352055597, 0.286380396168, 0.0781362678808, 0.116629882165, 0.43312457715, 0.6327306576, 0.0500833327934, 0.250124106692, 0.471023429991, 0.362956565404, 0.369156212961, 0.665184138321, 0.000976552487531, 0.00206585713063, 0.253652782772, 0.35096383794, 0.14370074351, 0.699656963516, 0.110338504259, 0.199601605388, 0.00668247411258, 0.138814283459, 0.861561623161, 0.33711166089, 0.271156925324, 2.52638812012
0.450793580472, 0.156048076124, 0.287397325529, 0.249640798329, 0.358163202003, 0.484844302237, 0.152443930505, 0.0725506724943, 0.178925094681, 0.219000146348, 0.196107672782, 0.983690486547, 0.734151591687, 0.0165741919142, 0.221180189918, 0.122035766169, 0.119778344204, 0.000313278205232, 0.0566148397017, 0.0842011671378, 0.718254600062, 0.274620449532, 0.0596604577782, 0.775738104594, 0.220239323845, 0.776621432089, 0.147330774547, 0.144952751844, 0.499961596997, 0.743669761347, 0.450793580472, 2.04887160993
0.430972401595, 0.263854532326, 0.0955295695096, 0.35245154195, 0.231618926915, 0.696066845823, 0.2264537943, 0.593029026843, 0.385131658238, 0.325005023199, 0.211568572832, 0.0148840973474, 0.0334712241681, 0.100289555209, 0.415664828662, 0.76467921599, 0.222361600386, 0.232729822973, 0.000976552487531, 0.0694114410022, 0.931868065192, 0.187602399528, 0.0662324154318, 0.0377643574027, 0.91757464253, 0.327044782788, 0.102751438289, 0.127201784613, 0.790218063812, 0.77496883264, 0.430972401595, 2.28717068303
0.00796425605167, 0.0330481015152, 0.00294322028473, 0.0621312915203, 0.189237520995, 0.0156269516791, 0.478309843509, 0.054262878067, 0.0781362678808, 0.727722570892, 0.56173330408, 0.455660440669, 0.209198442543, 0.0381355223791, 0.378526997685, 0.515784114461, 0.42945710818, 0.341182880177, 0.827023978763, 0.929776909418, 0.82887672261, 0.179953920178, 0.209394017123, 0.281992795479, 0.228028559139, 0.331456487983, 0.210364873746, 0.00881994345841, 0.998793793471, 0.305430522107, 0.00796425605167, 3.89368946558
0.0474028787163, 0.0330288079042, 0.00294322028473, 0.0621312915203, 0.189237520995, 0.00191592883785, 0.3952896407, 0.505623947191, 0.18569366663, 0.617756909382, 0.108048801777, 0.167856425319, 0.295837649357, 0.291250030047, 0.471023429991, 0.232807365504, 0.42945710818, 0.341182880177, 0.914567913307, 0.929776909418, 0.233573344505, 0.40006363373, 0.209394017123, 0.279017717894, 0.228028559139, 0.331456487983, 0.0443355150849, 0.155006598918, 0.357124947429, 0.47111871976, 0.0474028787163, 3.28800305403
0.656935929774, 0.243666617238, 0.00294322028473, 0.229162042005, 0.153399107192, 0.525193438909, 0.109827040805, 0.172878466614, 0.103411520975, 0.877181540891, 0.100698479688, 0.373148028639, 0.466506605338, 0.980477939643, 0.0244839154556, 0.000652080470858, 0.448822230147, 0.383914074278, 0.965388359251, 0.0379434121137, 0.549746265767, 0.0764261584773, 0.0154272601813, 0.0925910639161, 0.0833492496792, 0.0288531635542, 0.347608365518, 0.111102336776, 0.372117397529, 0.980097537406, 0.656935929774, 1.53803620218
0.833560606564, 0.738472823605, 0.946320342942, 0.248181202441, 0.247257150883, 0.908045172786, 0.152443930505, 0.172878466614, 0.263148304919, 0.116629882165, 0.18695658781, 0.0148840973474, 0.175338341935, 0.088818704104, 0.855552599285, 0.219998987121, 0.400448170918, 0.383914074278, 0.669166443102, 0.0237953446722, 0.842780750737, 0.00737376627986, 0.000479800328437, 0.166214108481, 0.0192145033172, 0.111139014765, 0.347608365518, 0.111102336776, 0.163921900266, 0.786480143194, 0.833560606564, 1.37789272777
0.640680569649, 0.169365987074, 0.946320342942, 0.276126359858, 0.357145649485, 0.333792793683, 0.383483997692, 0.0255450701174, 0.0502602403585, 0.0190192445946, 0.886546034194, 0.0422091841859, 0.358111124522, 0.083908091369, 0.210512673806, 0.261811164596, 0.905077035623, 0.325220620951, 0.0719523160596, 0.0639902482549, 0.545181863381, 0.467995606613, 0.600431594075, 0.435934340618, 0.110338504259, 0.484857048543, 0.784104791164, 0.671040778323, 0.581207796789, 0.0391216944671, 0.640680569649, 1.99106391642
0.00436626255615, 0.0330481015152, 0.00101137959559, 0.0621312915203, 0.189237520995, 0.019695834693, 0.3952896407, 0.939287490373, 0.18569366663, 0.727722570892, 0.56173330408, 0.144931165695, 0.0326404179284, 0.154728279041, 0.742475802203, 0.298276591638, 0.42945710818, 0.341182880177, 0.277717057623, 0.929776909418, 0.39137721685, 0.881981828563, 0.209394017123, 0.417303266053, 0.240249042051, 0.331456487983, 0.210364873746, 0.0698837758951, 0.0705598955634, 0.620950159169, 0.00436626255615, 3.94138806965
0.158704775276, 0.156048076124, 0.0318712937403, 0.249640798329, 0.938063249507, 0.484844302237, 0.152443930505, 0.0725506724943, 0.178925094681, 0.219000146348, 0.196107672782, 0.167856425319, 0.316211992046, 0.0428826406933, 0.260562134489, 0.122035766169, 0.806870878199, 0.000313278205232, 0.00841486530129, 0.0842011671378, 0.335151514649, 0.0844986349745, 0.0625864508762, 0.775738104594, 0.544070345337, 0.822782844884, 0.247542556755, 0.337319644104, 0.642901159147, 0.624371388612, 0.158704775276, 3.16050914724
0.0211886373744, 0.107150961098, 0.00294322028473, 0.177350734568, 0.793388161449, 0.267268495847, 0.245240237834, 0.132080579436, 0.0977627915036, 0.163798203229, 0.279002120399, 0.114946686797, 0.466506605338, 0.250124106692, 0.188778821464, 0.060763982881, 0.696453894386, 0.691121701969, 0.312568867356, 0.247253728663, 0.414807430996, 0.448914963016, 0.168951933089, 0.128932832823, 0.383436370997, 0.525751692394, 0.289121137779, 0.110603091766, 0.86268513473, 0.980097537406, 0.0211886373744, 3.67818641793
0.00112542749599, 0.145192339465, 0.64429497104, 0.249640798329, 0.358163202003, 0.484844302237, 0.152443930505, 0.0725506724943, 0.178925094681, 0.219000146348, 0.243093845855, 0.983690486547, 0.734151591687, 0.0165741919142, 0.221180189918, 0.618993499397, 0.119778344204, 0.000313278205232, 0.0566148397017, 0.0842011671378, 0.718254600062, 0.274620449532, 0.0625864508762, 0.775738104594, 0.220239323845, 0.943583182007, 0.147330774547, 0.144952751844, 0.118836999504, 0.743669761347, 0.00112542749599, 3.95342055463
0.840197232727, 0.463523053765, 0.153795303267, 0.841963892849, 0.169218879473, 0.132329673983, 0.104204554608, 0.949167963439, 0.124214737919, 0.0425536657408, 0.0100600345007, 0.983690486547, 0.514058774659, 0.100289555209, 0.350000569147, 0.107315205173, 0.62126652236, 0.00351933373053, 0.669166443102, 0.0639902482549, 0.0588153264018, 0.354030651314, 0.844467293314, 0.281992795479, 0.0833492496792, 0.327044782788, 0.0675381281847, 0.121860213178, 0.00924837602509, 0.0758511896122, 0.840197232727, 1.11928416525
0.271156925324, 0.374135681628, 0.0295781678634, 0.419823806117, 0.708812709735, 0.267074530675, 0.234352055597, 0.286380396168, 0.0781362678808, 0.116629882165, 0.43312457715, 0.6327306576, 0.0500833327934, 0.250124106692, 0.471023429991, 0.362956565404, 0.369156212961, 0.665184138321, 0.000976552487531, 0.00206585713063, 0.253652782772, 0.35096383794, 0.14370074351, 0.699656963516, 0.110338504259, 0.199601605388, 0.00668247411258, 0.138814283459, 0.861561623161, 0.33711166089, 0.271156925324, 2.52638812012
0.450793580472, 0.156048076124, 0.287397325529, 0.249640798329, 0.358163202003, 0.484844302237, 0.152443930505, 0.0725506724943, 0.178925094681, 0.219000146348, 0.196107672782, 0.983690486547, 0.734151591687, 0.0165741919142, 0.221180189918, 0.122035766169, 0.119778344204, 0.000313278205232, 0.0566148397017, 0.0842011671378, 0.718254600062, 0.274620449532, 0.0596604577782, 0.775738104594, 0.220239323845, 0.776621432089, 0.147330774547, 0.144952751844, 0.499961596997, 0.743669761347, 0.450793580472, 2.04887160993
0.430972401595, 0.263854532326, 0.0955295695096, 0.35245154195, 0.231618926915, 0.696066845823, 0.2264537943, 0.593029026843, 0.385131658238, 0.325005023199, 0.211568572832, 0.0148840973474, 0.0334712241681, 0.100289555209, 0.415664828662, 0.76467921599, 0.222361600386, 0.232729822973, 0.000976552487531, 0.0694114410022, 0.931868065192, 0.187602399528, 0.0662324154318, 0.0377643574027, 0.91757464253, 0.327044782788, 0.102751438289, 0.127201784613, 0.790218063812, 0.77496883264, 0.430972401595, 2.28717068303
0.00796425605167, 0.0330481015152, 0.00294322028473, 0.0621312915203, 0.189237520995, 0.0156269516791, 0.478309843509, 0.054262878067, 0.0781362678808, 0.727722570892, 0.56173330408, 0.455660440669, 0.209198442543, 0.0381355223791, 0.378526997685, 0.515784114461, 0.42945710818, 0.341182880177, 0.827023978763, 0.929776909418, 0.82887672261, 0.179953920178, 0.209394017123, 0.281992795479, 0.228028559139, 0.331456487983, 0.210364873746, 0.00881994345841, 0.998793793471, 0.305430522107, 0.00796425605167, 3.89368946558
0.0474028787163, 0.0330288079042, 0.00294322028473, 0.0621312915203, 0.189237520995, 0.00191592883785, 0.3952896407, 0.505623947191, 0.18569366663, 0.617756909382, 0.108048801777, 0.167856425319, 0.295837649357, 0.291250030047, 0.471023429991, 0.232807365504, 0.42945710818, 0.341182880177, 0.914567913307, 0.929776909418, 0.233573344505, 0.40006363373, 0.209394017123, 0.279017717894, 0.228028559139, 0.331456487983, 0.0443355150849, 0.155006598918, 0.357124947429, 0.47111871976, 0.0474028787163, 3.28800305403
0.656935929774, 0.243666617238, 0.00294322028473, 0.229162042005, 0.153399107192, 0.525193438909, 0.109827040805, 0.172878466614, 0.103411520975, 0.877181540891, 0.100698479688, 0.373148028639, 0.466506605338, 0.980477939643, 0.0244839154556, 0.000652080470858, 0.448822230147, 0.383914074278, 0.965388359251, 0.0379434121137, 0.549746265767, 0.0764261584773, 0.0154272601813, 0.0925910639161, 0.0833492496792, 0.0288531635542, 0.347608365518, 0.111102336776, 0.372117397529, 0.980097537406, 0.656935929774, 1.53803620218
0.833560606564, 0.738472823605, 0.946320342942, 0.248181202441, 0.247257150883, 0.908045172786, 0.152443930505, 0.172878466614, 0.263148304919, 0.116629882165, 0.18695658781, 0.0148840973474, 0.175338341935, 0.088818704104, 0.855552599285, 0.219998987121, 0.400448170918, 0.383914074278, 0.669166443102, 0.0237953446722, 0.842780750737, 0.00737376627986, 0.000479800328437, 0.166214108481, 0.0192145033172, 0.111139014765, 0.347608365518, 0.111102336776, 0.163921900266, 0.786480143194, 0.833560606564, 1.37789272777
0.640680569649, 0.169365987074, 0.946320342942, 0.276126359858, 0.357145649485, 0.333792793683, 0.383483997692, 0.0255450701174, 0.0502602403585, 0.0190192445946, 0.886546034194, 0.0422091841859, 0.358111124522, 0.083908091369, 0.210512673806, 0.261811164596, 0.905077035623, 0.325220620951, 0.0719523160596, 0.0639902482549, 0.545181863381, 0.467995606613, 0.600431594075, 0.435934340618, 0.110338504259, 0.484857048543, 0.784104791164, 0.671040778323, 0.581207796789, 0.0391216944671, 0.640680569649, 1.99106391642
0.00436626255615, 0.0330481015152, 0.00101137959559, 0.0621312915203, 0.189237520995, 0.019695834693, 0.3952896407, 0.939287490373, 0.18569366663, 0.727722570892, 0.56173330408, 0.144931165695, 0.0326404179284, 0.154728279041, 0.742475802203, 0.298276591638, 0.42945710818, 0.341182880177, 0.277717057623, 0.929776909418, 0.39137721685, 0.881981828563, 0.209394017123, 0.417303266053, 0.240249042051, 0.331456487983, 0.210364873746, 0.0698837758951, 0.0705598955634, 0.620950159169, 0.00436626255615, 3.94138806965
0.158704775276, 0.156048076124, 0.0318712937403, 0.249640798329, 0.938063249507, 0.484844302237, 0.152443930505, 0.0725506724943, 0.178925094681, 0.219000146348, 0.196107672782, 0.167856425319, 0.316211992046, 0.0428826406933, 0.260562134489, 0.122035766169, 0.806870878199, 0.000313278205232, 0.00841486530129, 0.0842011671378, 0.335151514649, 0.0844986349745, 0.0625864508762, 0.775738104594, 0.544070345337, 0.822782844884, 0.247542556755, 0.337319644104, 0.642901159147, 0.624371388612, 0.158704775276, 3.16050914724
0.00112542749599, 0.0268711986292, 0.0010856052919, 0.0621312915203, 0.189237520995, 0.240633773376, 0.14137519389, 0.505623947191, 0.18569366663, 0.727722570892, 0.243093845855, 0.455660440669, 0.0326404179284, 0.130010578754, 0.378526997685, 0.618993499397, 0.42945710818, 0.341182880177, 0.487650487995, 0.929776909418, 0.82887672261, 0.179953920178, 0.154628387474, 0.417303266053, 0.228028559139, 0.214732064483, 0.210364873746, 0.00881994345841, 0.861111052279, 0.620950159169, 0.00112542749599, 3.98994413567
0.840197232727, 0.463523053765, 0.153795303267, 0.841963892849, 0.189738649158, 0.132329673983, 0.104204554608, 0.98584858658, 0.124214737919, 0.0425536657408, 0.0100600345007, 0.983690486547, 0.514058774659, 0.26554455901, 0.350000569147, 0.107315205173, 0.62126652236, 0.00351933373053, 0.712154134899, 0.0639902482549, 0.0588153264018, 0.354030651314, 0.899181681029, 0.281992795479, 0.0833492496792, 0.146130863574, 0.0675381281847, 0.121860213178, 0.00292075937104, 0.0758511896122, 0.840197232727, 1.15070346723
0.00112542749599, 0.0268711986292, 0.0010856052919, 0.0621312915203, 0.189237520995, 0.240633773376, 0.14137519389, 0.505623947191, 0.18569366663, 0.727722570892, 0.243093845855, 0.455660440669, 0.0326404179284, 0.130010578754, 0.378526997685, 0.618993499397, 0.42945710818, 0.341182880177, 0.487650487995, 0.929776909418, 0.82887672261, 0.179953920178, 0.154628387474, 0.417303266053, 0.228028559139, 0.214732064483, 0.210364873746, 0.00881994345841, 0.861111052279, 0.620950159169, 0.00112542749599, 3.98994413567
0.840197232727, 0.463523053765, 0.153795303267, 0.841963892849, 0.189738649158, 0.132329673983, 0.104204554608, 0.98584858658, 0.124214737919, 0.0425536657408, 0.0100600345007, 0.983690486547, 0.514058774659, 0.26554455901, 0.350000569147, 0.107315205173, 0.62126652236, 0.00351933373053, 0.712154134899, 0.0639902482549, 0.0588153264018, 0.354030651314, 0.899181681029, 0.281992795479, 0.0833492496792, 0.146130863574, 0.0675381281847, 0.121860213178, 0.00292075937104, 0.0758511896122, 0.840197232727, 1.15070346723
0.833560606564, 0.738472823605, 0.0955295695096, 0.248181202441, 0.845991142046, 0.908045172786, 0.152443930505, 0.813665648744, 0.00426481379466, 0.914902623727, 0.0871123817741, 0.0148840973474, 0.175338341935, 0.088818704104, 0.00474297933218, 0.219998987121, 0.258648499095, 0.341182880177, 0.265429328205, 0.0237953446722, 0.842780750737, 0.0844986349745, 0.000479800328437, 0.115173768911, 0.00923022693061, 0.188443287819, 0.347608365518, 0.111102336776, 0.861111052279, 0.786480143194, 0.833560606564, 1.42085020185
0.833560606564, 0.738472823605, 0.0955295695096, 0.248181202441, 0.845991142046, 0.908045172786, 0.152443930505, 0.813665648744, 0.00426481379466, 0.914902623727, 0.0871123817741, 0.0148840973474, 0.175338341935, 0.088818704104, 0.00474297933218, 0.219998987121, 0.258648499095, 0.341182880177, 0.265429328205, 0.0237953446722, 0.842780750737, 0.0844986349745, 0.000479800328437, 0.115173768911, 0.00923022693061, 0.188443287819, 0.347608365518, 0.111102336776, 0.861111052279, 0.786480143194, 0.833560606564, 1.42085020185
0.00367568623981, 0.0330481015152, 0.00294322028473, 0.0621312915203, 0.189237520995, 0.0156269516791, 0.478309843509, 0.054262878067, 0.18569366663, 0.981553891195, 0.56173330408, 0.455660440669, 0.209198442543, 0.130010578754, 0.378526997685, 0.336734252059, 0.42945710818, 0.341182880177, 0.827023978763, 0.929776909418, 0.82887672261, 0.179953920178, 0.209394017123, 0.417303266053, 0.228028559139, 0.331456487983, 0.210364873746, 0.00881994345841, 0.998793793471, 0.620950159169, 0.00367568623981, 4.17468876372
0.00367568623981, 0.0330481015152, 0.00294322028473, 0.0621312915203, 0.189237520995, 0.0156269516791, 0.478309843509, 0.054262878067, 0.18569366663, 0.981553891195, 0.56173330408, 0.455660440669, 0.209198442543, 0.130010578754, 0.378526997685, 0.336734252059, 0.42945710818, 0.341182880177, 0.827023978763, 0.929776909418, 0.82887672261, 0.179953920178, 0.209394017123, 0.417303266053, 0.228028559139, 0.331456487983, 0.210364873746, 0.00881994345841, 0.998793793471, 0.620950159169, 0.00367568623981, 4.17468876372
0.0474028787163, 0.0330288079042, 0.201051811192, 0.0621312915203, 0.189237520995, 0.0025150511633, 0.3952896407, 0.505623947191, 0.0781362678808, 0.163798203229, 0.209973371417, 0.167856425319, 0.295837649357, 0.356966271391, 0.698237445701, 0.232807365504, 0.42945710818, 0.583333174236, 0.914567913307, 0.929776909418, 0.60732643897, 0.0451429792034, 0.209394017123, 0.417303266053, 0.228028559139, 0.331456487983, 0.210364873746, 0.155006598918, 0.357124947429, 0.433810959362, 0.0474028787163, 3.45215671969
0.840197232727, 0.156048076124, 0.287397325529, 0.249640798329, 0.938063249507, 0.484844302237, 0.152443930505, 0.0725506724943, 0.178925094681, 0.219000146348, 0.196107672782, 0.542044195858, 0.190027287499, 0.0428826406933, 0.221180189918, 0.803606266641, 0.806870878199, 0.000313278205232, 0.00841486530129, 0.0842011671378, 0.335151514649, 0.274620449532, 0.0625864508762, 0.151855794169, 0.544070345337, 0.822782844884, 0.147330774547, 0.287139138681, 0.5283824587, 0.177146530623, 0.840197232727, 1.19907540494
0.0474028787163, 0.0330288079042, 0.201051811192, 0.0621312915203, 0.189237520995, 0.0025150511633, 0.3952896407, 0.505623947191, 0.0781362678808, 0.163798203229, 0.209973371417, 0.167856425319, 0.295837649357, 0.356966271391, 0.698237445701, 0.232807365504, 0.42945710818, 0.583333174236, 0.914567913307, 0.929776909418, 0.60732643897, 0.0451429792034, 0.209394017123, 0.417303266053, 0.228028559139, 0.331456487983, 0.210364873746, 0.155006598918, 0.357124947429, 0.433810959362, 0.0474028787163, 3.45215671969
0.840197232727, 0.156048076124, 0.287397325529, 0.249640798329, 0.938063249507, 0.484844302237, 0.152443930505, 0.0725506724943, 0.178925094681, 0.219000146348, 0.196107672782, 0.542044195858, 0.190027287499, 0.0428826406933, 0.221180189918, 0.803606266641, 0.806870878199, 0.000313278205232, 0.00841486530129, 0.0842011671378, 0.335151514649, 0.274620449532, 0.0625864508762, 0.151855794169, 0.544070345337, 0.822782844884, 0.147330774547, 0.287139138681, 0.5283824587, 0.177146530623, 0.840197232727, 1.19907540494
0.0221662296567, 0.107150961098, 0.00294322028473, 0.177350734568, 0.793388161449, 0.267268495847, 0.333906553684, 0.502491468816, 0.063591462001, 0.163798203229, 0.0334313229896, 0.114946686797, 0.466506605338, 0.0714037812217, 0.889929308722, 0.060763982881, 0.696453894386, 0.0787335950299, 0.389071036338, 0.438854210031, 0.4156725977, 0.441936632273, 0.168951933089, 0.128932832823, 0.122741704649, 0.525751692394, 0.289121137779, 0.110603091766, 0.86268513473, 0.980097537406, 0.0221662296567, 3.69752040421
0.833560606564, 0.966764792252, 0.946320342942, 0.248181202441, 0.247257150883, 0.908045172786, 0.152443930505, 0.172878466614, 0.263148304919, 0.0210705437631, 0.279001702565, 0.0148840973474, 0.175338341935, 0.088818704104, 0.744631001339, 0.219998987121, 0.400448170918, 0.626734493808, 0.669166443102, 0.0237953446722, 0.842780750737, 0.00737376627986, 0.000479800328437, 0.166214108481, 0.0192145033172, 0.0686044533826, 0.347608365518, 0.111102336776, 0.163921900266, 0.786480143194, 0.833560606564, 1.45300938162
0.653472603245, 0.0354098351951, 0.546305299767, 0.287198628041, 0.759309300167, 0.0130766444412, 0.144425669192, 0.860993536852, 0.594606448104, 0.128918156972, 0.000114592561302, 0.610079516995, 0.630340874338, 0.0131530458337, 0.302165941654, 0.602813668383, 0.945026960742, 0.00100760232176, 0.119560225611, 0.0116682711552, 0.626513112394, 0.570603041118, 0.541547808909, 0.416462745911, 0.0426178756486, 0.0452791115159, 0.312115105019, 0.216455947631, 0.952166624844, 0.515129014283, 0.653472603245, 2.02707736622
0.0221662296567, 0.107150961098, 0.00294322028473, 0.177350734568, 0.793388161449, 0.267268495847, 0.333906553684, 0.502491468816, 0.063591462001, 0.163798203229, 0.0334313229896, 0.114946686797, 0.466506605338, 0.0714037812217, 0.889929308722, 0.060763982881, 0.696453894386, 0.0787335950299, 0.389071036338, 0.438854210031, 0.4156725977, 0.441936632273, 0.168951933089, 0.128932832823, 0.122741704649, 0.525751692394, 0.289121137779, 0.110603091766, 0.86268513473, 0.980097537406, 0.0221662296567, 3.69752040421
0.833560606564, 0.966764792252, 0.946320342942, 0.248181202441, 0.247257150883, 0.908045172786, 0.152443930505, 0.172878466614, 0.263148304919, 0.0210705437631, 0.279001702565, 0.0148840973474, 0.175338341935, 0.088818704104, 0.744631001339, 0.219998987121, 0.400448170918, 0.626734493808, 0.669166443102, 0.0237953446722, 0.842780750737, 0.00737376627986, 0.000479800328437, 0.166214108481, 0.0192145033172, 0.0686044533826, 0.347608365518, 0.111102336776, 0.163921900266, 0.786480143194, 0.833560606564, 1.45300938162
0.653472603245, 0.0354098351951, 0.546305299767, 0.287198628041, 0.759309300167, 0.0130766444412, 0.144425669192, 0.860993536852, 0.594606448104, 0.128918156972, 0.000114592561302, 0.610079516995, 0.630340874338, 0.0131530458337, 0.302165941654, 0.602813668383, 0.945026960742, 0.00100760232176, 0.119560225611, 0.0116682711552, 0.626513112394, 0.570603041118, 0.541547808909, 0.416462745911, 0.0426178756486, 0.0452791115159, 0.312115105019, 0.216455947631, 0.952166624844, 0.515129014283, 0.653472603245, 2.02707736622
0.656935929774, 0.243666617238, 0.151776195627, 0.137010948349, 0.0446407978252, 0.267268495847, 0.214202434906, 0.172878466614, 0.103411520975, 0.877181540891, 0.146537838662, 0.0310817236507, 0.0720326515998, 0.79280020476, 0.889929308722, 0.000441737861998, 0.448822230147, 0.383914074278, 0.669166443102, 0.0379434121137, 0.842780750737, 0.302182403714, 0.0157951482283, 0.281992795479, 0.0833492496792, 0.188443287819, 0.347608365518, 0.111102336776, 0.372117397529, 0.980097537406, 0.656935929774, 1.62486196801
0.00436626255615, 0.0330481015152, 0.0018215018929, 0.0621312915203, 0.189237520995, 0.019695834693, 0.3952896407, 0.939287490373, 0.18569366663, 0.727722570892, 0.56173330408, 0.144931165695, 0.0326404179284, 0.154728279041, 0.742475802203, 0.336734252059, 0.42945710818, 0.341182880177, 0.279223359394, 0.929776909418, 0.848345884844, 0.881981828563, 0.209394017123, 0.417303266053, 0.240249042051, 0.331456487983, 0.210364873746, 0.0698837758951, 0.0705598955634, 0.620950159169, 0.00436626255615, 4.09335539347
0.656935929774, 0.243666617238, 0.151776195627, 0.137010948349, 0.0446407978252, 0.267268495847, 0.214202434906, 0.172878466614, 0.103411520975, 0.877181540891, 0.146537838662, 0.0310817236507, 0.0720326515998, 0.79280020476, 0.889929308722, 0.000441737861998, 0.448822230147, 0.383914074278, 0.669166443102, 0.0379434121137, 0.842780750737, 0.302182403714, 0.0157951482283, 0.281992795479, 0.0833492496792, 0.188443287819, 0.347608365518, 0.111102336776, 0.372117397529, 0.980097537406, 0.656935929774, 1.62486196801
0.00436626255615, 0.0330481015152, 0.0018215018929, 0.0621312915203, 0.189237520995, 0.019695834693, 0.3952896407, 0.939287490373, 0.18569366663, 0.727722570892, 0.56173330408, 0.144931165695, 0.0326404179284, 0.154728279041, 0.742475802203, 0.336734252059, 0.42945710818, 0.341182880177, 0.279223359394, 0.929776909418, 0.848345884844, 0.881981828563, 0.209394017123, 0.417303266053, 0.240249042051, 0.331456487983, 0.210364873746, 0.0698837758951, 0.0705598955634, 0.620950159169, 0.00436626255615, 4.09335539347
0.840197232727, 0.139809714296, 0.0287607560841, 0.177350734568, 0.189738649158, 0.435612047461, 0.0865795603897, 0.949167963439, 0.884974782087, 0.0425536657408, 0.0285363484686, 0.00592128140846, 0.514058774659, 0.26554455901, 0.350000569147, 0.543933369544, 0.340766689913, 0.473799326985, 0.669166443102, 0.334689682425, 0.545181863381, 0.0623312303426, 0.353172604711, 0.298333134235, 0.0833492496792, 0.214843770336, 0.154330295276, 0.121860213178, 0.5283824587, 0.452193705825, 0.840197232727, 1.27259003124
0.266377532412, 0.174485814093, 0.946320342942, 0.888184357119, 0.672311724431, 0.333792793683, 0.91449896662, 0.0255450701174, 0.0541575354581, 0.116629882165, 0.941858496645, 0.28453426101, 0.888203066356, 0.157631277633, 0.421699440866, 0.147287445045, 0.0585514818572, 0.0429579854149, 0.59577001487, 0.457094148252, 0.979362734432, 0.932547793844, 0.104375679666, 0.00562601273893, 0.110338504259, 0.188443287819, 0.346399483148, 0.671040778323, 0.581207796789, 0.0391216944671, 0.266377532412, 3.39233941287
0.840197232727, 0.139809714296, 0.0287607560841, 0.177350734568, 0.189738649158, 0.435612047461, 0.0865795603897, 0.949167963439, 0.884974782087, 0.0425536657408, 0.0285363484686, 0.00592128140846, 0.514058774659, 0.26554455901, 0.350000569147, 0.543933369544, 0.340766689913, 0.473799326985, 0.669166443102, 0.334689682425, 0.545181863381, 0.0623312303426, 0.353172604711, 0.298333134235, 0.0833492496792, 0.214843770336, 0.154330295276, 0.121860213178, 0.5283824587, 0.452193705825, 0.840197232727, 1.27259003124
0.266377532412, 0.174485814093, 0.946320342942, 0.888184357119, 0.672311724431, 0.333792793683, 0.91449896662, 0.0255450701174, 0.0541575354581, 0.116629882165, 0.941858496645, 0.28453426101, 0.888203066356, 0.157631277633, 0.421699440866, 0.147287445045, 0.0585514818572, 0.0429579854149, 0.59577001487, 0.457094148252, 0.979362734432, 0.932547793844, 0.104375679666, 0.00562601273893, 0.110338504259, 0.188443287819, 0.346399483148, 0.671040778323, 0.581207796789, 0.0391216944671, 0.266377532412, 3.39233941287
0.0211886373744, 0.107150961098, 0.00294322028473, 0.177350734568, 0.793388161449, 0.267268495847, 0.447160156766, 0.132080579436, 0.0977627915036, 0.163798203229, 0.0334313229896, 0.114946686797, 0.466506605338, 0.0714037812217, 0.889929308722, 0.060763982881, 0.891348793536, 0.901122134052, 0.236892137968, 0.247253728663, 0.414807430996, 0.448914963016, 0.168951933089, 0.128932832823, 0.383436370997, 0.525751692394, 0.289121137779, 0.110603091766, 0.86268513473, 0.980097537406, 0.0211886373744, 3.91993782957
0.0211886373744, 0.107150961098, 0.00294322028473, 0.177350734568, 0.793388161449, 0.267268495847, 0.447160156766, 0.132080579436, 0.0977627915036, 0.163798203229, 0.0334313229896, 0.114946686797, 0.466506605338, 0.0714037812217, 0.889929308722, 0.060763982881, 0.891348793536, 0.901122134052, 0.236892137968, 0.247253728663, 0.414807430996, 0.448914963016, 0.168951933089, 0.128932832823, 0.383436370997, 0.525751692394, 0.289121137779, 0.110603091766, 0.86268513473, 0.980097537406, 0.0211886373744, 3.91993782957
0.840197232727, 0.243666617238, 0.153795303267, 0.177350734568, 0.189738649158, 0.435612047461, 0.81442591508, 0.949167963439, 0.0221644596247, 0.0425536657408, 0.07609468232, 0.992404343981, 0.0796639371293, 0.26554455901, 0.350000569147, 0.543933369544, 0.340766689913, 0.00351933373053, 0.478590029263, 0.553058671484, 0.0192032773797, 0.283434858933, 0.411391144675, 0.298333134235, 0.0256498674455, 0.242421762346, 0.38536835911, 0.0756299256305, 0.5283824587, 0.543329572743, 0.840197232727, 1.33227012493
0.840197232727, 0.243666617238, 0.153795303267, 0.177350734568, 0.189738649158, 0.435612047461, 0.81442591508, 0.949167963439, 0.0221644596247, 0.0425536657408, 0.07609468232, 0.992404343981, 0.0796639371293, 0.26554455901, 0.350000569147, 0.543933369544, 0.340766689913, 0.00351933373053, 0.478590029263, 0.553058671484, 0.0192032773797, 0.283434858933, 0.411391144675, 0.298333134235, 0.0256498674455, 0.242421762346, 0.38536835911, 0.0756299256305, 0.5283824587, 0.543329572743, 0.840197232727, 1.33227012493
0.271156925324, 0.374135681628, 0.0295781678634, 0.419823806117, 0.708812709735, 0.267074530675, 0.234352055597, 0.286380396168, 0.35746998588, 0.116629882165, 0.43312457715, 0.6327306576, 0.0434530802114, 0.0714037812217, 0.569859573896, 0.362956565404, 0.369156212961, 0.665184138321, 0.000976552487531, 0.00206585713063, 0.415354839434, 0.35096383794, 0.14370074351, 0.699656963516, 0.110338504259, 0.199601605388, 0.00668247411258, 0.283480020722, 0.861561623161, 0.33711166089, 0.271156925324, 2.66068425551
0.430972401595, 0.263854532326, 0.99238248472, 0.35245154195, 0.231618926915, 0.696066845823, 0.2264537943, 0.593029026843, 0.385131658238, 0.163798203229, 0.211568572832, 0.875488524981, 0.0334712241681, 0.26554455901, 0.415664828662, 0.76467921599, 0.222361600386, 0.232729822973, 0.000976552487531, 0.0694114410022, 0.846828170794, 0.187602399528, 0.0662324154318, 0.0377643574027, 0.267039441648, 0.146130863574, 0.102751438289, 0.127201784613, 0.790218063812, 0.77496883264, 0.430972401595, 2.506789789
0.0474028787163, 0.0330288079042, 0.00294322028473, 0.0621312915203, 0.189237520995, 0.00137215778396, 0.3952896407, 0.505623947191, 0.744989692424, 0.617756909382, 0.108048801777, 0.167856425319, 0.295837649357, 0.291250030047, 0.569859573896, 0.232807365504, 0.42945710818, 0.341182880177, 0.914567913307, 0.929776909418, 0.233573344505, 0.40006363373, 0.209394017123, 0.279017717894, 0.228028559139, 0.331456487983, 0.0443355150849, 0.155006598918, 0.357124947429, 0.47111871976, 0.0474028787163, 3.48077243755
0.421732042632, 0.139809714296, 0.0917279193623, 0.177350734568, 0.189738649158, 0.435612047461, 0.127604319171, 0.949167963439, 0.0390648708267, 0.0425536657408, 0.07609468232, 0.992404343981, 0.514058774659, 0.26554455901, 0.350000569147, 0.543933369544, 0.340766689913, 0.473799326985, 0.669166443102, 0.0155906047467, 0.348191920332, 0.50105849974, 0.353172604711, 0.151855794169, 0.0833492496792, 0.214843770336, 0.210364873746, 0.664441092959, 0.800731928871, 0.510842709709, 0.421732042632, 2.59303680165
0.271156925324, 0.374135681628, 0.0295781678634, 0.419823806117, 0.708812709735, 0.267074530675, 0.234352055597, 0.286380396168, 0.35746998588, 0.116629882165, 0.43312457715, 0.6327306576, 0.0434530802114, 0.0714037812217, 0.569859573896, 0.362956565404, 0.369156212961, 0.665184138321, 0.000976552487531, 0.00206585713063, 0.415354839434, 0.35096383794, 0.14370074351, 0.699656963516, 0.110338504259, 0.199601605388, 0.00668247411258, 0.283480020722, 0.861561623161, 0.33711166089, 0.271156925324, 2.66068425551
0.430972401595, 0.263854532326, 0.99238248472, 0.35245154195, 0.231618926915, 0.696066845823, 0.2264537943, 0.593029026843, 0.385131658238, 0.163798203229, 0.211568572832, 0.875488524981, 0.0334712241681, 0.26554455901, 0.415664828662, 0.76467921599, 0.222361600386, 0.232729822973, 0.000976552487531, 0.0694114410022, 0.846828170794, 0.187602399528, 0.0662324154318, 0.0377643574027, 0.267039441648, 0.146130863574, 0.102751438289, 0.127201784613, 0.790218063812, 0.77496883264, 0.430972401595, 2.506789789
0.0474028787163, 0.0330288079042, 0.00294322028473, 0.0621312915203, 0.189237520995, 0.00137215778396, 0.3952896407, 0.505623947191, 0.744989692424, 0.617756909382, 0.108048801777, 0.167856425319, 0.295837649357, 0.291250030047, 0.569859573896, 0.232807365504, 0.42945710818, 0.341182880177, 0.914567913307, 0.929776909418, 0.233573344505, 0.40006363373, 0.209394017123, 0.279017717894, 0.228028559139, 0.331456487983, 0.0443355150849, 0.155006598918, 0.357124947429, 0.47111871976, 0.0474028787163, 3.48077243755
0.421732042632, 0.139809714296, 0.0917279193623, 0.177350734568, 0.189738649158, 0.435612047461, 0.127604319171, 0.949167963439, 0.0390648708267, 0.0425536657408, 0.07609468232, 0.992404343981, 0.514058774659, 0.26554455901, 0.350000569147, 0.543933369544, 0.340766689913, 0.473799326985, 0.669166443102, 0.0155906047467, 0.348191920332, 0.50105849974, 0.353172604711, 0.151855794169, 0.0833492496792, 0.214843770336, 0.210364873746, 0.664441092959, 0.800731928871, 0.510842709709, 0.421732042632, 2.59303680165
0.450793580472, 0.37655790771, 0.0148336976695, 0.249640798329, 0.12999615274, 0.484844302237, 0.152443930505, 0.0725506724943, 0.167379311376, 0.219000146348, 0.196107672782, 0.983690486547, 0.316211992046, 0.0428826406933, 0.221180189918, 0.122035766169, 0.306703660104, 0.000313278205232, 0.00841486530129, 0.0842011671378, 0.335151514649, 0.274620449532, 0.0625864508762, 0.985307801728, 0.544070345337, 0.776621432089, 0.100643580712, 0.633702161398, 0.57545412575, 0.633865040977, 0.450793580472, 2.05306082166
0.450793580472, 0.37655790771, 0.0148336976695, 0.249640798329, 0.12999615274, 0.484844302237, 0.152443930505, 0.0725506724943, 0.167379311376, 0.219000146348, 0.196107672782, 0.983690486547, 0.316211992046, 0.0428826406933, 0.221180189918, 0.122035766169, 0.306703660104, 0.000313278205232, 0.00841486530129, 0.0842011671378, 0.335151514649, 0.274620449532, 0.0625864508762, 0.985307801728, 0.544070345337, 0.776621432089, 0.100643580712, 0.633702161398, 0.57545412575, 0.633865040977, 0.450793580472, 2.05306082166
0.840197232727, 0.139809714296, 0.153795303267, 0.177350734568, 0.189738649158, 0.435612047461, 0.81442591508, 0.860993536852, 0.107671949813, 0.0425536657408, 0.326216290776, 0.983690486547, 0.514058774659, 0.26554455901, 0.350000569147, 0.107315205173, 0.413264066696, 0.00351933373053, 0.669166443102, 0.634806217057, 0.348191920332, 0.283434858933, 0.411391144675, 0.281992795479, 0.0833492496792, 0.146130863574, 0.0675381281847, 0.121860213178, 0.5283824587, 0.0758511896122, 0.840197232727, 1.33524630556
0.840197232727, 0.139809714296, 0.153795303267, 0.177350734568, 0.189738649158, 0.435612047461, 0.81442591508, 0.860993536852, 0.107671949813, 0.0425536657408, 0.326216290776, 0.983690486547, 0.514058774659, 0.26554455901, 0.350000569147, 0.107315205173, 0.413264066696, 0.00351933373053, 0.669166443102, 0.634806217057, 0.348191920332, 0.283434858933, 0.411391144675, 0.281992795479, 0.0833492496792, 0.146130863574, 0.0675381281847, 0.121860213178, 0.5283824587, 0.0758511896122, 0.840197232727, 1.33524630556
0.0450653097291, 0.113645889827, 0.00294322028473, 0.177350734568, 0.56823349013, 0.185095408288, 0.862655092453, 0.517483297103, 0.884974782087, 0.703696715196, 0.0334313229896, 0.104992650154, 0.0376850769366, 0.356966271391, 0.889929308722, 0.206721273286, 0.0104966630114, 0.5414055487, 0.494289877157, 0.928449111177, 0.00771996204444, 0.329213900609, 0.209394017123, 0.43273106216, 0.228028559139, 0.686264178439, 0.0494324077515, 0.275761430289, 0.163921900266, 0.29872784728, 0.0450653097291, 3.71763172853
0.0221662296567, 0.107150961098, 0.00294322028473, 0.177350734568, 0.793388161449, 0.267268495847, 0.326085672615, 0.132080579436, 0.063591462001, 0.163798203229, 0.0334313229896, 0.114946686797, 0.466506605338, 0.0714037812217, 0.889929308722, 0.060763982881, 0.696453894386, 0.691121701969, 0.389071036338, 0.438854210031, 0.4156725977, 0.441936632273, 0.168951933089, 0.128932832823, 0.122741704649, 0.364607900748, 0.289121137779, 0.110603091766, 0.86268513473, 0.980097537406, 0.0221662296567, 3.71933830639
0.0450653097291, 0.113645889827, 0.00294322028473, 0.177350734568, 0.56823349013, 0.185095408288, 0.862655092453, 0.517483297103, 0.884974782087, 0.703696715196, 0.0334313229896, 0.104992650154, 0.0376850769366, 0.356966271391, 0.889929308722, 0.206721273286, 0.0104966630114, 0.5414055487, 0.494289877157, 0.928449111177, 0.00771996204444, 0.329213900609, 0.209394017123, 0.43273106216, 0.228028559139, 0.686264178439, 0.0494324077515, 0.275761430289, 0.163921900266, 0.29872784728, 0.0450653097291, 3.71763172853
0.0221662296567, 0.107150961098, 0.00294322028473, 0.177350734568, 0.793388161449, 0.267268495847, 0.326085672615, 0.132080579436, 0.063591462001, 0.163798203229, 0.0334313229896, 0.114946686797, 0.466506605338, 0.0714037812217, 0.889929308722, 0.060763982881, 0.696453894386, 0.691121701969, 0.389071036338, 0.438854210031, 0.4156725977, 0.441936632273, 0.168951933089, 0.128932832823, 0.122741704649, 0.364607900748, 0.289121137779, 0.110603091766, 0.86268513473, 0.980097537406, 0.0221662296567, 3.71933830639
0.656935929774, 0.243666617238, 0.00294322028473, 0.248181202441, 0.0580404295551, 0.525193438909, 0.109827040805, 0.172878466614, 0.103411520975, 0.877181540891, 0.100698479688, 0.0310817236507, 0.466506605338, 0.984606748178, 0.889929308722, 0.000652080470858, 0.448822230147, 0.383914074278, 0.669166443102, 0.0379434121137, 0.842780750737, 0.0764261584773, 0.0157951482283, 0.281992795479, 0.0833492496792, 0.188443287819, 0.347608365518, 0.0903031786901, 0.372117397529, 0.980097537406, 0.656935929774, 1.72937476066
0.0474028787163, 0.213515068205, 0.00294322028473, 0.0621312915203, 0.189237520995, 0.880056408212, 0.3952896407, 0.376941484132, 0.18569366663, 0.286978324163, 0.287575772431, 0.397460609025, 0.295837649357, 0.356966271391, 0.569859573896, 0.336734252059, 0.793737685126, 0.383914074278, 0.669166443102, 0.0155906047467, 0.0955887503547, 0.0844986349745, 0.209394017123, 0.257104127272, 0.228028559139, 0.331456487983, 0.0117221888196, 0.155006598918, 0.968224364637, 0.620950159169, 0.0474028787163, 3.51582496688
0.656935929774, 0.243666617238, 0.00294322028473, 0.248181202441, 0.0580404295551, 0.525193438909, 0.109827040805, 0.172878466614, 0.103411520975, 0.877181540891, 0.100698479688, 0.0310817236507, 0.466506605338, 0.984606748178, 0.889929308722, 0.000652080470858, 0.448822230147, 0.383914074278, 0.669166443102, 0.0379434121137, 0.842780750737, 0.0764261584773, 0.0157951482283, 0.281992795479, 0.0833492496792, 0.188443287819, 0.347608365518, 0.0903031786901, 0.372117397529, 0.980097537406, 0.656935929774, 1.72937476066
0.0474028787163, 0.213515068205, 0.00294322028473, 0.0621312915203, 0.189237520995, 0.880056408212, 0.3952896407, 0.376941484132, 0.18569366663, 0.286978324163, 0.287575772431, 0.397460609025, 0.295837649357, 0.356966271391, 0.569859573896, 0.336734252059, 0.793737685126, 0.383914074278, 0.669166443102, 0.0155906047467, 0.0955887503547, 0.0844986349745, 0.209394017123, 0.257104127272, 0.228028559139, 0.331456487983, 0.0117221888196, 0.155006598918, 0.968224364637, 0.620950159169, 0.0474028787163, 3.51582496688
0.833560606564, 0.156048076124, 0.0955295695096, 0.248181202441, 0.545919524699, 0.908045172786, 0.00811575706418, 0.172878466614, 0.18569366663, 0.914902623727, 0.831973730461, 0.0148840973474, 0.175338341935, 0.088818704104, 0.744631001339, 0.219998987121, 0.88032798237, 0.383914074278, 0.3070755191, 0.0237953446722, 0.842780750737, 0.00737376627986, 0.000479800328437, 0.166214108481, 0.0192145033172, 0.188443287819, 0.347608365518, 0.683246197966, 0.163921900266, 0.786480143194, 0.833560606564, 1.55605656261
0.840197232727, 0.0436495892535, 0.153795303267, 0.177350734568, 0.189738649158, 0.435612047461, 0.81442591508, 0.949167963439, 0.107671949813, 0.0425536657408, 0.326216290776, 0.983690486547, 0.544611841697, 0.26554455901, 0.57775765688, 0.107315205173, 0.461134455537, 0.00351933373053, 0.669166443102, 0.656226583055, 0.348191920332, 0.283434858933, 0.409190642992, 0.281992795479, 0.0833492496792, 0.146130863574, 0.0675381281847, 0.121860213178, 0.5283824587, 0.0758511896122, 0.840197232727, 1.41120618324
0.833560606564, 0.156048076124, 0.0955295695096, 0.248181202441, 0.545919524699, 0.908045172786, 0.00811575706418, 0.172878466614, 0.18569366663, 0.914902623727, 0.831973730461, 0.0148840973474, 0.175338341935, 0.088818704104, 0.744631001339, 0.219998987121, 0.88032798237, 0.383914074278, 0.3070755191, 0.0237953446722, 0.842780750737, 0.00737376627986, 0.000479800328437, 0.166214108481, 0.0192145033172, 0.188443287819, 0.347608365518, 0.683246197966, 0.163921900266, 0.786480143194, 0.833560606564, 1.55605656261
0.840197232727, 0.0436495892535, 0.153795303267, 0.177350734568, 0.189738649158, 0.435612047461, 0.81442591508, 0.949167963439, 0.107671949813, 0.0425536657408, 0.326216290776, 0.983690486547, 0.544611841697, 0.26554455901, 0.57775765688, 0.107315205173, 0.461134455537, 0.00351933373053, 0.669166443102, 0.656226583055, 0.348191920332, 0.283434858933, 0.409190642992, 0.281992795479, 0.0833492496792, 0.146130863574, 0.0675381281847, 0.121860213178, 0.5283824587, 0.0758511896122, 0.840197232727, 1.41120618324
0.0252122875293, 0.113645889827, 0.00294322028473, 0.177350734568, 0.56823349013, 0.185095408288, 0.3952896407, 0.517483297103, 0.884974782087, 0.703696715196, 0.0334313229896, 0.104992650154, 0.0376850769366, 0.356966271391, 0.889929308722, 0.171262393449, 0.0104966630114, 0.5414055487, 0.494289877157, 0.910998055922, 0.205435009731, 0.0844986349745, 0.209394017123, 0.417303266053, 0.228028559139, 0.686264178439, 0.0494324077515, 0.275761430289, 0.776122263975, 0.29872784728, 0.0252122875293, 3.86261835853
0.0252122875293, 0.113645889827, 0.00294322028473, 0.177350734568, 0.56823349013, 0.185095408288, 0.3952896407, 0.517483297103, 0.884974782087, 0.703696715196, 0.0334313229896, 0.104992650154, 0.0376850769366, 0.356966271391, 0.889929308722, 0.171262393449, 0.0104966630114, 0.5414055487, 0.494289877157, 0.910998055922, 0.205435009731, 0.0844986349745, 0.209394017123, 0.417303266053, 0.228028559139, 0.686264178439, 0.0494324077515, 0.275761430289, 0.776122263975, 0.29872784728, 0.0252122875293, 3.86261835853
0.0474028787163, 0.213515068205, 0.00294322028473, 0.0621312915203, 0.189237520995, 0.880056408212, 0.3952896407, 0.657186280727, 0.18569366663, 0.219290883827, 0.287575772431, 0.397460609025, 0.295837649357, 0.356966271391, 0.569859573896, 0.336734252059, 0.74488931201, 0.383914074278, 0.669166443102, 0.0155906047467, 0.0955887503547, 0.341334981674, 0.609393089861, 0.257104127272, 0.228028559139, 0.331456487983, 0.0117221888196, 0.155006598918, 0.28331501019, 0.620950159169, 0.0474028787163, 3.55563297425
0.0474028787163, 0.213515068205, 0.00294322028473, 0.0621312915203, 0.189237520995, 0.880056408212, 0.3952896407, 0.657186280727, 0.18569366663, 0.219290883827, 0.287575772431, 0.397460609025, 0.295837649357, 0.356966271391, 0.569859573896, 0.336734252059, 0.74488931201, 0.383914074278, 0.669166443102, 0.0155906047467, 0.0955887503547, 0.341334981674, 0.609393089861, 0.257104127272, 0.228028559139, 0.331456487983, 0.0117221888196, 0.155006598918, 0.28331501019, 0.620950159169, 0.0474028787163, 3.55563297425
0.430972401595, 0.606106550297, 0.00294322028473, 0.0621312915203, 0.231618926915, 0.862963782061, 0.127604319171, 0.657186280727, 0.18569366663, 0.113134914308, 0.287575772431, 0.167856425319, 0.295837649357, 0.356966271391, 0.881397069793, 0.336734252059, 0.74488931201, 0.474919680126, 0.876985436077, 0.0155906047467, 0.0955887503547, 0.0844986349745, 0.209394017123, 0.417303266053, 0.405722812835, 0.331456487983, 0.210364873746, 0.271664484754, 0.268975260954, 0.779915290158, 0.430972401595, 2.51189933454
0.430972401595, 0.606106550297, 0.00294322028473, 0.0621312915203, 0.231618926915, 0.862963782061, 0.127604319171, 0.657186280727, 0.18569366663, 0.113134914308, 0.287575772431, 0.167856425319, 0.295837649357, 0.356966271391, 0.881397069793, 0.336734252059, 0.74488931201, 0.474919680126, 0.876985436077, 0.0155906047467, 0.0955887503547, 0.0844986349745, 0.209394017123, 0.417303266053, 0.405722812835, 0.331456487983, 0.210364873746, 0.271664484754, 0.268975260954, 0.779915290158, 0.430972401595, 2.51189933454
0.271156925324, 0.374135681628, 0.743585931112, 0.419823806117, 0.708812709735, 0.333792793683, 0.170879027325, 0.529581607596, 0.777618092613, 0.770042195656, 0.0534380234397, 0.6327306576, 0.141743637591, 0.250124106692, 0.191726397615, 0.247849495539, 0.462422524145, 0.665184138321, 0.67628299806, 0.37922828837, 0.00450618018272, 0.223218319703, 0.558705766049, 0.09317699467, 8.04922897575e-05, 0.163556965116, 0.00668247411258, 0.283480020722, 0.861561623161, 0.387888442691, 0.271156925324, 3.13678271457
0.396396258816, 0.963440154427, 0.679339869634, 0.248181202441, 0.545919524699, 0.96969511393, 0.152443930505, 0.172878466614, 0.193386914823, 0.914902623727, 0.18695658781, 0.0148840973474, 0.175338341935, 0.088818704104, 0.744631001339, 0.219998987121, 0.218367848273, 0.383914074278, 0.121038339652, 0.0125384041165, 0.842780750737, 0.00737376627986, 0.000479800328437, 0.166214108481, 0.0192145033172, 0.484857048543, 0.347608365518, 0.111102336776, 0.163921900266, 0.786480143194, 0.396396258816, 2.8562649523
0.840197232727, 0.582652530093, 0.153795303267, 0.177350734568, 0.189738649158, 0.544917814198, 0.81442591508, 0.949167963439, 0.0221644596247, 0.0425536657408, 0.267481819949, 0.0501821998405, 0.2928296606, 0.26554455901, 0.350000569147, 0.543933369544, 0.340766689913, 0.00351933373053, 0.770234490336, 0.334689682425, 0.0192032773797, 0.804591022314, 0.411391144675, 0.298333134235, 0.0833492496792, 0.242421762346, 0.154330295276, 0.251029489648, 0.5283824587, 0.452193705825, 0.840197232727, 1.43185886573
0.271156925324, 0.374135681628, 0.743585931112, 0.419823806117, 0.708812709735, 0.333792793683, 0.170879027325, 0.529581607596, 0.777618092613, 0.770042195656, 0.0534380234397, 0.6327306576, 0.141743637591, 0.250124106692, 0.191726397615, 0.247849495539, 0.462422524145, 0.665184138321, 0.67628299806, 0.37922828837, 0.00450618018272, 0.223218319703, 0.558705766049, 0.09317699467, 8.04922897575e-05, 0.163556965116, 0.00668247411258, 0.283480020722, 0.861561623161, 0.387888442691, 0.271156925324, 3.13678271457
0.396396258816, 0.963440154427, 0.679339869634, 0.248181202441, 0.545919524699, 0.96969511393, 0.152443930505, 0.172878466614, 0.193386914823, 0.914902623727, 0.18695658781, 0.0148840973474, 0.175338341935, 0.088818704104, 0.744631001339, 0.219998987121, 0.218367848273, 0.383914074278, 0.121038339652, 0.0125384041165, 0.842780750737, 0.00737376627986, 0.000479800328437, 0.166214108481, 0.0192145033172, 0.484857048543, 0.347608365518, 0.111102336776, 0.163921900266, 0.786480143194, 0.396396258816, 2.8562649523
0.840197232727, 0.582652530093, 0.153795303267, 0.177350734568, 0.189738649158, 0.544917814198, 0.81442591508, 0.949167963439, 0.0221644596247, 0.0425536657408, 0.267481819949, 0.0501821998405, 0.2928296606, 0.26554455901, 0.350000569147, 0.543933369544, 0.340766689913, 0.00351933373053, 0.770234490336, 0.334689682425, 0.0192032773797, 0.804591022314, 0.411391144675, 0.298333134235, 0.0833492496792, 0.242421762346, 0.154330295276, 0.251029489648, 0.5283824587, 0.452193705825, 0.840197232727, 1.43185886573
0.0450653097291, 0.113645889827, 0.00294322028473, 0.177350734568, 0.843446528047, 0.185095408288, 0.3952896407, 0.500862563202, 0.0386673818568, 0.727722570892, 0.0334313229896, 0.104992650154, 0.521973260096, 0.356966271391, 0.854677850024, 0.189945800217, 0.0104966630114, 0.5414055487, 0.494289877157, 0.928449111177, 0.0955887503547, 0.0844986349745, 0.209394017123, 0.417303266053, 0.228028559139, 0.686264178439, 0.481768258553, 0.247790875564, 0.861111052279, 0.29872784728, 0.0450653097291, 3.81491470547
0.0450653097291, 0.113645889827, 0.00294322028473, 0.177350734568, 0.843446528047, 0.185095408288, 0.3952896407, 0.500862563202, 0.0386673818568, 0.727722570892, 0.0334313229896, 0.104992650154, 0.521973260096, 0.356966271391, 0.854677850024, 0.189945800217, 0.0104966630114, 0.5414055487, 0.494289877157, 0.928449111177, 0.0955887503547, 0.0844986349745, 0.209394017123, 0.417303266053, 0.228028559139, 0.686264178439, 0.481768258553, 0.247790875564, 0.861111052279, 0.29872784728, 0.0450653097291, 3.81491470547
0.656935929774, 0.243666617238, 0.151776195627, 0.248181202441, 0.0446407978252, 0.267268495847, 0.214202434906, 0.172878466614, 0.103411520975, 0.877181540891, 0.321083676949, 0.0310817236507, 0.0720326515998, 0.79280020476, 0.889929308722, 0.000530548676823, 0.448822230147, 0.383914074278, 0.927850358882, 0.0379434121137, 0.842780750737, 0.302182403714, 0.437196246308, 0.165803686971, 0.0833492496792, 0.0600047903753, 0.347608365518, 0.111102336776, 0.372117397529, 0.980097537406, 0.656935929774, 1.80317138632
0.656935929774, 0.243666617238, 0.151776195627, 0.248181202441, 0.0446407978252, 0.267268495847, 0.214202434906, 0.172878466614, 0.103411520975, 0.877181540891, 0.321083676949, 0.0310817236507, 0.0720326515998, 0.79280020476, 0.889929308722, 0.000530548676823, 0.448822230147, 0.383914074278, 0.927850358882, 0.0379434121137, 0.842780750737, 0.302182403714, 0.437196246308, 0.165803686971, 0.0833492496792, 0.0600047903753, 0.347608365518, 0.111102336776, 0.372117397529, 0.980097537406, 0.656935929774, 1.80317138632
0.271156925324, 0.374135681628, 0.743585931112, 0.334975869276, 0.708812709735, 0.333792793683, 0.170879027325, 0.529581607596, 0.777618092613, 0.770042195656, 0.0534380234397, 0.6327306576, 0.141743637591, 0.250124106692, 0.191726397615, 0.247849495539, 0.462422524145, 0.665184138321, 0.67628299806, 0.0694114410022, 0.415354839434, 0.223218319703, 0.0969788298339, 0.09317699467, 0.0192145033172, 0.2605736689, 0.00668247411258, 0.283480020722, 0.861561623161, 0.786480143194, 0.271156925324, 3.1556105071
0.271156925324, 0.374135681628, 0.743585931112, 0.334975869276, 0.708812709735, 0.333792793683, 0.170879027325, 0.529581607596, 0.777618092613, 0.770042195656, 0.0534380234397, 0.6327306576, 0.141743637591, 0.250124106692, 0.191726397615, 0.247849495539, 0.462422524145, 0.665184138321, 0.67628299806, 0.0694114410022, 0.415354839434, 0.223218319703, 0.0969788298339, 0.09317699467, 0.0192145033172, 0.2605736689, 0.00668247411258, 0.283480020722, 0.861561623161, 0.786480143194, 0.271156925324, 3.1556105071
0.450793580472, 0.0268711986292, 0.00294322028473, 0.0621312915203, 0.189237520995, 0.019695834693, 0.3952896407, 0.505623947191, 0.00865117833255, 0.727722570892, 0.196107672782, 0.455660440669, 0.0326404179284, 0.130010578754, 0.378526997685, 0.0313300950157, 0.42945710818, 0.341182880177, 0.493792377493, 0.929776909418, 0.82887672261, 0.179953920178, 0.154628387474, 0.417303266053, 0.167898023644, 0.331456487983, 0.210364873746, 0.00881994345841, 0.861111052279, 0.620950159169, 0.450793580472, 2.07028585891
0.450793580472, 0.0268711986292, 0.00294322028473, 0.0621312915203, 0.189237520995, 0.019695834693, 0.3952896407, 0.505623947191, 0.00865117833255, 0.727722570892, 0.196107672782, 0.455660440669, 0.0326404179284, 0.130010578754, 0.378526997685, 0.0313300950157, 0.42945710818, 0.341182880177, 0.493792377493, 0.929776909418, 0.82887672261, 0.179953920178, 0.154628387474, 0.417303266053, 0.167898023644, 0.331456487983, 0.210364873746, 0.00881994345841, 0.861111052279, 0.620950159169, 0.450793580472, 2.07028585891
