0.00319877312105, 0.998975578086, 0.986821195909, 0.634454380203, 0.206175040959, 0.146843209768, 0.690175832689, 0.460124940566, 0.307493028899, 0.543544284306, 0.267911475837, 0.539918725303, 0.836331598751, 0.74518907949, 0.211355460633, 5.76996733961e-21, 0.0935849647541, 1.49873997001, 7.50403108563e-250
0.993912037647, 0.0135826199619, 0.00261018709657, 0.81354057834, 0.628140683943, 0.0168666584178, 0.303994157275, 0.724689660241, 0.644781459776, 0.997231373011, 0.00955641998128, 0.611188437044, 0.590642530116, 0.492343494759, 1.22880252623, 2.1063180913e-09, 8.96945000446e-259, 3.83669180552e-187, 1.40708817688
0.32665200586, 0.0749858856183, 0.999290067579, 0.0307622661866, 0.88927786569, 0.827780585699, 0.901490956142, 0.364410542948, 0.69315039431, 0.725123432939, 0.561788917588, 0.573547560494, 0.528957668228, 0.458273840249, 0.165339530031, 1.6456184805e-152, 1.52944020256, 7.60550199853e-113, 6.19025183981e-49
0.944173709082, 0.998849603251, 0.0145029157076, 0.00126725414378, 0.814674449023, 0.827780585699, 0.346421113991, 0.428909669676, 0.9381364137, 0.454509766395, 0.987098513083, 0.808192713971, 0.538970371112, 0.610684530556, 0.301702295319, 9.16369214115e-291, 6.62568481855e-185, 1.74930167923, 0.00892367220782
0.107640274277, 0.996952747798, 0.00623942817472, 0.00222954512505, 0.970255263081, 0.990388242635, 0.296830853545, 0.88056629997, 0.168010198855, 0.818508927175, 0.360897308479, 0.663001708253, 0.205395170177, 0.004940249041, 0.898215335713, 9.35679283288e-266, 4.61295599736e-221, 2.04895730724, 5.53735312496e-97
0.42309984592, 0.0398742198751, 0.999214135352, 0.200715863468, 0.388248428269, 0.00446321809676, 0.711345677443, 0.687063758801, 0.371874260706, 0.595323680086, 0.100850730435, 0.0125113076075, 0.765022851199, 0.409882315006, 0.217835317732, 6.20037529903e-71, 1.82558090585, 3.38696627312e-140, 1.27314437724e-37
0.944173709082, 0.995296772983, 0.00783544557874, 0.00126725414378, 0.0553581479381, 0.59061802082, 0.346421113991, 0.692202528114, 0.9381364137, 0.768073354258, 0.926157499083, 0.808192713971, 0.429569513927, 0.686588228632, 1.0280770584, 3.12260854714e-290, 4.11637944227e-211, 1.53396773089, 0.00928305671885
0.0336402267916, 0.996952747798, 0.022215355932, 0.0184379200364, 0.805538717348, 0.478706325473, 0.436110206881, 0.816797166848, 0.627686804805, 0.884763258282, 0.138200098877, 0.98600576325, 0.652832979578, 0.458273840249, 0.704537901407, 4.12303435138e-174, 5.12096518904e-166, 1.60715145235, 1.33732833071e-147
0.0287934465179, 0.99804928869, 0.660261190915, 0.0307622661866, 0.875883595837, 0.293241112793, 0.351226015342, 0.724689660241, 0.880243165651, 0.365308648776, 0.532981290487, 0.319708351396, 0.679932412649, 0.0219904422168, 0.471371833643, 4.69154714835e-152, 6.935225627e-19, 1.64774808355, 2.28800342589e-154
0.0150438548488, 0.998975578086, 0.00623942817472, 0.0551768491666, 0.631421394079, 0.59061802082, 0.284614819123, 0.88056629997, 0.58812040757, 0.491766307353, 0.82169345054, 0.405231688972, 0.246929219515, 0.458273840249, 0.213821692926, 5.03339854451e-127, 1.09812204438e-221, 1.38639954542, 1.19957218043e-182
0.993912037647, 0.0749858856183, 0.00261018709657, 0.0307622661866, 0.737428207875, 0.0168666584178, 0.303994157275, 0.724689660241, 0.69315039431, 0.989737471479, 0.00955641998128, 0.823080908912, 0.590642530116, 0.53172620687, 1.32211974711, 1.31590109689e-151, 9.65060432289e-259, 6.53646853295e-113, 1.51394469401
0.32665200586, 0.0135826199619, 0.990974391254, 0.81354057834, 0.607571793693, 0.827780585699, 0.423550468613, 0.364410542948, 0.507925730495, 0.725123432939, 0.561788917588, 0.611188437044, 0.528957668228, 0.458273840249, 0.976777920561, 1.67431703739e-09, 0.718786676193, 3.78655402673e-187, 4.88002621269e-49
0.765355233997, 0.175943702136, 1.0863712397e-05, 0.991104117825, 0.62970343256, 0.447604597704, 0.47977057549, 0.251300847338, 0.577260728214, 0.694743297876, 0.436415653908, 0.596703559849, 0.547120079616, 0.317261524277, 0.940307956444, 0.70414073329, 0.0, 6.35961686187e-76, 4.49121667339e-12
0.0287934465179, 0.999829294328, 0.187540051046, 0.0237320070938, 0.875883595837, 0.996902721393, 0.436110206881, 0.0142475145861, 0.99009533244, 0.491766307353, 0.758063956213, 0.574548856507, 0.836331598751, 0.563701925133, 0.0547093461994, 2.93513681666e-164, 1.75220288099e-74, 2.05710344258, 2.74722836194e-154
0.00379874738209, 0.0234108745463, 0.0155338964196, 0.0195266154361, 0.874095715999, 0.00422265721289, 0.113556124479, 0.898567434545, 0.995927283234, 0.842372032709, 0.757535240311, 0.405231688972, 0.915783922272, 0.004940249041, 2.55036598601, 4.62828085059e-171, 5.37975971962e-181, 3.50337118043e-163, 3.68776946456e-242
0.42309984592, 0.0160954478824, 0.994265813411, 0.213885462176, 0.227267711597, 0.0986399222978, 0.711345677443, 0.460124940566, 0.892340458007, 0.544561931893, 0.105327927581, 0.0125113076075, 0.868547838013, 0.458273840249, 1.24848648857, 2.04470366605e-67, 1.52209451385, 1.44740415411e-179, 1.36323245578e-37
0.988484914551, 0.0135826199619, 0.00477269240252, 0.81354057834, 0.62970343256, 0.0168666584178, 0.303994157275, 0.724689660241, 0.577260728214, 0.989737471479, 0.496710170488, 0.611188437044, 0.590642530116, 0.53172620687, 1.41500005099, 2.42548346294e-09, 1.67194064113e-232, 4.41805659133e-187, 0.760780492279
0.0796575664102, 0.994792201624, 0.00393513610514, 0.316527397281, 0.135539559744, 0.00422265721289, 0.94741689864, 0.0182841565701, 0.0494892734476, 0.630874174769, 0.575572715078, 0.662573074278, 0.772620606603, 0.666469399969, 1.29112904771, 2.22956530478e-50, 6.35426503686e-241, 1.73802719885, 4.51134100806e-110
0.193008994458, 0.996254598029, 0.433533466523, 0.0307622661866, 0.631421394079, 0.615538399484, 0.436110206881, 0.5824452495, 0.44597088287, 0.503731464605, 0.358579775929, 0.447908035897, 0.198588064005, 0.458273840249, 0.547303074378, 5.44728809534e-152, 4.33122357514e-37, 1.0224714241, 6.58012238634e-72
0.472411269326, 0.0135826199619, 0.0332784308171, 0.991104117825, 0.804008850394, 0.973871931263, 0.201468028748, 0.977183429386, 0.010569543928, 0.842372032709, 0.748151257952, 0.731857235866, 0.489094930252, 0.231416667086, 1.74349373822, 1.305598821, 5.62979537666e-148, 6.80085596698e-187, 9.25195575184e-33
0.0287934465179, 0.99804928869, 0.366794636721, 0.0307622661866, 0.875883595837, 0.293241112793, 0.351226015342, 0.724689660241, 0.880243165651, 0.365308648776, 0.532981290487, 0.596703559849, 0.0708457693679, 0.0219904422168, 0.506753818832, 5.04370279251e-152, 2.20401520031e-44, 1.77143090489, 2.45974492071e-154
0.000206871526646, 0.477465317262, 0.990974391254, 0.0085995189204, 0.370606295011, 0.387248084179, 0.392670281099, 0.997777405785, 0.0579064580721, 0.605792527255, 0.440868918831, 0.573547560494, 0.408888232224, 0.0771855029136, 1.36228061575, 5.99517809983e-207, 1.00246856038, 2.08229847595e-32, 0.0
0.00319877312105, 0.998975578086, 0.986821195909, 0.634454380203, 0.206175040959, 0.146843209768, 0.690175832689, 0.460124940566, 0.307493028899, 0.543544284306, 0.267911475837, 0.539918725303, 0.836331598751, 0.74518907949, 0.211355460633, 5.76996733961e-21, 0.0935849647541, 1.49873997001, 7.50403108563e-250
0.0150438548488, 0.117108999072, 0.00623942817472, 0.0551768491666, 0.335650537158, 0.59061802082, 0.284614819123, 0.88056629997, 0.58812040757, 0.491766307353, 0.37240985239, 0.405231688972, 0.246929219515, 0.458273840249, 1.32532302726, 3.11983265361e-126, 6.80644892594e-221, 1.50476447508e-93, 1.13332656099e-182
0.993912037647, 0.0135826199619, 0.00261018709657, 0.81354057834, 0.628140683943, 0.0168666584178, 0.303994157275, 0.724689660241, 0.644781459776, 0.997231373011, 0.00955641998128, 0.611188437044, 0.590642530116, 0.492343494759, 1.22880252623, 2.1063180913e-09, 8.96945000446e-259, 3.83669180552e-187, 1.40708817688
0.32665200586, 0.0749858856183, 0.999290067579, 0.0307622661866, 0.88927786569, 0.827780585699, 0.901490956142, 0.364410542948, 0.69315039431, 0.725123432939, 0.561788917588, 0.573547560494, 0.528957668228, 0.458273840249, 0.165339530031, 1.6456184805e-152, 1.52944020256, 7.60550199853e-113, 6.19025183981e-49
0.130646440702, 0.191020939596, 0.990974391254, 0.00368075506296, 0.370606295011, 0.00463284816321, 0.423550468613, 0.474057341052, 0.0651696409956, 0.847628082591, 0.370590703181, 0.160346921195, 0.408888232224, 0.749082375843, 1.43448744582, 8.84114356763e-244, 1.05560377801, 3.58829242333e-72, 1.13906465288e-88
0.944173709082, 0.998849603251, 0.0145029157076, 0.00126725414378, 0.814674449023, 0.827780585699, 0.346421113991, 0.428909669676, 0.9381364137, 0.454509766395, 0.987098513083, 0.808192713971, 0.538970371112, 0.610684530556, 0.301702295319, 9.16369214115e-291, 6.62568481855e-185, 1.74930167923, 0.00892367220782
0.000284549007209, 0.746126953524, 0.991035559406, 0.307829011642, 0.364429355706, 0.781465963453, 0.172189222929, 0.816797166848, 0.592386850571, 0.37427034926, 0.259510409228, 0.382898097601, 0.774976268044, 0.931970067014, 1.33596532451, 1.4219026242e-51, 0.991216296633, 4.99369397277e-13, 0.0
0.366278134861, 0.116845930523, 1.0863712397e-05, 0.00259042091987, 0.62970343256, 0.447604597704, 0.47977057549, 0.995444656232, 0.577260728214, 0.605792527255, 0.436415653908, 0.596703559849, 0.547120079616, 0.317261524277, 1.33161237452, 4.54497576431e-259, 0.0, 1.20741578679e-93, 5.0303372515e-44
0.107640274277, 0.996952747798, 0.00623942817472, 0.00222954512505, 0.970255263081, 0.990388242635, 0.296830853545, 0.88056629997, 0.168010198855, 0.818508927175, 0.360897308479, 0.663001708253, 0.205395170177, 0.004940249041, 0.898215335713, 9.35679283288e-266, 4.61295599736e-221, 2.04895730724, 5.53735312496e-97
0.42309984592, 0.0398742198751, 0.999214135352, 0.200715863468, 0.388248428269, 0.00446321809676, 0.711345677443, 0.687063758801, 0.371874260706, 0.595323680086, 0.100850730435, 0.0125113076075, 0.765022851199, 0.409882315006, 0.217835317732, 6.20037529903e-71, 1.82558090585, 3.38696627312e-140, 1.27314437724e-37
0.944173709082, 0.995296772983, 0.00783544557874, 0.00126725414378, 0.0553581479381, 0.59061802082, 0.346421113991, 0.692202528114, 0.9381364137, 0.768073354258, 0.926157499083, 0.808192713971, 0.429569513927, 0.686588228632, 1.0280770584, 3.12260854714e-290, 4.11637944227e-211, 1.53396773089, 0.00928305671885
0.42309984592, 0.0398742198751, 0.994265813411, 0.213885462176, 0.227267711597, 0.0986399222978, 0.711345677443, 0.460124940566, 0.892340458007, 0.544561931893, 0.105327927581, 0.00879116235283, 0.406472254331, 0.458273840249, 1.17020239517, 1.91649421065e-67, 1.42665432272, 3.39922779224e-140, 1.27775342347e-37
0.216336825044, 0.904891883796, 0.00623942817472, 0.0085995189204, 0.960426512052, 0.919184169041, 0.0140412617279, 0.915231791783, 0.550707179129, 0.847628082591, 0.82169345054, 0.954346301434, 0.505266009172, 0.783034205416, 2.3097511027, 1.01648434742e-206, 1.18621668747e-220, 0.000165712150862, 1.1823069247e-66
0.000154382969667, 0.996853124896, 0.317428906157, 0.246404859388, 0.381805688308, 0.391444750473, 0.708801543548, 0.992770144163, 0.0651696409956, 0.731852854157, 0.0955101080185, 0.885241384043, 0.590503700276, 0.180868701197, 0.814568123036, 1.8705706854e-61, 1.86936687598e-50, 1.80146352258, 0.0
0.0336402267916, 0.996952747798, 0.022215355932, 0.0184379200364, 0.805538717348, 0.478706325473, 0.436110206881, 0.816797166848, 0.627686804805, 0.884763258282, 0.138200098877, 0.98600576325, 0.652832979578, 0.458273840249, 0.704537901407, 4.12303435138e-174, 5.12096518904e-166, 1.60715145235, 1.33732833071e-147
0.737704670498, 0.995997929094, 0.366794636721, 0.033382614311, 0.778999941262, 0.781465963453, 0.86536516442, 0.485058990434, 0.762832387513, 0.723494602351, 0.259510409228, 0.414345810814, 0.55640702916, 0.563701925133, 0.73510060558, 2.5971745542e-148, 3.19715974157e-44, 1.28709245212, 1.42983597809e-13
0.0287934465179, 0.99804928869, 0.660261190915, 0.0307622661866, 0.875883595837, 0.293241112793, 0.351226015342, 0.724689660241, 0.880243165651, 0.365308648776, 0.532981290487, 0.319708351396, 0.679932412649, 0.0219904422168, 0.471371833643, 4.69154714835e-152, 6.935225627e-19, 1.64774808355, 2.28800342589e-154
0.763700332148, 0.477465317262, 0.166015305684, 0.993232875531, 0.686424875387, 0.391444750473, 0.646997030162, 0.84056067749, 0.0890393138114, 0.470093353027, 0.259510409228, 0.403048222161, 0.539925306496, 0.674032289966, 1.01589457232, 1.03886810046, 2.36160158255e-78, 1.78886148055e-32, 4.47395527736e-12
0.0869175487221, 0.99499947449, 0.00623942817472, 0.00963895614129, 0.881054661173, 0.919184169041, 0.621122719261, 0.597946204742, 0.58812040757, 0.212307912986, 0.926157499083, 0.86390567346, 0.598833431626, 0.004940249041, 1.16361052433, 4.62304301784e-202, 5.97594355541e-221, 1.63231348826, 2.56386655524e-106
0.944173709082, 0.799110278371, 0.0145029157076, 0.00126725414378, 0.0794554912007, 0.00368889358826, 0.346421113991, 0.692202528114, 0.801416740683, 0.993877025647, 0.82169345054, 0.808192713971, 0.429569513927, 0.686588228632, 2.05669631026, 6.24686391434e-290, 4.51671125167e-184, 5.88791751754e-10, 0.0103391305531
0.0287934465179, 0.999829294328, 0.187540051046, 0.588977551174, 0.875883595837, 0.995309004742, 0.436110206881, 0.000520129181773, 0.392833301727, 0.491766307353, 0.758063956213, 0.104165229896, 0.735736573029, 0.563701925133, 0.0514343596592, 8.26508672968e-25, 1.64731329174e-74, 1.93396203158, 2.58277500007e-154
0.0150438548488, 0.998975578086, 0.00623942817472, 0.0551768491666, 0.631421394079, 0.59061802082, 0.284614819123, 0.88056629997, 0.58812040757, 0.491766307353, 0.82169345054, 0.405231688972, 0.246929219515, 0.458273840249, 0.213821692926, 5.03339854451e-127, 1.09812204438e-221, 1.38639954542, 1.19957218043e-182
0.2611427738, 0.0398742198751, 0.994265813411, 0.215654336502, 0.227267711597, 0.0983285457366, 0.711345677443, 0.460124940566, 0.892340458007, 0.544561931893, 0.496710170488, 0.0125113076075, 0.868547838013, 0.492343494759, 1.14879940711, 4.28729770318e-67, 1.40056083192, 3.33705595586e-140, 1.38657968766e-58
0.993912037647, 0.0749858856183, 0.00261018709657, 0.0307622661866, 0.737428207875, 0.0168666584178, 0.303994157275, 0.724689660241, 0.69315039431, 0.989737471479, 0.00955641998128, 0.823080908912, 0.590642530116, 0.53172620687, 1.32211974711, 1.31590109689e-151, 9.65060432289e-259, 6.53646853295e-113, 1.51394469401
0.32665200586, 0.0135826199619, 0.990974391254, 0.81354057834, 0.607571793693, 0.827780585699, 0.423550468613, 0.364410542948, 0.507925730495, 0.725123432939, 0.561788917588, 0.611188437044, 0.528957668228, 0.458273840249, 0.976777920561, 1.67431703739e-09, 0.718786676193, 3.78655402673e-187, 4.88002621269e-49
0.5907671831, 0.0135826199619, 0.0673671979129, 0.936425044761, 0.804008850394, 0.952577602576, 0.201468028748, 0.977183429386, 0.010569543928, 0.842372032709, 0.748151257952, 0.731857235866, 0.101866955085, 0.231416667086, 2.31681213099, 0.00510873577471, 2.54601002595e-117, 7.23380326661e-187, 5.04252421541e-23
0.765355233997, 0.175943702136, 1.0863712397e-05, 0.991104117825, 0.62970343256, 0.447604597704, 0.47977057549, 0.251300847338, 0.577260728214, 0.694743297876, 0.436415653908, 0.596703559849, 0.547120079616, 0.317261524277, 0.940307956444, 0.70414073329, 0.0, 6.35961686187e-76, 4.49121667339e-12
0.0156382317811, 0.477465317262, 0.990974391254, 0.00259042091987, 0.370606295011, 0.387248084179, 0.901490956142, 0.993608428011, 0.0579064580721, 0.605792527255, 0.440868918831, 0.573547560494, 0.408888232224, 0.0771855029136, 1.47950436058, 5.04975140717e-259, 1.08873061048, 2.26147949225e-32, 7.56787939475e-181
0.000206871526646, 0.995296772983, 0.0155338964196, 0.266449652369, 0.0358646239902, 0.306957021605, 0.436110206881, 0.5824452495, 0.363509712748, 0.3802642998, 0.972471891504, 0.405231688972, 0.129788931172, 0.326381205464, 0.94419082691, 5.4037525083e-58, 1.99168268637e-181, 1.40880321028, 0.0
0.0796575664102, 0.999829294328, 0.351265143609, 0.612411647456, 0.695345865932, 0.336736845753, 0.392670281099, 0.664590330557, 0.339899956689, 0.491766307353, 0.758063956213, 0.574548856507, 0.321987787466, 0.563701925133, 0.0328874640373, 2.61513707794e-23, 1.89084490962e-47, 1.2365878993, 2.57751876605e-110
0.0287934465179, 0.994792201624, 0.923102987236, 0.0307622661866, 0.839898262324, 0.469806680416, 0.351226015342, 0.580211264876, 0.299640520741, 0.667117963608, 0.526917881429, 0.596703559849, 0.88391691721, 0.0062418964712, 0.962685295394, 9.58157261425e-152, 0.000506547170137, 1.295899478, 2.15517325779e-154
0.323774217467, 0.999551292734, 0.144757393512, 0.00537651719049, 0.335650537158, 0.293241112793, 0.504775280321, 0.88056629997, 0.892340458007, 0.690120474491, 0.313113149768, 0.596703559849, 0.55640702916, 0.0866689868373, 0.111800484972, 1.97091292161e-228, 2.03534965809e-85, 1.61913758928, 2.69564520654e-49
0.0664344132497, 0.996952747798, 0.187540051046, 0.00240798570371, 0.970255263081, 0.990388242635, 0.296830853545, 0.88056629997, 0.31993864104, 0.818508927175, 0.360897308479, 0.663001708253, 0.205395170177, 0.563701925133, 0.770210876231, 1.77059788619e-262, 2.46679189216e-73, 1.75696087589, 5.22832041865e-118
0.944173709082, 0.995296772983, 0.0065152283983, 0.00126725414378, 0.0794554912007, 0.59061802082, 0.998163069703, 0.692202528114, 0.9381364137, 0.768073354258, 0.926157499083, 0.808192713971, 0.429569513927, 0.686588228632, 1.14149995504, 3.46711123163e-290, 4.4315971362e-219, 1.70320316122, 0.0103072126166
0.0276219264952, 0.995296772983, 0.62802924584, 0.559553643917, 0.881054661173, 0.309659938669, 0.504775280321, 0.720423741387, 0.648389532688, 0.553981049792, 0.82169345054, 0.246765596948, 0.505266009172, 0.00403276005974, 0.928968222914, 8.87755894412e-26, 9.16447441553e-21, 1.38608994854, 3.4983941984e-156
0.0287934465179, 0.999829294328, 0.187540051046, 0.0237320070938, 0.875883595837, 0.996902721393, 0.436110206881, 0.0142475145861, 0.99009533244, 0.491766307353, 0.758063956213, 0.574548856507, 0.836331598751, 0.563701925133, 0.0547093461994, 2.93513681666e-164, 1.75220288099e-74, 2.05710344258, 2.74722836194e-154
0.193008994458, 0.995296772983, 0.0155338964196, 0.0307622661866, 0.818149934984, 0.453193047168, 0.524290546795, 0.5824452495, 0.31993864104, 0.327748031765, 0.074338914584, 0.868112875303, 0.198588064005, 0.256436967383, 0.912910041248, 9.08616127446e-152, 1.92569877989e-181, 1.36212994254, 9.30366706489e-72
0.000232230018881, 0.879919460382, 0.613989638008, 0.828034131113, 0.493374640128, 0.554211566091, 0.71502271653, 0.0472120792731, 0.673005519679, 0.36684270792, 0.592438351661, 0.416444916562, 0.652832979578, 0.195493127617, 1.43350488913, 1.43662331039e-08, 1.47442687744e-21, 6.26341698878e-06, 0.0
0.617799472972, 0.0135826199619, 0.0640685769221, 0.0307622661866, 0.804008850394, 0.952577602576, 0.944980027973, 0.977183429386, 0.00643862993635, 0.544561931893, 0.748151257952, 0.905773836963, 0.280600180566, 0.231416667086, 2.31505245091, 2.30416349667e-151, 1.67953274734e-119, 7.22829142857e-187, 4.42012000166e-21
0.00379874738209, 0.0234108745463, 0.0155338964196, 0.0195266154361, 0.874095715999, 0.00422265721289, 0.113556124479, 0.898567434545, 0.995927283234, 0.842372032709, 0.757535240311, 0.405231688972, 0.915783922272, 0.004940249041, 2.55036598601, 4.62828085059e-171, 5.37975971962e-181, 3.50337118043e-163, 3.68776946456e-242
0.42309984592, 0.0160954478824, 0.994265813411, 0.213885462176, 0.227267711597, 0.0986399222978, 0.711345677443, 0.460124940566, 0.892340458007, 0.544561931893, 0.105327927581, 0.0125113076075, 0.868547838013, 0.458273840249, 1.24848648857, 2.04470366605e-67, 1.52209451385, 1.44740415411e-179, 1.36323245578e-37
0.988484914551, 0.0135826199619, 0.00477269240252, 0.81354057834, 0.62970343256, 0.0168666584178, 0.303994157275, 0.724689660241, 0.577260728214, 0.989737471479, 0.496710170488, 0.611188437044, 0.590642530116, 0.53172620687, 1.41500005099, 2.42548346294e-09, 1.67194064113e-232, 4.41805659133e-187, 0.760780492279
0.231272838993, 0.999829294328, 0.45589024436, 0.159503644066, 0.414735419385, 0.696528197366, 0.230838131419, 0.474057341052, 0.322400144079, 0.562972510608, 0.5419468702, 0.317509630662, 0.673014624067, 0.563701925133, 0.0325299067212, 9.67082773148e-82, 3.93036219751e-36, 1.22314353491, 4.96837077923e-64
0.085921167076, 0.994792201624, 0.501372489243, 0.00537651719049, 0.839898262324, 0.293241112793, 0.351226015342, 0.627311255343, 0.299640520741, 0.690120474491, 0.0235678851705, 0.574548856507, 0.55640702916, 0.033374512795, 1.02949241708, 1.81487576554e-227, 1.67800420199e-30, 1.38583035141, 6.97063708551e-107
0.253683323129, 0.999551292734, 0.187540051046, 0.0307622661866, 0.335650537158, 0.284049680411, 0.690175832689, 0.88056629997, 0.892340458007, 0.31967583978, 0.352356004715, 0.596703559849, 0.55640702916, 0.255884681981, 0.105740098628, 1.05242745276e-152, 3.38658964733e-74, 1.53136874518, 6.47775212077e-60
0.32665200586, 0.821785366112, 0.0503299186738, 0.00126725414378, 0.723709767025, 0.243963730803, 0.599724860318, 0.824145875376, 0.997729492258, 0.725123432939, 0.926157499083, 0.792958496076, 0.681781228621, 0.563701925133, 1.83356867961, 5.56915182956e-290, 4.38571011756e-130, 8.61504184778e-09, 7.37819277109e-49
0.000206871526646, 0.996853124896, 0.317428906157, 0.199442283336, 0.381805688308, 0.391444750473, 0.708801543548, 0.992770144163, 0.0651696409956, 0.731852854157, 0.0955101080185, 0.885241384043, 0.652463979799, 0.180868701197, 0.820770640599, 1.23613370739e-70, 1.88360114388e-50, 1.81518074134, 0.0
0.0796575664102, 0.994792201624, 0.00393513610514, 0.316527397281, 0.135539559744, 0.00422265721289, 0.94741689864, 0.0182841565701, 0.0494892734476, 0.630874174769, 0.575572715078, 0.662573074278, 0.772620606603, 0.666469399969, 1.29112904771, 2.22956530478e-50, 6.35426503686e-241, 1.73802719885, 4.51134100806e-110
0.00379874738209, 0.102295914106, 0.0155338964196, 0.0398532176736, 0.227267711597, 0.314439141194, 0.619288427356, 0.488387455352, 0.825083946504, 0.828847328912, 0.600104521101, 0.405231688972, 0.915783922272, 0.563701925133, 1.53293660477, 2.67906467662e-140, 3.23358711819e-181, 2.33062726527e-99, 2.21659041611e-242
0.193008994458, 0.996254598029, 0.433533466523, 0.0307622661866, 0.631421394079, 0.615538399484, 0.436110206881, 0.5824452495, 0.44597088287, 0.503731464605, 0.358579775929, 0.447908035897, 0.198588064005, 0.458273840249, 0.547303074378, 5.44728809534e-152, 4.33122357514e-37, 1.0224714241, 6.58012238634e-72
0.107640274277, 0.734916671982, 0.187540051046, 0.00537651719049, 0.970255263081, 0.990388242635, 0.263899739501, 0.88056629997, 0.168010198855, 0.818508927175, 0.557763597652, 0.663001708253, 0.205395170177, 0.755277140186, 2.05572446157, 3.62400387224e-227, 6.58396887243e-73, 1.3579843043e-13, 5.08820209336e-97
0.0188571995327, 0.0327320413551, 0.0969891159394, 0.00594933388789, 0.388248428269, 0.9978596764, 0.101550077413, 0.260419916835, 0.176768062957, 0.213786199431, 0.289772438083, 0.0231873532851, 0.401012618531, 0.458273840249, 1.94599635494, 8.5525614502e-223, 1.43734814499e-101, 9.60662903732e-149, 1.07890087837e-172
0.00379874738209, 0.30672103811, 0.0131709671249, 0.620669386873, 0.631421394079, 0.990388242635, 0.896717830218, 0.688386509379, 0.951555857945, 0.605792527255, 0.259510409228, 0.555276401042, 0.519737611974, 0.211421031614, 1.81027959484, 5.49411903206e-21, 2.6039468021e-188, 1.34345175666e-51, 2.61762188202e-242
0.000386401420178, 0.102391078305, 0.0155338964196, 0.0307622661866, 0.715454115165, 0.453193047168, 0.958774038596, 0.5824452495, 0.31993864104, 0.327748031765, 0.123284480339, 0.994478428772, 0.589882293263, 0.256436967383, 1.78180031456, 1.77341953593e-151, 3.75854195564e-181, 2.97297033978e-99, 0.0
0.00344261171362, 0.995997929094, 0.660261190915, 0.0398532176736, 0.778999941262, 0.781465963453, 0.524121870838, 0.427962608932, 0.762832387513, 0.723494602351, 0.259510409228, 0.414345810814, 0.679932412649, 0.563701925133, 0.686126127276, 1.19912086747e-140, 1.00948744953e-18, 1.20134271815, 1.06143720456e-246
0.000232230018881, 0.963885983776, 0.613989638008, 0.828034131113, 0.493374640128, 0.554211566091, 0.489414322075, 0.168734708961, 0.539246630057, 0.36684270792, 0.592438351661, 0.416444916562, 0.652832979578, 0.230723426512, 1.24251746173, 1.2452204123e-08, 1.27798736869e-21, 0.0493420311032, 0.0
0.0124893612502, 0.246384641753, 0.0131709671249, 0.00659308018736, 0.421451365207, 0.407592354287, 0.0937313919499, 0.0767116206508, 0.494418610701, 0.544561931893, 0.259510409228, 0.450453868686, 0.246647868775, 0.611077412937, 1.49776876913, 1.90721840645e-218, 2.1544242159e-188, 3.41136297233e-61, 1.06068739364e-190
0.472411269326, 0.0135826199619, 0.0332784308171, 0.991104117825, 0.804008850394, 0.973871931263, 0.201468028748, 0.977183429386, 0.010569543928, 0.842372032709, 0.748151257952, 0.731857235866, 0.489094930252, 0.231416667086, 1.74349373822, 1.305598821, 5.62979537666e-148, 6.80085596698e-187, 9.25195575184e-33
0.00379874738209, 0.691105283224, 0.0698625131239, 0.00659308018736, 0.199812251753, 0.00422265721289, 0.0597916881325, 0.96948456496, 0.493199983501, 0.199422527252, 0.613676975856, 0.956264707992, 0.280600180566, 0.296696106368, 2.15106872227, 2.73911296938e-218, 8.97830972628e-116, 3.04225393438e-16, 3.11039497612e-242
0.265862762389, 0.116845930523, 0.0155338964196, 0.0195266154361, 0.227267711597, 0.00422265721289, 0.020971470884, 0.488387455352, 0.630758953143, 0.544561931893, 0.757535240311, 0.720110063905, 0.915783922272, 0.671259415563, 1.88584382493, 3.42233817029e-171, 3.97801205886e-181, 1.70995527619e-93, 8.6571888059e-58
0.00626047370032, 0.102391078305, 0.0442503044909, 0.602513170299, 0.0358646239902, 0.478706325473, 0.709425997558, 0.646254054737, 0.371874260706, 0.298915085561, 0.121862936459, 0.546865984915, 0.489094930252, 0.493917707469, 1.4833158869, 2.31210728464e-22, 9.09871102685e-136, 2.47494295531e-99, 1.06677559289e-220
0.00319877312105, 0.116845930523, 0.479152131036, 0.200715863468, 0.285066193348, 0.266697188921, 0.690175832689, 0.687063758801, 0.307493028899, 0.729098362728, 0.114065966746, 0.405231688972, 0.636829266227, 0.287108510057, 1.48330257921, 4.22201173294e-70, 2.59831637847e-32, 1.34495817627e-93, 7.33995558405e-250
0.00940435967711, 0.0211305353023, 0.443930048686, 0.375696866803, 0.87531569082, 0.537002114108, 0.133112428621, 0.523530771531, 0.010569543928, 0.446848169933, 0.574084255723, 0.226247899513, 0.00582074334465, 0.231416667086, 1.91653733373, 9.17053093522e-43, 1.62215149141e-35, 9.3258211659e-168, 6.47977955186e-203
0.0148690259878, 0.0537584632175, 0.259118417811, 0.0409015029381, 0.945900210499, 0.0171251170825, 0.644278240631, 0.0857709336617, 0.484060874797, 0.904398314207, 0.264567818059, 0.4732229905, 0.704052448536, 0.689113293774, 1.92173569281, 4.5054709283e-139, 6.75525662933e-59, 3.34578513105e-127, 5.10582098754e-183
0.0188571995327, 0.00593947808342, 0.439061107342, 0.0686635249011, 0.773638270456, 0.228967363997, 0.101550077413, 0.354367483755, 0.679223244889, 0.684540554701, 0.849415639274, 0.596703559849, 0.401012618531, 0.597312010375, 1.54519494778, 1.14212229875e-116, 4.34110204673e-36, 5.75349274285e-223, 8.56688236942e-173
0.0287934465179, 0.99804928869, 0.366794636721, 0.0307622661866, 0.875883595837, 0.293241112793, 0.351226015342, 0.724689660241, 0.880243165651, 0.365308648776, 0.532981290487, 0.596703559849, 0.0708457693679, 0.0219904422168, 0.506753818832, 5.04370279251e-152, 2.20401520031e-44, 1.77143090489, 2.45974492071e-154
0.559321833874, 0.709624532419, 0.0878211536824, 0.00024153012281, 0.607571793693, 0.243963730803, 0.423550468613, 0.474057341052, 0.136743578798, 0.213786199431, 0.516373704504, 0.171374279577, 0.528957668228, 0.579976325637, 1.41301510306, 0.0, 5.08370665134e-106, 2.8127348102e-15, 1.29551955647e-25
0.0869175487221, 0.086384040591, 0.0114558507967, 0.0883669184189, 0.723709767025, 0.59061802082, 0.614127839659, 0.603981982944, 0.718638716197, 0.348369219249, 0.758063956213, 0.901587143627, 0.856064974771, 0.8481791002, 1.62877007551, 1.08880645824e-105, 2.04509988873e-194, 1.1254626281e-106, 2.08317919214e-106
0.061005895197, 0.116560988701, 0.166015305684, 0.395183593825, 0.646332175399, 0.51484994974, 0.861693012999, 0.67042088063, 0.180674762815, 0.470093353027, 0.629974401752, 0.647855003677, 0.547120079616, 0.182684522497, 1.4260256148, 1.07185945899e-40, 2.31771560483e-78, 1.01290674124e-93, 7.71662926212e-122
0.0188571995327, 0.824078376157, 0.216349974992, 0.993232875531, 0.707201118232, 0.391444750473, 0.646997030162, 0.721470742018, 0.0890393138114, 0.155735962979, 0.259510409228, 0.403048222161, 0.539925306496, 0.487516193744, 1.03598674945, 1.05941464383, 7.63104797895e-67, 9.19922178622e-09, 8.21521431898e-173
