0.261017218876, 0.0721023397487, 0.169467478615, 0.00711993666205, 0.489031457318, 0.121723372169, 0.635308453246, 0.771470525034, 0.140230677622, 0.0539361893035, 0.00645191363824, 0.923413561394, 0.419530344329, 0.959832936294, 0.520486855969, 0.933903975881, 0.422325775177, 0.00601594192785, 0.808627067817, 0.672086909862, 0.865461061523, 0.70929542522, 0.978668138567, 0.517606981438, 0.949032318937, 0.236017285202, 0.370531861344, 0.0647284003583, 0.206821217043, 0.456866766706, 0.261017218876, 3.77696844054
0.261017218876, 0.0721023397487, 0.169467478615, 0.00711993666205, 0.489031457318, 0.121723372169, 0.635308453246, 0.771470525034, 0.140230677622, 0.0539361893035, 0.00645191363824, 0.923413561394, 0.419530344329, 0.959832936294, 0.520486855969, 0.933903975881, 0.422325775177, 0.00601594192785, 0.808627067817, 0.672086909862, 0.865461061523, 0.70929542522, 0.978668138567, 0.517606981438, 0.949032318937, 0.236017285202, 0.370531861344, 0.0647284003583, 0.206821217043, 0.456866766706, 0.261017218876, 3.77696844054
0.16567014351, 0.298489780608, 0.0877341268667, 0.504493410162, 0.0739439276517, 0.195759560091, 0.376589812132, 0.540464692035, 0.851137168153, 0.271608470297, 0.435073805193, 0.452207242991, 0.118665194618, 0.350334473809, 0.816816813294, 0.77716229557, 0.96739053736, 0.717069472222, 0.0274553776712, 0.525304180207, 0.94346828446, 0.447519430255, 0.136336697304, 0.498165065901, 0.196134688543, 0.276204049978, 0.113639928992, 0.0101070776727, 0.112527090294, 0.882403910633, 0.16567014351, 3.98664400995
0.16567014351, 0.298489780608, 0.0877341268667, 0.504493410162, 0.0739439276517, 0.195759560091, 0.376589812132, 0.540464692035, 0.851137168153, 0.271608470297, 0.435073805193, 0.452207242991, 0.118665194618, 0.350334473809, 0.816816813294, 0.77716229557, 0.96739053736, 0.717069472222, 0.0274553776712, 0.525304180207, 0.94346828446, 0.447519430255, 0.136336697304, 0.498165065901, 0.196134688543, 0.276204049978, 0.113639928992, 0.0101070776727, 0.112527090294, 0.882403910633, 0.16567014351, 3.98664400995
0.00184009037666, 0.601421122919, 0.174207830479, 0.0310505785379, 0.788740323097, 0.495958873067, 0.144512944898, 0.798835274743, 0.944510487227, 0.796046104216, 0.308499382298, 0.544503367755, 0.957275216429, 0.316233312955, 0.45972492514, 0.0577385872737, 0.506462844627, 0.606782126041, 0.862828624107, 0.147835821974, 0.821231499786, 0.384403082761, 0.150018496722, 0.36949350768, 0.73419462001, 0.269623574654, 0.12040269291, 0.672031072331, 0.485729051481, 0.480392124173, 0.00184009037666, 5.25498525969
0.00184009037666, 0.601421122919, 0.174207830479, 0.0310505785379, 0.788740323097, 0.495958873067, 0.144512944898, 0.798835274743, 0.944510487227, 0.796046104216, 0.308499382298, 0.544503367755, 0.957275216429, 0.316233312955, 0.45972492514, 0.0577385872737, 0.506462844627, 0.606782126041, 0.862828624107, 0.147835821974, 0.821231499786, 0.384403082761, 0.150018496722, 0.36949350768, 0.73419462001, 0.269623574654, 0.12040269291, 0.672031072331, 0.485729051481, 0.480392124173, 0.00184009037666, 5.25498525969
0.835825108859, 0.593057715572, 0.166494144879, 0.836273648175, 0.300164518505, 0.529691898265, 0.186770510231, 0.359214950323, 0.806843901098, 0.0710371365087, 0.413738279103, 0.360980123124, 0.37574551879, 0.55909485815, 0.0111195678665, 0.867441059291, 0.0299207225019, 0.227035626853, 0.348039099021, 0.258698407671, 0.116949938139, 0.0597014471694, 0.98485622895, 0.427125838395, 0.259807921757, 0.330957278785, 0.759630239354, 0.264793337918, 0.426856631684, 0.921154426936, 0.835825108859, 1.946775774
0.835825108859, 0.593057715572, 0.166494144879, 0.836273648175, 0.300164518505, 0.529691898265, 0.186770510231, 0.359214950323, 0.806843901098, 0.0710371365087, 0.413738279103, 0.360980123124, 0.37574551879, 0.55909485815, 0.0111195678665, 0.867441059291, 0.0299207225019, 0.227035626853, 0.348039099021, 0.258698407671, 0.116949938139, 0.0597014471694, 0.98485622895, 0.427125838395, 0.259807921757, 0.330957278785, 0.759630239354, 0.264793337918, 0.426856631684, 0.921154426936, 0.835825108859, 1.946775774
0.001212997278, 0.601421122919, 0.174207830479, 0.0310505785379, 0.788740323097, 0.495958873067, 0.144512944898, 0.798835274743, 0.944510487227, 0.796046104216, 0.308499382298, 0.544503367755, 0.984090739004, 0.316233312955, 0.673508341274, 0.165711351336, 0.506462844627, 0.606782126041, 0.862828624107, 0.117920979008, 0.977346111985, 0.384403082761, 0.150018496722, 0.36949350768, 0.73419462001, 0.269623574654, 0.12040269291, 0.672031072331, 0.485729051481, 0.480392124173, 0.001212997278, 5.41995620362
0.001212997278, 0.601421122919, 0.174207830479, 0.0310505785379, 0.788740323097, 0.495958873067, 0.144512944898, 0.798835274743, 0.944510487227, 0.796046104216, 0.308499382298, 0.544503367755, 0.984090739004, 0.316233312955, 0.673508341274, 0.165711351336, 0.506462844627, 0.606782126041, 0.862828624107, 0.117920979008, 0.977346111985, 0.384403082761, 0.150018496722, 0.36949350768, 0.73419462001, 0.269623574654, 0.12040269291, 0.672031072331, 0.485729051481, 0.480392124173, 0.001212997278, 5.41995620362
0.0203326725904, 0.425686803934, 0.277389572207, 0.382866012752, 0.131280355001, 0.345251194902, 0.0824245567023, 0.550033349384, 0.727346696289, 0.104024132236, 0.942207648589, 0.0689435423124, 0.0610567018457, 0.108126153857, 0.643370513324, 0.296400101557, 0.184687484024, 0.267268227168, 0.336030569104, 0.182573319065, 0.864295196603, 0.0578022585937, 0.00145971517003, 0.645730012241, 0.268858530148, 0.633168357561, 0.490117472416, 0.734800725803, 0.71539198913, 0.678092162619, 0.0203326725904, 4.16407141493
0.0203326725904, 0.425686803934, 0.277389572207, 0.382866012752, 0.131280355001, 0.345251194902, 0.0824245567023, 0.550033349384, 0.727346696289, 0.104024132236, 0.942207648589, 0.0689435423124, 0.0610567018457, 0.108126153857, 0.643370513324, 0.296400101557, 0.184687484024, 0.267268227168, 0.336030569104, 0.182573319065, 0.864295196603, 0.0578022585937, 0.00145971517003, 0.645730012241, 0.268858530148, 0.633168357561, 0.490117472416, 0.734800725803, 0.71539198913, 0.678092162619, 0.0203326725904, 4.16407141493
0.268703747602, 0.334439085471, 0.178033128999, 0.0874527576905, 0.00781585603233, 0.0448010667295, 0.348315652294, 0.0594733136814, 0.0713141992733, 0.454654511977, 0.919697591377, 0.783628798797, 0.606138212383, 0.898944992238, 0.862241880799, 0.0133681734091, 0.982646279873, 0.875469104165, 0.545606798018, 0.400416342651, 0.365646080399, 0.392892002542, 0.392956031848, 0.553321526631, 0.234886571884, 0.0288545989114, 0.485677536982, 0.215020974104, 0.0864796283236, 0.828775647669, 0.268703747602, 3.38994893165
0.268703747602, 0.334439085471, 0.178033128999, 0.0874527576905, 0.00781585603233, 0.0448010667295, 0.348315652294, 0.0594733136814, 0.0713141992733, 0.454654511977, 0.919697591377, 0.783628798797, 0.606138212383, 0.898944992238, 0.862241880799, 0.0133681734091, 0.982646279873, 0.875469104165, 0.545606798018, 0.400416342651, 0.365646080399, 0.392892002542, 0.392956031848, 0.553321526631, 0.234886571884, 0.0288545989114, 0.485677536982, 0.215020974104, 0.0864796283236, 0.828775647669, 0.268703747602, 3.38994893165
0.184765777562, 0.884627508819, 0.0868199194839, 0.117145245242, 0.263891219385, 0.446227282016, 0.90930524952, 0.251530389017, 0.625045733404, 0.905087551358, 0.327410012039, 0.332802529377, 0.163270998036, 0.370461635916, 0.0232733845746, 0.0104136970916, 0.260694476546, 0.572933982402, 0.075366903925, 0.701792299108, 0.79888889175, 0.056262721157, 0.96241539035, 0.341906728894, 0.0624530314921, 0.277199737203, 0.254215241595, 0.77620560739, 0.528105788425, 0.59408345664, 0.184765777562, 3.86932106458
0.184765777562, 0.884627508819, 0.0868199194839, 0.117145245242, 0.263891219385, 0.446227282016, 0.90930524952, 0.251530389017, 0.625045733404, 0.905087551358, 0.327410012039, 0.332802529377, 0.163270998036, 0.370461635916, 0.0232733845746, 0.0104136970916, 0.260694476546, 0.572933982402, 0.075366903925, 0.701792299108, 0.79888889175, 0.056262721157, 0.96241539035, 0.341906728894, 0.0624530314921, 0.277199737203, 0.254215241595, 0.77620560739, 0.528105788425, 0.59408345664, 0.184765777562, 3.86932106458
0.636423936247, 0.425686803934, 0.277389572207, 0.547892992783, 0.131280355001, 0.366310470857, 0.711554715144, 0.550033349384, 0.113139175484, 0.356513569163, 0.942207648589, 0.0689435423124, 0.0610567018457, 0.293151684579, 0.643370513324, 0.296400101557, 0.351924988249, 0.401795402144, 0.336030569104, 0.0538261499618, 0.505540710495, 0.107338616974, 0.507815575473, 0.645730012241, 0.268858530148, 0.633168357561, 0.490117472416, 0.535186105934, 0.71539198913, 0.330732066665, 0.636423936247, 2.32686126581
0.636423936247, 0.425686803934, 0.277389572207, 0.547892992783, 0.131280355001, 0.366310470857, 0.711554715144, 0.550033349384, 0.113139175484, 0.356513569163, 0.942207648589, 0.0689435423124, 0.0610567018457, 0.293151684579, 0.643370513324, 0.296400101557, 0.351924988249, 0.401795402144, 0.336030569104, 0.0538261499618, 0.505540710495, 0.107338616974, 0.507815575473, 0.645730012241, 0.268858530148, 0.633168357561, 0.490117472416, 0.535186105934, 0.71539198913, 0.330732066665, 0.636423936247, 2.32686126581
0.298083249798, 0.00105536704265, 0.301647238239, 0.742936439165, 0.409206790558, 0.150792838903, 0.740073904354, 0.140511949206, 0.113648895612, 0.193107516842, 0.150515687429, 0.255606226789, 0.876518240123, 0.0741625265687, 0.10920044864, 0.897776966968, 0.25444608115, 0.771009720264, 0.590647681815, 0.250299455356, 0.440985008696, 0.672881937276, 0.660236426955, 0.114001843138, 0.118858862612, 0.0959751705657, 0.114902313735, 0.253289504731, 0.426776045798, 0.435076728481, 0.298083249798, 3.07527245016
0.298083249798, 0.00105536704265, 0.301647238239, 0.742936439165, 0.409206790558, 0.150792838903, 0.740073904354, 0.140511949206, 0.113648895612, 0.193107516842, 0.150515687429, 0.255606226789, 0.876518240123, 0.0741625265687, 0.10920044864, 0.897776966968, 0.25444608115, 0.771009720264, 0.590647681815, 0.250299455356, 0.440985008696, 0.672881937276, 0.660236426955, 0.114001843138, 0.118858862612, 0.0959751705657, 0.114902313735, 0.253289504731, 0.426776045798, 0.435076728481, 0.298083249798, 3.07527245016
0.45546125507, 0.375795545521, 0.333602079984, 0.487940248148, 0.0259966736223, 0.224400892989, 0.718952290345, 0.488352685018, 0.686787232143, 0.287297918483, 0.547661299197, 0.859383245872, 0.744762589722, 0.291533264856, 0.0221675060884, 0.932917546667, 0.0187587910365, 0.272837417703, 0.00880832125471, 0.267662534094, 0.194353810132, 0.00975833459321, 0.787386400336, 0.214812586814, 0.187154546876, 0.956859116383, 0.447808005828, 0.0270714715804, 0.221728345764, 0.509939585046, 0.45546125507, 2.58690809975
0.45546125507, 0.375795545521, 0.333602079984, 0.487940248148, 0.0259966736223, 0.224400892989, 0.718952290345, 0.488352685018, 0.686787232143, 0.287297918483, 0.547661299197, 0.859383245872, 0.744762589722, 0.291533264856, 0.0221675060884, 0.932917546667, 0.0187587910365, 0.272837417703, 0.00880832125471, 0.267662534094, 0.194353810132, 0.00975833459321, 0.787386400336, 0.214812586814, 0.187154546876, 0.956859116383, 0.447808005828, 0.0270714715804, 0.221728345764, 0.509939585046, 0.45546125507, 2.58690809975
0.414381380509, 0.55677912634, 0.339949821551, 0.219429902967, 0.00405057195893, 0.22671275616, 0.640540161225, 0.0880040903618, 0.304700839158, 0.552949415565, 0.794660285279, 0.081901128279, 0.392781362433, 0.94108396093, 0.214500722072, 0.188947451048, 0.0253883564369, 0.30519527653, 0.342466821153, 0.940409059132, 0.586649614587, 0.603417325697, 0.784238378943, 0.994806775316, 0.195296613696, 0.147890964664, 0.341255969436, 0.815321429783, 0.0370645572525, 0.00489270247014, 0.414381380509, 3.05725697834
0.414381380509, 0.55677912634, 0.339949821551, 0.219429902967, 0.00405057195893, 0.22671275616, 0.640540161225, 0.0880040903618, 0.304700839158, 0.552949415565, 0.794660285279, 0.081901128279, 0.392781362433, 0.94108396093, 0.214500722072, 0.188947451048, 0.0253883564369, 0.30519527653, 0.342466821153, 0.940409059132, 0.586649614587, 0.603417325697, 0.784238378943, 0.994806775316, 0.195296613696, 0.147890964664, 0.341255969436, 0.815321429783, 0.0370645572525, 0.00489270247014, 0.414381380509, 3.05725697834
0.0356991273885, 0.532581645425, 0.65059574201, 0.918413418982, 0.895493333996, 0.585638096454, 0.202492199963, 0.00414189117717, 0.12738686536, 0.723668169357, 0.436967080467, 0.32028213692, 0.0146010353404, 0.244329977809, 0.324852159313, 0.16137882669, 0.461317464956, 0.0507565706039, 0.584895480245, 0.326878051445, 0.697458839662, 0.296304286958, 0.0544499861794, 0.966040180564, 0.00573433685389, 0.146247580005, 0.225485723033, 0.0884148754113, 0.372293234531, 0.962610710302, 0.0356991273885, 4.09785772298
0.0356991273885, 0.532581645425, 0.65059574201, 0.918413418982, 0.895493333996, 0.585638096454, 0.202492199963, 0.00414189117717, 0.12738686536, 0.723668169357, 0.436967080467, 0.32028213692, 0.0146010353404, 0.244329977809, 0.324852159313, 0.16137882669, 0.461317464956, 0.0507565706039, 0.584895480245, 0.326878051445, 0.697458839662, 0.296304286958, 0.0544499861794, 0.966040180564, 0.00573433685389, 0.146247580005, 0.225485723033, 0.0884148754113, 0.372293234531, 0.962610710302, 0.0356991273885, 4.09785772298
0.858781743589, 0.482794877488, 0.853448116357, 0.319192304792, 0.388815514688, 0.410565696036, 0.131170166679, 0.472552460155, 0.117053384967, 0.0512917992353, 0.697881995505, 0.058576698493, 0.322632149438, 0.807484241196, 0.393182602765, 0.0601866915545, 0.37546817242, 0.351571851795, 0.734746027204, 0.158153998453, 0.60279153451, 0.639524077238, 0.434882469632, 0.511866263716, 0.418052081613, 0.0721094775722, 0.747107778102, 0.216768735512, 0.284738512234, 0.597842193798, 0.858781743589, 1.81350715748
0.858781743589, 0.482794877488, 0.853448116357, 0.319192304792, 0.388815514688, 0.410565696036, 0.131170166679, 0.472552460155, 0.117053384967, 0.0512917992353, 0.697881995505, 0.058576698493, 0.322632149438, 0.807484241196, 0.393182602765, 0.0601866915545, 0.37546817242, 0.351571851795, 0.734746027204, 0.158153998453, 0.60279153451, 0.639524077238, 0.434882469632, 0.511866263716, 0.418052081613, 0.0721094775722, 0.747107778102, 0.216768735512, 0.284738512234, 0.597842193798, 0.858781743589, 1.81350715748
0.16567014351, 0.298489780608, 0.0877341268667, 0.496138404231, 0.0739439276517, 0.195759560091, 0.376589812132, 0.540464692035, 0.851137168153, 0.271608470297, 0.435073805193, 0.452207242991, 0.118665194618, 0.350334473809, 0.816816813294, 0.77716229557, 0.96739053736, 0.717069472222, 0.0274553776712, 0.525304180207, 0.94346828446, 0.447519430255, 0.136336697304, 0.498165065901, 0.196134688543, 0.276204049978, 0.113639928992, 0.0101070776727, 0.112527090294, 0.943527270693, 0.16567014351, 4.00148855671
0.16567014351, 0.298489780608, 0.0877341268667, 0.496138404231, 0.0739439276517, 0.195759560091, 0.376589812132, 0.540464692035, 0.851137168153, 0.271608470297, 0.435073805193, 0.452207242991, 0.118665194618, 0.350334473809, 0.816816813294, 0.77716229557, 0.96739053736, 0.717069472222, 0.0274553776712, 0.525304180207, 0.94346828446, 0.447519430255, 0.136336697304, 0.498165065901, 0.196134688543, 0.276204049978, 0.113639928992, 0.0101070776727, 0.112527090294, 0.943527270693, 0.16567014351, 4.00148855671
0.835825108859, 0.593057715572, 0.166494144879, 0.817400944027, 0.354640257302, 0.529691898265, 0.186770510231, 0.604981630437, 0.806843901098, 0.0710371365087, 0.413738279103, 0.360980123124, 0.37574551879, 0.55909485815, 0.245316259078, 0.425124082655, 0.19280770274, 0.227035626853, 0.43848139778, 0.258698407671, 0.5106118211, 0.0597014471694, 0.999971030787, 0.427125838395, 0.259807921757, 0.330957278785, 0.238485207482, 0.212745001768, 0.426856631684, 0.877471833649, 0.835825108859, 1.97578979447
0.835825108859, 0.593057715572, 0.166494144879, 0.817400944027, 0.354640257302, 0.529691898265, 0.186770510231, 0.604981630437, 0.806843901098, 0.0710371365087, 0.413738279103, 0.360980123124, 0.37574551879, 0.55909485815, 0.245316259078, 0.425124082655, 0.19280770274, 0.227035626853, 0.43848139778, 0.258698407671, 0.5106118211, 0.0597014471694, 0.999971030787, 0.427125838395, 0.259807921757, 0.330957278785, 0.238485207482, 0.212745001768, 0.426856631684, 0.877471833649, 0.835825108859, 1.97578979447
0.850745807128, 0.298489780608, 0.0877341268667, 0.496138404231, 0.0739439276517, 0.169110907494, 0.376589812132, 0.540464692035, 0.735766915547, 0.271608470297, 0.435073805193, 0.618672125834, 0.118665194618, 0.350334473809, 0.816816813294, 0.77716229557, 0.96739053736, 0.717069472222, 0.08202535031, 0.650148899423, 0.94346828446, 0.447519430255, 0.136336697304, 0.744647860078, 0.196134688543, 0.254961049217, 0.113639928992, 0.0101070776727, 0.112527090294, 0.882403910633, 0.850745807128, 1.97296250818
0.850745807128, 0.298489780608, 0.0877341268667, 0.496138404231, 0.0739439276517, 0.169110907494, 0.376589812132, 0.540464692035, 0.735766915547, 0.271608470297, 0.435073805193, 0.618672125834, 0.118665194618, 0.350334473809, 0.816816813294, 0.77716229557, 0.96739053736, 0.717069472222, 0.08202535031, 0.650148899423, 0.94346828446, 0.447519430255, 0.136336697304, 0.744647860078, 0.196134688543, 0.254961049217, 0.113639928992, 0.0101070776727, 0.112527090294, 0.882403910633, 0.850745807128, 1.97296250818
0.0339837887198, 0.883507464186, 0.333799350641, 0.559449223186, 0.763973392445, 0.204085936642, 0.82432905937, 0.351671074989, 0.575687361117, 0.962470253684, 0.164115899303, 0.773692509819, 0.477667837843, 0.841662463967, 0.156164881911, 0.333048427911, 0.285186715613, 0.0731147439941, 0.90458467248, 0.147689289295, 0.3028807089, 0.638143400565, 0.802655864427, 0.355638193301, 0.029734741012, 0.777696664905, 0.289554479041, 0.739825892987, 0.112410520678, 0.618515752226, 0.0339837887198, 4.97319354771
0.0339837887198, 0.883507464186, 0.333799350641, 0.559449223186, 0.763973392445, 0.204085936642, 0.82432905937, 0.351671074989, 0.575687361117, 0.962470253684, 0.164115899303, 0.773692509819, 0.477667837843, 0.841662463967, 0.156164881911, 0.333048427911, 0.285186715613, 0.0731147439941, 0.90458467248, 0.147689289295, 0.3028807089, 0.638143400565, 0.802655864427, 0.355638193301, 0.029734741012, 0.777696664905, 0.289554479041, 0.739825892987, 0.112410520678, 0.618515752226, 0.0339837887198, 4.97319354771
0.268703747602, 0.334439085471, 0.479946415091, 0.0874527576905, 0.00781585603233, 0.0448010667295, 0.348315652294, 0.134191577182, 0.0713141992733, 0.454654511977, 0.919697591377, 0.783628798797, 0.606138212383, 0.898944992238, 0.819893128375, 0.0133681734091, 0.982646279873, 0.875469104165, 0.545606798018, 0.400416342651, 0.365646080399, 0.392892002542, 0.392956031848, 0.897292082411, 0.234886571884, 0.0288545989114, 0.485677536982, 0.215020974104, 0.0864796283236, 0.828775647669, 0.268703747602, 3.5756613266
0.268703747602, 0.334439085471, 0.479946415091, 0.0874527576905, 0.00781585603233, 0.0448010667295, 0.348315652294, 0.134191577182, 0.0713141992733, 0.454654511977, 0.919697591377, 0.783628798797, 0.606138212383, 0.898944992238, 0.819893128375, 0.0133681734091, 0.982646279873, 0.875469104165, 0.545606798018, 0.400416342651, 0.365646080399, 0.392892002542, 0.392956031848, 0.897292082411, 0.234886571884, 0.0288545989114, 0.485677536982, 0.215020974104, 0.0864796283236, 0.828775647669, 0.268703747602, 3.5756613266
0.184765777562, 0.884627508819, 0.0868199194839, 0.117145245242, 0.263891219385, 0.446227282016, 0.722044522133, 0.251530389017, 0.625045733404, 0.69175592592, 0.327410012039, 0.332802529377, 0.0215139307153, 0.370461635916, 0.0232733845746, 0.0104136970916, 0.260694476546, 0.572933982402, 0.075366903925, 0.701792299108, 0.79888889175, 0.056262721157, 0.96241539035, 0.432074400038, 0.135457722118, 0.679401086148, 0.254215241595, 0.77620560739, 0.528105788425, 0.59408345664, 0.184765777562, 3.87575977119
0.184765777562, 0.884627508819, 0.0868199194839, 0.117145245242, 0.263891219385, 0.446227282016, 0.722044522133, 0.251530389017, 0.625045733404, 0.69175592592, 0.327410012039, 0.332802529377, 0.0215139307153, 0.370461635916, 0.0232733845746, 0.0104136970916, 0.260694476546, 0.572933982402, 0.075366903925, 0.701792299108, 0.79888889175, 0.056262721157, 0.96241539035, 0.432074400038, 0.135457722118, 0.679401086148, 0.254215241595, 0.77620560739, 0.528105788425, 0.59408345664, 0.184765777562, 3.87575977119
0.832180839956, 0.41953814258, 0.442848419781, 0.15137939697, 0.331313345389, 0.781083145648, 0.361935634474, 0.774225877581, 0.416052068998, 0.59648716557, 0.145732123724, 0.632784726796, 0.128315288823, 0.0685538459307, 0.405969819065, 0.870503339944, 0.255822807908, 0.937746334547, 0.237813650916, 0.461598575907, 0.853278173643, 0.908133302552, 0.227469277036, 0.188157087395, 0.855816869936, 0.838620727384, 0.296041477673, 0.304310393641, 0.19156989485, 0.656756721924, 0.832180839956, 2.46593136346
0.832180839956, 0.41953814258, 0.442848419781, 0.15137939697, 0.331313345389, 0.781083145648, 0.361935634474, 0.774225877581, 0.416052068998, 0.59648716557, 0.145732123724, 0.632784726796, 0.128315288823, 0.0685538459307, 0.405969819065, 0.870503339944, 0.255822807908, 0.937746334547, 0.237813650916, 0.461598575907, 0.853278173643, 0.908133302552, 0.227469277036, 0.188157087395, 0.855816869936, 0.838620727384, 0.296041477673, 0.304310393641, 0.19156989485, 0.656756721924, 0.832180839956, 2.46593136346
0.298083249798, 0.00105536704265, 0.18464588429, 0.742936439165, 0.506257750671, 0.150792838903, 0.740073904354, 0.140511949206, 0.0643737243772, 0.193107516842, 0.0119936235913, 0.255606226789, 0.876518240123, 0.0741625265687, 0.10920044864, 0.897776966968, 0.25444608115, 0.771009720264, 0.307531140765, 0.250299455356, 0.440985008696, 0.672881937276, 0.660236426955, 0.114001843138, 0.118858862612, 0.0959751705657, 0.149159920014, 0.315298639118, 0.927795366474, 0.435076728481, 0.298083249798, 3.1039164466
0.298083249798, 0.00105536704265, 0.18464588429, 0.742936439165, 0.506257750671, 0.150792838903, 0.740073904354, 0.140511949206, 0.0643737243772, 0.193107516842, 0.0119936235913, 0.255606226789, 0.876518240123, 0.0741625265687, 0.10920044864, 0.897776966968, 0.25444608115, 0.771009720264, 0.307531140765, 0.250299455356, 0.440985008696, 0.672881937276, 0.660236426955, 0.114001843138, 0.118858862612, 0.0959751705657, 0.149159920014, 0.315298639118, 0.927795366474, 0.435076728481, 0.298083249798, 3.1039164466
0.817249873613, 0.605181420386, 0.561466320479, 0.914374483356, 0.36238056332, 0.0956275622985, 0.725186940412, 0.301787484502, 0.35870598819, 0.317532146094, 0.0844711316671, 0.775331957673, 0.840804056061, 0.152384004808, 0.298779066172, 0.242357341193, 0.384683328981, 0.697307325324, 0.127289986162, 0.0911432512684, 0.217867116569, 0.500253351535, 0.586795626149, 0.997583113829, 0.547769344823, 0.0151490683117, 0.656454402488, 0.693596672942, 0.481073287445, 0.595965505434, 0.817249873613, 2.6414308446
0.817249873613, 0.605181420386, 0.561466320479, 0.914374483356, 0.36238056332, 0.0956275622985, 0.725186940412, 0.301787484502, 0.35870598819, 0.317532146094, 0.0844711316671, 0.775331957673, 0.840804056061, 0.152384004808, 0.298779066172, 0.242357341193, 0.384683328981, 0.697307325324, 0.127289986162, 0.0911432512684, 0.217867116569, 0.500253351535, 0.586795626149, 0.997583113829, 0.547769344823, 0.0151490683117, 0.656454402488, 0.693596672942, 0.481073287445, 0.595965505434, 0.817249873613, 2.6414308446
0.617622799634, 0.177645930219, 0.997438188557, 0.359884940588, 0.420220744378, 0.0924685997061, 0.817591234683, 0.241146166708, 0.275704187767, 0.757178249145, 0.0638404065495, 0.242421655836, 0.14882927927, 0.447547053022, 0.837060327915, 0.715709274054, 0.455366984183, 0.0719420078723, 0.125650531186, 0.902942362898, 0.589476196495, 0.163771549904, 0.668005336339, 0.0172306150857, 0.467239395584, 0.543016084915, 0.723183231998, 0.420973190643, 0.00992404607729, 0.115933355089, 0.617622799634, 2.65806109425
0.617622799634, 0.177645930219, 0.997438188557, 0.359884940588, 0.420220744378, 0.0924685997061, 0.817591234683, 0.241146166708, 0.275704187767, 0.757178249145, 0.0638404065495, 0.242421655836, 0.14882927927, 0.447547053022, 0.837060327915, 0.715709274054, 0.455366984183, 0.0719420078723, 0.125650531186, 0.902942362898, 0.589476196495, 0.163771549904, 0.668005336339, 0.0172306150857, 0.467239395584, 0.543016084915, 0.723183231998, 0.420973190643, 0.00992404607729, 0.115933355089, 0.617622799634, 2.65806109425
0.45546125507, 0.375795545521, 0.481382030957, 0.0690201067752, 0.956631239405, 0.842040678773, 0.718952290345, 0.547782863392, 0.686787232143, 0.287297918483, 0.713238180364, 0.859383245872, 0.744762589722, 0.291533264856, 0.0333482986302, 0.932917546667, 0.159249768995, 0.272837417703, 0.00880832125471, 0.267662534094, 0.332296262964, 0.0113980650882, 0.115040808446, 0.214812586814, 0.187154546876, 0.956859116383, 0.115276090814, 0.00254370510982, 0.221728345764, 0.509939585046, 0.45546125507, 2.78661912118
0.45546125507, 0.375795545521, 0.481382030957, 0.0690201067752, 0.956631239405, 0.842040678773, 0.718952290345, 0.547782863392, 0.686787232143, 0.287297918483, 0.713238180364, 0.859383245872, 0.744762589722, 0.291533264856, 0.0333482986302, 0.932917546667, 0.159249768995, 0.272837417703, 0.00880832125471, 0.267662534094, 0.332296262964, 0.0113980650882, 0.115040808446, 0.214812586814, 0.187154546876, 0.956859116383, 0.115276090814, 0.00254370510982, 0.221728345764, 0.509939585046, 0.45546125507, 2.78661912118
0.0356991273885, 0.532581645425, 0.65059574201, 0.374703302258, 0.895493333996, 0.626980569537, 0.202492199963, 0.00414189117717, 0.12738686536, 0.723668169357, 0.436967080467, 0.32028213692, 0.396365407107, 0.244329977809, 0.324852159313, 0.16137882669, 0.461317464956, 0.0507565706039, 0.808973602901, 0.326878051445, 0.697458839662, 0.296304286958, 0.0544499861794, 0.918977381744, 0.00573433685389, 0.146247580005, 0.225485723033, 0.0884148754113, 0.372293234531, 0.962610710302, 0.0356991273885, 4.11458877295
0.0356991273885, 0.532581645425, 0.65059574201, 0.374703302258, 0.895493333996, 0.626980569537, 0.202492199963, 0.00414189117717, 0.12738686536, 0.723668169357, 0.436967080467, 0.32028213692, 0.396365407107, 0.244329977809, 0.324852159313, 0.16137882669, 0.461317464956, 0.0507565706039, 0.808973602901, 0.326878051445, 0.697458839662, 0.296304286958, 0.0544499861794, 0.918977381744, 0.00573433685389, 0.146247580005, 0.225485723033, 0.0884148754113, 0.372293234531, 0.962610710302, 0.0356991273885, 4.11458877295
0.858781743589, 0.482794877488, 0.939079563498, 0.319192304792, 0.388815514688, 0.410565696036, 0.131170166679, 0.472552460155, 0.117053384967, 0.24196776657, 0.697881995505, 0.058576698493, 0.322632149438, 0.807484241196, 0.393182602765, 0.0601866915545, 0.37546817242, 0.351571851795, 0.734746027204, 0.158153998453, 0.60279153451, 0.368218061482, 0.434882469632, 0.511866263716, 0.418052081613, 0.0721094775722, 0.747107778102, 0.365098386611, 0.284738512234, 0.597842193798, 0.858781743589, 1.8508772537
0.858781743589, 0.482794877488, 0.939079563498, 0.319192304792, 0.388815514688, 0.410565696036, 0.131170166679, 0.472552460155, 0.117053384967, 0.24196776657, 0.697881995505, 0.058576698493, 0.322632149438, 0.807484241196, 0.393182602765, 0.0601866915545, 0.37546817242, 0.351571851795, 0.734746027204, 0.158153998453, 0.60279153451, 0.368218061482, 0.434882469632, 0.511866263716, 0.418052081613, 0.0721094775722, 0.747107778102, 0.365098386611, 0.284738512234, 0.597842193798, 0.858781743589, 1.8508772537
0.835825108859, 0.593057715572, 0.166494144879, 0.897489699419, 0.410490608132, 0.529691898265, 0.186770510231, 0.359214950323, 0.806843901098, 0.0710371365087, 0.413738279103, 0.360980123124, 0.37574551879, 0.55909485815, 0.0111195678665, 0.855629126336, 0.134267780496, 0.227035626853, 0.348039099021, 0.258698407671, 0.116949938139, 0.0597014471694, 0.975859524344, 0.427125838395, 0.259807921757, 0.330957278785, 0.780075158248, 0.212745001768, 0.66595558045, 0.877471833649, 0.835825108859, 2.04949163724
0.835825108859, 0.593057715572, 0.166494144879, 0.897489699419, 0.410490608132, 0.529691898265, 0.186770510231, 0.359214950323, 0.806843901098, 0.0710371365087, 0.413738279103, 0.360980123124, 0.37574551879, 0.55909485815, 0.0111195678665, 0.855629126336, 0.134267780496, 0.227035626853, 0.348039099021, 0.258698407671, 0.116949938139, 0.0597014471694, 0.975859524344, 0.427125838395, 0.259807921757, 0.330957278785, 0.780075158248, 0.212745001768, 0.66595558045, 0.877471833649, 0.835825108859, 2.04949163724
0.0339837887198, 0.883507464186, 0.0385767997793, 0.559449223186, 0.763973392445, 0.204085936642, 0.82432905937, 0.351671074989, 0.575687361117, 0.651009821083, 0.164115899303, 0.773692509819, 0.973477755665, 0.841662463967, 0.156164881911, 0.400039909254, 0.141722456945, 0.0731147439941, 0.90458467248, 0.147689289295, 0.3028807089, 0.638143400565, 0.916351896367, 0.355638193301, 0.343134527571, 0.777696664905, 0.521806364209, 0.739825892987, 0.0357201472135, 0.618515752226, 0.0339837887198, 5.09105191594
0.0339837887198, 0.883507464186, 0.0385767997793, 0.559449223186, 0.763973392445, 0.204085936642, 0.82432905937, 0.351671074989, 0.575687361117, 0.651009821083, 0.164115899303, 0.773692509819, 0.973477755665, 0.841662463967, 0.156164881911, 0.400039909254, 0.141722456945, 0.0731147439941, 0.90458467248, 0.147689289295, 0.3028807089, 0.638143400565, 0.916351896367, 0.355638193301, 0.343134527571, 0.777696664905, 0.521806364209, 0.739825892987, 0.0357201472135, 0.618515752226, 0.0339837887198, 5.09105191594
0.268703747602, 0.334439085471, 0.178033128999, 0.325025584912, 0.00781585603233, 0.0448010667295, 0.348315652294, 0.134191577182, 0.0713141992733, 0.454654511977, 0.919697591377, 0.783628798797, 0.72884849858, 0.898944992238, 0.853654732802, 0.0133681734091, 0.982646279873, 0.875469104165, 0.545606798018, 0.9908015471, 0.781253345653, 0.392892002542, 0.392956031848, 0.897292082411, 0.244354578776, 0.0288545989114, 0.263849714624, 0.215020974104, 0.0864796283236, 0.828775647669, 0.268703747602, 3.81897203417
0.268703747602, 0.334439085471, 0.178033128999, 0.325025584912, 0.00781585603233, 0.0448010667295, 0.348315652294, 0.134191577182, 0.0713141992733, 0.454654511977, 0.919697591377, 0.783628798797, 0.72884849858, 0.898944992238, 0.853654732802, 0.0133681734091, 0.982646279873, 0.875469104165, 0.545606798018, 0.9908015471, 0.781253345653, 0.392892002542, 0.392956031848, 0.897292082411, 0.244354578776, 0.0288545989114, 0.263849714624, 0.215020974104, 0.0864796283236, 0.828775647669, 0.268703747602, 3.81897203417
0.184765777562, 0.884627508819, 0.0868199194839, 0.117145245242, 0.263891219385, 0.446227282016, 0.722044522133, 0.251530389017, 0.625045733404, 0.69175592592, 0.327410012039, 0.332802529377, 0.163270998036, 0.370461635916, 0.0232733845746, 0.0104136970916, 0.104715668724, 0.953110498047, 0.075366903925, 0.701792299108, 0.659735551641, 0.056262721157, 0.710203651678, 0.432074400038, 0.411059050103, 0.679401086148, 0.254215241595, 0.77620560739, 0.528105788425, 0.483526205426, 0.184765777562, 3.9148195362
0.184765777562, 0.884627508819, 0.0868199194839, 0.117145245242, 0.263891219385, 0.446227282016, 0.722044522133, 0.251530389017, 0.625045733404, 0.69175592592, 0.327410012039, 0.332802529377, 0.163270998036, 0.370461635916, 0.0232733845746, 0.0104136970916, 0.104715668724, 0.953110498047, 0.075366903925, 0.701792299108, 0.659735551641, 0.056262721157, 0.710203651678, 0.432074400038, 0.411059050103, 0.679401086148, 0.254215241595, 0.77620560739, 0.528105788425, 0.483526205426, 0.184765777562, 3.9148195362
0.832180839956, 0.41953814258, 0.442848419781, 0.15137939697, 0.331313345389, 0.781083145648, 0.015707388272, 0.982088471559, 0.416052068998, 0.575724167452, 0.145732123724, 0.85233249687, 0.128315288823, 0.0858938872696, 0.405969819065, 0.870503339944, 0.0984998974103, 0.875925996336, 0.237813650916, 0.461598575907, 0.853278173643, 0.376423571426, 0.725928515246, 0.188157087395, 0.942850875281, 0.838620727384, 0.296041477673, 0.508317623125, 0.189471932566, 0.656756721924, 0.832180839956, 2.49436585361
0.832180839956, 0.41953814258, 0.442848419781, 0.15137939697, 0.331313345389, 0.781083145648, 0.015707388272, 0.982088471559, 0.416052068998, 0.575724167452, 0.145732123724, 0.85233249687, 0.128315288823, 0.0858938872696, 0.405969819065, 0.870503339944, 0.0984998974103, 0.875925996336, 0.237813650916, 0.461598575907, 0.853278173643, 0.376423571426, 0.725928515246, 0.188157087395, 0.942850875281, 0.838620727384, 0.296041477673, 0.508317623125, 0.189471932566, 0.656756721924, 0.832180839956, 2.49436585361
0.424331999147, 0.425686803934, 0.277389572207, 0.382866012752, 0.131280355001, 0.345251194902, 0.0824245567023, 0.550033349384, 0.727346696289, 0.104024132236, 0.998671538437, 0.921051561418, 0.0345734110326, 0.476815971621, 0.643370513324, 0.296400101557, 0.351924988249, 0.267268227168, 0.336030569104, 0.182573319065, 0.505540710495, 0.142629614502, 0.00145971517003, 0.645730012241, 0.268858530148, 0.633168357561, 0.490117472416, 0.734800725803, 0.71539198913, 0.678092162619, 0.424331999147, 3.10725260938
0.424331999147, 0.425686803934, 0.277389572207, 0.382866012752, 0.131280355001, 0.345251194902, 0.0824245567023, 0.550033349384, 0.727346696289, 0.104024132236, 0.998671538437, 0.921051561418, 0.0345734110326, 0.476815971621, 0.643370513324, 0.296400101557, 0.351924988249, 0.267268227168, 0.336030569104, 0.182573319065, 0.505540710495, 0.142629614502, 0.00145971517003, 0.645730012241, 0.268858530148, 0.633168357561, 0.490117472416, 0.734800725803, 0.71539198913, 0.678092162619, 0.424331999147, 3.10725260938
0.298083249798, 0.00105536704265, 0.18464588429, 0.916028461371, 0.506257750671, 0.150792838903, 0.740073904354, 0.140511949206, 0.113648895612, 0.036534464625, 0.0119936235913, 0.255606226789, 0.876518240123, 0.0741625265687, 0.10920044864, 0.897776966968, 0.25444608115, 0.771009720264, 0.307531140765, 0.250299455356, 0.440985008696, 0.672881937276, 0.660236426955, 0.114001843138, 0.118858862612, 0.0959751705657, 0.114902313735, 0.315298639118, 0.927795366474, 0.507786266693, 0.298083249798, 3.13199130513
0.298083249798, 0.00105536704265, 0.18464588429, 0.916028461371, 0.506257750671, 0.150792838903, 0.740073904354, 0.140511949206, 0.113648895612, 0.036534464625, 0.0119936235913, 0.255606226789, 0.876518240123, 0.0741625265687, 0.10920044864, 0.897776966968, 0.25444608115, 0.771009720264, 0.307531140765, 0.250299455356, 0.440985008696, 0.672881937276, 0.660236426955, 0.114001843138, 0.118858862612, 0.0959751705657, 0.114902313735, 0.315298639118, 0.927795366474, 0.507786266693, 0.298083249798, 3.13199130513
0.617622799634, 0.0779109979853, 0.997438188557, 0.359884940588, 0.420220744378, 0.386819609011, 0.817591234683, 0.639770292512, 0.275704187767, 0.301297016687, 0.0638404065495, 0.267542536154, 0.186214337987, 0.447547053022, 0.837060327915, 0.715709274054, 0.455366984183, 0.0719420078723, 0.125650531186, 0.354576279388, 0.991897715639, 0.419048785469, 0.658940013386, 0.28535410459, 0.482025787775, 0.543016084915, 0.668374821311, 0.420973190643, 0.00992404607729, 0.159479226887, 0.617622799634, 2.80359021109
0.617622799634, 0.0779109979853, 0.997438188557, 0.359884940588, 0.420220744378, 0.386819609011, 0.817591234683, 0.639770292512, 0.275704187767, 0.301297016687, 0.0638404065495, 0.267542536154, 0.186214337987, 0.447547053022, 0.837060327915, 0.715709274054, 0.455366984183, 0.0719420078723, 0.125650531186, 0.354576279388, 0.991897715639, 0.419048785469, 0.658940013386, 0.28535410459, 0.482025787775, 0.543016084915, 0.668374821311, 0.420973190643, 0.00992404607729, 0.159479226887, 0.617622799634, 2.80359021109
0.45546125507, 0.375795545521, 0.474036187206, 0.0690201067752, 0.956631239405, 0.842040678773, 0.81355029542, 0.547782863392, 0.686787232143, 0.143673287749, 0.713238180364, 0.859383245872, 0.744762589722, 0.291533264856, 0.0333482986302, 0.935231168238, 0.0187587910365, 0.272837417703, 0.00880832125471, 0.252054377766, 0.332296262964, 0.0113980650882, 0.787386400336, 0.214812586814, 0.187154546876, 0.956859116383, 0.115276090814, 0.00254370510982, 0.221728345764, 0.509939585046, 0.45546125507, 2.9078943722
0.45546125507, 0.375795545521, 0.474036187206, 0.0690201067752, 0.956631239405, 0.842040678773, 0.81355029542, 0.547782863392, 0.686787232143, 0.143673287749, 0.713238180364, 0.859383245872, 0.744762589722, 0.291533264856, 0.0333482986302, 0.935231168238, 0.0187587910365, 0.272837417703, 0.00880832125471, 0.252054377766, 0.332296262964, 0.0113980650882, 0.787386400336, 0.214812586814, 0.187154546876, 0.956859116383, 0.115276090814, 0.00254370510982, 0.221728345764, 0.509939585046, 0.45546125507, 2.9078943722
0.0356991273885, 0.532581645425, 0.526492177026, 0.374703302258, 0.970545992185, 0.484920830349, 0.202492199963, 0.00414189117717, 0.12738686536, 0.723668169357, 0.436967080467, 0.32028213692, 0.315100258021, 0.244329977809, 0.691603469037, 0.269099000593, 0.801968822917, 0.0507565706039, 0.999204074773, 0.402675919263, 0.697458839662, 0.143608112936, 0.140068914401, 0.966040180564, 0.00573433685389, 0.146247580005, 0.225485723033, 0.0137465986009, 0.372293234531, 0.962610710302, 0.0356991273885, 4.32650513627
0.0356991273885, 0.532581645425, 0.526492177026, 0.374703302258, 0.970545992185, 0.484920830349, 0.202492199963, 0.00414189117717, 0.12738686536, 0.723668169357, 0.436967080467, 0.32028213692, 0.315100258021, 0.244329977809, 0.691603469037, 0.269099000593, 0.801968822917, 0.0507565706039, 0.999204074773, 0.402675919263, 0.697458839662, 0.143608112936, 0.140068914401, 0.966040180564, 0.00573433685389, 0.146247580005, 0.225485723033, 0.0137465986009, 0.372293234531, 0.962610710302, 0.0356991273885, 4.32650513627
0.858781743589, 0.482794877488, 0.853448116357, 0.319192304792, 0.388815514688, 0.410565696036, 0.131170166679, 0.00248206277438, 0.604637149621, 0.24196776657, 0.697881995505, 0.058576698493, 0.322632149438, 0.807484241196, 0.393182602765, 0.0601866915545, 0.144291603335, 0.351571851795, 0.734746027204, 0.158153998453, 0.673902030341, 0.36438003584, 0.434882469632, 0.511866263716, 0.418052081613, 0.179538296606, 0.747107778102, 0.455383758089, 0.284738512234, 0.753896385945, 0.858781743589, 1.88058635415
0.858781743589, 0.482794877488, 0.853448116357, 0.319192304792, 0.388815514688, 0.410565696036, 0.131170166679, 0.00248206277438, 0.604637149621, 0.24196776657, 0.697881995505, 0.058576698493, 0.322632149438, 0.807484241196, 0.393182602765, 0.0601866915545, 0.144291603335, 0.351571851795, 0.734746027204, 0.158153998453, 0.673902030341, 0.36438003584, 0.434882469632, 0.511866263716, 0.418052081613, 0.179538296606, 0.747107778102, 0.455383758089, 0.284738512234, 0.753896385945, 0.858781743589, 1.88058635415
0.0356991273885, 0.532581645425, 0.442476325768, 0.374703302258, 0.895493333996, 0.484920830349, 0.202492199963, 0.00414189117717, 0.391109758486, 0.723668169357, 0.436967080467, 0.32028213692, 0.396365407107, 0.244329977809, 0.324852159313, 0.16137882669, 0.964961854315, 0.0507565706039, 0.999204074773, 0.402675919263, 0.718618541711, 0.296304286958, 0.311880403383, 0.966040180564, 0.00573433685389, 0.146247580005, 0.891287806659, 0.0137465986009, 0.372293234531, 0.974243812531, 0.0356991273885, 4.59317708205
0.0356991273885, 0.532581645425, 0.442476325768, 0.374703302258, 0.895493333996, 0.484920830349, 0.202492199963, 0.00414189117717, 0.391109758486, 0.723668169357, 0.436967080467, 0.32028213692, 0.396365407107, 0.244329977809, 0.324852159313, 0.16137882669, 0.964961854315, 0.0507565706039, 0.999204074773, 0.402675919263, 0.718618541711, 0.296304286958, 0.311880403383, 0.966040180564, 0.00573433685389, 0.146247580005, 0.891287806659, 0.0137465986009, 0.372293234531, 0.974243812531, 0.0356991273885, 4.59317708205
0.858781743589, 0.482794877488, 0.853448116357, 0.271891366373, 0.388815514688, 0.410565696036, 0.131170166679, 0.00248206277438, 0.604637149621, 0.24196776657, 0.697881995505, 0.058576698493, 0.322632149438, 0.807484241196, 0.393182602765, 0.0601866915545, 0.144291603335, 0.482971268436, 0.734746027204, 0.158153998453, 0.526100076764, 0.368218061482, 0.860058661436, 0.511866263716, 0.418052081613, 0.179538296606, 0.747107778102, 0.455383758089, 0.284738512234, 0.597842193798, 0.858781743589, 1.93172529428
0.858781743589, 0.482794877488, 0.853448116357, 0.271891366373, 0.388815514688, 0.410565696036, 0.131170166679, 0.00248206277438, 0.604637149621, 0.24196776657, 0.697881995505, 0.058576698493, 0.322632149438, 0.807484241196, 0.393182602765, 0.0601866915545, 0.144291603335, 0.482971268436, 0.734746027204, 0.158153998453, 0.526100076764, 0.368218061482, 0.860058661436, 0.511866263716, 0.418052081613, 0.179538296606, 0.747107778102, 0.455383758089, 0.284738512234, 0.597842193798, 0.858781743589, 1.93172529428
0.832180839956, 0.41953814258, 0.442848419781, 0.15137939697, 0.331313345389, 0.781083145648, 0.361935634474, 0.982088471559, 0.416052068998, 0.59648716557, 0.145732123724, 0.632784726796, 0.128315288823, 0.0685538459307, 0.405969819065, 0.870503339944, 0.255822807908, 0.937746334547, 0.237813650916, 0.461598575907, 0.853278173643, 0.908133302552, 0.227469277036, 0.188157087395, 0.855816869936, 0.838620727384, 0.296041477673, 0.508317623125, 0.19156989485, 0.656756721924, 0.832180839956, 2.56849445683
0.298083249798, 0.00105536704265, 0.132510717554, 0.742936439165, 0.409206790558, 0.150792838903, 0.740073904354, 0.140511949206, 0.113648895612, 0.193107516842, 0.150515687429, 0.255606226789, 0.876518240123, 0.0741625265687, 0.10920044864, 0.897776966968, 0.868589010923, 0.771009720264, 0.590647681815, 0.250299455356, 0.440985008696, 0.672881937276, 0.973104013174, 0.114001843138, 0.118858862612, 0.0959751705657, 0.114902313735, 0.253289504731, 0.426776045798, 0.435076728481, 0.298083249798, 3.27962173432
0.617622799634, 0.177645930219, 0.997438188557, 0.359884940588, 0.420220744378, 0.464313505516, 0.817591234683, 0.241146166708, 0.275704187767, 0.757178249145, 0.0638404065495, 0.242421655836, 0.186214337987, 0.447547053022, 0.837060327915, 0.715709274054, 0.455366984183, 0.0719420078723, 0.0735334880531, 0.902942362898, 0.589476196495, 0.163771549904, 0.658940013386, 0.381500604548, 0.482025787775, 0.543016084915, 0.668374821311, 0.420973190643, 0.00992404607729, 0.115933355089, 0.617622799634, 2.82923407199
0.617622799634, 0.177645930219, 0.997438188557, 0.359884940588, 0.420220744378, 0.464313505516, 0.817591234683, 0.241146166708, 0.275704187767, 0.757178249145, 0.0638404065495, 0.242421655836, 0.186214337987, 0.447547053022, 0.837060327915, 0.715709274054, 0.455366984183, 0.0719420078723, 0.0735334880531, 0.902942362898, 0.589476196495, 0.163771549904, 0.658940013386, 0.381500604548, 0.482025787775, 0.543016084915, 0.668374821311, 0.420973190643, 0.00992404607729, 0.115933355089, 0.617622799634, 2.82923407199
0.45546125507, 0.375795545521, 0.333602079984, 0.487940248148, 0.0259966736223, 0.989018970113, 0.718952290345, 0.488352685018, 0.686787232143, 0.287297918483, 0.547661299197, 0.859383245872, 0.744762589722, 0.291533264856, 0.0333482986302, 0.932917546667, 0.0187587910365, 0.967760187365, 0.00880832125471, 0.267662534094, 0.194353810132, 0.0113980650882, 0.846021197488, 0.510882075748, 0.187154546876, 0.956859116383, 0.115276090814, 0.0270714715804, 0.0680414260169, 0.509939585046, 0.45546125507, 2.93803393202
0.184765777562, 0.957718478091, 0.0868199194839, 0.117145245242, 0.188976772259, 0.446227282016, 0.722044522133, 0.251530389017, 0.625045733404, 0.69175592592, 0.327410012039, 0.332802529377, 0.163270998036, 0.370461635916, 0.0232733845746, 0.0104136970916, 0.260694476546, 0.953110498047, 0.0347946893765, 0.701792299108, 0.659735551641, 0.056262721157, 0.710203651678, 0.432074400038, 0.411059050103, 0.679401086148, 0.254215241595, 0.77620560739, 0.528105788425, 0.483526205426, 0.184765777562, 3.94660645565
0.285515447665, 0.0350556026784, 0.83432838624, 0.0181303759852, 0.877166135598, 0.142079391821, 0.18727176363, 0.201778260325, 0.66002283858, 0.0893787836158, 0.142221891446, 0.967398444492, 0.949963918819, 0.190791333751, 0.262764250499, 0.607348609071, 0.866631522052, 0.996610988582, 0.535097544258, 0.484265471825, 0.756666276289, 0.649128700144, 0.749432054253, 0.611510395315, 0.108739345507, 0.988428799079, 0.262230928789, 0.219377979452, 0.0819705767108, 0.0125211448348, 0.285515447665, 3.84370630181
0.414381380509, 0.55677912634, 0.339949821551, 0.219429902967, 0.00405057195893, 0.22671275616, 0.640540161225, 0.0996273917801, 0.304700839158, 0.552949415565, 0.794660285279, 0.484419817951, 0.392781362433, 0.94108396093, 0.214500722072, 0.188947451048, 0.0253883564369, 0.30519527653, 0.852939087872, 0.940409059132, 0.586649614587, 0.603417325697, 0.784238378943, 0.994806775316, 0.0641928591946, 0.147890964664, 0.341255969436, 0.815321429783, 0.0370645572525, 0.00489270247014, 0.414381380509, 3.26712952186
0.835825108859, 0.593057715572, 0.0908141281709, 0.817400944027, 0.222018054346, 0.529691898265, 0.616299615098, 0.604981630437, 0.806843901098, 0.0710371365087, 0.153250493999, 0.360980123124, 0.37574551879, 0.55909485815, 0.0111195678665, 0.855629126336, 0.654174139618, 0.227035626853, 0.43848139778, 0.258698407671, 0.116949938139, 0.0597014471694, 0.999971030787, 0.427125838395, 0.259807921757, 0.330957278785, 0.498042364165, 0.611787780553, 0.426856631684, 0.877471833649, 0.835825108859, 2.1930390155
0.133508239222, 0.760809674994, 0.143710235962, 0.918291194027, 0.882609682039, 0.475939936461, 0.131040131667, 0.0188963820745, 0.0468426086884, 0.159106716327, 0.635188239462, 0.45093556419, 0.485001202911, 0.279805941449, 0.937555012779, 0.160931492291, 0.510020977393, 0.525930727949, 0.848507250276, 0.72179754545, 0.300555492582, 0.334234710836, 0.190642289291, 0.804423232775, 0.218090640242, 0.767350391194, 0.103599874699, 0.0923711784221, 0.965926286693, 0.203815300311, 0.133508239222, 4.35170262847
0.123772850689, 0.0462959768883, 0.290562127805, 0.0332675922423, 0.01557161629, 0.529851696295, 0.701200621711, 0.166553662304, 0.972458363874, 0.904394900534, 0.997100433025, 0.587698916312, 0.728001304529, 0.626459324385, 0.616556747958, 0.818128986173, 0.415647922858, 0.086937640713, 0.398118305262, 0.426820270885, 0.48213450288, 0.72938482105, 0.0694377647025, 0.189299718101, 0.155821117629, 0.112287082524, 0.426963524946, 0.83176891713, 0.861819502507, 0.652605593551, 0.123772850689, 4.57918939478
0.268703747602, 0.334439085471, 0.764383829129, 0.325025584912, 0.00781585603233, 0.0448010667295, 0.348315652294, 0.174780169554, 0.0713141992733, 0.454654511977, 0.919697591377, 0.783628798797, 0.637679076732, 0.898944992238, 0.853654732802, 0.0133681734091, 0.982646279873, 0.875469104165, 0.545606798018, 0.9908015471, 0.365646080399, 0.392892002542, 0.392956031848, 0.897292082411, 0.234886571884, 0.0288545989114, 0.485677536982, 0.215020974104, 0.0864796283236, 0.828775647669, 0.268703747602, 3.9105278073
